9606.ENSP00000305976 9606.ENSP00000481824 0 0 0 0 0 0 166 166 
9606.ENSP00000305976 9606.ENSP00000365261 0 0 0 0 0 0 167 167 
9606.ENSP00000305976 9606.ENSP00000377036 0 0 0 0 0 0 195 195 
9606.ENSP00000305976 9606.ENSP00000393876 0 0 0 0 0 0 161 161 
9606.ENSP00000305976 9606.ENSP00000281708 0 0 0 0 0 0 311 311 
9606.ENSP00000305976 9606.ENSP00000265094 0 0 0 79 186 0 97 264 
9606.ENSP00000305976 9606.ENSP00000383431 0 0 0 0 0 0 228 228 
9606.ENSP00000305976 9606.ENSP00000393978 0 0 0 0 0 0 179 179 
9606.ENSP00000305976 9606.ENSP00000318486 0 0 0 0 263 0 186 374 
9606.ENSP00000305976 9606.ENSP00000360493 0 0 0 0 0 0 210 210 
9606.ENSP00000305976 9606.ENSP00000377532 0 0 0 0 0 0 167 167 
9606.ENSP00000305976 9606.ENSP00000378699 0 0 0 61 65 0 117 157 
9606.ENSP00000305976 9606.ENSP00000314508 0 0 0 0 0 0 313 313 
9606.ENSP00000305976 9606.ENSP00000371267 0 0 0 61 409 0 64 435 
9606.ENSP00000305976 9606.ENSP00000256442 0 0 0 56 57 0 178 204 
9606.ENSP00000305976 9606.ENSP00000310649 0 0 0 62 0 0 204 221 
9606.ENSP00000305976 9606.ENSP00000388402 0 0 0 61 0 0 366 379 
9606.ENSP00000305976 9606.ENSP00000302770 0 0 0 0 0 0 392 392 
9606.ENSP00000305976 9606.ENSP00000244289 0 0 0 61 0 0 152 170 
9606.ENSP00000305976 9606.ENSP00000290551 0 0 0 111 0 0 98 164 
9606.ENSP00000305976 9606.ENSP00000366488 0 0 0 62 59 800 50 809 
9606.ENSP00000305976 9606.ENSP00000328875 0 0 0 61 133 0 0 151 
9606.ENSP00000305976 9606.ENSP00000379804 0 0 0 0 0 0 186 186 
9606.ENSP00000305976 9606.ENSP00000267064 0 0 0 64 0 0 165 185 
9606.ENSP00000305976 9606.ENSP00000344331 0 0 0 0 0 0 459 459 
9606.ENSP00000305976 9606.ENSP00000377862 0 0 0 0 99 0 117 170 
9606.ENSP00000305976 9606.ENSP00000340820 0 0 0 0 103 0 96 154 
9606.ENSP00000305976 9606.ENSP00000307272 0 0 0 0 0 0 169 169 
9606.ENSP00000305976 9606.ENSP00000367828 0 0 0 0 0 0 225 225 
9606.ENSP00000305976 9606.ENSP00000424757 0 0 0 61 0 0 138 156 
9606.ENSP00000305976 9606.ENSP00000373657 0 0 0 0 0 0 328 328 
9606.ENSP00000305976 9606.ENSP00000433146 0 0 0 51 84 0 169 214 
9606.ENSP00000305976 9606.ENSP00000277895 0 0 0 0 0 0 302 302 
9606.ENSP00000305976 9606.ENSP00000378207 0 0 0 0 0 0 300 300 
9606.ENSP00000305976 9606.ENSP00000265354 0 0 0 0 0 0 189 189 
9606.ENSP00000305976 9606.ENSP00000225983 0 0 0 56 371 0 318 560 
9606.ENSP00000305976 9606.ENSP00000298048 0 0 0 62 87 0 203 258 
9606.ENSP00000305976 9606.ENSP00000335544 0 0 0 0 0 0 216 216 
9606.ENSP00000305976 9606.ENSP00000365016 0 0 0 56 0 0 202 214 
9606.ENSP00000305976 9606.ENSP00000359990 0 0 0 0 52 0 268 276 
9606.ENSP00000305976 9606.ENSP00000304592 0 0 0 0 0 0 162 162 
9606.ENSP00000305976 9606.ENSP00000345001 0 0 0 59 186 0 698 748 
9606.ENSP00000305976 9606.ENSP00000258418 0 0 0 0 0 900 386 936 
9606.ENSP00000305976 9606.ENSP00000397908 0 0 0 62 0 0 146 164 
9606.ENSP00000305976 9606.ENSP00000314806 0 0 0 0 0 0 159 159 
9606.ENSP00000305976 9606.ENSP00000450864 0 0 0 62 0 0 147 166 
9606.ENSP00000305976 9606.ENSP00000312277 0 0 0 0 0 0 167 167 
9606.ENSP00000305976 9606.ENSP00000385570 0 0 0 0 0 0 220 220 
9606.ENSP00000305976 9606.ENSP00000295600 0 0 0 0 0 0 183 183 
9606.ENSP00000305976 9606.ENSP00000364449 0 0 0 0 0 0 203 203 
9606.ENSP00000305976 9606.ENSP00000291416 0 0 0 61 0 0 159 177 
9606.ENSP00000305976 9606.ENSP00000264335 0 0 0 61 400 0 77 434 
9606.ENSP00000305976 9606.ENSP00000261681 0 0 0 61 80 0 104 158 
9606.ENSP00000305976 9606.ENSP00000335083 0 0 0 0 348 0 494 656 
9606.ENSP00000305976 9606.ENSP00000377536 0 0 0 0 0 0 347 347 
9606.ENSP00000305976 9606.ENSP00000264255 0 0 0 0 0 0 212 212 
9606.ENSP00000305976 9606.ENSP00000387699 0 0 0 51 0 0 540 545 
9606.ENSP00000305976 9606.ENSP00000261537 0 0 0 0 161 0 56 174 
9606.ENSP00000305976 9606.ENSP00000300146 0 0 0 61 0 0 198 214 
9606.ENSP00000305976 9606.ENSP00000314499 0 0 0 64 0 0 160 180 
9606.ENSP00000305976 9606.ENSP00000037243 0 0 0 63 232 0 102 297 
9606.ENSP00000305976 9606.ENSP00000302665 0 0 0 0 0 0 230 230 
9606.ENSP00000305976 9606.ENSP00000342974 0 0 0 0 0 0 243 243 
9606.ENSP00000305976 9606.ENSP00000426103 0 0 0 0 161 0 56 174 
9606.ENSP00000305976 9606.ENSP00000379287 0 0 0 61 400 0 64 426 
9606.ENSP00000305976 9606.ENSP00000320935 0 0 0 60 0 0 507 517 
9606.ENSP00000305976 9606.ENSP00000369126 0 0 0 61 0 0 203 220 
9606.ENSP00000305976 9606.ENSP00000254101 0 0 0 0 0 0 166 166 
9606.ENSP00000305976 9606.ENSP00000353132 0 0 0 61 0 0 136 154 
9606.ENSP00000305976 9606.ENSP00000451263 0 0 0 0 66 0 155 177 
9606.ENSP00000305976 9606.ENSP00000394794 0 0 0 0 0 0 192 192 
9606.ENSP00000305976 9606.ENSP00000354498 0 0 0 0 0 0 152 152 
9606.ENSP00000305976 9606.ENSP00000345492 0 0 0 0 0 0 195 195 
9606.ENSP00000305976 9606.ENSP00000411397 0 0 0 0 0 0 174 174 
9606.ENSP00000305976 9606.ENSP00000381364 0 0 0 0 0 0 250 250 
9606.ENSP00000305976 9606.ENSP00000360425 0 0 0 0 0 0 529 529 
9606.ENSP00000305976 9606.ENSP00000398861 0 0 0 0 0 0 327 327 
9606.ENSP00000305976 9606.ENSP00000346127 0 0 0 0 0 0 282 282 
9606.ENSP00000305976 9606.ENSP00000446054 0 0 0 0 0 0 169 169 
9606.ENSP00000305976 9606.ENSP00000295888 0 0 0 63 0 0 163 182 
9606.ENSP00000305976 9606.ENSP00000356094 0 0 0 0 0 0 242 242 
9606.ENSP00000305976 9606.ENSP00000480556 0 0 0 0 0 0 286 286 
9606.ENSP00000305976 9606.ENSP00000354775 0 0 0 61 0 0 228 244 
9606.ENSP00000305976 9606.ENSP00000362824 0 0 0 0 0 0 400 400 
9606.ENSP00000305976 9606.ENSP00000380432 0 0 0 0 0 0 330 330 
9606.ENSP00000305976 9606.ENSP00000367154 0 0 0 0 52 0 217 225 
9606.ENSP00000305976 9606.ENSP00000367668 0 0 0 0 0 0 212 212 
9606.ENSP00000305976 9606.ENSP00000358120 0 0 0 0 0 0 181 181 
9606.ENSP00000305976 9606.ENSP00000453872 0 0 0 61 0 0 173 190 
9606.ENSP00000305976 9606.ENSP00000350719 0 0 0 0 0 0 206 206 
9606.ENSP00000305976 9606.ENSP00000230053 0 0 0 49 0 0 201 207 
9606.ENSP00000305976 9606.ENSP00000427772 0 0 0 0 61 0 255 270 
9606.ENSP00000305976 9606.ENSP00000324729 0 0 0 0 134 0 158 240 
9606.ENSP00000305976 9606.ENSP00000300131 0 0 0 0 0 0 154 154 
9606.ENSP00000305976 9606.ENSP00000384092 0 0 0 0 0 0 209 209 
9606.ENSP00000305976 9606.ENSP00000380661 0 0 0 0 379 0 46 382 
9606.ENSP00000305976 9606.ENSP00000386389 0 0 0 63 0 0 458 470 
9606.ENSP00000305976 9606.ENSP00000302961 0 0 0 0 294 0 58 306 
9606.ENSP00000305976 9606.ENSP00000306330 0 0 0 61 185 0 64 221 
9606.ENSP00000305976 9606.ENSP00000268712 0 0 0 71 0 0 162 188 
9606.ENSP00000305976 9606.ENSP00000262367 0 0 0 62 0 0 201 219 
9606.ENSP00000305976 9606.ENSP00000366863 0 0 0 62 0 0 151 170 
9606.ENSP00000305976 9606.ENSP00000296088 0 0 0 0 0 0 199 199 
9606.ENSP00000305976 9606.ENSP00000254480 0 0 0 64 0 0 165 185 
9606.ENSP00000305976 9606.ENSP00000482437 0 0 0 0 0 0 234 234 
9606.ENSP00000305976 9606.ENSP00000348069 0 0 0 61 0 0 160 177 
9606.ENSP00000305976 9606.ENSP00000433757 0 0 0 46 0 0 151 155 
9606.ENSP00000305976 9606.ENSP00000403902 0 0 0 61 0 0 238 254 
9606.ENSP00000305976 9606.ENSP00000383558 0 0 0 0 0 0 184 184 
9606.ENSP00000305976 9606.ENSP00000380958 0 0 0 0 0 0 156 156 
9606.ENSP00000305976 9606.ENSP00000360200 0 0 0 62 85 0 138 195 
9606.ENSP00000305976 9606.ENSP00000386921 0 0 0 62 0 0 210 227 
9606.ENSP00000305976 9606.ENSP00000320866 0 0 0 0 0 0 290 290 
9606.ENSP00000305976 9606.ENSP00000378306 0 0 0 48 50 0 369 379 
9606.ENSP00000305976 9606.ENSP00000434552 0 0 0 61 0 0 260 275 
9606.ENSP00000305976 9606.ENSP00000324422 0 0 0 0 0 0 190 190 
9606.ENSP00000305976 9606.ENSP00000306512 0 0 0 0 0 0 234 234 
9606.ENSP00000305976 9606.ENSP00000483018 0 0 0 0 0 0 209 209 
9606.ENSP00000305976 9606.ENSP00000309794 0 0 0 62 0 0 306 321 
9606.ENSP00000305976 9606.ENSP00000334061 0 0 0 56 125 0 174 258 
9606.ENSP00000305976 9606.ENSP00000310094 0 0 0 61 124 0 201 285 
9606.ENSP00000305976 9606.ENSP00000478645 0 0 0 0 0 0 220 220 
9606.ENSP00000305976 9606.ENSP00000363435 0 0 0 62 0 0 159 178 
9606.ENSP00000305976 9606.ENSP00000272317 0 0 0 0 156 0 0 156 
9606.ENSP00000305976 9606.ENSP00000358770 0 0 0 0 0 0 188 188 
9606.ENSP00000305976 9606.ENSP00000352463 0 0 0 60 0 0 276 290 
9606.ENSP00000305976 9606.ENSP00000257904 0 0 0 61 65 0 141 180 
9606.ENSP00000305976 9606.ENSP00000363516 0 0 0 0 0 0 528 528 
9606.ENSP00000305976 9606.ENSP00000319814 0 0 0 0 0 0 220 220 
9606.ENSP00000305976 9606.ENSP00000265748 0 0 0 0 0 0 166 166 
9606.ENSP00000305976 9606.ENSP00000392105 0 0 0 0 87 0 176 215 
9606.ENSP00000305976 9606.ENSP00000361930 0 0 0 61 185 0 64 221 
9606.ENSP00000305976 9606.ENSP00000343223 0 0 0 0 0 0 540 540 
9606.ENSP00000305976 9606.ENSP00000370588 0 0 0 0 0 0 158 158 
9606.ENSP00000305976 9606.ENSP00000389377 0 0 0 0 0 0 293 293 
9606.ENSP00000305976 9606.ENSP00000264867 0 0 0 0 0 0 254 254 
9606.ENSP00000305976 9606.ENSP00000359333 0 0 0 0 0 0 302 302 
9606.ENSP00000305976 9606.ENSP00000217188 0 0 0 0 66 0 171 193 
9606.ENSP00000305976 9606.ENSP00000421689 0 0 0 61 226 0 50 249 
9606.ENSP00000305976 9606.ENSP00000378624 0 0 0 0 61 0 174 192 
9606.ENSP00000305976 9606.ENSP00000216271 0 0 0 56 125 0 58 153 
9606.ENSP00000305976 9606.ENSP00000270112 0 0 0 62 87 0 181 238 
9606.ENSP00000305976 9606.ENSP00000368759 0 0 0 0 0 0 292 292 
9606.ENSP00000305976 9606.ENSP00000385824 0 0 0 61 0 0 170 187 
9606.ENSP00000305976 9606.ENSP00000428968 0 0 0 0 0 0 161 161 
9606.ENSP00000305976 9606.ENSP00000484135 0 0 0 0 0 0 250 250 
9606.ENSP00000305976 9606.ENSP00000379330 0 0 0 0 0 0 295 295 
9606.ENSP00000305976 9606.ENSP00000455426 0 0 0 0 0 0 188 188 
9606.ENSP00000305976 9606.ENSP00000072869 0 0 0 61 0 0 166 183 
9606.ENSP00000305976 9606.ENSP00000328336 0 0 0 0 0 0 307 307 
9606.ENSP00000305976 9606.ENSP00000417518 0 0 0 61 0 0 146 164 
9606.ENSP00000305976 9606.ENSP00000378193 0 0 0 0 0 0 276 276 
9606.ENSP00000305976 9606.ENSP00000280325 0 0 0 0 0 0 175 175 
9606.ENSP00000305976 9606.ENSP00000387122 0 0 0 64 0 0 238 256 
9606.ENSP00000305976 9606.ENSP00000216780 0 0 0 0 0 0 254 254 
9606.ENSP00000305976 9606.ENSP00000376943 0 0 0 0 0 0 197 197 
9606.ENSP00000305976 9606.ENSP00000437550 0 0 0 81 147 0 119 249 
9606.ENSP00000305976 9606.ENSP00000369981 0 0 0 49 0 0 194 201 
9606.ENSP00000305976 9606.ENSP00000372035 0 0 0 62 147 0 122 236 
9606.ENSP00000305976 9606.ENSP00000260283 0 0 0 0 0 0 268 268 
9606.ENSP00000305976 9606.ENSP00000276052 0 0 0 61 65 0 175 213 
9606.ENSP00000305976 9606.ENSP00000418447 0 0 0 0 354 0 102 395 
9606.ENSP00000305976 9606.ENSP00000359206 0 0 0 63 133 0 97 202 
9606.ENSP00000305976 9606.ENSP00000313681 0 0 0 0 0 0 180 180 
9606.ENSP00000305976 9606.ENSP00000372857 0 0 0 61 0 0 185 202 
9606.ENSP00000305976 9606.ENSP00000387757 0 0 0 0 0 0 204 204 
9606.ENSP00000305976 9606.ENSP00000226284 0 0 0 0 0 0 246 246 
9606.ENSP00000305976 9606.ENSP00000304895 0 0 0 0 379 0 856 906 
9606.ENSP00000305976 9606.ENSP00000307143 0 0 0 0 0 0 159 159 
9606.ENSP00000305976 9606.ENSP00000483228 0 0 0 62 0 0 150 169 
9606.ENSP00000305976 9606.ENSP00000351475 0 0 0 62 138 0 96 205 
9606.ENSP00000305976 9606.ENSP00000261402 0 0 0 0 0 0 225 225 
9606.ENSP00000305976 9606.ENSP00000324856 0 0 0 62 87 900 228 925 
9606.ENSP00000305976 9606.ENSP00000478212 0 0 0 49 0 0 462 466 
9606.ENSP00000305976 9606.ENSP00000349003 0 0 0 0 0 0 180 180 
9606.ENSP00000305976 9606.ENSP00000361892 0 0 0 63 93 0 88 157 
9606.ENSP00000305976 9606.ENSP00000426022 0 0 0 0 0 0 150 150 
9606.ENSP00000305976 9606.ENSP00000340874 0 0 0 60 0 0 175 191 
9606.ENSP00000305976 9606.ENSP00000402935 0 0 0 62 0 0 197 214 
9606.ENSP00000305976 9606.ENSP00000354558 0 0 0 61 0 0 186 202 
9606.ENSP00000305976 9606.ENSP00000359719 0 0 0 62 59 800 53 810 
9606.ENSP00000305976 9606.ENSP00000348300 0 0 0 63 0 0 225 242 
9606.ENSP00000305976 9606.ENSP00000411250 0 0 0 63 111 0 84 170 
9606.ENSP00000305976 9606.ENSP00000370527 0 0 0 0 0 0 369 369 
9606.ENSP00000305976 9606.ENSP00000355510 0 0 0 64 133 0 49 160 
9606.ENSP00000305976 9606.ENSP00000263593 0 0 0 0 0 0 230 230 
9606.ENSP00000305976 9606.ENSP00000377262 0 0 0 0 0 0 171 171 
9606.ENSP00000305976 9606.ENSP00000248975 0 0 0 61 185 0 64 221 
9606.ENSP00000305976 9606.ENSP00000300873 0 0 0 0 0 0 174 174 
9606.ENSP00000305976 9606.ENSP00000080059 0 0 0 56 133 0 337 410 
9606.ENSP00000305976 9606.ENSP00000306614 0 0 0 0 0 0 171 171 
9606.ENSP00000305976 9606.ENSP00000411099 0 0 0 50 51 0 147 164 
9606.ENSP00000305976 9606.ENSP00000194530 0 0 0 61 0 900 0 902 
9606.ENSP00000305976 9606.ENSP00000263253 0 0 0 62 0 0 248 265 
9606.ENSP00000305976 9606.ENSP00000364935 0 0 0 0 0 0 159 159 
9606.ENSP00000305976 9606.ENSP00000378323 0 0 0 48 50 0 389 399 
9606.ENSP00000305976 9606.ENSP00000344458 0 0 0 0 183 0 0 183 
9606.ENSP00000305976 9606.ENSP00000334836 0 0 0 62 0 0 182 200 
9606.ENSP00000305976 9606.ENSP00000333519 0 0 0 0 0 0 152 152 
9606.ENSP00000305976 9606.ENSP00000361540 0 0 0 61 0 0 370 383 
9606.ENSP00000305976 9606.ENSP00000251127 0 0 0 0 0 0 223 223 
9606.ENSP00000305976 9606.ENSP00000312700 0 0 0 0 0 0 258 258 
9606.ENSP00000305976 9606.ENSP00000412324 0 0 0 0 50 0 164 172 
9606.ENSP00000305976 9606.ENSP00000359532 0 0 0 0 0 0 173 173 
9606.ENSP00000305976 9606.ENSP00000387662 0 0 0 0 0 0 368 368 
9606.ENSP00000305976 9606.ENSP00000376317 0 0 0 61 124 0 80 177 
9606.ENSP00000305976 9606.ENSP00000356125 0 0 0 0 0 0 219 219 
9606.ENSP00000305976 9606.ENSP00000335320 0 0 0 0 0 0 160 160 
9606.ENSP00000305976 9606.ENSP00000318684 0 0 0 0 0 0 308 308 
9606.ENSP00000305976 9606.ENSP00000400101 0 0 0 0 101 0 203 252 
9606.ENSP00000305976 9606.ENSP00000261439 0 0 0 62 0 0 162 180 
9606.ENSP00000305976 9606.ENSP00000368880 0 0 0 52 0 0 299 307 
9606.ENSP00000305976 9606.ENSP00000428259 0 0 0 0 379 0 0 379 
9606.ENSP00000305976 9606.ENSP00000478927 0 0 0 0 72 0 256 280 
9606.ENSP00000305976 9606.ENSP00000483300 0 0 0 0 379 0 101 418 
9606.ENSP00000305976 9606.ENSP00000451828 0 0 0 0 157 0 139 243 
9606.ENSP00000305976 9606.ENSP00000315465 0 0 0 64 0 0 178 198 
9606.ENSP00000305976 9606.ENSP00000389814 0 0 0 0 0 0 159 159 
9606.ENSP00000305976 9606.ENSP00000482396 0 0 0 0 0 0 235 235 
9606.ENSP00000305976 9606.ENSP00000324804 0 0 0 62 348 0 80 388 
9606.ENSP00000305976 9606.ENSP00000306253 0 0 0 62 0 0 156 175 
9606.ENSP00000305976 9606.ENSP00000353375 0 0 0 53 103 0 161 225 
9606.ENSP00000305976 9606.ENSP00000368766 0 0 0 0 0 0 204 204 
9606.ENSP00000305976 9606.ENSP00000400921 0 0 0 0 0 0 161 161 
9606.ENSP00000305976 9606.ENSP00000205214 0 0 0 61 0 0 166 183 
9606.ENSP00000305976 9606.ENSP00000381461 0 0 0 62 0 0 143 161 
9606.ENSP00000305976 9606.ENSP00000346148 0 0 0 62 171 0 90 231 
9606.ENSP00000305976 9606.ENSP00000340989 0 0 0 61 185 0 64 221 
9606.ENSP00000305976 9606.ENSP00000217456 0 0 0 62 0 0 273 289 
9606.ENSP00000305976 9606.ENSP00000427514 0 0 0 0 0 0 282 282 
9606.ENSP00000305976 9606.ENSP00000356919 0 0 0 0 0 0 384 384 
9606.ENSP00000305976 9606.ENSP00000219476 0 0 0 0 0 0 228 228 
9606.ENSP00000305976 9606.ENSP00000404782 0 0 0 0 0 0 287 287 
9606.ENSP00000305976 9606.ENSP00000394352 0 0 0 0 0 0 392 392 
9606.ENSP00000305976 9606.ENSP00000389168 0 0 0 0 63 0 359 374 
9606.ENSP00000305976 9606.ENSP00000375892 0 0 0 0 157 0 203 299 
9606.ENSP00000305976 9606.ENSP00000483453 0 0 0 64 0 0 171 191 
9606.ENSP00000305976 9606.ENSP00000280346 0 0 0 0 0 0 160 160 
9606.ENSP00000305976 9606.ENSP00000328998 0 0 0 61 133 0 0 151 
9606.ENSP00000305976 9606.ENSP00000368881 0 0 0 0 0 0 163 163 
9606.ENSP00000305976 9606.ENSP00000363973 0 0 0 0 0 0 231 231 
9606.ENSP00000305976 9606.ENSP00000351777 0 0 0 0 348 0 445 623 
9606.ENSP00000305976 9606.ENSP00000312741 0 0 0 61 0 0 171 188 
9606.ENSP00000305976 9606.ENSP00000425394 0 0 0 0 0 0 201 201 
9606.ENSP00000305976 9606.ENSP00000408617 0 0 0 56 133 0 292 369 
9606.ENSP00000305976 9606.ENSP00000344666 0 0 0 0 185 0 80 218 
9606.ENSP00000305976 9606.ENSP00000327197 0 0 0 0 0 0 173 173 
9606.ENSP00000305976 9606.ENSP00000354952 0 0 0 0 0 0 459 459 
9606.ENSP00000305976 9606.ENSP00000440864 0 0 0 0 0 0 158 158 
9606.ENSP00000305976 9606.ENSP00000385751 0 0 0 0 0 0 179 179 
9606.ENSP00000305976 9606.ENSP00000412461 0 0 0 63 0 0 141 161 
9606.ENSP00000305976 9606.ENSP00000356251 0 0 0 0 0 0 244 244 
9606.ENSP00000305976 9606.ENSP00000263642 0 0 0 63 0 0 131 150 
9606.ENSP00000305976 9606.ENSP00000462521 0 0 0 0 0 0 238 238 
9606.ENSP00000305976 9606.ENSP00000364145 0 0 0 0 0 0 187 187 
9606.ENSP00000305976 9606.ENSP00000264606 0 0 0 56 133 0 371 440 
9606.ENSP00000305976 9606.ENSP00000376767 0 0 0 0 0 0 484 484 
9606.ENSP00000305976 9606.ENSP00000212015 0 0 0 0 0 0 252 252 
9606.ENSP00000305976 9606.ENSP00000432768 0 0 0 44 0 0 176 179 
9606.ENSP00000305976 9606.ENSP00000221399 0 0 0 0 177 0 0 177 
9606.ENSP00000305976 9606.ENSP00000336655 0 0 0 61 0 900 206 918 
9606.ENSP00000305976 9606.ENSP00000357622 0 0 0 0 393 900 813 987 
9606.ENSP00000305976 9606.ENSP00000253801 0 0 0 0 0 0 394 394 
9606.ENSP00000305976 9606.ENSP00000270162 0 0 0 0 346 0 103 388 
9606.ENSP00000305976 9606.ENSP00000375777 0 0 0 63 0 0 184 202 
9606.ENSP00000305976 9606.ENSP00000236959 0 0 0 0 0 0 388 388 
9606.ENSP00000305976 9606.ENSP00000344071 0 0 0 0 0 0 197 197 
9606.ENSP00000305976 9606.ENSP00000309591 0 0 0 62 59 800 49 809 
9606.ENSP00000305976 9606.ENSP00000311344 0 0 0 64 130 0 183 276 
9606.ENSP00000305976 9606.ENSP00000363654 0 0 0 0 0 0 290 290 
9606.ENSP00000305976 9606.ENSP00000388658 0 0 0 0 0 0 203 203 
9606.ENSP00000305976 9606.ENSP00000253024 0 0 0 61 106 0 102 180 
9606.ENSP00000305976 9606.ENSP00000262891 0 0 0 0 0 0 160 160 
9606.ENSP00000305976 9606.ENSP00000371614 0 0 0 62 0 0 218 236 
9606.ENSP00000305976 9606.ENSP00000385036 0 0 0 0 0 0 501 501 
9606.ENSP00000305976 9606.ENSP00000365619 0 0 0 0 0 0 252 252 
9606.ENSP00000305976 9606.ENSP00000362649 0 0 0 52 80 0 114 160 
9606.ENSP00000305976 9606.ENSP00000378199 0 0 0 0 225 0 0 225 
9606.ENSP00000305976 9606.ENSP00000334002 0 0 0 61 133 0 0 151 
9606.ENSP00000305976 9606.ENSP00000446121 0 0 0 0 0 0 150 150 
9606.ENSP00000305976 9606.ENSP00000325290 0 0 0 0 0 0 161 161 
9606.ENSP00000305976 9606.ENSP00000320886 0 0 0 0 0 0 404 404 
9606.ENSP00000305976 9606.ENSP00000260045 0 0 0 0 0 0 173 173 
9606.ENSP00000305976 9606.ENSP00000387362 0 0 0 62 0 0 176 194 
9606.ENSP00000305976 9606.ENSP00000268184 0 0 0 51 163 0 646 694 
9606.ENSP00000305976 9606.ENSP00000401831 0 0 0 0 0 0 173 173 
9606.ENSP00000305976 9606.ENSP00000370293 0 0 0 0 0 0 250 250 
9606.ENSP00000305976 9606.ENSP00000399588 0 0 0 0 0 0 442 442 
9606.ENSP00000305976 9606.ENSP00000303686 0 0 0 0 0 0 173 173 
9606.ENSP00000305976 9606.ENSP00000291560 0 0 0 0 0 0 204 204 
9606.ENSP00000305976 9606.ENSP00000429744 0 0 0 63 93 0 106 174 
9606.ENSP00000305976 9606.ENSP00000280350 0 0 0 0 0 0 492 492 
9606.ENSP00000305976 9606.ENSP00000263826 0 0 0 0 157 0 64 177 
9606.ENSP00000305976 9606.ENSP00000261716 0 0 0 61 124 0 212 296 
9606.ENSP00000305976 9606.ENSP00000229328 0 0 0 0 0 0 166 166 
9606.ENSP00000305976 9606.ENSP00000338235 0 0 0 0 0 0 338 338 
9606.ENSP00000305976 9606.ENSP00000271636 0 0 0 0 0 0 251 251 
9606.ENSP00000305976 9606.ENSP00000391664 0 0 0 0 0 0 167 167 
9606.ENSP00000305976 9606.ENSP00000312439 0 0 0 0 0 0 305 305 
9606.ENSP00000305976 9606.ENSP00000357255 0 0 0 0 0 0 214 214 
9606.ENSP00000305976 9606.ENSP00000304923 0 0 0 0 52 0 257 265 
9606.ENSP00000305976 9606.ENSP00000483424 0 0 0 0 0 0 155 155 
9606.ENSP00000305976 9606.ENSP00000428056 0 0 0 0 379 0 50 384 
9606.ENSP00000305976 9606.ENSP00000329915 0 0 0 0 0 0 243 243 
9606.ENSP00000305976 9606.ENSP00000345681 0 0 0 0 0 0 297 297 
9606.ENSP00000305976 9606.ENSP00000347767 0 0 0 61 0 0 185 202 
9606.ENSP00000305976 9606.ENSP00000263433 0 0 0 61 63 0 160 196 
9606.ENSP00000305976 9606.ENSP00000483936 0 0 0 0 0 0 167 167 
9606.ENSP00000305976 9606.ENSP00000411152 0 0 0 0 0 0 173 173 
