9606.ENSP00000176763 9606.ENSP00000430497 0 0 0 0 0 0 169 169 
9606.ENSP00000176763 9606.ENSP00000441691 0 0 0 99 0 900 0 906 
9606.ENSP00000176763 9606.ENSP00000381549 0 0 0 0 157 0 48 163 
9606.ENSP00000176763 9606.ENSP00000321005 0 0 0 0 0 0 153 153 
9606.ENSP00000176763 9606.ENSP00000349252 0 0 0 120 0 900 0 908 
9606.ENSP00000176763 9606.ENSP00000361850 0 0 0 0 0 900 0 900 
9606.ENSP00000176763 9606.ENSP00000447679 0 0 0 0 0 0 165 165 
9606.ENSP00000176763 9606.ENSP00000265094 0 0 0 0 0 0 225 225 
9606.ENSP00000176763 9606.ENSP00000256935 0 0 0 118 0 0 217 280 
9606.ENSP00000176763 9606.ENSP00000341030 0 0 0 0 0 0 222 222 
9606.ENSP00000176763 9606.ENSP00000348381 0 0 0 0 0 0 178 178 
9606.ENSP00000176763 9606.ENSP00000470539 0 0 0 0 0 0 179 179 
9606.ENSP00000176763 9606.ENSP00000343158 0 0 0 0 0 0 170 170 
9606.ENSP00000176763 9606.ENSP00000228506 0 0 0 0 0 900 0 900 
9606.ENSP00000176763 9606.ENSP00000387170 0 0 0 0 0 0 275 275 
9606.ENSP00000176763 9606.ENSP00000405708 0 0 0 0 0 0 292 292 
9606.ENSP00000176763 9606.ENSP00000383118 0 0 0 61 0 0 182 199 
9606.ENSP00000176763 9606.ENSP00000342793 0 0 0 61 0 900 56 903 
9606.ENSP00000176763 9606.ENSP00000262613 0 0 0 0 185 0 356 453 
9606.ENSP00000176763 9606.ENSP00000417653 0 0 0 80 0 0 235 266 
9606.ENSP00000176763 9606.ENSP00000301190 0 0 0 0 0 0 175 175 
9606.ENSP00000176763 9606.ENSP00000447056 0 0 0 0 0 0 181 181 
9606.ENSP00000176763 9606.ENSP00000229812 0 0 0 61 0 0 157 175 
9606.ENSP00000176763 9606.ENSP00000309124 0 0 0 0 0 900 0 900 
9606.ENSP00000176763 9606.ENSP00000455643 0 0 0 0 0 0 406 406 
9606.ENSP00000176763 9606.ENSP00000244289 0 0 0 56 0 0 205 217 
9606.ENSP00000176763 9606.ENSP00000324463 0 0 0 0 0 0 163 163 
9606.ENSP00000176763 9606.ENSP00000302079 0 0 0 90 0 900 0 905 
9606.ENSP00000176763 9606.ENSP00000374552 0 0 0 0 0 0 153 153 
9606.ENSP00000176763 9606.ENSP00000371341 0 0 0 61 0 0 231 247 
9606.ENSP00000176763 9606.ENSP00000424183 0 0 0 0 0 900 0 900 
9606.ENSP00000176763 9606.ENSP00000278865 0 0 0 0 0 900 0 900 
9606.ENSP00000176763 9606.ENSP00000360776 0 0 0 0 0 0 210 210 
9606.ENSP00000176763 9606.ENSP00000278671 0 0 0 0 0 900 0 900 
9606.ENSP00000176763 9606.ENSP00000344871 0 0 0 174 0 0 0 174 
9606.ENSP00000176763 9606.ENSP00000275764 0 0 0 0 186 0 0 186 
9606.ENSP00000176763 9606.ENSP00000299665 0 0 0 65 0 900 0 902 
9606.ENSP00000176763 9606.ENSP00000362680 0 0 0 0 76 0 129 161 
9606.ENSP00000176763 9606.ENSP00000262948 0 0 0 0 185 0 71 211 
9606.ENSP00000176763 9606.ENSP00000312999 0 0 0 82 0 0 301 331 
9606.ENSP00000176763 9606.ENSP00000216442 0 0 0 0 0 900 0 900 
9606.ENSP00000176763 9606.ENSP00000046794 0 0 0 133 0 0 73 162 
9606.ENSP00000176763 9606.ENSP00000355361 0 0 0 0 0 900 0 900 
9606.ENSP00000176763 9606.ENSP00000421725 0 0 0 0 0 0 161 161 
9606.ENSP00000176763 9606.ENSP00000249014 0 0 0 0 0 0 364 364 
9606.ENSP00000176763 9606.ENSP00000465039 0 0 0 67 0 0 135 158 
9606.ENSP00000176763 9606.ENSP00000361824 0 0 0 0 0 0 150 150 
9606.ENSP00000176763 9606.ENSP00000075120 0 0 0 0 0 900 86 904 
9606.ENSP00000176763 9606.ENSP00000215582 0 0 0 0 0 0 171 171 
9606.ENSP00000176763 9606.ENSP00000205948 0 0 0 0 0 0 156 156 
9606.ENSP00000176763 9606.ENSP00000328694 0 0 0 0 0 0 215 215 
9606.ENSP00000176763 9606.ENSP00000161559 0 0 0 0 0 900 0 900 
9606.ENSP00000176763 9606.ENSP00000338629 0 0 0 0 0 0 163 163 
9606.ENSP00000176763 9606.ENSP00000439454 0 0 0 0 0 900 0 900 
9606.ENSP00000176763 9606.ENSP00000420387 0 0 0 52 0 900 0 901 
9606.ENSP00000176763 9606.ENSP00000481022 0 0 0 0 0 900 0 900 
9606.ENSP00000176763 9606.ENSP00000258418 0 0 0 0 0 0 275 275 
9606.ENSP00000176763 9606.ENSP00000297977 0 0 0 0 0 0 167 167 
9606.ENSP00000176763 9606.ENSP00000330606 0 0 0 0 0 0 165 165 
9606.ENSP00000176763 9606.ENSP00000349181 0 0 0 90 0 900 0 905 
9606.ENSP00000176763 9606.ENSP00000272203 0 0 0 0 0 0 283 283 
9606.ENSP00000176763 9606.ENSP00000295897 0 0 0 0 0 0 186 186 
9606.ENSP00000176763 9606.ENSP00000376071 0 0 0 0 0 0 221 221 
9606.ENSP00000176763 9606.ENSP00000244174 0 0 0 0 0 0 166 166 
9606.ENSP00000176763 9606.ENSP00000254667 0 0 0 88 0 0 190 230 
9606.ENSP00000176763 9606.ENSP00000288602 0 0 0 63 185 0 81 237 
9606.ENSP00000176763 9606.ENSP00000237455 0 0 0 63 0 0 145 164 
9606.ENSP00000176763 9606.ENSP00000271688 0 0 0 0 0 0 159 159 
9606.ENSP00000176763 9606.ENSP00000319096 0 0 0 61 0 900 0 902 
9606.ENSP00000176763 9606.ENSP00000347916 0 0 0 76 0 900 0 903 
9606.ENSP00000176763 9606.ENSP00000266771 0 0 0 0 0 900 0 900 
9606.ENSP00000176763 9606.ENSP00000354335 0 0 0 110 0 0 96 161 
9606.ENSP00000176763 9606.ENSP00000478557 0 0 0 0 0 0 161 161 
9606.ENSP00000176763 9606.ENSP00000371084 0 0 0 55 0 900 0 901 
9606.ENSP00000176763 9606.ENSP00000314499 0 0 0 0 0 0 247 247 
9606.ENSP00000176763 9606.ENSP00000427975 0 0 0 0 0 0 165 165 
9606.ENSP00000176763 9606.ENSP00000389715 0 0 0 0 164 0 65 185 
9606.ENSP00000176763 9606.ENSP00000437271 0 0 0 0 0 0 294 294 
9606.ENSP00000176763 9606.ENSP00000317842 0 0 0 0 0 0 323 323 
9606.ENSP00000176763 9606.ENSP00000261023 0 0 0 64 0 900 0 902 
9606.ENSP00000176763 9606.ENSP00000357917 0 0 0 0 0 0 190 190 
9606.ENSP00000176763 9606.ENSP00000302486 0 0 0 0 185 0 78 216 
9606.ENSP00000176763 9606.ENSP00000418112 0 0 0 62 0 0 364 378 
9606.ENSP00000176763 9606.ENSP00000407130 0 0 0 0 0 0 229 229 
9606.ENSP00000176763 9606.ENSP00000249071 0 0 0 174 0 0 119 242 
9606.ENSP00000176763 9606.ENSP00000201647 0 0 0 0 319 0 54 328 
9606.ENSP00000176763 9606.ENSP00000377867 0 0 0 86 0 0 123 164 
9606.ENSP00000176763 9606.ENSP00000383894 0 0 0 0 0 0 425 425 
9606.ENSP00000176763 9606.ENSP00000351664 0 0 0 99 0 0 106 160 
9606.ENSP00000176763 9606.ENSP00000354498 0 0 0 0 0 0 309 309 
9606.ENSP00000176763 9606.ENSP00000363255 0 0 0 0 0 0 179 179 
9606.ENSP00000176763 9606.ENSP00000318804 0 0 0 0 0 0 185 185 
9606.ENSP00000176763 9606.ENSP00000369497 0 0 0 0 0 0 158 158 
9606.ENSP00000176763 9606.ENSP00000363921 0 0 0 0 85 0 127 167 
9606.ENSP00000176763 9606.ENSP00000394485 0 0 0 0 85 0 147 187 
9606.ENSP00000176763 9606.ENSP00000333982 0 0 0 0 0 0 166 166 
9606.ENSP00000176763 9606.ENSP00000482264 0 0 0 0 0 900 0 900 
9606.ENSP00000176763 9606.ENSP00000357288 0 0 0 0 0 900 0 900 
9606.ENSP00000176763 9606.ENSP00000301242 0 0 0 0 0 0 509 509 
9606.ENSP00000176763 9606.ENSP00000368965 0 0 0 0 0 900 0 900 
9606.ENSP00000176763 9606.ENSP00000316845 0 0 0 0 0 0 230 230 
9606.ENSP00000176763 9606.ENSP00000342699 0 0 0 0 0 0 173 173 
9606.ENSP00000176763 9606.ENSP00000354826 0 0 0 0 0 0 188 188 
9606.ENSP00000176763 9606.ENSP00000442973 0 0 0 50 0 0 194 201 
9606.ENSP00000176763 9606.ENSP00000274625 0 0 0 0 0 0 157 157 
9606.ENSP00000176763 9606.ENSP00000339328 0 0 0 65 0 900 0 902 
9606.ENSP00000176763 9606.ENSP00000365730 0 0 0 86 0 0 117 159 
9606.ENSP00000176763 9606.ENSP00000358813 0 0 0 0 0 0 167 167 
9606.ENSP00000176763 9606.ENSP00000285039 0 0 0 0 0 0 192 192 
9606.ENSP00000176763 9606.ENSP00000367851 0 0 0 82 0 900 0 904 
9606.ENSP00000176763 9606.ENSP00000396270 0 0 0 0 0 900 0 900 
9606.ENSP00000176763 9606.ENSP00000330631 0 0 0 0 0 0 441 441 
9606.ENSP00000176763 9606.ENSP00000408002 0 0 0 61 0 0 144 162 
9606.ENSP00000176763 9606.ENSP00000383256 0 0 0 0 0 0 206 206 
9606.ENSP00000176763 9606.ENSP00000286713 0 0 0 61 0 900 0 902 
9606.ENSP00000176763 9606.ENSP00000466248 0 0 0 0 0 0 530 530 
9606.ENSP00000176763 9606.ENSP00000312649 0 0 0 0 0 0 227 227 
9606.ENSP00000176763 9606.ENSP00000386284 0 0 0 0 0 0 223 223 
9606.ENSP00000176763 9606.ENSP00000372689 0 0 0 63 0 0 146 165 
9606.ENSP00000176763 9606.ENSP00000254976 0 0 0 62 0 900 0 902 
9606.ENSP00000176763 9606.ENSP00000369860 0 0 0 0 0 900 0 900 
9606.ENSP00000176763 9606.ENSP00000316476 0 0 0 0 0 900 0 900 
9606.ENSP00000176763 9606.ENSP00000377724 0 0 0 0 0 900 0 900 
9606.ENSP00000176763 9606.ENSP00000428137 0 0 0 0 0 0 243 243 
9606.ENSP00000176763 9606.ENSP00000260408 0 0 0 67 0 900 0 902 
9606.ENSP00000176763 9606.ENSP00000349359 0 0 0 160 0 0 43 161 
9606.ENSP00000176763 9606.ENSP00000479536 0 0 0 0 0 900 0 900 
9606.ENSP00000176763 9606.ENSP00000264316 0 0 0 104 76 0 76 169 
9606.ENSP00000176763 9606.ENSP00000340176 0 0 0 0 0 0 197 197 
9606.ENSP00000176763 9606.ENSP00000380958 0 0 0 0 0 0 199 199 
9606.ENSP00000176763 9606.ENSP00000290155 0 0 0 0 0 0 250 250 
9606.ENSP00000176763 9606.ENSP00000310094 0 0 0 62 0 0 170 188 
9606.ENSP00000176763 9606.ENSP00000468897 0 0 0 69 0 900 0 902 
9606.ENSP00000176763 9606.ENSP00000264690 0 0 0 0 0 0 191 191 
9606.ENSP00000176763 9606.ENSP00000264192 0 0 0 114 85 0 0 155 
9606.ENSP00000176763 9606.ENSP00000286794 0 0 0 0 0 0 187 187 
9606.ENSP00000176763 9606.ENSP00000364579 0 0 0 61 0 0 345 359 
9606.ENSP00000176763 9606.ENSP00000354812 0 0 0 0 0 0 475 475 
9606.ENSP00000176763 9606.ENSP00000363667 0 0 0 65 0 0 175 195 
9606.ENSP00000176763 9606.ENSP00000229729 0 0 0 0 0 0 219 219 
9606.ENSP00000176763 9606.ENSP00000392105 0 0 0 0 157 0 48 163 
9606.ENSP00000176763 9606.ENSP00000294507 0 0 0 174 0 0 0 174 
9606.ENSP00000176763 9606.ENSP00000367686 0 0 0 0 0 0 154 154 
9606.ENSP00000176763 9606.ENSP00000450310 0 0 0 69 0 900 0 902 
9606.ENSP00000176763 9606.ENSP00000300093 0 0 0 61 0 0 220 237 
9606.ENSP00000176763 9606.ENSP00000217971 0 0 0 0 0 900 0 900 
9606.ENSP00000176763 9606.ENSP00000349259 0 0 0 0 0 0 150 150 
9606.ENSP00000176763 9606.ENSP00000245932 0 0 0 96 0 0 548 573 
9606.ENSP00000176763 9606.ENSP00000388996 0 0 0 49 0 900 0 900 
9606.ENSP00000176763 9606.ENSP00000336888 0 0 0 0 0 900 283 925 
9606.ENSP00000176763 9606.ENSP00000455625 0 0 0 0 0 0 229 229 
9606.ENSP00000176763 9606.ENSP00000375622 0 0 0 95 0 900 0 905 
9606.ENSP00000176763 9606.ENSP00000339813 0 0 0 0 0 0 209 209 
9606.ENSP00000176763 9606.ENSP00000367263 0 0 0 60 0 0 185 201 
9606.ENSP00000176763 9606.ENSP00000380948 0 0 0 154 0 900 66 914 
9606.ENSP00000176763 9606.ENSP00000267202 0 0 0 0 0 0 163 163 
9606.ENSP00000176763 9606.ENSP00000400010 0 0 0 61 0 900 0 902 
9606.ENSP00000176763 9606.ENSP00000452454 0 0 0 82 0 0 170 205 
9606.ENSP00000176763 9606.ENSP00000379366 0 0 0 0 0 0 309 309 
9606.ENSP00000176763 9606.ENSP00000295150 0 0 0 0 0 0 183 183 
9606.ENSP00000176763 9606.ENSP00000346599 0 0 0 0 0 0 153 153 
9606.ENSP00000176763 9606.ENSP00000249647 0 0 0 64 0 900 0 902 
9606.ENSP00000176763 9606.ENSP00000409738 0 0 0 62 0 900 0 902 
9606.ENSP00000176763 9606.ENSP00000290552 0 0 0 0 0 0 227 227 
9606.ENSP00000176763 9606.ENSP00000290277 0 0 0 52 185 0 81 228 
9606.ENSP00000176763 9606.ENSP00000237014 0 0 0 0 0 0 175 175 
9606.ENSP00000176763 9606.ENSP00000419485 0 0 0 60 0 0 214 229 
9606.ENSP00000176763 9606.ENSP00000468312 0 0 0 0 0 0 185 185 
9606.ENSP00000176763 9606.ENSP00000368805 0 0 0 0 179 0 0 179 
9606.ENSP00000176763 9606.ENSP00000429900 0 0 0 62 0 0 153 172 
9606.ENSP00000176763 9606.ENSP00000225538 0 0 0 76 0 900 0 903 
9606.ENSP00000176763 9606.ENSP00000379364 0 0 0 0 0 0 309 309 
9606.ENSP00000176763 9606.ENSP00000301744 0 0 0 0 0 0 169 169 
9606.ENSP00000176763 9606.ENSP00000205636 0 0 0 61 0 900 0 902 
9606.ENSP00000176763 9606.ENSP00000261438 0 0 0 61 0 0 401 413 
9606.ENSP00000176763 9606.ENSP00000377381 0 0 0 0 0 0 286 286 
9606.ENSP00000176763 9606.ENSP00000350032 0 0 0 0 157 0 48 163 
9606.ENSP00000176763 9606.ENSP00000476815 0 0 0 0 0 0 202 202 
9606.ENSP00000176763 9606.ENSP00000354850 0 0 0 0 0 0 390 390 
9606.ENSP00000176763 9606.ENSP00000361275 0 0 0 70 0 0 236 259 
9606.ENSP00000176763 9606.ENSP00000365435 0 0 0 102 0 900 49 907 
9606.ENSP00000176763 9606.ENSP00000373574 0 0 0 48 76 0 131 169 
9606.ENSP00000176763 9606.ENSP00000381070 0 0 0 62 190 0 60 223 
9606.ENSP00000176763 9606.ENSP00000483570 0 0 0 96 76 0 113 194 
9606.ENSP00000176763 9606.ENSP00000331608 0 0 0 0 0 0 196 196 
9606.ENSP00000176763 9606.ENSP00000247706 0 0 0 0 0 0 279 279 
9606.ENSP00000176763 9606.ENSP00000373301 0 0 0 0 0 0 406 406 
9606.ENSP00000176763 9606.ENSP00000481054 0 0 0 76 0 900 0 903 
9606.ENSP00000176763 9606.ENSP00000413017 0 0 0 0 0 0 436 436 
9606.ENSP00000176763 9606.ENSP00000466799 0 0 0 0 0 0 238 238 
9606.ENSP00000176763 9606.ENSP00000338532 0 0 0 0 0 0 304 304 
9606.ENSP00000176763 9606.ENSP00000246006 0 0 0 76 0 900 0 903 
9606.ENSP00000176763 9606.ENSP00000347714 0 0 0 0 0 900 0 900 
9606.ENSP00000176763 9606.ENSP00000389445 0 0 0 0 0 0 310 310 
9606.ENSP00000176763 9606.ENSP00000449999 0 0 0 65 0 900 0 902 
9606.ENSP00000176763 9606.ENSP00000428924 0 0 0 88 76 0 88 165 
9606.ENSP00000176763 9606.ENSP00000251849 0 0 0 52 185 0 80 227 
9606.ENSP00000176763 9606.ENSP00000379191 0 0 0 0 0 900 0 900 
9606.ENSP00000176763 9606.ENSP00000347719 0 0 0 0 0 0 252 252 
9606.ENSP00000176763 9606.ENSP00000298585 0 0 0 0 0 0 153 153 
9606.ENSP00000176763 9606.ENSP00000376317 0 0 0 62 0 0 145 164 
9606.ENSP00000176763 9606.ENSP00000355731 0 0 0 63 76 0 182 230 
9606.ENSP00000176763 9606.ENSP00000311713 0 0 0 61 0 0 178 195 
9606.ENSP00000176763 9606.ENSP00000356042 0 0 0 62 185 0 717 765 
9606.ENSP00000176763 9606.ENSP00000302935 0 0 0 109 85 0 0 150 
9606.ENSP00000176763 9606.ENSP00000341787 0 0 0 0 0 0 224 224 
9606.ENSP00000176763 9606.ENSP00000455079 0 0 0 0 0 0 311 311 
9606.ENSP00000176763 9606.ENSP00000299824 0 0 0 0 54 0 284 294 
9606.ENSP00000176763 9606.ENSP00000477572 0 0 0 0 0 900 0 900 
9606.ENSP00000176763 9606.ENSP00000386928 0 0 0 0 0 0 187 187 
9606.ENSP00000176763 9606.ENSP00000353518 0 0 0 0 54 0 143 154 
9606.ENSP00000176763 9606.ENSP00000384136 0 0 0 0 185 0 429 515 
9606.ENSP00000176763 9606.ENSP00000258874 0 0 0 0 0 0 406 406 
9606.ENSP00000176763 9606.ENSP00000435585 0 0 0 0 367 0 60 379 
9606.ENSP00000176763 9606.ENSP00000178640 0 0 0 0 185 0 72 212 
9606.ENSP00000176763 9606.ENSP00000477973 0 0 0 62 0 0 179 196 
9606.ENSP00000176763 9606.ENSP00000296277 0 0 0 0 0 0 187 187 
9606.ENSP00000176763 9606.ENSP00000226444 0 0 0 0 0 0 250 250 
9606.ENSP00000176763 9606.ENSP00000364520 0 0 0 0 0 0 163 163 
9606.ENSP00000176763 9606.ENSP00000465261 0 0 0 84 0 900 0 904 
9606.ENSP00000176763 9606.ENSP00000230461 0 0 0 66 0 900 0 902 
9606.ENSP00000176763 9606.ENSP00000353408 0 0 0 77 185 0 428 532 
9606.ENSP00000176763 9606.ENSP00000263955 0 0 0 89 0 0 146 189 
9606.ENSP00000176763 9606.ENSP00000393392 0 0 0 0 0 0 185 185 
9606.ENSP00000176763 9606.ENSP00000473990 0 0 0 62 0 900 0 902 
9606.ENSP00000176763 9606.ENSP00000381958 0 0 0 0 164 0 65 185 
9606.ENSP00000176763 9606.ENSP00000348888 0 0 0 0 0 0 156 156 
9606.ENSP00000176763 9606.ENSP00000366157 0 0 0 0 0 0 271 271 
9606.ENSP00000176763 9606.ENSP00000265016 0 0 0 78 0 900 0 903 
9606.ENSP00000176763 9606.ENSP00000255695 0 0 0 0 0 0 221 221 
9606.ENSP00000176763 9606.ENSP00000325285 0 0 0 0 0 0 212 212 
9606.ENSP00000176763 9606.ENSP00000393963 0 0 0 0 367 0 0 367 
9606.ENSP00000176763 9606.ENSP00000357744 0 0 0 0 0 0 159 159 
9606.ENSP00000176763 9606.ENSP00000367991 0 0 0 0 0 0 271 271 
9606.ENSP00000176763 9606.ENSP00000284061 0 0 0 0 0 0 150 150 
9606.ENSP00000176763 9606.ENSP00000366641 0 0 0 61 0 900 0 902 
9606.ENSP00000176763 9606.ENSP00000407613 0 0 0 0 0 0 211 211 
9606.ENSP00000176763 9606.ENSP00000357175 0 0 0 0 0 0 168 168 
9606.ENSP00000176763 9606.ENSP00000380450 0 0 0 0 0 0 222 222 
9606.ENSP00000176763 9606.ENSP00000461433 0 0 0 0 0 0 266 266 
9606.ENSP00000176763 9606.ENSP00000261623 0 0 0 88 0 900 0 904 
9606.ENSP00000176763 9606.ENSP00000274289 0 0 0 0 0 0 241 241 
9606.ENSP00000176763 9606.ENSP00000346916 0 0 0 0 0 0 151 151 
9606.ENSP00000176763 9606.ENSP00000364403 0 0 0 0 0 900 69 902 
9606.ENSP00000176763 9606.ENSP00000262262 0 0 0 63 0 900 0 902 
9606.ENSP00000176763 9606.ENSP00000363852 0 0 0 0 0 0 173 173 
9606.ENSP00000176763 9606.ENSP00000366563 0 0 0 154 0 0 0 154 
9606.ENSP00000176763 9606.ENSP00000357575 0 0 0 0 0 0 286 286 
9606.ENSP00000176763 9606.ENSP00000353238 0 0 0 96 0 0 120 171 
9606.ENSP00000176763 9606.ENSP00000391409 0 0 0 61 0 0 294 308 
9606.ENSP00000176763 9606.ENSP00000326706 0 0 0 153 0 0 0 153 
9606.ENSP00000176763 9606.ENSP00000344666 0 0 0 61 190 0 144 292 
9606.ENSP00000176763 9606.ENSP00000367292 0 0 0 0 0 0 331 331 
9606.ENSP00000176763 9606.ENSP00000444986 0 0 0 108 76 0 125 217 
9606.ENSP00000176763 9606.ENSP00000230582 0 0 0 0 0 0 182 182 
9606.ENSP00000176763 9606.ENSP00000413697 0 0 0 61 0 900 43 902 
9606.ENSP00000176763 9606.ENSP00000344411 0 0 0 0 0 0 227 227 
9606.ENSP00000176763 9606.ENSP00000344816 0 0 0 0 0 0 168 168 
9606.ENSP00000176763 9606.ENSP00000347464 0 0 0 63 0 0 271 287 
9606.ENSP00000176763 9606.ENSP00000355428 0 0 0 0 0 0 156 156 
9606.ENSP00000176763 9606.ENSP00000369318 0 0 0 0 0 0 243 243 
9606.ENSP00000176763 9606.ENSP00000263881 0 0 0 53 0 0 155 165 
9606.ENSP00000176763 9606.ENSP00000304250 0 0 0 0 0 0 167 167 
9606.ENSP00000176763 9606.ENSP00000329920 0 0 0 91 0 900 0 905 
9606.ENSP00000176763 9606.ENSP00000414287 0 0 0 0 0 0 202 202 
9606.ENSP00000176763 9606.ENSP00000263864 0 0 0 0 0 900 0 900 
9606.ENSP00000176763 9606.ENSP00000372482 0 0 0 0 0 0 161 161 
9606.ENSP00000176763 9606.ENSP00000409126 0 0 0 62 0 900 0 902 
9606.ENSP00000176763 9606.ENSP00000336655 0 0 0 0 0 0 195 195 
9606.ENSP00000176763 9606.ENSP00000261751 0 0 0 0 0 900 47 900 
9606.ENSP00000176763 9606.ENSP00000399421 0 0 0 62 0 900 53 903 
9606.ENSP00000176763 9606.ENSP00000303148 0 0 0 0 0 0 161 161 
9606.ENSP00000176763 9606.ENSP00000334928 0 0 0 62 0 900 0 902 
9606.ENSP00000176763 9606.ENSP00000331867 0 0 0 0 0 0 264 264 
9606.ENSP00000176763 9606.ENSP00000349971 0 0 0 69 0 900 0 902 
9606.ENSP00000176763 9606.ENSP00000271227 0 0 0 0 0 0 158 158 
9606.ENSP00000176763 9606.ENSP00000354111 0 0 0 0 0 900 83 904 
9606.ENSP00000176763 9606.ENSP00000367265 0 0 0 0 0 900 0 900 
9606.ENSP00000176763 9606.ENSP00000453302 0 0 0 138 0 900 0 910 
9606.ENSP00000176763 9606.ENSP00000367323 0 0 0 62 0 900 0 902 
9606.ENSP00000176763 9606.ENSP00000240617 0 0 0 0 0 0 513 513 
9606.ENSP00000176763 9606.ENSP00000379980 0 0 0 62 0 0 157 175 
9606.ENSP00000176763 9606.ENSP00000284509 0 0 0 61 0 900 0 902 
9606.ENSP00000176763 9606.ENSP00000019317 0 0 0 55 0 0 159 171 
9606.ENSP00000176763 9606.ENSP00000358931 0 0 0 0 0 0 175 175 
9606.ENSP00000176763 9606.ENSP00000337825 0 0 0 0 76 0 162 193 
9606.ENSP00000176763 9606.ENSP00000381023 0 0 0 50 0 900 0 900 
9606.ENSP00000176763 9606.ENSP00000337816 0 0 0 65 0 900 0 902 
9606.ENSP00000176763 9606.ENSP00000417003 0 0 0 63 0 0 140 159 
9606.ENSP00000176763 9606.ENSP00000321656 0 0 0 0 0 0 414 414 
9606.ENSP00000176763 9606.ENSP00000360761 0 0 0 61 0 900 0 902 
9606.ENSP00000176763 9606.ENSP00000329668 0 0 0 0 0 0 416 416 
9606.ENSP00000176763 9606.ENSP00000358820 0 0 0 0 319 0 54 328 
9606.ENSP00000176763 9606.ENSP00000346634 0 0 0 0 0 0 543 543 
9606.ENSP00000176763 9606.ENSP00000309116 0 0 0 91 0 0 110 156 
9606.ENSP00000176763 9606.ENSP00000281172 0 0 0 0 367 0 88 398 
9606.ENSP00000176763 9606.ENSP00000261183 0 0 0 70 0 0 247 270 
9606.ENSP00000176763 9606.ENSP00000471457 0 0 0 140 0 0 153 240 
9606.ENSP00000176763 9606.ENSP00000413035 0 0 0 0 0 0 154 154 
9606.ENSP00000176763 9606.ENSP00000312224 0 0 0 0 0 0 181 181 
9606.ENSP00000176763 9606.ENSP00000347427 0 0 0 61 0 0 148 166 
9606.ENSP00000176763 9606.ENSP00000244336 0 0 0 0 0 900 0 900 
9606.ENSP00000176763 9606.ENSP00000411355 0 0 0 159 0 0 0 159 
9606.ENSP00000176763 9606.ENSP00000321962 0 0 0 0 0 0 217 217 
9606.ENSP00000176763 9606.ENSP00000460602 0 0 0 0 0 0 926 926 
9606.ENSP00000176763 9606.ENSP00000367817 0 0 0 0 0 0 156 156 
9606.ENSP00000176763 9606.ENSP00000339826 0 0 0 76 0 0 200 229 
9606.ENSP00000176763 9606.ENSP00000367125 0 0 0 0 0 0 163 163 
9606.ENSP00000176763 9606.ENSP00000337053 0 0 0 0 0 0 161 161 
9606.ENSP00000176763 9606.ENSP00000355800 0 0 0 61 0 900 0 902 
9606.ENSP00000176763 9606.ENSP00000474071 0 0 0 0 157 0 48 163 
9606.ENSP00000176763 9606.ENSP00000359892 0 0 0 0 0 0 226 226 
9606.ENSP00000176763 9606.ENSP00000356437 0 0 0 61 0 0 196 213 
9606.ENSP00000176763 9606.ENSP00000285311 0 0 0 0 0 0 243 243 
9606.ENSP00000176763 9606.ENSP00000358723 0 0 0 61 0 900 58 903 
9606.ENSP00000176763 9606.ENSP00000309741 0 0 0 0 0 900 0 900 
9606.ENSP00000176763 9606.ENSP00000343658 0 0 0 61 0 0 156 173 
9606.ENSP00000176763 9606.ENSP00000353098 0 0 0 61 0 0 133 151 
9606.ENSP00000176763 9606.ENSP00000388631 0 0 0 0 0 0 270 270 
9606.ENSP00000176763 9606.ENSP00000363117 0 0 0 124 76 0 89 198 
9606.ENSP00000176763 9606.ENSP00000376390 0 0 0 77 0 900 0 903 
9606.ENSP00000176763 9606.ENSP00000262316 0 0 0 62 0 0 141 159 
9606.ENSP00000176763 9606.ENSP00000261716 0 0 0 64 0 0 150 170 
9606.ENSP00000176763 9606.ENSP00000259667 0 0 0 0 0 0 157 157 
9606.ENSP00000176763 9606.ENSP00000271324 0 0 0 88 0 900 0 904 
9606.ENSP00000176763 9606.ENSP00000289104 0 0 0 61 0 0 165 182 
9606.ENSP00000176763 9606.ENSP00000367038 0 0 0 0 0 0 210 210 
9606.ENSP00000176763 9606.ENSP00000360973 0 0 0 0 0 0 227 227 
9606.ENSP00000176763 9606.ENSP00000427123 0 0 0 0 54 0 292 302 
9606.ENSP00000176763 9606.ENSP00000422947 0 0 0 0 0 0 158 158 
9606.ENSP00000176763 9606.ENSP00000270861 0 0 0 0 0 0 188 188 
9606.ENSP00000176763 9606.ENSP00000267842 0 0 0 0 0 900 0 900 
9606.ENSP00000176763 9606.ENSP00000259089 0 0 0 65 76 0 216 263 
9606.ENSP00000176763 9606.ENSP00000332900 0 0 0 0 0 900 0 900 
9606.ENSP00000176763 9606.ENSP00000477590 0 0 0 79 0 0 157 191 
9606.ENSP00000176763 9606.ENSP00000336750 0 0 0 0 0 0 181 181 
9606.ENSP00000176763 9606.ENSP00000228705 0 0 0 61 0 0 181 198 
9606.ENSP00000176763 9606.ENSP00000408005 0 0 0 0 190 0 355 455 
9606.ENSP00000176763 9606.ENSP00000360108 0 0 0 0 0 0 225 225 
