9606.ENSP00000366542 9606.ENSP00000424176 0 0 0 0 0 0 250 250 
9606.ENSP00000366542 9606.ENSP00000272298 0 0 0 0 80 0 172 205 
9606.ENSP00000366542 9606.ENSP00000268655 0 0 0 0 0 0 193 193 
9606.ENSP00000366542 9606.ENSP00000259021 0 0 0 0 159 0 0 159 
9606.ENSP00000366542 9606.ENSP00000360994 0 0 0 0 0 0 218 218 
9606.ENSP00000366542 9606.ENSP00000467266 0 0 0 0 0 0 516 516 
9606.ENSP00000366542 9606.ENSP00000282030 0 0 0 51 144 0 0 152 
9606.ENSP00000366542 9606.ENSP00000357189 0 0 0 0 186 0 0 186 
9606.ENSP00000366542 9606.ENSP00000251472 0 0 0 61 157 0 43 176 
9606.ENSP00000366542 9606.ENSP00000473093 0 0 0 0 0 0 222 222 
9606.ENSP00000366542 9606.ENSP00000338796 0 0 0 0 0 0 244 244 
9606.ENSP00000366542 9606.ENSP00000355388 0 0 0 42 173 0 0 173 
9606.ENSP00000366542 9606.ENSP00000342322 0 0 0 0 0 0 290 290 
9606.ENSP00000366542 9606.ENSP00000229812 0 0 0 55 157 0 42 170 
9606.ENSP00000366542 9606.ENSP00000452252 0 0 0 0 0 0 286 286 
9606.ENSP00000366542 9606.ENSP00000384629 0 0 0 64 144 0 0 164 
9606.ENSP00000366542 9606.ENSP00000483345 0 0 0 0 186 0 0 186 
9606.ENSP00000366542 9606.ENSP00000366488 0 0 0 78 132 0 49 172 
9606.ENSP00000366542 9606.ENSP00000274031 0 0 0 51 164 0 0 172 
9606.ENSP00000366542 9606.ENSP00000355924 0 0 0 51 144 0 0 152 
9606.ENSP00000366542 9606.ENSP00000318635 0 0 0 0 185 0 0 185 
9606.ENSP00000366542 9606.ENSP00000468040 0 0 0 0 0 0 173 173 
9606.ENSP00000366542 9606.ENSP00000306776 0 0 0 0 0 0 671 671 
9606.ENSP00000366542 9606.ENSP00000259883 0 0 0 0 0 0 183 183 
9606.ENSP00000366542 9606.ENSP00000343690 0 0 0 0 0 0 346 346 
9606.ENSP00000366542 9606.ENSP00000360961 0 0 0 0 0 0 473 473 
9606.ENSP00000366542 9606.ENSP00000394487 0 0 0 0 0 0 306 306 
9606.ENSP00000366542 9606.ENSP00000369666 0 0 0 63 165 0 0 184 
9606.ENSP00000366542 9606.ENSP00000478591 0 0 0 0 53 0 250 259 
9606.ENSP00000366542 9606.ENSP00000356234 0 0 0 0 185 0 0 185 
9606.ENSP00000366542 9606.ENSP00000395259 0 0 0 63 61 0 122 160 
9606.ENSP00000366542 9606.ENSP00000220514 0 0 0 0 0 0 366 366 
9606.ENSP00000366542 9606.ENSP00000307208 0 0 0 0 185 0 0 185 
9606.ENSP00000366542 9606.ENSP00000302144 0 0 0 0 0 0 627 627 
9606.ENSP00000366542 9606.ENSP00000225983 0 0 0 0 150 0 43 151 
9606.ENSP00000366542 9606.ENSP00000485541 0 0 0 0 0 0 188 188 
9606.ENSP00000366542 9606.ENSP00000219069 0 0 0 0 738 0 0 738 
9606.ENSP00000366542 9606.ENSP00000320634 0 0 0 0 0 0 212 212 
9606.ENSP00000366542 9606.ENSP00000262519 0 0 0 51 144 0 0 152 
9606.ENSP00000366542 9606.ENSP00000206595 0 0 0 51 144 0 0 152 
9606.ENSP00000366542 9606.ENSP00000286049 0 0 0 0 0 0 425 425 
9606.ENSP00000366542 9606.ENSP00000373354 0 0 0 51 144 0 0 152 
9606.ENSP00000366542 9606.ENSP00000262622 0 0 0 0 0 0 284 284 
9606.ENSP00000366542 9606.ENSP00000349208 0 0 0 0 57 0 229 241 
9606.ENSP00000366542 9606.ENSP00000331823 0 0 0 0 0 0 188 188 
9606.ENSP00000366542 9606.ENSP00000265708 0 0 0 0 0 0 290 290 
9606.ENSP00000366542 9606.ENSP00000281722 0 0 0 0 0 0 416 416 
9606.ENSP00000366542 9606.ENSP00000301037 0 0 0 61 157 0 55 186 
9606.ENSP00000366542 9606.ENSP00000351569 0 0 0 0 0 0 559 559 
9606.ENSP00000366542 9606.ENSP00000361004 0 0 0 0 0 0 234 234 
9606.ENSP00000366542 9606.ENSP00000405699 0 0 0 0 165 0 0 165 
9606.ENSP00000366542 9606.ENSP00000387982 0 0 0 0 186 0 0 186 
9606.ENSP00000366542 9606.ENSP00000368667 0 0 0 0 52 0 259 268 
9606.ENSP00000366542 9606.ENSP00000381795 0 0 0 0 0 0 161 161 
9606.ENSP00000366542 9606.ENSP00000261537 0 0 0 42 185 0 0 185 
9606.ENSP00000366542 9606.ENSP00000339992 0 0 0 0 124 0 91 170 
9606.ENSP00000366542 9606.ENSP00000366998 0 0 0 0 0 0 194 194 
9606.ENSP00000366542 9606.ENSP00000322716 0 0 0 0 186 0 0 186 
9606.ENSP00000366542 9606.ENSP00000262848 0 0 0 78 132 0 49 172 
9606.ENSP00000366542 9606.ENSP00000298910 0 0 0 62 132 0 0 151 
9606.ENSP00000366542 9606.ENSP00000437775 0 0 0 0 167 0 0 167 
9606.ENSP00000366542 9606.ENSP00000426103 0 0 0 42 185 0 0 185 
9606.ENSP00000366542 9606.ENSP00000370074 0 0 0 0 50 0 284 291 
9606.ENSP00000366542 9606.ENSP00000409666 0 0 0 0 185 0 0 185 
9606.ENSP00000366542 9606.ENSP00000405965 0 0 0 0 185 0 0 185 
9606.ENSP00000366542 9606.ENSP00000265351 0 0 0 62 157 0 0 175 
9606.ENSP00000366542 9606.ENSP00000377370 0 0 0 0 0 0 389 389 
9606.ENSP00000366542 9606.ENSP00000302967 0 0 0 0 156 0 0 156 
9606.ENSP00000366542 9606.ENSP00000263360 0 0 0 0 192 0 56 204 
9606.ENSP00000366542 9606.ENSP00000271640 0 0 0 51 144 0 0 152 
9606.ENSP00000366542 9606.ENSP00000217428 0 0 0 0 0 0 173 173 
9606.ENSP00000366542 9606.ENSP00000398837 0 0 0 51 144 0 0 152 
9606.ENSP00000366542 9606.ENSP00000483621 0 0 0 0 0 0 325 325 
9606.ENSP00000366542 9606.ENSP00000379462 0 0 0 0 0 0 250 250 
9606.ENSP00000366542 9606.ENSP00000382250 0 0 0 0 0 0 265 265 
9606.ENSP00000366542 9606.ENSP00000279873 0 0 0 0 69 0 147 171 
9606.ENSP00000366542 9606.ENSP00000313983 0 0 0 51 144 0 0 152 
9606.ENSP00000366542 9606.ENSP00000378402 0 0 0 62 260 0 0 276 
9606.ENSP00000366542 9606.ENSP00000260187 0 0 0 53 50 0 260 276 
9606.ENSP00000366542 9606.ENSP00000329127 0 0 0 60 54 0 170 197 
9606.ENSP00000366542 9606.ENSP00000345826 0 0 0 0 0 0 234 234 
9606.ENSP00000366542 9606.ENSP00000376077 0 0 0 0 185 0 0 185 
9606.ENSP00000366542 9606.ENSP00000400376 0 0 0 0 106 0 186 241 
9606.ENSP00000366542 9606.ENSP00000384192 0 0 0 63 85 0 93 154 
9606.ENSP00000366542 9606.ENSP00000261332 0 0 0 0 313 0 148 390 
9606.ENSP00000366542 9606.ENSP00000228850 0 0 0 0 0 0 359 359 
9606.ENSP00000366542 9606.ENSP00000470185 0 0 0 0 0 0 412 412 
9606.ENSP00000366542 9606.ENSP00000430432 0 0 0 0 156 0 0 156 
9606.ENSP00000366542 9606.ENSP00000466542 0 0 0 0 126 0 74 156 
9606.ENSP00000366542 9606.ENSP00000366953 0 0 0 0 262 0 0 262 
9606.ENSP00000366542 9606.ENSP00000364766 0 0 0 0 0 0 398 398 
9606.ENSP00000366542 9606.ENSP00000229243 0 0 0 0 0 0 345 345 
9606.ENSP00000366542 9606.ENSP00000426271 0 0 0 0 0 0 274 274 
9606.ENSP00000366542 9606.ENSP00000268712 0 0 0 0 185 0 0 185 
9606.ENSP00000366542 9606.ENSP00000262144 0 0 0 0 261 0 43 262 
9606.ENSP00000366542 9606.ENSP00000302790 0 0 0 62 157 0 0 175 
9606.ENSP00000366542 9606.ENSP00000332602 0 0 0 0 0 0 290 290 
9606.ENSP00000366542 9606.ENSP00000337976 0 0 0 51 146 0 0 155 
9606.ENSP00000366542 9606.ENSP00000390070 0 0 0 0 0 0 330 330 
9606.ENSP00000366542 9606.ENSP00000470584 0 0 0 0 0 0 450 450 
9606.ENSP00000366542 9606.ENSP00000361867 0 0 0 0 0 0 265 265 
9606.ENSP00000366542 9606.ENSP00000375220 0 0 0 0 0 0 446 446 
9606.ENSP00000366542 9606.ENSP00000359524 0 0 0 0 0 0 511 511 
9606.ENSP00000366542 9606.ENSP00000483312 0 0 0 0 157 0 50 164 
9606.ENSP00000366542 9606.ENSP00000209728 0 0 0 55 132 0 56 158 
9606.ENSP00000366542 9606.ENSP00000262030 0 0 0 49 178 0 0 184 
9606.ENSP00000366542 9606.ENSP00000340176 0 0 0 0 0 0 211 211 
9606.ENSP00000366542 9606.ENSP00000370109 0 0 0 0 186 0 0 186 
9606.ENSP00000366542 9606.ENSP00000328228 0 0 0 0 0 0 187 187 
9606.ENSP00000366542 9606.ENSP00000387822 0 0 0 0 126 0 203 274 
9606.ENSP00000366542 9606.ENSP00000346997 0 0 0 51 144 0 0 152 
9606.ENSP00000366542 9606.ENSP00000218068 0 0 0 0 0 0 340 340 
9606.ENSP00000366542 9606.ENSP00000367705 0 0 0 0 167 0 0 167 
9606.ENSP00000366542 9606.ENSP00000378306 0 0 0 64 131 0 57 165 
9606.ENSP00000366542 9606.ENSP00000300605 0 0 0 0 0 0 388 388 
9606.ENSP00000366542 9606.ENSP00000358918 0 0 0 0 158 0 0 158 
9606.ENSP00000366542 9606.ENSP00000436786 0 0 0 51 144 0 0 152 
9606.ENSP00000366542 9606.ENSP00000454407 0 0 0 63 60 0 151 186 
9606.ENSP00000366542 9606.ENSP00000287394 0 0 0 0 64 0 150 170 
9606.ENSP00000366542 9606.ENSP00000334061 0 0 0 0 150 0 43 151 
9606.ENSP00000366542 9606.ENSP00000301244 0 0 0 0 0 0 173 173 
9606.ENSP00000366542 9606.ENSP00000377664 0 0 0 65 123 0 93 191 
9606.ENSP00000366542 9606.ENSP00000472802 0 0 0 0 723 0 0 723 
9606.ENSP00000366542 9606.ENSP00000352463 0 0 0 51 144 0 0 152 
9606.ENSP00000366542 9606.ENSP00000367570 0 0 0 51 144 0 0 152 
9606.ENSP00000366542 9606.ENSP00000369131 0 0 0 62 260 0 0 276 
9606.ENSP00000366542 9606.ENSP00000392371 0 0 0 0 240 0 0 240 
9606.ENSP00000366542 9606.ENSP00000344967 0 0 0 0 50 0 146 154 
9606.ENSP00000366542 9606.ENSP00000319305 0 0 0 0 206 0 0 206 
9606.ENSP00000366542 9606.ENSP00000262584 0 0 0 0 152 0 0 152 
9606.ENSP00000366542 9606.ENSP00000368856 0 0 0 0 0 0 211 211 
9606.ENSP00000366542 9606.ENSP00000232603 0 0 0 0 0 0 520 520 
9606.ENSP00000366542 9606.ENSP00000333487 0 0 0 0 0 0 188 188 
9606.ENSP00000366542 9606.ENSP00000458018 0 0 0 0 0 0 440 440 
9606.ENSP00000366542 9606.ENSP00000334767 0 0 0 0 0 0 280 280 
9606.ENSP00000366542 9606.ENSP00000298283 0 0 0 0 50 0 165 173 
9606.ENSP00000366542 9606.ENSP00000367203 0 0 0 0 186 0 49 192 
9606.ENSP00000366542 9606.ENSP00000216271 0 0 0 0 150 0 43 151 
9606.ENSP00000366542 9606.ENSP00000384924 0 0 0 0 0 0 165 165 
9606.ENSP00000366542 9606.ENSP00000293414 0 0 0 42 123 0 190 260 
9606.ENSP00000366542 9606.ENSP00000469441 0 0 0 0 0 0 290 290 
9606.ENSP00000366542 9606.ENSP00000384863 0 0 0 62 157 0 0 175 
9606.ENSP00000366542 9606.ENSP00000445675 0 0 0 0 0 0 178 178 
9606.ENSP00000366542 9606.ENSP00000262189 0 0 0 51 144 0 0 152 
9606.ENSP00000366542 9606.ENSP00000305138 0 0 0 0 0 0 265 265 
9606.ENSP00000366542 9606.ENSP00000399356 0 0 0 0 0 0 265 265 
9606.ENSP00000366542 9606.ENSP00000409016 0 0 0 51 144 0 0 152 
9606.ENSP00000366542 9606.ENSP00000364678 0 0 0 51 144 0 0 152 
9606.ENSP00000366542 9606.ENSP00000351884 0 0 0 0 0 0 296 296 
9606.ENSP00000366542 9606.ENSP00000483921 0 0 0 0 50 0 217 224 
9606.ENSP00000366542 9606.ENSP00000376204 0 0 0 51 144 0 0 152 
9606.ENSP00000366542 9606.ENSP00000430774 0 0 0 50 172 0 62 197 
9606.ENSP00000366542 9606.ENSP00000324792 0 0 0 0 185 0 0 185 
9606.ENSP00000366542 9606.ENSP00000351475 0 0 0 61 157 0 43 176 
9606.ENSP00000366542 9606.ENSP00000306637 0 0 0 0 62 0 294 309 
9606.ENSP00000366542 9606.ENSP00000299140 0 0 0 0 0 0 522 522 
9606.ENSP00000366542 9606.ENSP00000323191 0 0 0 0 0 0 206 206 
9606.ENSP00000366542 9606.ENSP00000269053 0 0 0 0 0 0 511 511 
9606.ENSP00000366542 9606.ENSP00000421339 0 0 0 0 0 0 545 545 
9606.ENSP00000366542 9606.ENSP00000433560 0 0 0 0 0 0 156 156 
9606.ENSP00000366542 9606.ENSP00000417710 0 0 0 0 0 0 433 433 
9606.ENSP00000366542 9606.ENSP00000339155 0 0 0 0 0 0 224 224 
9606.ENSP00000366542 9606.ENSP00000377086 0 0 0 42 157 0 0 157 
9606.ENSP00000366542 9606.ENSP00000484403 0 0 0 0 65 0 213 232 
9606.ENSP00000366542 9606.ENSP00000359719 0 0 0 78 132 0 49 172 
9606.ENSP00000366542 9606.ENSP00000216115 0 0 0 63 0 0 210 228 
9606.ENSP00000366542 9606.ENSP00000328484 0 0 0 55 60 0 296 320 
9606.ENSP00000366542 9606.ENSP00000080059 0 0 0 0 150 0 43 151 
9606.ENSP00000366542 9606.ENSP00000331662 0 0 0 81 75 0 297 350 
9606.ENSP00000366542 9606.ENSP00000373684 0 0 0 55 157 0 42 170 
9606.ENSP00000366542 9606.ENSP00000459533 0 0 0 0 0 0 271 271 
9606.ENSP00000366542 9606.ENSP00000359546 0 0 0 0 0 0 329 329 
9606.ENSP00000366542 9606.ENSP00000378323 0 0 0 64 131 0 57 165 
9606.ENSP00000366542 9606.ENSP00000364550 0 0 0 0 185 0 0 185 
9606.ENSP00000366542 9606.ENSP00000276241 0 0 0 61 80 0 626 649 
9606.ENSP00000366542 9606.ENSP00000335306 0 0 0 0 0 0 496 496 
9606.ENSP00000366542 9606.ENSP00000362592 0 0 0 0 186 0 0 186 
9606.ENSP00000366542 9606.ENSP00000341282 0 0 0 0 0 0 242 242 
9606.ENSP00000366542 9606.ENSP00000438483 0 0 0 0 84 0 128 167 
9606.ENSP00000366542 9606.ENSP00000380878 0 0 0 64 131 0 57 165 
9606.ENSP00000366542 9606.ENSP00000187762 0 0 0 0 0 0 595 595 
9606.ENSP00000366542 9606.ENSP00000426613 0 0 0 0 0 0 281 281 
9606.ENSP00000366542 9606.ENSP00000362563 0 0 0 0 0 0 161 161 
9606.ENSP00000366542 9606.ENSP00000485185 0 0 0 0 0 0 309 309 
9606.ENSP00000366542 9606.ENSP00000271452 0 0 0 0 0 0 171 171 
9606.ENSP00000366542 9606.ENSP00000406367 0 0 0 0 53 0 294 303 
9606.ENSP00000366542 9606.ENSP00000303061 0 0 0 0 0 0 440 440 
9606.ENSP00000366542 9606.ENSP00000298181 0 0 0 0 0 0 473 473 
9606.ENSP00000366542 9606.ENSP00000356121 0 0 0 0 64 0 428 441 
9606.ENSP00000366542 9606.ENSP00000386759 0 0 0 51 144 0 0 152 
9606.ENSP00000366542 9606.ENSP00000330842 0 0 0 0 62 0 358 372 
9606.ENSP00000366542 9606.ENSP00000261530 0 0 0 50 158 0 0 165 
9606.ENSP00000366542 9606.ENSP00000280082 0 0 0 0 0 0 266 266 
9606.ENSP00000366542 9606.ENSP00000299633 0 0 0 0 186 0 0 186 
9606.ENSP00000366542 9606.ENSP00000269945 0 0 0 0 64 0 143 163 
9606.ENSP00000366542 9606.ENSP00000372351 0 0 0 51 144 0 0 152 
9606.ENSP00000366542 9606.ENSP00000362344 0 0 0 0 156 0 0 156 
9606.ENSP00000366542 9606.ENSP00000428489 0 0 0 55 80 0 196 240 
9606.ENSP00000366542 9606.ENSP00000358884 0 0 0 0 0 0 173 173 
9606.ENSP00000366542 9606.ENSP00000353379 0 0 0 0 0 0 195 195 
9606.ENSP00000366542 9606.ENSP00000263955 0 0 0 62 80 0 190 239 
9606.ENSP00000366542 9606.ENSP00000360310 0 0 0 0 0 0 306 306 
9606.ENSP00000366542 9606.ENSP00000258729 0 0 0 0 0 0 210 210 
9606.ENSP00000366542 9606.ENSP00000484668 0 0 0 0 0 0 349 349 
9606.ENSP00000366542 9606.ENSP00000364555 0 0 0 61 85 0 512 544 
9606.ENSP00000366542 9606.ENSP00000358815 0 0 0 0 69 0 313 333 
9606.ENSP00000366542 9606.ENSP00000393453 0 0 0 51 144 0 0 152 
9606.ENSP00000366542 9606.ENSP00000346175 0 0 0 51 144 0 0 152 
9606.ENSP00000366542 9606.ENSP00000368266 0 0 0 0 0 0 432 432 
9606.ENSP00000366542 9606.ENSP00000299443 0 0 0 61 85 0 104 162 
9606.ENSP00000366542 9606.ENSP00000374152 0 0 0 51 144 0 0 152 
9606.ENSP00000366542 9606.ENSP00000379601 0 0 0 0 0 0 261 261 
9606.ENSP00000366542 9606.ENSP00000329097 0 0 0 51 144 0 0 152 
9606.ENSP00000366542 9606.ENSP00000312415 0 0 0 0 0 0 317 317 
9606.ENSP00000366542 9606.ENSP00000408617 0 0 0 0 150 0 43 151 
9606.ENSP00000366542 9606.ENSP00000333024 0 0 0 51 144 0 0 152 
9606.ENSP00000366542 9606.ENSP00000366118 0 0 0 0 0 0 290 290 
9606.ENSP00000366542 9606.ENSP00000397312 0 0 0 0 53 0 443 450 
9606.ENSP00000366542 9606.ENSP00000373404 0 0 0 0 153 0 45 156 
9606.ENSP00000366542 9606.ENSP00000254846 0 0 0 0 186 0 49 192 
9606.ENSP00000366542 9606.ENSP00000417980 0 0 0 51 144 0 0 152 
9606.ENSP00000366542 9606.ENSP00000354660 0 0 0 0 0 0 169 169 
9606.ENSP00000366542 9606.ENSP00000269881 0 0 0 0 56 0 393 402 
9606.ENSP00000366542 9606.ENSP00000362608 0 0 0 61 85 0 112 171 
9606.ENSP00000366542 9606.ENSP00000356071 0 0 0 0 0 0 290 290 
9606.ENSP00000366542 9606.ENSP00000310978 0 0 0 0 0 0 426 426 
9606.ENSP00000366542 9606.ENSP00000289619 0 0 0 0 0 0 258 258 
9606.ENSP00000366542 9606.ENSP00000465776 0 0 0 0 214 0 0 214 
9606.ENSP00000366542 9606.ENSP00000264606 0 0 0 0 150 0 43 151 
9606.ENSP00000366542 9606.ENSP00000222644 0 0 0 0 76 0 297 322 
9606.ENSP00000366542 9606.ENSP00000395929 0 0 0 51 144 0 0 152 
9606.ENSP00000366542 9606.ENSP00000332454 0 0 0 56 170 0 0 182 
9606.ENSP00000366542 9606.ENSP00000280057 0 0 0 0 173 0 0 173 
9606.ENSP00000366542 9606.ENSP00000363023 0 0 0 0 0 0 225 225 
9606.ENSP00000366542 9606.ENSP00000328174 0 0 0 0 0 0 165 165 
9606.ENSP00000366542 9606.ENSP00000249356 0 0 0 0 53 0 145 155 
9606.ENSP00000366542 9606.ENSP00000388107 0 0 0 0 185 0 0 185 
9606.ENSP00000366542 9606.ENSP00000309591 0 0 0 78 132 0 49 172 
9606.ENSP00000366542 9606.ENSP00000356530 0 0 0 56 170 0 0 182 
9606.ENSP00000366542 9606.ENSP00000368207 0 0 0 0 51 0 473 478 
9606.ENSP00000366542 9606.ENSP00000364752 0 0 0 0 0 0 398 398 
9606.ENSP00000366542 9606.ENSP00000310244 0 0 0 63 85 0 223 276 
9606.ENSP00000366542 9606.ENSP00000250160 0 0 0 0 0 0 167 167 
9606.ENSP00000366542 9606.ENSP00000391723 0 0 0 0 64 0 173 193 
9606.ENSP00000366542 9606.ENSP00000304360 0 0 0 51 144 0 0 152 
9606.ENSP00000366542 9606.ENSP00000262435 0 0 0 50 68 0 154 186 
9606.ENSP00000366542 9606.ENSP00000437783 0 0 0 0 70 0 267 289 
9606.ENSP00000366542 9606.ENSP00000262013 0 0 0 0 0 0 165 165 
9606.ENSP00000366542 9606.ENSP00000262903 0 0 0 51 159 0 0 167 
9606.ENSP00000366542 9606.ENSP00000363824 0 0 0 0 0 0 284 284 
9606.ENSP00000366542 9606.ENSP00000256433 0 0 0 0 0 0 207 207 
9606.ENSP00000366542 9606.ENSP00000184183 0 0 0 0 0 0 445 445 
9606.ENSP00000366542 9606.ENSP00000360988 0 0 0 0 0 0 267 267 
9606.ENSP00000366542 9606.ENSP00000362649 0 0 0 0 156 0 0 156 
9606.ENSP00000366542 9606.ENSP00000355899 0 0 0 0 0 0 150 150 
9606.ENSP00000366542 9606.ENSP00000257909 0 0 0 0 0 0 267 267 
9606.ENSP00000366542 9606.ENSP00000258383 0 0 0 0 126 0 116 194 
9606.ENSP00000366542 9606.ENSP00000440847 0 0 0 0 64 0 160 180 
9606.ENSP00000366542 9606.ENSP00000298032 0 0 0 0 0 0 535 535 
9606.ENSP00000366542 9606.ENSP00000016946 0 0 0 0 62 0 345 359 
9606.ENSP00000366542 9606.ENSP00000285879 0 0 0 0 0 0 323 323 
9606.ENSP00000366542 9606.ENSP00000405210 0 0 0 0 0 0 443 443 
9606.ENSP00000366542 9606.ENSP00000242728 0 0 0 0 68 0 137 161 
9606.ENSP00000366542 9606.ENSP00000368320 0 0 0 0 0 0 451 451 
9606.ENSP00000366542 9606.ENSP00000442924 0 0 0 51 144 0 0 152 
9606.ENSP00000366542 9606.ENSP00000377601 0 0 0 0 124 0 153 226 
9606.ENSP00000366542 9606.ENSP00000320147 0 0 0 51 164 0 58 187 
9606.ENSP00000366542 9606.ENSP00000301067 0 0 0 51 144 0 0 152 
9606.ENSP00000366542 9606.ENSP00000362674 0 0 0 0 156 0 0 156 
9606.ENSP00000366542 9606.ENSP00000276127 0 0 0 0 0 0 398 398 
9606.ENSP00000366542 9606.ENSP00000316891 0 0 0 0 64 0 250 267 
9606.ENSP00000366542 9606.ENSP00000359375 0 0 0 0 0 0 420 420 
9606.ENSP00000366542 9606.ENSP00000316377 0 0 0 0 0 0 589 589 
9606.ENSP00000366542 9606.ENSP00000476100 0 0 0 0 0 0 229 229 
9606.ENSP00000366542 9606.ENSP00000382688 0 0 0 0 185 0 0 185 
9606.ENSP00000366542 9606.ENSP00000384018 0 0 0 0 185 0 0 185 
9606.ENSP00000366542 9606.ENSP00000443410 0 0 0 0 0 0 500 500 
9606.ENSP00000366542 9606.ENSP00000361746 0 0 0 0 0 0 267 267 
9606.ENSP00000366542 9606.ENSP00000269289 0 0 0 51 144 0 0 152 
9606.ENSP00000366542 9606.ENSP00000360762 0 0 0 42 123 0 167 239 
9606.ENSP00000366542 9606.ENSP00000442573 0 0 0 0 209 0 0 209 
9606.ENSP00000366542 9606.ENSP00000305204 0 0 0 0 0 0 309 309 
9606.ENSP00000366542 9606.ENSP00000419454 0 0 0 55 64 0 503 522 
9606.ENSP00000366542 9606.ENSP00000332750 0 0 0 0 313 0 121 370 
9606.ENSP00000366542 9606.ENSP00000341280 0 0 0 0 185 0 0 185 
9606.ENSP00000366542 9606.ENSP00000404658 0 0 0 51 164 0 0 172 
9606.ENSP00000366542 9606.ENSP00000359534 0 0 0 0 0 0 445 445 
9606.ENSP00000366542 9606.ENSP00000419184 0 0 0 51 144 0 0 152 
9606.ENSP00000366542 9606.ENSP00000442129 0 0 0 0 186 0 0 186 
9606.ENSP00000366542 9606.ENSP00000318029 0 0 0 0 0 0 186 186 
9606.ENSP00000366542 9606.ENSP00000417404 0 0 0 61 76 0 167 214 
9606.ENSP00000366542 9606.ENSP00000448012 0 0 0 0 0 0 161 161 
9606.ENSP00000366542 9606.ENSP00000369424 0 0 0 0 186 0 0 186 
9606.ENSP00000366542 9606.ENSP00000359549 0 0 0 0 0 0 243 243 
9606.ENSP00000366542 9606.ENSP00000483936 0 0 0 0 0 0 718 718 
9606.ENSP00000366542 9606.ENSP00000323074 0 0 0 51 144 0 0 152 
9606.ENSP00000366542 9606.ENSP00000359550 0 0 0 0 0 0 242 242 
