9606.ENSP00000445052 9606.ENSP00000327801 0 0 0 61 164 0 58 195 
9606.ENSP00000445052 9606.ENSP00000355279 0 0 0 0 0 0 173 173 
9606.ENSP00000445052 9606.ENSP00000354687 0 0 0 0 0 0 203 203 
9606.ENSP00000445052 9606.ENSP00000249269 0 0 0 0 0 0 157 157 
9606.ENSP00000445052 9606.ENSP00000420384 0 0 0 64 87 0 414 455 
9606.ENSP00000445052 9606.ENSP00000269391 0 0 0 0 171 0 50 178 
9606.ENSP00000445052 9606.ENSP00000329374 0 0 0 61 185 0 0 201 
9606.ENSP00000445052 9606.ENSP00000350052 0 0 0 63 0 0 134 154 
9606.ENSP00000445052 9606.ENSP00000325978 0 0 0 51 0 0 310 317 
9606.ENSP00000445052 9606.ENSP00000378699 0 0 0 162 0 0 58 178 
9606.ENSP00000445052 9606.ENSP00000369784 0 0 0 0 0 0 211 211 
9606.ENSP00000445052 9606.ENSP00000376303 0 0 0 0 0 0 202 202 
9606.ENSP00000445052 9606.ENSP00000303452 0 0 0 0 0 0 271 271 
9606.ENSP00000445052 9606.ENSP00000295987 0 0 0 0 0 0 231 231 
9606.ENSP00000445052 9606.ENSP00000357769 0 0 0 0 0 0 212 212 
9606.ENSP00000445052 9606.ENSP00000220616 0 0 0 61 161 0 91 221 
9606.ENSP00000445052 9606.ENSP00000267436 0 0 0 0 181 0 0 181 
9606.ENSP00000445052 9606.ENSP00000284878 0 0 0 136 0 0 127 213 
9606.ENSP00000445052 9606.ENSP00000403459 0 0 0 0 0 0 538 538 
9606.ENSP00000445052 9606.ENSP00000254663 0 0 0 61 59 0 143 176 
9606.ENSP00000445052 9606.ENSP00000236671 0 0 0 89 132 0 547 610 
9606.ENSP00000445052 9606.ENSP00000340836 0 0 0 0 0 0 173 173 
9606.ENSP00000445052 9606.ENSP00000366999 0 0 0 55 157 0 0 169 
9606.ENSP00000445052 9606.ENSP00000470555 0 0 0 65 0 0 195 215 
9606.ENSP00000445052 9606.ENSP00000344871 0 0 0 0 77 0 624 638 
9606.ENSP00000445052 9606.ENSP00000345230 0 0 0 101 268 0 98 354 
9606.ENSP00000445052 9606.ENSP00000333203 0 0 0 51 169 0 117 243 
9606.ENSP00000445052 9606.ENSP00000253693 0 0 0 0 0 0 187 187 
9606.ENSP00000445052 9606.ENSP00000335006 0 0 0 0 0 0 171 171 
9606.ENSP00000445052 9606.ENSP00000251643 0 0 0 0 0 0 298 298 
9606.ENSP00000445052 9606.ENSP00000275230 0 0 0 55 0 0 185 196 
9606.ENSP00000445052 9606.ENSP00000355627 0 0 0 0 157 0 90 200 
9606.ENSP00000445052 9606.ENSP00000342850 0 0 0 55 177 0 0 189 
9606.ENSP00000445052 9606.ENSP00000366047 0 0 0 0 0 0 242 242 
9606.ENSP00000445052 9606.ENSP00000328426 0 0 0 0 0 0 293 293 
9606.ENSP00000445052 9606.ENSP00000349677 0 0 0 80 0 0 118 153 
9606.ENSP00000445052 9606.ENSP00000381101 0 0 0 0 157 0 210 305 
9606.ENSP00000445052 9606.ENSP00000398698 0 0 0 0 0 0 221 221 
9606.ENSP00000445052 9606.ENSP00000300305 0 0 0 0 0 900 0 900 
9606.ENSP00000445052 9606.ENSP00000271971 0 0 0 49 0 0 187 193 
9606.ENSP00000445052 9606.ENSP00000323036 0 0 0 0 0 0 165 165 
9606.ENSP00000445052 9606.ENSP00000333277 0 0 0 55 157 0 0 169 
9606.ENSP00000445052 9606.ENSP00000387164 0 0 0 64 0 0 139 159 
9606.ENSP00000445052 9606.ENSP00000238508 0 0 0 0 156 0 0 156 
9606.ENSP00000445052 9606.ENSP00000282091 0 0 0 0 0 0 181 181 
9606.ENSP00000445052 9606.ENSP00000226207 0 0 0 62 161 0 58 193 
9606.ENSP00000445052 9606.ENSP00000237455 0 0 0 0 0 0 167 167 
9606.ENSP00000445052 9606.ENSP00000307833 0 0 0 0 0 0 176 176 
9606.ENSP00000445052 9606.ENSP00000203407 0 0 0 0 0 0 157 157 
9606.ENSP00000445052 9606.ENSP00000379475 0 0 0 62 90 0 125 187 
9606.ENSP00000445052 9606.ENSP00000217026 0 0 0 88 84 0 549 590 
9606.ENSP00000445052 9606.ENSP00000357879 0 0 0 46 210 0 57 227 
9606.ENSP00000445052 9606.ENSP00000295777 0 0 0 0 157 0 91 201 
9606.ENSP00000445052 9606.ENSP00000290541 0 0 0 0 0 0 156 156 
9606.ENSP00000445052 9606.ENSP00000353720 0 0 0 62 161 0 85 217 
9606.ENSP00000445052 9606.ENSP00000308938 0 0 0 62 0 0 143 161 
9606.ENSP00000445052 9606.ENSP00000265023 0 0 0 0 543 0 86 564 
9606.ENSP00000445052 9606.ENSP00000427223 0 0 0 57 0 0 153 167 
9606.ENSP00000445052 9606.ENSP00000188790 0 0 0 61 0 0 154 171 
9606.ENSP00000445052 9606.ENSP00000296417 0 0 0 69 0 0 133 158 
9606.ENSP00000445052 9606.ENSP00000254854 0 0 0 63 0 0 442 454 
9606.ENSP00000445052 9606.ENSP00000311313 0 0 0 0 0 0 647 647 
9606.ENSP00000445052 9606.ENSP00000341584 0 0 0 0 157 900 116 918 
9606.ENSP00000445052 9606.ENSP00000259008 0 0 0 76 0 0 161 191 
9606.ENSP00000445052 9606.ENSP00000404190 0 0 0 100 0 0 368 406 
9606.ENSP00000445052 9606.ENSP00000342082 0 0 0 0 0 0 163 163 
9606.ENSP00000445052 9606.ENSP00000327431 0 0 0 0 260 0 0 260 
9606.ENSP00000445052 9606.ENSP00000370966 0 0 0 0 0 0 250 250 
9606.ENSP00000445052 9606.ENSP00000354499 0 0 0 0 0 0 355 355 
9606.ENSP00000445052 9606.ENSP00000222543 0 0 0 0 0 0 222 222 
9606.ENSP00000445052 9606.ENSP00000462667 0 0 0 0 187 0 0 187 
9606.ENSP00000445052 9606.ENSP00000265062 0 0 0 92 0 0 129 175 
9606.ENSP00000445052 9606.ENSP00000429969 0 0 0 0 0 0 669 669 
9606.ENSP00000445052 9606.ENSP00000431984 0 0 0 0 0 0 230 230 
9606.ENSP00000445052 9606.ENSP00000355890 0 0 0 61 0 0 152 170 
9606.ENSP00000445052 9606.ENSP00000244537 0 0 0 0 187 0 0 187 
9606.ENSP00000445052 9606.ENSP00000428316 0 0 0 0 156 0 0 156 
9606.ENSP00000445052 9606.ENSP00000389870 0 0 0 62 50 0 225 249 
9606.ENSP00000445052 9606.ENSP00000302564 0 0 0 44 0 600 0 601 
9606.ENSP00000445052 9606.ENSP00000393417 0 0 0 0 0 0 167 167 
9606.ENSP00000445052 9606.ENSP00000376184 0 0 0 0 0 0 203 203 
9606.ENSP00000445052 9606.ENSP00000278559 0 0 0 0 0 0 186 186 
9606.ENSP00000445052 9606.ENSP00000484525 0 0 0 61 0 0 142 160 
9606.ENSP00000445052 9606.ENSP00000405330 0 0 0 0 0 0 245 245 
9606.ENSP00000445052 9606.ENSP00000370377 0 0 0 46 0 0 211 215 
9606.ENSP00000445052 9606.ENSP00000359172 0 0 0 51 0 0 168 177 
9606.ENSP00000445052 9606.ENSP00000357789 0 0 0 54 0 0 196 207 
9606.ENSP00000445052 9606.ENSP00000484841 0 0 0 55 157 0 0 169 
9606.ENSP00000445052 9606.ENSP00000362146 0 0 0 120 0 0 80 156 
9606.ENSP00000445052 9606.ENSP00000296754 0 0 0 49 0 0 225 231 
9606.ENSP00000445052 9606.ENSP00000339804 0 0 0 0 0 0 195 195 
9606.ENSP00000445052 9606.ENSP00000377583 0 0 0 0 0 0 183 183 
9606.ENSP00000445052 9606.ENSP00000364114 0 0 0 62 0 900 50 903 
9606.ENSP00000445052 9606.ENSP00000484658 0 0 0 55 157 0 0 169 
9606.ENSP00000445052 9606.ENSP00000375678 0 0 0 0 0 0 243 243 
9606.ENSP00000445052 9606.ENSP00000305288 0 0 0 61 161 0 0 178 
9606.ENSP00000445052 9606.ENSP00000434412 0 0 0 0 157 0 80 191 
9606.ENSP00000445052 9606.ENSP00000261208 0 0 0 63 0 0 141 160 
9606.ENSP00000445052 9606.ENSP00000290155 0 0 0 0 0 0 161 161 
9606.ENSP00000445052 9606.ENSP00000443654 0 0 0 0 0 0 171 171 
9606.ENSP00000445052 9606.ENSP00000404432 0 0 0 0 0 0 246 246 
9606.ENSP00000445052 9606.ENSP00000157812 0 0 0 46 157 0 0 161 
9606.ENSP00000445052 9606.ENSP00000362116 0 0 0 88 130 0 174 287 
9606.ENSP00000445052 9606.ENSP00000375683 0 0 0 0 0 0 361 361 
9606.ENSP00000445052 9606.ENSP00000381567 0 0 0 0 0 0 161 161 
9606.ENSP00000445052 9606.ENSP00000216286 0 0 0 64 161 0 0 181 
9606.ENSP00000445052 9606.ENSP00000336790 0 0 0 61 0 0 133 151 
9606.ENSP00000445052 9606.ENSP00000269051 0 0 0 52 109 0 173 240 
9606.ENSP00000445052 9606.ENSP00000265748 0 0 0 140 0 0 80 175 
9606.ENSP00000445052 9606.ENSP00000218388 0 0 0 62 0 0 643 650 
9606.ENSP00000445052 9606.ENSP00000317214 0 0 0 0 0 0 186 186 
9606.ENSP00000445052 9606.ENSP00000300896 0 0 0 62 109 0 197 270 
9606.ENSP00000445052 9606.ENSP00000426255 0 0 0 0 0 0 187 187 
9606.ENSP00000445052 9606.ENSP00000356379 0 0 0 138 77 0 58 185 
9606.ENSP00000445052 9606.ENSP00000297504 0 0 0 0 0 0 315 315 
9606.ENSP00000445052 9606.ENSP00000265069 0 0 0 0 0 0 248 248 
9606.ENSP00000445052 9606.ENSP00000359629 0 0 0 0 0 0 467 467 
9606.ENSP00000445052 9606.ENSP00000295006 0 0 0 0 0 0 206 206 
9606.ENSP00000445052 9606.ENSP00000222402 0 0 0 0 0 0 183 183 
9606.ENSP00000445052 9606.ENSP00000365295 0 0 0 0 0 0 204 204 
9606.ENSP00000445052 9606.ENSP00000475594 0 0 0 0 64 0 155 175 
9606.ENSP00000445052 9606.ENSP00000327251 0 0 0 61 0 0 137 155 
9606.ENSP00000445052 9606.ENSP00000318197 0 0 0 0 0 0 182 182 
9606.ENSP00000445052 9606.ENSP00000468633 0 0 0 63 0 0 270 286 
9606.ENSP00000445052 9606.ENSP00000216420 0 0 0 0 171 0 50 178 
9606.ENSP00000445052 9606.ENSP00000357709 0 0 0 0 0 0 248 248 
9606.ENSP00000445052 9606.ENSP00000341083 0 0 0 63 0 0 131 150 
9606.ENSP00000445052 9606.ENSP00000355657 0 0 0 55 157 0 0 169 
9606.ENSP00000445052 9606.ENSP00000355778 0 0 0 55 157 0 44 171 
9606.ENSP00000445052 9606.ENSP00000351807 0 0 0 0 0 0 297 297 
9606.ENSP00000445052 9606.ENSP00000251496 0 0 0 151 0 0 0 151 
9606.ENSP00000445052 9606.ENSP00000311746 0 0 0 0 0 0 206 206 
9606.ENSP00000445052 9606.ENSP00000275603 0 0 0 98 0 0 121 174 
9606.ENSP00000445052 9606.ENSP00000365014 0 0 0 0 0 0 242 242 
9606.ENSP00000445052 9606.ENSP00000352252 0 0 0 55 157 0 0 169 
9606.ENSP00000445052 9606.ENSP00000175506 0 0 0 48 0 0 145 151 
9606.ENSP00000445052 9606.ENSP00000386041 0 0 0 62 161 0 58 193 
9606.ENSP00000445052 9606.ENSP00000241052 0 0 0 64 0 0 647 655 
9606.ENSP00000445052 9606.ENSP00000275358 0 0 0 65 0 0 238 257 
9606.ENSP00000445052 9606.ENSP00000483283 0 0 0 55 157 0 0 169 
9606.ENSP00000445052 9606.ENSP00000379210 0 0 0 0 176 0 50 183 
9606.ENSP00000445052 9606.ENSP00000381588 0 0 0 61 0 0 220 236 
9606.ENSP00000445052 9606.ENSP00000363988 0 0 0 62 0 0 179 197 
9606.ENSP00000445052 9606.ENSP00000362730 0 0 0 0 0 0 153 153 
9606.ENSP00000445052 9606.ENSP00000393313 0 0 0 62 128 0 50 155 
9606.ENSP00000445052 9606.ENSP00000430344 0 0 0 0 79 0 120 154 
9606.ENSP00000445052 9606.ENSP00000364076 0 0 0 0 0 900 0 900 
9606.ENSP00000445052 9606.ENSP00000310832 0 0 0 64 192 0 176 323 
9606.ENSP00000445052 9606.ENSP00000302728 0 0 0 62 0 0 227 244 
9606.ENSP00000445052 9606.ENSP00000405635 0 0 0 0 190 0 0 190 
9606.ENSP00000445052 9606.ENSP00000291568 0 0 0 0 172 0 315 408 
9606.ENSP00000445052 9606.ENSP00000377051 0 0 0 61 0 0 172 189 
9606.ENSP00000445052 9606.ENSP00000381448 0 0 0 0 0 0 462 462 
9606.ENSP00000445052 9606.ENSP00000327116 0 0 206 62 0 0 50 230 
9606.ENSP00000445052 9606.ENSP00000385479 0 0 0 55 157 0 0 169 
9606.ENSP00000445052 9606.ENSP00000254722 0 0 0 0 157 0 107 215 
9606.ENSP00000445052 9606.ENSP00000479153 0 0 201 62 0 0 50 225 
9606.ENSP00000445052 9606.ENSP00000242776 0 0 0 62 90 0 125 187 
9606.ENSP00000445052 9606.ENSP00000219400 0 0 0 0 0 0 377 377 
9606.ENSP00000445052 9606.ENSP00000383178 0 0 0 88 0 0 369 400 
9606.ENSP00000445052 9606.ENSP00000390431 0 0 0 62 0 900 50 903 
9606.ENSP00000445052 9606.ENSP00000416066 0 0 0 61 185 0 0 201 
9606.ENSP00000445052 9606.ENSP00000369127 0 0 0 61 83 0 115 171 
9606.ENSP00000445052 9606.ENSP00000415786 0 0 0 0 156 0 0 156 
9606.ENSP00000445052 9606.ENSP00000430236 0 0 0 61 0 0 225 241 
9606.ENSP00000445052 9606.ENSP00000355465 0 0 0 0 0 0 155 155 
9606.ENSP00000445052 9606.ENSP00000319531 0 0 0 78 0 0 137 170 
9606.ENSP00000445052 9606.ENSP00000260302 0 0 0 0 0 900 43 900 
9606.ENSP00000445052 9606.ENSP00000217133 0 0 0 0 0 0 173 173 
9606.ENSP00000445052 9606.ENSP00000338777 0 0 0 0 0 0 175 175 
9606.ENSP00000445052 9606.ENSP00000307280 0 0 0 92 176 0 50 227 
9606.ENSP00000445052 9606.ENSP00000428489 0 0 0 139 0 0 58 155 
9606.ENSP00000445052 9606.ENSP00000337733 0 0 0 0 0 0 329 329 
9606.ENSP00000445052 9606.ENSP00000384719 0 0 0 77 109 0 50 150 
9606.ENSP00000445052 9606.ENSP00000218006 0 0 0 63 0 0 616 624 
9606.ENSP00000445052 9606.ENSP00000393566 0 0 0 0 0 900 55 901 
9606.ENSP00000445052 9606.ENSP00000343445 0 0 0 0 157 0 214 309 
9606.ENSP00000445052 9606.ENSP00000304133 0 0 0 0 0 0 210 210 
9606.ENSP00000445052 9606.ENSP00000355966 0 0 0 157 0 0 0 157 
9606.ENSP00000445052 9606.ENSP00000356671 0 0 0 0 157 0 99 208 
9606.ENSP00000445052 9606.ENSP00000366641 0 0 0 49 50 0 220 233 
9606.ENSP00000445052 9606.ENSP00000353224 50 0 0 0 0 0 251 258 
9606.ENSP00000445052 9606.ENSP00000358815 0 0 0 0 0 0 155 155 
9606.ENSP00000445052 9606.ENSP00000381105 0 0 0 0 0 0 259 259 
9606.ENSP00000445052 9606.ENSP00000388648 0 0 0 141 0 0 81 176 
9606.ENSP00000445052 9606.ENSP00000216181 0 0 0 62 161 0 58 194 
9606.ENSP00000445052 9606.ENSP00000357516 0 0 0 101 268 0 57 325 
9606.ENSP00000445052 9606.ENSP00000385684 0 0 0 61 0 0 148 165 
9606.ENSP00000445052 9606.ENSP00000449328 0 0 0 63 0 0 142 162 
9606.ENSP00000445052 9606.ENSP00000236850 0 0 0 50 0 0 151 159 
9606.ENSP00000445052 9606.ENSP00000376272 0 0 0 140 0 0 354 421 
9606.ENSP00000445052 9606.ENSP00000246194 0 0 0 0 64 0 137 158 
9606.ENSP00000445052 9606.ENSP00000303208 43 0 0 63 85 0 91 154 
9606.ENSP00000445052 9606.ENSP00000216911 0 0 0 117 0 0 440 484 
9606.ENSP00000445052 9606.ENSP00000353072 0 0 0 50 61 0 173 197 
9606.ENSP00000445052 9606.ENSP00000230582 0 0 0 62 0 0 150 168 
9606.ENSP00000445052 9606.ENSP00000401802 0 0 0 61 157 0 0 174 
9606.ENSP00000445052 9606.ENSP00000273550 0 0 0 77 125 0 99 208 
9606.ENSP00000445052 9606.ENSP00000364295 0 0 0 0 0 0 226 226 
9606.ENSP00000445052 9606.ENSP00000320503 0 0 0 0 185 0 0 185 
9606.ENSP00000445052 9606.ENSP00000328547 0 0 0 152 0 0 55 164 
9606.ENSP00000445052 9606.ENSP00000338413 0 0 0 61 185 0 361 468 
9606.ENSP00000445052 9606.ENSP00000357801 0 0 0 61 0 0 200 217 
9606.ENSP00000445052 9606.ENSP00000382713 0 0 0 0 0 0 187 187 
9606.ENSP00000445052 9606.ENSP00000332791 0 0 0 57 0 0 220 233 
9606.ENSP00000445052 9606.ENSP00000215727 0 0 0 0 157 0 101 209 
9606.ENSP00000445052 9606.ENSP00000361842 0 0 0 0 0 0 162 162 
9606.ENSP00000445052 9606.ENSP00000288266 0 0 0 0 0 0 192 192 
9606.ENSP00000445052 9606.ENSP00000275517 0 0 0 136 0 0 63 155 
9606.ENSP00000445052 9606.ENSP00000286091 0 0 0 61 164 0 58 195 
9606.ENSP00000445052 9606.ENSP00000376793 0 0 0 61 244 0 50 266 
9606.ENSP00000445052 9606.ENSP00000227266 0 0 0 62 0 0 164 182 
9606.ENSP00000445052 9606.ENSP00000355195 0 0 0 0 0 0 271 271 
9606.ENSP00000445052 9606.ENSP00000468025 0 0 0 0 0 0 222 222 
9606.ENSP00000445052 9606.ENSP00000255381 0 0 0 62 161 0 58 193 
9606.ENSP00000445052 9606.ENSP00000418842 0 0 0 0 0 0 243 243 
9606.ENSP00000445052 9606.ENSP00000397925 0 0 0 50 56 0 132 153 
9606.ENSP00000445052 9606.ENSP00000366170 0 0 0 0 0 0 286 286 
9606.ENSP00000445052 9606.ENSP00000216714 0 0 0 63 129 0 58 164 
9606.ENSP00000445052 9606.ENSP00000293373 0 0 0 0 0 0 158 158 
9606.ENSP00000445052 9606.ENSP00000299001 0 0 0 0 0 0 167 167 
9606.ENSP00000445052 9606.ENSP00000307540 0 0 0 0 0 0 220 220 
9606.ENSP00000445052 9606.ENSP00000368664 0 0 0 0 0 0 228 228 
9606.ENSP00000445052 9606.ENSP00000421326 0 0 0 50 56 0 132 153 
9606.ENSP00000445052 9606.ENSP00000366974 0 0 0 0 187 0 0 187 
9606.ENSP00000445052 9606.ENSP00000326574 0 0 0 0 0 0 296 296 
9606.ENSP00000445052 9606.ENSP00000480826 0 0 0 55 157 0 0 169 
9606.ENSP00000445052 9606.ENSP00000378427 0 0 0 0 0 0 225 225 
9606.ENSP00000445052 9606.ENSP00000378324 0 0 0 61 83 0 115 171 
9606.ENSP00000445052 9606.ENSP00000250092 0 0 0 62 0 0 319 334 
9606.ENSP00000445052 9606.ENSP00000005226 0 0 0 0 94 0 130 178 
9606.ENSP00000445052 9606.ENSP00000255324 0 0 0 0 0 0 173 173 
9606.ENSP00000445052 9606.ENSP00000352936 0 0 0 62 0 0 156 175 
9606.ENSP00000445052 9606.ENSP00000357256 0 0 0 0 0 0 150 150 
9606.ENSP00000445052 9606.ENSP00000339063 0 0 0 61 84 0 98 156 
9606.ENSP00000445052 9606.ENSP00000390204 0 0 0 0 0 0 183 183 
9606.ENSP00000445052 9606.ENSP00000370867 0 0 0 0 0 0 420 420 
9606.ENSP00000445052 9606.ENSP00000484638 0 0 0 55 157 0 0 169 
9606.ENSP00000445052 9606.ENSP00000304782 0 0 0 61 161 0 0 178 
9606.ENSP00000445052 9606.ENSP00000392500 0 0 0 61 161 0 0 178 
9606.ENSP00000445052 9606.ENSP00000295055 0 0 0 0 0 0 188 188 
9606.ENSP00000445052 9606.ENSP00000312439 0 0 0 0 171 0 50 178 
9606.ENSP00000445052 9606.ENSP00000361405 0 0 0 60 0 0 283 297 
9606.ENSP00000445052 9606.ENSP00000301263 0 0 0 0 0 0 167 167 
9606.ENSP00000445052 9606.ENSP00000244728 0 0 0 54 0 0 191 202 
9606.ENSP00000445052 9606.ENSP00000352522 0 0 0 46 0 0 168 172 
9606.ENSP00000445052 9606.ENSP00000260227 0 1 0 0 0 900 74 903 
9606.ENSP00000445052 9606.ENSP00000305731 0 0 0 0 179 0 186 303 
9606.ENSP00000445052 9606.ENSP00000216336 0 0 0 0 0 0 218 218 
9606.ENSP00000445052 9606.ENSP00000367762 0 0 0 0 145 0 49 152 
9606.ENSP00000445052 9606.ENSP00000225728 0 0 0 46 0 0 203 207 
9606.ENSP00000445052 9606.ENSP00000252463 0 0 0 77 64 0 149 200 
9606.ENSP00000445052 9606.ENSP00000277225 0 0 0 0 64 0 155 175 
9606.ENSP00000445052 9606.ENSP00000264474 0 0 0 0 827 0 232 861 
9606.ENSP00000445052 9606.ENSP00000434729 0 0 0 62 0 0 136 155 
9606.ENSP00000445052 9606.ENSP00000370115 0 0 0 0 157 0 94 204 
9606.ENSP00000445052 9606.ENSP00000262370 0 0 0 0 171 0 50 178 
9606.ENSP00000445052 9606.ENSP00000299767 0 0 0 55 59 0 178 205 
9606.ENSP00000445052 9606.ENSP00000406293 0 0 0 0 0 0 215 215 
9606.ENSP00000445052 9606.ENSP00000354376 0 0 0 69 50 0 127 160 
9606.ENSP00000445052 9606.ENSP00000215743 0 0 0 0 0 0 511 511 
9606.ENSP00000445052 9606.ENSP00000357753 0 0 0 0 0 0 178 178 
9606.ENSP00000445052 9606.ENSP00000437256 0 0 0 0 190 0 94 234 
9606.ENSP00000445052 9606.ENSP00000415151 0 0 0 0 0 900 0 900 
9606.ENSP00000445052 9606.ENSP00000381185 0 0 0 44 0 600 55 607 
9606.ENSP00000445052 9606.ENSP00000358160 0 0 0 55 157 0 0 169 
9606.ENSP00000445052 9606.ENSP00000339835 0 0 0 55 157 0 44 171 
9606.ENSP00000445052 9606.ENSP00000313601 0 0 0 0 0 0 173 173 
9606.ENSP00000445052 9606.ENSP00000349298 0 0 0 0 0 0 151 151 
9606.ENSP00000445052 9606.ENSP00000362555 0 0 0 0 0 0 158 158 
9606.ENSP00000445052 9606.ENSP00000314508 0 0 0 55 0 0 178 189 
9606.ENSP00000445052 9606.ENSP00000256442 0 0 0 139 0 0 402 463 
9606.ENSP00000445052 9606.ENSP00000482271 0 0 0 55 157 0 0 169 
9606.ENSP00000445052 9606.ENSP00000361524 0 0 0 46 0 0 245 248 
9606.ENSP00000445052 9606.ENSP00000219097 0 0 0 88 0 0 279 315 
9606.ENSP00000445052 9606.ENSP00000266085 0 0 0 63 0 0 621 629 
9606.ENSP00000445052 9606.ENSP00000283033 0 0 0 61 164 0 58 195 
9606.ENSP00000445052 9606.ENSP00000364126 0 0 0 63 129 0 58 164 
9606.ENSP00000445052 9606.ENSP00000414904 0 0 110 64 157 0 85 272 
9606.ENSP00000445052 9606.ENSP00000367766 0 0 0 61 138 0 156 257 
9606.ENSP00000445052 9606.ENSP00000357643 0 0 0 88 0 0 354 385 
9606.ENSP00000445052 9606.ENSP00000365899 0 0 0 0 0 0 353 353 
9606.ENSP00000445052 9606.ENSP00000381758 0 0 0 0 0 0 188 188 
9606.ENSP00000445052 9606.ENSP00000440045 0 0 0 50 61 0 203 226 
9606.ENSP00000445052 9606.ENSP00000305302 0 0 0 62 0 0 285 300 
9606.ENSP00000445052 9606.ENSP00000350541 0 0 0 49 0 0 226 232 
9606.ENSP00000445052 9606.ENSP00000315644 0 0 0 121 0 0 75 152 
9606.ENSP00000445052 9606.ENSP00000306245 0 0 0 0 0 0 199 199 
9606.ENSP00000445052 9606.ENSP00000317686 0 0 0 88 64 0 116 179 
9606.ENSP00000445052 9606.ENSP00000386207 0 0 0 0 156 0 0 156 
9606.ENSP00000445052 9606.ENSP00000170168 0 0 0 61 0 0 192 209 
9606.ENSP00000445052 9606.ENSP00000462355 0 0 0 0 187 0 0 187 
9606.ENSP00000445052 9606.ENSP00000220514 0 0 0 151 0 0 0 151 
9606.ENSP00000445052 9606.ENSP00000350708 0 0 0 0 59 0 159 174 
9606.ENSP00000445052 9606.ENSP00000371587 0 0 0 0 109 0 101 164 
9606.ENSP00000445052 9606.ENSP00000298048 0 0 0 161 0 0 226 323 
9606.ENSP00000445052 9606.ENSP00000311318 0 0 0 63 0 0 530 540 
9606.ENSP00000445052 9606.ENSP00000367542 0 0 0 101 268 0 74 337 
9606.ENSP00000445052 9606.ENSP00000252951 0 0 0 0 187 0 0 187 
9606.ENSP00000445052 9606.ENSP00000347507 0 0 0 62 161 0 58 193 
9606.ENSP00000445052 9606.ENSP00000427463 0 0 0 55 0 0 169 181 
9606.ENSP00000445052 9606.ENSP00000281471 0 0 0 62 0 0 131 150 
9606.ENSP00000445052 9606.ENSP00000348565 0 0 264 0 80 0 50 300 
9606.ENSP00000445052 9606.ENSP00000351022 0 0 0 101 268 0 57 325 
9606.ENSP00000445052 9606.ENSP00000263464 0 0 0 0 0 600 63 609 
9606.ENSP00000445052 9606.ENSP00000309474 0 0 0 48 378 0 42 383 
9606.ENSP00000445052 9606.ENSP00000369786 0 0 0 80 181 0 131 288 
9606.ENSP00000445052 9606.ENSP00000311300 0 0 137 64 157 0 221 399 
9606.ENSP00000445052 9606.ENSP00000345359 0 0 0 0 0 0 161 161 
9606.ENSP00000445052 9606.ENSP00000362965 0 0 0 55 0 0 357 366 
9606.ENSP00000445052 9606.ENSP00000288602 0 0 0 0 174 0 52 184 
9606.ENSP00000445052 9606.ENSP00000256759 0 0 0 61 0 0 542 551 
9606.ENSP00000445052 9606.ENSP00000333952 0 0 0 0 0 0 226 226 
9606.ENSP00000445052 9606.ENSP00000372139 0 0 0 0 119 0 92 165 
9606.ENSP00000445052 9606.ENSP00000271651 0 0 65 0 547 0 72 572 
9606.ENSP00000445052 9606.ENSP00000369609 0 0 0 0 260 0 0 260 
9606.ENSP00000445052 9606.ENSP00000375237 0 0 0 0 0 0 205 205 
9606.ENSP00000445052 9606.ENSP00000317842 0 0 0 61 161 0 69 202 
9606.ENSP00000445052 9606.ENSP00000370074 0 0 0 0 156 0 0 156 
9606.ENSP00000445052 9606.ENSP00000353770 0 0 0 134 0 0 191 270 
9606.ENSP00000445052 9606.ENSP00000481029 0 0 0 61 210 0 66 246 
9606.ENSP00000445052 9606.ENSP00000360798 0 0 0 62 128 0 50 155 
9606.ENSP00000445052 9606.ENSP00000337133 0 0 0 50 164 0 0 171 
9606.ENSP00000445052 9606.ENSP00000358795 0 0 0 0 0 0 155 155 
9606.ENSP00000445052 9606.ENSP00000368699 0 0 0 61 70 0 146 189 
9606.ENSP00000445052 9606.ENSP00000307132 0 0 0 0 0 0 347 347 
9606.ENSP00000445052 9606.ENSP00000412292 0 0 0 101 0 0 124 178 
9606.ENSP00000445052 9606.ENSP00000240488 0 0 0 160 0 0 99 210 
9606.ENSP00000445052 9606.ENSP00000377668 0 0 0 0 0 0 402 402 
9606.ENSP00000445052 9606.ENSP00000264187 0 0 0 64 161 0 0 181 
9606.ENSP00000445052 9606.ENSP00000419901 0 0 0 111 0 0 138 200 
9606.ENSP00000445052 9606.ENSP00000319279 85 0 0 61 0 0 90 150 
9606.ENSP00000445052 9606.ENSP00000358154 0 0 0 55 157 0 0 169 
9606.ENSP00000445052 9606.ENSP00000415840 0 0 0 89 132 0 223 331 
9606.ENSP00000445052 9606.ENSP00000355180 0 0 0 54 0 0 256 266 
9606.ENSP00000445052 9606.ENSP00000438553 0 0 0 0 0 0 173 173 
9606.ENSP00000445052 9606.ENSP00000400376 0 0 0 49 0 0 248 254 
9606.ENSP00000445052 9606.ENSP00000358813 0 0 0 140 0 0 56 153 
9606.ENSP00000445052 9606.ENSP00000223095 0 0 0 0 157 0 117 223 
9606.ENSP00000445052 9606.ENSP00000206765 0 0 0 0 0 0 177 177 
9606.ENSP00000445052 9606.ENSP00000396688 0 0 0 0 0 0 187 187 
9606.ENSP00000445052 9606.ENSP00000217182 0 0 0 61 84 0 98 156 
9606.ENSP00000445052 9606.ENSP00000246166 0 0 0 0 0 0 165 165 
9606.ENSP00000445052 9606.ENSP00000266556 0 0 0 64 0 0 165 185 
9606.ENSP00000445052 9606.ENSP00000400882 0 0 0 0 0 0 181 181 
9606.ENSP00000445052 9606.ENSP00000373570 0 0 0 101 0 0 145 198 
9606.ENSP00000445052 9606.ENSP00000261180 0 0 0 49 0 0 202 208 
9606.ENSP00000445052 9606.ENSP00000297873 0 0 0 0 0 0 294 294 
9606.ENSP00000445052 9606.ENSP00000353401 0 0 0 0 0 0 317 317 
9606.ENSP00000445052 9606.ENSP00000296545 0 0 0 77 0 0 155 186 
9606.ENSP00000445052 9606.ENSP00000296509 0 0 0 147 0 0 50 155 
9606.ENSP00000445052 9606.ENSP00000259632 0 0 0 0 0 0 169 169 
9606.ENSP00000445052 9606.ENSP00000219611 0 0 0 0 0 0 188 188 
9606.ENSP00000445052 9606.ENSP00000479794 0 0 0 0 187 0 0 187 
9606.ENSP00000445052 9606.ENSP00000375844 0 0 0 0 0 0 185 185 
9606.ENSP00000445052 9606.ENSP00000301364 0 0 0 48 0 0 185 190 
9606.ENSP00000445052 9606.ENSP00000000412 0 0 0 0 0 0 499 499 
9606.ENSP00000445052 9606.ENSP00000371735 0 0 0 0 0 0 165 165 
9606.ENSP00000445052 9606.ENSP00000381036 0 0 0 0 0 0 189 189 
9606.ENSP00000445052 9606.ENSP00000408146 0 0 0 62 328 900 0 931 
9606.ENSP00000445052 9606.ENSP00000473047 0 0 0 0 0 0 163 163 
9606.ENSP00000445052 9606.ENSP00000254810 0 0 0 55 157 0 44 171 
9606.ENSP00000445052 9606.ENSP00000301532 0 0 0 53 0 0 173 183 
9606.ENSP00000445052 9606.ENSP00000379616 0 0 0 62 161 0 58 193 
9606.ENSP00000445052 9606.ENSP00000366273 0 0 0 0 64 0 646 654 
9606.ENSP00000445052 9606.ENSP00000345344 0 0 49 0 696 0 55 703 
9606.ENSP00000445052 9606.ENSP00000484343 0 0 0 0 157 0 69 181 
9606.ENSP00000445052 9606.ENSP00000420514 0 0 0 0 0 0 491 491 
9606.ENSP00000445052 9606.ENSP00000349960 0 0 0 63 0 0 186 204 
9606.ENSP00000445052 9606.ENSP00000322421 0 0 0 0 195 0 50 202 
9606.ENSP00000445052 9606.ENSP00000264012 0 0 0 88 0 0 116 160 
9606.ENSP00000445052 9606.ENSP00000446955 0 0 0 0 176 0 56 188 
9606.ENSP00000445052 9606.ENSP00000370588 0 0 0 0 0 0 468 468 
9606.ENSP00000445052 9606.ENSP00000369586 0 0 0 0 266 0 0 266 
9606.ENSP00000445052 9606.ENSP00000245552 0 0 0 61 0 0 174 191 
9606.ENSP00000445052 9606.ENSP00000311469 0 0 0 0 0 0 435 435 
9606.ENSP00000445052 9606.ENSP00000442770 0 0 0 48 0 0 161 167 
9606.ENSP00000445052 9606.ENSP00000361562 0 0 0 64 0 0 280 297 
9606.ENSP00000445052 9606.ENSP00000425979 0 0 0 0 160 0 55 172 
9606.ENSP00000445052 9606.ENSP00000349595 0 0 0 50 61 0 203 226 
9606.ENSP00000445052 9606.ENSP00000380349 0 0 0 0 0 0 178 178 
9606.ENSP00000445052 9606.ENSP00000370485 0 0 0 61 161 0 0 178 
9606.ENSP00000445052 9606.ENSP00000302530 0 0 0 178 98 0 55 238 
9606.ENSP00000445052 9606.ENSP00000350359 0 0 0 0 0 0 168 168 
9606.ENSP00000445052 9606.ENSP00000355837 0 0 0 0 0 0 187 187 
9606.ENSP00000445052 9606.ENSP00000384259 0 0 0 63 0 0 529 539 
9606.ENSP00000445052 9606.ENSP00000381072 0 0 0 0 157 0 45 160 
9606.ENSP00000445052 9606.ENSP00000378786 0 0 0 0 0 900 55 901 
9606.ENSP00000445052 9606.ENSP00000482760 43 0 0 62 64 0 172 211 
9606.ENSP00000445052 9606.ENSP00000288235 0 0 0 0 77 0 494 512 
9606.ENSP00000445052 9606.ENSP00000375682 0 0 0 76 0 0 161 191 
9606.ENSP00000445052 9606.ENSP00000335024 0 0 0 0 156 0 0 156 
9606.ENSP00000445052 9606.ENSP00000477613 0 0 0 0 0 600 50 603 
9606.ENSP00000445052 9606.ENSP00000343405 0 0 0 0 0 0 187 187 
9606.ENSP00000445052 9606.ENSP00000313454 0 0 0 61 185 0 50 209 
9606.ENSP00000445052 9606.ENSP00000301464 0 0 0 51 0 0 224 233 
9606.ENSP00000445052 9606.ENSP00000290277 0 0 0 0 0 0 532 532 
9606.ENSP00000445052 9606.ENSP00000347168 0 0 0 0 187 0 0 187 
9606.ENSP00000445052 9606.ENSP00000261170 0 0 0 63 0 0 131 150 
9606.ENSP00000445052 9606.ENSP00000269228 0 0 0 0 0 0 193 193 
9606.ENSP00000445052 9606.ENSP00000315397 0 0 0 0 0 0 186 186 
9606.ENSP00000445052 9606.ENSP00000430774 0 0 0 0 0 0 167 167 
9606.ENSP00000445052 9606.ENSP00000484095 0 0 0 55 157 0 0 169 
9606.ENSP00000445052 9606.ENSP00000321853 0 0 0 0 156 0 0 156 
9606.ENSP00000445052 9606.ENSP00000353210 0 0 0 0 56 0 227 239 
9606.ENSP00000445052 9606.ENSP00000322788 0 0 0 0 0 0 223 223 
9606.ENSP00000445052 9606.ENSP00000342109 0 0 0 61 185 0 0 201 
9606.ENSP00000445052 9606.ENSP00000217131 0 0 118 148 0 0 220 363 
9606.ENSP00000445052 9606.ENSP00000443017 0 0 0 0 187 0 0 187 
9606.ENSP00000445052 9606.ENSP00000336868 0 0 0 115 157 0 107 276 
9606.ENSP00000445052 9606.ENSP00000355467 0 0 0 0 0 0 309 309 
9606.ENSP00000445052 9606.ENSP00000384330 0 0 0 62 161 0 58 193 
9606.ENSP00000445052 9606.ENSP00000322159 0 0 0 63 0 0 521 531 
9606.ENSP00000445052 9606.ENSP00000428864 0 0 0 61 161 0 69 202 
9606.ENSP00000445052 9606.ENSP00000360242 0 0 0 0 0 600 0 600 
9606.ENSP00000445052 9606.ENSP00000450838 0 0 0 61 185 0 0 201 
9606.ENSP00000445052 9606.ENSP00000302194 0 0 0 0 0 0 150 150 
9606.ENSP00000445052 9606.ENSP00000401508 0 0 0 0 0 0 172 172 
9606.ENSP00000445052 9606.ENSP00000481486 0 0 0 0 187 0 0 187 
9606.ENSP00000445052 9606.ENSP00000450540 0 0 0 61 244 0 50 266 
9606.ENSP00000445052 9606.ENSP00000281828 0 0 0 0 263 0 0 263 
9606.ENSP00000445052 9606.ENSP00000364805 0 0 0 61 64 0 128 167 
9606.ENSP00000445052 9606.ENSP00000312070 0 0 0 0 0 0 151 151 
9606.ENSP00000445052 9606.ENSP00000271452 0 0 0 152 0 0 66 174 
9606.ENSP00000445052 9606.ENSP00000450385 0 0 0 62 342 0 50 362 
9606.ENSP00000445052 9606.ENSP00000366265 0 0 0 0 64 0 540 551 
9606.ENSP00000445052 9606.ENSP00000267294 0 0 0 65 64 0 120 162 
9606.ENSP00000445052 9606.ENSP00000347055 0 0 0 0 176 0 50 183 
9606.ENSP00000445052 9606.ENSP00000480960 0 0 0 0 187 0 0 187 
9606.ENSP00000445052 9606.ENSP00000444052 0 0 0 61 161 0 0 178 
9606.ENSP00000445052 9606.ENSP00000009530 0 0 0 61 161 900 81 917 
9606.ENSP00000445052 9606.ENSP00000251595 0 0 0 0 195 0 50 202 
9606.ENSP00000445052 9606.ENSP00000301332 0 0 0 0 0 0 172 172 
9606.ENSP00000445052 9606.ENSP00000318822 0 0 0 0 0 600 0 600 
9606.ENSP00000445052 9606.ENSP00000405165 0 0 0 0 0 0 171 171 
9606.ENSP00000445052 9606.ENSP00000229239 0 0 0 61 0 0 185 202 
9606.ENSP00000445052 9606.ENSP00000326330 43 0 0 89 64 0 93 161 
9606.ENSP00000445052 9606.ENSP00000269571 0 0 0 0 0 0 297 297 
9606.ENSP00000445052 9606.ENSP00000353332 0 0 0 0 0 0 161 161 
9606.ENSP00000445052 9606.ENSP00000303211 0 0 0 61 161 0 0 178 
9606.ENSP00000445052 9606.ENSP00000328768 0 0 0 0 0 0 250 250 
9606.ENSP00000445052 9606.ENSP00000359540 0 0 0 64 0 0 131 151 
9606.ENSP00000445052 9606.ENSP00000365782 0 0 0 51 0 0 159 167 
9606.ENSP00000445052 9606.ENSP00000216027 0 0 0 0 0 0 153 153 
9606.ENSP00000445052 9606.ENSP00000275525 0 0 0 78 0 0 128 162 
9606.ENSP00000445052 9606.ENSP00000382178 0 0 0 0 0 0 203 203 
9606.ENSP00000445052 9606.ENSP00000360268 0 0 0 48 0 0 203 208 
9606.ENSP00000445052 9606.ENSP00000349437 0 0 0 0 0 0 382 382 
9606.ENSP00000445052 9606.ENSP00000301633 0 0 0 137 0 0 302 372 
9606.ENSP00000445052 9606.ENSP00000347665 0 0 0 0 0 900 214 918 
9606.ENSP00000445052 9606.ENSP00000300738 0 0 0 98 0 0 97 151 
9606.ENSP00000445052 9606.ENSP00000297185 0 0 0 63 92 0 97 164 
9606.ENSP00000445052 9606.ENSP00000314030 0 0 0 61 79 0 115 167 
9606.ENSP00000445052 9606.ENSP00000274289 0 0 0 0 180 0 0 180 
9606.ENSP00000445052 9606.ENSP00000325120 0 0 0 0 0 0 339 339 
9606.ENSP00000445052 9606.ENSP00000385247 0 0 0 0 0 0 187 187 
9606.ENSP00000445052 9606.ENSP00000261994 0 0 0 0 157 0 87 197 
9606.ENSP00000445052 9606.ENSP00000292431 0 0 0 0 64 0 182 201 
9606.ENSP00000445052 9606.ENSP00000262873 0 0 0 62 161 0 58 193 
9606.ENSP00000445052 9606.ENSP00000458162 0 0 0 63 0 0 161 180 
9606.ENSP00000445052 9606.ENSP00000240055 0 0 0 62 157 0 85 213 
9606.ENSP00000445052 9606.ENSP00000269491 0 0 0 0 157 0 65 178 
9606.ENSP00000445052 9606.ENSP00000252723 0 0 0 0 0 0 217 217 
9606.ENSP00000445052 9606.ENSP00000217423 0 0 0 0 0 0 680 680 
9606.ENSP00000445052 9606.ENSP00000380131 0 0 0 141 0 0 187 271 
9606.ENSP00000445052 9606.ENSP00000376911 0 0 0 132 0 0 725 751 
9606.ENSP00000445052 9606.ENSP00000372221 0 0 0 0 157 0 46 161 
9606.ENSP00000445052 9606.ENSP00000232607 0 0 0 84 0 0 117 157 
9606.ENSP00000445052 9606.ENSP00000373370 0 0 0 0 0 0 163 163 
9606.ENSP00000445052 9606.ENSP00000378721 0 0 0 48 0 0 173 179 
9606.ENSP00000445052 9606.ENSP00000265074 0 0 0 63 0 0 131 150 
9606.ENSP00000445052 9606.ENSP00000350491 0 0 0 107 0 0 118 178 
9606.ENSP00000445052 9606.ENSP00000361043 0 0 0 131 62 0 0 150 
9606.ENSP00000445052 9606.ENSP00000481699 0 0 0 0 157 0 50 164 
9606.ENSP00000445052 9606.ENSP00000328069 0 0 0 0 0 0 150 150 
9606.ENSP00000445052 9606.ENSP00000401645 0 0 0 0 156 0 0 156 
9606.ENSP00000445052 9606.ENSP00000345672 0 0 121 154 50 0 300 439 
9606.ENSP00000445052 9606.ENSP00000385090 0 0 0 0 0 0 213 213 
9606.ENSP00000445052 9606.ENSP00000246533 0 0 0 0 0 0 234 234 
9606.ENSP00000445052 9606.ENSP00000392204 0 0 0 0 0 0 154 154 
9606.ENSP00000445052 9606.ENSP00000331636 0 0 0 0 0 0 188 188 
9606.ENSP00000445052 9606.ENSP00000479106 0 0 0 0 187 0 0 187 
9606.ENSP00000445052 9606.ENSP00000367034 0 0 0 0 187 0 0 187 
9606.ENSP00000445052 9606.ENSP00000353099 0 0 0 62 0 900 50 903 
9606.ENSP00000445052 9606.ENSP00000357922 0 0 0 0 0 0 382 382 
9606.ENSP00000445052 9606.ENSP00000264218 0 0 0 155 0 0 0 155 
9606.ENSP00000445052 9606.ENSP00000351770 0 0 0 0 0 0 222 222 
9606.ENSP00000445052 9606.ENSP00000261714 0 0 0 0 0 0 178 178 
9606.ENSP00000445052 9606.ENSP00000317331 0 0 0 0 401 0 0 401 
9606.ENSP00000445052 9606.ENSP00000464317 0 0 0 61 159 0 58 191 
9606.ENSP00000445052 9606.ENSP00000265162 0 0 0 49 0 0 203 209 
9606.ENSP00000445052 9606.ENSP00000450857 0 0 0 0 0 0 158 158 
9606.ENSP00000445052 9606.ENSP00000385675 0 0 0 0 0 0 230 230 
9606.ENSP00000445052 9606.ENSP00000300289 0 0 0 61 164 0 72 208 
9606.ENSP00000445052 9606.ENSP00000353590 0 0 0 62 161 0 58 193 
9606.ENSP00000445052 9606.ENSP00000484789 0 0 0 0 187 0 0 187 
9606.ENSP00000445052 9606.ENSP00000238618 0 0 0 0 0 0 195 195 
9606.ENSP00000445052 9606.ENSP00000328551 0 0 0 55 182 0 53 204 
9606.ENSP00000445052 9606.ENSP00000361306 0 0 0 63 0 0 529 539 
9606.ENSP00000445052 9606.ENSP00000258383 0 0 0 0 160 0 92 204 
9606.ENSP00000445052 9606.ENSP00000181383 0 0 0 0 0 0 155 155 
9606.ENSP00000445052 9606.ENSP00000283752 0 0 0 0 157 0 295 380 
9606.ENSP00000445052 9606.ENSP00000339398 0 0 0 0 0 900 0 900 
9606.ENSP00000445052 9606.ENSP00000454903 0 0 0 0 0 0 239 239 
9606.ENSP00000445052 9606.ENSP00000446874 0 0 0 0 0 0 161 161 
9606.ENSP00000445052 9606.ENSP00000222399 0 0 0 0 0 0 189 189 
9606.ENSP00000445052 9606.ENSP00000479461 0 0 0 0 187 0 0 187 
9606.ENSP00000445052 9606.ENSP00000278407 0 0 0 0 156 0 0 156 
9606.ENSP00000445052 9606.ENSP00000476960 0 0 0 55 157 0 0 169 
9606.ENSP00000445052 9606.ENSP00000239374 0 0 0 0 0 0 461 461 
9606.ENSP00000445052 9606.ENSP00000477870 0 0 0 0 187 0 0 187 
9606.ENSP00000445052 9606.ENSP00000324248 0 0 0 0 0 0 488 488 
9606.ENSP00000445052 9606.ENSP00000253719 0 0 0 89 132 0 223 331 
9606.ENSP00000445052 9606.ENSP00000361845 0 0 0 55 0 0 139 152 
9606.ENSP00000445052 9606.ENSP00000361151 0 0 0 61 161 0 47 183 
9606.ENSP00000445052 9606.ENSP00000341610 0 0 0 58 0 0 138 153 
9606.ENSP00000445052 9606.ENSP00000441497 0 0 0 0 157 0 53 167 
9606.ENSP00000445052 9606.ENSP00000364140 0 0 0 0 0 900 83 904 
9606.ENSP00000445052 9606.ENSP00000321239 0 0 0 48 0 0 173 179 
9606.ENSP00000445052 9606.ENSP00000357791 0 0 0 0 0 0 167 167 
9606.ENSP00000445052 9606.ENSP00000286424 0 0 0 61 0 0 135 153 
9606.ENSP00000445052 9606.ENSP00000378394 0 0 0 89 0 0 107 152 
9606.ENSP00000445052 9606.ENSP00000350911 0 0 0 89 132 0 407 490 
9606.ENSP00000445052 9606.ENSP00000365465 0 0 0 0 0 0 216 216 
9606.ENSP00000445052 9606.ENSP00000264381 0 0 0 61 161 0 0 178 
9606.ENSP00000445052 9606.ENSP00000472249 0 0 0 0 0 0 156 156 
9606.ENSP00000445052 9606.ENSP00000357669 0 0 0 63 0 0 131 150 
9606.ENSP00000445052 9606.ENSP00000326570 0 0 0 0 0 0 203 203 
9606.ENSP00000445052 9606.ENSP00000218230 0 0 0 0 0 0 313 313 
9606.ENSP00000445052 9606.ENSP00000417914 0 0 0 0 0 0 224 224 
9606.ENSP00000445052 9606.ENSP00000417404 0 0 0 55 157 0 46 173 
9606.ENSP00000445052 9606.ENSP00000366956 0 0 0 0 187 0 0 187 
9606.ENSP00000445052 9606.ENSP00000364080 0 0 0 62 0 900 50 903 
9606.ENSP00000445052 9606.ENSP00000259803 0 0 0 64 0 0 158 178 
9606.ENSP00000445052 9606.ENSP00000447121 0 0 0 0 0 0 171 171 
9606.ENSP00000445052 9606.ENSP00000220166 0 0 84 0 0 0 140 179 
9606.ENSP00000445052 9606.ENSP00000219406 0 0 0 61 164 0 58 195 
9606.ENSP00000445052 9606.ENSP00000320324 0 0 0 49 0 0 225 231 
9606.ENSP00000445052 9606.ENSP00000351591 0 0 0 61 161 0 0 178 
