9606.ENSP00000210633 9606.ENSP00000243924 0 0 0 0 0 0 165 165 
9606.ENSP00000210633 9606.ENSP00000254759 0 0 0 0 0 0 180 180 
9606.ENSP00000210633 9606.ENSP00000396722 0 0 0 0 69 0 213 236 
9606.ENSP00000210633 9606.ENSP00000422464 0 0 0 0 0 0 188 188 
9606.ENSP00000210633 9606.ENSP00000325296 0 0 0 0 0 0 634 634 
9606.ENSP00000210633 9606.ENSP00000359077 0 0 0 67 0 0 179 201 
9606.ENSP00000210633 9606.ENSP00000256194 0 0 0 0 50 0 197 204 
9606.ENSP00000210633 9606.ENSP00000478721 0 0 0 0 0 0 235 235 
9606.ENSP00000210633 9606.ENSP00000378483 0 0 0 0 0 0 213 213 
9606.ENSP00000210633 9606.ENSP00000309539 0 0 0 0 0 0 398 398 
9606.ENSP00000210633 9606.ENSP00000410452 0 0 0 0 0 0 175 175 
9606.ENSP00000210633 9606.ENSP00000424571 0 0 0 0 64 0 179 198 
9606.ENSP00000210633 9606.ENSP00000378974 0 0 0 62 0 0 230 246 
9606.ENSP00000210633 9606.ENSP00000380903 0 0 0 51 0 0 432 438 
9606.ENSP00000210633 9606.ENSP00000269586 0 0 0 0 82 0 132 169 
9606.ENSP00000210633 9606.ENSP00000225719 0 0 0 0 0 0 232 232 
9606.ENSP00000210633 9606.ENSP00000383118 0 0 0 0 82 0 318 347 
9606.ENSP00000210633 9606.ENSP00000164024 0 0 0 69 0 0 251 273 
9606.ENSP00000210633 9606.ENSP00000293379 0 0 0 0 80 0 132 167 
9606.ENSP00000210633 9606.ENSP00000311127 0 0 0 61 0 0 348 361 
9606.ENSP00000210633 9606.ENSP00000480132 0 0 0 0 69 0 248 270 
9606.ENSP00000210633 9606.ENSP00000321573 0 0 0 0 164 0 227 326 
9606.ENSP00000210633 9606.ENSP00000371152 0 0 0 0 0 0 319 319 
9606.ENSP00000210633 9606.ENSP00000173229 0 0 0 0 90 0 638 656 
9606.ENSP00000210633 9606.ENSP00000346879 0 0 0 0 0 0 173 173 
9606.ENSP00000210633 9606.ENSP00000377471 0 0 0 61 0 0 144 161 
9606.ENSP00000210633 9606.ENSP00000421922 0 0 0 0 0 0 194 194 
9606.ENSP00000210633 9606.ENSP00000367316 0 0 0 0 80 0 347 373 
9606.ENSP00000210633 9606.ENSP00000370571 0 0 0 0 0 0 169 169 
9606.ENSP00000210633 9606.ENSP00000480043 0 0 0 61 0 0 424 436 
9606.ENSP00000210633 9606.ENSP00000407822 0 0 0 0 0 0 163 163 
9606.ENSP00000210633 9606.ENSP00000409171 0 0 0 76 188 600 431 806 
9606.ENSP00000210633 9606.ENSP00000385143 0 0 0 0 0 0 178 178 
9606.ENSP00000210633 9606.ENSP00000366246 0 0 0 0 86 0 188 226 
9606.ENSP00000210633 9606.ENSP00000340820 0 0 0 55 0 0 167 179 
9606.ENSP00000210633 9606.ENSP00000462701 0 0 0 0 0 0 165 165 
9606.ENSP00000210633 9606.ENSP00000418754 0 0 0 0 165 0 46 170 
9606.ENSP00000210633 9606.ENSP00000382684 0 0 0 0 0 0 243 243 
9606.ENSP00000210633 9606.ENSP00000438615 0 0 0 0 0 0 157 157 
9606.ENSP00000210633 9606.ENSP00000343690 0 0 0 0 0 0 242 242 
9606.ENSP00000210633 9606.ENSP00000431418 0 0 0 0 93 0 232 273 
9606.ENSP00000210633 9606.ENSP00000304604 0 0 0 0 60 0 240 255 
9606.ENSP00000210633 9606.ENSP00000359446 0 0 0 0 0 0 638 638 
9606.ENSP00000210633 9606.ENSP00000377372 0 0 0 0 0 0 228 228 
9606.ENSP00000210633 9606.ENSP00000331210 0 0 0 77 0 0 183 214 
9606.ENSP00000210633 9606.ENSP00000376421 0 0 0 0 69 0 251 273 
9606.ENSP00000210633 9606.ENSP00000362680 0 0 0 76 59 0 243 284 
9606.ENSP00000210633 9606.ENSP00000349547 0 0 0 0 0 0 167 167 
9606.ENSP00000210633 9606.ENSP00000262648 0 0 0 61 0 0 199 216 
9606.ENSP00000210633 9606.ENSP00000262948 0 0 0 0 0 0 296 296 
9606.ENSP00000210633 9606.ENSP00000417196 0 0 0 70 0 0 147 172 
9606.ENSP00000210633 9606.ENSP00000386104 0 0 0 0 0 0 278 278 
9606.ENSP00000210633 9606.ENSP00000285735 0 0 0 0 82 0 212 245 
9606.ENSP00000210633 9606.ENSP00000325526 0 0 0 0 0 0 193 193 
9606.ENSP00000210633 9606.ENSP00000215838 0 0 0 61 0 0 160 177 
9606.ENSP00000210633 9606.ENSP00000334329 0 0 0 0 0 0 441 441 
9606.ENSP00000210633 9606.ENSP00000359520 0 0 0 0 0 0 667 667 
9606.ENSP00000210633 9606.ENSP00000357196 0 0 0 61 0 0 222 239 
9606.ENSP00000210633 9606.ENSP00000027335 0 0 0 0 0 0 292 292 
9606.ENSP00000210633 9606.ENSP00000398632 0 0 0 0 0 0 165 165 
9606.ENSP00000210633 9606.ENSP00000278935 0 0 0 61 0 0 208 224 
9606.ENSP00000210633 9606.ENSP00000222990 0 0 0 0 0 0 338 338 
9606.ENSP00000210633 9606.ENSP00000409007 0 0 0 0 0 0 294 294 
9606.ENSP00000210633 9606.ENSP00000374205 0 0 0 0 0 0 195 195 
9606.ENSP00000210633 9606.ENSP00000379140 0 0 0 0 0 0 319 319 
9606.ENSP00000210633 9606.ENSP00000290167 0 0 0 0 0 0 188 188 
9606.ENSP00000210633 9606.ENSP00000258411 0 0 0 0 0 0 153 153 
9606.ENSP00000210633 9606.ENSP00000308576 0 0 0 0 82 0 297 327 
9606.ENSP00000210633 9606.ENSP00000262653 0 0 0 0 126 0 68 150 
9606.ENSP00000210633 9606.ENSP00000385142 0 0 0 0 0 0 250 250 
9606.ENSP00000210633 9606.ENSP00000295897 0 0 0 89 0 0 167 209 
9606.ENSP00000210633 9606.ENSP00000204961 0 0 0 67 0 0 795 801 
9606.ENSP00000210633 9606.ENSP00000245451 0 0 0 0 0 0 187 187 
9606.ENSP00000210633 9606.ENSP00000389140 0 0 0 0 0 0 452 452 
9606.ENSP00000210633 9606.ENSP00000310491 0 0 0 62 0 0 241 258 
9606.ENSP00000210633 9606.ENSP00000256509 0 0 0 0 0 0 278 278 
9606.ENSP00000210633 9606.ENSP00000358451 0 0 0 0 0 0 281 281 
9606.ENSP00000210633 9606.ENSP00000339844 0 0 0 0 0 0 329 329 
9606.ENSP00000210633 9606.ENSP00000325905 0 0 0 0 0 0 211 211 
9606.ENSP00000210633 9606.ENSP00000360530 0 0 0 76 0 0 167 197 
9606.ENSP00000210633 9606.ENSP00000337838 0 0 0 0 0 0 542 542 
9606.ENSP00000210633 9606.ENSP00000276185 0 0 0 0 0 0 581 581 
9606.ENSP00000210633 9606.ENSP00000481994 0 0 0 0 59 0 533 542 
9606.ENSP00000210633 9606.ENSP00000382428 0 0 0 76 400 0 281 566 
9606.ENSP00000210633 9606.ENSP00000302665 0 0 0 0 0 0 190 190 
9606.ENSP00000210633 9606.ENSP00000270235 0 0 0 0 90 0 216 256 
9606.ENSP00000210633 9606.ENSP00000432660 0 0 0 0 0 0 267 267 
9606.ENSP00000210633 9606.ENSP00000261023 0 0 0 0 80 0 136 171 
9606.ENSP00000210633 9606.ENSP00000457421 0 0 0 0 0 0 212 212 
9606.ENSP00000210633 9606.ENSP00000390637 0 0 0 0 0 0 252 252 
9606.ENSP00000210633 9606.ENSP00000368678 0 0 0 76 89 0 223 288 
9606.ENSP00000210633 9606.ENSP00000361021 0 0 0 0 0 0 161 161 
9606.ENSP00000210633 9606.ENSP00000316338 0 0 0 0 0 0 427 427 
9606.ENSP00000210633 9606.ENSP00000275493 0 0 0 0 0 0 242 242 
9606.ENSP00000210633 9606.ENSP00000302486 0 0 0 0 0 0 254 254 
9606.ENSP00000210633 9606.ENSP00000438875 0 0 0 0 0 0 222 222 
9606.ENSP00000210633 9606.ENSP00000317333 0 0 0 0 0 0 198 198 
9606.ENSP00000210633 9606.ENSP00000359319 0 0 0 0 0 0 378 378 
9606.ENSP00000210633 9606.ENSP00000371532 0 0 0 53 0 0 145 155 
9606.ENSP00000210633 9606.ENSP00000249071 0 0 0 0 82 0 196 230 
9606.ENSP00000210633 9606.ENSP00000276201 0 0 0 0 0 0 392 392 
9606.ENSP00000210633 9606.ENSP00000349041 0 0 0 70 0 0 145 170 
9606.ENSP00000210633 9606.ENSP00000322390 0 0 0 0 0 0 208 208 
9606.ENSP00000210633 9606.ENSP00000379350 0 0 0 61 85 0 91 150 
9606.ENSP00000210633 9606.ENSP00000233948 0 0 0 0 0 0 167 167 
9606.ENSP00000210633 9606.ENSP00000466680 0 0 0 0 82 0 307 336 
9606.ENSP00000210633 9606.ENSP00000247026 0 0 0 0 0 0 179 179 
9606.ENSP00000210633 9606.ENSP00000420008 0 0 0 0 0 0 152 152 
9606.ENSP00000210633 9606.ENSP00000377836 0 0 0 0 86 0 172 210 
9606.ENSP00000210633 9606.ENSP00000302100 0 0 0 0 0 0 188 188 
9606.ENSP00000210633 9606.ENSP00000254854 0 0 0 0 161 0 0 161 
9606.ENSP00000210633 9606.ENSP00000256366 0 0 0 0 0 0 540 540 
9606.ENSP00000210633 9606.ENSP00000351664 0 0 0 0 50 0 443 448 
9606.ENSP00000210633 9606.ENSP00000263923 0 0 0 0 0 0 498 498 
9606.ENSP00000210633 9606.ENSP00000238738 0 0 0 0 82 0 189 223 
9606.ENSP00000210633 9606.ENSP00000349486 0 0 0 76 0 0 237 264 
9606.ENSP00000210633 9606.ENSP00000222390 0 0 0 0 0 0 417 417 
9606.ENSP00000210633 9606.ENSP00000355652 0 0 0 63 82 0 211 262 
9606.ENSP00000210633 9606.ENSP00000344488 0 0 0 0 0 0 319 319 
9606.ENSP00000210633 9606.ENSP00000451648 0 0 0 0 0 0 246 246 
9606.ENSP00000210633 9606.ENSP00000398861 0 0 0 62 0 0 240 257 
9606.ENSP00000210633 9606.ENSP00000251535 0 0 0 0 0 0 499 499 
9606.ENSP00000210633 9606.ENSP00000388552 0 0 0 0 0 0 157 157 
9606.ENSP00000210633 9606.ENSP00000269141 0 0 0 0 0 0 286 286 
9606.ENSP00000210633 9606.ENSP00000292377 0 0 0 0 86 0 208 245 
9606.ENSP00000210633 9606.ENSP00000249749 0 0 0 0 64 0 286 303 
9606.ENSP00000210633 9606.ENSP00000400175 0 0 0 0 82 0 440 463 
9606.ENSP00000210633 9606.ENSP00000258526 0 0 0 0 188 0 432 519 
9606.ENSP00000210633 9606.ENSP00000264498 0 0 0 0 0 0 292 292 
9606.ENSP00000210633 9606.ENSP00000356771 0 0 0 0 0 0 267 267 
9606.ENSP00000210633 9606.ENSP00000226091 0 0 0 69 0 0 799 805 
9606.ENSP00000210633 9606.ENSP00000379204 0 0 0 0 0 0 163 163 
9606.ENSP00000210633 9606.ENSP00000380432 0 0 0 0 0 0 169 169 
9606.ENSP00000210633 9606.ENSP00000264775 0 0 0 0 0 0 326 326 
9606.ENSP00000210633 9606.ENSP00000351338 0 0 0 97 188 600 431 811 
9606.ENSP00000210633 9606.ENSP00000283268 0 0 0 0 43 0 149 150 
9606.ENSP00000210633 9606.ENSP00000330382 0 0 0 0 0 0 220 220 
9606.ENSP00000210633 9606.ENSP00000304945 0 0 0 51 0 0 262 269 
9606.ENSP00000210633 9606.ENSP00000330631 0 0 0 62 0 0 196 213 
9606.ENSP00000210633 9606.ENSP00000426653 0 0 0 0 0 0 161 161 
9606.ENSP00000210633 9606.ENSP00000293549 0 0 0 0 0 0 221 221 
9606.ENSP00000210633 9606.ENSP00000282397 0 0 0 0 0 0 428 428 
9606.ENSP00000210633 9606.ENSP00000276414 0 0 0 0 0 0 167 167 
9606.ENSP00000210633 9606.ENSP00000338671 0 0 0 0 82 0 196 230 
9606.ENSP00000210633 9606.ENSP00000333917 0 0 0 0 0 0 220 220 
9606.ENSP00000210633 9606.ENSP00000332737 0 0 0 0 0 0 310 310 
9606.ENSP00000210633 9606.ENSP00000252674 0 0 0 66 0 0 322 339 
9606.ENSP00000210633 9606.ENSP00000306625 0 0 0 0 0 0 412 412 
9606.ENSP00000210633 9606.ENSP00000420321 0 0 0 61 0 0 485 496 
9606.ENSP00000210633 9606.ENSP00000276651 0 0 0 0 0 0 266 266 
9606.ENSP00000210633 9606.ENSP00000406482 0 0 0 0 0 0 150 150 
9606.ENSP00000210633 9606.ENSP00000364448 0 0 0 0 0 0 175 175 
9606.ENSP00000210633 9606.ENSP00000376753 0 0 0 79 131 0 429 503 
9606.ENSP00000210633 9606.ENSP00000350896 0 0 0 0 59 0 515 524 
9606.ENSP00000210633 9606.ENSP00000316476 0 0 0 0 539 0 0 539 
9606.ENSP00000210633 9606.ENSP00000261769 0 0 0 0 0 0 167 167 
9606.ENSP00000210633 9606.ENSP00000304501 0 0 0 0 0 0 402 402 
9606.ENSP00000210633 9606.ENSP00000277541 0 0 0 0 64 0 390 404 
9606.ENSP00000210633 9606.ENSP00000301061 0 0 0 0 0 0 161 161 
9606.ENSP00000210633 9606.ENSP00000471242 0 0 0 0 0 0 187 187 
9606.ENSP00000210633 9606.ENSP00000260356 0 0 0 0 0 0 189 189 
9606.ENSP00000210633 9606.ENSP00000358309 0 0 0 0 59 0 515 524 
9606.ENSP00000210633 9606.ENSP00000244230 0 0 0 0 0 0 387 387 
9606.ENSP00000210633 9606.ENSP00000264051 0 0 0 98 0 0 154 204 
9606.ENSP00000210633 9606.ENSP00000429430 0 0 0 59 0 0 203 218 
9606.ENSP00000210633 9606.ENSP00000341189 0 0 0 62 124 0 345 414 
9606.ENSP00000210633 9606.ENSP00000308208 0 0 0 0 82 0 127 164 
9606.ENSP00000210633 9606.ENSP00000433757 0 0 0 0 156 0 0 156 
9606.ENSP00000210633 9606.ENSP00000406022 0 0 0 0 0 0 327 327 
9606.ENSP00000210633 9606.ENSP00000273064 0 0 0 0 0 0 231 231 
9606.ENSP00000210633 9606.ENSP00000332773 0 0 0 51 0 0 153 162 
9606.ENSP00000210633 9606.ENSP00000267205 0 0 0 0 82 0 212 245 
9606.ENSP00000210633 9606.ENSP00000265171 0 0 0 0 0 0 311 311 
9606.ENSP00000210633 9606.ENSP00000369375 0 0 0 0 0 0 287 287 
9606.ENSP00000210633 9606.ENSP00000409315 0 0 0 0 0 0 187 187 
9606.ENSP00000210633 9606.ENSP00000351905 0 0 0 0 59 0 144 160 
9606.ENSP00000210633 9606.ENSP00000303070 0 0 0 0 188 0 0 188 
9606.ENSP00000210633 9606.ENSP00000352138 0 0 0 0 69 0 124 150 
9606.ENSP00000210633 9606.ENSP00000340176 0 0 0 0 222 0 43 223 
9606.ENSP00000210633 9606.ENSP00000362139 0 0 0 0 59 0 535 544 
9606.ENSP00000210633 9606.ENSP00000335655 0 0 0 0 0 0 223 223 
9606.ENSP00000210633 9606.ENSP00000387435 0 0 0 0 0 0 159 159 
9606.ENSP00000210633 9606.ENSP00000305288 0 0 0 76 50 0 210 245 
9606.ENSP00000210633 9606.ENSP00000344115 0 0 0 0 0 0 226 226 
9606.ENSP00000210633 9606.ENSP00000325819 0 0 0 65 0 0 137 158 
9606.ENSP00000210633 9606.ENSP00000311032 0 0 0 0 0 0 234 234 
9606.ENSP00000210633 9606.ENSP00000321606 0 0 0 0 0 0 296 296 
9606.ENSP00000210633 9606.ENSP00000417335 0 0 0 61 0 0 510 520 
9606.ENSP00000210633 9606.ENSP00000256637 0 0 0 62 0 0 135 154 
9606.ENSP00000210633 9606.ENSP00000166244 0 0 0 0 59 0 523 532 
9606.ENSP00000210633 9606.ENSP00000340677 0 0 0 0 0 0 159 159 
9606.ENSP00000210633 9606.ENSP00000355925 0 0 0 0 0 0 211 211 
9606.ENSP00000210633 9606.ENSP00000293970 0 0 0 0 0 0 153 153 
9606.ENSP00000210633 9606.ENSP00000308461 0 0 0 0 82 0 400 425 
9606.ENSP00000210633 9606.ENSP00000463325 0 0 0 0 0 0 372 372 
9606.ENSP00000210633 9606.ENSP00000317272 0 0 0 0 261 0 369 514 
9606.ENSP00000210633 9606.ENSP00000357393 0 0 0 77 0 0 796 804 
9606.ENSP00000210633 9606.ENSP00000368022 0 0 0 0 151 0 0 151 
9606.ENSP00000210633 9606.ENSP00000350547 0 0 0 62 0 0 154 172 
9606.ENSP00000210633 9606.ENSP00000351646 0 0 0 0 156 0 0 156 
9606.ENSP00000210633 9606.ENSP00000427926 0 0 0 73 82 0 193 253 
9606.ENSP00000210633 9606.ENSP00000265077 0 0 0 0 0 0 173 173 
9606.ENSP00000210633 9606.ENSP00000281537 0 0 0 0 0 0 171 171 
9606.ENSP00000210633 9606.ENSP00000392423 0 0 0 65 0 0 292 309 
9606.ENSP00000210633 9606.ENSP00000265459 0 0 0 63 0 0 234 251 
9606.ENSP00000210633 9606.ENSP00000248958 0 0 0 0 0 0 290 290 
9606.ENSP00000210633 9606.ENSP00000296755 0 0 0 52 0 0 195 204 
9606.ENSP00000210633 9606.ENSP00000357206 0 0 0 49 0 0 187 193 
9606.ENSP00000210633 9606.ENSP00000364133 0 0 0 0 59 0 160 175 
9606.ENSP00000210633 9606.ENSP00000364782 0 0 0 0 0 0 432 432 
9606.ENSP00000210633 9606.ENSP00000370485 0 0 0 0 50 0 214 221 
9606.ENSP00000210633 9606.ENSP00000344786 0 0 0 0 0 0 168 168 
9606.ENSP00000210633 9606.ENSP00000377823 0 0 0 55 0 0 152 164 
9606.ENSP00000210633 9606.ENSP00000339467 0 0 0 0 82 0 207 240 
9606.ENSP00000210633 9606.ENSP00000377721 0 0 0 60 0 0 170 186 
9606.ENSP00000210633 9606.ENSP00000337451 0 0 0 0 59 0 482 492 
9606.ENSP00000210633 9606.ENSP00000275815 0 0 0 0 59 0 618 625 
9606.ENSP00000210633 9606.ENSP00000351520 0 0 0 0 0 0 332 332 
9606.ENSP00000210633 9606.ENSP00000368759 0 0 0 50 0 0 249 256 
9606.ENSP00000210633 9606.ENSP00000268679 0 0 0 0 126 0 68 150 
9606.ENSP00000210633 9606.ENSP00000451040 0 0 0 0 0 0 359 359 
9606.ENSP00000210633 9606.ENSP00000437489 0 0 0 0 0 0 165 165 
9606.ENSP00000210633 9606.ENSP00000341083 0 0 0 70 162 0 0 187 
9606.ENSP00000210633 9606.ENSP00000256196 0 0 0 0 82 0 119 157 
9606.ENSP00000210633 9606.ENSP00000266058 0 0 0 49 0 0 436 441 
9606.ENSP00000210633 9606.ENSP00000355370 0 0 0 0 0 0 211 211 
9606.ENSP00000210633 9606.ENSP00000359864 0 0 0 0 86 0 187 225 
9606.ENSP00000210633 9606.ENSP00000219070 0 0 0 0 82 0 144 180 
9606.ENSP00000210633 9606.ENSP00000370057 0 0 0 0 0 0 268 268 
9606.ENSP00000210633 9606.ENSP00000368169 0 0 0 76 0 0 128 160 
9606.ENSP00000210633 9606.ENSP00000386894 0 0 0 0 0 0 172 172 
9606.ENSP00000210633 9606.ENSP00000352882 0 0 0 0 188 0 433 520 
9606.ENSP00000210633 9606.ENSP00000434033 0 0 0 106 0 0 167 223 
9606.ENSP00000210633 9606.ENSP00000314897 0 0 0 0 0 0 150 150 
9606.ENSP00000210633 9606.ENSP00000362294 0 0 0 0 0 0 175 175 
9606.ENSP00000210633 9606.ENSP00000317128 0 0 0 0 188 0 899 915 
9606.ENSP00000210633 9606.ENSP00000261170 0 0 0 0 161 0 0 161 
9606.ENSP00000210633 9606.ENSP00000455068 0 0 0 0 0 0 175 175 
9606.ENSP00000210633 9606.ENSP00000317580 0 0 0 0 0 0 171 171 
9606.ENSP00000210633 9606.ENSP00000358698 0 0 0 0 0 0 169 169 
9606.ENSP00000210633 9606.ENSP00000355026 0 0 0 0 0 0 252 252 
9606.ENSP00000210633 9606.ENSP00000404100 0 0 0 0 0 0 230 230 
9606.ENSP00000210633 9606.ENSP00000229795 0 0 0 0 0 0 237 237 
9606.ENSP00000210633 9606.ENSP00000265441 0 0 0 0 0 0 198 198 
9606.ENSP00000210633 9606.ENSP00000297904 0 0 0 0 0 0 292 292 
9606.ENSP00000210633 9606.ENSP00000321537 0 0 0 61 123 0 53 152 
9606.ENSP00000210633 9606.ENSP00000043402 0 0 0 67 0 0 400 416 
9606.ENSP00000210633 9606.ENSP00000371936 0 0 0 0 0 0 155 155 
9606.ENSP00000210633 9606.ENSP00000394560 0 0 0 62 0 0 282 297 
9606.ENSP00000210633 9606.ENSP00000347451 0 0 0 65 0 0 349 365 
9606.ENSP00000210633 9606.ENSP00000407586 0 0 0 0 82 0 186 220 
9606.ENSP00000210633 9606.ENSP00000367208 0 0 0 0 156 0 0 156 
9606.ENSP00000210633 9606.ENSP00000239940 0 0 0 0 0 0 208 208 
9606.ENSP00000210633 9606.ENSP00000296474 0 0 0 76 261 0 287 471 
9606.ENSP00000210633 9606.ENSP00000277120 0 0 0 0 93 0 259 299 
9606.ENSP00000210633 9606.ENSP00000477980 0 0 0 0 0 0 203 203 
9606.ENSP00000210633 9606.ENSP00000354207 0 0 0 0 93 0 168 213 
9606.ENSP00000210633 9606.ENSP00000450962 0 0 0 0 0 0 186 186 
9606.ENSP00000210633 9606.ENSP00000479636 0 0 0 49 0 0 246 253 
9606.ENSP00000210633 9606.ENSP00000290015 0 0 0 61 0 0 189 205 
9606.ENSP00000210633 9606.ENSP00000246792 0 0 0 0 82 0 421 445 
9606.ENSP00000210633 9606.ENSP00000358696 0 0 0 0 188 0 433 520 
9606.ENSP00000210633 9606.ENSP00000371219 0 0 0 0 82 0 187 221 
9606.ENSP00000210633 9606.ENSP00000336740 0 0 0 0 59 0 205 219 
9606.ENSP00000210633 9606.ENSP00000357392 0 0 0 70 0 0 793 800 
9606.ENSP00000210633 9606.ENSP00000357268 0 0 0 61 0 0 157 175 
9606.ENSP00000210633 9606.ENSP00000305988 0 0 0 0 0 0 161 161 
9606.ENSP00000210633 9606.ENSP00000200557 0 0 0 95 0 0 147 196 
9606.ENSP00000210633 9606.ENSP00000337697 0 0 0 0 0 0 190 190 
9606.ENSP00000210633 9606.ENSP00000462099 0 0 0 0 0 0 299 299 
9606.ENSP00000210633 9606.ENSP00000384620 0 0 0 0 0 0 224 224 
9606.ENSP00000210633 9606.ENSP00000381003 0 0 0 0 156 0 0 156 
9606.ENSP00000210633 9606.ENSP00000215368 0 0 0 98 0 0 798 810 
9606.ENSP00000210633 9606.ENSP00000295951 0 0 0 0 0 0 332 332 
9606.ENSP00000210633 9606.ENSP00000233146 0 0 0 0 0 0 211 211 
9606.ENSP00000210633 9606.ENSP00000480763 0 0 0 0 59 0 530 539 
9606.ENSP00000210633 9606.ENSP00000252575 0 0 0 0 0 0 195 195 
9606.ENSP00000210633 9606.ENSP00000368265 0 0 0 95 0 0 110 161 
9606.ENSP00000210633 9606.ENSP00000386896 0 0 0 0 80 0 137 172 
9606.ENSP00000210633 9606.ENSP00000358880 0 0 0 88 0 0 153 195 
9606.ENSP00000210633 9606.ENSP00000354255 0 0 0 0 0 0 278 278 
9606.ENSP00000210633 9606.ENSP00000432586 0 0 0 0 0 0 163 163 
9606.ENSP00000210633 9606.ENSP00000237596 0 0 0 0 0 0 353 353 
9606.ENSP00000210633 9606.ENSP00000426741 0 0 0 0 0 0 158 158 
9606.ENSP00000210633 9606.ENSP00000363827 0 0 0 65 89 0 198 257 
9606.ENSP00000210633 9606.ENSP00000362186 0 0 0 0 0 0 294 294 
9606.ENSP00000210633 9606.ENSP00000308032 0 0 0 0 0 0 341 341 
9606.ENSP00000210633 9606.ENSP00000264042 0 0 0 0 0 0 286 286 
9606.ENSP00000210633 9606.ENSP00000469455 0 0 0 0 0 0 428 428 
9606.ENSP00000210633 9606.ENSP00000424226 0 0 0 0 0 0 193 193 
9606.ENSP00000210633 9606.ENSP00000294485 0 0 0 52 0 0 309 316 
9606.ENSP00000210633 9606.ENSP00000324404 0 0 0 0 0 0 412 412 
9606.ENSP00000210633 9606.ENSP00000451828 0 0 0 82 59 0 351 390 
9606.ENSP00000210633 9606.ENSP00000315465 0 0 0 0 69 0 504 519 
9606.ENSP00000210633 9606.ENSP00000397297 0 0 0 0 0 0 470 470 
9606.ENSP00000210633 9606.ENSP00000380093 0 0 0 69 0 0 152 176 
9606.ENSP00000210633 9606.ENSP00000442736 0 0 0 69 188 600 433 805 
9606.ENSP00000210633 9606.ENSP00000275034 0 0 0 0 0 0 180 180 
9606.ENSP00000210633 9606.ENSP00000363068 0 0 0 0 0 0 173 173 
9606.ENSP00000210633 9606.ENSP00000367655 0 0 0 0 188 0 65 208 
9606.ENSP00000210633 9606.ENSP00000359345 0 0 0 0 0 0 354 354 
9606.ENSP00000210633 9606.ENSP00000261797 0 0 0 61 102 0 109 183 
9606.ENSP00000210633 9606.ENSP00000212355 0 0 0 0 0 0 167 167 
9606.ENSP00000210633 9606.ENSP00000229239 0 0 0 0 0 0 189 189 
9606.ENSP00000210633 9606.ENSP00000380942 0 0 0 0 0 0 286 286 
9606.ENSP00000210633 9606.ENSP00000247271 0 0 0 0 0 0 527 527 
9606.ENSP00000210633 9606.ENSP00000351484 0 0 0 0 0 0 231 231 
9606.ENSP00000210633 9606.ENSP00000269571 0 0 0 0 0 0 266 266 
9606.ENSP00000210633 9606.ENSP00000348461 0 0 0 0 82 0 244 276 
9606.ENSP00000210633 9606.ENSP00000252602 0 0 0 0 0 0 173 173 
9606.ENSP00000210633 9606.ENSP00000218006 0 0 0 0 161 0 0 161 
9606.ENSP00000210633 9606.ENSP00000381097 0 0 0 0 59 0 529 538 
9606.ENSP00000210633 9606.ENSP00000230658 0 0 0 0 0 0 242 242 
9606.ENSP00000210633 9606.ENSP00000376345 0 0 0 61 0 0 157 175 
9606.ENSP00000210633 9606.ENSP00000353030 0 0 0 88 0 0 237 274 
9606.ENSP00000210633 9606.ENSP00000234310 0 0 0 0 0 0 226 226 
9606.ENSP00000210633 9606.ENSP00000362354 0 0 0 0 0 0 213 213 
9606.ENSP00000210633 9606.ENSP00000166345 0 0 0 0 165 0 0 165 
9606.ENSP00000210633 9606.ENSP00000332118 0 0 0 65 59 0 521 542 
9606.ENSP00000210633 9606.ENSP00000428340 0 0 0 0 0 0 171 171 
9606.ENSP00000210633 9606.ENSP00000377047 0 0 0 0 0 0 186 186 
9606.ENSP00000210633 9606.ENSP00000284981 0 0 0 88 0 0 164 205 
9606.ENSP00000210633 9606.ENSP00000348888 0 0 0 61 0 0 160 177 
9606.ENSP00000210633 9606.ENSP00000419782 0 0 0 0 0 0 311 311 
9606.ENSP00000210633 9606.ENSP00000414303 0 0 0 0 0 0 510 510 
9606.ENSP00000210633 9606.ENSP00000341170 0 0 0 0 0 0 206 206 
9606.ENSP00000210633 9606.ENSP00000249363 0 0 0 0 0 0 243 243 
9606.ENSP00000210633 9606.ENSP00000347665 0 0 0 87 0 0 168 208 
9606.ENSP00000210633 9606.ENSP00000254958 0 0 0 0 64 0 212 230 
9606.ENSP00000210633 9606.ENSP00000303634 0 0 0 53 0 0 164 175 
9606.ENSP00000210633 9606.ENSP00000233623 0 0 0 0 156 0 0 156 
9606.ENSP00000210633 9606.ENSP00000295108 0 0 0 0 0 0 186 186 
9606.ENSP00000210633 9606.ENSP00000261799 0 0 0 0 0 0 198 198 
9606.ENSP00000210633 9606.ENSP00000364886 0 0 0 0 82 0 325 354 
9606.ENSP00000210633 9606.ENSP00000402257 0 0 0 0 126 0 68 150 
9606.ENSP00000210633 9606.ENSP00000387356 0 0 0 0 0 0 163 163 
9606.ENSP00000210633 9606.ENSP00000342235 0 0 0 0 0 0 165 165 
9606.ENSP00000210633 9606.ENSP00000480791 0 0 0 0 0 0 186 186 
9606.ENSP00000210633 9606.ENSP00000383303 0 0 0 0 69 0 472 487 
9606.ENSP00000210633 9606.ENSP00000293973 0 0 0 0 90 0 115 160 
9606.ENSP00000210633 9606.ENSP00000363763 0 0 0 0 59 0 495 505 
9606.ENSP00000210633 9606.ENSP00000330633 0 0 0 0 0 0 324 324 
9606.ENSP00000210633 9606.ENSP00000341198 0 0 0 69 0 0 412 429 
9606.ENSP00000210633 9606.ENSP00000281821 0 0 0 0 59 0 547 555 
9606.ENSP00000210633 9606.ENSP00000267287 0 0 0 50 0 0 205 213 
9606.ENSP00000210633 9606.ENSP00000364220 0 0 0 0 0 0 281 281 
9606.ENSP00000210633 9606.ENSP00000332164 0 0 0 49 0 0 543 547 
9606.ENSP00000210633 9606.ENSP00000264634 0 0 0 0 0 0 268 268 
9606.ENSP00000210633 9606.ENSP00000261937 0 0 0 0 0 0 400 400 
9606.ENSP00000210633 9606.ENSP00000281321 0 0 0 0 0 0 176 176 
9606.ENSP00000210633 9606.ENSP00000389252 0 0 0 65 64 0 111 154 
9606.ENSP00000210633 9606.ENSP00000263025 0 0 0 0 0 0 230 230 
9606.ENSP00000210633 9606.ENSP00000377061 0 0 0 65 188 0 434 533 
9606.ENSP00000210633 9606.ENSP00000220507 0 0 0 0 82 0 197 231 
9606.ENSP00000210633 9606.ENSP00000320869 0 0 0 0 0 0 173 173 
9606.ENSP00000210633 9606.ENSP00000366267 0 0 0 0 86 0 190 228 
9606.ENSP00000210633 9606.ENSP00000414287 0 0 0 98 0 0 162 211 
9606.ENSP00000210633 9606.ENSP00000385720 0 0 0 84 113 0 259 346 
9606.ENSP00000210633 9606.ENSP00000353331 0 0 0 0 69 0 163 188 
9606.ENSP00000210633 9606.ENSP00000422591 0 0 0 49 0 0 481 486 
9606.ENSP00000210633 9606.ENSP00000483552 0 0 0 0 0 0 286 286 
9606.ENSP00000210633 9606.ENSP00000265074 0 0 0 0 161 0 0 161 
9606.ENSP00000210633 9606.ENSP00000297261 0 0 0 0 0 0 429 429 
9606.ENSP00000210633 9606.ENSP00000265371 0 0 0 0 195 0 818 847 
9606.ENSP00000210633 9606.ENSP00000356000 0 0 0 0 188 0 423 512 
9606.ENSP00000210633 9606.ENSP00000478570 0 0 0 61 0 0 584 592 
9606.ENSP00000210633 9606.ENSP00000264039 0 0 0 67 86 0 266 319 
9606.ENSP00000210633 9606.ENSP00000353007 0 0 0 0 0 0 219 219 
9606.ENSP00000210633 9606.ENSP00000342181 0 0 0 0 0 0 321 321 
9606.ENSP00000210633 9606.ENSP00000380378 0 0 0 61 63 0 172 207 
9606.ENSP00000210633 9606.ENSP00000316729 0 0 0 0 82 0 204 238 
9606.ENSP00000210633 9606.ENSP00000256078 0 0 0 0 82 0 211 244 
9606.ENSP00000210633 9606.ENSP00000379980 0 0 0 49 0 0 251 257 
9606.ENSP00000210633 9606.ENSP00000374323 0 0 0 0 59 0 532 541 
9606.ENSP00000210633 9606.ENSP00000172229 0 0 0 0 0 0 243 243 
9606.ENSP00000210633 9606.ENSP00000272164 0 0 0 54 0 0 188 199 
9606.ENSP00000210633 9606.ENSP00000350928 0 0 0 49 0 0 146 153 
9606.ENSP00000210633 9606.ENSP00000260128 0 0 0 0 0 0 333 333 
9606.ENSP00000210633 9606.ENSP00000312506 0 0 0 69 0 0 268 289 
9606.ENSP00000210633 9606.ENSP00000479618 0 0 0 0 0 0 187 187 
9606.ENSP00000210633 9606.ENSP00000304283 0 0 0 76 82 0 205 266 
9606.ENSP00000210633 9606.ENSP00000264059 0 0 0 0 0 0 150 150 
9606.ENSP00000210633 9606.ENSP00000335397 0 0 0 65 0 0 171 191 
9606.ENSP00000210633 9606.ENSP00000467290 0 0 0 61 0 0 190 207 
9606.ENSP00000210633 9606.ENSP00000394720 0 0 0 84 0 0 147 185 
9606.ENSP00000210633 9606.ENSP00000289968 0 0 0 0 0 0 219 219 
9606.ENSP00000210633 9606.ENSP00000357177 0 0 0 64 0 0 294 310 
9606.ENSP00000210633 9606.ENSP00000368314 0 0 0 0 0 0 361 361 
9606.ENSP00000210633 9606.ENSP00000358525 0 0 0 0 0 0 473 473 
9606.ENSP00000210633 9606.ENSP00000419004 0 0 0 0 0 0 233 233 
9606.ENSP00000210633 9606.ENSP00000357836 0 0 0 0 0 0 314 314 
9606.ENSP00000210633 9606.ENSP00000341032 0 0 0 0 0 0 245 245 
9606.ENSP00000210633 9606.ENSP00000386884 0 0 0 0 0 0 242 242 
9606.ENSP00000210633 9606.ENSP00000226218 0 0 0 92 82 0 171 248 
9606.ENSP00000210633 9606.ENSP00000285018 0 0 0 0 0 0 284 284 
9606.ENSP00000210633 9606.ENSP00000349932 0 0 0 49 0 0 327 333 
9606.ENSP00000210633 9606.ENSP00000376921 0 0 0 0 90 0 328 363 
9606.ENSP00000210633 9606.ENSP00000346671 0 0 0 0 59 0 312 324 
9606.ENSP00000210633 9606.ENSP00000468500 0 0 0 0 0 0 213 213 
9606.ENSP00000210633 9606.ENSP00000341551 0 0 0 0 0 0 212 212 
9606.ENSP00000210633 9606.ENSP00000222462 0 0 0 0 0 0 163 163 
9606.ENSP00000210633 9606.ENSP00000328777 0 0 0 0 0 0 793 793 
9606.ENSP00000210633 9606.ENSP00000421801 0 0 0 91 64 0 82 151 
9606.ENSP00000210633 9606.ENSP00000254066 0 0 0 62 0 0 131 150 
9606.ENSP00000210633 9606.ENSP00000452126 0 0 0 0 0 0 297 297 
9606.ENSP00000210633 9606.ENSP00000359085 0 0 0 0 92 0 343 378 
9606.ENSP00000210633 9606.ENSP00000262043 0 0 0 0 0 0 291 291 
9606.ENSP00000210633 9606.ENSP00000340998 0 0 0 65 0 0 306 323 
9606.ENSP00000210633 9606.ENSP00000351209 0 0 0 0 59 0 450 460 
9606.ENSP00000210633 9606.ENSP00000266744 0 0 0 0 0 0 150 150 
9606.ENSP00000210633 9606.ENSP00000278198 0 0 0 0 0 0 169 169 
9606.ENSP00000210633 9606.ENSP00000321797 0 0 0 0 0 0 212 212 
9606.ENSP00000210633 9606.ENSP00000380638 0 0 0 62 124 0 111 205 
9606.ENSP00000210633 9606.ENSP00000376048 0 0 0 0 84 0 456 480 
9606.ENSP00000210633 9606.ENSP00000363480 0 0 0 68 129 0 73 181 
9606.ENSP00000210633 9606.ENSP00000377854 0 0 0 0 0 0 150 150 
9606.ENSP00000210633 9606.ENSP00000215832 0 0 0 0 0 0 230 230 
9606.ENSP00000210633 9606.ENSP00000245323 0 0 0 0 0 0 792 792 
9606.ENSP00000210633 9606.ENSP00000353582 0 0 0 0 164 0 826 848 
9606.ENSP00000210633 9606.ENSP00000392500 0 0 0 0 50 0 212 219 
9606.ENSP00000210633 9606.ENSP00000272233 0 0 0 0 82 0 172 207 
9606.ENSP00000210633 9606.ENSP00000460236 0 0 0 0 0 0 214 214 
9606.ENSP00000210633 9606.ENSP00000332757 0 0 0 61 0 0 159 176 
9606.ENSP00000210633 9606.ENSP00000284523 0 0 0 0 0 0 155 155 
9606.ENSP00000210633 9606.ENSP00000361405 0 0 0 0 82 0 164 199 
9606.ENSP00000210633 9606.ENSP00000289104 0 0 0 0 82 0 233 265 
9606.ENSP00000210633 9606.ENSP00000310726 0 0 0 0 0 0 173 173 
9606.ENSP00000210633 9606.ENSP00000416015 0 0 0 0 50 0 292 298 
9606.ENSP00000210633 9606.ENSP00000357669 0 0 0 0 162 0 148 255 
9606.ENSP00000210633 9606.ENSP00000482133 0 0 0 0 0 0 340 340 
9606.ENSP00000210633 9606.ENSP00000282486 0 0 0 50 0 0 184 191 
9606.ENSP00000210633 9606.ENSP00000346839 0 0 0 0 0 0 347 347 
9606.ENSP00000210633 9606.ENSP00000355082 0 0 0 0 0 0 168 168 
9606.ENSP00000210633 9606.ENSP00000414378 0 0 0 0 0 0 800 800 
9606.ENSP00000210633 9606.ENSP00000305714 0 0 0 59 0 0 192 207 
9606.ENSP00000210633 9606.ENSP00000350844 0 0 0 0 0 0 317 317 
9606.ENSP00000210633 9606.ENSP00000225512 0 0 0 0 0 0 189 189 
9606.ENSP00000210633 9606.ENSP00000296003 0 0 0 0 0 0 341 341 
9606.ENSP00000210633 9606.ENSP00000380365 0 0 0 63 0 0 379 393 
9606.ENSP00000210633 9606.ENSP00000359095 0 0 0 0 0 0 232 232 
9606.ENSP00000210633 9606.ENSP00000351591 0 0 0 0 50 0 211 218 
