9606.ENSP00000335044 9606.ENSP00000294053 0 0 0 73 0 0 129 158 
9606.ENSP00000335044 9606.ENSP00000294312 0 0 0 0 0 0 216 216 
9606.ENSP00000335044 9606.ENSP00000255226 0 0 0 0 0 0 232 232 
9606.ENSP00000335044 9606.ENSP00000483056 0 0 0 63 136 0 0 155 
9606.ENSP00000335044 9606.ENSP00000280190 0 0 0 146 61 0 57 177 
9606.ENSP00000335044 9606.ENSP00000291582 0 0 0 153 268 0 85 383 
9606.ENSP00000335044 9606.ENSP00000418915 0 0 0 46 0 0 473 475 
9606.ENSP00000335044 9606.ENSP00000312143 0 0 0 63 84 0 103 162 
9606.ENSP00000335044 9606.ENSP00000379946 0 0 0 64 0 0 242 261 
9606.ENSP00000335044 9606.ENSP00000389714 0 0 0 0 0 0 212 212 
9606.ENSP00000335044 9606.ENSP00000386135 0 0 0 63 0 0 146 166 
9606.ENSP00000335044 9606.ENSP00000262419 0 0 0 89 0 0 352 384 
9606.ENSP00000335044 9606.ENSP00000281708 0 0 0 84 75 0 269 326 
9606.ENSP00000335044 9606.ENSP00000380271 0 0 0 64 0 0 204 223 
9606.ENSP00000335044 9606.ENSP00000252818 0 0 0 0 139 0 93 185 
9606.ENSP00000335044 9606.ENSP00000358374 0 0 0 286 0 0 90 322 
9606.ENSP00000335044 9606.ENSP00000374049 0 0 0 0 0 0 210 210 
9606.ENSP00000335044 9606.ENSP00000350052 0 0 0 0 264 0 112 318 
9606.ENSP00000335044 9606.ENSP00000398481 0 0 0 0 0 0 188 188 
9606.ENSP00000335044 9606.ENSP00000262395 0 0 0 0 0 0 181 181 
9606.ENSP00000335044 9606.ENSP00000466897 0 0 0 249 100 0 42 296 
9606.ENSP00000335044 9606.ENSP00000357494 0 0 0 0 84 0 183 220 
9606.ENSP00000335044 9606.ENSP00000444029 0 0 0 189 0 0 51 197 
9606.ENSP00000335044 9606.ENSP00000310649 0 0 0 62 262 0 0 278 
9606.ENSP00000335044 9606.ENSP00000354878 0 0 0 64 0 0 156 176 
9606.ENSP00000335044 9606.ENSP00000366314 0 0 0 61 0 0 266 281 
9606.ENSP00000335044 9606.ENSP00000388402 0 0 0 63 157 0 101 228 
9606.ENSP00000335044 9606.ENSP00000384629 0 0 0 94 81 0 86 173 
9606.ENSP00000335044 9606.ENSP00000416341 0 0 0 0 0 0 154 154 
9606.ENSP00000335044 9606.ENSP00000348573 0 0 0 102 0 0 139 194 
9606.ENSP00000335044 9606.ENSP00000233468 0 0 0 0 0 0 158 158 
9606.ENSP00000335044 9606.ENSP00000254325 0 0 0 87 0 0 229 266 
9606.ENSP00000335044 9606.ENSP00000457466 0 0 0 90 268 0 258 462 
9606.ENSP00000335044 9606.ENSP00000324127 0 0 0 64 0 0 237 255 
9606.ENSP00000335044 9606.ENSP00000382390 0 0 0 0 0 0 190 190 
9606.ENSP00000335044 9606.ENSP00000467141 0 0 0 62 0 0 139 157 
9606.ENSP00000335044 9606.ENSP00000377862 0 0 0 0 0 0 190 190 
9606.ENSP00000335044 9606.ENSP00000235090 0 0 0 64 61 900 0 904 
9606.ENSP00000335044 9606.ENSP00000358794 0 0 0 0 0 0 203 203 
9606.ENSP00000335044 9606.ENSP00000460348 0 0 0 198 80 0 0 230 
9606.ENSP00000335044 9606.ENSP00000262241 0 0 0 116 0 0 168 234 
9606.ENSP00000335044 9606.ENSP00000341219 0 0 0 106 157 0 154 307 
9606.ENSP00000335044 9606.ENSP00000316357 0 0 0 169 0 0 269 366 
9606.ENSP00000335044 9606.ENSP00000349547 0 0 0 0 0 0 183 183 
9606.ENSP00000335044 9606.ENSP00000356234 0 0 0 154 129 0 294 434 
9606.ENSP00000335044 9606.ENSP00000229329 0 0 0 0 0 0 151 151 
9606.ENSP00000335044 9606.ENSP00000257787 0 0 0 131 0 0 142 222 
9606.ENSP00000335044 9606.ENSP00000341805 0 0 0 130 157 800 715 952 
9606.ENSP00000335044 9606.ENSP00000458075 0 0 0 168 0 0 43 169 
9606.ENSP00000335044 9606.ENSP00000373274 0 0 0 0 69 0 205 228 
9606.ENSP00000335044 9606.ENSP00000344215 0 0 0 62 0 0 146 164 
9606.ENSP00000335044 9606.ENSP00000216297 0 0 0 173 0 0 231 338 
9606.ENSP00000335044 9606.ENSP00000276925 0 0 0 46 0 0 199 203 
9606.ENSP00000335044 9606.ENSP00000349677 0 0 0 0 0 0 161 161 
9606.ENSP00000335044 9606.ENSP00000348089 0 0 0 64 268 0 156 371 
9606.ENSP00000335044 9606.ENSP00000265271 0 0 0 194 0 0 0 194 
9606.ENSP00000335044 9606.ENSP00000262519 0 0 0 159 81 0 142 279 
9606.ENSP00000335044 9606.ENSP00000310260 0 0 0 126 0 0 166 239 
9606.ENSP00000335044 9606.ENSP00000300305 0 0 0 0 0 900 43 900 
9606.ENSP00000335044 9606.ENSP00000411532 0 0 0 188 0 0 41 188 
9606.ENSP00000335044 9606.ENSP00000356696 0 0 0 227 0 0 0 227 
9606.ENSP00000335044 9606.ENSP00000362774 0 0 0 345 0 0 0 345 
9606.ENSP00000335044 9606.ENSP00000302630 0 0 0 61 0 0 138 155 
9606.ENSP00000335044 9606.ENSP00000358151 0 0 0 0 157 0 187 285 
9606.ENSP00000335044 9606.ENSP00000407761 0 0 0 0 0 0 217 217 
9606.ENSP00000335044 9606.ENSP00000450864 0 0 0 171 0 0 0 171 
9606.ENSP00000335044 9606.ENSP00000373354 0 0 0 61 134 0 87 192 
9606.ENSP00000335044 9606.ENSP00000435210 0 0 0 133 0 0 78 167 
9606.ENSP00000335044 9606.ENSP00000346886 0 0 0 180 136 0 0 261 
9606.ENSP00000335044 9606.ENSP00000318861 0 0 0 86 85 0 130 209 
9606.ENSP00000335044 9606.ENSP00000450853 0 0 0 0 264 0 97 306 
9606.ENSP00000335044 9606.ENSP00000406229 0 0 0 61 0 0 256 271 
9606.ENSP00000335044 9606.ENSP00000478796 0 0 0 0 264 0 97 306 
9606.ENSP00000335044 9606.ENSP00000415517 0 0 0 0 0 0 222 222 
9606.ENSP00000335044 9606.ENSP00000439189 0 0 0 0 264 0 97 306 
9606.ENSP00000335044 9606.ENSP00000379475 0 0 0 63 0 0 149 168 
9606.ENSP00000335044 9606.ENSP00000266581 0 0 0 0 0 0 326 326 
9606.ENSP00000335044 9606.ENSP00000416534 0 0 0 142 0 0 50 150 
9606.ENSP00000335044 9606.ENSP00000481622 0 0 0 0 156 0 0 156 
9606.ENSP00000335044 9606.ENSP00000339992 0 0 0 77 0 0 129 162 
9606.ENSP00000335044 9606.ENSP00000234160 0 0 0 0 0 0 230 230 
9606.ENSP00000335044 9606.ENSP00000349723 0 0 0 0 69 0 243 265 
9606.ENSP00000335044 9606.ENSP00000304669 0 0 0 0 0 0 161 161 
9606.ENSP00000335044 9606.ENSP00000298910 0 0 0 100 84 0 131 221 
9606.ENSP00000335044 9606.ENSP00000357087 0 0 0 56 145 0 0 158 
9606.ENSP00000335044 9606.ENSP00000263726 0 0 0 0 180 0 87 219 
9606.ENSP00000335044 9606.ENSP00000217026 0 0 0 77 0 0 129 161 
9606.ENSP00000335044 9606.ENSP00000221419 0 0 0 0 0 0 237 237 
9606.ENSP00000335044 9606.ENSP00000261813 0 0 0 0 0 0 226 226 
9606.ENSP00000335044 9606.ENSP00000260327 0 0 0 343 0 0 0 343 
9606.ENSP00000335044 9606.ENSP00000286548 0 0 0 62 0 0 296 312 
9606.ENSP00000335044 9606.ENSP00000306015 0 0 0 60 0 0 180 197 
9606.ENSP00000335044 9606.ENSP00000353769 0 0 0 155 0 0 0 155 
9606.ENSP00000335044 9606.ENSP00000275493 0 0 0 0 180 0 268 374 
9606.ENSP00000335044 9606.ENSP00000265351 0 0 0 150 0 0 0 150 
9606.ENSP00000335044 9606.ENSP00000302967 0 0 0 63 185 0 98 251 
9606.ENSP00000335044 9606.ENSP00000362441 0 0 0 440 268 0 285 681 
9606.ENSP00000335044 9606.ENSP00000302486 0 0 0 0 0 0 225 225 
9606.ENSP00000335044 9606.ENSP00000358854 0 0 0 110 97 0 0 161 
9606.ENSP00000335044 9606.ENSP00000359130 0 0 0 86 0 0 230 266 
9606.ENSP00000335044 9606.ENSP00000430271 0 0 0 63 136 0 0 155 
9606.ENSP00000335044 9606.ENSP00000222329 0 0 0 63 136 0 0 155 
9606.ENSP00000335044 9606.ENSP00000322570 0 0 0 121 0 0 110 185 
9606.ENSP00000335044 9606.ENSP00000468367 0 0 0 106 157 0 125 282 
9606.ENSP00000335044 9606.ENSP00000451263 0 0 0 81 84 0 188 256 
9606.ENSP00000335044 9606.ENSP00000383894 0 0 0 0 0 0 167 167 
9606.ENSP00000335044 9606.ENSP00000296417 0 0 0 88 0 0 150 192 
9606.ENSP00000335044 9606.ENSP00000476136 0 0 0 0 156 0 0 156 
9606.ENSP00000335044 9606.ENSP00000398837 0 0 0 66 81 0 574 602 
9606.ENSP00000335044 9606.ENSP00000433488 0 0 0 64 136 0 0 156 
9606.ENSP00000335044 9606.ENSP00000401946 0 0 0 89 0 0 256 294 
9606.ENSP00000335044 9606.ENSP00000349823 0 0 0 82 268 0 129 364 
9606.ENSP00000335044 9606.ENSP00000312368 0 0 0 0 0 0 530 530 
9606.ENSP00000335044 9606.ENSP00000369674 0 0 0 0 782 0 359 854 
9606.ENSP00000335044 9606.ENSP00000319799 0 0 0 0 0 0 256 256 
9606.ENSP00000335044 9606.ENSP00000312379 0 0 0 116 0 0 102 172 
9606.ENSP00000335044 9606.ENSP00000360162 0 0 0 135 268 0 475 638 
9606.ENSP00000335044 9606.ENSP00000320431 0 0 0 0 0 0 170 170 
9606.ENSP00000335044 9606.ENSP00000279873 0 0 0 62 0 0 177 195 
9606.ENSP00000335044 9606.ENSP00000264555 0 0 0 155 0 0 0 155 
9606.ENSP00000335044 9606.ENSP00000313983 0 0 0 117 81 0 119 223 
9606.ENSP00000335044 9606.ENSP00000369695 0 0 0 0 84 0 219 254 
9606.ENSP00000335044 9606.ENSP00000423550 0 0 0 64 268 0 168 380 
9606.ENSP00000335044 9606.ENSP00000378402 0 0 0 189 262 0 200 479 
9606.ENSP00000335044 9606.ENSP00000440504 0 0 0 63 0 0 131 150 
9606.ENSP00000335044 9606.ENSP00000263382 0 0 0 57 0 0 301 312 
9606.ENSP00000335044 9606.ENSP00000320849 0 0 0 0 0 0 292 292 
9606.ENSP00000335044 9606.ENSP00000376306 0 0 0 188 84 0 0 224 
9606.ENSP00000335044 9606.ENSP00000355577 0 0 0 0 0 0 282 282 
9606.ENSP00000335044 9606.ENSP00000260323 0 0 0 0 0 0 418 418 
9606.ENSP00000335044 9606.ENSP00000414150 0 0 0 64 136 0 0 156 
9606.ENSP00000335044 9606.ENSP00000218089 0 0 0 247 0 0 164 343 
9606.ENSP00000335044 9606.ENSP00000462667 0 0 0 0 127 0 85 167 
9606.ENSP00000335044 9606.ENSP00000453508 0 0 0 62 0 0 195 213 
9606.ENSP00000335044 9606.ENSP00000354775 0 0 0 64 0 0 420 434 
9606.ENSP00000335044 9606.ENSP00000347716 0 0 0 63 98 0 599 631 
9606.ENSP00000335044 9606.ENSP00000362824 0 0 0 76 84 0 211 275 
9606.ENSP00000335044 9606.ENSP00000477507 0 0 0 0 0 0 396 396 
9606.ENSP00000335044 9606.ENSP00000354720 0 0 0 206 64 0 0 225 
9606.ENSP00000335044 9606.ENSP00000281156 0 0 0 63 177 0 104 248 
9606.ENSP00000335044 9606.ENSP00000229307 0 0 0 0 83 0 127 165 
9606.ENSP00000335044 9606.ENSP00000264010 0 0 0 95 69 0 217 282 
9606.ENSP00000335044 9606.ENSP00000244537 0 0 0 0 127 0 85 167 
9606.ENSP00000335044 9606.ENSP00000250617 0 0 0 0 0 0 161 161 
9606.ENSP00000335044 9606.ENSP00000453872 0 0 0 141 0 0 73 169 
9606.ENSP00000335044 9606.ENSP00000377914 0 0 0 0 0 0 203 203 
9606.ENSP00000335044 9606.ENSP00000387784 0 0 0 141 0 0 73 170 
9606.ENSP00000335044 9606.ENSP00000363668 0 0 0 64 0 0 160 180 
9606.ENSP00000335044 9606.ENSP00000332973 0 0 0 61 71 0 139 183 
9606.ENSP00000335044 9606.ENSP00000392718 0 0 0 0 264 0 97 306 
9606.ENSP00000335044 9606.ENSP00000402154 0 0 0 79 185 0 43 218 
9606.ENSP00000335044 9606.ENSP00000282007 0 0 0 179 0 0 75 209 
9606.ENSP00000335044 9606.ENSP00000295757 0 0 0 63 176 0 55 206 
9606.ENSP00000335044 9606.ENSP00000339449 0 0 0 62 103 0 81 159 
9606.ENSP00000335044 9606.ENSP00000274376 0 0 0 64 0 0 322 339 
9606.ENSP00000335044 9606.ENSP00000372689 0 0 0 157 0 0 0 157 
9606.ENSP00000335044 9606.ENSP00000430432 0 0 0 70 185 0 166 313 
9606.ENSP00000335044 9606.ENSP00000466542 0 0 0 84 179 0 63 233 
9606.ENSP00000335044 9606.ENSP00000268712 0 0 0 116 57 0 256 325 
9606.ENSP00000335044 9606.ENSP00000244230 0 0 0 46 0 0 240 244 
9606.ENSP00000335044 9606.ENSP00000356475 0 0 0 163 268 0 97 399 
9606.ENSP00000335044 9606.ENSP00000252071 0 0 0 0 186 0 97 233 
9606.ENSP00000335044 9606.ENSP00000483237 0 0 0 0 157 0 79 190 
9606.ENSP00000335044 9606.ENSP00000262144 0 0 0 111 61 0 104 186 
9606.ENSP00000335044 9606.ENSP00000337976 0 0 0 61 134 0 138 238 
9606.ENSP00000335044 9606.ENSP00000306328 0 0 0 0 161 0 0 161 
9606.ENSP00000335044 9606.ENSP00000397552 0 0 0 93 333 800 762 967 
9606.ENSP00000335044 9606.ENSP00000323720 0 0 0 217 101 0 73 291 
9606.ENSP00000335044 9606.ENSP00000382492 0 0 0 61 0 0 214 231 
9606.ENSP00000335044 9606.ENSP00000269127 0 0 0 78 268 0 85 328 
9606.ENSP00000335044 9606.ENSP00000367064 0 0 0 0 0 0 157 157 
9606.ENSP00000335044 9606.ENSP00000351905 0 0 0 0 84 0 164 201 
9606.ENSP00000335044 9606.ENSP00000215754 0 0 0 61 0 0 389 401 
9606.ENSP00000335044 9606.ENSP00000336606 0 0 0 64 268 0 129 351 
9606.ENSP00000335044 9606.ENSP00000262030 0 0 0 82 84 0 84 162 
9606.ENSP00000335044 9606.ENSP00000370109 0 0 0 59 0 0 146 162 
9606.ENSP00000335044 9606.ENSP00000313851 0 0 0 259 0 0 0 259 
9606.ENSP00000335044 9606.ENSP00000263967 0 0 0 83 0 0 473 496 
9606.ENSP00000335044 9606.ENSP00000483408 0 0 0 148 0 0 55 161 
9606.ENSP00000335044 9606.ENSP00000354590 0 0 0 62 209 0 0 226 
9606.ENSP00000335044 9606.ENSP00000436786 0 0 0 104 81 0 174 261 
9606.ENSP00000335044 9606.ENSP00000262294 0 0 0 64 0 0 198 217 
9606.ENSP00000335044 9606.ENSP00000368710 0 0 0 0 0 0 162 162 
9606.ENSP00000335044 9606.ENSP00000265598 0 0 0 0 189 0 0 189 
9606.ENSP00000335044 9606.ENSP00000302216 0 0 0 0 0 0 406 406 
9606.ENSP00000335044 9606.ENSP00000411073 0 0 0 0 0 0 391 391 
9606.ENSP00000335044 9606.ENSP00000369131 0 0 0 179 262 0 103 409 
9606.ENSP00000335044 9606.ENSP00000456953 0 0 0 0 264 0 97 306 
9606.ENSP00000335044 9606.ENSP00000317272 0 0 0 63 84 0 91 152 
9606.ENSP00000335044 9606.ENSP00000354522 0 0 0 129 0 0 78 163 
9606.ENSP00000335044 9606.ENSP00000316032 0 0 0 130 0 0 174 250 
9606.ENSP00000335044 9606.ENSP00000419765 0 0 0 177 128 0 718 780 
9606.ENSP00000335044 9606.ENSP00000401371 0 0 0 81 0 0 131 167 
9606.ENSP00000335044 9606.ENSP00000304229 0 0 0 53 0 0 240 250 
9606.ENSP00000335044 9606.ENSP00000396704 0 0 0 188 0 0 0 188 
9606.ENSP00000335044 9606.ENSP00000386857 0 0 0 0 264 0 97 306 
9606.ENSP00000335044 9606.ENSP00000321703 0 0 0 0 0 0 441 441 
9606.ENSP00000335044 9606.ENSP00000316578 0 0 0 90 0 0 147 191 
9606.ENSP00000335044 9606.ENSP00000252505 0 0 0 0 161 0 0 161 
9606.ENSP00000335044 9606.ENSP00000413098 0 0 0 154 0 0 0 154 
9606.ENSP00000335044 9606.ENSP00000366396 0 0 0 168 0 0 206 311 
9606.ENSP00000335044 9606.ENSP00000357342 0 0 0 0 0 0 211 211 
9606.ENSP00000335044 9606.ENSP00000417480 0 0 0 0 0 0 169 169 
9606.ENSP00000335044 9606.ENSP00000479139 0 0 0 0 264 0 97 306 
9606.ENSP00000335044 9606.ENSP00000464087 0 0 0 0 0 0 209 209 
9606.ENSP00000335044 9606.ENSP00000368632 0 0 0 64 0 0 171 191 
9606.ENSP00000335044 9606.ENSP00000402515 0 0 0 168 0 0 70 193 
9606.ENSP00000335044 9606.ENSP00000268035 0 0 0 60 84 0 135 190 
9606.ENSP00000335044 9606.ENSP00000265085 0 0 0 0 0 0 195 195 
9606.ENSP00000335044 9606.ENSP00000216271 0 0 0 63 176 0 55 206 
9606.ENSP00000335044 9606.ENSP00000390625 0 0 0 0 0 0 169 169 
9606.ENSP00000335044 9606.ENSP00000341826 0 0 0 55 227 0 42 239 
9606.ENSP00000335044 9606.ENSP00000348564 0 0 0 0 0 0 238 238 
9606.ENSP00000335044 9606.ENSP00000256196 0 0 0 63 164 0 0 183 
9606.ENSP00000335044 9606.ENSP00000306983 0 0 0 53 84 0 132 181 
9606.ENSP00000335044 9606.ENSP00000355778 0 0 0 0 108 0 99 162 
9606.ENSP00000335044 9606.ENSP00000362372 0 0 0 132 61 0 0 150 
9606.ENSP00000335044 9606.ENSP00000258484 0 0 0 100 0 0 132 186 
9606.ENSP00000335044 9606.ENSP00000362748 0 0 0 63 124 0 228 310 
9606.ENSP00000335044 9606.ENSP00000286364 0 0 0 144 0 0 328 400 
9606.ENSP00000335044 9606.ENSP00000468984 0 0 0 0 69 0 307 327 
9606.ENSP00000335044 9606.ENSP00000247843 0 0 0 42 84 0 132 171 
9606.ENSP00000335044 9606.ENSP00000381657 0 0 0 84 0 0 170 208 
9606.ENSP00000335044 9606.ENSP00000386458 0 0 0 155 0 0 49 162 
9606.ENSP00000335044 9606.ENSP00000355013 0 0 0 144 80 0 77 209 
9606.ENSP00000335044 9606.ENSP00000437550 0 0 0 164 0 0 72 191 
9606.ENSP00000335044 9606.ENSP00000288135 0 0 0 61 0 0 211 227 
9606.ENSP00000335044 9606.ENSP00000320485 0 0 0 192 132 0 418 556 
9606.ENSP00000335044 9606.ENSP00000474182 0 0 0 205 0 0 0 205 
9606.ENSP00000335044 9606.ENSP00000319756 0 0 0 63 84 0 103 162 
9606.ENSP00000335044 9606.ENSP00000356448 0 0 0 209 0 0 0 209 
9606.ENSP00000335044 9606.ENSP00000281928 0 0 0 114 0 0 136 201 
9606.ENSP00000335044 9606.ENSP00000364482 0 0 0 0 0 0 479 479 
9606.ENSP00000335044 9606.ENSP00000262188 0 0 0 64 262 800 675 949 
9606.ENSP00000335044 9606.ENSP00000376204 0 0 0 144 81 0 104 233 
9606.ENSP00000335044 9606.ENSP00000289081 0 0 0 0 0 0 183 183 
9606.ENSP00000335044 9606.ENSP00000229179 0 0 0 116 0 0 147 214 
9606.ENSP00000335044 9606.ENSP00000216277 0 0 0 156 0 0 46 160 
9606.ENSP00000335044 9606.ENSP00000271555 0 0 0 85 185 0 43 224 
9606.ENSP00000335044 9606.ENSP00000340874 0 0 0 79 185 0 94 261 
9606.ENSP00000335044 9606.ENSP00000439479 0 0 0 99 0 0 251 296 
9606.ENSP00000335044 9606.ENSP00000352614 0 0 0 81 0 0 246 277 
9606.ENSP00000335044 9606.ENSP00000352673 0 0 0 53 80 0 226 266 
9606.ENSP00000335044 9606.ENSP00000347602 0 0 0 73 0 0 199 226 
9606.ENSP00000335044 9606.ENSP00000367208 0 0 0 62 80 0 348 388 
9606.ENSP00000335044 9606.ENSP00000387361 0 0 0 152 0 0 0 152 
9606.ENSP00000335044 9606.ENSP00000338481 0 0 0 0 0 0 222 222 
9606.ENSP00000335044 9606.ENSP00000383105 0 0 0 63 0 0 168 187 
9606.ENSP00000335044 9606.ENSP00000411099 0 0 0 169 0 0 0 169 
9606.ENSP00000335044 9606.ENSP00000365851 0 0 0 0 0 0 157 157 
9606.ENSP00000335044 9606.ENSP00000297596 0 0 0 55 133 0 47 151 
9606.ENSP00000335044 9606.ENSP00000377250 0 0 0 187 0 0 0 187 
9606.ENSP00000335044 9606.ENSP00000382204 0 0 0 64 0 0 166 186 
9606.ENSP00000335044 9606.ENSP00000358921 0 0 0 0 264 0 97 306 
9606.ENSP00000335044 9606.ENSP00000362592 0 0 0 103 0 0 246 296 
9606.ENSP00000335044 9606.ENSP00000370938 0 0 0 81 0 0 227 259 
9606.ENSP00000335044 9606.ENSP00000446880 0 0 0 123 157 0 129 300 
9606.ENSP00000335044 9606.ENSP00000373696 0 0 0 225 0 0 0 225 
9606.ENSP00000335044 9606.ENSP00000384620 0 0 0 0 167 0 0 167 
9606.ENSP00000335044 9606.ENSP00000452773 0 0 0 0 0 0 196 196 
9606.ENSP00000335044 9606.ENSP00000278616 0 0 0 97 0 0 297 338 
9606.ENSP00000335044 9606.ENSP00000233146 0 0 0 122 0 0 99 175 
9606.ENSP00000335044 9606.ENSP00000231498 0 0 0 235 0 0 0 235 
9606.ENSP00000335044 9606.ENSP00000278823 0 0 0 143 0 0 108 204 
9606.ENSP00000335044 9606.ENSP00000303427 0 0 0 240 0 0 42 241 
9606.ENSP00000335044 9606.ENSP00000251849 0 0 0 69 185 0 79 241 
9606.ENSP00000335044 9606.ENSP00000242776 0 0 0 80 0 0 127 163 
9606.ENSP00000335044 9606.ENSP00000420095 0 0 0 63 0 0 231 249 
9606.ENSP00000335044 9606.ENSP00000274026 0 0 0 86 0 0 119 160 
9606.ENSP00000335044 9606.ENSP00000328327 0 0 0 62 0 0 146 164 
9606.ENSP00000335044 9606.ENSP00000381840 0 0 0 78 69 0 94 154 
9606.ENSP00000335044 9606.ENSP00000432586 0 0 0 61 0 0 271 286 
9606.ENSP00000335044 9606.ENSP00000386759 0 0 0 308 81 0 451 620 
9606.ENSP00000335044 9606.ENSP00000354686 0 0 0 0 69 0 210 233 
9606.ENSP00000335044 9606.ENSP00000280236 0 0 0 0 0 0 151 151 
9606.ENSP00000335044 9606.ENSP00000355465 0 0 0 232 0 0 0 232 
9606.ENSP00000335044 9606.ENSP00000390722 0 0 0 0 261 0 0 261 
9606.ENSP00000335044 9606.ENSP00000398880 0 0 0 128 0 0 91 173 
9606.ENSP00000335044 9606.ENSP00000275034 0 0 0 206 61 0 0 222 
9606.ENSP00000335044 9606.ENSP00000363068 0 0 0 0 0 0 175 175 
9606.ENSP00000335044 9606.ENSP00000372351 0 0 0 117 81 0 115 219 
9606.ENSP00000335044 9606.ENSP00000369390 0 0 0 63 0 0 172 190 
9606.ENSP00000335044 9606.ENSP00000357565 0 0 0 55 185 0 0 196 
9606.ENSP00000335044 9606.ENSP00000311513 0 0 0 190 0 0 197 321 
9606.ENSP00000335044 9606.ENSP00000290231 0 0 0 86 0 0 115 156 
9606.ENSP00000335044 9606.ENSP00000449756 0 0 0 0 0 0 156 156 
9606.ENSP00000335044 9606.ENSP00000370345 0 0 0 228 0 0 0 228 
9606.ENSP00000335044 9606.ENSP00000360141 0 0 0 0 0 0 195 195 
9606.ENSP00000335044 9606.ENSP00000416696 0 0 0 82 264 0 0 295 
9606.ENSP00000335044 9606.ENSP00000349508 0 0 0 205 268 0 209 500 
9606.ENSP00000335044 9606.ENSP00000386869 0 0 0 63 124 0 107 203 
9606.ENSP00000335044 9606.ENSP00000246112 0 0 0 84 179 0 63 233 
9606.ENSP00000335044 9606.ENSP00000358262 0 0 0 139 268 0 381 576 
9606.ENSP00000335044 9606.ENSP00000381958 0 0 0 62 160 0 43 180 
9606.ENSP00000335044 9606.ENSP00000435550 0 0 0 49 0 0 266 272 
9606.ENSP00000335044 9606.ENSP00000282388 0 0 0 63 157 0 50 184 
9606.ENSP00000335044 9606.ENSP00000228741 0 0 0 63 136 0 0 155 
9606.ENSP00000335044 9606.ENSP00000216106 0 0 0 0 0 0 157 157 
9606.ENSP00000335044 9606.ENSP00000262450 0 0 0 153 268 0 85 383 
9606.ENSP00000335044 9606.ENSP00000386520 0 0 0 108 268 0 85 350 
9606.ENSP00000335044 9606.ENSP00000361900 0 0 0 96 84 0 66 159 
9606.ENSP00000335044 9606.ENSP00000255465 0 0 0 86 348 0 54 387 
9606.ENSP00000335044 9606.ENSP00000364555 0 0 0 0 264 0 97 306 
9606.ENSP00000335044 9606.ENSP00000269197 0 0 0 95 0 0 172 218 
9606.ENSP00000335044 9606.ENSP00000264819 0 0 0 63 0 0 166 185 
9606.ENSP00000335044 9606.ENSP00000350681 0 0 0 63 136 0 0 155 
9606.ENSP00000335044 9606.ENSP00000393312 0 0 0 61 0 0 171 188 
9606.ENSP00000335044 9606.ENSP00000419923 0 0 0 0 69 0 171 195 
9606.ENSP00000335044 9606.ENSP00000171111 0 0 0 50 0 0 348 354 
9606.ENSP00000335044 9606.ENSP00000329638 0 0 0 0 0 0 263 263 
9606.ENSP00000335044 9606.ENSP00000398824 0 0 0 153 268 0 121 407 
9606.ENSP00000335044 9606.ENSP00000371475 0 0 0 686 0 0 64 693 
9606.ENSP00000335044 9606.ENSP00000321711 0 0 0 63 0 0 360 375 
9606.ENSP00000335044 9606.ENSP00000334675 0 0 0 77 268 0 115 350 
9606.ENSP00000335044 9606.ENSP00000320688 0 0 0 0 161 0 0 161 
9606.ENSP00000335044 9606.ENSP00000417980 0 0 0 80 134 0 189 298 
9606.ENSP00000335044 9606.ENSP00000216911 0 0 0 74 0 0 150 179 
9606.ENSP00000335044 9606.ENSP00000221494 0 0 0 42 0 0 170 170 
9606.ENSP00000335044 9606.ENSP00000430919 0 0 0 61 50 0 175 200 
9606.ENSP00000335044 9606.ENSP00000276927 0 0 0 0 0 0 485 485 
9606.ENSP00000335044 9606.ENSP00000381577 0 0 0 426 0 0 0 426 
9606.ENSP00000335044 9606.ENSP00000263062 0 0 0 100 0 0 237 284 
9606.ENSP00000335044 9606.ENSP00000357907 0 0 0 81 0 0 173 207 
9606.ENSP00000335044 9606.ENSP00000353344 0 0 0 63 185 0 0 203 
9606.ENSP00000335044 9606.ENSP00000262643 0 0 0 63 0 0 279 296 
9606.ENSP00000335044 9606.ENSP00000263881 0 0 0 63 0 0 205 223 
9606.ENSP00000335044 9606.ENSP00000334300 0 0 0 0 264 0 97 306 
9606.ENSP00000335044 9606.ENSP00000328547 0 0 0 0 0 0 163 163 
9606.ENSP00000335044 9606.ENSP00000254051 0 0 0 56 84 0 224 270 
9606.ENSP00000335044 9606.ENSP00000366962 0 0 0 0 157 0 81 192 
9606.ENSP00000335044 9606.ENSP00000324403 0 0 0 153 268 0 85 383 
9606.ENSP00000335044 9606.ENSP00000410402 0 0 0 0 0 0 226 226 
9606.ENSP00000335044 9606.ENSP00000367075 0 0 0 63 0 0 256 273 
9606.ENSP00000335044 9606.ENSP00000320949 0 0 0 226 0 0 205 359 
9606.ENSP00000335044 9606.ENSP00000228872 0 0 0 0 0 0 256 256 
9606.ENSP00000335044 9606.ENSP00000429601 0 0 0 0 0 0 159 159 
9606.ENSP00000335044 9606.ENSP00000264414 0 0 0 86 0 0 193 231 
9606.ENSP00000335044 9606.ENSP00000363386 0 0 0 0 0 0 351 351 
9606.ENSP00000335044 9606.ENSP00000271715 0 0 0 104 102 0 87 202 
9606.ENSP00000335044 9606.ENSP00000264183 0 0 0 82 0 0 147 183 
9606.ENSP00000335044 9606.ENSP00000479284 0 0 0 0 156 0 0 156 
9606.ENSP00000335044 9606.ENSP00000246070 0 0 0 0 189 0 0 189 
9606.ENSP00000335044 9606.ENSP00000340610 0 0 0 0 264 0 97 306 
9606.ENSP00000335044 9606.ENSP00000344456 0 0 0 0 0 0 450 450 
9606.ENSP00000335044 9606.ENSP00000334458 0 0 0 64 0 0 145 165 
9606.ENSP00000335044 9606.ENSP00000436901 0 0 0 84 129 0 687 728 
9606.ENSP00000335044 9606.ENSP00000398131 0 0 0 68 95 0 204 269 
9606.ENSP00000335044 9606.ENSP00000323421 0 0 0 156 86 0 46 200 
9606.ENSP00000335044 9606.ENSP00000371614 0 0 0 62 262 0 0 278 
9606.ENSP00000335044 9606.ENSP00000479618 0 0 0 0 0 0 302 302 
9606.ENSP00000335044 9606.ENSP00000334474 0 0 0 134 0 0 107 194 
9606.ENSP00000335044 9606.ENSP00000359804 0 0 0 88 0 0 111 154 
9606.ENSP00000335044 9606.ENSP00000445831 0 0 0 0 156 0 0 156 
9606.ENSP00000335044 9606.ENSP00000333012 0 0 0 65 0 0 514 527 
9606.ENSP00000335044 9606.ENSP00000374213 0 0 0 144 268 0 184 444 
9606.ENSP00000335044 9606.ENSP00000239938 0 0 0 0 152 0 58 167 
9606.ENSP00000335044 9606.ENSP00000262320 0 0 0 67 0 0 473 487 
9606.ENSP00000335044 9606.ENSP00000293677 0 0 0 138 0 0 103 193 
9606.ENSP00000335044 9606.ENSP00000428878 0 0 0 0 69 0 186 209 
9606.ENSP00000335044 9606.ENSP00000358548 0 0 0 63 185 0 357 466 
9606.ENSP00000335044 9606.ENSP00000362649 0 0 0 105 185 0 243 400 
9606.ENSP00000335044 9606.ENSP00000340226 0 0 0 81 0 0 181 215 
9606.ENSP00000335044 9606.ENSP00000304327 0 0 0 0 0 900 0 900 
9606.ENSP00000335044 9606.ENSP00000354957 0 0 0 189 64 0 54 219 
9606.ENSP00000335044 9606.ENSP00000329466 0 0 0 0 0 0 190 190 
9606.ENSP00000335044 9606.ENSP00000263238 0 0 0 0 186 0 108 243 
9606.ENSP00000335044 9606.ENSP00000354543 0 0 0 0 230 0 0 230 
9606.ENSP00000335044 9606.ENSP00000361473 0 0 0 63 0 0 132 152 
9606.ENSP00000335044 9606.ENSP00000341243 0 0 0 77 0 0 130 162 
9606.ENSP00000335044 9606.ENSP00000283195 0 0 0 141 0 0 88 183 
9606.ENSP00000335044 9606.ENSP00000473172 0 0 0 77 101 0 128 213 
9606.ENSP00000335044 9606.ENSP00000366974 0 0 0 0 127 0 85 167 
9606.ENSP00000335044 9606.ENSP00000351947 0 0 0 80 117 0 0 152 
9606.ENSP00000335044 9606.ENSP00000346389 0 0 0 79 185 0 43 218 
9606.ENSP00000335044 9606.ENSP00000341551 0 0 0 62 71 0 327 362 
9606.ENSP00000335044 9606.ENSP00000261800 0 0 0 61 0 0 135 153 
9606.ENSP00000335044 9606.ENSP00000301067 0 0 0 82 81 0 609 641 
9606.ENSP00000335044 9606.ENSP00000289228 0 0 0 0 264 0 97 306 
9606.ENSP00000335044 9606.ENSP00000480826 0 0 0 0 173 0 85 211 
9606.ENSP00000335044 9606.ENSP00000365210 0 0 0 183 0 0 0 183 
9606.ENSP00000335044 9606.ENSP00000250092 0 0 0 0 189 0 0 189 
9606.ENSP00000335044 9606.ENSP00000269439 0 0 0 129 0 0 73 158 
9606.ENSP00000335044 9606.ENSP00000382688 0 0 0 154 129 0 239 390 
9606.ENSP00000335044 9606.ENSP00000290378 0 0 0 0 264 0 97 306 
9606.ENSP00000335044 9606.ENSP00000215793 0 0 0 53 0 0 145 155 
9606.ENSP00000335044 9606.ENSP00000370698 0 0 0 0 0 0 161 161 
9606.ENSP00000335044 9606.ENSP00000384018 0 0 0 116 57 0 69 156 
9606.ENSP00000335044 9606.ENSP00000378181 0 0 0 177 942 800 884 998 
9606.ENSP00000335044 9606.ENSP00000366380 0 0 0 0 0 0 199 199 
9606.ENSP00000335044 9606.ENSP00000366618 0 0 0 0 156 0 0 156 
9606.ENSP00000335044 9606.ENSP00000264951 0 0 0 203 0 0 101 252 
9606.ENSP00000335044 9606.ENSP00000333633 0 0 0 66 0 0 145 167 
9606.ENSP00000335044 9606.ENSP00000171887 0 0 0 63 84 0 163 219 
9606.ENSP00000335044 9606.ENSP00000387176 0 0 0 0 264 0 97 306 
9606.ENSP00000335044 9606.ENSP00000263826 0 0 0 0 84 0 120 159 
9606.ENSP00000335044 9606.ENSP00000337180 0 0 0 0 0 0 238 238 
9606.ENSP00000335044 9606.ENSP00000215832 0 0 0 0 124 0 89 168 
9606.ENSP00000335044 9606.ENSP00000341280 0 0 0 99 94 0 222 310 
9606.ENSP00000335044 9606.ENSP00000356579 0 0 0 243 0 0 48 248 
9606.ENSP00000335044 9606.ENSP00000259667 0 0 0 53 0 0 159 169 
9606.ENSP00000335044 9606.ENSP00000358404 0 0 0 78 0 0 189 221 
9606.ENSP00000335044 9606.ENSP00000310726 0 0 0 0 0 0 264 264 
9606.ENSP00000335044 9606.ENSP00000392028 0 0 0 79 442 0 238 575 
9606.ENSP00000335044 9606.ENSP00000267101 0 0 0 0 180 0 112 241 
9606.ENSP00000335044 9606.ENSP00000341324 0 0 0 61 0 0 270 285 
9606.ENSP00000335044 9606.ENSP00000429084 0 0 0 309 0 0 73 332 
9606.ENSP00000335044 9606.ENSP00000254286 0 0 0 0 264 0 97 306 
9606.ENSP00000335044 9606.ENSP00000368884 0 0 0 64 0 0 438 452 
9606.ENSP00000335044 9606.ENSP00000384604 0 0 0 0 0 0 332 332 
9606.ENSP00000335044 9606.ENSP00000231790 0 0 0 93 0 0 166 211 
9606.ENSP00000335044 9606.ENSP00000384197 0 0 0 62 0 0 148 167 
9606.ENSP00000335044 9606.ENSP00000336750 0 0 0 0 0 0 161 161 
9606.ENSP00000335044 9606.ENSP00000408411 0 0 0 0 189 0 0 189 
9606.ENSP00000335044 9606.ENSP00000381167 0 0 0 58 0 0 241 254 
9606.ENSP00000335044 9606.ENSP00000414237 0 0 0 62 0 0 145 163 
9606.ENSP00000335044 9606.ENSP00000312244 0 0 0 64 0 0 537 548 
9606.ENSP00000335044 9606.ENSP00000357702 0 0 0 0 0 0 189 189 
9606.ENSP00000335044 9606.ENSP00000374280 0 0 0 128 0 0 82 165 
9606.ENSP00000335044 9606.ENSP00000360266 0 0 0 0 139 0 133 222 
9606.ENSP00000335044 9606.ENSP00000381932 0 0 0 163 0 0 0 163 
9606.ENSP00000335044 9606.ENSP00000382863 0 0 0 119 268 0 224 456 
9606.ENSP00000335044 9606.ENSP00000282030 0 0 0 144 81 0 49 186 
9606.ENSP00000335044 9606.ENSP00000263805 0 0 0 148 69 0 0 172 
9606.ENSP00000335044 9606.ENSP00000483721 0 0 0 0 0 0 181 181 
9606.ENSP00000335044 9606.ENSP00000307288 0 0 0 178 0 0 110 238 
9606.ENSP00000335044 9606.ENSP00000437256 0 0 0 114 0 0 100 168 
9606.ENSP00000335044 9606.ENSP00000335357 0 0 0 56 145 0 99 209 
9606.ENSP00000335044 9606.ENSP00000384490 0 0 0 62 0 0 172 190 
9606.ENSP00000335044 9606.ENSP00000362361 0 0 0 62 0 0 138 157 
9606.ENSP00000335044 9606.ENSP00000341247 0 0 0 0 95 0 204 248 
9606.ENSP00000335044 9606.ENSP00000257861 0 0 0 62 0 0 186 204 
9606.ENSP00000335044 9606.ENSP00000415151 0 0 0 45 0 900 0 900 
9606.ENSP00000335044 9606.ENSP00000469647 0 0 0 63 157 0 50 184 
9606.ENSP00000335044 9606.ENSP00000386433 0 0 0 123 0 0 105 181 
9606.ENSP00000335044 9606.ENSP00000388510 0 0 0 78 0 0 176 207 
9606.ENSP00000335044 9606.ENSP00000296702 0 0 0 159 0 0 0 159 
9606.ENSP00000335044 9606.ENSP00000331897 0 0 0 0 0 0 235 235 
9606.ENSP00000335044 9606.ENSP00000316512 0 0 0 187 0 0 0 187 
9606.ENSP00000335044 9606.ENSP00000482271 0 0 0 0 178 0 87 218 
9606.ENSP00000335044 9606.ENSP00000224140 0 0 0 151 0 0 87 192 
9606.ENSP00000335044 9606.ENSP00000391676 0 0 0 0 84 0 136 174 
9606.ENSP00000335044 9606.ENSP00000353910 0 0 0 0 0 0 153 153 
9606.ENSP00000335044 9606.ENSP00000410294 0 0 0 61 0 0 150 168 
9606.ENSP00000335044 9606.ENSP00000324173 0 0 0 0 157 0 43 158 
9606.ENSP00000335044 9606.ENSP00000234420 0 0 0 92 0 0 150 195 
9606.ENSP00000335044 9606.ENSP00000375986 0 0 0 63 0 0 144 163 
9606.ENSP00000335044 9606.ENSP00000376534 0 0 0 142 157 0 123 310 
9606.ENSP00000335044 9606.ENSP00000378704 0 0 0 106 157 0 120 279 
9606.ENSP00000335044 9606.ENSP00000313933 0 0 0 82 0 0 287 317 
9606.ENSP00000335044 9606.ENSP00000352925 0 0 0 248 0 0 267 425 
9606.ENSP00000335044 9606.ENSP00000407822 0 0 0 61 0 0 252 268 
9606.ENSP00000335044 9606.ENSP00000274031 0 0 0 61 81 0 208 257 
9606.ENSP00000335044 9606.ENSP00000267064 0 0 0 190 860 900 834 997 
9606.ENSP00000335044 9606.ENSP00000289316 0 0 0 0 156 0 0 156 
9606.ENSP00000335044 9606.ENSP00000308944 0 0 0 67 268 0 108 338 
9606.ENSP00000335044 9606.ENSP00000382423 0 0 0 86 0 0 160 199 
9606.ENSP00000335044 9606.ENSP00000440440 0 0 0 132 0 0 61 151 
9606.ENSP00000335044 9606.ENSP00000329918 0 0 0 0 0 0 215 215 
9606.ENSP00000335044 9606.ENSP00000431418 0 0 0 61 84 0 109 167 
9606.ENSP00000335044 9606.ENSP00000380252 0 0 0 0 0 0 361 361 
9606.ENSP00000335044 9606.ENSP00000477907 0 0 0 0 156 0 0 156 
9606.ENSP00000335044 9606.ENSP00000406581 0 0 0 80 268 0 85 329 
9606.ENSP00000335044 9606.ENSP00000369666 0 0 0 225 0 0 0 225 
9606.ENSP00000335044 9606.ENSP00000307684 0 0 0 87 125 0 47 172 
9606.ENSP00000335044 9606.ENSP00000265026 0 0 0 0 0 0 187 187 
9606.ENSP00000335044 9606.ENSP00000265354 0 0 0 64 187 0 100 255 
9606.ENSP00000335044 9606.ENSP00000462355 0 0 0 0 127 0 85 167 
9606.ENSP00000335044 9606.ENSP00000311447 0 0 0 0 0 0 306 306 
9606.ENSP00000335044 9606.ENSP00000307208 0 0 0 923 157 0 345 953 
9606.ENSP00000335044 9606.ENSP00000225983 0 0 0 63 176 0 78 226 
9606.ENSP00000335044 9606.ENSP00000357196 0 0 0 63 0 0 242 259 
9606.ENSP00000335044 9606.ENSP00000338728 0 0 0 93 0 0 176 220 
9606.ENSP00000335044 9606.ENSP00000232974 0 0 0 0 69 0 131 156 
9606.ENSP00000335044 9606.ENSP00000346986 0 0 0 526 0 0 56 533 
9606.ENSP00000335044 9606.ENSP00000351446 0 0 0 86 103 0 129 224 
9606.ENSP00000335044 9606.ENSP00000420387 0 0 0 64 0 0 142 163 
9606.ENSP00000335044 9606.ENSP00000263377 0 0 0 117 157 0 232 378 
9606.ENSP00000335044 9606.ENSP00000354910 0 0 0 0 187 0 0 187 
9606.ENSP00000335044 9606.ENSP00000325612 0 0 0 54 0 0 413 421 
9606.ENSP00000335044 9606.ENSP00000377218 0 0 0 0 0 0 353 353 
9606.ENSP00000335044 9606.ENSP00000376071 0 0 0 62 0 0 286 302 
9606.ENSP00000335044 9606.ENSP00000295600 0 0 0 61 0 0 193 209 
9606.ENSP00000335044 9606.ENSP00000471735 0 0 0 79 0 0 124 158 
9606.ENSP00000335044 9606.ENSP00000387875 0 0 0 64 0 0 162 182 
9606.ENSP00000335044 9606.ENSP00000288602 0 0 0 82 185 0 160 317 
9606.ENSP00000335044 9606.ENSP00000269305 0 0 0 0 0 0 526 526 
9606.ENSP00000335044 9606.ENSP00000338173 0 0 0 508 50 0 112 549 
9606.ENSP00000335044 9606.ENSP00000325377 0 0 0 88 61 0 95 157 
9606.ENSP00000335044 9606.ENSP00000365682 0 0 0 108 179 0 63 253 
9606.ENSP00000335044 9606.ENSP00000319417 0 0 0 0 0 0 197 197 
9606.ENSP00000335044 9606.ENSP00000314499 0 0 0 95 84 0 62 154 
9606.ENSP00000335044 9606.ENSP00000356425 0 0 0 0 0 0 173 173 
9606.ENSP00000335044 9606.ENSP00000389715 0 0 0 62 160 0 43 180 
9606.ENSP00000335044 9606.ENSP00000483903 0 0 0 0 156 0 0 156 
9606.ENSP00000335044 9606.ENSP00000457689 0 0 0 0 264 0 97 306 
9606.ENSP00000335044 9606.ENSP00000288368 0 0 0 50 0 0 162 169 
9606.ENSP00000335044 9606.ENSP00000352572 0 0 0 82 0 0 115 152 
9606.ENSP00000335044 9606.ENSP00000284674 0 0 0 60 0 0 263 278 
9606.ENSP00000335044 9606.ENSP00000353770 0 0 0 63 192 0 62 227 
9606.ENSP00000335044 9606.ENSP00000361021 0 0 0 78 84 0 382 432 
9606.ENSP00000335044 9606.ENSP00000242505 0 0 0 0 0 0 211 211 
9606.ENSP00000335044 9606.ENSP00000442788 0 0 0 82 124 0 268 359 
9606.ENSP00000335044 9606.ENSP00000345895 0 0 0 72 524 0 0 539 
9606.ENSP00000335044 9606.ENSP00000219905 0 0 0 168 0 0 0 168 
9606.ENSP00000335044 9606.ENSP00000264159 0 0 0 82 268 0 92 337 
9606.ENSP00000335044 9606.ENSP00000479526 0 0 0 63 823 800 673 987 
9606.ENSP00000335044 9606.ENSP00000271640 0 0 0 118 81 0 253 342 
9606.ENSP00000335044 9606.ENSP00000336842 0 0 0 64 186 0 187 326 
9606.ENSP00000335044 9606.ENSP00000328251 0 0 0 0 0 0 220 220 
9606.ENSP00000335044 9606.ENSP00000262238 0 0 0 93 69 0 152 222 
9606.ENSP00000335044 9606.ENSP00000160382 0 0 0 93 333 800 736 963 
9606.ENSP00000335044 9606.ENSP00000386187 0 0 0 0 0 0 711 711 
9606.ENSP00000335044 9606.ENSP00000369497 0 0 0 82 0 0 218 252 
9606.ENSP00000335044 9606.ENSP00000261973 0 0 0 156 0 0 0 156 
9606.ENSP00000335044 9606.ENSP00000379658 0 0 0 53 80 0 108 155 
9606.ENSP00000335044 9606.ENSP00000417132 0 0 0 0 0 0 341 341 
9606.ENSP00000335044 9606.ENSP00000392147 0 0 0 62 0 0 477 488 
9606.ENSP00000335044 9606.ENSP00000405327 0 0 0 63 136 0 53 166 
9606.ENSP00000335044 9606.ENSP00000288985 0 0 0 64 268 0 85 318 
9606.ENSP00000335044 9606.ENSP00000356150 0 0 0 88 0 0 111 154 
9606.ENSP00000335044 9606.ENSP00000353458 0 0 0 151 157 0 177 360 
9606.ENSP00000335044 9606.ENSP00000359630 0 0 0 0 0 0 233 233 
9606.ENSP00000335044 9606.ENSP00000418287 0 0 0 60 0 0 321 334 
9606.ENSP00000335044 9606.ENSP00000298767 0 0 0 208 0 0 0 208 
9606.ENSP00000335044 9606.ENSP00000283928 0 0 0 63 0 0 168 187 
9606.ENSP00000335044 9606.ENSP00000356224 0 0 0 0 0 0 167 167 
9606.ENSP00000335044 9606.ENSP00000378307 0 0 0 731 946 800 970 999 
9606.ENSP00000335044 9606.ENSP00000216373 0 0 0 141 0 0 60 158 
9606.ENSP00000335044 9606.ENSP00000364839 0 0 0 55 0 0 284 295 
9606.ENSP00000335044 9606.ENSP00000414147 0 0 0 0 0 0 156 156 
9606.ENSP00000335044 9606.ENSP00000281772 0 0 0 71 0 0 136 163 
9606.ENSP00000335044 9606.ENSP00000322845 0 0 0 153 0 0 57 167 
9606.ENSP00000335044 9606.ENSP00000392617 0 0 0 75 262 800 699 953 
9606.ENSP00000335044 9606.ENSP00000448062 0 0 0 0 264 0 97 306 
9606.ENSP00000335044 9606.ENSP00000316674 0 0 0 0 264 0 97 306 
9606.ENSP00000335044 9606.ENSP00000335321 0 0 0 175 0 0 209 320 
9606.ENSP00000335044 9606.ENSP00000360017 0 0 0 62 69 0 110 155 
9606.ENSP00000335044 9606.ENSP00000427772 0 0 0 63 0 0 187 206 
9606.ENSP00000335044 9606.ENSP00000303315 0 0 0 0 139 0 93 185 
9606.ENSP00000335044 9606.ENSP00000381768 0 0 0 0 0 0 180 180 
9606.ENSP00000335044 9606.ENSP00000252674 0 0 0 0 84 0 199 235 
9606.ENSP00000335044 9606.ENSP00000406549 0 0 0 208 0 0 49 214 
9606.ENSP00000335044 9606.ENSP00000452871 0 0 0 114 179 0 63 259 
9606.ENSP00000335044 9606.ENSP00000483494 0 0 0 64 0 0 132 153 
9606.ENSP00000335044 9606.ENSP00000353401 0 0 0 63 0 0 241 259 
9606.ENSP00000335044 9606.ENSP00000479169 0 0 0 0 156 0 0 156 
9606.ENSP00000335044 9606.ENSP00000445633 0 0 0 0 157 0 73 185 
9606.ENSP00000335044 9606.ENSP00000363799 0 0 0 0 264 0 194 382 
9606.ENSP00000335044 9606.ENSP00000312987 0 0 0 0 0 0 153 153 
9606.ENSP00000335044 9606.ENSP00000277541 0 0 0 0 0 0 250 250 
9606.ENSP00000335044 9606.ENSP00000377747 0 0 0 80 268 0 85 329 
9606.ENSP00000335044 9606.ENSP00000394791 0 0 0 143 0 0 59 159 
9606.ENSP00000335044 9606.ENSP00000262367 0 0 0 129 157 0 345 477 
9606.ENSP00000335044 9606.ENSP00000229595 0 0 0 45 0 0 523 525 
9606.ENSP00000335044 9606.ENSP00000479794 0 0 0 0 127 0 85 167 
9606.ENSP00000335044 9606.ENSP00000354723 0 0 0 0 156 0 0 156 
9606.ENSP00000335044 9606.ENSP00000360165 0 0 0 0 264 0 97 306 
9606.ENSP00000335044 9606.ENSP00000335153 0 0 0 0 0 0 163 163 
9606.ENSP00000335044 9606.ENSP00000380136 0 0 0 77 0 0 178 209 
9606.ENSP00000335044 9606.ENSP00000470059 0 0 0 0 0 0 237 237 
9606.ENSP00000335044 9606.ENSP00000481917 0 0 0 0 0 0 166 166 
9606.ENSP00000335044 9606.ENSP00000479904 0 0 0 129 0 0 93 176 
9606.ENSP00000335044 9606.ENSP00000418379 0 0 0 208 0 0 58 222 
9606.ENSP00000335044 9606.ENSP00000260363 0 0 0 163 0 0 0 163 
9606.ENSP00000335044 9606.ENSP00000254480 0 0 0 214 519 900 835 992 
9606.ENSP00000335044 9606.ENSP00000478754 0 0 0 164 0 0 0 164 
9606.ENSP00000335044 9606.ENSP00000476369 0 0 0 64 75 0 230 275 
9606.ENSP00000335044 9606.ENSP00000283131 0 0 0 163 268 0 379 587 
9606.ENSP00000335044 9606.ENSP00000287239 0 0 0 77 0 0 213 242 
9606.ENSP00000335044 9606.ENSP00000360609 0 0 0 0 0 0 159 159 
9606.ENSP00000335044 9606.ENSP00000259915 0 0 0 53 54 0 168 190 
9606.ENSP00000335044 9606.ENSP00000483312 0 0 0 157 128 0 99 279 
9606.ENSP00000335044 9606.ENSP00000254810 0 0 0 0 108 0 100 163 
9606.ENSP00000335044 9606.ENSP00000387822 0 0 0 106 157 0 120 279 
9606.ENSP00000335044 9606.ENSP00000442656 0 0 0 62 84 0 152 208 
9606.ENSP00000335044 9606.ENSP00000365720 0 0 0 108 179 0 74 263 
9606.ENSP00000335044 9606.ENSP00000346997 0 0 0 61 134 0 92 197 
9606.ENSP00000335044 9606.ENSP00000309794 0 0 0 61 0 0 154 172 
9606.ENSP00000335044 9606.ENSP00000287394 0 0 0 179 0 0 72 206 
9606.ENSP00000335044 9606.ENSP00000334061 0 0 0 63 176 0 55 206 
9606.ENSP00000335044 9606.ENSP00000381053 0 0 0 63 0 0 159 179 
9606.ENSP00000335044 9606.ENSP00000217964 0 0 0 146 61 0 91 207 
9606.ENSP00000335044 9606.ENSP00000349960 0 0 0 0 264 800 151 864 
9606.ENSP00000335044 9606.ENSP00000257904 0 0 0 63 0 900 262 924 
9606.ENSP00000335044 9606.ENSP00000267257 0 0 0 80 0 0 151 186 
9606.ENSP00000335044 9606.ENSP00000363667 0 0 0 67 0 0 142 165 
9606.ENSP00000335044 9606.ENSP00000403636 0 0 0 63 0 0 164 183 
9606.ENSP00000335044 9606.ENSP00000241416 0 0 0 61 84 0 151 205 
9606.ENSP00000335044 9606.ENSP00000442460 0 0 0 0 84 0 175 212 
9606.ENSP00000335044 9606.ENSP00000251143 0 0 0 64 0 0 215 234 
9606.ENSP00000335044 9606.ENSP00000425979 0 0 0 82 0 0 112 150 
9606.ENSP00000335044 9606.ENSP00000362330 0 0 0 78 268 0 115 350 
9606.ENSP00000335044 9606.ENSP00000367203 0 0 0 113 166 0 468 572 
9606.ENSP00000335044 9606.ENSP00000355205 0 0 0 196 268 0 118 435 
9606.ENSP00000335044 9606.ENSP00000321810 0 0 0 0 0 0 173 173 
9606.ENSP00000335044 9606.ENSP00000261858 0 0 0 0 0 0 196 196 
9606.ENSP00000335044 9606.ENSP00000321835 0 0 0 63 136 0 46 160 
9606.ENSP00000335044 9606.ENSP00000382840 0 0 0 63 0 0 203 221 
9606.ENSP00000335044 9606.ENSP00000354040 0 0 0 50 0 0 158 166 
9606.ENSP00000335044 9606.ENSP00000402949 0 0 0 82 0 0 189 223 
9606.ENSP00000335044 9606.ENSP00000429633 0 0 0 77 0 0 154 185 
9606.ENSP00000335044 9606.ENSP00000339813 0 0 0 49 80 0 108 151 
9606.ENSP00000335044 9606.ENSP00000351250 0 0 0 431 0 0 0 431 
9606.ENSP00000335044 9606.ENSP00000358999 0 0 0 0 0 0 161 161 
9606.ENSP00000335044 9606.ENSP00000262189 0 0 0 82 81 0 583 618 
9606.ENSP00000335044 9606.ENSP00000347119 0 0 0 0 156 0 0 156 
9606.ENSP00000335044 9606.ENSP00000349430 0 0 0 0 156 0 0 156 
9606.ENSP00000335044 9606.ENSP00000305941 0 0 0 63 0 0 249 266 
9606.ENSP00000335044 9606.ENSP00000227507 0 0 0 0 0 900 288 925 
9606.ENSP00000335044 9606.ENSP00000349961 0 0 0 227 64 0 0 246 
9606.ENSP00000335044 9606.ENSP00000438284 0 0 0 0 0 0 315 315 
9606.ENSP00000335044 9606.ENSP00000369372 0 0 0 0 0 0 161 161 
9606.ENSP00000335044 9606.ENSP00000326603 0 0 0 129 0 0 77 162 
9606.ENSP00000335044 9606.ENSP00000290277 0 0 0 62 185 0 72 229 
9606.ENSP00000335044 9606.ENSP00000246957 0 0 0 0 0 0 159 159 
9606.ENSP00000335044 9606.ENSP00000340330 0 0 0 63 0 0 133 153 
9606.ENSP00000335044 9606.ENSP00000295727 0 0 0 64 136 0 0 156 
9606.ENSP00000335044 9606.ENSP00000409016 0 0 0 82 81 0 94 169 
9606.ENSP00000335044 9606.ENSP00000483667 0 0 0 125 268 0 224 459 
9606.ENSP00000335044 9606.ENSP00000362294 0 0 0 63 0 0 257 274 
9606.ENSP00000335044 9606.ENSP00000347168 0 0 0 0 127 0 85 167 
9606.ENSP00000335044 9606.ENSP00000364678 0 0 0 67 134 0 185 284 
9606.ENSP00000335044 9606.ENSP00000351015 0 0 0 87 0 0 442 468 
9606.ENSP00000335044 9606.ENSP00000282516 0 0 0 666 0 0 72 677 
9606.ENSP00000335044 9606.ENSP00000286398 0 0 0 181 64 0 0 201 
9606.ENSP00000335044 9606.ENSP00000410584 0 0 0 63 0 0 227 244 
9606.ENSP00000335044 9606.ENSP00000355645 0 0 0 0 264 0 104 312 
9606.ENSP00000335044 9606.ENSP00000308750 0 0 0 62 0 0 292 307 
9606.ENSP00000335044 9606.ENSP00000343204 0 0 0 61 84 0 223 273 
9606.ENSP00000335044 9606.ENSP00000344403 0 0 0 61 0 0 139 156 
9606.ENSP00000335044 9606.ENSP00000378414 0 0 0 64 862 800 758 992 
9606.ENSP00000335044 9606.ENSP00000263736 0 0 0 154 0 0 0 154 
9606.ENSP00000335044 9606.ENSP00000245838 0 0 0 176 0 0 68 199 
9606.ENSP00000335044 9606.ENSP00000324856 0 0 0 79 0 0 354 379 
9606.ENSP00000335044 9606.ENSP00000468837 0 0 0 113 123 0 0 188 
9606.ENSP00000335044 9606.ENSP00000266070 0 0 0 244 0 0 0 244 
9606.ENSP00000335044 9606.ENSP00000305918 0 0 0 122 157 0 140 309 
9606.ENSP00000335044 9606.ENSP00000483103 0 0 0 0 264 0 97 306 
9606.ENSP00000335044 9606.ENSP00000329647 0 0 0 0 264 0 97 306 
9606.ENSP00000335044 9606.ENSP00000381070 0 0 0 0 0 0 165 165 
9606.ENSP00000335044 9606.ENSP00000318297 0 0 0 63 157 0 105 232 
9606.ENSP00000335044 9606.ENSP00000354558 0 0 0 115 0 0 104 173 
9606.ENSP00000335044 9606.ENSP00000219782 0 0 0 57 69 0 231 266 
9606.ENSP00000335044 9606.ENSP00000243903 0 0 0 64 0 0 198 217 
9606.ENSP00000335044 9606.ENSP00000216036 0 0 0 0 0 0 195 195 
9606.ENSP00000335044 9606.ENSP00000323588 0 0 0 55 0 0 172 184 
9606.ENSP00000335044 9606.ENSP00000377086 0 0 0 86 84 0 85 167 
9606.ENSP00000335044 9606.ENSP00000443017 0 0 0 0 127 0 85 167 
9606.ENSP00000335044 9606.ENSP00000407586 0 0 0 63 185 0 474 563 
9606.ENSP00000335044 9606.ENSP00000458663 0 0 0 129 0 0 281 347 
9606.ENSP00000335044 9606.ENSP00000319974 0 0 0 176 0 0 129 251 
9606.ENSP00000335044 9606.ENSP00000354207 0 0 0 61 84 0 158 213 
9606.ENSP00000335044 9606.ENSP00000238789 0 0 0 207 0 0 42 207 
9606.ENSP00000335044 9606.ENSP00000309572 0 0 0 0 0 0 474 474 
9606.ENSP00000335044 9606.ENSP00000080059 0 0 0 63 176 0 55 206 
9606.ENSP00000335044 9606.ENSP00000364389 0 0 0 56 145 0 0 158 
9606.ENSP00000335044 9606.ENSP00000246792 0 0 0 55 133 0 171 262 
9606.ENSP00000335044 9606.ENSP00000356669 0 0 0 323 0 0 44 325 
9606.ENSP00000335044 9606.ENSP00000262442 0 0 0 0 0 0 225 225 
9606.ENSP00000335044 9606.ENSP00000388806 0 0 0 101 100 0 42 157 
9606.ENSP00000335044 9606.ENSP00000263253 0 0 0 112 157 0 324 450 
9606.ENSP00000335044 9606.ENSP00000378323 0 0 0 62 0 0 140 158 
9606.ENSP00000335044 9606.ENSP00000364550 0 0 0 154 129 0 370 495 
9606.ENSP00000335044 9606.ENSP00000481486 0 0 0 0 127 0 85 167 
9606.ENSP00000335044 9606.ENSP00000386331 0 0 0 64 0 0 132 153 
9606.ENSP00000335044 9606.ENSP00000262518 0 0 0 149 268 0 189 451 
9606.ENSP00000335044 9606.ENSP00000393596 0 0 0 190 0 0 48 196 
9606.ENSP00000335044 9606.ENSP00000251127 0 0 0 64 0 0 292 309 
9606.ENSP00000335044 9606.ENSP00000261726 0 0 0 61 0 0 232 248 
9606.ENSP00000335044 9606.ENSP00000480763 0 0 0 0 84 0 168 205 
9606.ENSP00000335044 9606.ENSP00000310670 0 0 0 171 0 0 0 171 
9606.ENSP00000335044 9606.ENSP00000367406 0 0 0 109 0 0 111 174 
9606.ENSP00000335044 9606.ENSP00000416706 0 0 0 0 264 0 97 306 
9606.ENSP00000335044 9606.ENSP00000390265 0 0 0 0 0 0 445 445 
9606.ENSP00000335044 9606.ENSP00000448073 0 0 0 226 0 0 49 232 
9606.ENSP00000335044 9606.ENSP00000418187 0 0 0 0 69 0 127 152 
9606.ENSP00000335044 9606.ENSP00000296782 0 0 0 61 0 0 147 165 
9606.ENSP00000335044 9606.ENSP00000264709 0 0 0 61 0 900 293 927 
9606.ENSP00000335044 9606.ENSP00000372023 0 0 0 61 185 0 116 264 
9606.ENSP00000335044 9606.ENSP00000480637 0 0 0 0 0 0 256 256 
9606.ENSP00000335044 9606.ENSP00000478927 0 0 0 63 0 0 135 154 
9606.ENSP00000335044 9606.ENSP00000451828 0 0 0 0 84 0 247 280 
9606.ENSP00000335044 9606.ENSP00000480960 0 0 0 0 127 0 85 167 
9606.ENSP00000335044 9606.ENSP00000274764 0 0 0 0 157 0 65 178 
9606.ENSP00000335044 9606.ENSP00000381386 0 0 0 61 0 0 173 190 
9606.ENSP00000335044 9606.ENSP00000300651 0 0 0 183 0 0 0 183 
9606.ENSP00000335044 9606.ENSP00000323612 0 0 0 0 0 0 224 224 
9606.ENSP00000335044 9606.ENSP00000473391 0 0 0 0 0 0 154 154 
9606.ENSP00000335044 9606.ENSP00000258149 0 0 0 62 115 0 257 329 
9606.ENSP00000335044 9606.ENSP00000329933 0 0 0 105 0 0 412 451 
9606.ENSP00000335044 9606.ENSP00000376436 0 0 0 63 185 0 73 230 
9606.ENSP00000335044 9606.ENSP00000269571 0 0 0 0 180 0 271 376 
9606.ENSP00000335044 9606.ENSP00000256001 0 0 0 0 186 0 97 233 
9606.ENSP00000335044 9606.ENSP00000254900 0 0 0 106 157 0 116 275 
9606.ENSP00000335044 9606.ENSP00000412673 0 0 0 0 0 0 256 256 
9606.ENSP00000335044 9606.ENSP00000264657 0 0 0 62 0 0 164 182 
9606.ENSP00000335044 9606.ENSP00000216639 0 0 0 114 0 0 127 193 
9606.ENSP00000335044 9606.ENSP00000434614 0 0 0 63 80 0 124 180 
9606.ENSP00000335044 9606.ENSP00000352516 0 0 0 92 0 0 212 254 
9606.ENSP00000335044 9606.ENSP00000269394 0 0 0 0 0 0 282 282 
9606.ENSP00000335044 9606.ENSP00000320566 0 0 0 61 0 0 422 434 
9606.ENSP00000335044 9606.ENSP00000430338 0 0 0 102 0 0 116 172 
9606.ENSP00000335044 9606.ENSP00000384524 0 0 0 63 136 0 0 155 
9606.ENSP00000335044 9606.ENSP00000445868 0 0 0 0 735 0 288 803 
9606.ENSP00000335044 9606.ENSP00000425587 0 0 0 77 0 0 129 161 
9606.ENSP00000335044 9606.ENSP00000219476 0 0 0 0 0 0 186 186 
9606.ENSP00000335044 9606.ENSP00000374211 0 0 0 144 268 0 158 426 
9606.ENSP00000335044 9606.ENSP00000301480 0 0 0 0 69 0 186 209 
9606.ENSP00000335044 9606.ENSP00000265734 0 0 0 63 0 0 173 192 
9606.ENSP00000335044 9606.ENSP00000300738 0 0 0 161 0 0 0 161 
9606.ENSP00000335044 9606.ENSP00000357175 0 0 0 63 136 0 0 155 
9606.ENSP00000335044 9606.ENSP00000393453 0 0 0 61 81 0 138 191 
9606.ENSP00000335044 9606.ENSP00000346175 0 0 0 90 81 0 118 198 
9606.ENSP00000335044 9606.ENSP00000332296 0 0 0 78 0 0 176 207 
9606.ENSP00000335044 9606.ENSP00000484710 0 0 0 0 0 0 167 167 
9606.ENSP00000335044 9606.ENSP00000230301 0 0 0 0 0 0 242 242 
9606.ENSP00000335044 9606.ENSP00000477527 0 0 0 45 157 0 0 160 
9606.ENSP00000335044 9606.ENSP00000342235 0 0 0 0 180 0 215 329 
9606.ENSP00000335044 9606.ENSP00000299443 0 0 0 0 264 0 97 306 
9606.ENSP00000335044 9606.ENSP00000292431 0 0 0 127 69 0 0 153 
9606.ENSP00000335044 9606.ENSP00000346088 0 0 0 0 0 0 196 196 
9606.ENSP00000335044 9606.ENSP00000452780 0 0 0 0 0 0 250 250 
9606.ENSP00000335044 9606.ENSP00000329097 0 0 0 107 81 0 73 174 
9606.ENSP00000335044 9606.ENSP00000354916 0 0 0 56 145 0 0 158 
9606.ENSP00000335044 9606.ENSP00000408617 0 0 0 63 176 0 99 243 
9606.ENSP00000335044 9606.ENSP00000339824 0 0 0 61 0 0 162 179 
9606.ENSP00000335044 9606.ENSP00000458162 0 0 0 0 264 800 117 858 
9606.ENSP00000335044 9606.ENSP00000342434 0 0 0 137 157 0 252 409 
9606.ENSP00000335044 9606.ENSP00000254846 0 0 0 113 166 0 447 555 
9606.ENSP00000335044 9606.ENSP00000313420 0 0 0 115 0 0 82 152 
9606.ENSP00000335044 9606.ENSP00000326718 0 0 0 0 0 0 152 152 
9606.ENSP00000335044 9606.ENSP00000372335 0 0 0 146 0 0 124 220 
9606.ENSP00000335044 9606.ENSP00000255194 0 0 0 61 0 0 194 211 
9606.ENSP00000335044 9606.ENSP00000385923 0 0 0 0 0 0 286 286 
9606.ENSP00000335044 9606.ENSP00000225916 0 0 0 106 157 0 206 349 
9606.ENSP00000335044 9606.ENSP00000367658 0 0 0 0 264 0 97 306 
9606.ENSP00000335044 9606.ENSP00000263025 0 0 0 0 124 0 75 155 
9606.ENSP00000335044 9606.ENSP00000418960 0 0 0 73 0 0 267 291 
9606.ENSP00000335044 9606.ENSP00000395654 0 0 0 260 795 900 876 997 
9606.ENSP00000335044 9606.ENSP00000264606 0 0 0 63 176 0 72 221 
9606.ENSP00000335044 9606.ENSP00000390762 0 0 0 79 185 0 43 218 
9606.ENSP00000335044 9606.ENSP00000308405 0 0 0 88 0 0 114 157 
9606.ENSP00000335044 9606.ENSP00000337088 0 0 0 62 0 0 180 197 
9606.ENSP00000335044 9606.ENSP00000269298 0 0 0 0 243 0 0 243 
9606.ENSP00000335044 9606.ENSP00000356000 0 0 0 63 0 0 131 151 
9606.ENSP00000335044 9606.ENSP00000382356 0 0 0 0 0 0 282 282 
9606.ENSP00000335044 9606.ENSP00000351856 0 0 0 0 264 0 97 306 
9606.ENSP00000335044 9606.ENSP00000296328 0 0 0 209 0 0 222 358 
9606.ENSP00000335044 9606.ENSP00000395929 0 0 0 117 81 0 219 311 
9606.ENSP00000335044 9606.ENSP00000361043 0 0 0 64 268 0 85 318 
9606.ENSP00000335044 9606.ENSP00000318147 0 0 0 62 0 0 161 179 
9606.ENSP00000335044 9606.ENSP00000264039 0 0 0 61 0 0 145 163 
9606.ENSP00000335044 9606.ENSP00000302413 0 0 0 49 80 0 211 249 
9606.ENSP00000335044 9606.ENSP00000328848 0 0 0 95 0 0 148 196 
9606.ENSP00000335044 9606.ENSP00000380888 0 0 0 117 0 0 191 255 
9606.ENSP00000335044 9606.ENSP00000256078 0 0 0 64 185 0 398 500 
9606.ENSP00000335044 9606.ENSP00000215770 0 0 0 61 0 0 173 190 
9606.ENSP00000335044 9606.ENSP00000414516 0 0 0 80 828 0 412 898 
9606.ENSP00000335044 9606.ENSP00000330753 0 0 0 227 61 0 0 243 
9606.ENSP00000335044 9606.ENSP00000479106 0 0 0 0 127 0 85 167 
9606.ENSP00000335044 9606.ENSP00000367034 0 0 0 0 127 0 85 167 
9606.ENSP00000335044 9606.ENSP00000364893 0 0 0 0 0 0 321 321 
9606.ENSP00000335044 9606.ENSP00000480987 0 0 0 156 0 0 0 156 
9606.ENSP00000335044 9606.ENSP00000338774 0 0 0 0 69 0 323 342 
9606.ENSP00000335044 9606.ENSP00000402373 0 0 0 0 264 0 97 306 
9606.ENSP00000335044 9606.ENSP00000301178 0 0 0 0 84 0 169 206 
9606.ENSP00000335044 9606.ENSP00000340507 0 0 0 201 0 0 82 235 
9606.ENSP00000335044 9606.ENSP00000333037 0 0 0 0 264 0 97 306 
9606.ENSP00000335044 9606.ENSP00000391723 0 0 0 198 50 0 67 227 
9606.ENSP00000335044 9606.ENSP00000262105 0 0 0 174 0 0 0 174 
9606.ENSP00000335044 9606.ENSP00000478783 0 0 0 189 0 0 0 189 
9606.ENSP00000335044 9606.ENSP00000305899 0 0 0 163 0 0 54 174 
9606.ENSP00000335044 9606.ENSP00000484789 0 0 0 0 127 0 85 167 
9606.ENSP00000335044 9606.ENSP00000328551 0 0 0 0 0 0 168 168 
9606.ENSP00000335044 9606.ENSP00000363193 0 0 0 95 0 0 192 238 
9606.ENSP00000335044 9606.ENSP00000253861 0 0 0 144 0 0 215 299 
9606.ENSP00000335044 9606.ENSP00000310275 0 0 0 0 0 0 713 713 
9606.ENSP00000335044 9606.ENSP00000307298 0 0 0 64 0 0 250 268 
9606.ENSP00000335044 9606.ENSP00000263754 0 0 0 106 157 0 259 393 
9606.ENSP00000335044 9606.ENSP00000321744 0 0 0 0 157 0 80 191 
9606.ENSP00000335044 9606.ENSP00000348924 0 0 0 0 157 0 82 193 
9606.ENSP00000335044 9606.ENSP00000442924 0 0 0 156 81 0 169 299 
9606.ENSP00000335044 9606.ENSP00000367220 0 0 0 0 186 0 112 246 
9606.ENSP00000335044 9606.ENSP00000320232 0 0 0 0 0 0 228 228 
9606.ENSP00000335044 9606.ENSP00000479461 0 0 0 0 127 0 85 167 
9606.ENSP00000335044 9606.ENSP00000478179 0 0 0 155 0 0 0 155 
9606.ENSP00000335044 9606.ENSP00000377601 0 0 0 156 268 0 85 385 
9606.ENSP00000335044 9606.ENSP00000476960 0 0 0 0 108 0 213 267 
9606.ENSP00000335044 9606.ENSP00000265990 0 0 0 169 0 0 60 186 
9606.ENSP00000335044 9606.ENSP00000320147 0 0 0 62 81 0 404 441 
9606.ENSP00000335044 9606.ENSP00000362674 0 0 0 63 185 0 0 203 
9606.ENSP00000335044 9606.ENSP00000254066 0 0 0 78 0 0 176 207 
9606.ENSP00000335044 9606.ENSP00000265773 0 0 0 228 722 900 736 993 
9606.ENSP00000335044 9606.ENSP00000323967 0 0 0 148 843 800 807 994 
9606.ENSP00000335044 9606.ENSP00000271588 0 0 0 62 0 0 151 169 
9606.ENSP00000335044 9606.ENSP00000216267 0 0 0 133 0 0 70 159 
9606.ENSP00000335044 9606.ENSP00000477817 0 0 0 56 145 0 0 158 
9606.ENSP00000335044 9606.ENSP00000482674 0 0 0 0 156 0 0 156 
9606.ENSP00000335044 9606.ENSP00000306894 0 0 0 63 136 0 0 155 
9606.ENSP00000335044 9606.ENSP00000405574 0 0 0 146 61 0 66 186 
9606.ENSP00000335044 9606.ENSP00000351209 0 0 0 0 84 0 156 194 
9606.ENSP00000335044 9606.ENSP00000358089 0 0 0 63 0 0 255 272 
9606.ENSP00000335044 9606.ENSP00000418734 0 0 0 207 300 0 527 714 
9606.ENSP00000335044 9606.ENSP00000078429 0 0 0 62 0 0 244 261 
9606.ENSP00000335044 9606.ENSP00000303398 0 0 0 0 0 0 159 159 
9606.ENSP00000335044 9606.ENSP00000380692 0 0 0 215 0 0 0 215 
9606.ENSP00000335044 9606.ENSP00000475384 0 0 0 167 0 0 0 167 
9606.ENSP00000335044 9606.ENSP00000350036 0 0 0 146 86 0 0 186 
9606.ENSP00000335044 9606.ENSP00000342518 0 0 0 0 0 0 163 163 
9606.ENSP00000335044 9606.ENSP00000333298 0 0 0 0 189 0 0 189 
9606.ENSP00000335044 9606.ENSP00000369716 0 0 0 158 268 0 214 473 
9606.ENSP00000335044 9606.ENSP00000263121 0 0 0 71 572 900 854 993 
9606.ENSP00000335044 9606.ENSP00000319104 0 0 0 286 0 0 0 286 
9606.ENSP00000335044 9606.ENSP00000319169 0 0 0 64 0 900 64 904 
9606.ENSP00000335044 9606.ENSP00000404658 0 0 0 61 81 0 127 181 
9606.ENSP00000335044 9606.ENSP00000419184 0 0 0 61 81 0 268 313 
9606.ENSP00000335044 9606.ENSP00000413445 0 0 0 0 0 0 253 253 
9606.ENSP00000335044 9606.ENSP00000244217 0 0 0 0 0 0 180 180 
9606.ENSP00000335044 9606.ENSP00000369411 0 0 0 105 0 0 104 163 
9606.ENSP00000335044 9606.ENSP00000290650 0 0 0 179 0 0 0 179 
9606.ENSP00000335044 9606.ENSP00000345412 0 0 0 125 0 0 123 199 
9606.ENSP00000335044 9606.ENSP00000216487 0 0 0 63 0 0 229 246 
9606.ENSP00000335044 9606.ENSP00000428056 0 0 0 62 0 0 279 295 
9606.ENSP00000335044 9606.ENSP00000368767 0 0 0 55 0 0 201 213 
9606.ENSP00000335044 9606.ENSP00000366956 0 0 0 0 127 0 85 167 
9606.ENSP00000335044 9606.ENSP00000369424 0 0 0 121 0 0 195 262 
9606.ENSP00000335044 9606.ENSP00000221561 0 0 0 84 179 0 63 233 
9606.ENSP00000335044 9606.ENSP00000480158 0 0 0 119 0 0 234 297 
9606.ENSP00000335044 9606.ENSP00000345206 0 0 0 92 0 0 136 182 
9606.ENSP00000335044 9606.ENSP00000366221 0 0 0 0 0 0 177 177 
9606.ENSP00000335044 9606.ENSP00000320560 0 0 0 0 270 0 0 270 
9606.ENSP00000335044 9606.ENSP00000480832 0 0 0 93 0 0 131 178 
9606.ENSP00000335044 9606.ENSP00000261900 0 0 0 144 0 0 101 198 
9606.ENSP00000335044 9606.ENSP00000344546 0 0 0 141 132 0 406 518 
9606.ENSP00000335044 9606.ENSP00000309555 0 0 0 163 0 0 97 212 
9606.ENSP00000335044 9606.ENSP00000283875 0 0 0 73 0 0 227 252 
