9606.ENSP00000373674 9606.ENSP00000216180 0 0 0 0 0 0 162 162 
9606.ENSP00000373674 9606.ENSP00000380904 0 0 0 0 0 0 477 477 
9606.ENSP00000373674 9606.ENSP00000465930 0 0 0 0 0 0 469 469 
9606.ENSP00000373674 9606.ENSP00000437550 0 0 0 0 0 0 235 235 
9606.ENSP00000373674 9606.ENSP00000288022 0 0 0 65 0 0 185 206 
9606.ENSP00000373674 9606.ENSP00000385632 0 0 0 0 0 650 0 650 
9606.ENSP00000373674 9606.ENSP00000332887 0 0 0 0 0 0 408 408 
9606.ENSP00000373674 9606.ENSP00000474182 0 0 0 0 0 0 172 172 
9606.ENSP00000373674 9606.ENSP00000378887 0 0 0 0 0 0 330 330 
9606.ENSP00000373674 9606.ENSP00000356448 0 0 0 0 0 0 161 161 
9606.ENSP00000373674 9606.ENSP00000358106 0 0 0 0 0 0 173 173 
9606.ENSP00000373674 9606.ENSP00000359211 0 0 0 0 0 0 204 204 
9606.ENSP00000373674 9606.ENSP00000382731 0 0 0 0 0 650 0 650 
9606.ENSP00000373674 9606.ENSP00000317971 0 0 0 0 0 0 290 290 
9606.ENSP00000373674 9606.ENSP00000362463 0 0 0 0 0 0 155 155 
9606.ENSP00000373674 9606.ENSP00000359683 0 0 0 0 0 0 226 226 
9606.ENSP00000373674 9606.ENSP00000298351 0 0 0 0 0 0 207 207 
9606.ENSP00000373674 9606.ENSP00000369456 0 0 0 61 0 900 400 938 
9606.ENSP00000373674 9606.ENSP00000299697 0 0 0 0 0 800 253 844 
9606.ENSP00000373674 9606.ENSP00000321537 0 0 0 0 0 0 626 626 
9606.ENSP00000373674 9606.ENSP00000333326 0 0 0 76 0 0 126 157 
9606.ENSP00000373674 9606.ENSP00000362271 0 0 0 62 0 650 0 657 
9606.ENSP00000373674 9606.ENSP00000457386 0 0 0 65 0 0 189 209 
9606.ENSP00000373674 9606.ENSP00000449253 0 0 0 0 0 0 164 164 
9606.ENSP00000373674 9606.ENSP00000360560 0 0 0 0 0 0 167 167 
9606.ENSP00000373674 9606.ENSP00000344909 0 0 0 0 0 0 203 203 
9606.ENSP00000373674 9606.ENSP00000243563 0 0 0 0 0 0 710 710 
9606.ENSP00000373674 9606.ENSP00000217131 0 0 0 61 0 0 259 274 
9606.ENSP00000373674 9606.ENSP00000365198 0 0 0 0 0 0 161 161 
9606.ENSP00000373674 9606.ENSP00000369383 0 0 0 0 0 0 400 400 
9606.ENSP00000373674 9606.ENSP00000265963 0 0 0 0 0 0 357 357 
9606.ENSP00000373674 9606.ENSP00000220616 0 0 0 61 0 0 138 156 
9606.ENSP00000373674 9606.ENSP00000444136 0 0 0 0 0 0 320 320 
9606.ENSP00000373674 9606.ENSP00000219479 0 0 0 0 0 0 710 710 
9606.ENSP00000373674 9606.ENSP00000286063 0 0 0 0 0 650 49 652 
9606.ENSP00000373674 9606.ENSP00000447378 0 0 0 0 0 0 418 418 
9606.ENSP00000373674 9606.ENSP00000407586 0 0 0 62 0 0 196 213 
9606.ENSP00000373674 9606.ENSP00000263413 0 0 0 0 0 0 153 153 
9606.ENSP00000373674 9606.ENSP00000301825 0 0 0 0 0 650 370 770 
9606.ENSP00000373674 9606.ENSP00000254663 0 0 0 0 0 0 267 267 
9606.ENSP00000373674 9606.ENSP00000322524 0 0 0 62 0 900 0 902 
9606.ENSP00000373674 9606.ENSP00000286648 0 0 0 0 0 900 407 938 
9606.ENSP00000373674 9606.ENSP00000408292 0 0 0 59 0 0 157 172 
9606.ENSP00000373674 9606.ENSP00000474090 0 0 0 0 0 650 405 783 
9606.ENSP00000373674 9606.ENSP00000358232 0 0 0 0 0 0 153 153 
9606.ENSP00000373674 9606.ENSP00000340836 0 0 0 0 0 0 220 220 
9606.ENSP00000373674 9606.ENSP00000261811 0 0 0 0 0 0 623 623 
9606.ENSP00000373674 9606.ENSP00000301634 0 0 0 0 0 800 403 875 
9606.ENSP00000373674 9606.ENSP00000267064 0 0 0 0 0 0 313 313 
9606.ENSP00000373674 9606.ENSP00000345502 0 0 0 61 0 650 0 657 
9606.ENSP00000373674 9606.ENSP00000307786 0 0 0 0 0 0 269 269 
9606.ENSP00000373674 9606.ENSP00000387111 0 0 0 0 0 0 262 262 
9606.ENSP00000373674 9606.ENSP00000235628 0 0 0 61 0 800 675 933 
9606.ENSP00000373674 9606.ENSP00000382140 0 0 0 0 0 0 311 311 
9606.ENSP00000373674 9606.ENSP00000264553 0 0 0 61 0 0 351 365 
9606.ENSP00000373674 9606.ENSP00000399229 0 0 0 0 0 0 150 150 
9606.ENSP00000373674 9606.ENSP00000401508 43 0 0 60 0 900 0 902 
9606.ENSP00000373674 9606.ENSP00000264917 0 0 0 0 0 650 0 650 
9606.ENSP00000373674 9606.ENSP00000379038 0 0 0 0 0 900 710 969 
9606.ENSP00000373674 9606.ENSP00000362481 0 0 0 0 0 900 41 900 
9606.ENSP00000373674 9606.ENSP00000439403 0 0 0 0 0 0 223 223 
9606.ENSP00000373674 9606.ENSP00000377900 0 0 0 0 0 0 289 289 
9606.ENSP00000373674 9606.ENSP00000319992 0 0 0 61 0 0 618 626 
9606.ENSP00000373674 9606.ENSP00000291539 0 0 0 61 0 650 0 657 
9606.ENSP00000373674 9606.ENSP00000360502 0 0 0 0 0 650 0 650 
9606.ENSP00000373674 9606.ENSP00000359925 0 0 0 0 0 0 190 190 
9606.ENSP00000373674 9606.ENSP00000268717 0 0 0 0 0 0 800 800 
9606.ENSP00000373674 9606.ENSP00000442050 0 0 0 68 0 0 148 171 
9606.ENSP00000373674 9606.ENSP00000266546 0 0 0 0 0 0 161 161 
9606.ENSP00000373674 9606.ENSP00000378782 0 0 0 0 0 900 48 900 
9606.ENSP00000373674 9606.ENSP00000377001 0 0 0 0 0 0 555 555 
9606.ENSP00000373674 9606.ENSP00000333019 0 0 0 62 0 650 65 666 
9606.ENSP00000373674 9606.ENSP00000454038 0 0 0 0 0 650 50 653 
9606.ENSP00000373674 9606.ENSP00000315644 0 0 0 0 0 900 173 913 
9606.ENSP00000373674 9606.ENSP00000351957 0 0 0 0 0 650 50 653 
9606.ENSP00000373674 9606.ENSP00000294724 0 0 0 0 0 0 171 171 
9606.ENSP00000373674 9606.ENSP00000298556 0 0 0 0 0 900 42 900 
9606.ENSP00000373674 9606.ENSP00000483313 0 0 0 0 0 0 314 314 
9606.ENSP00000373674 9606.ENSP00000301012 0 0 0 0 0 0 365 365 
9606.ENSP00000373674 9606.ENSP00000416658 0 0 0 0 0 0 367 367 
9606.ENSP00000373674 9606.ENSP00000263857 0 0 0 0 0 0 376 376 
9606.ENSP00000373674 9606.ENSP00000361446 0 0 0 0 0 0 483 483 
9606.ENSP00000373674 9606.ENSP00000302898 0 0 0 0 0 0 534 534 
9606.ENSP00000373674 9606.ENSP00000260116 0 0 0 0 0 0 167 167 
9606.ENSP00000373674 9606.ENSP00000464619 0 0 0 0 0 0 163 163 
9606.ENSP00000373674 9606.ENSP00000268124 0 0 0 0 0 0 549 549 
9606.ENSP00000373674 9606.ENSP00000422375 0 0 0 0 0 900 0 900 
9606.ENSP00000373674 9606.ENSP00000259727 0 0 0 0 0 650 50 653 
9606.ENSP00000373674 9606.ENSP00000485525 0 0 0 0 0 900 0 900 
9606.ENSP00000373674 9606.ENSP00000384748 0 0 0 0 0 0 414 414 
9606.ENSP00000373674 9606.ENSP00000386759 0 0 0 0 0 0 548 548 
9606.ENSP00000373674 9606.ENSP00000334910 0 0 0 0 0 650 142 687 
9606.ENSP00000373674 9606.ENSP00000313950 0 0 0 0 0 0 173 173 
9606.ENSP00000373674 9606.ENSP00000356599 0 0 0 0 0 0 286 286 
9606.ENSP00000373674 9606.ENSP00000303356 0 0 0 0 0 0 244 244 
9606.ENSP00000373674 9606.ENSP00000356785 0 0 0 0 0 0 433 433 
9606.ENSP00000373674 9606.ENSP00000326671 0 0 0 0 0 0 168 168 
9606.ENSP00000373674 9606.ENSP00000263681 0 0 0 0 0 0 334 334 
9606.ENSP00000373674 9606.ENSP00000369786 0 0 0 0 0 0 474 474 
9606.ENSP00000373674 9606.ENSP00000262101 0 0 0 0 0 0 319 319 
9606.ENSP00000373674 9606.ENSP00000382058 0 0 0 0 0 0 399 399 
9606.ENSP00000373674 9606.ENSP00000357453 0 0 0 0 0 0 290 290 
9606.ENSP00000373674 9606.ENSP00000311224 0 0 0 0 0 0 193 193 
9606.ENSP00000373674 9606.ENSP00000295897 0 0 0 0 0 0 186 186 
9606.ENSP00000373674 9606.ENSP00000380112 0 0 0 0 0 0 203 203 
9606.ENSP00000373674 9606.ENSP00000325002 0 0 0 0 0 0 357 357 
9606.ENSP00000373674 9606.ENSP00000261038 0 0 0 0 0 0 154 154 
9606.ENSP00000373674 9606.ENSP00000332116 0 0 0 59 0 650 0 656 
9606.ENSP00000373674 9606.ENSP00000263372 0 0 0 0 0 0 171 171 
9606.ENSP00000373674 9606.ENSP00000354432 0 0 0 0 0 0 212 212 
9606.ENSP00000373674 9606.ENSP00000312624 0 0 0 89 0 0 249 286 
9606.ENSP00000373674 9606.ENSP00000269571 0 0 0 0 0 0 195 195 
9606.ENSP00000373674 9606.ENSP00000370376 189 0 0 0 0 900 51 916 
9606.ENSP00000373674 9606.ENSP00000264093 0 0 0 0 0 800 672 931 
9606.ENSP00000373674 9606.ENSP00000359665 0 0 0 0 0 0 234 234 
9606.ENSP00000373674 9606.ENSP00000237455 0 0 0 0 0 0 286 286 
9606.ENSP00000373674 9606.ENSP00000313869 0 0 0 0 0 0 181 181 
9606.ENSP00000373674 9606.ENSP00000269305 0 0 0 0 0 0 214 214 
9606.ENSP00000373674 9606.ENSP00000358223 0 0 0 0 0 0 165 165 
9606.ENSP00000373674 9606.ENSP00000337838 0 0 0 0 0 0 168 168 
9606.ENSP00000373674 9606.ENSP00000259870 0 0 0 0 0 0 154 154 
9606.ENSP00000373674 9606.ENSP00000257770 0 0 0 0 0 800 577 911 
9606.ENSP00000373674 9606.ENSP00000441126 0 0 0 0 0 0 211 211 
9606.ENSP00000373674 9606.ENSP00000477597 0 0 0 0 0 0 167 167 
9606.ENSP00000373674 9606.ENSP00000234160 0 0 0 0 0 0 364 364 
9606.ENSP00000373674 9606.ENSP00000347213 0 0 0 0 0 0 296 296 
9606.ENSP00000373674 9606.ENSP00000223642 0 0 0 0 0 0 153 153 
9606.ENSP00000373674 9606.ENSP00000379156 0 0 0 61 0 0 603 612 
9606.ENSP00000373674 9606.ENSP00000481994 0 0 0 0 0 0 173 173 
9606.ENSP00000373674 9606.ENSP00000345096 0 0 0 61 0 650 62 664 
9606.ENSP00000373674 9606.ENSP00000482907 0 0 0 0 0 0 400 400 
9606.ENSP00000373674 9606.ENSP00000406261 0 0 0 0 0 650 102 672 
9606.ENSP00000373674 9606.ENSP00000354532 0 0 0 0 0 900 69 903 
9606.ENSP00000373674 9606.ENSP00000352904 0 0 0 61 0 800 649 928 
9606.ENSP00000373674 9606.ENSP00000483872 0 0 0 69 0 0 130 155 
9606.ENSP00000373674 9606.ENSP00000268719 0 0 0 0 0 0 246 246 
9606.ENSP00000373674 9606.ENSP00000353770 0 0 0 0 0 0 230 230 
9606.ENSP00000373674 9606.ENSP00000298545 0 0 0 0 0 650 0 650 
9606.ENSP00000373674 9606.ENSP00000300738 0 0 0 0 0 0 213 213 
9606.ENSP00000373674 9606.ENSP00000389168 0 0 0 0 0 0 161 161 
9606.ENSP00000373674 9606.ENSP00000385025 0 0 0 0 0 0 208 208 
9606.ENSP00000373674 9606.ENSP00000355493 0 0 0 56 0 650 65 664 
9606.ENSP00000373674 9606.ENSP00000347689 0 0 0 0 0 650 0 650 
9606.ENSP00000373674 9606.ENSP00000478388 0 0 0 0 0 0 413 413 
9606.ENSP00000373674 9606.ENSP00000371230 0 0 0 0 0 900 711 969 
9606.ENSP00000373674 9606.ENSP00000321584 0 0 0 0 0 650 62 657 
9606.ENSP00000373674 9606.ENSP00000220058 0 0 0 0 0 0 187 187 
9606.ENSP00000373674 9606.ENSP00000485638 0 0 0 0 0 0 163 163 
9606.ENSP00000373674 9606.ENSP00000222553 43 0 0 0 0 900 68 903 
9606.ENSP00000373674 9606.ENSP00000420295 0 0 0 0 0 650 0 650 
9606.ENSP00000373674 9606.ENSP00000216127 0 0 0 46 0 0 271 274 
9606.ENSP00000373674 9606.ENSP00000400646 0 0 0 0 0 0 451 451 
9606.ENSP00000373674 9606.ENSP00000238651 0 0 0 0 0 0 221 221 
9606.ENSP00000373674 9606.ENSP00000453307 0 0 0 0 0 0 166 166 
9606.ENSP00000373674 9606.ENSP00000304802 0 0 0 0 0 900 500 947 
9606.ENSP00000373674 9606.ENSP00000363852 0 0 0 0 0 0 160 160 
9606.ENSP00000373674 9606.ENSP00000368881 0 0 0 0 0 0 210 210 
9606.ENSP00000373674 9606.ENSP00000232892 0 0 0 0 0 0 291 291 
9606.ENSP00000373674 9606.ENSP00000400887 0 0 0 0 0 0 292 292 
9606.ENSP00000373674 9606.ENSP00000333942 0 0 0 0 0 0 247 247 
9606.ENSP00000373674 9606.ENSP00000230792 0 0 0 0 0 900 0 900 
9606.ENSP00000373674 9606.ENSP00000356853 43 0 0 0 0 0 203 204 
9606.ENSP00000373674 9606.ENSP00000256578 0 0 0 0 0 650 57 655 
9606.ENSP00000373674 9606.ENSP00000286621 0 0 0 0 0 900 138 910 
9606.ENSP00000373674 9606.ENSP00000304277 0 0 0 0 0 0 422 422 
9606.ENSP00000373674 9606.ENSP00000441434 0 0 0 0 0 0 197 197 
9606.ENSP00000373674 9606.ENSP00000220764 0 0 0 0 0 0 193 193 
9606.ENSP00000373674 9606.ENSP00000398861 0 0 0 0 0 0 211 211 
9606.ENSP00000373674 9606.ENSP00000264864 0 0 0 0 0 0 284 284 
9606.ENSP00000373674 9606.ENSP00000310661 0 0 0 0 0 650 0 650 
9606.ENSP00000373674 9606.ENSP00000332576 0 0 0 0 0 0 440 440 
9606.ENSP00000373674 9606.ENSP00000417190 0 0 0 61 0 0 702 709 
9606.ENSP00000373674 9606.ENSP00000366410 0 0 0 0 0 650 0 650 
9606.ENSP00000373674 9606.ENSP00000280098 0 0 0 0 0 0 353 353 
9606.ENSP00000373674 9606.ENSP00000380837 0 0 0 0 0 0 187 187 
9606.ENSP00000373674 9606.ENSP00000216911 0 0 0 0 0 0 173 173 
9606.ENSP00000373674 9606.ENSP00000346921 0 0 0 0 0 650 568 842 
9606.ENSP00000373674 9606.ENSP00000267584 0 0 0 0 0 650 0 650 
9606.ENSP00000373674 9606.ENSP00000352121 0 0 0 0 0 0 181 181 
9606.ENSP00000373674 9606.ENSP00000385312 0 0 0 0 0 0 190 190 
9606.ENSP00000373674 9606.ENSP00000251810 0 0 0 0 0 0 546 546 
9606.ENSP00000373674 9606.ENSP00000419085 0 0 0 0 0 0 226 226 
9606.ENSP00000373674 9606.ENSP00000349576 0 0 0 0 0 900 202 916 
9606.ENSP00000373674 9606.ENSP00000241436 0 0 0 0 0 0 441 441 
9606.ENSP00000373674 9606.ENSP00000232607 0 0 0 0 0 900 0 900 
9606.ENSP00000373674 9606.ENSP00000384400 0 0 0 0 0 0 320 320 
9606.ENSP00000373674 9606.ENSP00000272645 0 0 0 0 0 0 455 455 
9606.ENSP00000373674 9606.ENSP00000380432 0 0 0 0 0 0 204 204 
9606.ENSP00000373674 9606.ENSP00000347046 0 0 0 0 0 650 49 652 
9606.ENSP00000373674 9606.ENSP00000392985 0 0 0 0 0 0 155 155 
9606.ENSP00000373674 9606.ENSP00000304697 0 0 0 0 0 0 384 384 
9606.ENSP00000373674 9606.ENSP00000367075 0 0 0 0 0 0 309 309 
9606.ENSP00000373674 9606.ENSP00000236959 0 0 0 0 0 900 47 900 
9606.ENSP00000373674 9606.ENSP00000370625 0 0 0 0 0 0 310 310 
9606.ENSP00000373674 9606.ENSP00000365840 0 0 0 61 0 650 0 657 
9606.ENSP00000373674 9606.ENSP00000364212 0 0 0 0 0 900 104 906 
9606.ENSP00000373674 9606.ENSP00000226004 0 0 0 61 0 0 211 228 
9606.ENSP00000373674 9606.ENSP00000292174 0 0 0 0 0 0 215 215 
9606.ENSP00000373674 9606.ENSP00000389948 0 0 0 61 0 800 587 915 
9606.ENSP00000373674 9606.ENSP00000300900 0 0 0 0 0 0 157 157 
9606.ENSP00000373674 9606.ENSP00000255266 0 0 0 0 0 650 0 650 
9606.ENSP00000373674 9606.ENSP00000355500 0 0 0 0 0 0 459 459 
9606.ENSP00000373674 9606.ENSP00000410186 0 0 0 0 0 650 224 716 
9606.ENSP00000373674 9606.ENSP00000365567 0 0 0 0 0 0 355 355 
9606.ENSP00000373674 9606.ENSP00000225729 0 0 0 61 0 0 343 357 
9606.ENSP00000373674 9606.ENSP00000330247 0 0 0 0 0 0 173 173 
9606.ENSP00000373674 9606.ENSP00000328412 0 0 0 0 0 650 50 653 
9606.ENSP00000373674 9606.ENSP00000433415 0 0 0 61 0 800 218 840 
9606.ENSP00000373674 9606.ENSP00000363512 0 0 0 0 0 0 153 153 
9606.ENSP00000373674 9606.ENSP00000463057 0 0 0 0 0 0 163 163 
9606.ENSP00000373674 9606.ENSP00000302564 0 0 0 61 128 0 90 190 
9606.ENSP00000373674 9606.ENSP00000384092 0 0 0 0 0 0 154 154 
9606.ENSP00000373674 9606.ENSP00000355689 0 0 0 62 0 900 0 902 
9606.ENSP00000373674 9606.ENSP00000290429 0 0 0 0 0 0 161 161 
9606.ENSP00000373674 9606.ENSP00000276651 0 0 0 0 0 0 330 330 
9606.ENSP00000373674 9606.ENSP00000370078 0 0 0 61 0 650 54 661 
9606.ENSP00000373674 9606.ENSP00000331103 0 0 0 0 0 0 203 203 
9606.ENSP00000373674 9606.ENSP00000282096 0 0 0 0 0 650 96 670 
9606.ENSP00000373674 9606.ENSP00000172229 0 0 0 0 0 0 283 283 
9606.ENSP00000373674 9606.ENSP00000361512 0 0 0 0 0 0 171 171 
9606.ENSP00000373674 9606.ENSP00000005995 0 0 0 0 0 0 154 154 
9606.ENSP00000373674 9606.ENSP00000373244 0 0 0 61 0 0 371 384 
9606.ENSP00000373674 9606.ENSP00000370503 0 0 0 0 0 0 583 583 
9606.ENSP00000373674 9606.ENSP00000222567 0 0 0 0 0 0 193 193 
9606.ENSP00000373674 9606.ENSP00000368349 0 0 0 0 0 0 279 279 
9606.ENSP00000373674 9606.ENSP00000377396 0 0 0 0 0 0 264 264 
9606.ENSP00000373674 9606.ENSP00000362036 196 0 0 0 0 0 0 196 
9606.ENSP00000373674 9606.ENSP00000219240 0 0 0 0 0 0 316 316 
9606.ENSP00000373674 9606.ENSP00000361285 43 0 0 65 0 0 469 483 
9606.ENSP00000373674 9606.ENSP00000320378 0 0 0 0 0 0 152 152 
9606.ENSP00000373674 9606.ENSP00000378743 0 0 0 0 0 650 710 894 
9606.ENSP00000373674 9606.ENSP00000256722 0 0 0 0 0 900 536 951 
9606.ENSP00000373674 9606.ENSP00000346577 0 0 0 0 0 650 0 650 
9606.ENSP00000373674 9606.ENSP00000323071 0 0 0 0 0 0 277 277 
9606.ENSP00000373674 9606.ENSP00000396467 0 0 0 0 0 0 254 254 
9606.ENSP00000373674 9606.ENSP00000365619 0 0 0 0 0 0 183 183 
9606.ENSP00000373674 9606.ENSP00000233616 0 0 0 63 0 0 283 299 
9606.ENSP00000373674 9606.ENSP00000265162 0 0 0 0 0 0 266 266 
9606.ENSP00000373674 9606.ENSP00000325548 0 0 0 0 0 0 153 153 
9606.ENSP00000373674 9606.ENSP00000360250 0 0 0 0 0 650 214 713 
9606.ENSP00000373674 9606.ENSP00000225688 0 0 0 61 0 0 608 616 
9606.ENSP00000373674 9606.ENSP00000262644 0 0 0 0 0 0 163 163 
9606.ENSP00000373674 9606.ENSP00000338964 0 0 0 69 0 0 144 168 
9606.ENSP00000373674 9606.ENSP00000254480 0 0 0 0 0 0 328 328 
9606.ENSP00000373674 9606.ENSP00000389014 0 0 0 0 0 0 167 167 
9606.ENSP00000373674 9606.ENSP00000348069 0 0 0 62 0 0 414 427 
9606.ENSP00000373674 9606.ENSP00000404151 0 0 0 0 0 0 209 209 
9606.ENSP00000373674 9606.ENSP00000356825 0 0 0 0 0 0 280 280 
9606.ENSP00000373674 9606.ENSP00000358022 0 0 0 0 128 0 74 158 
9606.ENSP00000373674 9606.ENSP00000244314 0 0 0 0 0 0 250 250 
9606.ENSP00000373674 9606.ENSP00000482032 0 0 0 0 0 0 323 323 
9606.ENSP00000373674 9606.ENSP00000354458 0 0 0 0 0 0 153 153 
9606.ENSP00000373674 9606.ENSP00000337354 0 0 0 0 0 0 196 196 
9606.ENSP00000373674 9606.ENSP00000349932 0 0 0 52 0 0 252 261 
9606.ENSP00000373674 9606.ENSP00000458770 0 0 0 0 0 0 171 171 
9606.ENSP00000373674 9606.ENSP00000360561 0 0 0 50 0 650 360 768 
9606.ENSP00000373674 9606.ENSP00000340523 0 0 0 60 0 650 0 656 
9606.ENSP00000373674 9606.ENSP00000380120 0 0 0 0 0 0 229 229 
9606.ENSP00000373674 9606.ENSP00000287152 0 0 0 0 0 0 158 158 
9606.ENSP00000373674 9606.ENSP00000384312 0 0 0 49 0 0 195 201 
9606.ENSP00000373674 9606.ENSP00000379057 0 0 0 0 0 0 156 156 
9606.ENSP00000373674 9606.ENSP00000299314 0 0 0 0 0 0 176 176 
9606.ENSP00000373674 9606.ENSP00000339479 0 0 0 0 0 800 633 923 
9606.ENSP00000373674 9606.ENSP00000269389 0 0 0 0 0 0 234 234 
9606.ENSP00000373674 9606.ENSP00000381008 0 0 0 0 0 0 195 195 
9606.ENSP00000373674 9606.ENSP00000378130 0 0 0 0 0 0 428 428 
9606.ENSP00000373674 9606.ENSP00000311453 0 0 0 0 0 650 0 650 
9606.ENSP00000373674 9606.ENSP00000320434 0 0 0 0 0 0 209 209 
9606.ENSP00000373674 9606.ENSP00000254066 0 0 0 0 0 0 217 217 
9606.ENSP00000373674 9606.ENSP00000369400 0 0 0 0 0 0 163 163 
9606.ENSP00000373674 9606.ENSP00000344479 0 0 0 0 0 0 180 180 
9606.ENSP00000373674 9606.ENSP00000265594 0 0 0 0 0 0 174 174 
9606.ENSP00000373674 9606.ENSP00000370201 0 0 0 0 0 650 0 650 
9606.ENSP00000373674 9606.ENSP00000303575 0 0 0 0 0 0 199 199 
9606.ENSP00000373674 9606.ENSP00000296252 0 0 0 0 0 0 173 173 
9606.ENSP00000373674 9606.ENSP00000243052 0 0 0 0 0 650 0 650 
9606.ENSP00000373674 9606.ENSP00000303057 0 0 0 0 0 0 150 150 
9606.ENSP00000373674 9606.ENSP00000156109 0 0 0 0 0 0 152 152 
9606.ENSP00000373674 9606.ENSP00000245539 0 0 0 0 0 0 403 403 
9606.ENSP00000373674 9606.ENSP00000418734 0 0 0 0 0 0 171 171 
9606.ENSP00000373674 9606.ENSP00000354238 0 0 0 0 0 650 96 670 
9606.ENSP00000373674 9606.ENSP00000428281 0 0 0 0 0 0 171 171 
9606.ENSP00000373674 9606.ENSP00000360608 0 0 0 0 0 0 164 164 
9606.ENSP00000373674 9606.ENSP00000318868 0 0 0 0 0 0 175 175 
9606.ENSP00000373674 9606.ENSP00000361965 0 0 0 61 0 900 107 908 
9606.ENSP00000373674 9606.ENSP00000379496 0 0 0 0 0 650 0 650 
9606.ENSP00000373674 9606.ENSP00000302111 216 0 0 0 0 0 0 216 
9606.ENSP00000373674 9606.ENSP00000252505 0 0 0 0 0 0 206 206 
9606.ENSP00000373674 9606.ENSP00000245552 0 0 55 61 0 800 69 812 
9606.ENSP00000373674 9606.ENSP00000246515 0 0 0 0 0 0 334 334 
9606.ENSP00000373674 9606.ENSP00000356953 0 0 0 0 0 0 168 168 
9606.ENSP00000373674 9606.ENSP00000358955 0 0 0 0 0 0 270 270 
9606.ENSP00000373674 9606.ENSP00000484415 0 0 0 61 0 800 513 900 
9606.ENSP00000373674 9606.ENSP00000287600 0 0 0 62 0 650 0 657 
9606.ENSP00000373674 9606.ENSP00000466214 0 0 0 0 0 0 372 372 
9606.ENSP00000373674 9606.ENSP00000430075 0 0 0 0 0 650 44 651 
9606.ENSP00000373674 9606.ENSP00000199708 0 0 0 87 0 0 245 282 
9606.ENSP00000373674 9606.ENSP00000366828 0 0 0 0 0 0 329 329 
9606.ENSP00000373674 9606.ENSP00000376800 0 0 0 0 0 0 192 192 
9606.ENSP00000373674 9606.ENSP00000330032 0 0 0 0 0 650 311 748 
9606.ENSP00000373674 9606.ENSP00000307674 0 0 0 61 0 650 351 768 
9606.ENSP00000373674 9606.ENSP00000410309 0 0 0 0 0 650 0 650 
9606.ENSP00000373674 9606.ENSP00000268711 0 0 0 62 0 0 769 774 
9606.ENSP00000373674 9606.ENSP00000296468 0 0 0 0 0 0 212 212 
9606.ENSP00000373674 9606.ENSP00000358400 0 0 0 0 0 0 474 474 
9606.ENSP00000373674 9606.ENSP00000351520 0 0 0 0 0 650 50 653 
9606.ENSP00000373674 9606.ENSP00000360730 0 0 0 0 0 0 160 160 
9606.ENSP00000373674 9606.ENSP00000360939 0 0 0 0 0 0 640 640 
9606.ENSP00000373674 9606.ENSP00000339720 0 0 0 0 0 0 173 173 
9606.ENSP00000373674 9606.ENSP00000335246 0 0 0 0 0 650 0 650 
9606.ENSP00000373674 9606.ENSP00000261292 0 0 0 0 0 0 174 174 
9606.ENSP00000373674 9606.ENSP00000338057 0 0 0 0 0 0 179 179 
9606.ENSP00000373674 9606.ENSP00000351250 0 0 0 0 0 0 195 195 
9606.ENSP00000373674 9606.ENSP00000306548 0 0 0 0 0 0 412 412 
9606.ENSP00000373674 9606.ENSP00000367615 0 0 0 50 0 900 80 904 
9606.ENSP00000373674 9606.ENSP00000463419 0 0 0 0 0 0 161 161 
9606.ENSP00000373674 9606.ENSP00000366221 0 0 0 0 0 0 516 516 
9606.ENSP00000373674 9606.ENSP00000343331 0 0 0 0 0 0 283 283 
9606.ENSP00000373674 9606.ENSP00000335055 0 0 0 0 0 0 324 324 
9606.ENSP00000373674 9606.ENSP00000383364 0 0 0 0 0 0 194 194 
9606.ENSP00000373674 9606.ENSP00000419851 0 0 0 0 0 900 0 900 
9606.ENSP00000373674 9606.ENSP00000266395 0 0 0 0 0 650 50 653 
9606.ENSP00000373674 9606.ENSP00000324651 0 0 0 0 0 0 250 250 
9606.ENSP00000373674 9606.ENSP00000434480 0 0 0 0 0 0 181 181 
9606.ENSP00000373674 9606.ENSP00000424595 0 0 0 0 0 0 179 179 
9606.ENSP00000373674 9606.ENSP00000438284 0 0 0 0 0 650 49 652 
9606.ENSP00000373674 9606.ENSP00000472985 0 0 0 0 0 0 173 173 
9606.ENSP00000373674 9606.ENSP00000427552 0 0 0 0 0 0 534 534 
9606.ENSP00000373674 9606.ENSP00000270570 0 0 0 0 0 0 163 163 
9606.ENSP00000373674 9606.ENSP00000354476 0 0 0 59 0 0 204 218 
9606.ENSP00000373674 9606.ENSP00000379802 0 0 0 0 0 650 160 693 
9606.ENSP00000373674 9606.ENSP00000287713 0 0 0 0 0 650 0 650 
9606.ENSP00000373674 9606.ENSP00000446828 0 0 0 0 0 0 214 214 
9606.ENSP00000373674 9606.ENSP00000356899 0 0 0 0 0 0 546 546 
