9606.ENSP00000370055 9606.ENSP00000442318 0 0 0 0 0 0 309 309 
9606.ENSP00000370055 9606.ENSP00000478474 0 0 0 0 0 0 516 516 
9606.ENSP00000370055 9606.ENSP00000386845 0 0 0 0 0 0 288 288 
9606.ENSP00000370055 9606.ENSP00000264689 0 0 0 0 0 0 313 313 
9606.ENSP00000370055 9606.ENSP00000426632 0 0 0 62 0 0 222 239 
9606.ENSP00000370055 9606.ENSP00000305221 0 0 0 0 0 0 171 171 
9606.ENSP00000370055 9606.ENSP00000478121 0 0 0 0 0 0 174 174 
9606.ENSP00000370055 9606.ENSP00000467579 0 0 0 0 0 0 160 160 
9606.ENSP00000370055 9606.ENSP00000269143 0 0 0 0 0 0 319 319 
9606.ENSP00000370055 9606.ENSP00000374455 0 0 0 0 0 0 218 218 
9606.ENSP00000370055 9606.ENSP00000303709 0 0 0 0 0 0 266 266 
9606.ENSP00000370055 9606.ENSP00000370748 0 0 0 0 0 0 201 201 
9606.ENSP00000370055 9606.ENSP00000419378 0 0 0 0 0 0 298 298 
9606.ENSP00000370055 9606.ENSP00000483721 0 0 0 0 0 0 163 163 
9606.ENSP00000370055 9606.ENSP00000025008 0 0 0 121 0 0 223 287 
9606.ENSP00000370055 9606.ENSP00000357106 0 0 0 0 0 0 198 198 
9606.ENSP00000370055 9606.ENSP00000396068 0 0 0 77 0 0 381 404 
9606.ENSP00000370055 9606.ENSP00000432412 0 0 0 0 0 0 271 271 
9606.ENSP00000370055 9606.ENSP00000372667 0 0 0 62 0 0 131 150 
9606.ENSP00000370055 9606.ENSP00000330898 0 0 0 0 0 0 188 188 
9606.ENSP00000370055 9606.ENSP00000343204 0 0 0 0 0 0 223 223 
9606.ENSP00000370055 9606.ENSP00000378414 0 0 0 0 0 0 154 154 
9606.ENSP00000370055 9606.ENSP00000291554 0 0 0 0 0 0 198 198 
9606.ENSP00000370055 9606.ENSP00000264926 0 0 0 0 0 0 317 317 
9606.ENSP00000370055 9606.ENSP00000324792 0 0 0 50 0 0 167 174 
9606.ENSP00000370055 9606.ENSP00000354394 0 0 0 0 0 0 159 159 
9606.ENSP00000370055 9606.ENSP00000401112 0 0 0 0 0 0 402 402 
9606.ENSP00000370055 9606.ENSP00000453281 0 0 0 0 0 0 284 284 
9606.ENSP00000370055 9606.ENSP00000377797 0 0 0 0 0 0 240 240 
9606.ENSP00000370055 9606.ENSP00000340648 0 0 0 0 0 0 369 369 
9606.ENSP00000370055 9606.ENSP00000385795 0 0 0 56 0 0 354 364 
9606.ENSP00000370055 9606.ENSP00000399518 0 0 0 0 0 0 402 402 
9606.ENSP00000370055 9606.ENSP00000335437 0 0 0 0 0 0 171 171 
9606.ENSP00000370055 9606.ENSP00000368835 0 0 0 154 0 0 44 156 
9606.ENSP00000370055 9606.ENSP00000263991 0 0 0 0 0 0 398 398 
9606.ENSP00000370055 9606.ENSP00000480421 0 0 0 0 0 0 224 224 
9606.ENSP00000370055 9606.ENSP00000354536 0 0 0 0 0 0 210 210 
9606.ENSP00000370055 9606.ENSP00000264350 0 0 0 0 0 0 418 418 
9606.ENSP00000370055 9606.ENSP00000355827 0 0 0 88 0 0 311 344 
9606.ENSP00000370055 9606.ENSP00000179259 0 0 0 0 0 0 405 405 
9606.ENSP00000370055 9606.ENSP00000439856 0 0 0 0 0 0 446 446 
9606.ENSP00000370055 9606.ENSP00000441543 0 0 0 0 0 0 311 311 
9606.ENSP00000370055 9606.ENSP00000385571 0 0 0 0 0 0 185 185 
9606.ENSP00000370055 9606.ENSP00000411250 0 0 0 0 0 0 173 173 
9606.ENSP00000370055 9606.ENSP00000418259 0 0 0 0 0 0 227 227 
9606.ENSP00000370055 9606.ENSP00000356375 0 0 0 0 0 0 201 201 
9606.ENSP00000370055 9606.ENSP00000310219 0 0 0 0 0 0 223 223 
9606.ENSP00000370055 9606.ENSP00000328875 0 0 0 62 0 0 234 250 
9606.ENSP00000370055 9606.ENSP00000259050 0 0 0 181 0 0 0 181 
9606.ENSP00000370055 9606.ENSP00000374552 0 0 0 0 0 0 281 281 
9606.ENSP00000370055 9606.ENSP00000318635 0 0 0 61 0 0 346 359 
9606.ENSP00000370055 9606.ENSP00000385143 0 0 0 0 0 0 211 211 
9606.ENSP00000370055 9606.ENSP00000283290 0 0 0 0 0 0 558 558 
9606.ENSP00000370055 9606.ENSP00000223641 0 0 0 0 0 0 163 163 
9606.ENSP00000370055 9606.ENSP00000345195 0 0 0 50 0 0 204 211 
9606.ENSP00000370055 9606.ENSP00000365851 0 0 0 142 0 0 111 204 
9606.ENSP00000370055 9606.ENSP00000371219 0 0 0 0 0 0 179 179 
9606.ENSP00000370055 9606.ENSP00000364289 0 0 0 0 0 0 197 197 
9606.ENSP00000370055 9606.ENSP00000346437 0 0 0 61 0 0 542 551 
9606.ENSP00000370055 9606.ENSP00000253754 0 0 0 0 0 0 171 171 
9606.ENSP00000370055 9606.ENSP00000355231 0 0 0 62 0 0 390 403 
9606.ENSP00000370055 9606.ENSP00000402527 0 0 0 61 0 0 225 241 
9606.ENSP00000370055 9606.ENSP00000316628 0 0 0 0 0 0 540 540 
9606.ENSP00000370055 9606.ENSP00000308275 0 0 0 0 0 0 150 150 
9606.ENSP00000370055 9606.ENSP00000295225 0 0 0 0 0 0 169 169 
9606.ENSP00000370055 9606.ENSP00000451080 0 0 0 0 0 0 323 323 
9606.ENSP00000370055 9606.ENSP00000337473 0 0 0 0 0 0 223 223 
9606.ENSP00000370055 9606.ENSP00000368970 0 0 0 109 0 0 601 630 
9606.ENSP00000370055 9606.ENSP00000359128 0 0 0 0 0 0 167 167 
9606.ENSP00000370055 9606.ENSP00000272134 0 0 0 0 0 0 229 229 
9606.ENSP00000370055 9606.ENSP00000459566 0 0 0 0 0 0 166 166 
9606.ENSP00000370055 9606.ENSP00000297347 0 0 0 0 0 0 219 219 
9606.ENSP00000370055 9606.ENSP00000246548 0 0 0 0 0 0 222 222 
9606.ENSP00000370055 9606.ENSP00000358072 0 0 0 0 0 0 567 567 
9606.ENSP00000370055 9606.ENSP00000293362 0 0 0 0 0 0 343 343 
9606.ENSP00000370055 9606.ENSP00000258772 0 0 0 0 0 0 479 479 
9606.ENSP00000370055 9606.ENSP00000382982 0 0 0 0 0 0 256 256 
9606.ENSP00000370055 9606.ENSP00000003302 0 0 0 0 0 0 187 187 
9606.ENSP00000370055 9606.ENSP00000375919 0 0 0 0 0 0 167 167 
9606.ENSP00000370055 9606.ENSP00000378416 0 0 0 0 0 0 175 175 
9606.ENSP00000370055 9606.ENSP00000326967 0 0 0 0 0 0 167 167 
9606.ENSP00000370055 9606.ENSP00000261881 0 0 0 0 0 0 175 175 
9606.ENSP00000370055 9606.ENSP00000351342 0 0 0 0 0 0 177 177 
9606.ENSP00000370055 9606.ENSP00000381840 0 0 0 64 0 0 266 283 
9606.ENSP00000370055 9606.ENSP00000359787 0 0 0 0 0 0 226 226 
9606.ENSP00000370055 9606.ENSP00000361042 0 0 0 0 0 0 209 209 
9606.ENSP00000370055 9606.ENSP00000261336 0 0 0 0 0 0 211 211 
9606.ENSP00000370055 9606.ENSP00000355637 0 0 0 0 0 0 167 167 
9606.ENSP00000370055 9606.ENSP00000351492 0 0 0 0 0 0 945 945 
9606.ENSP00000370055 9606.ENSP00000375872 0 0 0 0 0 0 311 311 
9606.ENSP00000370055 9606.ENSP00000306866 0 0 0 59 0 0 310 322 
9606.ENSP00000370055 9606.ENSP00000356864 0 0 0 0 0 0 286 286 
9606.ENSP00000370055 9606.ENSP00000370508 0 0 0 0 0 0 392 392 
9606.ENSP00000370055 9606.ENSP00000348565 0 0 0 0 0 0 497 497 
9606.ENSP00000370055 9606.ENSP00000483333 0 186 0 0 0 0 0 186 
9606.ENSP00000370055 9606.ENSP00000206595 0 0 0 61 0 0 159 176 
9606.ENSP00000370055 9606.ENSP00000348056 0 0 0 0 0 0 446 446 
9606.ENSP00000370055 9606.ENSP00000358147 0 0 0 0 0 0 227 227 
9606.ENSP00000370055 9606.ENSP00000264933 0 0 0 0 0 0 220 220 
9606.ENSP00000370055 9606.ENSP00000354483 0 0 0 0 0 0 297 297 
9606.ENSP00000370055 9606.ENSP00000338039 0 0 0 0 0 0 167 167 
9606.ENSP00000370055 9606.ENSP00000365576 0 0 0 61 0 0 390 402 
9606.ENSP00000370055 9606.ENSP00000238994 0 0 0 0 0 0 364 364 
9606.ENSP00000370055 9606.ENSP00000290291 0 0 0 0 0 0 317 317 
9606.ENSP00000370055 9606.ENSP00000367343 0 0 0 0 0 0 268 268 
9606.ENSP00000370055 9606.ENSP00000357292 0 0 0 61 0 0 285 300 
9606.ENSP00000370055 9606.ENSP00000246069 0 0 0 0 0 0 161 161 
9606.ENSP00000370055 9606.ENSP00000476795 0 0 0 0 0 0 163 163 
9606.ENSP00000370055 9606.ENSP00000376808 0 0 0 77 0 0 179 209 
9606.ENSP00000370055 9606.ENSP00000264346 0 0 0 0 0 0 242 242 
9606.ENSP00000370055 9606.ENSP00000320898 0 0 0 62 0 0 191 209 
9606.ENSP00000370055 9606.ENSP00000262306 0 0 0 0 0 0 204 204 
9606.ENSP00000370055 9606.ENSP00000262291 0 0 0 0 0 0 227 227 
9606.ENSP00000370055 9606.ENSP00000311513 0 0 0 0 0 0 284 284 
9606.ENSP00000370055 9606.ENSP00000444812 0 0 0 0 0 0 551 551 
9606.ENSP00000370055 9606.ENSP00000346483 0 0 0 0 0 0 202 202 
9606.ENSP00000370055 9606.ENSP00000482816 0 0 0 0 0 0 198 198 
9606.ENSP00000370055 9606.ENSP00000295756 0 0 0 0 0 0 226 226 
9606.ENSP00000370055 9606.ENSP00000300107 0 0 0 0 0 0 307 307 
9606.ENSP00000370055 9606.ENSP00000353030 0 0 0 0 0 0 341 341 
9606.ENSP00000370055 9606.ENSP00000356652 0 0 0 0 0 0 167 167 
9606.ENSP00000370055 9606.ENSP00000390778 0 0 0 0 0 0 202 202 
9606.ENSP00000370055 9606.ENSP00000381795 0 0 0 0 0 0 397 397 
9606.ENSP00000370055 9606.ENSP00000358674 0 0 0 0 0 0 515 515 
9606.ENSP00000370055 9606.ENSP00000334044 0 0 0 0 0 0 476 476 
9606.ENSP00000370055 9606.ENSP00000265148 0 0 0 0 0 0 164 164 
9606.ENSP00000370055 9606.ENSP00000308369 0 0 0 151 0 0 0 151 
9606.ENSP00000370055 9606.ENSP00000368450 0 0 0 0 0 0 215 215 
9606.ENSP00000370055 9606.ENSP00000037243 0 0 0 62 0 0 521 531 
9606.ENSP00000370055 9606.ENSP00000256497 0 0 0 0 0 0 224 224 
9606.ENSP00000370055 9606.ENSP00000351147 0 0 0 0 0 0 163 163 
9606.ENSP00000370055 9606.ENSP00000375978 0 0 0 0 0 0 203 203 
9606.ENSP00000370055 9606.ENSP00000250495 0 0 0 0 0 0 846 846 
9606.ENSP00000370055 9606.ENSP00000366482 0 0 0 0 0 0 238 238 
9606.ENSP00000370055 9606.ENSP00000312107 0 0 0 0 0 0 349 349 
9606.ENSP00000370055 9606.ENSP00000409666 0 0 0 61 0 0 346 359 
9606.ENSP00000370055 9606.ENSP00000262139 0 0 0 0 0 0 313 313 
9606.ENSP00000370055 9606.ENSP00000384869 0 0 0 0 0 0 204 204 
9606.ENSP00000370055 9606.ENSP00000351214 0 0 0 0 0 0 280 280 
9606.ENSP00000370055 9606.ENSP00000361158 0 0 0 0 0 0 369 369 
9606.ENSP00000370055 9606.ENSP00000405965 0 0 0 61 0 0 346 359 
9606.ENSP00000370055 9606.ENSP00000364204 0 0 0 0 0 0 204 204 
9606.ENSP00000370055 9606.ENSP00000451000 0 0 0 0 0 0 315 315 
9606.ENSP00000370055 9606.ENSP00000351218 0 0 0 0 0 0 193 193 
9606.ENSP00000370055 9606.ENSP00000387641 0 0 0 0 0 0 173 173 
9606.ENSP00000370055 9606.ENSP00000282185 0 0 0 0 0 0 317 317 
9606.ENSP00000370055 9606.ENSP00000263791 0 0 0 0 0 0 175 175 
9606.ENSP00000370055 9606.ENSP00000479606 0 0 0 0 0 0 270 270 
9606.ENSP00000370055 9606.ENSP00000390331 0 0 0 0 0 0 394 394 
9606.ENSP00000370055 9606.ENSP00000436926 0 0 0 0 0 0 287 287 
9606.ENSP00000370055 9606.ENSP00000365950 0 0 0 0 0 0 165 165 
9606.ENSP00000370055 9606.ENSP00000304908 0 0 0 62 0 0 131 150 
9606.ENSP00000370055 9606.ENSP00000216127 0 0 0 0 0 0 386 386 
9606.ENSP00000370055 9606.ENSP00000308318 0 0 0 0 0 0 203 203 
9606.ENSP00000370055 9606.ENSP00000238738 0 0 0 0 0 0 167 167 
9606.ENSP00000370055 9606.ENSP00000373413 0 0 0 0 0 0 204 204 
9606.ENSP00000370055 9606.ENSP00000379051 0 0 0 63 0 0 323 339 
9606.ENSP00000370055 9606.ENSP00000386710 0 0 0 0 0 0 325 325 
9606.ENSP00000370055 9606.ENSP00000349486 0 0 0 59 0 0 259 273 
9606.ENSP00000370055 9606.ENSP00000361855 0 0 0 0 0 0 265 265 
9606.ENSP00000370055 9606.ENSP00000341289 0 0 0 0 0 0 187 187 
9606.ENSP00000370055 9606.ENSP00000338990 0 0 0 0 0 0 161 161 
9606.ENSP00000370055 9606.ENSP00000386357 0 0 0 0 0 0 256 256 
9606.ENSP00000370055 9606.ENSP00000350512 0 0 0 0 0 0 190 190 
9606.ENSP00000370055 9606.ENSP00000425107 0 0 0 62 0 0 458 469 
9606.ENSP00000370055 9606.ENSP00000322229 0 0 0 0 0 0 152 152 
9606.ENSP00000370055 9606.ENSP00000378855 0 0 0 0 0 0 206 206 
9606.ENSP00000370055 9606.ENSP00000287461 0 0 0 0 0 0 233 233 
9606.ENSP00000370055 9606.ENSP00000378119 0 0 0 0 0 0 237 237 
9606.ENSP00000370055 9606.ENSP00000359609 0 0 0 151 0 0 0 151 
9606.ENSP00000370055 9606.ENSP00000368699 0 0 0 0 0 0 643 643 
9606.ENSP00000370055 9606.ENSP00000363405 0 0 0 0 0 0 473 473 
9606.ENSP00000370055 9606.ENSP00000356591 0 0 0 61 0 0 186 203 
9606.ENSP00000370055 9606.ENSP00000262640 0 0 0 156 0 0 0 156 
9606.ENSP00000370055 9606.ENSP00000274364 0 0 0 0 0 0 188 188 
9606.ENSP00000370055 9606.ENSP00000376272 0 0 0 0 0 0 201 201 
9606.ENSP00000370055 9606.ENSP00000422037 0 0 0 0 0 0 168 168 
9606.ENSP00000370055 9606.ENSP00000309262 0 0 0 0 0 0 197 197 
9606.ENSP00000370055 9606.ENSP00000376457 0 0 0 0 0 0 204 204 
9606.ENSP00000370055 9606.ENSP00000480828 0 0 0 0 0 0 156 156 
9606.ENSP00000370055 9606.ENSP00000440288 0 0 0 0 0 0 167 167 
9606.ENSP00000370055 9606.ENSP00000350378 0 0 0 63 0 0 141 161 
9606.ENSP00000370055 9606.ENSP00000260187 0 0 0 0 0 0 321 321 
9606.ENSP00000370055 9606.ENSP00000370532 0 0 0 0 0 0 190 190 
9606.ENSP00000370055 9606.ENSP00000272427 0 0 0 0 0 0 307 307 
9606.ENSP00000370055 9606.ENSP00000344254 0 0 0 0 0 0 171 171 
9606.ENSP00000370055 9606.ENSP00000339484 0 0 0 62 0 0 138 156 
9606.ENSP00000370055 9606.ENSP00000347997 0 0 0 50 0 0 207 214 
9606.ENSP00000370055 9606.ENSP00000312671 0 0 0 0 0 0 173 173 
9606.ENSP00000370055 9606.ENSP00000441214 0 0 0 0 0 0 215 215 
9606.ENSP00000370055 9606.ENSP00000373620 0 0 0 0 0 0 328 328 
9606.ENSP00000370055 9606.ENSP00000354775 0 0 0 177 0 0 0 177 
9606.ENSP00000370055 9606.ENSP00000326042 0 0 0 0 0 0 266 266 
9606.ENSP00000370055 9606.ENSP00000255305 0 0 0 0 0 0 315 315 
9606.ENSP00000370055 9606.ENSP00000483328 0 0 0 0 0 0 150 150 
9606.ENSP00000370055 9606.ENSP00000324560 0 0 0 0 0 0 341 341 
9606.ENSP00000370055 9606.ENSP00000342962 0 0 0 173 0 0 0 173 
9606.ENSP00000370055 9606.ENSP00000376077 0 0 0 61 0 0 689 695 
9606.ENSP00000370055 9606.ENSP00000334122 0 0 0 0 0 0 210 210 
9606.ENSP00000370055 9606.ENSP00000307774 0 0 0 0 0 0 156 156 
9606.ENSP00000370055 9606.ENSP00000343535 0 0 0 0 0 0 335 335 
9606.ENSP00000370055 9606.ENSP00000365063 0 0 0 0 0 0 203 203 
9606.ENSP00000370055 9606.ENSP00000376572 0 0 0 0 0 0 276 276 
9606.ENSP00000370055 9606.ENSP00000287156 0 0 0 0 0 0 365 365 
9606.ENSP00000370055 9606.ENSP00000340274 0 0 0 76 0 0 325 350 
9606.ENSP00000370055 9606.ENSP00000338413 0 0 0 0 0 0 403 403 
9606.ENSP00000370055 9606.ENSP00000403042 0 0 0 0 0 0 329 329 
9606.ENSP00000370055 9606.ENSP00000479708 0 0 0 0 0 0 188 188 
9606.ENSP00000370055 9606.ENSP00000304697 0 0 0 0 0 0 389 389 
9606.ENSP00000370055 9606.ENSP00000407422 0 0 0 0 0 0 211 211 
9606.ENSP00000370055 9606.ENSP00000285298 0 0 0 0 0 0 394 394 
9606.ENSP00000370055 9606.ENSP00000400717 0 0 0 61 0 0 198 215 
9606.ENSP00000370055 9606.ENSP00000370713 0 0 0 0 0 0 199 199 
9606.ENSP00000370055 9606.ENSP00000364700 0 0 0 0 0 0 169 169 
9606.ENSP00000370055 9606.ENSP00000358283 0 0 0 0 0 0 405 405 
9606.ENSP00000370055 9606.ENSP00000320043 0 0 0 0 0 0 213 213 
9606.ENSP00000370055 9606.ENSP00000453872 0 0 0 62 0 0 287 303 
9606.ENSP00000370055 9606.ENSP00000290536 0 0 0 0 177 0 0 177 
9606.ENSP00000370055 9606.ENSP00000296137 0 0 0 0 0 0 153 153 
9606.ENSP00000370055 9606.ENSP00000365773 0 0 0 0 0 0 180 180 
9606.ENSP00000370055 9606.ENSP00000075503 0 0 0 0 0 0 167 167 
9606.ENSP00000370055 9606.ENSP00000266458 0 0 0 82 0 0 213 247 
9606.ENSP00000370055 9606.ENSP00000215794 0 0 0 0 0 0 218 218 
9606.ENSP00000370055 9606.ENSP00000264414 0 0 0 0 0 0 422 422 
9606.ENSP00000370055 9606.ENSP00000328848 0 0 0 0 0 0 288 288 
9606.ENSP00000370055 9606.ENSP00000355480 0 0 0 0 0 0 222 222 
9606.ENSP00000370055 9606.ENSP00000217426 0 0 0 63 0 0 192 211 
9606.ENSP00000370055 9606.ENSP00000354340 0 0 0 77 0 0 528 545 
9606.ENSP00000370055 9606.ENSP00000386788 0 0 0 0 0 0 220 220 
9606.ENSP00000370055 9606.ENSP00000356243 0 0 0 0 0 0 171 171 
9606.ENSP00000370055 9606.ENSP00000349494 0 0 0 0 0 0 168 168 
9606.ENSP00000370055 9606.ENSP00000351990 0 0 0 0 0 0 451 451 
9606.ENSP00000370055 9606.ENSP00000221566 0 0 0 0 0 0 167 167 
9606.ENSP00000370055 9606.ENSP00000258428 0 0 0 0 0 0 331 331 
9606.ENSP00000370055 9606.ENSP00000326804 0 0 0 0 0 0 311 311 
9606.ENSP00000370055 9606.ENSP00000286091 0 0 0 0 0 0 173 173 
9606.ENSP00000370055 9606.ENSP00000265260 0 0 0 200 0 0 0 200 
9606.ENSP00000370055 9606.ENSP00000322730 0 0 0 0 0 0 290 290 
9606.ENSP00000370055 9606.ENSP00000402092 0 0 0 0 0 0 269 269 
9606.ENSP00000370055 9606.ENSP00000394791 0 0 0 62 0 0 143 162 
9606.ENSP00000370055 9606.ENSP00000356920 0 0 0 0 0 0 206 206 
9606.ENSP00000370055 9606.ENSP00000262903 0 0 0 0 0 0 155 155 
9606.ENSP00000370055 9606.ENSP00000229379 0 0 0 0 0 0 186 186 
9606.ENSP00000370055 9606.ENSP00000225688 0 0 0 0 0 0 229 229 
9606.ENSP00000370055 9606.ENSP00000412869 0 0 0 0 0 0 163 163 
9606.ENSP00000370055 9606.ENSP00000300289 0 0 0 0 0 0 173 173 
9606.ENSP00000370055 9606.ENSP00000406022 0 0 0 0 0 0 161 161 
9606.ENSP00000370055 9606.ENSP00000209875 0 0 0 0 0 0 159 159 
9606.ENSP00000370055 9606.ENSP00000414922 0 0 0 0 0 0 218 218 
9606.ENSP00000370055 9606.ENSP00000315203 0 0 0 64 0 0 400 414 
9606.ENSP00000370055 9606.ENSP00000270225 0 0 0 0 0 0 209 209 
9606.ENSP00000370055 9606.ENSP00000262850 0 0 0 0 0 0 533 533 
9606.ENSP00000370055 9606.ENSP00000292363 0 0 0 0 194 0 0 194 
9606.ENSP00000370055 9606.ENSP00000386134 0 0 0 0 0 0 156 156 
9606.ENSP00000370055 9606.ENSP00000366249 0 0 0 0 0 0 308 308 
9606.ENSP00000370055 9606.ENSP00000435370 0 0 0 0 0 0 364 364 
9606.ENSP00000370055 9606.ENSP00000349932 0 0 0 0 0 0 169 169 
9606.ENSP00000370055 9606.ENSP00000231449 0 0 0 0 0 0 307 307 
9606.ENSP00000370055 9606.ENSP00000338770 0 0 0 61 0 0 179 196 
9606.ENSP00000370055 9606.ENSP00000349205 0 0 0 0 0 0 402 402 
9606.ENSP00000370055 9606.ENSP00000268704 0 0 0 0 0 0 225 225 
9606.ENSP00000370055 9606.ENSP00000320318 0 0 0 0 0 0 227 227 
9606.ENSP00000370055 9606.ENSP00000258770 0 0 0 0 0 0 285 285 
9606.ENSP00000370055 9606.ENSP00000464265 0 0 0 0 0 0 311 311 
9606.ENSP00000370055 9606.ENSP00000340505 0 0 0 0 0 0 226 226 
9606.ENSP00000370055 9606.ENSP00000333266 0 0 0 0 0 0 440 440 
9606.ENSP00000370055 9606.ENSP00000313851 0 0 0 78 0 0 189 221 
9606.ENSP00000370055 9606.ENSP00000260665 0 0 0 0 0 0 338 338 
9606.ENSP00000370055 9606.ENSP00000273320 0 0 0 0 0 0 171 171 
9606.ENSP00000370055 9606.ENSP00000327440 0 0 0 0 0 0 216 216 
9606.ENSP00000370055 9606.ENSP00000299732 0 0 0 0 0 0 223 223 
9606.ENSP00000370055 9606.ENSP00000318165 0 0 0 0 0 0 405 405 
9606.ENSP00000370055 9606.ENSP00000250056 0 0 0 0 0 0 382 382 
9606.ENSP00000370055 9606.ENSP00000239444 0 0 0 0 0 0 294 294 
9606.ENSP00000370055 9606.ENSP00000256496 0 0 0 153 0 0 0 153 
9606.ENSP00000370055 9606.ENSP00000240285 0 0 0 0 0 0 171 171 
9606.ENSP00000370055 9606.ENSP00000482229 0 0 0 0 0 0 224 224 
9606.ENSP00000370055 9606.ENSP00000185150 0 0 0 0 0 0 173 173 
9606.ENSP00000370055 9606.ENSP00000253023 0 0 0 0 0 0 419 419 
9606.ENSP00000370055 9606.ENSP00000252996 0 0 0 0 0 0 203 203 
9606.ENSP00000370055 9606.ENSP00000262043 0 0 0 61 0 0 404 416 
9606.ENSP00000370055 9606.ENSP00000359297 0 0 0 0 0 0 211 211 
9606.ENSP00000370055 9606.ENSP00000378914 0 0 0 0 0 0 173 173 
9606.ENSP00000370055 9606.ENSP00000221307 0 0 0 0 0 0 165 165 
9606.ENSP00000370055 9606.ENSP00000287598 0 0 0 0 0 0 151 151 
9606.ENSP00000370055 9606.ENSP00000431482 0 0 0 0 0 0 426 426 
9606.ENSP00000370055 9606.ENSP00000269142 0 0 0 0 0 0 161 161 
9606.ENSP00000370055 9606.ENSP00000393260 0 0 0 0 0 0 155 155 
9606.ENSP00000370055 9606.ENSP00000296980 0 0 0 0 0 0 188 188 
9606.ENSP00000370055 9606.ENSP00000394863 0 0 0 0 0 0 217 217 
9606.ENSP00000370055 9606.ENSP00000368959 0 0 0 151 0 0 0 151 
9606.ENSP00000370055 9606.ENSP00000369899 0 0 0 0 0 0 626 626 
9606.ENSP00000370055 9606.ENSP00000466379 0 0 0 0 0 0 319 319 
9606.ENSP00000370055 9606.ENSP00000359497 0 0 0 0 0 0 152 152 
9606.ENSP00000370055 9606.ENSP00000225927 0 0 0 0 0 0 414 414 
9606.ENSP00000370055 9606.ENSP00000340914 0 0 0 0 0 0 178 178 
9606.ENSP00000370055 9606.ENSP00000371905 0 0 0 78 62 0 141 192 
9606.ENSP00000370055 9606.ENSP00000260247 0 0 0 0 0 0 267 267 
9606.ENSP00000370055 9606.ENSP00000380718 0 0 0 0 0 0 188 188 
9606.ENSP00000370055 9606.ENSP00000300896 0 0 0 0 0 0 279 279 
9606.ENSP00000370055 9606.ENSP00000408526 0 0 0 0 0 0 266 266 
9606.ENSP00000370055 9606.ENSP00000356982 0 0 0 0 0 0 406 406 
9606.ENSP00000370055 9606.ENSP00000297504 0 0 0 0 0 0 167 167 
9606.ENSP00000370055 9606.ENSP00000477538 0 0 0 0 0 0 159 159 
9606.ENSP00000370055 9606.ENSP00000340609 0 0 0 0 0 0 290 290 
9606.ENSP00000370055 9606.ENSP00000272418 0 0 0 0 0 0 224 224 
9606.ENSP00000370055 9606.ENSP00000353098 0 0 0 0 0 0 447 447 
9606.ENSP00000370055 9606.ENSP00000396445 0 0 0 0 0 0 196 196 
9606.ENSP00000370055 9606.ENSP00000265857 0 0 0 0 0 0 226 226 
9606.ENSP00000370055 9606.ENSP00000484288 0 0 0 0 0 0 384 384 
9606.ENSP00000370055 9606.ENSP00000338235 0 0 0 0 0 0 233 233 
9606.ENSP00000370055 9606.ENSP00000377060 0 0 0 0 0 0 186 186 
9606.ENSP00000370055 9606.ENSP00000359799 0 0 0 61 0 0 157 174 
9606.ENSP00000370055 9606.ENSP00000342188 0 0 0 0 0 0 440 440 
9606.ENSP00000370055 9606.ENSP00000312439 0 0 0 0 0 0 504 504 
9606.ENSP00000370055 9606.ENSP00000429150 0 0 0 0 0 0 306 306 
9606.ENSP00000370055 9606.ENSP00000381601 0 0 0 0 0 0 224 224 
9606.ENSP00000370055 9606.ENSP00000354573 0 0 0 0 0 0 231 231 
9606.ENSP00000370055 9606.ENSP00000363638 0 0 0 0 0 0 244 244 
9606.ENSP00000370055 9606.ENSP00000238497 0 0 0 156 0 0 0 156 
9606.ENSP00000370055 9606.ENSP00000329213 0 0 0 0 0 0 173 173 
9606.ENSP00000370055 9606.ENSP00000405674 0 0 0 62 0 0 492 503 
9606.ENSP00000370055 9606.ENSP00000314023 0 0 0 0 0 0 391 391 
9606.ENSP00000370055 9606.ENSP00000248437 0 0 0 0 0 0 165 165 
9606.ENSP00000370055 9606.ENSP00000273359 0 0 0 0 0 0 182 182 
9606.ENSP00000370055 9606.ENSP00000479617 0 0 0 0 0 0 326 326 
9606.ENSP00000370055 9606.ENSP00000393776 0 0 0 62 0 0 257 273 
9606.ENSP00000370055 9606.ENSP00000384259 0 0 0 0 0 0 167 167 
9606.ENSP00000370055 9606.ENSP00000351207 0 0 0 0 0 0 428 428 
9606.ENSP00000370055 9606.ENSP00000262039 0 0 0 0 0 0 418 418 
9606.ENSP00000370055 9606.ENSP00000440674 0 0 0 0 0 0 161 161 
9606.ENSP00000370055 9606.ENSP00000369411 0 0 0 0 0 0 286 286 
9606.ENSP00000370055 9606.ENSP00000444856 0 0 0 0 0 0 317 317 
9606.ENSP00000370055 9606.ENSP00000371471 0 0 0 0 0 0 161 161 
9606.ENSP00000370055 9606.ENSP00000371811 0 0 0 193 0 0 0 193 
9606.ENSP00000370055 9606.ENSP00000346335 0 0 0 0 0 0 173 173 
9606.ENSP00000370055 9606.ENSP00000343200 0 218 0 0 0 0 0 218 
9606.ENSP00000370055 9606.ENSP00000262126 0 0 0 151 0 0 0 151 
9606.ENSP00000370055 9606.ENSP00000313454 0 0 0 0 0 0 230 230 
9606.ENSP00000370055 9606.ENSP00000367762 0 0 0 0 0 0 163 163 
9606.ENSP00000370055 9606.ENSP00000265239 0 0 0 0 0 0 224 224 
9606.ENSP00000370055 9606.ENSP00000206423 0 0 0 0 0 0 190 190 
9606.ENSP00000370055 9606.ENSP00000378356 0 0 0 64 0 0 152 172 
9606.ENSP00000370055 9606.ENSP00000261558 0 0 0 97 0 0 100 152 
9606.ENSP00000370055 9606.ENSP00000216605 0 0 0 0 0 0 197 197 
9606.ENSP00000370055 9606.ENSP00000379931 0 0 0 0 0 0 345 345 
9606.ENSP00000370055 9606.ENSP00000378912 0 0 0 0 0 0 303 303 
9606.ENSP00000370055 9606.ENSP00000420176 0 0 0 0 0 0 161 161 
9606.ENSP00000370055 9606.ENSP00000267460 0 0 0 0 0 0 267 267 
9606.ENSP00000370055 9606.ENSP00000245816 0 0 0 0 0 0 566 566 
9606.ENSP00000370055 9606.ENSP00000386541 0 0 0 0 0 0 226 226 
9606.ENSP00000370055 9606.ENSP00000254508 0 0 0 0 0 0 199 199 
9606.ENSP00000370055 9606.ENSP00000441158 0 0 0 0 0 0 270 270 
9606.ENSP00000370055 9606.ENSP00000412922 0 0 0 0 0 0 414 414 
9606.ENSP00000370055 9606.ENSP00000219406 0 0 0 0 0 0 173 173 
9606.ENSP00000370055 9606.ENSP00000301962 0 0 0 0 0 0 394 394 
9606.ENSP00000370055 9606.ENSP00000258424 0 0 0 0 0 0 279 279 
9606.ENSP00000370055 9606.ENSP00000288828 0 0 0 0 0 0 313 313 
