9606.ENSP00000454852 9606.ENSP00000265388 0 0 0 0 0 0 286 286 
9606.ENSP00000454852 9606.ENSP00000358142 0 0 0 0 0 0 250 250 
9606.ENSP00000454852 9606.ENSP00000347088 0 0 0 0 0 0 302 302 
9606.ENSP00000454852 9606.ENSP00000418915 0 0 0 0 0 0 175 175 
9606.ENSP00000454852 9606.ENSP00000321706 0 0 0 62 0 900 392 938 
9606.ENSP00000454852 9606.ENSP00000380675 0 0 0 108 0 0 223 277 
9606.ENSP00000454852 9606.ENSP00000448054 0 0 0 0 0 900 42 900 
9606.ENSP00000454852 9606.ENSP00000379696 0 0 0 0 0 0 508 508 
9606.ENSP00000454852 9606.ENSP00000245544 0 0 0 62 0 900 0 902 
9606.ENSP00000454852 9606.ENSP00000356448 0 0 0 55 0 900 65 903 
9606.ENSP00000454852 9606.ENSP00000358563 0 0 0 0 0 0 311 311 
9606.ENSP00000454852 9606.ENSP00000264279 0 0 0 61 0 0 424 436 
9606.ENSP00000454852 9606.ENSP00000303709 0 0 0 0 0 0 161 161 
9606.ENSP00000454852 9606.ENSP00000228284 0 0 0 0 0 0 522 522 
9606.ENSP00000454852 9606.ENSP00000215829 0 0 0 63 84 900 429 944 
9606.ENSP00000454852 9606.ENSP00000364709 0 0 0 0 0 0 212 212 
9606.ENSP00000454852 9606.ENSP00000229795 0 0 0 0 0 0 186 186 
9606.ENSP00000454852 9606.ENSP00000025008 0 0 0 0 0 0 384 384 
9606.ENSP00000454852 9606.ENSP00000349748 0 0 0 0 0 0 193 193 
9606.ENSP00000454852 9606.ENSP00000271234 0 0 0 0 0 0 659 659 
9606.ENSP00000454852 9606.ENSP00000245908 0 0 0 0 0 0 339 339 
9606.ENSP00000454852 9606.ENSP00000229179 0 0 0 62 0 900 0 902 
9606.ENSP00000454852 9606.ENSP00000483254 0 0 0 0 0 0 155 155 
9606.ENSP00000454852 9606.ENSP00000249299 0 0 0 0 0 0 151 151 
9606.ENSP00000454852 9606.ENSP00000320130 0 0 0 0 0 0 388 388 
9606.ENSP00000454852 9606.ENSP00000326806 0 0 0 63 0 0 681 689 
9606.ENSP00000454852 9606.ENSP00000362110 0 0 0 0 175 0 0 175 
9606.ENSP00000454852 9606.ENSP00000385795 0 0 0 0 0 0 292 292 
9606.ENSP00000454852 9606.ENSP00000381231 0 0 0 0 0 0 473 473 
9606.ENSP00000454852 9606.ENSP00000240306 0 0 0 0 0 0 179 179 
9606.ENSP00000454852 9606.ENSP00000452746 0 0 0 0 0 0 229 229 
9606.ENSP00000454852 9606.ENSP00000293328 0 0 0 0 0 0 189 189 
9606.ENSP00000454852 9606.ENSP00000285873 0 0 0 0 0 900 403 937 
9606.ENSP00000454852 9606.ENSP00000466897 0 0 0 0 0 0 649 649 
9606.ENSP00000454852 9606.ENSP00000243563 0 0 0 64 0 0 138 158 
9606.ENSP00000454852 9606.ENSP00000480421 0 0 0 59 0 0 261 275 
9606.ENSP00000454852 9606.ENSP00000471191 0 0 0 62 0 900 235 921 
9606.ENSP00000454852 9606.ENSP00000455265 0 0 0 0 0 0 192 192 
9606.ENSP00000454852 9606.ENSP00000317817 0 0 0 0 0 0 227 227 
9606.ENSP00000454852 9606.ENSP00000220592 0 0 0 0 0 0 233 233 
9606.ENSP00000454852 9606.ENSP00000444029 0 0 0 64 0 900 248 923 
9606.ENSP00000454852 9606.ENSP00000283109 0 0 0 0 0 0 212 212 
9606.ENSP00000454852 9606.ENSP00000412566 0 0 0 62 396 900 395 961 
9606.ENSP00000454852 9606.ENSP00000395473 0 0 0 0 0 0 222 222 
9606.ENSP00000454852 9606.ENSP00000432886 0 0 0 62 0 0 245 261 
9606.ENSP00000454852 9606.ENSP00000361418 0 0 0 0 0 0 625 625 
9606.ENSP00000454852 9606.ENSP00000376534 0 0 0 0 0 0 279 279 
9606.ENSP00000454852 9606.ENSP00000297990 0 281 0 63 0 0 0 298 
9606.ENSP00000454852 9606.ENSP00000334373 0 0 0 53 0 0 276 285 
9606.ENSP00000454852 9606.ENSP00000307786 0 0 0 0 0 0 227 227 
9606.ENSP00000454852 9606.ENSP00000312981 0 0 0 62 0 0 146 164 
9606.ENSP00000454852 9606.ENSP00000270517 0 0 0 0 0 0 180 180 
9606.ENSP00000454852 9606.ENSP00000264553 0 0 0 0 0 0 165 165 
9606.ENSP00000454852 9606.ENSP00000364289 0 0 0 61 0 0 481 492 
9606.ENSP00000454852 9606.ENSP00000222726 0 0 0 0 0 0 199 199 
9606.ENSP00000454852 9606.ENSP00000329918 0 0 0 61 379 0 812 881 
9606.ENSP00000454852 9606.ENSP00000318195 0 0 0 0 0 0 313 313 
9606.ENSP00000454852 9606.ENSP00000359506 0 0 0 0 0 0 252 252 
9606.ENSP00000454852 9606.ENSP00000446880 0 0 0 0 0 0 469 469 
9606.ENSP00000454852 9606.ENSP00000438483 0 0 0 53 0 0 477 484 
9606.ENSP00000454852 9606.ENSP00000369042 0 0 0 0 164 0 480 547 
9606.ENSP00000454852 9606.ENSP00000262241 0 0 0 0 0 0 174 174 
9606.ENSP00000454852 9606.ENSP00000432561 0 0 0 0 0 0 220 220 
9606.ENSP00000454852 9606.ENSP00000280700 0 0 0 0 0 0 405 405 
9606.ENSP00000454852 9606.ENSP00000358716 0 0 0 55 313 900 544 966 
9606.ENSP00000454852 9606.ENSP00000370119 0 0 0 108 159 0 478 574 
9606.ENSP00000454852 9606.ENSP00000218249 0 0 0 62 0 0 193 210 
9606.ENSP00000454852 9606.ENSP00000354481 0 0 0 0 0 0 267 267 
9606.ENSP00000454852 9606.ENSP00000384109 0 0 0 61 0 0 165 183 
9606.ENSP00000454852 9606.ENSP00000231498 0 0 0 59 0 900 0 901 
9606.ENSP00000454852 9606.ENSP00000253693 0 0 0 0 0 0 332 332 
9606.ENSP00000454852 9606.ENSP00000422392 0 0 0 48 84 0 125 170 
9606.ENSP00000454852 9606.ENSP00000376276 0 0 0 0 0 0 217 217 
9606.ENSP00000454852 9606.ENSP00000261483 0 0 0 0 0 0 307 307 
9606.ENSP00000454852 9606.ENSP00000420095 0 0 0 0 0 0 574 574 
9606.ENSP00000454852 9606.ENSP00000385410 0 0 0 0 0 0 370 370 
9606.ENSP00000454852 9606.ENSP00000355731 0 0 0 0 0 0 375 375 
9606.ENSP00000454852 9606.ENSP00000341483 0 0 0 0 0 0 530 530 
9606.ENSP00000454852 9606.ENSP00000422375 0 0 0 0 0 0 229 229 
9606.ENSP00000454852 9606.ENSP00000381234 0 0 0 0 0 0 472 472 
9606.ENSP00000454852 9606.ENSP00000276925 0 0 0 0 0 0 257 257 
9606.ENSP00000454852 9606.ENSP00000359264 0 0 0 0 0 0 512 512 
9606.ENSP00000454852 9606.ENSP00000266263 0 0 0 0 0 0 305 305 
9606.ENSP00000454852 9606.ENSP00000413625 0 0 0 0 0 0 406 406 
9606.ENSP00000454852 9606.ENSP00000261396 0 0 0 62 0 900 96 907 
9606.ENSP00000454852 9606.ENSP00000383949 0 0 0 0 0 0 248 248 
9606.ENSP00000454852 9606.ENSP00000384398 0 0 0 61 0 0 369 382 
9606.ENSP00000454852 9606.ENSP00000254193 0 0 0 0 742 0 49 744 
9606.ENSP00000454852 9606.ENSP00000428657 0 0 0 0 0 0 228 228 
9606.ENSP00000454852 9606.ENSP00000264883 0 0 0 61 0 900 0 902 
9606.ENSP00000454852 9606.ENSP00000285968 0 0 0 0 0 900 0 900 
9606.ENSP00000454852 9606.ENSP00000363745 0 0 0 60 0 0 468 478 
9606.ENSP00000454852 9606.ENSP00000351190 0 0 0 0 0 0 156 156 
9606.ENSP00000454852 9606.ENSP00000257312 0 0 0 0 0 0 197 197 
9606.ENSP00000454852 9606.ENSP00000355601 0 0 0 81 234 0 0 265 
9606.ENSP00000454852 9606.ENSP00000261712 0 0 0 0 0 0 266 266 
9606.ENSP00000454852 9606.ENSP00000361658 0 0 0 63 0 900 310 929 
9606.ENSP00000454852 9606.ENSP00000433109 0 0 0 62 0 0 342 356 
9606.ENSP00000454852 9606.ENSP00000295119 0 0 0 64 0 900 0 902 
9606.ENSP00000454852 9606.ENSP00000334840 0 0 0 0 0 0 194 194 
9606.ENSP00000454852 9606.ENSP00000256759 0 0 0 0 0 0 221 221 
9606.ENSP00000454852 9606.ENSP00000269305 0 0 0 0 0 0 162 162 
9606.ENSP00000454852 9606.ENSP00000319096 0 0 0 0 0 0 220 220 
9606.ENSP00000454852 9606.ENSP00000240316 0 0 0 0 0 0 351 351 
9606.ENSP00000454852 9606.ENSP00000441765 0 0 0 0 0 0 204 204 
9606.ENSP00000454852 9606.ENSP00000320117 0 0 0 0 0 0 226 226 
9606.ENSP00000454852 9606.ENSP00000415178 0 0 0 0 0 0 175 175 
9606.ENSP00000454852 9606.ENSP00000279804 0 0 0 0 0 0 231 231 
9606.ENSP00000454852 9606.ENSP00000276079 0 0 0 0 0 0 154 154 
9606.ENSP00000454852 9606.ENSP00000352400 0 0 0 0 0 900 318 928 
9606.ENSP00000454852 9606.ENSP00000417556 0 0 0 63 0 0 177 195 
9606.ENSP00000454852 9606.ENSP00000375849 0 0 0 0 0 0 286 286 
9606.ENSP00000454852 9606.ENSP00000260129 0 0 0 61 0 0 598 607 
9606.ENSP00000454852 9606.ENSP00000227322 0 0 0 66 313 0 455 620 
9606.ENSP00000454852 9606.ENSP00000338352 0 0 0 0 0 0 163 163 
9606.ENSP00000454852 9606.ENSP00000436679 0 0 0 0 0 0 268 268 
9606.ENSP00000454852 9606.ENSP00000260118 0 0 0 0 0 0 558 558 
9606.ENSP00000454852 9606.ENSP00000319341 0 0 0 62 84 0 150 206 
9606.ENSP00000454852 9606.ENSP00000379503 0 0 0 55 280 0 0 290 
9606.ENSP00000454852 9606.ENSP00000403310 0 0 0 0 160 0 199 298 
9606.ENSP00000454852 9606.ENSP00000483489 0 0 0 0 0 0 263 263 
9606.ENSP00000454852 9606.ENSP00000265351 0 0 0 0 0 0 265 265 
9606.ENSP00000454852 9606.ENSP00000401470 0 0 0 0 0 0 510 510 
9606.ENSP00000454852 9606.ENSP00000263233 0 0 0 0 0 0 218 218 
9606.ENSP00000454852 9606.ENSP00000272348 0 0 0 0 0 900 0 900 
9606.ENSP00000454852 9606.ENSP00000219169 0 0 0 0 0 0 596 596 
9606.ENSP00000454852 9606.ENSP00000345895 0 0 0 64 0 900 292 928 
9606.ENSP00000454852 9606.ENSP00000307863 0 0 0 0 0 0 151 151 
9606.ENSP00000454852 9606.ENSP00000256079 0 0 0 0 164 0 163 270 
9606.ENSP00000454852 9606.ENSP00000356476 0 0 0 0 0 0 273 273 
9606.ENSP00000454852 9606.ENSP00000373715 0 0 0 0 0 0 202 202 
9606.ENSP00000454852 9606.ENSP00000415822 0 0 0 0 0 0 340 340 
9606.ENSP00000454852 9606.ENSP00000381214 0 0 0 0 0 0 235 235 
9606.ENSP00000454852 9606.ENSP00000263579 0 0 0 51 0 0 360 367 
9606.ENSP00000454852 9606.ENSP00000360483 0 0 0 64 0 900 0 902 
9606.ENSP00000454852 9606.ENSP00000281950 0 0 0 0 0 900 433 940 
9606.ENSP00000454852 9606.ENSP00000360626 0 0 0 0 0 0 179 179 
9606.ENSP00000454852 9606.ENSP00000280377 0 0 0 0 204 0 0 204 
9606.ENSP00000454852 9606.ENSP00000321309 0 0 0 0 0 0 323 323 
9606.ENSP00000454852 9606.ENSP00000258742 0 0 0 54 0 900 0 901 
9606.ENSP00000454852 9606.ENSP00000362937 0 0 0 77 0 0 405 428 
9606.ENSP00000454852 9606.ENSP00000313199 0 0 0 0 0 0 190 190 
9606.ENSP00000454852 9606.ENSP00000338207 0 0 0 0 0 0 259 259 
9606.ENSP00000454852 9606.ENSP00000381216 0 0 0 0 0 0 414 414 
9606.ENSP00000454852 9606.ENSP00000482732 0 73 0 0 0 0 312 335 
9606.ENSP00000454852 9606.ENSP00000440504 0 0 0 0 0 0 154 154 
9606.ENSP00000454852 9606.ENSP00000481575 0 0 0 63 0 900 0 902 
9606.ENSP00000454852 9606.ENSP00000476119 0 0 0 0 0 0 502 502 
9606.ENSP00000454852 9606.ENSP00000458954 0 0 0 80 0 900 423 942 
9606.ENSP00000454852 9606.ENSP00000379182 0 0 0 0 0 900 0 900 
9606.ENSP00000454852 9606.ENSP00000261205 0 0 0 0 0 0 222 222 
9606.ENSP00000454852 9606.ENSP00000380308 0 0 0 0 0 0 433 433 
9606.ENSP00000454852 9606.ENSP00000344741 0 0 0 0 0 0 160 160 
9606.ENSP00000454852 9606.ENSP00000256682 0 0 0 0 0 0 217 217 
9606.ENSP00000454852 9606.ENSP00000342778 0 0 0 55 0 0 164 176 
9606.ENSP00000454852 9606.ENSP00000288912 0 0 0 0 0 0 168 168 
9606.ENSP00000454852 9606.ENSP00000278483 0 0 0 0 0 0 284 284 
9606.ENSP00000454852 9606.ENSP00000363313 0 0 0 142 176 0 0 262 
9606.ENSP00000454852 9606.ENSP00000261658 0 0 0 0 0 0 501 501 
9606.ENSP00000454852 9606.ENSP00000457788 0 0 0 0 0 0 440 440 
9606.ENSP00000454852 9606.ENSP00000345270 0 0 0 0 0 0 622 622 
9606.ENSP00000454852 9606.ENSP00000340776 0 0 0 0 0 0 280 280 
9606.ENSP00000454852 9606.ENSP00000258416 0 0 0 0 0 0 173 173 
9606.ENSP00000454852 9606.ENSP00000297540 0 0 0 64 0 0 832 836 
9606.ENSP00000454852 9606.ENSP00000389948 0 0 0 0 0 0 593 593 
9606.ENSP00000454852 9606.ENSP00000311899 0 0 0 98 160 0 0 209 
9606.ENSP00000454852 9606.ENSP00000300131 0 0 0 0 0 0 151 151 
9606.ENSP00000454852 9606.ENSP00000348163 0 0 0 0 0 0 386 386 
9606.ENSP00000454852 9606.ENSP00000325690 0 0 0 0 0 0 293 293 
9606.ENSP00000454852 9606.ENSP00000375863 0 0 0 0 0 0 167 167 
9606.ENSP00000454852 9606.ENSP00000345702 0 0 0 0 0 0 232 232 
9606.ENSP00000454852 9606.ENSP00000275767 0 0 0 0 0 0 265 265 
9606.ENSP00000454852 9606.ENSP00000382972 0 0 0 62 587 0 111 626 
9606.ENSP00000454852 9606.ENSP00000266556 0 0 0 0 0 0 218 218 
9606.ENSP00000454852 9606.ENSP00000425561 0 0 0 61 0 0 234 250 
9606.ENSP00000454852 9606.ENSP00000472710 0 0 0 0 0 0 222 222 
9606.ENSP00000454852 9606.ENSP00000286307 0 0 0 61 0 0 136 154 
9606.ENSP00000454852 9606.ENSP00000385269 0 0 0 0 0 0 384 384 
9606.ENSP00000454852 9606.ENSP00000342374 0 0 0 61 84 900 399 941 
9606.ENSP00000454852 9606.ENSP00000261667 0 0 0 53 0 0 351 359 
9606.ENSP00000454852 9606.ENSP00000219281 0 0 0 63 0 0 194 213 
9606.ENSP00000454852 9606.ENSP00000383042 0 0 0 61 0 0 267 282 
9606.ENSP00000454852 9606.ENSP00000350928 0 0 0 61 0 0 201 217 
9606.ENSP00000454852 9606.ENSP00000295121 0 0 0 62 0 0 201 218 
9606.ENSP00000454852 9606.ENSP00000466967 0 0 0 0 0 0 425 425 
9606.ENSP00000454852 9606.ENSP00000266735 0 0 0 0 0 900 0 900 
9606.ENSP00000454852 9606.ENSP00000255613 0 0 0 0 0 0 271 271 
9606.ENSP00000454852 9606.ENSP00000312506 0 0 0 0 0 0 455 455 
9606.ENSP00000454852 9606.ENSP00000479618 0 0 0 0 0 0 220 220 
9606.ENSP00000454852 9606.ENSP00000400591 0 0 0 63 559 900 309 967 
9606.ENSP00000454852 9606.ENSP00000296930 0 0 0 0 0 0 284 284 
9606.ENSP00000454852 9606.ENSP00000308000 0 0 0 0 0 0 187 187 
9606.ENSP00000454852 9606.ENSP00000385675 0 0 0 0 0 0 185 185 
9606.ENSP00000454852 9606.ENSP00000273783 0 0 0 0 0 0 560 560 
9606.ENSP00000454852 9606.ENSP00000358525 0 0 0 0 0 0 230 230 
9606.ENSP00000454852 9606.ENSP00000419004 0 0 0 0 0 0 346 346 
9606.ENSP00000454852 9606.ENSP00000367721 0 0 0 61 0 900 0 902 
9606.ENSP00000454852 9606.ENSP00000300413 0 0 0 62 841 900 500 991 
9606.ENSP00000454852 9606.ENSP00000262120 0 0 0 0 0 0 172 172 
9606.ENSP00000454852 9606.ENSP00000472998 0 0 0 0 176 0 439 518 
9606.ENSP00000454852 9606.ENSP00000370589 0 0 0 61 0 0 376 389 
9606.ENSP00000454852 9606.ENSP00000262982 0 0 0 62 0 0 348 362 
9606.ENSP00000454852 9606.ENSP00000336712 0 0 0 0 0 0 403 403 
9606.ENSP00000454852 9606.ENSP00000283179 0 0 0 0 0 0 307 307 
9606.ENSP00000454852 9606.ENSP00000370083 0 0 0 108 397 0 426 665 
9606.ENSP00000454852 9606.ENSP00000355028 0 0 0 0 0 0 679 679 
9606.ENSP00000454852 9606.ENSP00000244769 0 0 0 0 0 0 668 668 
9606.ENSP00000454852 9606.ENSP00000377298 0 0 0 0 0 0 437 437 
9606.ENSP00000454852 9606.ENSP00000387128 0 0 0 0 0 0 220 220 
9606.ENSP00000454852 9606.ENSP00000283195 0 0 0 0 0 900 417 939 
9606.ENSP00000454852 9606.ENSP00000324122 0 0 0 61 0 0 228 244 
9606.ENSP00000454852 9606.ENSP00000318585 0 0 0 0 0 0 200 200 
9606.ENSP00000454852 9606.ENSP00000367029 0 0 0 0 0 0 312 312 
9606.ENSP00000454852 9606.ENSP00000351159 0 0 0 0 0 0 220 220 
9606.ENSP00000454852 9606.ENSP00000389103 0 0 0 0 0 0 389 389 
9606.ENSP00000454852 9606.ENSP00000244520 0 0 0 64 0 0 302 319 
9606.ENSP00000454852 9606.ENSP00000311032 0 0 0 0 0 0 222 222 
9606.ENSP00000454852 9606.ENSP00000262878 0 0 0 63 0 0 386 400 
9606.ENSP00000454852 9606.ENSP00000260950 0 0 0 0 0 0 221 221 
9606.ENSP00000454852 9606.ENSP00000393324 0 0 0 0 0 0 217 217 
9606.ENSP00000454852 9606.ENSP00000327821 0 0 0 0 0 0 414 414 
9606.ENSP00000454852 9606.ENSP00000381053 0 0 0 0 0 0 154 154 
9606.ENSP00000454852 9606.ENSP00000320147 0 0 0 0 0 0 150 150 
9606.ENSP00000454852 9606.ENSP00000290158 0 0 0 62 923 800 581 993 
9606.ENSP00000454852 9606.ENSP00000446215 0 0 0 0 870 0 504 933 
9606.ENSP00000454852 9606.ENSP00000445001 0 0 0 98 0 0 149 200 
9606.ENSP00000454852 9606.ENSP00000369895 0 0 0 63 0 900 85 906 
9606.ENSP00000454852 9606.ENSP00000312834 0 0 0 0 0 0 171 171 
9606.ENSP00000454852 9606.ENSP00000270257 0 0 0 62 0 900 461 945 
9606.ENSP00000454852 9606.ENSP00000358497 0 0 0 62 0 0 271 286 
9606.ENSP00000454852 9606.ENSP00000215793 0 0 0 63 0 0 195 213 
9606.ENSP00000454852 9606.ENSP00000316578 0 0 0 0 0 0 184 184 
9606.ENSP00000454852 9606.ENSP00000348019 0 0 0 0 0 0 245 245 
9606.ENSP00000454852 9606.ENSP00000358635 0 0 0 55 0 0 386 394 
9606.ENSP00000454852 9606.ENSP00000226796 0 0 0 0 0 0 388 388 
9606.ENSP00000454852 9606.ENSP00000439170 0 0 0 55 0 0 322 331 
9606.ENSP00000454852 9606.ENSP00000290039 0 0 0 0 0 0 489 489 
9606.ENSP00000454852 9606.ENSP00000246071 0 0 0 63 0 0 177 196 
9606.ENSP00000454852 9606.ENSP00000355593 0 0 0 0 0 0 169 169 
9606.ENSP00000454852 9606.ENSP00000350249 0 0 0 0 0 0 165 165 
9606.ENSP00000454852 9606.ENSP00000484415 0 0 0 0 0 0 268 268 
9606.ENSP00000454852 9606.ENSP00000377148 0 0 0 0 0 0 161 161 
9606.ENSP00000454852 9606.ENSP00000319169 0 0 0 0 0 0 375 375 
9606.ENSP00000454852 9606.ENSP00000216133 0 0 0 0 0 0 465 465 
9606.ENSP00000454852 9606.ENSP00000265085 0 0 0 0 0 0 150 150 
9606.ENSP00000454852 9606.ENSP00000378687 0 0 0 63 0 900 0 902 
9606.ENSP00000454852 9606.ENSP00000341208 0 0 0 0 0 0 189 189 
9606.ENSP00000454852 9606.ENSP00000476955 0 0 0 63 0 0 494 505 
9606.ENSP00000454852 9606.ENSP00000341826 0 0 0 0 0 0 254 254 
9606.ENSP00000454852 9606.ENSP00000342262 0 0 0 64 0 900 0 902 
9606.ENSP00000454852 9606.ENSP00000479365 0 0 0 62 0 0 254 270 
9606.ENSP00000454852 9606.ENSP00000311677 0 0 0 0 375 0 0 375 
9606.ENSP00000454852 9606.ENSP00000221801 0 0 0 0 0 0 322 322 
9606.ENSP00000454852 9606.ENSP00000310668 0 0 0 61 0 900 231 921 
9606.ENSP00000454852 9606.ENSP00000382840 0 0 0 0 0 0 349 349 
9606.ENSP00000454852 9606.ENSP00000305005 0 0 0 0 0 0 347 347 
9606.ENSP00000454852 9606.ENSP00000364813 0 0 0 48 84 0 224 264 
9606.ENSP00000454852 9606.ENSP00000339813 0 0 0 0 0 0 414 414 
9606.ENSP00000454852 9606.ENSP00000361705 0 0 0 61 0 0 471 482 
9606.ENSP00000454852 9606.ENSP00000342307 0 0 0 0 0 0 295 295 
9606.ENSP00000454852 9606.ENSP00000384863 0 0 0 0 870 0 943 992 
9606.ENSP00000454852 9606.ENSP00000308533 0 0 0 64 0 900 590 958 
9606.ENSP00000454852 9606.ENSP00000343701 0 0 0 53 0 0 299 308 
9606.ENSP00000454852 9606.ENSP00000477613 0 0 0 0 0 0 258 258 
9606.ENSP00000454852 9606.ENSP00000272444 0 0 0 62 0 0 155 173 
9606.ENSP00000454852 9606.ENSP00000209873 0 0 0 0 0 900 0 900 
9606.ENSP00000454852 9606.ENSP00000452948 0 0 0 0 0 0 307 307 
9606.ENSP00000454852 9606.ENSP00000260361 0 0 0 0 0 0 603 603 
9606.ENSP00000454852 9606.ENSP00000370057 0 0 0 0 0 0 159 159 
9606.ENSP00000454852 9606.ENSP00000254508 0 0 0 52 0 900 127 910 
9606.ENSP00000454852 9606.ENSP00000358784 0 0 0 62 0 0 203 220 
9606.ENSP00000454852 9606.ENSP00000354476 0 0 0 0 0 0 221 221 
9606.ENSP00000454852 9606.ENSP00000362550 0 0 0 0 0 0 195 195 
9606.ENSP00000454852 9606.ENSP00000401564 0 0 0 0 0 0 587 587 
9606.ENSP00000454852 9606.ENSP00000338967 0 0 0 0 0 0 163 163 
9606.ENSP00000454852 9606.ENSP00000361162 0 0 0 62 855 0 0 858 
9606.ENSP00000454852 9606.ENSP00000392270 0 0 0 0 0 0 150 150 
9606.ENSP00000454852 9606.ENSP00000363124 0 0 0 0 0 0 559 559 
