9606.ENSP00000354032 9606.ENSP00000340292 0 0 0 62 0 0 250 266 
9606.ENSP00000354032 9606.ENSP00000216180 0 0 0 62 0 0 186 204 
9606.ENSP00000354032 9606.ENSP00000377282 0 0 0 0 0 0 511 511 
9606.ENSP00000354032 9606.ENSP00000427690 0 0 0 0 0 0 347 347 
9606.ENSP00000354032 9606.ENSP00000327801 0 0 0 0 0 0 168 168 
9606.ENSP00000354032 9606.ENSP00000478320 0 0 0 0 0 0 171 171 
9606.ENSP00000354032 9606.ENSP00000301466 0 0 0 49 180 0 174 299 
9606.ENSP00000354032 9606.ENSP00000361943 0 0 0 0 0 0 251 251 
9606.ENSP00000354032 9606.ENSP00000377895 0 0 0 0 0 0 169 169 
9606.ENSP00000354032 9606.ENSP00000303830 0 0 0 0 0 0 254 254 
9606.ENSP00000354032 9606.ENSP00000362576 0 0 0 0 0 0 267 267 
9606.ENSP00000354032 9606.ENSP00000277010 0 0 0 0 0 0 161 161 
9606.ENSP00000354032 9606.ENSP00000296582 0 0 0 62 0 0 228 244 
9606.ENSP00000354032 9606.ENSP00000432568 0 0 0 111 0 0 170 230 
9606.ENSP00000354032 9606.ENSP00000261349 0 0 0 0 0 0 221 221 
9606.ENSP00000354032 9606.ENSP00000330442 0 0 0 0 0 0 204 204 
9606.ENSP00000354032 9606.ENSP00000360423 0 0 0 201 0 0 84 237 
9606.ENSP00000354032 9606.ENSP00000387536 0 0 0 63 0 0 186 205 
9606.ENSP00000354032 9606.ENSP00000378974 0 0 0 0 0 0 185 185 
9606.ENSP00000354032 9606.ENSP00000386796 0 0 0 171 0 0 0 171 
9606.ENSP00000354032 9606.ENSP00000262483 0 0 0 0 127 0 110 189 
9606.ENSP00000354032 9606.ENSP00000339017 0 0 0 55 204 0 0 215 
9606.ENSP00000354032 9606.ENSP00000240922 0 0 0 0 0 0 242 242 
9606.ENSP00000354032 9606.ENSP00000342793 0 0 0 77 0 0 166 197 
9606.ENSP00000354032 9606.ENSP00000229266 0 0 0 0 475 0 59 484 
9606.ENSP00000354032 9606.ENSP00000353646 0 0 0 0 0 0 287 287 
9606.ENSP00000354032 9606.ENSP00000355589 0 0 0 61 0 0 144 162 
9606.ENSP00000354032 9606.ENSP00000301788 0 0 0 0 0 0 533 533 
9606.ENSP00000354032 9606.ENSP00000436897 0 0 0 0 547 0 0 547 
9606.ENSP00000354032 9606.ENSP00000224140 0 0 0 63 0 0 514 525 
9606.ENSP00000354032 9606.ENSP00000318016 0 0 0 0 0 0 508 508 
9606.ENSP00000354032 9606.ENSP00000307701 0 0 0 0 184 0 55 195 
9606.ENSP00000354032 9606.ENSP00000265276 0 0 0 0 186 0 279 388 
9606.ENSP00000354032 9606.ENSP00000244289 0 0 0 62 0 0 313 328 
9606.ENSP00000354032 9606.ENSP00000290551 0 0 0 0 0 0 563 563 
9606.ENSP00000354032 9606.ENSP00000380352 0 0 0 82 0 0 550 569 
9606.ENSP00000354032 9606.ENSP00000328596 0 0 0 0 0 0 225 225 
9606.ENSP00000354032 9606.ENSP00000481006 0 0 0 88 0 0 329 361 
9606.ENSP00000354032 9606.ENSP00000261978 0 0 0 62 0 0 156 174 
9606.ENSP00000354032 9606.ENSP00000246747 0 0 0 102 0 0 93 150 
9606.ENSP00000354032 9606.ENSP00000216455 0 0 0 0 0 0 173 173 
9606.ENSP00000354032 9606.ENSP00000306010 0 0 0 61 0 0 135 153 
9606.ENSP00000354032 9606.ENSP00000428263 0 0 0 0 0 0 222 222 
9606.ENSP00000354032 9606.ENSP00000349722 0 0 0 0 0 0 162 162 
9606.ENSP00000354032 9606.ENSP00000349351 0 0 0 0 0 0 347 347 
9606.ENSP00000354032 9606.ENSP00000378548 0 0 0 0 0 0 197 197 
9606.ENSP00000354032 9606.ENSP00000391481 0 0 0 0 156 0 0 156 
9606.ENSP00000354032 9606.ENSP00000377936 0 0 0 70 0 0 156 182 
9606.ENSP00000354032 9606.ENSP00000465734 0 0 0 0 0 0 327 327 
9606.ENSP00000354032 9606.ENSP00000367024 0 0 0 0 0 0 185 185 
9606.ENSP00000354032 9606.ENSP00000366654 0 0 0 0 0 0 607 607 
9606.ENSP00000354032 9606.ENSP00000245923 0 0 0 58 0 0 492 501 
9606.ENSP00000354032 9606.ENSP00000440045 0 0 0 51 157 0 132 244 
9606.ENSP00000354032 9606.ENSP00000394487 0 0 0 63 0 0 186 204 
9606.ENSP00000354032 9606.ENSP00000320337 0 0 0 83 0 0 130 168 
9606.ENSP00000354032 9606.ENSP00000353731 0 0 0 0 0 0 232 232 
9606.ENSP00000354032 9606.ENSP00000349588 0 0 0 69 0 0 135 160 
9606.ENSP00000354032 9606.ENSP00000256367 0 0 0 0 0 0 607 607 
9606.ENSP00000354032 9606.ENSP00000228027 0 0 0 62 0 0 534 544 
9606.ENSP00000354032 9606.ENSP00000337731 0 0 0 0 0 0 152 152 
9606.ENSP00000354032 9606.ENSP00000362680 0 0 0 0 0 0 186 186 
9606.ENSP00000354032 9606.ENSP00000294724 0 0 0 0 0 0 188 188 
9606.ENSP00000354032 9606.ENSP00000353362 0 0 0 195 0 0 162 297 
9606.ENSP00000354032 9606.ENSP00000247461 0 0 0 0 379 0 270 527 
9606.ENSP00000354032 9606.ENSP00000419879 0 0 0 0 185 0 129 259 
9606.ENSP00000354032 9606.ENSP00000439585 0 0 0 0 0 0 171 171 
9606.ENSP00000354032 9606.ENSP00000358478 0 0 0 0 0 0 522 522 
9606.ENSP00000354032 9606.ENSP00000355361 0 0 0 0 516 0 0 516 
9606.ENSP00000354032 9606.ENSP00000256190 0 0 0 62 0 0 275 291 
9606.ENSP00000354032 9606.ENSP00000355124 0 0 0 0 0 0 250 250 
9606.ENSP00000354032 9606.ENSP00000245222 0 0 0 0 0 0 204 204 
9606.ENSP00000354032 9606.ENSP00000367608 0 0 0 0 0 0 469 469 
9606.ENSP00000354032 9606.ENSP00000340297 0 0 0 61 0 0 212 228 
9606.ENSP00000354032 9606.ENSP00000380037 0 0 0 0 0 0 703 703 
9606.ENSP00000354032 9606.ENSP00000389395 0 0 0 0 185 0 288 395 
9606.ENSP00000354032 9606.ENSP00000304592 0 0 0 49 0 0 163 170 
9606.ENSP00000354032 9606.ENSP00000398698 0 0 0 0 0 0 188 188 
9606.ENSP00000354032 9606.ENSP00000204566 0 0 0 0 0 0 557 557 
9606.ENSP00000354032 9606.ENSP00000355192 0 0 0 171 0 0 50 178 
9606.ENSP00000354032 9606.ENSP00000365441 0 0 0 171 0 0 50 178 
9606.ENSP00000354032 9606.ENSP00000397908 0 0 0 0 184 0 640 694 
9606.ENSP00000354032 9606.ENSP00000294309 0 0 0 171 0 0 0 171 
9606.ENSP00000354032 9606.ENSP00000480893 0 0 0 64 0 0 637 646 
9606.ENSP00000354032 9606.ENSP00000371169 0 0 0 61 0 0 132 150 
9606.ENSP00000354032 9606.ENSP00000349076 0 0 0 0 0 0 167 167 
9606.ENSP00000354032 9606.ENSP00000295897 0 0 0 0 0 0 268 268 
9606.ENSP00000354032 9606.ENSP00000410732 0 0 0 98 141 0 0 192 
9606.ENSP00000354032 9606.ENSP00000264335 0 0 0 0 0 0 159 159 
9606.ENSP00000354032 9606.ENSP00000380184 0 0 0 61 0 0 362 376 
9606.ENSP00000354032 9606.ENSP00000223114 0 0 0 62 0 0 270 285 
9606.ENSP00000354032 9606.ENSP00000376587 0 0 0 0 0 0 422 422 
9606.ENSP00000354032 9606.ENSP00000399979 0 0 0 62 0 0 285 301 
9606.ENSP00000354032 9606.ENSP00000418823 0 0 0 0 0 0 197 197 
9606.ENSP00000354032 9606.ENSP00000266673 0 0 0 0 547 0 0 547 
9606.ENSP00000354032 9606.ENSP00000263035 0 0 0 0 0 0 153 153 
9606.ENSP00000354032 9606.ENSP00000438042 0 0 0 0 0 0 505 505 
9606.ENSP00000354032 9606.ENSP00000482968 0 0 0 0 0 0 380 380 
9606.ENSP00000354032 9606.ENSP00000164139 0 0 0 63 0 0 299 315 
9606.ENSP00000354032 9606.ENSP00000426103 0 0 0 61 0 0 227 244 
9606.ENSP00000354032 9606.ENSP00000265565 0 0 0 81 186 0 78 250 
9606.ENSP00000354032 9606.ENSP00000221419 0 0 0 0 119 0 142 211 
9606.ENSP00000354032 9606.ENSP00000341292 0 0 0 0 0 0 238 238 
9606.ENSP00000354032 9606.ENSP00000457421 0 0 0 0 0 0 222 222 
9606.ENSP00000354032 9606.ENSP00000426948 0 0 0 0 0 0 239 239 
9606.ENSP00000354032 9606.ENSP00000000233 0 0 0 61 0 0 135 153 
9606.ENSP00000354032 9606.ENSP00000320935 0 0 0 55 0 0 161 173 
9606.ENSP00000354032 9606.ENSP00000265070 0 0 0 0 0 0 215 215 
9606.ENSP00000354032 9606.ENSP00000448083 0 0 0 171 0 0 0 171 
9606.ENSP00000354032 9606.ENSP00000378588 0 0 0 0 0 0 167 167 
9606.ENSP00000354032 9606.ENSP00000324806 0 0 0 0 0 0 188 188 
9606.ENSP00000354032 9606.ENSP00000318629 0 0 0 0 0 0 551 551 
9606.ENSP00000354032 9606.ENSP00000303394 0 0 0 0 0 0 243 243 
9606.ENSP00000354032 9606.ENSP00000333212 0 0 0 0 0 0 476 476 
9606.ENSP00000354032 9606.ENSP00000324890 0 0 0 0 0 0 195 195 
9606.ENSP00000354032 9606.ENSP00000333395 0 0 0 0 0 0 243 243 
9606.ENSP00000354032 9606.ENSP00000417175 0 0 0 0 63 0 302 318 
9606.ENSP00000354032 9606.ENSP00000226578 0 0 0 0 0 0 188 188 
9606.ENSP00000354032 9606.ENSP00000355533 0 0 0 0 156 0 0 156 
9606.ENSP00000354032 9606.ENSP00000356545 0 0 0 191 0 0 50 199 
9606.ENSP00000354032 9606.ENSP00000482264 0 0 0 62 186 0 452 545 
9606.ENSP00000354032 9606.ENSP00000345728 0 0 0 0 0 0 241 241 
9606.ENSP00000354032 9606.ENSP00000303939 0 0 0 0 0 0 188 188 
9606.ENSP00000354032 9606.ENSP00000388552 0 0 0 0 0 0 335 335 
9606.ENSP00000354032 9606.ENSP00000317904 0 0 0 63 0 0 141 161 
9606.ENSP00000354032 9606.ENSP00000320431 0 0 0 102 0 0 106 162 
9606.ENSP00000354032 9606.ENSP00000356591 0 0 0 49 180 0 178 303 
9606.ENSP00000354032 9606.ENSP00000333142 0 0 0 0 0 0 223 223 
9606.ENSP00000354032 9606.ENSP00000357535 0 0 0 77 0 0 193 223 
9606.ENSP00000354032 9606.ENSP00000354125 0 0 0 0 0 0 167 167 
9606.ENSP00000354032 9606.ENSP00000464006 0 0 0 0 127 0 110 189 
9606.ENSP00000354032 9606.ENSP00000295888 0 0 0 227 0 0 0 227 
9606.ENSP00000354032 9606.ENSP00000322218 0 0 0 0 127 0 110 189 
9606.ENSP00000354032 9606.ENSP00000325808 0 562 0 62 0 0 399 732 
9606.ENSP00000354032 9606.ENSP00000370196 0 0 0 63 0 0 145 164 
9606.ENSP00000354032 9606.ENSP00000319817 0 0 0 0 0 0 317 317 
9606.ENSP00000354032 9606.ENSP00000265062 0 0 0 0 0 0 290 290 
9606.ENSP00000354032 9606.ENSP00000339191 0 0 0 0 0 0 645 645 
9606.ENSP00000354032 9606.ENSP00000414147 0 0 0 0 0 0 609 609 
9606.ENSP00000354032 9606.ENSP00000351155 0 0 0 62 0 0 566 575 
9606.ENSP00000354032 9606.ENSP00000380432 0 0 0 0 0 0 530 530 
9606.ENSP00000354032 9606.ENSP00000296859 0 0 0 0 0 0 305 305 
9606.ENSP00000354032 9606.ENSP00000258416 0 0 0 0 0 0 258 258 
9606.ENSP00000354032 9606.ENSP00000334314 0 0 0 77 0 0 134 166 
9606.ENSP00000354032 9606.ENSP00000428780 0 0 0 0 0 0 163 163 
9606.ENSP00000354032 9606.ENSP00000366237 0 0 0 0 0 0 261 261 
9606.ENSP00000354032 9606.ENSP00000352510 0 0 0 0 0 0 443 443 
9606.ENSP00000354032 9606.ENSP00000332973 0 0 0 0 0 0 191 191 
9606.ENSP00000354032 9606.ENSP00000220822 0 0 0 79 0 0 515 534 
9606.ENSP00000354032 9606.ENSP00000246841 0 0 0 49 0 0 288 294 
9606.ENSP00000354032 9606.ENSP00000407509 0 0 0 0 0 0 400 400 
9606.ENSP00000354032 9606.ENSP00000367440 0 0 0 188 0 0 0 188 
9606.ENSP00000354032 9606.ENSP00000352608 0 0 0 0 156 0 0 156 
9606.ENSP00000354032 9606.ENSP00000337452 0 0 0 0 0 0 608 608 
9606.ENSP00000354032 9606.ENSP00000404854 0 0 0 0 0 0 153 153 
9606.ENSP00000354032 9606.ENSP00000361512 0 0 0 0 0 0 503 503 
9606.ENSP00000354032 9606.ENSP00000373905 0 0 0 0 0 0 266 266 
9606.ENSP00000354032 9606.ENSP00000256104 0 0 0 0 0 0 175 175 
9606.ENSP00000354032 9606.ENSP00000255078 0 0 0 0 0 0 556 556 
9606.ENSP00000354032 9606.ENSP00000387123 0 0 0 62 0 0 211 228 
9606.ENSP00000354032 9606.ENSP00000404247 0 0 0 61 0 0 135 153 
9606.ENSP00000354032 9606.ENSP00000319673 0 0 0 0 622 0 0 622 
9606.ENSP00000354032 9606.ENSP00000363624 0 0 0 0 0 0 165 165 
9606.ENSP00000354032 9606.ENSP00000484525 0 0 0 0 0 0 182 182 
9606.ENSP00000354032 9606.ENSP00000337688 0 0 0 0 0 0 199 199 
9606.ENSP00000354032 9606.ENSP00000366863 0 0 0 96 0 0 196 242 
9606.ENSP00000354032 9606.ENSP00000320209 0 0 0 0 0 0 224 224 
9606.ENSP00000354032 9606.ENSP00000343398 0 0 0 0 241 0 0 241 
9606.ENSP00000354032 9606.ENSP00000348069 0 0 0 0 0 0 245 245 
9606.ENSP00000354032 9606.ENSP00000345752 0 0 0 50 0 0 267 273 
9606.ENSP00000354032 9606.ENSP00000413520 0 0 0 163 0 0 0 163 
9606.ENSP00000354032 9606.ENSP00000385995 0 0 0 0 0 0 241 241 
9606.ENSP00000354032 9606.ENSP00000479762 0 0 0 0 0 0 269 269 
9606.ENSP00000354032 9606.ENSP00000370083 0 0 0 0 0 0 187 187 
9606.ENSP00000354032 9606.ENSP00000386722 0 0 0 0 0 0 173 173 
9606.ENSP00000354032 9606.ENSP00000244769 0 0 0 0 0 0 256 256 
9606.ENSP00000354032 9606.ENSP00000307023 0 0 0 0 0 0 167 167 
9606.ENSP00000354032 9606.ENSP00000301785 0 319 0 0 0 0 581 702 
9606.ENSP00000354032 9606.ENSP00000320866 0 0 0 0 0 0 349 349 
9606.ENSP00000354032 9606.ENSP00000339479 0 0 0 62 0 0 205 222 
9606.ENSP00000354032 9606.ENSP00000301286 0 0 0 62 0 0 268 284 
9606.ENSP00000354032 9606.ENSP00000381140 0 0 0 61 0 0 199 216 
9606.ENSP00000354032 9606.ENSP00000287437 0 0 0 0 0 0 381 381 
9606.ENSP00000354032 9606.ENSP00000357283 0 0 0 0 0 0 630 630 
9606.ENSP00000354032 9606.ENSP00000311430 0 0 0 0 0 0 245 245 
9606.ENSP00000354032 9606.ENSP00000328036 0 0 0 62 0 0 270 285 
9606.ENSP00000354032 9606.ENSP00000439625 0 0 0 62 0 0 292 307 
9606.ENSP00000354032 9606.ENSP00000257904 0 0 0 61 0 0 139 156 
9606.ENSP00000354032 9606.ENSP00000456026 0 0 0 0 236 0 0 236 
9606.ENSP00000354032 9606.ENSP00000317272 0 0 0 57 0 0 230 242 
9606.ENSP00000354032 9606.ENSP00000358582 0 0 0 63 0 0 518 529 
9606.ENSP00000354032 9606.ENSP00000368022 0 0 0 0 0 0 323 323 
9606.ENSP00000354032 9606.ENSP00000349679 0 0 0 69 0 0 303 323 
9606.ENSP00000354032 9606.ENSP00000337701 0 0 0 62 0 0 427 439 
9606.ENSP00000354032 9606.ENSP00000347345 0 0 0 0 0 0 165 165 
9606.ENSP00000354032 9606.ENSP00000414558 0 0 0 55 0 0 204 215 
9606.ENSP00000354032 9606.ENSP00000361930 0 0 0 0 0 0 467 467 
9606.ENSP00000354032 9606.ENSP00000310721 0 0 0 0 0 0 400 400 
9606.ENSP00000354032 9606.ENSP00000207157 0 0 0 0 0 0 157 157 
9606.ENSP00000354032 9606.ENSP00000198801 0 0 0 62 0 0 270 285 
9606.ENSP00000354032 9606.ENSP00000260372 0 0 0 0 0 0 516 516 
9606.ENSP00000354032 9606.ENSP00000265069 0 0 0 0 0 0 217 217 
9606.ENSP00000354032 9606.ENSP00000348965 0 0 0 0 0 0 323 323 
9606.ENSP00000354032 9606.ENSP00000349595 0 0 0 51 157 0 132 244 
9606.ENSP00000354032 9606.ENSP00000362399 0 0 0 120 0 0 111 184 
9606.ENSP00000354032 9606.ENSP00000221957 0 0 0 0 0 0 444 444 
9606.ENSP00000354032 9606.ENSP00000267890 0 0 0 0 0 0 292 292 
9606.ENSP00000354032 9606.ENSP00000297494 0 0 0 64 0 0 195 214 
9606.ENSP00000354032 9606.ENSP00000304502 0 0 0 0 0 0 309 309 
9606.ENSP00000354032 9606.ENSP00000378687 0 0 0 0 221 0 0 221 
9606.ENSP00000354032 9606.ENSP00000390625 0 0 0 0 0 0 424 424 
9606.ENSP00000354032 9606.ENSP00000274545 0 0 0 89 141 0 0 183 
9606.ENSP00000354032 9606.ENSP00000371388 0 0 0 0 0 0 482 482 
9606.ENSP00000354032 9606.ENSP00000307078 0 0 0 57 0 0 157 171 
9606.ENSP00000354032 9606.ENSP00000242480 0 0 0 0 0 0 189 189 
9606.ENSP00000354032 9606.ENSP00000403910 0 0 0 0 0 0 224 224 
9606.ENSP00000354032 9606.ENSP00000327054 0 0 0 0 0 0 309 309 
9606.ENSP00000354032 9606.ENSP00000288139 0 0 0 171 0 0 50 178 
9606.ENSP00000354032 9606.ENSP00000300055 0 0 0 0 0 0 564 564 
9606.ENSP00000354032 9606.ENSP00000268099 0 0 0 0 278 0 0 278 
9606.ENSP00000354032 9606.ENSP00000267426 0 0 0 0 0 0 295 295 
9606.ENSP00000354032 9606.ENSP00000368752 0 0 0 0 0 0 221 221 
9606.ENSP00000354032 9606.ENSP00000252595 0 0 0 0 0 0 169 169 
9606.ENSP00000354032 9606.ENSP00000341940 0 0 0 0 0 0 222 222 
9606.ENSP00000354032 9606.ENSP00000249647 0 0 0 0 0 0 165 165 
9606.ENSP00000354032 9606.ENSP00000443985 0 0 0 0 236 0 0 236 
9606.ENSP00000354032 9606.ENSP00000280605 0 0 0 0 156 0 0 156 
9606.ENSP00000354032 9606.ENSP00000386894 0 0 0 0 0 0 368 368 
9606.ENSP00000354032 9606.ENSP00000279907 0 0 0 339 0 0 0 339 
9606.ENSP00000354032 9606.ENSP00000261772 0 0 0 61 0 0 137 154 
9606.ENSP00000354032 9606.ENSP00000283426 0 0 0 0 0 0 158 158 
9606.ENSP00000354032 9606.ENSP00000289547 0 0 0 81 167 0 52 210 
9606.ENSP00000354032 9606.ENSP00000482169 0 0 0 88 0 0 377 407 
9606.ENSP00000354032 9606.ENSP00000269228 0 0 0 81 167 0 93 245 
9606.ENSP00000354032 9606.ENSP00000357998 0 0 0 0 0 0 208 208 
9606.ENSP00000354032 9606.ENSP00000308334 0 0 0 0 0 0 514 514 
9606.ENSP00000354032 9606.ENSP00000264027 0 0 0 0 674 0 57 679 
9606.ENSP00000354032 9606.ENSP00000318974 0 0 0 0 0 0 165 165 
9606.ENSP00000354032 9606.ENSP00000233242 0 0 0 0 131 0 126 208 
9606.ENSP00000354032 9606.ENSP00000269143 0 0 0 0 0 0 270 270 
9606.ENSP00000354032 9606.ENSP00000235329 0 0 0 0 0 0 487 487 
9606.ENSP00000354032 9606.ENSP00000229795 0 0 0 0 0 0 187 187 
9606.ENSP00000354032 9606.ENSP00000390423 0 0 0 171 0 0 0 171 
9606.ENSP00000354032 9606.ENSP00000363134 0 0 0 0 0 0 440 440 
9606.ENSP00000354032 9606.ENSP00000314036 0 0 0 61 0 0 184 201 
9606.ENSP00000354032 9606.ENSP00000264047 0 0 0 0 0 0 311 311 
9606.ENSP00000354032 9606.ENSP00000303540 0 0 0 195 0 0 0 195 
9606.ENSP00000354032 9606.ENSP00000256925 0 0 0 177 0 0 0 177 
9606.ENSP00000354032 9606.ENSP00000307004 0 0 0 0 0 0 187 187 
9606.ENSP00000354032 9606.ENSP00000416289 0 0 0 0 0 0 164 164 
9606.ENSP00000354032 9606.ENSP00000337746 0 0 0 0 0 0 165 165 
9606.ENSP00000354032 9606.ENSP00000339659 0 0 0 61 0 0 138 155 
9606.ENSP00000354032 9606.ENSP00000304956 0 0 0 0 0 0 435 435 
9606.ENSP00000354032 9606.ENSP00000341562 0 0 0 0 0 0 292 292 
9606.ENSP00000354032 9606.ENSP00000302936 0 0 0 0 0 0 191 191 
9606.ENSP00000354032 9606.ENSP00000263519 0 0 0 119 80 0 0 155 
9606.ENSP00000354032 9606.ENSP00000376410 0 0 0 62 0 0 429 441 
9606.ENSP00000354032 9606.ENSP00000390600 0 0 0 171 0 0 0 171 
9606.ENSP00000354032 9606.ENSP00000376103 0 0 0 0 0 0 367 367 
9606.ENSP00000354032 9606.ENSP00000473036 0 0 0 108 0 0 115 177 
9606.ENSP00000354032 9606.ENSP00000230036 0 0 0 0 0 0 290 290 
9606.ENSP00000354032 9606.ENSP00000246792 0 0 0 0 0 0 220 220 
9606.ENSP00000354032 9606.ENSP00000364016 0 0 0 0 0 0 210 210 
9606.ENSP00000354032 9606.ENSP00000364586 0 0 0 201 0 0 0 201 
9606.ENSP00000354032 9606.ENSP00000282276 0 0 0 0 0 0 186 186 
9606.ENSP00000354032 9606.ENSP00000459533 0 0 0 0 0 0 398 398 
9606.ENSP00000354032 9606.ENSP00000364550 0 0 0 107 0 0 107 168 
9606.ENSP00000354032 9606.ENSP00000192788 0 0 0 339 0 0 0 339 
9606.ENSP00000354032 9606.ENSP00000405635 0 0 0 0 0 0 268 268 
9606.ENSP00000354032 9606.ENSP00000328133 0 0 0 0 198 0 0 198 
9606.ENSP00000354032 9606.ENSP00000295050 0 0 0 0 0 0 269 269 
9606.ENSP00000354032 9606.ENSP00000320563 0 0 0 227 0 0 0 227 
9606.ENSP00000354032 9606.ENSP00000381504 0 0 0 0 0 0 309 309 
9606.ENSP00000354032 9606.ENSP00000346809 0 0 0 0 0 0 208 208 
9606.ENSP00000354032 9606.ENSP00000216366 0 0 0 0 0 0 549 549 
9606.ENSP00000354032 9606.ENSP00000370119 0 0 0 0 0 0 206 206 
9606.ENSP00000354032 9606.ENSP00000368237 0 0 0 0 0 0 299 299 
9606.ENSP00000354032 9606.ENSP00000442050 0 0 0 0 0 0 252 252 
9606.ENSP00000354032 9606.ENSP00000251127 0 0 0 171 0 0 0 171 
9606.ENSP00000354032 9606.ENSP00000448785 0 0 0 0 0 0 192 192 
9606.ENSP00000354032 9606.ENSP00000436768 0 0 0 62 0 0 497 508 
9606.ENSP00000354032 9606.ENSP00000337443 0 0 0 0 0 0 170 170 
9606.ENSP00000354032 9606.ENSP00000371180 0 0 0 171 0 0 0 171 
9606.ENSP00000354032 9606.ENSP00000320821 0 0 0 84 0 0 228 262 
9606.ENSP00000354032 9606.ENSP00000408695 0 0 0 0 0 0 225 225 
9606.ENSP00000354032 9606.ENSP00000478479 0 0 0 0 0 0 297 297 
9606.ENSP00000354032 9606.ENSP00000222286 0 0 0 63 0 0 149 168 
9606.ENSP00000354032 9606.ENSP00000406674 0 0 0 62 0 0 270 285 
9606.ENSP00000354032 9606.ENSP00000312458 0 0 0 0 0 0 161 161 
9606.ENSP00000354032 9606.ENSP00000387662 0 0 0 0 0 0 254 254 
9606.ENSP00000354032 9606.ENSP00000461749 0 0 0 0 0 0 316 316 
9606.ENSP00000354032 9606.ENSP00000406046 0 0 0 0 0 0 182 182 
9606.ENSP00000354032 9606.ENSP00000280326 0 0 0 0 0 0 446 446 
9606.ENSP00000354032 9606.ENSP00000261596 0 0 0 0 184 0 396 486 
9606.ENSP00000354032 9606.ENSP00000263934 0 0 0 84 0 0 211 246 
9606.ENSP00000354032 9606.ENSP00000217254 0 0 0 63 0 0 144 163 
9606.ENSP00000354032 9606.ENSP00000267103 0 0 0 151 0 0 0 151 
9606.ENSP00000354032 9606.ENSP00000338019 0 0 0 0 0 0 347 347 
9606.ENSP00000354032 9606.ENSP00000306866 0 0 0 63 0 0 144 163 
9606.ENSP00000354032 9606.ENSP00000343629 0 0 0 0 0 0 310 310 
9606.ENSP00000354032 9606.ENSP00000216117 0 0 0 0 0 0 222 222 
9606.ENSP00000354032 9606.ENSP00000264276 0 0 0 81 0 0 258 289 
9606.ENSP00000354032 9606.ENSP00000322937 0 0 0 57 0 0 246 258 
9606.ENSP00000354032 9606.ENSP00000263897 0 0 0 0 354 0 85 383 
9606.ENSP00000354032 9606.ENSP00000266376 0 0 0 171 0 0 50 178 
9606.ENSP00000354032 9606.ENSP00000261842 0 0 0 55 0 0 551 558 
9606.ENSP00000354032 9606.ENSP00000405388 0 0 0 117 0 0 641 669 
9606.ENSP00000354032 9606.ENSP00000367343 0 0 0 64 0 0 410 424 
9606.ENSP00000354032 9606.ENSP00000247182 0 0 0 0 0 0 355 355 
9606.ENSP00000354032 9606.ENSP00000367050 0 0 0 92 0 0 152 197 
9606.ENSP00000354032 9606.ENSP00000349785 0 0 0 0 0 0 303 303 
9606.ENSP00000354032 9606.ENSP00000476795 0 0 0 0 0 0 317 317 
9606.ENSP00000354032 9606.ENSP00000432943 0 0 0 0 0 0 475 475 
9606.ENSP00000354032 9606.ENSP00000389814 0 0 0 0 0 0 370 370 
9606.ENSP00000354032 9606.ENSP00000229239 0 0 0 63 0 0 178 197 
9606.ENSP00000354032 9606.ENSP00000450832 0 0 0 61 0 0 158 175 
9606.ENSP00000354032 9606.ENSP00000377796 0 0 0 0 0 0 282 282 
9606.ENSP00000354032 9606.ENSP00000363092 0 0 0 0 0 0 222 222 
9606.ENSP00000354032 9606.ENSP00000373884 0 0 0 0 156 0 0 156 
9606.ENSP00000354032 9606.ENSP00000376345 0 0 0 0 0 0 194 194 
9606.ENSP00000354032 9606.ENSP00000362354 0 0 0 0 184 0 479 557 
9606.ENSP00000354032 9606.ENSP00000388823 0 0 0 0 226 0 0 226 
9606.ENSP00000354032 9606.ENSP00000284981 0 0 0 0 0 0 187 187 
9606.ENSP00000354032 9606.ENSP00000262554 0 0 0 0 0 0 403 403 
9606.ENSP00000354032 9606.ENSP00000251119 0 0 0 65 0 0 442 455 
9606.ENSP00000354032 9606.ENSP00000445359 0 0 0 62 80 0 139 192 
9606.ENSP00000354032 9606.ENSP00000294179 0 0 0 0 0 0 479 479 
9606.ENSP00000354032 9606.ENSP00000349957 0 0 0 64 0 0 358 373 
9606.ENSP00000354032 9606.ENSP00000410964 0 0 0 0 0 0 274 274 
9606.ENSP00000354032 9606.ENSP00000327104 0 0 0 82 0 0 524 544 
9606.ENSP00000354032 9606.ENSP00000316809 0 0 0 0 127 0 110 189 
9606.ENSP00000354032 9606.ENSP00000434241 0 0 0 0 0 0 206 206 
9606.ENSP00000354032 9606.ENSP00000345708 0 0 0 0 0 0 165 165 
9606.ENSP00000354032 9606.ENSP00000295887 0 0 0 0 185 0 129 259 
9606.ENSP00000354032 9606.ENSP00000218075 0 0 0 0 141 0 74 170 
9606.ENSP00000354032 9606.ENSP00000295108 0 0 0 70 0 0 148 173 
9606.ENSP00000354032 9606.ENSP00000358081 0 0 0 64 0 0 168 188 
9606.ENSP00000354032 9606.ENSP00000258403 0 0 0 0 0 0 225 225 
9606.ENSP00000354032 9606.ENSP00000375892 0 0 0 0 0 0 442 442 
9606.ENSP00000354032 9606.ENSP00000321266 0 0 0 0 127 0 110 189 
9606.ENSP00000354032 9606.ENSP00000438507 0 0 0 61 0 0 135 153 
9606.ENSP00000354032 9606.ENSP00000303960 0 0 0 107 0 0 158 216 
9606.ENSP00000354032 9606.ENSP00000222693 0 0 0 0 0 0 390 390 
9606.ENSP00000354032 9606.ENSP00000292823 0 0 0 0 0 0 561 561 
9606.ENSP00000354032 9606.ENSP00000327832 0 0 0 0 0 0 624 624 
9606.ENSP00000354032 9606.ENSP00000264428 0 0 0 60 0 0 235 250 
9606.ENSP00000354032 9606.ENSP00000307959 0 0 0 130 0 0 102 185 
9606.ENSP00000354032 9606.ENSP00000351777 0 0 0 55 0 0 196 207 
9606.ENSP00000354032 9606.ENSP00000256578 0 0 0 0 0 0 171 171 
9606.ENSP00000354032 9606.ENSP00000378254 0 0 0 77 0 0 246 274 
9606.ENSP00000354032 9606.ENSP00000332049 0 0 0 0 0 0 195 195 
9606.ENSP00000354032 9606.ENSP00000334808 0 0 0 280 0 0 0 280 
9606.ENSP00000354032 9606.ENSP00000269740 0 0 0 0 173 0 0 173 
9606.ENSP00000354032 9606.ENSP00000366748 0 0 0 61 0 0 136 154 
9606.ENSP00000354032 9606.ENSP00000216484 0 0 0 0 0 0 250 250 
9606.ENSP00000354032 9606.ENSP00000377700 0 0 0 173 0 0 0 173 
9606.ENSP00000354032 9606.ENSP00000383911 0 0 0 88 0 0 135 178 
9606.ENSP00000354032 9606.ENSP00000379506 0 0 0 0 0 0 416 416 
9606.ENSP00000354032 9606.ENSP00000353072 0 0 0 51 157 0 132 244 
9606.ENSP00000354032 9606.ENSP00000373918 0 0 0 0 0 0 800 800 
9606.ENSP00000354032 9606.ENSP00000479134 0 0 0 62 0 0 181 198 
9606.ENSP00000354032 9606.ENSP00000440005 0 0 0 61 0 0 300 314 
9606.ENSP00000354032 9606.ENSP00000481575 0 0 0 0 219 0 0 219 
9606.ENSP00000354032 9606.ENSP00000333300 0 0 0 0 0 0 223 223 
9606.ENSP00000354032 9606.ENSP00000248553 0 0 0 0 0 0 213 213 
9606.ENSP00000354032 9606.ENSP00000263881 0 0 0 62 0 0 156 174 
9606.ENSP00000354032 9606.ENSP00000256682 0 0 0 61 0 0 135 153 
9606.ENSP00000354032 9606.ENSP00000368439 0 0 0 0 0 0 483 483 
9606.ENSP00000354032 9606.ENSP00000351832 0 0 0 0 0 0 235 235 
9606.ENSP00000354032 9606.ENSP00000262999 0 0 0 61 0 0 206 222 
9606.ENSP00000354032 9606.ENSP00000306788 0 0 0 0 0 0 251 251 
9606.ENSP00000354032 9606.ENSP00000282611 0 0 0 171 0 0 0 171 
9606.ENSP00000354032 9606.ENSP00000478570 0 0 0 0 0 0 186 186 
9606.ENSP00000354032 9606.ENSP00000337478 0 0 0 61 0 0 135 153 
9606.ENSP00000354032 9606.ENSP00000367265 0 0 0 0 0 0 173 173 
9606.ENSP00000354032 9606.ENSP00000283254 0 0 0 171 0 0 0 171 
9606.ENSP00000354032 9606.ENSP00000375863 0 44 0 0 0 0 155 158 
9606.ENSP00000354032 9606.ENSP00000261866 0 0 0 0 0 0 497 497 
9606.ENSP00000354032 9606.ENSP00000252934 0 0 0 0 0 0 238 238 
9606.ENSP00000354032 9606.ENSP00000358931 0 0 0 0 151 0 0 151 
9606.ENSP00000354032 9606.ENSP00000438346 0 0 0 0 0 0 793 793 
9606.ENSP00000354032 9606.ENSP00000348772 0 0 0 0 127 0 212 282 
9606.ENSP00000354032 9606.ENSP00000371272 0 0 0 0 0 0 294 294 
9606.ENSP00000354032 9606.ENSP00000307599 0 0 0 171 0 0 0 171 
9606.ENSP00000354032 9606.ENSP00000463393 0 0 0 0 0 0 239 239 
9606.ENSP00000354032 9606.ENSP00000307491 0 0 0 145 0 0 225 309 
9606.ENSP00000354032 9606.ENSP00000360761 0 0 0 61 0 0 930 931 
9606.ENSP00000354032 9606.ENSP00000350928 0 0 0 61 0 0 137 155 
9606.ENSP00000354032 9606.ENSP00000346534 0 0 0 171 0 0 0 171 
9606.ENSP00000354032 9606.ENSP00000344456 0 0 0 0 0 0 185 185 
9606.ENSP00000354032 9606.ENSP00000349087 0 0 0 108 0 0 237 290 
9606.ENSP00000354032 9606.ENSP00000267484 0 0 0 104 0 0 197 250 
9606.ENSP00000354032 9606.ENSP00000302177 0 0 0 0 0 0 256 256 
9606.ENSP00000354032 9606.ENSP00000263431 0 0 0 88 0 0 193 233 
9606.ENSP00000354032 9606.ENSP00000358831 0 0 0 0 0 0 194 194 
9606.ENSP00000354032 9606.ENSP00000427567 0 0 0 62 0 0 173 191 
9606.ENSP00000354032 9606.ENSP00000409952 0 0 0 0 0 0 157 157 
9606.ENSP00000354032 9606.ENSP00000325266 0 0 0 0 0 0 173 173 
9606.ENSP00000354032 9606.ENSP00000262320 0 0 0 0 0 0 207 207 
9606.ENSP00000354032 9606.ENSP00000385675 0 0 0 0 0 0 185 185 
9606.ENSP00000354032 9606.ENSP00000313159 0 0 0 0 0 0 227 227 
9606.ENSP00000354032 9606.ENSP00000279101 0 0 0 177 0 0 0 177 
9606.ENSP00000354032 9606.ENSP00000349541 0 0 0 0 0 0 708 708 
9606.ENSP00000354032 9606.ENSP00000419199 0 0 0 61 0 0 151 168 
9606.ENSP00000354032 9606.ENSP00000301873 0 0 0 62 0 0 182 200 
9606.ENSP00000354032 9606.ENSP00000369419 0 0 0 0 0 0 170 170 
9606.ENSP00000354032 9606.ENSP00000327889 0 0 0 0 0 0 646 646 
9606.ENSP00000354032 9606.ENSP00000397925 0 0 0 51 128 0 93 183 
9606.ENSP00000354032 9606.ENSP00000378286 0 0 0 0 0 0 560 560 
9606.ENSP00000354032 9606.ENSP00000253233 0 0 0 0 0 0 447 447 
9606.ENSP00000354032 9606.ENSP00000263368 0 0 0 0 0 0 667 667 
9606.ENSP00000354032 9606.ENSP00000283179 0 63 0 0 0 0 155 174 
9606.ENSP00000354032 9606.ENSP00000268704 0 0 0 0 0 0 484 484 
9606.ENSP00000354032 9606.ENSP00000433071 0 0 0 0 0 0 268 268 
9606.ENSP00000354032 9606.ENSP00000423660 0 0 0 0 0 0 416 416 
9606.ENSP00000354032 9606.ENSP00000421326 0 0 0 51 128 0 93 183 
9606.ENSP00000354032 9606.ENSP00000261942 0 0 0 55 0 0 186 198 
9606.ENSP00000354032 9606.ENSP00000346671 0 0 0 0 0 0 213 213 
9606.ENSP00000354032 9606.ENSP00000216177 0 0 0 62 0 0 179 197 
9606.ENSP00000354032 9606.ENSP00000333376 0 0 0 280 0 0 0 280 
9606.ENSP00000354032 9606.ENSP00000281938 0 0 0 0 0 0 580 580 
9606.ENSP00000354032 9606.ENSP00000296484 0 0 0 0 0 0 169 169 
9606.ENSP00000354032 9606.ENSP00000378877 0 0 0 61 0 0 438 449 
9606.ENSP00000354032 9606.ENSP00000230124 0 0 0 63 0 0 153 172 
9606.ENSP00000354032 9606.ENSP00000455711 0 0 0 105 0 0 116 174 
9606.ENSP00000354032 9606.ENSP00000373328 0 0 0 0 0 0 640 640 
9606.ENSP00000354032 9606.ENSP00000410257 0 0 0 171 0 0 0 171 
9606.ENSP00000354032 9606.ENSP00000421172 0 0 0 62 0 0 270 285 
9606.ENSP00000354032 9606.ENSP00000448665 0 0 0 0 0 0 187 187 
9606.ENSP00000354032 9606.ENSP00000361845 0 0 0 62 0 0 585 594 
9606.ENSP00000354032 9606.ENSP00000270142 0 0 0 0 0 0 152 152 
9606.ENSP00000354032 9606.ENSP00000240851 0 0 0 0 0 0 171 171 
9606.ENSP00000354032 9606.ENSP00000304642 0 0 0 0 0 0 425 425 
9606.ENSP00000354032 9606.ENSP00000438388 0 0 0 138 0 0 435 493 
9606.ENSP00000354032 9606.ENSP00000368959 0 0 0 50 0 0 292 299 
9606.ENSP00000354032 9606.ENSP00000352603 0 0 0 0 0 0 421 421 
9606.ENSP00000354032 9606.ENSP00000276461 0 0 0 0 0 0 472 472 
9606.ENSP00000354032 9606.ENSP00000390849 0 0 0 55 0 0 428 437 
9606.ENSP00000354032 9606.ENSP00000363645 0 0 0 62 0 0 285 300 
9606.ENSP00000354032 9606.ENSP00000359022 0 0 0 0 0 0 200 200 
9606.ENSP00000354032 9606.ENSP00000278833 0 0 0 0 0 0 176 176 
9606.ENSP00000354032 9606.ENSP00000406191 0 0 0 0 0 0 440 440 
9606.ENSP00000354032 9606.ENSP00000274353 0 0 0 0 0 0 192 192 
9606.ENSP00000354032 9606.ENSP00000266087 0 0 0 0 0 0 167 167 
9606.ENSP00000354032 9606.ENSP00000408979 0 0 0 104 0 0 591 618 
9606.ENSP00000354032 9606.ENSP00000419945 0 0 0 0 0 0 213 213 
9606.ENSP00000354032 9606.ENSP00000276914 0 0 0 0 0 0 628 628 
9606.ENSP00000354032 9606.ENSP00000355607 0 0 0 0 160 0 426 497 
9606.ENSP00000354032 9606.ENSP00000215832 0 0 0 0 0 0 186 186 
9606.ENSP00000354032 9606.ENSP00000386306 0 0 0 171 0 0 0 171 
9606.ENSP00000354032 9606.ENSP00000262301 0 0 0 0 0 0 173 173 
9606.ENSP00000354032 9606.ENSP00000219368 0 0 0 0 0 0 578 578 
9606.ENSP00000354032 9606.ENSP00000284523 0 0 0 0 0 0 210 210 
9606.ENSP00000354032 9606.ENSP00000287820 0 0 0 0 0 0 551 551 
9606.ENSP00000354032 9606.ENSP00000355675 0 0 0 0 0 0 354 354 
9606.ENSP00000354032 9606.ENSP00000312652 0 0 0 0 0 0 447 447 
9606.ENSP00000354032 9606.ENSP00000326570 0 0 0 0 0 0 261 261 
9606.ENSP00000354032 9606.ENSP00000346112 0 0 0 55 0 0 290 301 
9606.ENSP00000354032 9606.ENSP00000477725 0 0 0 51 0 0 184 192 
9606.ENSP00000354032 9606.ENSP00000428056 0 0 0 0 0 0 267 267 
9606.ENSP00000354032 9606.ENSP00000359380 0 0 0 0 0 0 462 462 
9606.ENSP00000354032 9606.ENSP00000297562 0 0 0 0 0 0 497 497 
9606.ENSP00000354032 9606.ENSP00000396320 0 0 0 171 0 0 0 171 
9606.ENSP00000354032 9606.ENSP00000424595 0 0 0 0 0 0 400 400 
9606.ENSP00000354032 9606.ENSP00000294117 0 0 0 111 0 0 333 382 
9606.ENSP00000354032 9606.ENSP00000298139 0 0 0 0 0 0 313 313 
9606.ENSP00000354032 9606.ENSP00000345656 0 0 0 0 63 0 134 153 
9606.ENSP00000354032 9606.ENSP00000380365 0 0 0 0 167 0 0 167 
9606.ENSP00000354032 9606.ENSP00000354791 0 0 0 0 0 0 445 445 
9606.ENSP00000354032 9606.ENSP00000367590 0 0 0 70 0 0 284 306 
