9606.ENSP00000385019 9606.ENSP00000272298 0 0 0 62 185 0 59 217 
9606.ENSP00000385019 9606.ENSP00000393379 0 0 0 152 63 0 43 173 
9606.ENSP00000385019 9606.ENSP00000414886 0 0 0 116 185 0 193 368 
9606.ENSP00000385019 9606.ENSP00000228841 0 0 0 61 185 0 50 209 
9606.ENSP00000385019 9606.ENSP00000479326 0 0 0 64 266 0 48 288 
9606.ENSP00000385019 9606.ENSP00000382791 0 0 0 95 69 0 105 181 
9606.ENSP00000385019 9606.ENSP00000360423 0 0 0 174 0 360 287 591 
9606.ENSP00000385019 9606.ENSP00000386796 0 0 0 61 0 0 134 152 
9606.ENSP00000385019 9606.ENSP00000217407 0 0 0 0 0 0 154 154 
9606.ENSP00000385019 9606.ENSP00000302297 0 0 0 175 0 0 0 175 
9606.ENSP00000385019 9606.ENSP00000377353 0 0 0 130 54 0 138 229 
9606.ENSP00000385019 9606.ENSP00000354911 0 0 0 0 0 0 375 375 
9606.ENSP00000385019 9606.ENSP00000387694 0 0 0 158 66 0 104 235 
9606.ENSP00000385019 9606.ENSP00000406986 0 0 0 160 54 0 0 172 
9606.ENSP00000385019 9606.ENSP00000310431 0 0 0 151 0 0 0 151 
9606.ENSP00000385019 9606.ENSP00000295987 0 0 0 223 0 0 67 244 
9606.ENSP00000385019 9606.ENSP00000330862 0 0 0 154 0 0 0 154 
9606.ENSP00000385019 9606.ENSP00000346240 0 0 0 149 0 0 65 170 
9606.ENSP00000385019 9606.ENSP00000447378 0 0 0 0 50 0 267 273 
9606.ENSP00000385019 9606.ENSP00000310649 0 0 0 191 0 0 0 191 
9606.ENSP00000385019 9606.ENSP00000334319 0 0 0 164 54 0 50 183 
9606.ENSP00000385019 9606.ENSP00000366314 0 0 0 95 0 0 136 185 
9606.ENSP00000385019 9606.ENSP00000320239 0 0 0 61 0 0 166 184 
9606.ENSP00000385019 9606.ENSP00000477455 0 0 0 92 69 0 165 232 
9606.ENSP00000385019 9606.ENSP00000365503 0 0 0 214 0 0 0 214 
9606.ENSP00000385019 9606.ENSP00000416341 0 0 0 193 0 0 0 193 
9606.ENSP00000385019 9606.ENSP00000331727 0 0 0 98 80 0 82 172 
9606.ENSP00000385019 9606.ENSP00000379256 0 0 0 61 185 0 50 209 
9606.ENSP00000385019 9606.ENSP00000353785 0 0 0 165 0 0 0 165 
9606.ENSP00000385019 9606.ENSP00000385143 0 0 0 92 0 0 138 184 
9606.ENSP00000385019 9606.ENSP00000463778 0 0 0 77 64 0 308 350 
9606.ENSP00000385019 9606.ENSP00000467141 0 0 0 64 0 0 203 222 
9606.ENSP00000385019 9606.ENSP00000337949 0 0 0 61 54 0 225 251 
9606.ENSP00000385019 9606.ENSP00000380746 0 0 0 214 0 0 0 214 
9606.ENSP00000385019 9606.ENSP00000373648 0 0 0 98 69 0 147 221 
9606.ENSP00000385019 9606.ENSP00000378063 0 0 0 0 0 0 175 175 
9606.ENSP00000385019 9606.ENSP00000344819 0 0 0 207 0 0 0 207 
9606.ENSP00000385019 9606.ENSP00000359245 0 0 0 57 126 0 87 181 
9606.ENSP00000385019 9606.ENSP00000375756 0 0 0 0 64 0 167 186 
9606.ENSP00000385019 9606.ENSP00000316244 0 0 0 169 54 0 121 249 
9606.ENSP00000385019 9606.ENSP00000266037 0 0 0 145 0 0 58 161 
9606.ENSP00000385019 9606.ENSP00000349588 0 0 0 62 85 0 90 151 
9606.ENSP00000385019 9606.ENSP00000389009 0 0 0 185 0 0 0 185 
9606.ENSP00000385019 9606.ENSP00000353362 0 0 0 134 0 360 291 573 
9606.ENSP00000385019 9606.ENSP00000454303 0 0 0 0 0 0 217 217 
9606.ENSP00000385019 9606.ENSP00000301732 0 0 0 103 126 0 87 221 
9606.ENSP00000385019 9606.ENSP00000402033 0 0 0 65 80 0 124 181 
9606.ENSP00000385019 9606.ENSP00000176183 0 0 0 136 54 0 108 207 
9606.ENSP00000385019 9606.ENSP00000483786 0 0 0 61 185 0 50 209 
9606.ENSP00000385019 9606.ENSP00000309052 0 0 0 0 379 360 95 609 
9606.ENSP00000385019 9606.ENSP00000384848 0 0 0 322 0 0 57 333 
9606.ENSP00000385019 9606.ENSP00000269081 0 0 0 57 126 0 65 162 
9606.ENSP00000385019 9606.ENSP00000296452 0 0 0 170 54 0 126 254 
9606.ENSP00000385019 9606.ENSP00000305926 0 0 0 151 0 0 0 151 
9606.ENSP00000385019 9606.ENSP00000365227 0 0 0 61 185 0 57 215 
9606.ENSP00000385019 9606.ENSP00000200691 0 0 0 194 0 0 111 252 
9606.ENSP00000385019 9606.ENSP00000410732 0 0 0 201 0 0 0 201 
9606.ENSP00000385019 9606.ENSP00000216144 0 0 0 61 185 0 57 215 
9606.ENSP00000385019 9606.ENSP00000414670 0 0 0 61 0 0 154 171 
9606.ENSP00000385019 9606.ENSP00000361475 0 0 0 61 185 0 100 251 
9606.ENSP00000385019 9606.ENSP00000222812 0 0 0 124 63 0 79 178 
9606.ENSP00000385019 9606.ENSP00000296597 0 0 0 0 0 0 173 173 
9606.ENSP00000385019 9606.ENSP00000479953 0 0 0 61 0 0 304 318 
9606.ENSP00000385019 9606.ENSP00000384690 0 0 0 200 0 0 50 207 
9606.ENSP00000385019 9606.ENSP00000403932 0 0 0 61 185 0 57 215 
9606.ENSP00000385019 9606.ENSP00000382428 0 0 0 138 64 0 41 158 
9606.ENSP00000385019 9606.ENSP00000471502 0 0 0 173 0 0 0 173 
9606.ENSP00000385019 9606.ENSP00000378917 0 0 0 63 0 0 309 325 
9606.ENSP00000385019 9606.ENSP00000286548 0 0 0 55 0 0 157 170 
9606.ENSP00000385019 9606.ENSP00000399485 0 0 0 207 0 0 0 207 
9606.ENSP00000385019 9606.ENSP00000290374 0 0 0 51 66 0 167 197 
9606.ENSP00000385019 9606.ENSP00000440077 0 0 0 214 0 0 0 214 
9606.ENSP00000385019 9606.ENSP00000321951 0 0 0 201 0 0 0 201 
9606.ENSP00000385019 9606.ENSP00000367312 0 0 0 62 133 0 0 151 
9606.ENSP00000385019 9606.ENSP00000355492 0 0 0 0 0 360 85 389 
9606.ENSP00000385019 9606.ENSP00000360626 0 0 0 58 69 0 131 171 
9606.ENSP00000385019 9606.ENSP00000262726 0 0 0 61 185 0 131 276 
9606.ENSP00000385019 9606.ENSP00000306490 0 0 0 251 0 0 56 263 
9606.ENSP00000385019 9606.ENSP00000263373 0 0 0 169 0 0 50 177 
9606.ENSP00000385019 9606.ENSP00000270310 0 0 0 213 0 0 0 213 
9606.ENSP00000385019 9606.ENSP00000347754 0 0 0 61 0 0 231 247 
9606.ENSP00000385019 9606.ENSP00000320431 0 0 0 139 82 0 0 175 
9606.ENSP00000385019 9606.ENSP00000426296 0 0 0 153 0 0 0 153 
9606.ENSP00000385019 9606.ENSP00000346127 0 0 0 173 0 0 0 173 
9606.ENSP00000385019 9606.ENSP00000290583 0 0 0 211 0 0 0 211 
9606.ENSP00000385019 9606.ENSP00000295888 0 0 0 188 0 0 42 188 
9606.ENSP00000385019 9606.ENSP00000329357 0 0 0 0 51 0 158 167 
9606.ENSP00000385019 9606.ENSP00000248933 0 0 0 163 0 0 0 163 
9606.ENSP00000385019 9606.ENSP00000297512 0 0 0 89 0 0 111 155 
9606.ENSP00000385019 9606.ENSP00000260323 0 0 0 148 0 0 56 161 
9606.ENSP00000385019 9606.ENSP00000444948 0 0 0 140 0 0 89 183 
9606.ENSP00000385019 9606.ENSP00000380453 0 0 0 154 0 0 0 154 
9606.ENSP00000385019 9606.ENSP00000315654 0 0 0 0 69 0 227 249 
9606.ENSP00000385019 9606.ENSP00000304437 0 0 0 195 0 0 0 195 
9606.ENSP00000385019 9606.ENSP00000384192 0 0 0 61 0 600 0 608 
9606.ENSP00000385019 9606.ENSP00000355133 0 0 0 140 0 0 86 180 
9606.ENSP00000385019 9606.ENSP00000370744 0 0 0 82 0 0 320 349 
9606.ENSP00000385019 9606.ENSP00000466248 0 0 0 152 0 0 48 158 
9606.ENSP00000385019 9606.ENSP00000327214 0 0 0 86 112 0 57 168 
9606.ENSP00000385019 9606.ENSP00000359285 0 0 0 169 0 0 248 349 
9606.ENSP00000385019 9606.ENSP00000421544 0 0 0 0 0 0 621 621 
9606.ENSP00000385019 9606.ENSP00000365686 0 0 0 61 0 0 139 156 
9606.ENSP00000385019 9606.ENSP00000326630 0 0 0 322 51 0 0 329 
9606.ENSP00000385019 9606.ENSP00000328511 0 0 0 88 69 0 366 415 
9606.ENSP00000385019 9606.ENSP00000366093 0 0 0 75 0 0 128 159 
9606.ENSP00000385019 9606.ENSP00000323929 0 0 0 84 0 0 227 261 
9606.ENSP00000385019 9606.ENSP00000285381 0 0 0 0 0 0 268 268 
9606.ENSP00000385019 9606.ENSP00000261917 0 0 0 218 80 0 460 578 
9606.ENSP00000385019 9606.ENSP00000469445 0 0 0 298 0 0 0 298 
9606.ENSP00000385019 9606.ENSP00000316909 0 0 0 62 0 0 201 218 
9606.ENSP00000385019 9606.ENSP00000232975 0 0 0 61 185 0 57 215 
9606.ENSP00000385019 9606.ENSP00000064571 0 0 0 165 0 0 0 165 
9606.ENSP00000385019 9606.ENSP00000365884 0 0 0 0 54 0 420 427 
9606.ENSP00000385019 9606.ENSP00000428994 0 0 0 109 69 0 88 178 
9606.ENSP00000385019 9606.ENSP00000273968 0 0 0 0 0 0 373 373 
9606.ENSP00000385019 9606.ENSP00000334198 0 0 0 95 0 800 91 821 
9606.ENSP00000385019 9606.ENSP00000483386 0 0 0 64 266 0 48 288 
9606.ENSP00000385019 9606.ENSP00000413520 0 0 0 152 0 0 0 152 
9606.ENSP00000385019 9606.ENSP00000342216 0 0 0 57 126 0 65 162 
9606.ENSP00000385019 9606.ENSP00000226021 0 0 0 49 164 360 130 498 
9606.ENSP00000385019 9606.ENSP00000335285 0 0 0 0 0 0 262 262 
9606.ENSP00000385019 9606.ENSP00000357461 0 0 0 156 0 0 64 177 
9606.ENSP00000385019 9606.ENSP00000444201 0 0 0 107 84 0 62 165 
9606.ENSP00000385019 9606.ENSP00000448310 0 0 0 0 0 0 264 264 
9606.ENSP00000385019 9606.ENSP00000372169 0 0 0 64 185 360 119 512 
9606.ENSP00000385019 9606.ENSP00000252321 0 0 0 69 69 0 245 288 
9606.ENSP00000385019 9606.ENSP00000225823 0 0 0 154 0 0 70 179 
9606.ENSP00000385019 9606.ENSP00000272895 0 0 0 57 126 0 76 171 
9606.ENSP00000385019 9606.ENSP00000250111 0 0 0 116 97 0 99 218 
9606.ENSP00000385019 9606.ENSP00000477059 0 0 0 185 0 0 0 185 
9606.ENSP00000385019 9606.ENSP00000375909 0 0 0 170 0 0 0 170 
9606.ENSP00000385019 9606.ENSP00000357067 0 0 0 313 64 0 0 330 
9606.ENSP00000385019 9606.ENSP00000310880 0 0 0 153 0 0 0 153 
9606.ENSP00000385019 9606.ENSP00000269051 0 0 0 108 185 0 57 255 
9606.ENSP00000385019 9606.ENSP00000300896 0 0 0 90 185 0 74 253 
9606.ENSP00000385019 9606.ENSP00000298352 0 0 0 215 0 0 0 215 
9606.ENSP00000385019 9606.ENSP00000259324 0 0 0 61 0 0 306 321 
9606.ENSP00000385019 9606.ENSP00000316589 0 0 0 80 136 0 43 172 
9606.ENSP00000385019 9606.ENSP00000357342 0 0 0 49 80 0 364 395 
9606.ENSP00000385019 9606.ENSP00000265459 0 0 0 192 0 0 0 192 
9606.ENSP00000385019 9606.ENSP00000315299 0 0 0 61 185 600 57 672 
9606.ENSP00000385019 9606.ENSP00000310594 0 0 0 151 0 0 0 151 
9606.ENSP00000385019 9606.ENSP00000393066 0 0 0 210 0 0 50 218 
9606.ENSP00000385019 9606.ENSP00000363939 0 0 0 61 185 0 50 209 
9606.ENSP00000385019 9606.ENSP00000332723 0 0 0 61 0 0 426 437 
9606.ENSP00000385019 9606.ENSP00000274545 0 0 0 183 0 0 0 183 
9606.ENSP00000385019 9606.ENSP00000309830 0 0 0 0 0 0 228 228 
9606.ENSP00000385019 9606.ENSP00000300179 0 0 0 185 0 0 0 185 
9606.ENSP00000385019 9606.ENSP00000306497 0 0 0 212 64 0 197 356 
9606.ENSP00000385019 9606.ENSP00000309501 0 0 0 155 0 0 0 155 
9606.ENSP00000385019 9606.ENSP00000371297 0 0 0 169 0 0 65 190 
9606.ENSP00000385019 9606.ENSP00000362621 0 0 0 243 0 0 0 243 
9606.ENSP00000385019 9606.ENSP00000341940 0 0 0 0 195 0 756 795 
9606.ENSP00000385019 9606.ENSP00000282356 0 0 0 119 0 0 211 275 
9606.ENSP00000385019 9606.ENSP00000345192 0 0 0 152 0 0 0 152 
9606.ENSP00000385019 9606.ENSP00000366586 0 0 0 152 0 0 47 157 
9606.ENSP00000385019 9606.ENSP00000377784 0 0 0 61 185 0 50 209 
9606.ENSP00000385019 9606.ENSP00000361636 0 0 0 61 185 0 57 215 
9606.ENSP00000385019 9606.ENSP00000427015 0 0 0 0 0 0 167 167 
9606.ENSP00000385019 9606.ENSP00000361769 0 0 0 172 54 0 50 191 
9606.ENSP00000385019 9606.ENSP00000342538 0 0 0 151 0 0 0 151 
9606.ENSP00000385019 9606.ENSP00000482169 0 0 0 160 0 0 0 160 
9606.ENSP00000385019 9606.ENSP00000405424 0 0 0 62 0 0 156 174 
9606.ENSP00000385019 9606.ENSP00000396225 0 0 0 62 133 0 0 151 
9606.ENSP00000385019 9606.ENSP00000379210 0 0 0 61 185 0 50 209 
9606.ENSP00000385019 9606.ENSP00000296526 0 0 0 140 69 0 107 223 
9606.ENSP00000385019 9606.ENSP00000357106 0 0 0 160 0 0 110 221 
9606.ENSP00000385019 9606.ENSP00000470879 0 0 0 152 0 0 0 152 
9606.ENSP00000385019 9606.ENSP00000301522 0 0 0 0 0 0 430 430 
9606.ENSP00000385019 9606.ENSP00000475084 0 0 0 0 0 0 156 156 
9606.ENSP00000385019 9606.ENSP00000419081 0 0 0 61 185 600 227 731 
9606.ENSP00000385019 9606.ENSP00000222256 0 0 0 179 0 0 59 194 
9606.ENSP00000385019 9606.ENSP00000330199 0 0 0 138 70 0 43 165 
9606.ENSP00000385019 9606.ENSP00000306662 0 0 0 61 54 0 126 155 
9606.ENSP00000385019 9606.ENSP00000295755 0 0 0 0 0 0 173 173 
9606.ENSP00000385019 9606.ENSP00000461007 0 0 0 0 0 0 399 399 
9606.ENSP00000385019 9606.ENSP00000265431 0 0 0 89 185 0 131 299 
9606.ENSP00000385019 9606.ENSP00000324960 0 0 0 61 185 0 57 215 
9606.ENSP00000385019 9606.ENSP00000419101 0 0 0 99 185 0 137 311 
9606.ENSP00000385019 9606.ENSP00000477980 0 0 0 61 185 0 50 209 
9606.ENSP00000385019 9606.ENSP00000263519 0 0 0 232 112 0 106 337 
9606.ENSP00000385019 9606.ENSP00000252711 0 0 0 0 0 0 157 157 
9606.ENSP00000385019 9606.ENSP00000345502 0 0 0 64 0 360 57 385 
9606.ENSP00000385019 9606.ENSP00000356205 0 0 0 128 54 0 86 181 
9606.ENSP00000385019 9606.ENSP00000020673 0 0 0 232 0 0 0 232 
9606.ENSP00000385019 9606.ENSP00000378089 0 0 0 0 0 0 161 161 
9606.ENSP00000385019 9606.ENSP00000442291 0 0 0 0 0 0 301 301 
9606.ENSP00000385019 9606.ENSP00000293441 0 0 0 154 85 0 0 193 
9606.ENSP00000385019 9606.ENSP00000364586 0 0 0 118 0 0 109 181 
9606.ENSP00000385019 9606.ENSP00000430676 0 0 0 192 0 0 406 500 
9606.ENSP00000385019 9606.ENSP00000270238 0 0 0 284 0 0 0 284 
9606.ENSP00000385019 9606.ENSP00000438949 0 0 0 95 266 360 112 572 
9606.ENSP00000385019 9606.ENSP00000308057 0 0 0 230 0 0 0 230 
9606.ENSP00000385019 9606.ENSP00000192788 0 0 0 153 0 0 0 153 
9606.ENSP00000385019 9606.ENSP00000306129 0 0 0 107 54 0 255 316 
9606.ENSP00000385019 9606.ENSP00000320563 0 0 0 188 0 0 42 188 
9606.ENSP00000385019 9606.ENSP00000200557 0 0 0 161 0 0 58 175 
9606.ENSP00000385019 9606.ENSP00000327246 0 0 0 139 0 0 58 154 
9606.ENSP00000385019 9606.ENSP00000373696 0 0 0 64 0 0 315 331 
9606.ENSP00000385019 9606.ENSP00000327116 0 0 0 76 175 0 0 205 
9606.ENSP00000385019 9606.ENSP00000295225 0 0 0 79 185 0 364 481 
9606.ENSP00000385019 9606.ENSP00000465894 0 0 0 0 157 0 62 175 
9606.ENSP00000385019 9606.ENSP00000381412 0 0 0 152 124 0 69 248 
9606.ENSP00000385019 9606.ENSP00000371180 0 0 0 61 379 360 101 619 
9606.ENSP00000385019 9606.ENSP00000366233 0 0 0 150 85 0 213 335 
9606.ENSP00000385019 9606.ENSP00000479153 0 0 0 0 175 0 0 175 
9606.ENSP00000385019 9606.ENSP00000322460 0 0 0 149 0 0 221 309 
9606.ENSP00000385019 9606.ENSP00000219197 0 0 0 157 0 0 0 157 
9606.ENSP00000385019 9606.ENSP00000411145 0 0 0 0 51 0 177 185 
9606.ENSP00000385019 9606.ENSP00000391088 0 0 0 99 183 0 93 274 
9606.ENSP00000385019 9606.ENSP00000284292 0 0 0 171 0 0 0 171 
9606.ENSP00000385019 9606.ENSP00000324419 0 0 0 116 84 0 86 195 
9606.ENSP00000385019 9606.ENSP00000261336 0 0 0 84 0 0 227 261 
9606.ENSP00000385019 9606.ENSP00000301365 0 0 0 0 0 0 260 260 
9606.ENSP00000385019 9606.ENSP00000480573 0 0 0 61 54 0 128 157 
9606.ENSP00000385019 9606.ENSP00000477344 0 0 0 61 84 0 98 156 
9606.ENSP00000385019 9606.ENSP00000299824 0 0 0 139 85 0 0 178 
9606.ENSP00000385019 9606.ENSP00000223167 0 0 0 61 185 0 50 209 
9606.ENSP00000385019 9606.ENSP00000340125 0 0 0 88 0 0 127 169 
9606.ENSP00000385019 9606.ENSP00000274547 0 0 0 175 0 0 0 175 
9606.ENSP00000385019 9606.ENSP00000223364 0 0 0 61 185 0 62 219 
9606.ENSP00000385019 9606.ENSP00000433109 0 0 0 224 69 0 371 506 
9606.ENSP00000385019 9606.ENSP00000427120 0 0 0 63 0 0 434 447 
9606.ENSP00000385019 9606.ENSP00000307280 0 0 0 61 185 0 50 209 
9606.ENSP00000385019 9606.ENSP00000306253 0 0 0 115 0 0 362 411 
9606.ENSP00000385019 9606.ENSP00000437635 0 0 0 0 0 0 175 175 
9606.ENSP00000385019 9606.ENSP00000384719 0 0 0 119 185 0 50 258 
9606.ENSP00000385019 9606.ENSP00000297323 0 0 0 97 0 0 116 168 
9606.ENSP00000385019 9606.ENSP00000352011 0 0 0 107 0 800 96 824 
9606.ENSP00000385019 9606.ENSP00000368766 0 0 0 61 54 0 123 152 
9606.ENSP00000385019 9606.ENSP00000373884 0 0 0 82 132 0 67 191 
9606.ENSP00000385019 9606.ENSP00000399709 0 0 0 0 0 0 354 354 
9606.ENSP00000385019 9606.ENSP00000357307 0 0 0 115 84 0 111 216 
9606.ENSP00000385019 9606.ENSP00000367848 0 0 0 298 0 0 0 298 
9606.ENSP00000385019 9606.ENSP00000307342 0 0 0 105 80 0 274 350 
9606.ENSP00000385019 9606.ENSP00000434241 0 0 0 172 69 0 189 321 
9606.ENSP00000385019 9606.ENSP00000262450 0 0 0 230 85 0 0 265 
9606.ENSP00000385019 9606.ENSP00000463533 0 0 0 64 80 0 204 254 
9606.ENSP00000385019 9606.ENSP00000381333 0 0 0 230 0 0 104 280 
9606.ENSP00000385019 9606.ENSP00000323926 0 0 0 61 0 0 189 206 
9606.ENSP00000385019 9606.ENSP00000367032 0 0 0 76 0 0 157 187 
9606.ENSP00000385019 9606.ENSP00000360214 0 0 0 216 0 0 0 216 
9606.ENSP00000385019 9606.ENSP00000400258 0 0 0 153 0 0 50 160 
9606.ENSP00000385019 9606.ENSP00000459962 0 0 0 0 0 0 399 399 
9606.ENSP00000385019 9606.ENSP00000371886 0 0 0 97 84 0 62 156 
9606.ENSP00000385019 9606.ENSP00000330633 0 0 0 201 0 0 0 201 
9606.ENSP00000385019 9606.ENSP00000352162 0 0 0 146 0 0 49 153 
9606.ENSP00000385019 9606.ENSP00000303015 0 0 0 0 0 0 155 155 
9606.ENSP00000385019 9606.ENSP00000263269 0 0 0 140 69 0 114 229 
9606.ENSP00000385019 9606.ENSP00000344155 0 0 0 137 126 0 87 251 
9606.ENSP00000385019 9606.ENSP00000356705 0 0 0 126 77 0 0 159 
9606.ENSP00000385019 9606.ENSP00000304250 0 0 0 172 0 0 0 172 
9606.ENSP00000385019 9606.ENSP00000332111 0 0 0 61 185 0 57 215 
9606.ENSP00000385019 9606.ENSP00000252939 0 0 0 283 0 0 0 283 
9606.ENSP00000385019 9606.ENSP00000480050 0 0 0 160 0 0 67 183 
9606.ENSP00000385019 9606.ENSP00000366506 0 0 0 116 54 0 167 243 
9606.ENSP00000385019 9606.ENSP00000361761 0 0 0 0 0 0 322 322 
9606.ENSP00000385019 9606.ENSP00000349336 0 0 0 295 0 0 0 295 
9606.ENSP00000385019 9606.ENSP00000293190 0 0 0 213 69 0 111 292 
9606.ENSP00000385019 9606.ENSP00000367075 0 0 0 88 157 0 297 412 
9606.ENSP00000385019 9606.ENSP00000275162 0 0 0 151 0 0 0 151 
9606.ENSP00000385019 9606.ENSP00000377840 0 0 0 108 266 360 56 551 
9606.ENSP00000385019 9606.ENSP00000282611 0 0 0 61 0 360 386 598 
9606.ENSP00000385019 9606.ENSP00000326267 0 0 0 61 185 0 57 215 
9606.ENSP00000385019 9606.ENSP00000332454 0 0 0 0 163 0 0 163 
9606.ENSP00000385019 9606.ENSP00000416193 0 0 0 0 0 0 181 181 
9606.ENSP00000385019 9606.ENSP00000355480 0 0 0 61 185 0 57 215 
9606.ENSP00000385019 9606.ENSP00000357060 0 0 0 63 112 0 64 153 
9606.ENSP00000385019 9606.ENSP00000309591 0 0 0 64 0 0 159 179 
9606.ENSP00000385019 9606.ENSP00000378464 0 0 0 194 0 0 162 295 
9606.ENSP00000385019 9606.ENSP00000443917 0 0 0 0 0 360 89 392 
9606.ENSP00000385019 9606.ENSP00000307599 0 0 0 61 0 0 166 183 
9606.ENSP00000385019 9606.ENSP00000356530 0 0 0 55 163 0 0 175 
9606.ENSP00000385019 9606.ENSP00000288861 0 0 0 61 185 0 50 209 
9606.ENSP00000385019 9606.ENSP00000332287 0 0 0 130 0 0 125 206 
9606.ENSP00000385019 9606.ENSP00000362010 0 0 0 0 0 0 343 343 
9606.ENSP00000385019 9606.ENSP00000267750 0 0 0 0 0 0 194 194 
9606.ENSP00000385019 9606.ENSP00000350928 0 0 0 98 0 0 162 212 
9606.ENSP00000385019 9606.ENSP00000320038 0 0 0 160 0 0 0 160 
9606.ENSP00000385019 9606.ENSP00000371614 0 0 0 197 0 0 0 197 
9606.ENSP00000385019 9606.ENSP00000298231 0 0 0 189 0 0 0 189 
9606.ENSP00000385019 9606.ENSP00000220325 0 0 0 0 175 0 0 175 
9606.ENSP00000385019 9606.ENSP00000427866 0 0 0 153 0 0 0 153 
9606.ENSP00000385019 9606.ENSP00000263431 0 0 0 229 0 0 43 230 
9606.ENSP00000385019 9606.ENSP00000353032 0 0 0 0 0 0 210 210 
9606.ENSP00000385019 9606.ENSP00000263094 0 0 0 80 126 0 65 183 
9606.ENSP00000385019 9606.ENSP00000378199 0 0 0 0 126 360 0 416 
9606.ENSP00000385019 9606.ENSP00000270233 0 0 0 152 0 0 0 152 
9606.ENSP00000385019 9606.ENSP00000397925 0 0 0 63 112 0 61 151 
9606.ENSP00000385019 9606.ENSP00000380437 0 0 0 157 0 0 50 165 
9606.ENSP00000385019 9606.ENSP00000343339 0 0 0 0 0 0 235 235 
9606.ENSP00000385019 9606.ENSP00000366249 0 0 0 0 0 0 211 211 
9606.ENSP00000385019 9606.ENSP00000369027 0 0 0 62 0 0 209 226 
9606.ENSP00000385019 9606.ENSP00000436836 0 0 0 76 0 0 138 169 
9606.ENSP00000385019 9606.ENSP00000449629 0 0 0 117 85 0 0 157 
9606.ENSP00000385019 9606.ENSP00000362457 0 0 0 147 64 0 0 167 
9606.ENSP00000385019 9606.ENSP00000347454 0 0 0 49 0 0 191 198 
9606.ENSP00000385019 9606.ENSP00000306275 0 0 0 0 0 0 342 342 
9606.ENSP00000385019 9606.ENSP00000256343 0 0 0 0 185 360 0 456 
9606.ENSP00000385019 9606.ENSP00000367125 0 0 0 233 0 0 62 249 
9606.ENSP00000385019 9606.ENSP00000324763 0 0 0 84 0 0 131 170 
9606.ENSP00000385019 9606.ENSP00000319591 0 0 0 95 69 0 523 563 
9606.ENSP00000385019 9606.ENSP00000410257 0 0 0 63 0 0 150 170 
9606.ENSP00000385019 9606.ENSP00000272520 0 0 0 181 0 0 0 181 
9606.ENSP00000385019 9606.ENSP00000303686 0 0 0 229 54 0 168 340 
9606.ENSP00000385019 9606.ENSP00000360608 0 0 0 315 0 0 95 354 
9606.ENSP00000385019 9606.ENSP00000325239 0 0 0 61 185 0 85 238 
9606.ENSP00000385019 9606.ENSP00000408979 0 0 0 169 63 0 43 190 
9606.ENSP00000385019 9606.ENSP00000307694 0 0 0 140 69 0 188 293 
9606.ENSP00000385019 9606.ENSP00000290039 0 0 0 62 185 0 55 214 
9606.ENSP00000385019 9606.ENSP00000444688 0 0 0 214 112 0 57 284 
9606.ENSP00000385019 9606.ENSP00000262103 0 0 0 61 185 0 50 209 
9606.ENSP00000385019 9606.ENSP00000386306 0 0 0 63 0 0 147 167 
9606.ENSP00000385019 9606.ENSP00000357057 0 0 0 87 0 0 125 167 
9606.ENSP00000385019 9606.ENSP00000460236 0 0 0 69 0 0 469 484 
9606.ENSP00000385019 9606.ENSP00000374036 0 0 0 162 0 0 0 162 
9606.ENSP00000385019 9606.ENSP00000362444 0 0 0 221 0 0 113 279 
9606.ENSP00000385019 9606.ENSP00000397073 0 0 0 0 54 0 368 376 
9606.ENSP00000385019 9606.ENSP00000412326 0 0 0 154 0 0 0 154 
9606.ENSP00000385019 9606.ENSP00000335632 0 0 0 61 185 0 50 209 
9606.ENSP00000385019 9606.ENSP00000228567 0 0 0 61 84 0 98 156 
9606.ENSP00000385019 9606.ENSP00000363191 0 0 0 0 0 0 167 167 
9606.ENSP00000385019 9606.ENSP00000367762 0 0 0 50 0 0 312 318 
9606.ENSP00000385019 9606.ENSP00000221485 0 0 0 170 0 0 68 193 
9606.ENSP00000385019 9606.ENSP00000437790 0 0 0 213 0 0 0 213 
9606.ENSP00000385019 9606.ENSP00000358784 0 0 0 76 69 0 149 204 
9606.ENSP00000385019 9606.ENSP00000376224 0 0 0 0 0 0 229 229 
9606.ENSP00000385019 9606.ENSP00000323714 0 0 0 173 0 0 0 173 
9606.ENSP00000385019 9606.ENSP00000358802 0 0 0 63 69 0 211 252 
9606.ENSP00000385019 9606.ENSP00000258302 0 0 0 152 0 0 57 166 
9606.ENSP00000385019 9606.ENSP00000226193 0 0 0 61 185 0 55 214 
9606.ENSP00000385019 9606.ENSP00000432695 0 0 0 63 0 0 283 299 
9606.ENSP00000385019 9606.ENSP00000218548 0 0 0 63 112 0 90 176 
9606.ENSP00000385019 9606.ENSP00000435954 0 0 0 0 69 0 225 247 
9606.ENSP00000385019 9606.ENSP00000379472 0 0 0 186 0 0 0 186 
9606.ENSP00000385019 9606.ENSP00000251472 0 0 0 109 132 0 0 194 
9606.ENSP00000385019 9606.ENSP00000418575 0 0 0 277 0 0 0 277 
9606.ENSP00000385019 9606.ENSP00000300113 0 0 0 61 185 0 50 209 
9606.ENSP00000385019 9606.ENSP00000344219 0 0 0 153 0 0 0 153 
9606.ENSP00000385019 9606.ENSP00000463653 0 0 0 139 0 0 81 175 
9606.ENSP00000385019 9606.ENSP00000284425 0 0 0 57 126 0 65 162 
9606.ENSP00000385019 9606.ENSP00000252729 0 0 0 0 0 360 53 368 
9606.ENSP00000385019 9606.ENSP00000161006 0 0 0 0 0 0 426 426 
9606.ENSP00000385019 9606.ENSP00000304822 0 0 0 0 0 0 298 298 
9606.ENSP00000385019 9606.ENSP00000329403 0 0 0 98 0 0 130 181 
9606.ENSP00000385019 9606.ENSP00000380903 0 0 0 0 0 0 323 323 
9606.ENSP00000385019 9606.ENSP00000375133 0 0 0 0 0 0 155 155 
9606.ENSP00000385019 9606.ENSP00000449253 0 0 0 147 69 0 265 365 
9606.ENSP00000385019 9606.ENSP00000338864 0 0 0 114 0 600 0 630 
9606.ENSP00000385019 9606.ENSP00000439287 0 0 0 159 54 0 50 178 
9606.ENSP00000385019 9606.ENSP00000265593 0 0 0 61 0 0 187 204 
9606.ENSP00000385019 9606.ENSP00000480132 0 0 0 78 0 900 49 904 
9606.ENSP00000385019 9606.ENSP00000300231 0 0 0 97 157 0 0 206 
9606.ENSP00000385019 9606.ENSP00000446205 0 0 0 181 0 0 0 181 
9606.ENSP00000385019 9606.ENSP00000481848 0 0 0 63 0 0 312 328 
9606.ENSP00000385019 9606.ENSP00000356236 0 0 0 178 84 0 90 255 
9606.ENSP00000385019 9606.ENSP00000357068 0 0 0 140 64 0 0 160 
9606.ENSP00000385019 9606.ENSP00000301050 0 0 0 62 266 360 344 672 
9606.ENSP00000385019 9606.ENSP00000262494 0 0 0 157 0 0 0 157 
9606.ENSP00000385019 9606.ENSP00000407822 0 0 0 117 0 0 96 168 
9606.ENSP00000385019 9606.ENSP00000280155 0 0 0 61 54 0 122 151 
9606.ENSP00000385019 9606.ENSP00000479860 0 0 0 61 185 0 50 209 
9606.ENSP00000385019 9606.ENSP00000370669 0 0 0 98 0 0 160 210 
9606.ENSP00000385019 9606.ENSP00000449241 0 0 0 150 0 0 0 150 
9606.ENSP00000385019 9606.ENSP00000390661 0 0 0 229 0 0 0 229 
9606.ENSP00000385019 9606.ENSP00000481728 0 0 0 148 126 0 43 225 
9606.ENSP00000385019 9606.ENSP00000431418 0 0 0 55 85 0 185 234 
9606.ENSP00000385019 9606.ENSP00000362616 0 0 0 154 0 0 0 154 
9606.ENSP00000385019 9606.ENSP00000440045 0 0 0 63 112 0 71 160 
9606.ENSP00000385019 9606.ENSP00000363868 0 0 0 57 126 0 87 181 
9606.ENSP00000385019 9606.ENSP00000329200 0 0 0 0 0 360 0 360 
9606.ENSP00000385019 9606.ENSP00000406581 0 0 0 63 85 0 105 165 
9606.ENSP00000385019 9606.ENSP00000287766 0 0 0 186 70 0 43 213 
9606.ENSP00000385019 9606.ENSP00000402505 0 0 0 84 0 0 178 214 
9606.ENSP00000385019 9606.ENSP00000353414 0 0 0 202 112 0 57 274 
9606.ENSP00000385019 9606.ENSP00000359300 0 0 0 61 185 0 58 216 
9606.ENSP00000385019 9606.ENSP00000342222 0 0 0 0 0 0 282 282 
9606.ENSP00000385019 9606.ENSP00000261047 0 0 0 61 185 0 50 209 
9606.ENSP00000385019 9606.ENSP00000371587 0 0 0 116 185 0 148 333 
9606.ENSP00000385019 9606.ENSP00000351342 0 0 0 197 0 0 0 197 
9606.ENSP00000385019 9606.ENSP00000390630 0 0 0 64 266 0 48 288 
9606.ENSP00000385019 9606.ENSP00000335038 0 0 0 214 0 0 0 214 
9606.ENSP00000385019 9606.ENSP00000332565 0 0 0 159 0 0 0 159 
9606.ENSP00000385019 9606.ENSP00000355192 0 0 0 80 0 360 262 527 
9606.ENSP00000385019 9606.ENSP00000365441 0 0 0 80 0 360 274 535 
9606.ENSP00000385019 9606.ENSP00000312811 0 0 0 70 0 0 156 181 
9606.ENSP00000385019 9606.ENSP00000467271 0 0 0 57 126 0 65 162 
9606.ENSP00000385019 9606.ENSP00000476519 0 0 0 108 0 0 140 201 
9606.ENSP00000385019 9606.ENSP00000385142 0 0 0 165 0 0 0 165 
9606.ENSP00000385019 9606.ENSP00000218176 0 0 0 82 69 0 340 387 
9606.ENSP00000385019 9606.ENSP00000355580 0 0 0 0 0 0 230 230 
9606.ENSP00000385019 9606.ENSP00000274710 0 0 0 232 0 0 0 232 
9606.ENSP00000385019 9606.ENSP00000265310 0 0 0 69 0 0 135 160 
9606.ENSP00000385019 9606.ENSP00000428417 0 0 0 109 54 0 74 152 
9606.ENSP00000385019 9606.ENSP00000305613 0 0 0 227 0 0 224 374 
9606.ENSP00000385019 9606.ENSP00000375647 0 0 0 132 0 360 138 479 
9606.ENSP00000385019 9606.ENSP00000287490 0 0 0 156 0 0 56 169 
9606.ENSP00000385019 9606.ENSP00000409378 0 0 0 127 0 0 115 195 
9606.ENSP00000385019 9606.ENSP00000331933 0 0 0 177 54 0 50 195 
9606.ENSP00000385019 9606.ENSP00000411593 0 0 0 61 0 0 213 230 
9606.ENSP00000385019 9606.ENSP00000265969 0 0 0 231 69 0 220 392 
9606.ENSP00000385019 9606.ENSP00000360327 0 0 0 0 0 0 173 173 
9606.ENSP00000385019 9606.ENSP00000377779 0 0 0 132 0 0 67 155 
9606.ENSP00000385019 9606.ENSP00000255380 0 0 0 120 0 0 231 295 
9606.ENSP00000385019 9606.ENSP00000371785 0 0 0 165 0 0 0 165 
9606.ENSP00000385019 9606.ENSP00000268164 0 0 0 0 82 0 204 238 
9606.ENSP00000385019 9606.ENSP00000371084 0 0 0 108 112 0 58 189 
9606.ENSP00000385019 9606.ENSP00000307508 0 0 0 95 185 0 57 243 
9606.ENSP00000385019 9606.ENSP00000481994 0 0 0 142 85 0 0 181 
9606.ENSP00000385019 9606.ENSP00000262623 0 0 0 98 112 0 64 184 
9606.ENSP00000385019 9606.ENSP00000429562 0 0 0 168 0 0 56 181 
9606.ENSP00000385019 9606.ENSP00000361860 0 0 0 207 0 0 0 207 
9606.ENSP00000385019 9606.ENSP00000243457 0 0 0 0 64 0 129 150 
9606.ENSP00000385019 9606.ENSP00000335612 0 0 0 61 185 0 57 215 
9606.ENSP00000385019 9606.ENSP00000011619 0 0 0 80 136 0 43 172 
9606.ENSP00000385019 9606.ENSP00000377265 0 0 0 0 0 0 158 158 
9606.ENSP00000385019 9606.ENSP00000383023 0 0 0 61 185 0 50 209 
9606.ENSP00000385019 9606.ENSP00000420686 0 0 0 64 0 0 269 286 
9606.ENSP00000385019 9606.ENSP00000356231 0 0 0 0 0 0 392 392 
9606.ENSP00000385019 9606.ENSP00000285199 0 0 0 94 0 0 109 158 
9606.ENSP00000385019 9606.ENSP00000386069 0 0 0 61 54 0 127 156 
9606.ENSP00000385019 9606.ENSP00000269878 0 0 0 61 185 0 50 209 
9606.ENSP00000385019 9606.ENSP00000160382 0 0 0 153 50 0 43 162 
9606.ENSP00000385019 9606.ENSP00000367830 0 0 0 111 85 0 0 151 
9606.ENSP00000385019 9606.ENSP00000295452 0 0 0 213 0 0 56 225 
9606.ENSP00000385019 9606.ENSP00000355533 0 0 0 136 132 0 145 303 
9606.ENSP00000385019 9606.ENSP00000356545 0 0 0 174 0 360 304 600 
9606.ENSP00000385019 9606.ENSP00000258930 0 0 0 61 185 0 50 209 
9606.ENSP00000385019 9606.ENSP00000367028 0 0 0 0 0 0 166 166 
9606.ENSP00000385019 9606.ENSP00000216200 0 0 0 172 185 0 228 434 
9606.ENSP00000385019 9606.ENSP00000377520 0 0 0 82 84 0 132 206 
9606.ENSP00000385019 9606.ENSP00000319060 0 0 0 84 124 0 227 325 
9606.ENSP00000385019 9606.ENSP00000262209 0 0 0 58 85 0 332 374 
9606.ENSP00000385019 9606.ENSP00000261205 0 0 0 138 84 0 97 225 
9606.ENSP00000385019 9606.ENSP00000339191 0 0 0 0 0 0 463 463 
9606.ENSP00000385019 9606.ENSP00000295082 0 0 0 158 69 0 67 205 
9606.ENSP00000385019 9606.ENSP00000376443 0 0 0 57 126 0 87 181 
9606.ENSP00000385019 9606.ENSP00000345270 0 0 0 130 0 0 116 198 
9606.ENSP00000385019 9606.ENSP00000283268 0 0 0 69 51 0 177 209 
9606.ENSP00000385019 9606.ENSP00000404438 0 0 0 213 0 0 0 213 
9606.ENSP00000385019 9606.ENSP00000276414 0 0 0 0 0 0 186 186 
9606.ENSP00000385019 9606.ENSP00000332737 0 0 0 259 0 0 63 275 
9606.ENSP00000385019 9606.ENSP00000463559 0 0 0 61 185 0 50 209 
9606.ENSP00000385019 9606.ENSP00000367197 0 0 0 84 185 0 57 234 
9606.ENSP00000385019 9606.ENSP00000352608 0 0 0 142 132 360 67 495 
9606.ENSP00000385019 9606.ENSP00000334785 0 0 0 61 185 0 50 209 
9606.ENSP00000385019 9606.ENSP00000367408 0 0 0 64 157 0 55 189 
9606.ENSP00000385019 9606.ENSP00000254976 0 0 0 166 0 0 248 347 
9606.ENSP00000385019 9606.ENSP00000328813 0 0 0 135 80 0 63 189 
9606.ENSP00000385019 9606.ENSP00000377747 0 0 0 63 85 0 105 165 
9606.ENSP00000385019 9606.ENSP00000361935 0 0 0 350 185 0 50 453 
9606.ENSP00000385019 9606.ENSP00000351314 0 0 0 0 0 0 224 224 
9606.ENSP00000385019 9606.ENSP00000341942 0 0 0 63 112 0 65 154 
9606.ENSP00000385019 9606.ENSP00000360129 0 0 0 61 185 0 57 215 
9606.ENSP00000385019 9606.ENSP00000386711 0 0 0 179 0 0 0 179 
9606.ENSP00000385019 9606.ENSP00000454919 0 0 0 192 54 0 0 203 
9606.ENSP00000385019 9606.ENSP00000376523 0 0 0 88 0 0 208 247 
9606.ENSP00000385019 9606.ENSP00000399745 0 0 0 84 0 0 128 167 
9606.ENSP00000385019 9606.ENSP00000297142 0 0 0 156 0 0 0 156 
9606.ENSP00000385019 9606.ENSP00000376855 0 0 0 107 0 0 177 234 
9606.ENSP00000385019 9606.ENSP00000382770 0 0 0 104 83 0 68 167 
9606.ENSP00000385019 9606.ENSP00000349877 0 0 0 63 112 0 85 172 
9606.ENSP00000385019 9606.ENSP00000282020 0 0 0 115 69 0 56 154 
9606.ENSP00000385019 9606.ENSP00000433295 0 0 0 0 64 0 167 186 
9606.ENSP00000385019 9606.ENSP00000264451 0 0 0 59 0 0 145 162 
9606.ENSP00000385019 9606.ENSP00000287097 0 0 0 84 0 0 178 214 
9606.ENSP00000385019 9606.ENSP00000367747 0 0 0 259 0 0 56 270 
9606.ENSP00000385019 9606.ENSP00000454407 0 0 0 63 157 0 0 176 
9606.ENSP00000385019 9606.ENSP00000345374 0 0 0 215 0 0 0 215 
9606.ENSP00000385019 9606.ENSP00000362566 0 0 0 230 185 0 50 352 
9606.ENSP00000385019 9606.ENSP00000400459 0 0 0 152 0 0 50 159 
9606.ENSP00000385019 9606.ENSP00000363435 0 0 0 82 0 0 257 289 
9606.ENSP00000385019 9606.ENSP00000363748 0 0 0 61 54 0 200 228 
9606.ENSP00000385019 9606.ENSP00000371037 0 0 0 0 0 360 90 392 
9606.ENSP00000385019 9606.ENSP00000369960 0 0 0 61 54 0 126 155 
9606.ENSP00000385019 9606.ENSP00000379098 0 0 0 104 124 0 91 224 
9606.ENSP00000385019 9606.ENSP00000294288 0 0 0 61 185 0 57 215 
9606.ENSP00000385019 9606.ENSP00000446955 0 0 0 61 185 0 50 209 
9606.ENSP00000385019 9606.ENSP00000365437 0 0 0 159 0 0 50 167 
9606.ENSP00000385019 9606.ENSP00000420040 0 0 0 152 185 0 224 417 
9606.ENSP00000385019 9606.ENSP00000217420 0 0 0 233 0 0 50 240 
9606.ENSP00000385019 9606.ENSP00000308022 0 0 0 0 0 0 167 167 
9606.ENSP00000385019 9606.ENSP00000445306 0 0 0 63 112 0 64 153 
9606.ENSP00000385019 9606.ENSP00000303468 0 0 0 0 0 0 173 173 
9606.ENSP00000385019 9606.ENSP00000384193 0 0 0 139 0 0 314 384 
9606.ENSP00000385019 9606.ENSP00000296755 0 0 0 63 157 0 0 176 
9606.ENSP00000385019 9606.ENSP00000265857 0 0 0 0 0 0 230 230 
9606.ENSP00000385019 9606.ENSP00000321427 0 0 0 91 0 0 186 229 
9606.ENSP00000385019 9606.ENSP00000263314 0 0 0 0 0 0 264 264 
9606.ENSP00000385019 9606.ENSP00000293894 0 0 0 170 0 0 0 170 
9606.ENSP00000385019 9606.ENSP00000251287 0 0 0 191 80 0 264 405 
9606.ENSP00000385019 9606.ENSP00000352544 0 0 0 213 0 0 0 213 
9606.ENSP00000385019 9606.ENSP00000360822 0 0 0 204 0 0 308 426 
9606.ENSP00000385019 9606.ENSP00000362183 0 0 0 151 69 0 85 214 
9606.ENSP00000385019 9606.ENSP00000368966 0 0 0 85 0 0 116 156 
9606.ENSP00000385019 9606.ENSP00000371070 0 0 0 143 112 0 58 220 
9606.ENSP00000385019 9606.ENSP00000294725 0 0 0 81 0 0 140 176 
9606.ENSP00000385019 9606.ENSP00000230361 0 0 0 61 185 0 50 209 
9606.ENSP00000385019 9606.ENSP00000288139 0 0 0 80 0 360 296 549 
9606.ENSP00000385019 9606.ENSP00000249016 0 0 0 143 54 0 0 154 
9606.ENSP00000385019 9606.ENSP00000257627 0 0 0 61 185 0 57 215 
9606.ENSP00000385019 9606.ENSP00000405950 0 0 0 143 0 0 62 161 
9606.ENSP00000385019 9606.ENSP00000471252 0 0 0 160 85 0 0 198 
9606.ENSP00000385019 9606.ENSP00000356265 0 0 0 52 0 0 440 446 
9606.ENSP00000385019 9606.ENSP00000320188 0 0 0 245 51 0 0 252 
9606.ENSP00000385019 9606.ENSP00000279907 0 0 0 153 0 0 0 153 
9606.ENSP00000385019 9606.ENSP00000483667 0 0 0 63 85 0 105 165 
9606.ENSP00000385019 9606.ENSP00000362294 0 0 0 159 0 0 43 160 
9606.ENSP00000385019 9606.ENSP00000255039 0 0 0 214 0 0 0 214 
9606.ENSP00000385019 9606.ENSP00000261523 0 0 0 74 0 0 128 158 
9606.ENSP00000385019 9606.ENSP00000415491 0 0 0 163 0 0 62 181 
9606.ENSP00000385019 9606.ENSP00000264071 0 0 0 141 63 0 50 168 
9606.ENSP00000385019 9606.ENSP00000225538 0 0 0 0 0 0 210 210 
9606.ENSP00000385019 9606.ENSP00000300105 0 0 0 89 0 360 64 407 
9606.ENSP00000385019 9606.ENSP00000390423 0 0 0 61 0 360 41 373 
9606.ENSP00000385019 9606.ENSP00000240662 0 0 0 0 64 0 149 169 
9606.ENSP00000385019 9606.ENSP00000298351 0 0 0 159 0 0 42 160 
9606.ENSP00000385019 9606.ENSP00000303540 0 0 0 98 0 0 167 217 
9606.ENSP00000385019 9606.ENSP00000332681 0 0 0 62 133 0 0 151 
9606.ENSP00000385019 9606.ENSP00000348521 0 0 0 140 66 0 0 162 
9606.ENSP00000385019 9606.ENSP00000403954 0 0 0 153 0 0 0 153 
9606.ENSP00000385019 9606.ENSP00000352035 0 0 0 167 69 0 246 364 
9606.ENSP00000385019 9606.ENSP00000383003 0 0 0 0 0 360 72 380 
9606.ENSP00000385019 9606.ENSP00000386499 0 0 0 167 0 0 0 167 
9606.ENSP00000385019 9606.ENSP00000262138 0 0 0 78 0 360 49 390 
9606.ENSP00000385019 9606.ENSP00000381247 0 0 0 61 185 0 57 215 
9606.ENSP00000385019 9606.ENSP00000445683 0 0 0 151 0 0 0 151 
9606.ENSP00000385019 9606.ENSP00000284262 0 0 0 195 0 0 62 213 
9606.ENSP00000385019 9606.ENSP00000020926 0 0 0 116 84 0 62 174 
9606.ENSP00000385019 9606.ENSP00000256339 0 0 0 177 123 0 96 290 
9606.ENSP00000385019 9606.ENSP00000317310 0 0 0 159 185 0 57 297 
9606.ENSP00000385019 9606.ENSP00000276198 0 0 0 107 54 0 88 163 
9606.ENSP00000385019 9606.ENSP00000480971 0 0 0 158 54 0 42 171 
9606.ENSP00000385019 9606.ENSP00000259750 0 0 0 155 77 0 0 186 
9606.ENSP00000385019 9606.ENSP00000265080 0 0 0 116 0 600 52 635 
9606.ENSP00000385019 9606.ENSP00000277120 0 0 0 117 85 0 144 249 
9606.ENSP00000385019 9606.ENSP00000354207 0 0 0 95 85 0 134 221 
9606.ENSP00000385019 9606.ENSP00000393097 0 0 0 174 0 0 0 174 
9606.ENSP00000385019 9606.ENSP00000484060 0 0 0 354 0 0 0 354 
9606.ENSP00000385019 9606.ENSP00000312273 0 0 0 151 0 0 0 151 
9606.ENSP00000385019 9606.ENSP00000390600 0 0 0 61 0 0 172 189 
9606.ENSP00000385019 9606.ENSP00000473036 0 0 0 213 180 0 0 327 
9606.ENSP00000385019 9606.ENSP00000259050 0 0 0 0 0 0 167 167 
9606.ENSP00000385019 9606.ENSP00000289932 0 0 0 139 58 0 0 154 
9606.ENSP00000385019 9606.ENSP00000302194 0 0 0 181 0 0 0 181 
9606.ENSP00000385019 9606.ENSP00000352358 0 0 0 77 0 0 206 235 
9606.ENSP00000385019 9606.ENSP00000396915 0 0 0 86 262 0 250 449 
9606.ENSP00000385019 9606.ENSP00000250916 0 0 0 142 51 0 0 150 
9606.ENSP00000385019 9606.ENSP00000291539 0 0 0 62 0 0 174 192 
9606.ENSP00000385019 9606.ENSP00000361383 0 0 0 61 185 0 57 215 
9606.ENSP00000385019 9606.ENSP00000386162 0 0 0 181 0 0 0 181 
9606.ENSP00000385019 9606.ENSP00000261726 0 0 0 136 0 0 69 161 
9606.ENSP00000385019 9606.ENSP00000230671 0 0 0 230 70 0 43 255 
9606.ENSP00000385019 9606.ENSP00000324196 0 0 0 163 0 0 0 163 
9606.ENSP00000385019 9606.ENSP00000286628 0 0 0 113 83 0 384 455 
9606.ENSP00000385019 9606.ENSP00000233826 0 0 0 0 64 0 160 180 
9606.ENSP00000385019 9606.ENSP00000222286 0 0 0 0 179 0 0 179 
9606.ENSP00000385019 9606.ENSP00000359532 0 0 0 61 54 0 181 209 
9606.ENSP00000385019 9606.ENSP00000319052 0 0 0 61 185 0 58 216 
9606.ENSP00000385019 9606.ENSP00000359634 0 0 0 213 0 0 0 213 
9606.ENSP00000385019 9606.ENSP00000279022 0 0 0 61 185 0 50 209 
9606.ENSP00000385019 9606.ENSP00000450385 0 0 0 61 185 0 50 209 
9606.ENSP00000385019 9606.ENSP00000262186 0 0 0 119 80 0 222 315 
9606.ENSP00000385019 9606.ENSP00000321106 0 0 0 77 0 0 167 198 
9606.ENSP00000385019 9606.ENSP00000306900 0 0 0 0 86 0 173 211 
9606.ENSP00000385019 9606.ENSP00000372654 0 0 0 153 0 0 0 153 
9606.ENSP00000385019 9606.ENSP00000325313 0 0 0 63 157 0 0 176 
9606.ENSP00000385019 9606.ENSP00000428259 0 0 0 61 185 0 58 216 
9606.ENSP00000385019 9606.ENSP00000299698 0 0 0 84 0 0 227 261 
9606.ENSP00000385019 9606.ENSP00000388137 0 0 0 206 0 0 0 206 
9606.ENSP00000385019 9606.ENSP00000349320 0 0 0 64 185 360 248 583 
9606.ENSP00000385019 9606.ENSP00000342560 0 0 0 231 54 0 0 241 
9606.ENSP00000385019 9606.ENSP00000236877 0 0 0 232 0 0 67 254 
9606.ENSP00000385019 9606.ENSP00000345985 0 0 0 290 0 0 0 290 
9606.ENSP00000385019 9606.ENSP00000333496 0 0 0 118 69 0 678 713 
9606.ENSP00000385019 9606.ENSP00000418081 0 0 0 148 185 360 224 609 
9606.ENSP00000385019 9606.ENSP00000347055 0 0 0 61 185 0 50 209 
9606.ENSP00000385019 9606.ENSP00000266376 0 0 0 113 0 360 290 562 
9606.ENSP00000385019 9606.ENSP00000318234 0 0 0 77 0 0 163 194 
9606.ENSP00000385019 9606.ENSP00000310375 0 0 0 170 0 0 0 170 
9606.ENSP00000385019 9606.ENSP00000371985 0 0 0 189 69 0 316 438 
9606.ENSP00000385019 9606.ENSP00000360806 0 0 0 97 69 0 167 238 
9606.ENSP00000385019 9606.ENSP00000405388 0 0 0 213 0 0 0 213 
9606.ENSP00000385019 9606.ENSP00000378690 0 0 0 138 185 0 57 279 
9606.ENSP00000385019 9606.ENSP00000321805 0 0 0 175 0 0 101 226 
9606.ENSP00000385019 9606.ENSP00000211413 0 0 0 141 0 0 74 170 
9606.ENSP00000385019 9606.ENSP00000296777 0 0 0 171 0 0 0 171 
9606.ENSP00000385019 9606.ENSP00000301332 0 0 0 151 63 0 43 172 
9606.ENSP00000385019 9606.ENSP00000477999 0 0 0 61 77 800 0 811 
9606.ENSP00000385019 9606.ENSP00000345436 0 0 0 184 85 0 0 221 
9606.ENSP00000385019 9606.ENSP00000332116 0 0 0 64 0 360 57 385 
9606.ENSP00000385019 9606.ENSP00000229239 0 0 0 0 180 0 162 283 
9606.ENSP00000385019 9606.ENSP00000402584 0 0 0 129 0 0 139 218 
9606.ENSP00000385019 9606.ENSP00000295101 0 0 0 83 64 0 187 241 
9606.ENSP00000385019 9606.ENSP00000234310 0 0 0 84 185 0 50 229 
9606.ENSP00000385019 9606.ENSP00000339182 0 0 0 107 112 0 65 194 
9606.ENSP00000385019 9606.ENSP00000217652 0 0 0 61 185 0 50 209 
9606.ENSP00000385019 9606.ENSP00000224862 0 0 0 0 0 0 171 171 
9606.ENSP00000385019 9606.ENSP00000382120 0 0 0 196 0 0 0 196 
9606.ENSP00000385019 9606.ENSP00000306138 0 0 0 155 0 0 315 396 
9606.ENSP00000385019 9606.ENSP00000382767 0 0 0 62 133 0 0 151 
9606.ENSP00000385019 9606.ENSP00000338330 0 0 0 177 0 0 0 177 
9606.ENSP00000385019 9606.ENSP00000360687 0 0 0 156 0 0 59 171 
9606.ENSP00000385019 9606.ENSP00000345708 0 0 0 61 64 0 156 193 
9606.ENSP00000385019 9606.ENSP00000262888 0 0 0 61 0 0 412 424 
9606.ENSP00000385019 9606.ENSP00000437737 0 0 0 107 54 0 96 169 
9606.ENSP00000385019 9606.ENSP00000215095 0 0 0 184 63 0 0 203 
9606.ENSP00000385019 9606.ENSP00000347665 0 0 0 51 0 0 160 168 
9606.ENSP00000385019 9606.ENSP00000478059 0 0 0 0 0 0 184 184 
9606.ENSP00000385019 9606.ENSP00000274093 0 0 0 61 0 0 223 239 
9606.ENSP00000385019 9606.ENSP00000218075 0 0 0 107 0 0 220 274 
9606.ENSP00000385019 9606.ENSP00000379818 0 0 0 108 69 0 148 231 
9606.ENSP00000385019 9606.ENSP00000270458 0 0 0 83 0 360 0 388 
9606.ENSP00000385019 9606.ENSP00000413632 0 0 0 0 0 0 173 173 
9606.ENSP00000385019 9606.ENSP00000263160 0 0 0 130 0 0 75 161 
9606.ENSP00000385019 9606.ENSP00000369689 0 0 0 61 185 600 58 673 
9606.ENSP00000385019 9606.ENSP00000164640 0 0 0 250 0 0 0 250 
9606.ENSP00000385019 9606.ENSP00000303960 0 0 0 156 64 0 149 270 
9606.ENSP00000385019 9606.ENSP00000379183 0 0 0 133 0 0 69 158 
9606.ENSP00000385019 9606.ENSP00000354859 0 0 0 84 54 0 127 178 
9606.ENSP00000385019 9606.ENSP00000482620 0 0 0 150 0 0 0 150 
9606.ENSP00000385019 9606.ENSP00000222693 0 0 0 0 0 0 555 555 
9606.ENSP00000385019 9606.ENSP00000264428 0 0 0 0 0 0 234 234 
9606.ENSP00000385019 9606.ENSP00000346088 0 0 0 0 0 0 177 177 
9606.ENSP00000385019 9606.ENSP00000334501 0 0 0 179 0 0 0 179 
9606.ENSP00000385019 9606.ENSP00000411096 0 0 0 57 126 0 76 171 
9606.ENSP00000385019 9606.ENSP00000259455 0 0 0 98 85 0 65 161 
9606.ENSP00000385019 9606.ENSP00000430846 0 0 0 97 69 0 95 173 
9606.ENSP00000385019 9606.ENSP00000262839 0 0 0 107 0 0 210 265 
9606.ENSP00000385019 9606.ENSP00000386962 0 0 0 0 185 360 74 474 
9606.ENSP00000385019 9606.ENSP00000344666 0 0 0 0 78 0 132 165 
9606.ENSP00000385019 9606.ENSP00000480279 0 0 0 0 85 0 116 156 
9606.ENSP00000385019 9606.ENSP00000297954 0 0 0 77 0 0 138 170 
9606.ENSP00000385019 9606.ENSP00000385026 0 0 0 95 0 0 115 165 
9606.ENSP00000385019 9606.ENSP00000379396 0 0 0 64 0 0 222 241 
9606.ENSP00000385019 9606.ENSP00000345824 0 0 0 64 266 0 48 288 
9606.ENSP00000385019 9606.ENSP00000419313 0 0 0 62 0 0 202 220 
9606.ENSP00000385019 9606.ENSP00000295640 0 0 0 0 72 0 147 174 
9606.ENSP00000385019 9606.ENSP00000315602 0 0 0 61 0 0 135 154 
9606.ENSP00000385019 9606.ENSP00000353007 0 0 0 0 0 0 202 202 
9606.ENSP00000385019 9606.ENSP00000283254 0 0 0 97 0 0 152 202 
9606.ENSP00000385019 9606.ENSP00000271751 0 0 0 119 0 0 110 183 
9606.ENSP00000385019 9606.ENSP00000293255 0 0 0 61 185 0 57 215 
9606.ENSP00000385019 9606.ENSP00000304643 0 0 0 61 185 600 57 672 
9606.ENSP00000385019 9606.ENSP00000446278 0 0 0 229 0 0 0 229 
9606.ENSP00000385019 9606.ENSP00000282499 0 0 0 107 69 0 139 223 
9606.ENSP00000385019 9606.ENSP00000224337 0 0 0 0 0 0 173 173 
9606.ENSP00000385019 9606.ENSP00000346534 0 0 0 108 0 0 171 230 
9606.ENSP00000385019 9606.ENSP00000316532 0 0 0 161 0 0 0 161 
9606.ENSP00000385019 9606.ENSP00000310244 0 0 0 107 0 600 0 627 
9606.ENSP00000385019 9606.ENSP00000362201 0 0 0 263 0 0 0 263 
9606.ENSP00000385019 9606.ENSP00000336764 0 0 0 116 54 0 86 169 
9606.ENSP00000385019 9606.ENSP00000356162 0 0 0 0 0 0 189 189 
9606.ENSP00000385019 9606.ENSP00000295057 0 0 0 153 0 0 0 153 
9606.ENSP00000385019 9606.ENSP00000282878 0 0 0 139 0 0 59 155 
9606.ENSP00000385019 9606.ENSP00000262895 0 0 0 145 69 0 48 177 
9606.ENSP00000385019 9606.ENSP00000262418 0 0 0 62 0 0 227 243 
9606.ENSP00000385019 9606.ENSP00000479844 0 0 0 61 0 600 0 608 
9606.ENSP00000385019 9606.ENSP00000437554 0 0 0 233 0 0 0 233 
9606.ENSP00000385019 9606.ENSP00000373169 0 0 0 61 54 0 127 157 
9606.ENSP00000385019 9606.ENSP00000373343 0 0 0 157 0 0 0 157 
9606.ENSP00000385019 9606.ENSP00000342295 0 0 0 0 85 0 173 210 
9606.ENSP00000385019 9606.ENSP00000155840 0 0 0 0 69 0 162 187 
9606.ENSP00000385019 9606.ENSP00000287907 0 0 0 313 54 0 95 361 
9606.ENSP00000385019 9606.ENSP00000309117 0 0 0 183 0 0 53 194 
9606.ENSP00000385019 9606.ENSP00000257981 0 0 0 285 80 0 63 329 
9606.ENSP00000385019 9606.ENSP00000339740 0 0 0 55 124 0 138 224 
9606.ENSP00000385019 9606.ENSP00000320025 0 0 0 63 266 360 363 682 
9606.ENSP00000385019 9606.ENSP00000349467 0 0 0 115 185 600 57 691 
9606.ENSP00000385019 9606.ENSP00000468500 0 0 0 140 0 0 78 173 
9606.ENSP00000385019 9606.ENSP00000364919 0 0 0 151 0 0 0 151 
9606.ENSP00000385019 9606.ENSP00000329380 0 0 0 61 0 0 156 173 
9606.ENSP00000385019 9606.ENSP00000455711 0 0 0 229 76 0 258 425 
9606.ENSP00000385019 9606.ENSP00000295569 0 0 0 66 0 0 241 261 
9606.ENSP00000385019 9606.ENSP00000358715 0 0 0 213 0 0 0 213 
9606.ENSP00000385019 9606.ENSP00000337053 0 0 0 62 133 0 0 151 
9606.ENSP00000385019 9606.ENSP00000346265 0 0 0 95 84 0 131 216 
9606.ENSP00000385019 9606.ENSP00000354490 0 0 0 118 112 0 57 197 
9606.ENSP00000385019 9606.ENSP00000405963 0 0 0 116 0 600 65 640 
9606.ENSP00000385019 9606.ENSP00000332674 0 0 0 61 0 0 263 278 
9606.ENSP00000385019 9606.ENSP00000418994 0 0 0 214 0 0 0 214 
9606.ENSP00000385019 9606.ENSP00000261655 0 0 0 119 266 0 48 331 
9606.ENSP00000385019 9606.ENSP00000340914 0 0 0 159 84 0 62 215 
9606.ENSP00000385019 9606.ENSP00000365529 0 0 0 159 0 0 70 185 
9606.ENSP00000385019 9606.ENSP00000323516 0 0 0 154 54 0 0 166 
9606.ENSP00000385019 9606.ENSP00000307766 0 0 0 171 54 0 0 182 
9606.ENSP00000385019 9606.ENSP00000406191 0 0 0 0 0 0 217 217 
9606.ENSP00000385019 9606.ENSP00000349325 0 0 0 86 112 0 57 168 
9606.ENSP00000385019 9606.ENSP00000221166 0 0 0 156 0 0 66 178 
9606.ENSP00000385019 9606.ENSP00000329757 0 0 0 77 0 0 127 159 
9606.ENSP00000385019 9606.ENSP00000380307 0 0 0 171 0 0 0 171 
9606.ENSP00000385019 9606.ENSP00000443631 0 0 0 50 0 0 203 210 
9606.ENSP00000385019 9606.ENSP00000361700 0 0 0 88 0 0 228 266 
9606.ENSP00000385019 9606.ENSP00000376048 0 0 0 215 0 0 0 215 
9606.ENSP00000385019 9606.ENSP00000354896 0 0 0 135 0 0 259 332 
9606.ENSP00000385019 9606.ENSP00000005284 0 0 0 214 0 360 0 475 
9606.ENSP00000385019 9606.ENSP00000367001 0 0 0 100 0 0 154 206 
9606.ENSP00000385019 9606.ENSP00000291295 0 0 0 89 185 0 59 240 
9606.ENSP00000385019 9606.ENSP00000255224 0 0 0 176 84 0 111 271 
9606.ENSP00000385019 9606.ENSP00000479811 0 0 0 168 0 0 62 186 
9606.ENSP00000385019 9606.ENSP00000479586 0 0 0 143 0 0 53 153 
9606.ENSP00000385019 9606.ENSP00000243167 0 0 0 107 0 0 207 262 
9606.ENSP00000385019 9606.ENSP00000453293 0 0 0 131 64 0 0 152 
9606.ENSP00000385019 9606.ENSP00000263277 0 0 0 0 159 0 0 159 
9606.ENSP00000385019 9606.ENSP00000358513 0 0 0 110 54 0 258 321 
9606.ENSP00000385019 9606.ENSP00000310631 0 0 0 65 0 0 238 257 
9606.ENSP00000385019 9606.ENSP00000295589 0 0 0 61 54 0 179 207 
9606.ENSP00000385019 9606.ENSP00000325663 0 0 0 63 85 0 195 249 
9606.ENSP00000385019 9606.ENSP00000384763 0 0 0 64 0 0 130 151 
9606.ENSP00000385019 9606.ENSP00000419195 0 0 0 151 0 0 50 159 
9606.ENSP00000385019 9606.ENSP00000397927 0 0 0 0 0 0 173 173 
9606.ENSP00000385019 9606.ENSP00000242104 0 0 0 96 185 0 57 244 
9606.ENSP00000385019 9606.ENSP00000396320 0 0 0 63 0 0 131 151 
9606.ENSP00000385019 9606.ENSP00000402790 0 0 0 214 0 0 0 214 
9606.ENSP00000385019 9606.ENSP00000393161 0 0 0 214 0 0 0 214 
9606.ENSP00000385019 9606.ENSP00000378492 0 0 0 138 0 0 60 156 
