9606.ENSP00000485337 9606.ENSP00000403524 0 0 0 61 0 0 154 171 
9606.ENSP00000485337 9606.ENSP00000452252 0 0 0 0 0 0 556 556 
9606.ENSP00000485337 9606.ENSP00000425375 0 0 0 0 552 0 0 552 
9606.ENSP00000485337 9606.ENSP00000263857 0 0 0 148 0 0 58 163 
9606.ENSP00000485337 9606.ENSP00000247003 0 0 0 228 0 0 42 228 
9606.ENSP00000485337 9606.ENSP00000396615 0 0 0 0 156 0 0 156 
9606.ENSP00000485337 9606.ENSP00000324633 0 0 0 0 0 0 311 311 
9606.ENSP00000485337 9606.ENSP00000370546 0 0 0 0 0 0 390 390 
9606.ENSP00000485337 9606.ENSP00000379462 0 0 0 0 0 0 529 529 
9606.ENSP00000485337 9606.ENSP00000402338 0 0 0 161 0 0 0 161 
9606.ENSP00000485337 9606.ENSP00000306920 0 0 0 0 156 0 0 156 
9606.ENSP00000485337 9606.ENSP00000320951 0 0 0 0 0 0 311 311 
9606.ENSP00000485337 9606.ENSP00000244230 0 0 0 171 0 0 0 171 
9606.ENSP00000485337 9606.ENSP00000417498 0 0 0 0 0 0 270 270 
9606.ENSP00000485337 9606.ENSP00000413520 0 0 0 0 0 0 167 167 
9606.ENSP00000485337 9606.ENSP00000263966 0 0 0 87 0 0 127 168 
9606.ENSP00000485337 9606.ENSP00000380982 0 0 0 163 0 0 0 163 
9606.ENSP00000485337 9606.ENSP00000334364 0 0 0 0 0 0 526 526 
9606.ENSP00000485337 9606.ENSP00000333234 0 0 0 0 0 0 589 589 
9606.ENSP00000485337 9606.ENSP00000333329 0 0 0 298 552 0 47 674 
9606.ENSP00000485337 9606.ENSP00000323858 0 0 0 169 0 0 42 169 
9606.ENSP00000485337 9606.ENSP00000347810 0 0 0 0 0 0 571 571 
9606.ENSP00000485337 9606.ENSP00000354040 0 0 0 228 0 0 59 242 
9606.ENSP00000485337 9606.ENSP00000404179 0 0 0 58 0 0 138 153 
9606.ENSP00000485337 9606.ENSP00000309163 0 0 0 0 0 0 254 254 
9606.ENSP00000485337 9606.ENSP00000252050 0 0 0 0 0 0 158 158 
9606.ENSP00000485337 9606.ENSP00000419005 0 0 0 167 0 0 0 167 
9606.ENSP00000485337 9606.ENSP00000295759 0 0 0 0 156 0 0 156 
9606.ENSP00000485337 9606.ENSP00000221265 0 0 0 63 157 0 0 176 
9606.ENSP00000485337 9606.ENSP00000423390 0 0 0 56 118 0 84 170 
9606.ENSP00000485337 9606.ENSP00000322191 0 0 0 0 0 0 534 534 
9606.ENSP00000485337 9606.ENSP00000334681 0 0 0 0 0 0 582 582 
9606.ENSP00000485337 9606.ENSP00000444628 0 0 0 0 156 0 0 156 
9606.ENSP00000485337 9606.ENSP00000280082 0 0 0 0 0 0 534 534 
9606.ENSP00000485337 9606.ENSP00000396673 0 0 0 188 0 0 0 188 
9606.ENSP00000485337 9606.ENSP00000335307 0 0 0 0 0 0 526 526 
9606.ENSP00000485337 9606.ENSP00000333667 0 0 0 0 176 0 58 190 
9606.ENSP00000485337 9606.ENSP00000388107 0 0 0 61 189 0 56 218 
9606.ENSP00000485337 9606.ENSP00000320813 0 0 0 0 0 0 533 533 
9606.ENSP00000485337 9606.ENSP00000229268 0 0 0 87 0 0 127 168 
9606.ENSP00000485337 9606.ENSP00000371101 0 0 0 167 0 0 0 167 
9606.ENSP00000485337 9606.ENSP00000359645 0 0 0 0 0 0 408 408 
9606.ENSP00000485337 9606.ENSP00000318868 0 0 0 0 176 0 58 190 
9606.ENSP00000485337 9606.ENSP00000348596 0 0 0 154 0 0 0 154 
