9606.ENSP00000258975 9606.ENSP00000358149 0 0 0 51 0 0 290 298 
9606.ENSP00000258975 9606.ENSP00000392411 142 0 0 61 0 0 0 159 
9606.ENSP00000258975 9606.ENSP00000377486 72 0 0 129 185 0 0 283 
9606.ENSP00000258975 9606.ENSP00000364815 153 0 0 107 0 0 160 309 
9606.ENSP00000258975 9606.ENSP00000282841 147 0 0 63 0 0 0 166 
9606.ENSP00000258975 9606.ENSP00000199447 292 0 0 62 0 0 120 364 
9606.ENSP00000258975 9606.ENSP00000248643 0 0 0 61 0 0 368 381 
9606.ENSP00000258975 9606.ENSP00000348886 51 0 0 149 0 0 0 157 
9606.ENSP00000258975 9606.ENSP00000350698 60 0 0 0 0 0 231 246 
9606.ENSP00000258975 9606.ENSP00000322991 179 0 0 91 0 0 0 222 
9606.ENSP00000258975 9606.ENSP00000467266 0 0 0 0 0 0 272 272 
9606.ENSP00000258975 9606.ENSP00000254759 168 0 0 74 0 0 0 196 
9606.ENSP00000258975 9606.ENSP00000039007 126 0 0 0 0 0 250 316 
9606.ENSP00000258975 9606.ENSP00000371253 354 0 0 107 0 0 94 431 
9606.ENSP00000258975 9606.ENSP00000367498 219 0 0 63 0 0 0 236 
9606.ENSP00000258975 9606.ENSP00000362576 239 0 0 145 132 0 374 599 
9606.ENSP00000258975 9606.ENSP00000354687 75 0 0 42 0 0 206 235 
9606.ENSP00000258975 9606.ENSP00000400995 111 0 0 0 133 0 0 196 
9606.ENSP00000258975 9606.ENSP00000342056 50 0 0 0 0 0 266 273 
9606.ENSP00000258975 9606.ENSP00000242839 86 0 0 0 0 0 135 175 
9606.ENSP00000258975 9606.ENSP00000344989 162 0 0 62 56 0 177 307 
9606.ENSP00000258975 9606.ENSP00000393241 56 0 0 64 0 0 168 200 
9606.ENSP00000258975 9606.ENSP00000263063 0 0 0 61 0 0 336 350 
9606.ENSP00000258975 9606.ENSP00000270538 0 0 0 0 0 0 287 287 
9606.ENSP00000258975 9606.ENSP00000436318 256 0 0 0 0 0 0 256 
9606.ENSP00000258975 9606.ENSP00000369456 294 0 0 76 0 0 0 319 
9606.ENSP00000258975 9606.ENSP00000326981 120 0 0 109 0 0 57 196 
9606.ENSP00000258975 9606.ENSP00000365388 147 0 0 64 0 0 58 182 
9606.ENSP00000258975 9606.ENSP00000364035 185 0 0 64 0 0 0 204 
9606.ENSP00000258975 9606.ENSP00000318480 167 0 0 62 0 0 119 252 
9606.ENSP00000258975 9606.ENSP00000366275 167 0 0 0 0 0 0 167 
9606.ENSP00000258975 9606.ENSP00000358894 167 0 0 0 0 0 0 167 
9606.ENSP00000258975 9606.ENSP00000053468 0 0 0 109 0 0 111 174 
9606.ENSP00000258975 9606.ENSP00000470539 0 0 0 0 0 0 557 557 
9606.ENSP00000258975 9606.ENSP00000254928 245 0 0 64 0 0 384 527 
9606.ENSP00000258975 9606.ENSP00000378332 0 0 0 0 0 0 227 227 
9606.ENSP00000258975 9606.ENSP00000377532 0 0 0 0 0 0 250 250 
9606.ENSP00000258975 9606.ENSP00000368688 0 0 0 0 0 0 311 311 
9606.ENSP00000258975 9606.ENSP00000343966 0 0 0 0 0 0 301 301 
9606.ENSP00000258975 9606.ENSP00000322276 111 0 0 0 133 0 0 196 
9606.ENSP00000258975 9606.ENSP00000381231 205 0 0 63 0 0 0 223 
9606.ENSP00000258975 9606.ENSP00000253778 216 0 0 63 0 0 0 233 
9606.ENSP00000258975 9606.ENSP00000262375 0 0 0 131 79 0 50 173 
9606.ENSP00000258975 9606.ENSP00000461324 0 0 0 153 0 0 73 181 
9606.ENSP00000258975 9606.ENSP00000418008 0 0 0 99 0 0 505 535 
9606.ENSP00000258975 9606.ENSP00000357320 0 0 0 114 0 0 352 402 
9606.ENSP00000258975 9606.ENSP00000472847 0 0 0 85 0 0 150 189 
9606.ENSP00000258975 9606.ENSP00000296805 152 0 0 66 0 0 515 583 
9606.ENSP00000258975 9606.ENSP00000455265 0 0 0 61 0 0 212 229 
9606.ENSP00000258975 9606.ENSP00000361982 185 0 0 63 0 0 0 203 
9606.ENSP00000258975 9606.ENSP00000331897 169 0 0 0 0 0 131 246 
9606.ENSP00000258975 9606.ENSP00000347978 154 0 0 61 0 0 0 171 
9606.ENSP00000258975 9606.ENSP00000244137 167 0 0 0 0 0 59 182 
9606.ENSP00000258975 9606.ENSP00000297837 0 0 0 46 0 0 168 173 
9606.ENSP00000258975 9606.ENSP00000286648 162 0 0 62 0 0 0 180 
9606.ENSP00000258975 9606.ENSP00000259873 0 0 0 0 0 0 243 243 
9606.ENSP00000258975 9606.ENSP00000455643 185 0 0 0 0 0 0 185 
9606.ENSP00000258975 9606.ENSP00000313432 267 0 0 0 0 0 0 267 
9606.ENSP00000258975 9606.ENSP00000320658 219 766 0 145 50 0 210 861 
9606.ENSP00000258975 9606.ENSP00000361918 72 0 0 110 0 0 59 154 
9606.ENSP00000258975 9606.ENSP00000360782 0 0 0 107 0 0 402 443 
9606.ENSP00000258975 9606.ENSP00000307786 0 0 0 46 0 900 446 942 
9606.ENSP00000258975 9606.ENSP00000236980 0 0 0 0 0 0 574 574 
9606.ENSP00000258975 9606.ENSP00000270517 0 0 0 116 0 0 126 195 
9606.ENSP00000258975 9606.ENSP00000346874 196 0 0 0 0 0 0 196 
9606.ENSP00000258975 9606.ENSP00000390011 295 0 0 69 124 0 0 375 
9606.ENSP00000258975 9606.ENSP00000384369 273 0 213 64 0 0 0 417 
9606.ENSP00000258975 9606.ENSP00000364126 215 0 0 0 0 0 114 274 
9606.ENSP00000258975 9606.ENSP00000379038 264 0 0 0 0 0 223 403 
9606.ENSP00000258975 9606.ENSP00000222511 219 0 0 68 0 0 86 277 
9606.ENSP00000258975 9606.ENSP00000299299 211 0 0 0 0 0 64 229 
9606.ENSP00000258975 9606.ENSP00000362481 280 0 0 0 0 0 0 280 
9606.ENSP00000258975 9606.ENSP00000368140 219 0 0 0 0 0 94 262 
9606.ENSP00000258975 9606.ENSP00000391481 185 0 0 63 0 0 48 209 
9606.ENSP00000258975 9606.ENSP00000262844 151 0 0 0 0 0 0 151 
9606.ENSP00000258975 9606.ENSP00000376889 78 0 0 62 0 0 135 186 
9606.ENSP00000258975 9606.ENSP00000426455 0 0 0 0 0 0 178 178 
9606.ENSP00000258975 9606.ENSP00000290846 58 0 0 63 0 0 512 532 
9606.ENSP00000258975 9606.ENSP00000356134 0 0 0 57 0 0 293 305 
9606.ENSP00000258975 9606.ENSP00000460348 0 0 0 0 300 0 0 300 
9606.ENSP00000258975 9606.ENSP00000308275 0 0 0 64 0 0 131 151 
9606.ENSP00000258975 9606.ENSP00000194130 142 0 0 61 0 0 0 159 
9606.ENSP00000258975 9606.ENSP00000431040 0 0 0 111 0 0 114 179 
9606.ENSP00000258975 9606.ENSP00000356972 75 0 0 46 0 0 244 275 
9606.ENSP00000258975 9606.ENSP00000299335 0 0 0 64 0 0 511 523 
9606.ENSP00000258975 9606.ENSP00000223528 0 0 0 0 0 0 173 173 
9606.ENSP00000258975 9606.ENSP00000392257 72 0 0 110 0 0 59 154 
9606.ENSP00000258975 9606.ENSP00000263774 214 0 0 137 0 0 389 549 
9606.ENSP00000258975 9606.ENSP00000298556 152 0 0 58 0 0 0 167 
9606.ENSP00000258975 9606.ENSP00000230771 111 0 0 108 0 0 169 284 
9606.ENSP00000258975 9606.ENSP00000371586 262 0 0 63 0 0 0 278 
9606.ENSP00000258975 9606.ENSP00000338093 167 0 0 64 0 0 97 234 
9606.ENSP00000258975 9606.ENSP00000342015 0 0 0 0 0 0 494 494 
9606.ENSP00000258975 9606.ENSP00000348211 0 0 0 0 0 0 213 213 
9606.ENSP00000258975 9606.ENSP00000421566 167 0 0 0 0 0 59 182 
9606.ENSP00000258975 9606.ENSP00000361355 0 0 0 0 0 0 188 188 
9606.ENSP00000258975 9606.ENSP00000478253 217 0 0 0 0 0 0 217 
9606.ENSP00000258975 9606.ENSP00000378191 0 0 0 64 128 0 60 165 
9606.ENSP00000258975 9606.ENSP00000358478 283 0 0 63 0 0 0 299 
9606.ENSP00000258975 9606.ENSP00000464619 72 0 0 110 0 0 59 154 
9606.ENSP00000258975 9606.ENSP00000368612 0 0 0 61 0 0 169 187 
9606.ENSP00000258975 9606.ENSP00000253329 72 0 0 110 0 0 59 154 
9606.ENSP00000258975 9606.ENSP00000381234 205 0 0 63 0 0 0 223 
9606.ENSP00000258975 9606.ENSP00000400168 0 0 0 0 0 0 748 748 
9606.ENSP00000258975 9606.ENSP00000308897 0 0 0 88 0 0 113 157 
9606.ENSP00000258975 9606.ENSP00000283415 77 0 0 72 0 0 145 203 
9606.ENSP00000258975 9606.ENSP00000447651 0 0 0 0 0 0 251 251 
9606.ENSP00000258975 9606.ENSP00000361923 0 0 0 0 0 0 533 533 
9606.ENSP00000258975 9606.ENSP00000408576 194 0 0 79 0 0 60 242 
9606.ENSP00000258975 9606.ENSP00000419740 87 0 0 106 0 0 248 333 
9606.ENSP00000258975 9606.ENSP00000370508 0 0 0 66 0 0 577 588 
9606.ENSP00000258975 9606.ENSP00000420026 0 0 0 0 0 0 198 198 
9606.ENSP00000258975 9606.ENSP00000478035 0 0 0 86 0 0 163 203 
9606.ENSP00000258975 9606.ENSP00000258662 220 0 0 0 0 0 0 220 
9606.ENSP00000258975 9606.ENSP00000419425 72 0 0 110 0 0 59 154 
9606.ENSP00000258975 9606.ENSP00000430494 0 0 0 53 0 0 290 298 
9606.ENSP00000258975 9606.ENSP00000356988 111 0 0 0 133 0 0 196 
9606.ENSP00000258975 9606.ENSP00000430598 0 0 0 0 0 0 527 527 
9606.ENSP00000258975 9606.ENSP00000258418 0 0 0 0 384 0 0 384 
9606.ENSP00000258975 9606.ENSP00000362817 0 0 0 0 0 0 376 376 
9606.ENSP00000258975 9606.ENSP00000349860 216 0 0 63 0 0 0 233 
9606.ENSP00000258975 9606.ENSP00000369786 69 0 0 0 0 0 201 224 
9606.ENSP00000258975 9606.ENSP00000426638 0 0 0 63 0 0 171 190 
9606.ENSP00000258975 9606.ENSP00000270631 0 0 0 0 0 0 474 474 
9606.ENSP00000258975 9606.ENSP00000219789 219 0 0 45 0 0 0 222 
9606.ENSP00000258975 9606.ENSP00000364404 0 0 0 0 0 0 201 201 
9606.ENSP00000258975 9606.ENSP00000302620 169 0 0 0 0 0 0 169 
9606.ENSP00000258975 9606.ENSP00000246337 84 0 0 64 0 0 138 196 
9606.ENSP00000258975 9606.ENSP00000357360 0 0 0 83 0 0 397 424 
9606.ENSP00000258975 9606.ENSP00000356410 46 0 0 50 0 0 188 200 
9606.ENSP00000258975 9606.ENSP00000353104 216 0 0 77 122 0 0 309 
9606.ENSP00000258975 9606.ENSP00000261647 44 0 0 0 0 0 244 247 
9606.ENSP00000258975 9606.ENSP00000318977 154 0 0 63 0 0 53 183 
9606.ENSP00000258975 9606.ENSP00000368468 0 0 0 68 0 0 243 264 
9606.ENSP00000258975 9606.ENSP00000298746 185 0 0 64 0 0 0 204 
9606.ENSP00000258975 9606.ENSP00000301585 295 0 0 119 0 0 427 613 
9606.ENSP00000258975 9606.ENSP00000368572 110 0 0 0 112 0 0 175 
9606.ENSP00000258975 9606.ENSP00000272902 167 0 0 0 0 0 0 167 
9606.ENSP00000258975 9606.ENSP00000349970 161 0 0 0 50 0 0 168 
9606.ENSP00000258975 9606.ENSP00000354728 0 0 0 0 0 0 211 211 
9606.ENSP00000258975 9606.ENSP00000264093 162 0 0 95 0 0 283 408 
9606.ENSP00000258975 9606.ENSP00000269159 210 0 0 64 0 0 0 228 
9606.ENSP00000258975 9606.ENSP00000324343 111 0 0 0 133 0 0 196 
9606.ENSP00000258975 9606.ENSP00000287490 0 0 0 0 0 0 289 289 
9606.ENSP00000258975 9606.ENSP00000426964 167 0 0 0 0 0 65 187 
9606.ENSP00000258975 9606.ENSP00000286175 72 0 0 110 0 0 59 154 
9606.ENSP00000258975 9606.ENSP00000362329 219 0 0 64 79 0 0 267 
9606.ENSP00000258975 9606.ENSP00000385790 128 0 0 68 0 0 64 172 
9606.ENSP00000258975 9606.ENSP00000203407 0 0 0 74 0 0 236 263 
9606.ENSP00000258975 9606.ENSP00000300107 221 0 0 0 0 0 54 232 
9606.ENSP00000258975 9606.ENSP00000360327 218 0 0 101 0 0 0 267 
9606.ENSP00000258975 9606.ENSP00000040663 184 0 0 80 0 0 0 217 
9606.ENSP00000258975 9606.ENSP00000297282 142 0 0 61 0 0 0 159 
9606.ENSP00000258975 9606.ENSP00000296597 0 0 0 0 0 0 452 452 
9606.ENSP00000258975 9606.ENSP00000362135 257 0 0 0 80 0 0 287 
9606.ENSP00000258975 9606.ENSP00000296684 0 0 0 0 0 0 414 414 
9606.ENSP00000258975 9606.ENSP00000355086 295 0 0 256 0 0 491 710 
9606.ENSP00000258975 9606.ENSP00000263035 49 0 0 190 0 0 0 196 
9606.ENSP00000258975 9606.ENSP00000358042 185 0 0 64 0 0 0 204 
9606.ENSP00000258975 9606.ENSP00000266544 155 0 0 120 0 0 270 410 
9606.ENSP00000258975 9606.ENSP00000343867 113 0 0 105 0 0 326 418 
9606.ENSP00000258975 9606.ENSP00000365908 142 0 0 64 0 0 0 162 
9606.ENSP00000258975 9606.ENSP00000292475 0 0 0 48 0 0 237 242 
9606.ENSP00000258975 9606.ENSP00000322716 159 0 0 61 0 0 0 176 
9606.ENSP00000258975 9606.ENSP00000430269 209 0 0 49 0 0 0 215 
9606.ENSP00000258975 9606.ENSP00000426941 0 0 0 0 0 0 347 347 
9606.ENSP00000258975 9606.ENSP00000298910 140 0 0 0 64 0 0 160 
9606.ENSP00000258975 9606.ENSP00000354876 0 0 0 0 0 0 447 447 
9606.ENSP00000258975 9606.ENSP00000368793 0 0 307 78 84 0 352 570 
9606.ENSP00000258975 9606.ENSP00000255390 0 0 0 65 0 0 698 706 
9606.ENSP00000258975 9606.ENSP00000164139 0 0 0 63 0 0 173 192 
9606.ENSP00000258975 9606.ENSP00000364794 146 0 0 112 0 0 0 209 
9606.ENSP00000258975 9606.ENSP00000356272 0 0 0 95 0 0 398 431 
9606.ENSP00000258975 9606.ENSP00000232978 72 0 0 110 0 0 59 154 
9606.ENSP00000258975 9606.ENSP00000256441 0 0 0 59 0 0 185 200 
9606.ENSP00000258975 9606.ENSP00000259239 0 0 0 152 0 0 0 152 
9606.ENSP00000258975 9606.ENSP00000302801 177 0 0 0 87 0 0 216 
9606.ENSP00000258975 9606.ENSP00000374562 0 0 0 0 0 0 170 170 
9606.ENSP00000258975 9606.ENSP00000483375 196 0 0 0 0 0 0 196 
9606.ENSP00000258975 9606.ENSP00000425759 0 0 0 64 0 0 223 242 
9606.ENSP00000258975 9606.ENSP00000220058 256 0 0 63 0 0 329 491 
9606.ENSP00000258975 9606.ENSP00000386394 284 0 0 99 0 0 0 327 
9606.ENSP00000258975 9606.ENSP00000377311 78 0 0 61 0 0 367 404 
9606.ENSP00000258975 9606.ENSP00000219599 0 0 0 0 0 0 177 177 
9606.ENSP00000258975 9606.ENSP00000485638 72 0 0 110 0 0 59 154 
9606.ENSP00000258975 9606.ENSP00000265395 159 0 0 87 0 0 0 199 
9606.ENSP00000258975 9606.ENSP00000357787 150 0 0 77 0 0 0 181 
9606.ENSP00000258975 9606.ENSP00000341938 167 0 0 0 0 0 0 167 
9606.ENSP00000258975 9606.ENSP00000276590 45 0 0 61 0 0 164 185 
9606.ENSP00000258975 9606.ENSP00000210444 230 0 0 0 0 0 0 230 
9606.ENSP00000258975 9606.ENSP00000269466 75 0 0 79 0 0 240 296 
9606.ENSP00000258975 9606.ENSP00000261434 203 0 0 0 0 0 0 203 
9606.ENSP00000258975 9606.ENSP00000298317 165 0 0 0 0 0 0 165 
9606.ENSP00000258975 9606.ENSP00000367923 82 0 0 85 0 0 266 329 
9606.ENSP00000258975 9606.ENSP00000370718 295 0 0 0 0 0 0 295 
9606.ENSP00000258975 9606.ENSP00000376886 78 0 0 62 0 0 135 186 
9606.ENSP00000258975 9606.ENSP00000368798 292 0 0 61 0 0 0 306 
9606.ENSP00000258975 9606.ENSP00000356905 111 0 0 0 133 0 0 196 
9606.ENSP00000258975 9606.ENSP00000354499 0 0 0 0 0 0 722 722 
9606.ENSP00000258975 9606.ENSP00000272067 204 0 0 0 0 0 0 204 
9606.ENSP00000258975 9606.ENSP00000345728 86 0 0 0 0 0 135 175 
9606.ENSP00000258975 9606.ENSP00000258455 48 0 0 120 0 0 108 187 
9606.ENSP00000258975 9606.ENSP00000361993 0 0 0 46 0 0 281 284 
9606.ENSP00000258975 9606.ENSP00000402038 161 0 0 62 50 0 256 369 
9606.ENSP00000258975 9606.ENSP00000366410 185 0 0 63 0 0 0 203 
9606.ENSP00000258975 9606.ENSP00000449544 78 0 0 145 0 0 0 177 
9606.ENSP00000258975 9606.ENSP00000382250 72 0 0 129 0 0 0 157 
9606.ENSP00000258975 9606.ENSP00000244571 179 0 0 85 0 0 243 382 
9606.ENSP00000258975 9606.ENSP00000329614 184 0 0 0 0 0 178 300 
9606.ENSP00000258975 9606.ENSP00000474560 0 0 0 0 0 0 173 173 
9606.ENSP00000258975 9606.ENSP00000333837 0 0 0 191 0 0 399 493 
9606.ENSP00000258975 9606.ENSP00000484903 0 0 0 62 0 0 157 175 
9606.ENSP00000258975 9606.ENSP00000357535 0 0 0 143 0 0 59 159 
9606.ENSP00000258975 9606.ENSP00000380466 0 0 0 86 0 0 163 203 
9606.ENSP00000258975 9606.ENSP00000377033 0 0 0 138 0 0 344 410 
9606.ENSP00000258975 9606.ENSP00000364883 0 0 0 0 0 0 466 466 
9606.ENSP00000258975 9606.ENSP00000482571 77 0 0 0 0 0 162 193 
9606.ENSP00000258975 9606.ENSP00000263578 0 0 0 0 0 0 469 469 
9606.ENSP00000258975 9606.ENSP00000251810 0 0 0 61 0 0 210 226 
9606.ENSP00000258975 9606.ENSP00000419665 0 0 0 94 0 0 148 195 
9606.ENSP00000258975 9606.ENSP00000281543 172 0 234 62 127 0 246 537 
9606.ENSP00000258975 9606.ENSP00000434516 196 0 0 61 0 0 62 230 
9606.ENSP00000258975 9606.ENSP00000373620 0 0 0 62 99 0 203 267 
9606.ENSP00000258975 9606.ENSP00000225174 72 0 0 130 0 0 163 265 
9606.ENSP00000258975 9606.ENSP00000430242 0 0 0 0 0 0 332 332 
9606.ENSP00000258975 9606.ENSP00000317376 52 0 0 117 0 0 138 215 
9606.ENSP00000258975 9606.ENSP00000168216 0 0 0 67 0 0 130 153 
9606.ENSP00000258975 9606.ENSP00000362803 72 0 0 110 0 0 59 154 
9606.ENSP00000258975 9606.ENSP00000365063 68 0 0 0 0 0 271 291 
9606.ENSP00000258975 9606.ENSP00000419370 295 0 0 114 0 0 329 544 
9606.ENSP00000258975 9606.ENSP00000316598 295 0 0 78 0 0 0 322 
9606.ENSP00000258975 9606.ENSP00000392985 155 0 0 104 0 0 295 419 
9606.ENSP00000258975 9606.ENSP00000355890 318 0 0 130 0 0 75 403 
9606.ENSP00000258975 9606.ENSP00000357218 167 0 0 77 0 0 169 305 
9606.ENSP00000258975 9606.ENSP00000379108 219 0 0 63 0 0 0 236 
9606.ENSP00000258975 9606.ENSP00000480091 60 0 0 62 0 0 114 151 
9606.ENSP00000258975 9606.ENSP00000217455 295 0 0 73 0 0 0 318 
9606.ENSP00000258975 9606.ENSP00000275072 190 0 0 0 0 0 0 190 
9606.ENSP00000258975 9606.ENSP00000455459 144 0 0 63 0 0 0 163 
9606.ENSP00000258975 9606.ENSP00000318602 152 0 0 58 0 0 0 167 
9606.ENSP00000258975 9606.ENSP00000378364 212 0 0 63 0 0 0 230 
9606.ENSP00000258975 9606.ENSP00000430706 185 0 0 64 86 0 0 241 
9606.ENSP00000258975 9606.ENSP00000328023 290 0 0 0 0 0 0 290 
9606.ENSP00000258975 9606.ENSP00000312649 0 0 0 0 0 0 234 234 
9606.ENSP00000258975 9606.ENSP00000421544 211 0 0 0 0 0 0 211 
9606.ENSP00000258975 9606.ENSP00000252102 0 0 0 42 0 0 409 409 
9606.ENSP00000258975 9606.ENSP00000386284 295 0 0 0 0 0 222 428 
9606.ENSP00000258975 9606.ENSP00000480313 195 0 0 0 0 0 0 195 
9606.ENSP00000258975 9606.ENSP00000463057 72 0 0 110 0 0 59 154 
9606.ENSP00000258975 9606.ENSP00000323929 0 0 0 0 0 0 421 421 
9606.ENSP00000258975 9606.ENSP00000272647 151 0 0 0 0 0 0 151 
9606.ENSP00000258975 9606.ENSP00000281081 46 0 0 64 0 0 150 175 
9606.ENSP00000258975 9606.ENSP00000256104 0 0 0 0 0 0 167 167 
9606.ENSP00000258975 9606.ENSP00000356218 0 0 0 61 0 0 141 158 
9606.ENSP00000258975 9606.ENSP00000259037 0 0 0 61 0 0 361 374 
9606.ENSP00000258975 9606.ENSP00000418661 163 0 0 64 0 0 0 183 
9606.ENSP00000258975 9606.ENSP00000379430 0 0 0 0 0 0 525 525 
9606.ENSP00000258975 9606.ENSP00000362381 0 0 0 0 0 0 182 182 
9606.ENSP00000258975 9606.ENSP00000305480 154 0 0 63 0 0 0 173 
9606.ENSP00000258975 9606.ENSP00000225969 289 0 0 82 0 0 0 319 
9606.ENSP00000258975 9606.ENSP00000296102 263 0 0 0 0 0 0 263 
9606.ENSP00000258975 9606.ENSP00000480378 0 0 0 0 0 0 496 496 
9606.ENSP00000258975 9606.ENSP00000325448 0 0 0 110 0 0 224 279 
9606.ENSP00000258975 9606.ENSP00000357804 0 0 0 0 0 0 201 201 
9606.ENSP00000258975 9606.ENSP00000279027 142 0 0 61 0 0 0 159 
9606.ENSP00000258975 9606.ENSP00000334553 72 0 0 110 0 0 59 154 
9606.ENSP00000258975 9606.ENSP00000362836 0 0 0 0 0 0 325 325 
9606.ENSP00000258975 9606.ENSP00000343398 284 0 0 0 0 0 0 284 
9606.ENSP00000258975 9606.ENSP00000354525 0 0 0 123 0 0 179 249 
9606.ENSP00000258975 9606.ENSP00000227474 127 0 0 61 0 0 136 229 
9606.ENSP00000258975 9606.ENSP00000335060 0 0 0 0 386 0 0 386 
9606.ENSP00000258975 9606.ENSP00000377878 0 0 0 0 0 0 173 173 
9606.ENSP00000258975 9606.ENSP00000316905 0 0 0 88 110 0 0 153 
9606.ENSP00000258975 9606.ENSP00000451818 284 0 0 64 0 0 188 408 
9606.ENSP00000258975 9606.ENSP00000316335 82 0 0 89 0 0 172 247 
9606.ENSP00000258975 9606.ENSP00000380467 215 0 0 0 0 0 0 215 
9606.ENSP00000258975 9606.ENSP00000226253 185 0 0 0 0 0 0 185 
9606.ENSP00000258975 9606.ENSP00000340523 185 0 0 63 0 0 0 203 
9606.ENSP00000258975 9606.ENSP00000261208 252 0 0 0 0 0 0 252 
9606.ENSP00000258975 9606.ENSP00000264451 243 0 0 87 0 0 0 279 
9606.ENSP00000258975 9606.ENSP00000367623 0 0 0 0 0 0 153 153 
9606.ENSP00000258975 9606.ENSP00000260665 0 0 0 72 0 0 702 712 
9606.ENSP00000258975 9606.ENSP00000295491 0 0 0 0 0 0 165 165 
9606.ENSP00000258975 9606.ENSP00000355471 0 0 0 0 0 0 498 498 
9606.ENSP00000258975 9606.ENSP00000280481 156 0 0 95 70 0 0 227 
9606.ENSP00000258975 9606.ENSP00000305449 167 0 0 0 0 0 0 167 
9606.ENSP00000258975 9606.ENSP00000358060 167 0 0 90 0 0 97 256 
9606.ENSP00000258975 9606.ENSP00000265594 79 0 0 144 0 0 0 177 
9606.ENSP00000258975 9606.ENSP00000376352 59 0 0 0 110 0 127 205 
9606.ENSP00000258975 9606.ENSP00000469836 0 0 0 61 0 0 274 289 
9606.ENSP00000258975 9606.ENSP00000288937 86 0 0 169 50 0 0 215 
9606.ENSP00000258975 9606.ENSP00000357873 0 0 0 73 0 0 219 246 
9606.ENSP00000258975 9606.ENSP00000434887 169 0 0 64 0 0 0 188 
9606.ENSP00000258975 9606.ENSP00000352678 0 0 0 54 0 0 350 358 
9606.ENSP00000258975 9606.ENSP00000354762 0 0 0 97 117 0 796 824 
9606.ENSP00000258975 9606.ENSP00000424544 0 0 0 0 0 0 179 179 
9606.ENSP00000258975 9606.ENSP00000374399 177 0 0 61 0 0 0 194 
9606.ENSP00000258975 9606.ENSP00000306397 189 0 0 70 0 0 143 298 
9606.ENSP00000258975 9606.ENSP00000304229 167 0 0 0 0 0 0 167 
9606.ENSP00000258975 9606.ENSP00000262584 0 0 0 113 0 0 107 174 
9606.ENSP00000258975 9606.ENSP00000450909 0 0 0 0 0 0 550 550 
9606.ENSP00000258975 9606.ENSP00000352401 212 0 0 0 0 0 0 212 
9606.ENSP00000258975 9606.ENSP00000291577 195 0 0 90 0 0 0 236 
9606.ENSP00000258975 9606.ENSP00000313877 78 0 0 186 0 0 627 695 
9606.ENSP00000258975 9606.ENSP00000377411 0 0 0 0 0 0 230 230 
9606.ENSP00000258975 9606.ENSP00000305696 0 0 0 61 0 0 266 281 
9606.ENSP00000258975 9606.ENSP00000291458 0 0 0 0 0 0 208 208 
9606.ENSP00000258975 9606.ENSP00000323047 76 0 0 61 0 0 193 239 
9606.ENSP00000258975 9606.ENSP00000371554 0 0 0 63 0 0 173 191 
9606.ENSP00000258975 9606.ENSP00000365837 127 0 0 67 0 0 705 739 
9606.ENSP00000258975 9606.ENSP00000384851 0 0 0 0 0 0 202 202 
9606.ENSP00000258975 9606.ENSP00000366939 0 0 0 0 0 0 702 702 
9606.ENSP00000258975 9606.ENSP00000312356 0 0 0 52 0 0 350 357 
9606.ENSP00000258975 9606.ENSP00000417480 167 0 0 61 0 0 0 184 
9606.ENSP00000258975 9606.ENSP00000353165 246 0 0 0 0 0 0 246 
9606.ENSP00000258975 9606.ENSP00000367203 161 0 0 61 0 0 0 178 
9606.ENSP00000258975 9606.ENSP00000349078 147 0 0 63 0 0 0 166 
9606.ENSP00000258975 9606.ENSP00000173527 219 0 0 0 0 0 0 219 
9606.ENSP00000258975 9606.ENSP00000365243 0 0 0 0 0 0 446 446 
9606.ENSP00000258975 9606.ENSP00000353270 161 0 0 0 50 0 0 168 
9606.ENSP00000258975 9606.ENSP00000321810 224 0 0 0 0 0 49 230 
9606.ENSP00000258975 9606.ENSP00000377696 111 0 0 77 133 0 0 226 
9606.ENSP00000258975 9606.ENSP00000468633 163 0 0 62 0 0 0 181 
9606.ENSP00000258975 9606.ENSP00000306220 0 0 0 62 0 0 356 370 
9606.ENSP00000258975 9606.ENSP00000363506 0 0 0 62 0 0 610 618 
9606.ENSP00000258975 9606.ENSP00000476672 212 0 0 0 0 0 0 212 
9606.ENSP00000258975 9606.ENSP00000345774 0 0 0 0 0 0 160 160 
9606.ENSP00000258975 9606.ENSP00000302896 120 0 0 64 0 0 57 155 
9606.ENSP00000258975 9606.ENSP00000262764 50 0 0 0 0 0 145 153 
9606.ENSP00000258975 9606.ENSP00000343885 219 0 0 64 79 0 0 267 
9606.ENSP00000258975 9606.ENSP00000356202 0 0 268 78 84 0 424 596 
9606.ENSP00000258975 9606.ENSP00000377374 161 0 0 0 50 0 0 168 
9606.ENSP00000258975 9606.ENSP00000406220 142 0 0 61 0 0 0 159 
9606.ENSP00000258975 9606.ENSP00000358033 147 0 0 64 0 0 60 183 
9606.ENSP00000258975 9606.ENSP00000308430 0 0 0 47 0 0 261 265 
9606.ENSP00000258975 9606.ENSP00000361057 0 0 0 49 0 0 315 320 
9606.ENSP00000258975 9606.ENSP00000260361 0 0 0 63 0 0 238 255 
9606.ENSP00000258975 9606.ENSP00000325136 54 0 0 0 0 0 201 211 
9606.ENSP00000258975 9606.ENSP00000280605 185 0 0 63 0 0 48 209 
9606.ENSP00000258975 9606.ENSP00000327323 169 0 0 64 0 0 0 188 
9606.ENSP00000258975 9606.ENSP00000359680 0 0 0 0 0 0 180 180 
9606.ENSP00000258975 9606.ENSP00000265333 0 0 0 51 0 0 206 214 
9606.ENSP00000258975 9606.ENSP00000263629 185 0 0 122 0 0 435 560 
9606.ENSP00000258975 9606.ENSP00000357807 0 0 0 0 0 0 201 201 
9606.ENSP00000258975 9606.ENSP00000385478 111 0 0 87 0 0 0 153 
9606.ENSP00000258975 9606.ENSP00000321259 163 0 0 0 0 0 0 163 
9606.ENSP00000258975 9606.ENSP00000261772 179 0 0 79 0 0 0 211 
9606.ENSP00000258975 9606.ENSP00000254630 0 0 0 61 0 0 584 592 
9606.ENSP00000258975 9606.ENSP00000360492 0 0 0 0 0 0 197 197 
9606.ENSP00000258975 9606.ENSP00000465930 146 0 0 45 0 0 50 157 
9606.ENSP00000258975 9606.ENSP00000288022 145 0 0 107 50 0 86 248 
9606.ENSP00000258975 9606.ENSP00000356985 0 0 0 0 0 0 154 154 
9606.ENSP00000258975 9606.ENSP00000332887 0 0 0 0 0 0 223 223 
9606.ENSP00000258975 9606.ENSP00000311984 295 0 0 52 0 0 0 303 
9606.ENSP00000258975 9606.ENSP00000358563 185 0 0 64 0 0 0 204 
9606.ENSP00000258975 9606.ENSP00000364320 0 0 0 143 0 0 104 199 
9606.ENSP00000258975 9606.ENSP00000443459 179 0 0 61 0 0 0 196 
9606.ENSP00000258975 9606.ENSP00000384952 0 0 0 132 0 0 69 158 
9606.ENSP00000258975 9606.ENSP00000321999 0 0 0 0 0 0 223 223 
9606.ENSP00000258975 9606.ENSP00000269143 167 0 0 116 0 0 326 461 
9606.ENSP00000258975 9606.ENSP00000262027 0 0 0 64 128 0 60 165 
9606.ENSP00000258975 9606.ENSP00000231572 162 0 0 62 56 0 92 236 
9606.ENSP00000258975 9606.ENSP00000292907 0 0 0 61 0 0 219 236 
9606.ENSP00000258975 9606.ENSP00000284727 0 0 0 0 0 0 173 173 
9606.ENSP00000258975 9606.ENSP00000326948 185 0 0 0 101 0 42 236 
9606.ENSP00000258975 9606.ENSP00000434515 0 0 0 0 0 0 336 336 
9606.ENSP00000258975 9606.ENSP00000354982 0 0 0 0 0 0 635 635 
9606.ENSP00000258975 9606.ENSP00000362463 175 0 0 54 0 0 0 186 
9606.ENSP00000258975 9606.ENSP00000278200 163 0 0 64 0 0 0 183 
9606.ENSP00000258975 9606.ENSP00000299697 162 0 0 62 0 0 0 180 
9606.ENSP00000258975 9606.ENSP00000315397 0 0 0 0 0 0 483 483 
9606.ENSP00000258975 9606.ENSP00000260970 72 0 0 110 0 0 59 154 
9606.ENSP00000258975 9606.ENSP00000368062 0 0 0 64 0 0 279 296 
9606.ENSP00000258975 9606.ENSP00000370013 0 0 0 0 0 0 538 538 
9606.ENSP00000258975 9606.ENSP00000301329 175 0 0 54 0 0 0 186 
9606.ENSP00000258975 9606.ENSP00000479488 51 0 0 221 0 0 106 282 
9606.ENSP00000258975 9606.ENSP00000242257 185 0 0 61 0 0 140 284 
9606.ENSP00000258975 9606.ENSP00000378854 164 0 0 0 0 0 81 198 
9606.ENSP00000258975 9606.ENSP00000264995 0 0 0 115 0 0 349 399 
9606.ENSP00000258975 9606.ENSP00000339933 194 0 0 63 0 0 132 287 
9606.ENSP00000258975 9606.ENSP00000215565 0 0 0 72 0 0 225 251 
9606.ENSP00000258975 9606.ENSP00000369383 0 0 0 61 0 0 335 349 
9606.ENSP00000258975 9606.ENSP00000363988 185 0 0 0 0 0 0 185 
9606.ENSP00000258975 9606.ENSP00000219479 78 0 0 62 0 0 101 154 
9606.ENSP00000258975 9606.ENSP00000362153 76 0 0 61 0 0 106 157 
9606.ENSP00000258975 9606.ENSP00000368927 274 0 0 80 0 0 43 304 
9606.ENSP00000258975 9606.ENSP00000322524 277 0 0 102 0 0 0 322 
9606.ENSP00000258975 9606.ENSP00000284202 295 0 0 0 0 0 0 295 
9606.ENSP00000258975 9606.ENSP00000325562 0 0 0 45 0 0 267 270 
9606.ENSP00000258975 9606.ENSP00000473036 183 0 0 0 0 0 56 195 
9606.ENSP00000258975 9606.ENSP00000252711 162 0 0 69 0 0 0 187 
9606.ENSP00000258975 9606.ENSP00000306561 195 0 0 0 0 0 0 195 
9606.ENSP00000258975 9606.ENSP00000281456 0 0 0 0 0 0 165 165 
9606.ENSP00000258975 9606.ENSP00000306614 72 0 0 110 0 0 59 154 
9606.ENSP00000258975 9606.ENSP00000354468 0 0 0 61 0 0 141 158 
9606.ENSP00000258975 9606.ENSP00000446743 50 0 0 0 0 0 173 180 
9606.ENSP00000258975 9606.ENSP00000369134 52 0 0 61 0 0 476 493 
9606.ENSP00000258975 9606.ENSP00000401508 196 0 0 0 0 0 0 196 
9606.ENSP00000258975 9606.ENSP00000401115 0 0 0 0 0 0 418 418 
9606.ENSP00000258975 9606.ENSP00000282276 0 0 0 138 128 0 183 332 
9606.ENSP00000258975 9606.ENSP00000311766 0 0 0 64 0 0 279 296 
9606.ENSP00000258975 9606.ENSP00000373331 165 0 0 0 0 0 0 165 
9606.ENSP00000258975 9606.ENSP00000233627 79 0 0 108 0 0 433 493 
9606.ENSP00000258975 9606.ENSP00000262570 0 0 0 47 0 0 335 339 
9606.ENSP00000258975 9606.ENSP00000392094 88 0 0 109 0 0 127 228 
9606.ENSP00000258975 9606.ENSP00000265191 78 0 0 62 0 0 101 154 
9606.ENSP00000258975 9606.ENSP00000468690 214 0 0 0 0 0 42 214 
9606.ENSP00000258975 9606.ENSP00000257347 153 0 0 81 0 0 0 188 
9606.ENSP00000258975 9606.ENSP00000355889 146 0 0 116 0 0 0 213 
9606.ENSP00000258975 9606.ENSP00000229238 0 0 0 62 0 0 497 508 
9606.ENSP00000258975 9606.ENSP00000343657 218 0 0 89 0 0 0 257 
9606.ENSP00000258975 9606.ENSP00000333019 187 0 0 64 0 0 0 206 
9606.ENSP00000258975 9606.ENSP00000281828 219 0 0 63 0 0 0 236 
9606.ENSP00000258975 9606.ENSP00000453129 146 0 0 0 0 0 50 154 
9606.ENSP00000258975 9606.ENSP00000446252 157 0 0 64 0 0 0 177 
9606.ENSP00000258975 9606.ENSP00000258955 268 0 0 0 0 0 0 268 
9606.ENSP00000258975 9606.ENSP00000222286 183 0 0 0 0 0 56 195 
9606.ENSP00000258975 9606.ENSP00000444433 0 0 0 58 0 0 638 645 
9606.ENSP00000258975 9606.ENSP00000264193 295 0 0 63 0 0 94 349 
9606.ENSP00000258975 9606.ENSP00000390265 169 0 0 0 0 0 418 496 
9606.ENSP00000258975 9606.ENSP00000360577 0 0 0 0 0 0 319 319 
9606.ENSP00000258975 9606.ENSP00000416658 78 0 0 67 0 0 101 159 
9606.ENSP00000258975 9606.ENSP00000288050 160 0 0 98 0 0 0 210 
9606.ENSP00000258975 9606.ENSP00000306344 0 0 0 0 0 0 323 323 
9606.ENSP00000258975 9606.ENSP00000366006 197 0 0 86 0 0 0 234 
9606.ENSP00000258975 9606.ENSP00000440594 111 0 0 0 133 0 0 196 
9606.ENSP00000258975 9606.ENSP00000268124 133 0 0 0 0 0 221 295 
9606.ENSP00000258975 9606.ENSP00000354961 111 0 0 0 0 0 267 320 
9606.ENSP00000258975 9606.ENSP00000312599 0 0 0 0 0 0 321 321 
9606.ENSP00000258975 9606.ENSP00000360270 50 0 0 0 0 0 161 169 
9606.ENSP00000258975 9606.ENSP00000361042 0 0 0 59 0 0 755 760 
9606.ENSP00000258975 9606.ENSP00000261336 0 0 0 0 0 0 311 311 
9606.ENSP00000258975 9606.ENSP00000368165 0 0 0 0 0 0 420 420 
9606.ENSP00000258975 9606.ENSP00000287025 0 0 0 0 0 0 393 393 
9606.ENSP00000258975 9606.ENSP00000299698 0 0 0 0 0 0 202 202 
9606.ENSP00000258975 9606.ENSP00000309142 0 0 0 0 0 0 169 169 
9606.ENSP00000258975 9606.ENSP00000418438 0 0 0 0 0 0 165 165 
9606.ENSP00000258975 9606.ENSP00000315774 126 0 0 88 0 0 424 500 
9606.ENSP00000258975 9606.ENSP00000356785 78 0 0 62 0 0 101 154 
9606.ENSP00000258975 9606.ENSP00000419045 121 0 0 0 0 0 83 160 
9606.ENSP00000258975 9606.ENSP00000326671 173 0 0 0 0 0 0 173 
9606.ENSP00000258975 9606.ENSP00000321260 0 0 0 0 0 0 223 223 
9606.ENSP00000258975 9606.ENSP00000254799 0 0 0 45 0 0 445 447 
9606.ENSP00000258975 9606.ENSP00000402661 0 0 0 77 0 0 404 426 
9606.ENSP00000258975 9606.ENSP00000199320 0 0 0 0 0 0 173 173 
9606.ENSP00000258975 9606.ENSP00000323288 166 0 0 93 0 0 0 211 
9606.ENSP00000258975 9606.ENSP00000355046 68 0 0 0 0 0 350 368 
9606.ENSP00000258975 9606.ENSP00000386485 0 0 0 0 0 0 349 349 
9606.ENSP00000258975 9606.ENSP00000354152 185 0 0 0 0 0 0 185 
9606.ENSP00000258975 9606.ENSP00000233202 212 0 0 63 0 0 0 230 
9606.ENSP00000258975 9606.ENSP00000355506 154 0 0 61 0 0 0 171 
9606.ENSP00000258975 9606.ENSP00000085068 219 0 0 60 0 0 0 234 
9606.ENSP00000258975 9606.ENSP00000369291 0 0 0 61 0 0 420 432 
9606.ENSP00000258975 9606.ENSP00000317780 0 0 0 110 0 0 251 306 
9606.ENSP00000258975 9606.ENSP00000354608 219 0 0 0 0 0 0 219 
9606.ENSP00000258975 9606.ENSP00000258874 185 0 0 0 0 0 0 185 
9606.ENSP00000258975 9606.ENSP00000247815 193 0 0 0 0 0 0 193 
9606.ENSP00000258975 9606.ENSP00000304467 156 0 0 63 70 0 0 200 
9606.ENSP00000258975 9606.ENSP00000362344 271 0 0 64 0 0 0 288 
9606.ENSP00000258975 9606.ENSP00000229239 183 0 0 0 393 0 56 490 
9606.ENSP00000258975 9606.ENSP00000392709 53 0 0 75 0 0 390 419 
9606.ENSP00000258975 9606.ENSP00000455026 166 0 0 63 0 0 0 185 
9606.ENSP00000258975 9606.ENSP00000377617 219 0 0 63 0 0 0 236 
9606.ENSP00000258975 9606.ENSP00000423600 0 0 0 0 0 0 212 212 
9606.ENSP00000258975 9606.ENSP00000387262 0 0 0 42 0 0 153 154 
9606.ENSP00000258975 9606.ENSP00000324775 0 0 0 0 0 0 704 704 
9606.ENSP00000258975 9606.ENSP00000360938 160 0 0 81 0 0 0 195 
9606.ENSP00000258975 9606.ENSP00000354632 46 0 0 63 0 0 432 448 
9606.ENSP00000258975 9606.ENSP00000302543 0 0 0 0 0 0 216 216 
9606.ENSP00000258975 9606.ENSP00000205214 196 0 0 0 0 0 0 196 
9606.ENSP00000258975 9606.ENSP00000452697 163 0 0 62 0 0 0 181 
9606.ENSP00000258975 9606.ENSP00000354813 68 0 0 0 0 0 354 372 
9606.ENSP00000258975 9606.ENSP00000473384 154 0 0 61 0 0 0 171 
9606.ENSP00000258975 9606.ENSP00000353826 179 0 0 66 0 0 371 476 
9606.ENSP00000258975 9606.ENSP00000387710 167 0 0 64 0 0 97 234 
9606.ENSP00000258975 9606.ENSP00000440915 0 0 0 46 0 0 231 235 
9606.ENSP00000258975 9606.ENSP00000396673 185 0 0 0 0 0 42 185 
9606.ENSP00000258975 9606.ENSP00000217456 164 0 0 49 0 0 0 170 
9606.ENSP00000258975 9606.ENSP00000400513 0 0 0 0 0 0 517 517 
9606.ENSP00000258975 9606.ENSP00000446524 0 0 0 0 110 0 732 751 
9606.ENSP00000258975 9606.ENSP00000301761 0 0 0 0 0 0 169 169 
9606.ENSP00000258975 9606.ENSP00000305995 219 0 0 97 0 0 0 264 
9606.ENSP00000258975 9606.ENSP00000309565 0 0 0 89 0 0 165 207 
9606.ENSP00000258975 9606.ENSP00000361206 0 0 0 120 0 0 166 234 
9606.ENSP00000258975 9606.ENSP00000229633 167 0 0 53 0 0 0 177 
9606.ENSP00000258975 9606.ENSP00000423190 231 0 0 0 0 0 0 231 
9606.ENSP00000258975 9606.ENSP00000313670 0 0 0 0 0 0 414 414 
9606.ENSP00000258975 9606.ENSP00000428895 0 0 0 46 0 0 208 212 
9606.ENSP00000258975 9606.ENSP00000369618 0 0 0 0 0 0 383 383 
9606.ENSP00000258975 9606.ENSP00000360268 206 0 0 64 0 0 80 257 
9606.ENSP00000258975 9606.ENSP00000365777 267 0 0 51 0 0 0 274 
9606.ENSP00000258975 9606.ENSP00000019103 0 0 0 0 0 0 212 212 
9606.ENSP00000258975 9606.ENSP00000303754 72 0 0 110 0 0 73 167 
9606.ENSP00000258975 9606.ENSP00000285737 179 0 0 49 0 0 206 325 
9606.ENSP00000258975 9606.ENSP00000359098 0 0 0 42 0 0 151 152 
9606.ENSP00000258975 9606.ENSP00000355493 187 0 0 64 0 0 0 206 
9606.ENSP00000258975 9606.ENSP00000310873 60 0 0 62 0 0 205 237 
9606.ENSP00000258975 9606.ENSP00000081029 0 0 0 64 0 0 201 220 
9606.ENSP00000258975 9606.ENSP00000450353 231 0 0 61 0 0 59 261 
9606.ENSP00000258975 9606.ENSP00000423399 242 0 0 82 127 0 159 420 
9606.ENSP00000258975 9606.ENSP00000480476 0 0 0 0 158 0 0 158 
9606.ENSP00000258975 9606.ENSP00000332340 60 0 0 61 0 0 726 737 
9606.ENSP00000258975 9606.ENSP00000348064 203 0 0 0 0 0 0 203 
9606.ENSP00000258975 9606.ENSP00000222553 196 0 0 0 0 0 0 196 
9606.ENSP00000258975 9606.ENSP00000456609 0 0 0 0 0 0 153 153 
9606.ENSP00000258975 9606.ENSP00000400646 164 0 0 69 0 0 277 389 
9606.ENSP00000258975 9606.ENSP00000336702 185 0 0 64 86 0 0 241 
9606.ENSP00000258975 9606.ENSP00000371886 215 0 0 0 0 0 0 215 
9606.ENSP00000258975 9606.ENSP00000299432 0 0 0 0 0 0 774 774 
9606.ENSP00000258975 9606.ENSP00000420588 0 0 0 63 0 0 343 358 
9606.ENSP00000258975 9606.ENSP00000405620 46 0 0 0 0 0 428 431 
9606.ENSP00000258975 9606.ENSP00000292478 0 0 0 0 0 0 753 753 
9606.ENSP00000258975 9606.ENSP00000362144 0 0 0 61 0 0 197 214 
9606.ENSP00000258975 9606.ENSP00000272847 0 0 0 0 0 0 173 173 
9606.ENSP00000258975 9606.ENSP00000357973 117 0 0 61 0 0 232 308 
9606.ENSP00000258975 9606.ENSP00000379218 0 0 0 0 0 0 410 410 
9606.ENSP00000258975 9606.ENSP00000261070 0 0 0 45 0 0 341 344 
9606.ENSP00000258975 9606.ENSP00000271620 142 0 0 65 0 0 0 163 
9606.ENSP00000258975 9606.ENSP00000407112 250 0 0 63 0 0 100 312 
9606.ENSP00000258975 9606.ENSP00000377616 0 0 0 0 0 0 721 721 
9606.ENSP00000258975 9606.ENSP00000431186 0 0 0 0 0 0 554 554 
9606.ENSP00000258975 9606.ENSP00000264932 0 0 0 54 0 0 414 422 
9606.ENSP00000258975 9606.ENSP00000333667 219 0 0 85 0 0 0 254 
9606.ENSP00000258975 9606.ENSP00000439444 72 0 0 110 0 0 59 154 
9606.ENSP00000258975 9606.ENSP00000378350 179 0 0 79 0 0 0 211 
9606.ENSP00000258975 9606.ENSP00000417190 0 0 0 0 0 0 375 375 
9606.ENSP00000258975 9606.ENSP00000483491 180 0 0 64 0 0 461 550 
9606.ENSP00000258975 9606.ENSP00000449328 0 0 0 110 0 0 104 168 
9606.ENSP00000258975 9606.ENSP00000373404 0 0 0 113 0 0 173 235 
9606.ENSP00000258975 9606.ENSP00000254846 161 0 0 61 0 0 0 178 
9606.ENSP00000258975 9606.ENSP00000357480 216 0 0 77 122 0 0 309 
9606.ENSP00000258975 9606.ENSP00000391747 45 0 0 0 0 0 271 274 
9606.ENSP00000258975 9606.ENSP00000362413 219 0 0 97 0 0 0 264 
9606.ENSP00000258975 9606.ENSP00000369897 153 0 0 81 0 0 0 188 
9606.ENSP00000258975 9606.ENSP00000261643 0 0 0 64 0 0 820 825 
9606.ENSP00000258975 9606.ENSP00000265881 0 0 0 93 0 0 125 172 
9606.ENSP00000258975 9606.ENSP00000417580 295 0 0 51 0 0 315 501 
9606.ENSP00000258975 9606.ENSP00000373918 51 0 0 0 0 0 204 212 
9606.ENSP00000258975 9606.ENSP00000360147 167 0 0 0 0 0 59 182 
9606.ENSP00000258975 9606.ENSP00000254878 227 0 0 62 0 0 85 278 
9606.ENSP00000258975 9606.ENSP00000433126 81 0 0 0 0 0 322 350 
9606.ENSP00000258975 9606.ENSP00000458762 155 0 0 63 0 0 55 186 
9606.ENSP00000258975 9606.ENSP00000281243 0 0 0 0 0 0 277 277 
9606.ENSP00000258975 9606.ENSP00000452549 167 0 0 0 0 0 65 187 
9606.ENSP00000258975 9606.ENSP00000228318 0 0 0 0 0 0 223 223 
9606.ENSP00000258975 9606.ENSP00000370372 156 0 0 63 70 0 0 200 
9606.ENSP00000258975 9606.ENSP00000318318 177 0 0 64 0 0 0 196 
9606.ENSP00000258975 9606.ENSP00000377446 169 0 0 83 0 0 146 292 
9606.ENSP00000258975 9606.ENSP00000476140 0 0 0 0 0 0 254 254 
9606.ENSP00000258975 9606.ENSP00000356978 214 0 0 0 0 0 0 214 
9606.ENSP00000258975 9606.ENSP00000377954 194 0 0 79 0 0 57 238 
9606.ENSP00000258975 9606.ENSP00000358549 162 0 0 62 56 0 469 554 
9606.ENSP00000258975 9606.ENSP00000320503 167 0 0 0 0 0 65 187 
9606.ENSP00000258975 9606.ENSP00000216121 0 0 0 258 0 0 0 258 
9606.ENSP00000258975 9606.ENSP00000349124 0 0 0 61 0 0 339 353 
9606.ENSP00000258975 9606.ENSP00000417656 0 0 0 0 0 0 316 316 
9606.ENSP00000258975 9606.ENSP00000284320 0 0 0 87 0 0 314 348 
9606.ENSP00000258975 9606.ENSP00000236959 224 0 0 88 0 0 173 363 
9606.ENSP00000258975 9606.ENSP00000295822 185 0 0 64 86 0 0 241 
9606.ENSP00000258975 9606.ENSP00000307940 88 0 0 109 0 0 127 228 
9606.ENSP00000258975 9606.ENSP00000347919 0 0 0 64 0 0 162 182 
9606.ENSP00000258975 9606.ENSP00000352513 0 0 0 0 0 0 299 299 
9606.ENSP00000258975 9606.ENSP00000419038 88 0 226 148 0 0 639 754 
9606.ENSP00000258975 9606.ENSP00000299166 0 0 0 93 0 0 332 368 
9606.ENSP00000258975 9606.ENSP00000418770 181 0 0 0 0 0 0 181 
9606.ENSP00000258975 9606.ENSP00000322439 0 0 0 121 0 0 490 532 
9606.ENSP00000258975 9606.ENSP00000268057 44 0 0 0 0 0 154 156 
9606.ENSP00000258975 9606.ENSP00000262507 0 0 0 53 0 0 401 408 
9606.ENSP00000258975 9606.ENSP00000354580 284 0 0 81 0 0 0 313 
9606.ENSP00000258975 9606.ENSP00000263985 0 0 0 158 0 0 143 247 
9606.ENSP00000258975 9606.ENSP00000328174 193 0 0 0 0 0 0 193 
9606.ENSP00000258975 9606.ENSP00000355566 0 0 0 0 0 0 254 254 
9606.ENSP00000258975 9606.ENSP00000393845 72 0 0 110 0 0 59 154 
9606.ENSP00000258975 9606.ENSP00000342676 0 0 0 77 103 0 131 218 
9606.ENSP00000258975 9606.ENSP00000358931 185 0 0 63 0 0 48 209 
9606.ENSP00000258975 9606.ENSP00000349147 167 0 0 0 0 0 0 167 
9606.ENSP00000258975 9606.ENSP00000463393 0 0 0 68 387 0 0 404 
9606.ENSP00000258975 9606.ENSP00000219150 71 0 0 0 0 0 178 204 
9606.ENSP00000258975 9606.ENSP00000364649 0 0 0 67 0 0 272 292 
9606.ENSP00000258975 9606.ENSP00000406327 0 0 0 0 0 0 685 685 
9606.ENSP00000258975 9606.ENSP00000361465 74 0 0 98 0 0 114 196 
9606.ENSP00000258975 9606.ENSP00000354554 194 0 0 0 0 0 554 625 
9606.ENSP00000258975 9606.ENSP00000220669 0 0 0 0 0 0 347 347 
9606.ENSP00000258975 9606.ENSP00000443291 196 0 0 0 0 0 0 196 
9606.ENSP00000258975 9606.ENSP00000464814 202 0 0 77 0 0 0 231 
9606.ENSP00000258975 9606.ENSP00000261296 158 0 0 62 0 0 0 176 
9606.ENSP00000258975 9606.ENSP00000362036 293 0 0 152 0 0 530 693 
9606.ENSP00000258975 9606.ENSP00000370150 258 0 0 58 0 0 0 271 
9606.ENSP00000258975 9606.ENSP00000386597 264 0 0 0 0 0 0 264 
9606.ENSP00000258975 9606.ENSP00000304410 0 0 0 0 0 0 410 410 
9606.ENSP00000258975 9606.ENSP00000479130 73 0 0 112 0 0 54 153 
9606.ENSP00000258975 9606.ENSP00000229379 0 0 0 0 0 0 446 446 
9606.ENSP00000258975 9606.ENSP00000260270 78 0 0 61 0 0 173 221 
9606.ENSP00000258975 9606.ENSP00000308515 202 0 0 0 0 0 0 202 
9606.ENSP00000258975 9606.ENSP00000354204 0 0 0 0 0 0 173 173 
9606.ENSP00000258975 9606.ENSP00000305682 167 0 0 64 0 0 97 234 
9606.ENSP00000258975 9606.ENSP00000485206 72 0 0 110 0 0 59 154 
9606.ENSP00000258975 9606.ENSP00000258105 0 0 0 0 0 0 272 272 
9606.ENSP00000258975 9606.ENSP00000398882 256 0 0 0 0 0 0 256 
9606.ENSP00000258975 9606.ENSP00000367938 0 0 0 0 0 0 246 246 
9606.ENSP00000258975 9606.ENSP00000273588 160 0 0 81 0 0 0 195 
9606.ENSP00000258975 9606.ENSP00000323076 0 0 0 0 0 0 313 313 
9606.ENSP00000258975 9606.ENSP00000428845 0 0 0 0 0 0 226 226 
9606.ENSP00000258975 9606.ENSP00000368030 0 0 0 87 0 0 279 313 
9606.ENSP00000258975 9606.ENSP00000253233 0 0 0 78 84 0 575 610 
9606.ENSP00000258975 9606.ENSP00000216714 215 0 0 0 0 0 114 274 
9606.ENSP00000258975 9606.ENSP00000268206 88 0 0 109 0 0 127 228 
9606.ENSP00000258975 9606.ENSP00000268379 0 0 0 66 0 0 334 352 
9606.ENSP00000258975 9606.ENSP00000378669 185 0 0 0 0 0 0 185 
9606.ENSP00000258975 9606.ENSP00000354665 0 0 0 0 0 0 353 353 
9606.ENSP00000258975 9606.ENSP00000268704 167 0 0 87 0 0 227 361 
9606.ENSP00000258975 9606.ENSP00000258770 0 0 0 59 0 0 296 309 
9606.ENSP00000258975 9606.ENSP00000283195 72 0 0 110 0 0 59 154 
9606.ENSP00000258975 9606.ENSP00000355206 79 0 0 0 0 0 355 380 
9606.ENSP00000258975 9606.ENSP00000362208 72 0 0 98 0 0 67 150 
9606.ENSP00000258975 9606.ENSP00000320171 194 0 0 63 0 0 207 348 
9606.ENSP00000258975 9606.ENSP00000439065 44 0 0 0 0 0 173 175 
9606.ENSP00000258975 9606.ENSP00000359859 219 0 0 63 0 0 248 402 
9606.ENSP00000258975 9606.ENSP00000296658 0 0 0 61 0 0 370 383 
9606.ENSP00000258975 9606.ENSP00000366800 0 0 0 0 79 0 416 439 
9606.ENSP00000258975 9606.ENSP00000362268 0 0 0 0 0 0 171 171 
9606.ENSP00000258975 9606.ENSP00000368414 0 0 0 0 0 0 236 236 
9606.ENSP00000258975 9606.ENSP00000350267 0 0 0 0 0 0 243 243 
9606.ENSP00000258975 9606.ENSP00000420682 219 0 0 0 0 0 0 219 
9606.ENSP00000258975 9606.ENSP00000441875 51 0 0 100 0 0 90 155 
9606.ENSP00000258975 9606.ENSP00000457513 0 0 0 81 0 0 380 406 
9606.ENSP00000258975 9606.ENSP00000246554 0 0 0 0 0 0 679 679 
9606.ENSP00000258975 9606.ENSP00000437041 0 0 0 61 0 0 141 158 
9606.ENSP00000258975 9606.ENSP00000326424 295 0 0 0 171 0 0 390 
9606.ENSP00000258975 9606.ENSP00000360850 76 0 0 156 0 0 111 246 
9606.ENSP00000258975 9606.ENSP00000297354 0 0 0 0 0 0 325 325 
9606.ENSP00000258975 9606.ENSP00000425634 111 0 0 113 0 0 52 187 
9606.ENSP00000258975 9606.ENSP00000372326 44 0 0 132 0 0 127 212 
9606.ENSP00000258975 9606.ENSP00000354612 0 0 0 0 0 0 150 150 
9606.ENSP00000258975 9606.ENSP00000373176 203 0 0 71 0 0 287 426 
9606.ENSP00000258975 9606.ENSP00000345445 0 0 0 152 0 0 58 167 
9606.ENSP00000258975 9606.ENSP00000384966 163 0 0 62 0 0 0 181 
9606.ENSP00000258975 9606.ENSP00000303057 72 0 0 110 0 0 59 154 
9606.ENSP00000258975 9606.ENSP00000016171 0 0 0 64 0 0 826 830 
9606.ENSP00000258975 9606.ENSP00000337445 75 0 0 79 0 0 534 568 
9606.ENSP00000258975 9606.ENSP00000245539 0 0 233 355 0 0 285 615 
9606.ENSP00000258975 9606.ENSP00000381736 84 0 0 63 0 0 194 248 
9606.ENSP00000258975 9606.ENSP00000306080 44 0 0 161 0 0 409 484 
9606.ENSP00000258975 9606.ENSP00000270142 0 0 0 63 0 0 233 251 
9606.ENSP00000258975 9606.ENSP00000322450 0 0 0 116 0 0 425 470 
9606.ENSP00000258975 9606.ENSP00000476228 70 0 0 88 0 0 112 181 
9606.ENSP00000258975 9606.ENSP00000419027 218 0 0 116 0 0 0 279 
9606.ENSP00000258975 9606.ENSP00000394863 219 0 0 0 0 0 0 219 
9606.ENSP00000258975 9606.ENSP00000389160 0 0 0 0 0 0 210 210 
9606.ENSP00000258975 9606.ENSP00000370460 72 0 0 110 0 0 59 154 
9606.ENSP00000258975 9606.ENSP00000389813 317 0 0 61 0 0 0 331 
9606.ENSP00000258975 9606.ENSP00000442563 51 0 0 0 0 0 701 704 
9606.ENSP00000258975 9606.ENSP00000380692 0 0 0 63 0 0 166 185 
9606.ENSP00000258975 9606.ENSP00000318868 219 0 0 0 0 0 0 219 
9606.ENSP00000258975 9606.ENSP00000279242 0 0 0 61 0 0 533 543 
9606.ENSP00000258975 9606.ENSP00000289371 185 0 0 89 0 0 401 516 
9606.ENSP00000258975 9606.ENSP00000465759 0 0 0 46 0 0 500 503 
9606.ENSP00000258975 9606.ENSP00000408526 210 0 0 64 0 0 0 228 
9606.ENSP00000258975 9606.ENSP00000395196 0 0 0 65 0 0 176 196 
9606.ENSP00000258975 9606.ENSP00000397881 0 0 0 0 0 0 320 320 
9606.ENSP00000258975 9606.ENSP00000413908 167 0 0 79 0 0 485 570 
9606.ENSP00000258975 9606.ENSP00000319501 269 0 0 0 0 0 0 269 
9606.ENSP00000258975 9606.ENSP00000355265 0 0 0 0 0 0 313 313 
9606.ENSP00000258975 9606.ENSP00000272418 0 0 0 63 97 0 212 275 
9606.ENSP00000258975 9606.ENSP00000237889 0 0 0 49 0 0 216 223 
9606.ENSP00000258975 9606.ENSP00000355572 0 0 0 0 0 0 529 529 
9606.ENSP00000258975 9606.ENSP00000371607 156 0 0 95 70 0 0 227 
9606.ENSP00000258975 9606.ENSP00000341885 0 0 0 63 97 0 196 260 
9606.ENSP00000258975 9606.ENSP00000425261 180 0 0 64 0 0 639 699 
9606.ENSP00000258975 9606.ENSP00000274813 161 0 0 47 0 0 0 166 
9606.ENSP00000258975 9606.ENSP00000355741 68 0 0 83 0 0 237 291 
9606.ENSP00000258975 9606.ENSP00000259667 167 0 0 0 0 0 0 167 
9606.ENSP00000258975 9606.ENSP00000219302 78 0 0 96 0 0 101 185 
9606.ENSP00000258975 9606.ENSP00000367890 290 0 0 0 0 0 95 329 
9606.ENSP00000258975 9606.ENSP00000254616 0 0 0 0 0 0 346 346 
9606.ENSP00000258975 9606.ENSP00000250237 219 0 0 0 0 0 0 219 
9606.ENSP00000258975 9606.ENSP00000280701 57 0 0 98 0 0 117 183 
9606.ENSP00000258975 9606.ENSP00000243167 185 0 0 64 0 0 0 204 
9606.ENSP00000258975 9606.ENSP00000361337 0 0 0 0 0 0 155 155 
9606.ENSP00000258975 9606.ENSP00000244217 175 0 0 54 0 0 0 186 
9606.ENSP00000258975 9606.ENSP00000264230 76 0 0 63 0 0 411 446 
9606.ENSP00000258975 9606.ENSP00000300026 72 0 0 110 0 0 59 154 
9606.ENSP00000258975 9606.ENSP00000330730 0 0 0 0 0 0 621 621 
9606.ENSP00000258975 9606.ENSP00000405573 214 0 0 0 0 0 42 214 
9606.ENSP00000258975 9606.ENSP00000219066 198 0 0 61 0 0 0 214 
9606.ENSP00000258975 9606.ENSP00000339720 0 0 0 0 0 0 362 362 
9606.ENSP00000258975 9606.ENSP00000441000 89 0 0 86 0 0 160 239 
9606.ENSP00000258975 9606.ENSP00000337060 78 0 0 109 0 0 135 228 
9606.ENSP00000258975 9606.ENSP00000322316 0 0 0 68 0 0 172 195 
9606.ENSP00000258975 9606.ENSP00000264220 263 0 0 0 0 0 0 263 
9606.ENSP00000258975 9606.ENSP00000272342 0 0 0 0 0 0 232 232 
9606.ENSP00000258975 9606.ENSP00000255189 160 0 0 81 0 0 0 195 
9606.ENSP00000258975 9606.ENSP00000229270 215 0 0 0 0 0 56 227 
9606.ENSP00000258975 9606.ENSP00000367615 295 0 0 0 0 0 0 295 
9606.ENSP00000258975 9606.ENSP00000463419 72 0 0 110 0 0 59 154 
9606.ENSP00000258975 9606.ENSP00000264380 0 0 0 0 0 0 203 203 
9606.ENSP00000258975 9606.ENSP00000377814 295 0 0 63 0 0 0 311 
9606.ENSP00000258975 9606.ENSP00000419851 114 0 0 63 0 0 63 154 
9606.ENSP00000258975 9606.ENSP00000367346 74 0 0 0 0 0 445 464 
9606.ENSP00000258975 9606.ENSP00000416583 295 0 0 0 0 0 0 295 
9606.ENSP00000258975 9606.ENSP00000358272 0 0 0 0 0 0 308 308 
9606.ENSP00000258975 9606.ENSP00000264065 126 0 0 53 79 0 50 178 
9606.ENSP00000258975 9606.ENSP00000305653 0 0 0 61 0 0 498 509 
9606.ENSP00000258975 9606.ENSP00000368318 127 0 0 61 0 0 136 229 
9606.ENSP00000258975 9606.ENSP00000216605 217 0 0 0 0 0 0 217 
9606.ENSP00000258975 9606.ENSP00000481559 44 0 0 82 0 0 185 222 
9606.ENSP00000258975 9606.ENSP00000245816 285 0 233 136 0 0 130 533 
9606.ENSP00000258975 9606.ENSP00000472985 0 0 0 196 0 0 50 203 
9606.ENSP00000258975 9606.ENSP00000270570 173 0 0 0 0 0 0 173 
9606.ENSP00000258975 9606.ENSP00000315693 0 0 0 0 0 0 271 271 
9606.ENSP00000258975 9606.ENSP00000349658 167 0 0 0 0 0 59 182 
9606.ENSP00000258975 9606.ENSP00000304226 0 0 0 0 0 0 327 327 
9606.ENSP00000258975 9606.ENSP00000287713 185 0 0 63 0 0 0 203 
9606.ENSP00000258975 9606.ENSP00000258424 0 0 0 77 0 0 208 238 
9606.ENSP00000258975 9606.ENSP00000281317 165 0 0 0 0 0 0 165 
9606.ENSP00000258975 9606.ENSP00000408005 0 0 0 0 386 0 0 386 
