9606.ENSP00000375872 9606.ENSP00000299767 0 0 0 0 0 0 213 213 
9606.ENSP00000375872 9606.ENSP00000290200 0 0 0 0 0 0 258 258 
9606.ENSP00000375872 9606.ENSP00000272298 0 0 0 0 185 0 89 225 
9606.ENSP00000375872 9606.ENSP00000376134 0 0 0 63 0 0 187 205 
9606.ENSP00000375872 9606.ENSP00000401445 0 0 0 0 57 0 292 303 
9606.ENSP00000375872 9606.ENSP00000441691 0 0 0 0 0 0 161 161 
9606.ENSP00000375872 9606.ENSP00000295688 0 0 0 0 311 0 0 311 
9606.ENSP00000375872 9606.ENSP00000218548 0 0 0 62 0 0 165 183 
9606.ENSP00000375872 9606.ENSP00000327801 0 0 0 63 0 0 215 233 
9606.ENSP00000375872 9606.ENSP00000360266 0 0 0 0 0 0 229 229 
9606.ENSP00000375872 9606.ENSP00000243924 0 0 0 0 0 0 477 477 
9606.ENSP00000375872 9606.ENSP00000232564 0 0 152 61 0 0 0 170 
9606.ENSP00000375872 9606.ENSP00000342828 0 0 0 0 0 0 560 560 
9606.ENSP00000375872 9606.ENSP00000454836 0 0 158 0 0 0 0 158 
9606.ENSP00000375872 9606.ENSP00000426632 0 0 0 0 0 0 244 244 
9606.ENSP00000375872 9606.ENSP00000367196 0 0 0 0 0 0 152 152 
9606.ENSP00000375872 9606.ENSP00000258317 0 0 0 0 0 0 254 254 
9606.ENSP00000375872 9606.ENSP00000354777 0 0 0 0 0 0 181 181 
9606.ENSP00000375872 9606.ENSP00000450731 0 0 0 0 0 0 349 349 
9606.ENSP00000375872 9606.ENSP00000296792 0 0 321 0 0 0 0 321 
9606.ENSP00000375872 9606.ENSP00000386135 0 0 0 0 0 0 286 286 
9606.ENSP00000375872 9606.ENSP00000366465 0 0 0 55 0 0 167 179 
9606.ENSP00000375872 9606.ENSP00000261464 0 0 0 0 0 0 215 215 
9606.ENSP00000375872 9606.ENSP00000485659 0 0 0 0 0 0 262 262 
9606.ENSP00000375872 9606.ENSP00000025008 0 0 0 62 796 800 903 995 
9606.ENSP00000375872 9606.ENSP00000311857 0 0 0 62 0 0 474 485 
9606.ENSP00000375872 9606.ENSP00000378483 0 0 0 0 0 0 183 183 
9606.ENSP00000375872 9606.ENSP00000261349 0 0 0 0 0 0 249 249 
9606.ENSP00000375872 9606.ENSP00000317971 0 0 0 0 0 0 161 161 
9606.ENSP00000375872 9606.ENSP00000281708 0 0 164 49 0 0 0 171 
9606.ENSP00000375872 9606.ENSP00000385285 0 0 0 61 157 0 0 174 
9606.ENSP00000375872 9606.ENSP00000271234 0 0 0 61 0 0 338 351 
9606.ENSP00000375872 9606.ENSP00000265094 0 0 166 0 0 0 0 166 
9606.ENSP00000375872 9606.ENSP00000378974 0 0 0 0 0 0 359 359 
9606.ENSP00000375872 9606.ENSP00000210313 0 0 0 0 0 0 172 172 
9606.ENSP00000375872 9606.ENSP00000315137 0 0 0 0 0 0 448 448 
9606.ENSP00000375872 9606.ENSP00000440643 0 0 0 0 0 0 475 475 
9606.ENSP00000375872 9606.ENSP00000263370 0 0 0 0 0 0 177 177 
9606.ENSP00000375872 9606.ENSP00000199764 0 0 0 0 0 0 250 250 
9606.ENSP00000375872 9606.ENSP00000262395 0 0 0 0 0 0 177 177 
9606.ENSP00000375872 9606.ENSP00000378058 0 0 0 0 0 0 226 226 
9606.ENSP00000375872 9606.ENSP00000263991 0 0 0 0 0 0 237 237 
9606.ENSP00000375872 9606.ENSP00000456405 0 0 163 62 0 0 131 259 
9606.ENSP00000375872 9606.ENSP00000222823 0 0 0 0 379 800 689 958 
9606.ENSP00000375872 9606.ENSP00000221930 0 0 0 0 0 0 185 185 
9606.ENSP00000375872 9606.ENSP00000231454 0 0 0 0 0 0 186 186 
9606.ENSP00000375872 9606.ENSP00000282074 0 0 0 0 510 0 0 510 
9606.ENSP00000375872 9606.ENSP00000300231 0 0 0 0 0 0 396 396 
9606.ENSP00000375872 9606.ENSP00000391490 0 0 0 0 0 0 364 364 
9606.ENSP00000375872 9606.ENSP00000177694 0 0 0 0 0 0 162 162 
9606.ENSP00000375872 9606.ENSP00000345347 0 0 0 0 0 0 253 253 
9606.ENSP00000375872 9606.ENSP00000226382 0 0 0 0 0 0 295 295 
9606.ENSP00000375872 9606.ENSP00000252506 0 0 0 0 0 0 312 312 
9606.ENSP00000375872 9606.ENSP00000379612 0 0 0 0 0 0 161 161 
9606.ENSP00000375872 9606.ENSP00000443824 0 0 0 61 157 0 0 174 
9606.ENSP00000375872 9606.ENSP00000454623 0 0 0 0 0 0 205 205 
9606.ENSP00000375872 9606.ENSP00000421922 0 0 0 0 0 0 165 165 
9606.ENSP00000375872 9606.ENSP00000324173 0 0 0 0 0 0 340 340 
9606.ENSP00000375872 9606.ENSP00000236671 0 0 0 57 0 0 297 308 
9606.ENSP00000375872 9606.ENSP00000279387 0 0 0 62 0 0 179 196 
9606.ENSP00000375872 9606.ENSP00000386186 0 0 0 0 0 0 243 243 
9606.ENSP00000375872 9606.ENSP00000233954 0 0 0 0 0 0 217 217 
9606.ENSP00000375872 9606.ENSP00000011653 0 0 0 0 0 0 185 185 
9606.ENSP00000375872 9606.ENSP00000274031 0 0 0 0 0 0 401 401 
9606.ENSP00000375872 9606.ENSP00000358997 0 0 0 0 57 0 161 174 
9606.ENSP00000375872 9606.ENSP00000449241 0 0 0 0 0 0 270 270 
9606.ENSP00000375872 9606.ENSP00000307786 0 0 0 0 0 0 212 212 
9606.ENSP00000375872 9606.ENSP00000348602 0 0 0 0 0 0 158 158 
9606.ENSP00000375872 9606.ENSP00000420237 0 0 0 0 0 0 150 150 
9606.ENSP00000375872 9606.ENSP00000354733 0 0 0 0 0 0 183 183 
9606.ENSP00000375872 9606.ENSP00000283290 0 0 0 64 937 900 901 999 
9606.ENSP00000375872 9606.ENSP00000371341 0 0 0 0 305 0 83 335 
9606.ENSP00000375872 9606.ENSP00000363943 0 0 0 0 0 0 206 206 
9606.ENSP00000375872 9606.ENSP00000368887 0 0 277 0 0 0 0 277 
9606.ENSP00000375872 9606.ENSP00000272519 0 0 0 0 0 0 303 303 
9606.ENSP00000375872 9606.ENSP00000301831 0 0 0 62 0 0 377 391 
9606.ENSP00000375872 9606.ENSP00000373325 0 0 0 0 0 0 386 386 
9606.ENSP00000375872 9606.ENSP00000226730 0 0 0 0 0 0 190 190 
9606.ENSP00000375872 9606.ENSP00000235090 0 0 336 55 0 0 74 368 
9606.ENSP00000375872 9606.ENSP00000264249 0 0 0 0 0 0 636 636 
9606.ENSP00000375872 9606.ENSP00000369213 0 0 0 0 0 0 625 625 
9606.ENSP00000375872 9606.ENSP00000307272 0 0 0 61 0 0 355 369 
9606.ENSP00000375872 9606.ENSP00000382684 0 0 0 0 0 0 161 161 
9606.ENSP00000375872 9606.ENSP00000376268 0 0 0 0 156 0 0 156 
9606.ENSP00000375872 9606.ENSP00000267199 0 0 0 0 0 0 165 165 
9606.ENSP00000375872 9606.ENSP00000393762 0 0 0 63 0 0 163 182 
9606.ENSP00000375872 9606.ENSP00000359506 0 0 0 0 0 0 231 231 
9606.ENSP00000375872 9606.ENSP00000350954 0 0 163 104 0 0 0 218 
9606.ENSP00000375872 9606.ENSP00000375767 0 0 0 0 0 0 267 267 
9606.ENSP00000375872 9606.ENSP00000227524 0 0 170 0 0 0 0 170 
9606.ENSP00000375872 9606.ENSP00000330237 0 0 0 0 0 0 188 188 
9606.ENSP00000375872 9606.ENSP00000255858 0 0 0 0 156 0 0 156 
9606.ENSP00000375872 9606.ENSP00000381758 0 0 0 0 64 0 186 206 
9606.ENSP00000375872 9606.ENSP00000426909 0 0 164 61 0 0 42 183 
9606.ENSP00000375872 9606.ENSP00000326031 0 0 0 116 0 0 153 219 
9606.ENSP00000375872 9606.ENSP00000258281 0 0 190 62 0 0 0 208 
9606.ENSP00000375872 9606.ENSP00000433146 0 0 0 59 0 0 338 350 
9606.ENSP00000375872 9606.ENSP00000362680 0 0 0 0 57 0 152 166 
9606.ENSP00000375872 9606.ENSP00000337641 0 0 0 0 260 0 0 260 
9606.ENSP00000375872 9606.ENSP00000331152 0 0 0 0 0 0 226 226 
9606.ENSP00000375872 9606.ENSP00000307260 0 0 260 49 0 0 0 266 
9606.ENSP00000375872 9606.ENSP00000253693 0 0 0 0 63 0 183 201 
9606.ENSP00000375872 9606.ENSP00000247461 0 0 0 0 0 0 265 265 
9606.ENSP00000375872 9606.ENSP00000302716 0 0 0 0 0 0 237 237 
9606.ENSP00000375872 9606.ENSP00000342222 0 0 0 0 0 0 212 212 
9606.ENSP00000375872 9606.ENSP00000017003 0 0 0 0 156 0 0 156 
9606.ENSP00000375872 9606.ENSP00000219596 0 0 0 61 278 0 625 724 
9606.ENSP00000375872 9606.ENSP00000317332 0 0 0 0 0 0 588 588 
9606.ENSP00000375872 9606.ENSP00000362480 0 0 0 0 0 0 248 248 
9606.ENSP00000375872 9606.ENSP00000433623 0 0 0 0 0 0 373 373 
9606.ENSP00000375872 9606.ENSP00000421725 0 0 0 0 0 0 219 219 
9606.ENSP00000375872 9606.ENSP00000484824 0 0 0 0 0 0 195 195 
9606.ENSP00000375872 9606.ENSP00000168148 0 0 0 0 0 0 235 235 
9606.ENSP00000375872 9606.ENSP00000311318 0 0 0 62 0 0 697 703 
9606.ENSP00000375872 9606.ENSP00000027335 0 0 0 0 0 0 187 187 
9606.ENSP00000375872 9606.ENSP00000365380 0 0 0 0 0 0 266 266 
9606.ENSP00000375872 9606.ENSP00000423673 0 0 0 0 0 0 227 227 
9606.ENSP00000375872 9606.ENSP00000255030 0 0 0 0 0 0 189 189 
9606.ENSP00000375872 9606.ENSP00000482600 0 0 0 0 190 0 0 190 
9606.ENSP00000375872 9606.ENSP00000210187 0 0 0 0 0 0 347 347 
9606.ENSP00000375872 9606.ENSP00000200652 0 0 0 0 0 0 450 450 
9606.ENSP00000375872 9606.ENSP00000398698 0 0 0 0 0 0 420 420 
9606.ENSP00000375872 9606.ENSP00000363207 0 0 0 0 0 0 270 270 
9606.ENSP00000375872 9606.ENSP00000351446 0 0 149 63 0 0 0 168 
9606.ENSP00000375872 9606.ENSP00000162749 0 0 0 0 0 0 230 230 
9606.ENSP00000375872 9606.ENSP00000351273 0 0 0 0 0 0 290 290 
9606.ENSP00000375872 9606.ENSP00000258662 0 0 0 0 0 0 154 154 
9606.ENSP00000375872 9606.ENSP00000442424 0 0 0 0 0 0 189 189 
9606.ENSP00000375872 9606.ENSP00000271971 0 0 0 0 70 0 186 211 
9606.ENSP00000375872 9606.ENSP00000404923 0 0 0 0 0 0 549 549 
9606.ENSP00000375872 9606.ENSP00000360797 0 0 0 0 0 0 479 479 
9606.ENSP00000375872 9606.ENSP00000298316 0 0 0 0 0 0 179 179 
9606.ENSP00000375872 9606.ENSP00000261015 0 0 168 62 0 0 0 186 
9606.ENSP00000375872 9606.ENSP00000428657 0 0 0 0 0 0 162 162 
9606.ENSP00000375872 9606.ENSP00000296452 0 0 0 0 0 0 353 353 
9606.ENSP00000375872 9606.ENSP00000349076 0 0 0 0 0 0 638 638 
9606.ENSP00000375872 9606.ENSP00000259206 0 0 0 0 0 0 195 195 
9606.ENSP00000375872 9606.ENSP00000357981 0 0 0 0 0 0 161 161 
9606.ENSP00000375872 9606.ENSP00000295897 0 0 0 0 0 0 234 234 
9606.ENSP00000375872 9606.ENSP00000392025 0 0 0 0 0 0 189 189 
9606.ENSP00000375872 9606.ENSP00000331288 0 0 0 0 0 0 153 153 
9606.ENSP00000375872 9606.ENSP00000317955 0 0 0 50 0 0 361 367 
9606.ENSP00000375872 9606.ENSP00000295600 0 0 0 0 0 0 229 229 
9606.ENSP00000375872 9606.ENSP00000392513 0 0 0 0 0 0 270 270 
9606.ENSP00000375872 9606.ENSP00000347184 0 0 0 64 377 0 373 602 
9606.ENSP00000375872 9606.ENSP00000261890 0 0 0 0 0 0 369 369 
9606.ENSP00000375872 9606.ENSP00000366475 0 0 0 0 0 0 735 735 
9606.ENSP00000375872 9606.ENSP00000259605 0 0 0 61 157 0 0 174 
9606.ENSP00000375872 9606.ENSP00000273986 0 0 0 0 0 0 161 161 
9606.ENSP00000375872 9606.ENSP00000337383 0 0 0 0 0 0 562 562 
9606.ENSP00000375872 9606.ENSP00000481570 0 0 0 0 0 0 150 150 
9606.ENSP00000375872 9606.ENSP00000005340 0 0 0 0 319 0 0 319 
9606.ENSP00000375872 9606.ENSP00000227471 0 0 0 0 0 0 257 257 
9606.ENSP00000375872 9606.ENSP00000262291 0 0 0 0 0 0 543 543 
9606.ENSP00000375872 9606.ENSP00000237455 0 0 0 61 157 0 0 174 
9606.ENSP00000375872 9606.ENSP00000269305 0 0 0 0 0 0 266 266 
9606.ENSP00000375872 9606.ENSP00000378320 0 0 0 0 0 0 260 260 
9606.ENSP00000375872 9606.ENSP00000386380 0 0 0 0 0 0 261 261 
9606.ENSP00000375872 9606.ENSP00000233712 0 0 0 0 0 0 539 539 
9606.ENSP00000375872 9606.ENSP00000298552 0 0 0 0 0 0 207 207 
9606.ENSP00000375872 9606.ENSP00000357484 0 0 0 0 0 0 163 163 
9606.ENSP00000375872 9606.ENSP00000415178 0 0 0 0 156 0 0 156 
9606.ENSP00000375872 9606.ENSP00000357112 0 0 0 0 0 0 331 331 
9606.ENSP00000375872 9606.ENSP00000266771 0 0 0 0 0 0 189 189 
9606.ENSP00000375872 9606.ENSP00000261537 0 0 0 49 262 0 167 364 
9606.ENSP00000375872 9606.ENSP00000477597 0 0 0 0 0 0 211 211 
9606.ENSP00000375872 9606.ENSP00000473159 0 0 0 0 0 0 212 212 
9606.ENSP00000375872 9606.ENSP00000301838 0 0 0 0 263 0 188 375 
9606.ENSP00000375872 9606.ENSP00000234160 0 0 0 0 0 0 218 218 
9606.ENSP00000375872 9606.ENSP00000409346 0 0 0 0 0 0 194 194 
9606.ENSP00000375872 9606.ENSP00000356918 0 0 0 0 0 0 318 318 
9606.ENSP00000375872 9606.ENSP00000262623 0 0 0 62 0 0 165 183 
9606.ENSP00000375872 9606.ENSP00000222482 0 0 0 0 0 0 150 150 
9606.ENSP00000375872 9606.ENSP00000368982 0 0 165 0 0 0 60 181 
9606.ENSP00000375872 9606.ENSP00000302665 0 0 0 0 0 0 185 185 
9606.ENSP00000375872 9606.ENSP00000037243 0 0 0 62 137 900 831 984 
9606.ENSP00000375872 9606.ENSP00000298910 0 0 0 51 57 0 510 523 
9606.ENSP00000375872 9606.ENSP00000385695 0 0 0 0 156 0 0 156 
9606.ENSP00000375872 9606.ENSP00000267973 0 0 178 60 0 0 0 194 
9606.ENSP00000375872 9606.ENSP00000426103 0 0 0 49 262 0 167 364 
9606.ENSP00000375872 9606.ENSP00000361669 0 0 0 0 0 0 171 171 
9606.ENSP00000375872 9606.ENSP00000270139 0 0 0 0 0 0 171 171 
9606.ENSP00000375872 9606.ENSP00000259808 0 0 0 0 57 0 248 260 
9606.ENSP00000375872 9606.ENSP00000379287 0 0 0 0 0 0 426 426 
9606.ENSP00000375872 9606.ENSP00000306015 0 0 0 0 328 0 51 335 
9606.ENSP00000375872 9606.ENSP00000296046 0 0 0 0 0 0 150 150 
9606.ENSP00000375872 9606.ENSP00000361021 0 0 0 0 0 0 218 218 
9606.ENSP00000375872 9606.ENSP00000296795 0 0 0 0 0 0 448 448 
9606.ENSP00000375872 9606.ENSP00000275493 0 0 0 0 0 0 171 171 
9606.ENSP00000375872 9606.ENSP00000305260 0 0 151 61 0 0 0 169 
9606.ENSP00000375872 9606.ENSP00000364204 0 0 0 0 0 0 412 412 
9606.ENSP00000375872 9606.ENSP00000358854 0 0 177 62 0 0 0 195 
9606.ENSP00000375872 9606.ENSP00000247470 0 0 0 0 0 0 323 323 
9606.ENSP00000375872 9606.ENSP00000480499 0 0 0 0 0 0 204 204 
9606.ENSP00000375872 9606.ENSP00000365536 0 0 0 0 0 0 410 410 
9606.ENSP00000375872 9606.ENSP00000327604 0 0 0 61 0 0 140 157 
9606.ENSP00000375872 9606.ENSP00000220509 0 0 0 0 0 0 224 224 
9606.ENSP00000375872 9606.ENSP00000271450 0 0 0 0 0 0 195 195 
9606.ENSP00000375872 9606.ENSP00000435460 0 0 0 0 0 0 388 388 
9606.ENSP00000375872 9606.ENSP00000324890 0 0 0 0 0 0 187 187 
9606.ENSP00000375872 9606.ENSP00000247225 0 0 0 0 0 0 307 307 
9606.ENSP00000375872 9606.ENSP00000355865 0 0 0 0 0 0 298 298 
9606.ENSP00000375872 9606.ENSP00000263341 0 0 0 0 0 0 329 329 
9606.ENSP00000375872 9606.ENSP00000269980 0 0 0 0 0 0 225 225 
9606.ENSP00000375872 9606.ENSP00000362179 0 0 0 90 0 0 120 164 
9606.ENSP00000375872 9606.ENSP00000385927 0 0 0 0 0 0 204 204 
9606.ENSP00000375872 9606.ENSP00000338990 0 0 0 61 787 0 807 958 
9606.ENSP00000375872 9606.ENSP00000302569 0 0 0 0 0 0 241 241 
9606.ENSP00000375872 9606.ENSP00000257867 0 0 0 0 0 0 150 150 
9606.ENSP00000375872 9606.ENSP00000348129 0 0 187 63 0 0 0 206 
9606.ENSP00000375872 9606.ENSP00000392147 0 0 0 62 0 0 180 198 
9606.ENSP00000375872 9606.ENSP00000226574 0 0 0 0 0 0 187 187 
9606.ENSP00000375872 9606.ENSP00000428982 0 0 0 0 0 0 154 154 
9606.ENSP00000375872 9606.ENSP00000227880 0 0 0 0 0 0 198 198 
9606.ENSP00000375872 9606.ENSP00000303939 0 0 0 0 0 0 202 202 
9606.ENSP00000375872 9606.ENSP00000329507 0 0 0 0 0 0 558 558 
9606.ENSP00000375872 9606.ENSP00000362115 0 0 0 62 0 0 135 154 
9606.ENSP00000375872 9606.ENSP00000269141 0 0 0 0 0 0 192 192 
9606.ENSP00000375872 9606.ENSP00000386717 0 0 0 0 0 0 628 628 
9606.ENSP00000375872 9606.ENSP00000295888 0 0 0 63 377 0 488 675 
9606.ENSP00000375872 9606.ENSP00000440485 0 0 0 0 0 0 252 252 
9606.ENSP00000375872 9606.ENSP00000380413 0 0 0 0 0 0 270 270 
9606.ENSP00000375872 9606.ENSP00000482378 0 0 0 0 0 0 173 173 
9606.ENSP00000375872 9606.ENSP00000442973 0 0 0 0 0 0 256 256 
9606.ENSP00000375872 9606.ENSP00000387211 0 0 0 0 0 0 314 314 
9606.ENSP00000375872 9606.ENSP00000363970 0 0 0 62 299 900 801 985 
9606.ENSP00000375872 9606.ENSP00000418287 0 0 165 0 0 0 41 165 
9606.ENSP00000375872 9606.ENSP00000292807 0 0 0 0 305 0 115 359 
9606.ENSP00000375872 9606.ENSP00000216160 0 0 0 63 0 0 174 193 
9606.ENSP00000375872 9606.ENSP00000317027 0 0 0 0 265 0 0 265 
9606.ENSP00000375872 9606.ENSP00000354775 0 0 0 61 157 0 0 174 
9606.ENSP00000375872 9606.ENSP00000294304 0 0 0 0 0 0 173 173 
9606.ENSP00000375872 9606.ENSP00000389600 0 0 0 0 0 0 446 446 
9606.ENSP00000375872 9606.ENSP00000265062 0 0 0 0 0 0 580 580 
9606.ENSP00000375872 9606.ENSP00000339191 0 0 0 0 0 0 163 163 
9606.ENSP00000375872 9606.ENSP00000296511 0 0 0 0 0 0 205 205 
9606.ENSP00000375872 9606.ENSP00000299300 0 0 0 0 377 0 0 377 
9606.ENSP00000375872 9606.ENSP00000225577 0 0 0 63 0 0 279 296 
9606.ENSP00000375872 9606.ENSP00000363313 0 0 161 0 0 0 0 161 
9606.ENSP00000375872 9606.ENSP00000286234 0 0 0 0 0 0 211 211 
9606.ENSP00000375872 9606.ENSP00000481721 0 0 0 0 0 0 206 206 
9606.ENSP00000375872 9606.ENSP00000380432 0 0 0 0 0 0 250 250 
9606.ENSP00000375872 9606.ENSP00000229402 0 0 0 0 0 0 221 221 
9606.ENSP00000375872 9606.ENSP00000369581 0 0 0 0 0 0 222 222 
9606.ENSP00000375872 9606.ENSP00000437940 0 0 0 0 0 0 252 252 
9606.ENSP00000375872 9606.ENSP00000367851 0 0 0 0 0 0 243 243 
9606.ENSP00000375872 9606.ENSP00000431984 0 0 0 0 70 0 173 198 
9606.ENSP00000375872 9606.ENSP00000483732 0 0 0 0 0 0 193 193 
9606.ENSP00000375872 9606.ENSP00000353874 0 0 0 0 0 0 474 474 
9606.ENSP00000375872 9606.ENSP00000363836 0 0 0 0 0 0 384 384 
9606.ENSP00000375872 9606.ENSP00000304697 0 0 0 0 0 0 164 164 
9606.ENSP00000375872 9606.ENSP00000353549 0 0 0 0 0 0 171 171 
9606.ENSP00000375872 9606.ENSP00000425840 0 0 0 61 157 0 0 174 
9606.ENSP00000375872 9606.ENSP00000453872 0 0 0 61 157 0 46 178 
9606.ENSP00000375872 9606.ENSP00000344223 0 0 0 63 0 0 133 152 
9606.ENSP00000375872 9606.ENSP00000292174 0 0 0 0 0 0 150 150 
9606.ENSP00000375872 9606.ENSP00000263087 0 0 0 0 0 0 169 169 
9606.ENSP00000375872 9606.ENSP00000361359 0 0 0 0 0 0 198 198 
9606.ENSP00000375872 9606.ENSP00000266458 0 0 0 62 137 900 846 985 
9606.ENSP00000375872 9606.ENSP00000376139 0 0 0 0 0 0 439 439 
9606.ENSP00000375872 9606.ENSP00000368917 0 0 0 0 190 0 0 190 
9606.ENSP00000375872 9606.ENSP00000436812 0 0 0 0 0 0 268 268 
9606.ENSP00000375872 9606.ENSP00000363157 0 0 0 0 0 0 571 571 
9606.ENSP00000375872 9606.ENSP00000282007 0 0 0 0 0 0 644 644 
9606.ENSP00000375872 9606.ENSP00000370003 0 0 0 0 0 0 462 462 
9606.ENSP00000375872 9606.ENSP00000370842 0 0 0 0 0 0 194 194 
9606.ENSP00000375872 9606.ENSP00000302564 0 0 0 0 0 0 347 347 
9606.ENSP00000375872 9606.ENSP00000485140 0 0 0 0 0 0 270 270 
9606.ENSP00000375872 9606.ENSP00000281187 0 0 0 0 0 0 161 161 
9606.ENSP00000375872 9606.ENSP00000460380 0 0 0 63 0 0 194 212 
9606.ENSP00000375872 9606.ENSP00000256797 0 0 0 0 57 0 162 176 
9606.ENSP00000375872 9606.ENSP00000054666 0 0 0 0 0 0 378 378 
9606.ENSP00000375872 9606.ENSP00000326340 0 0 84 0 0 800 112 823 
9606.ENSP00000375872 9606.ENSP00000233840 0 0 0 0 0 0 527 527 
9606.ENSP00000375872 9606.ENSP00000278559 0 0 0 0 67 0 174 197 
9606.ENSP00000375872 9606.ENSP00000229135 0 0 0 0 0 0 210 210 
9606.ENSP00000375872 9606.ENSP00000327763 0 0 0 0 0 0 243 243 
9606.ENSP00000375872 9606.ENSP00000339477 0 0 0 0 0 0 193 193 
9606.ENSP00000375872 9606.ENSP00000417517 0 0 0 0 0 0 292 292 
9606.ENSP00000375872 9606.ENSP00000377724 0 0 0 0 0 0 482 482 
9606.ENSP00000375872 9606.ENSP00000297459 0 0 0 0 0 0 512 512 
9606.ENSP00000375872 9606.ENSP00000302961 0 0 0 0 305 0 163 393 
9606.ENSP00000375872 9606.ENSP00000312987 0 0 0 0 0 0 210 210 
9606.ENSP00000375872 9606.ENSP00000261769 0 0 0 0 0 0 165 165 
9606.ENSP00000375872 9606.ENSP00000464443 0 0 0 0 299 0 248 450 
9606.ENSP00000375872 9606.ENSP00000219611 0 0 0 0 63 0 186 204 
9606.ENSP00000375872 9606.ENSP00000375844 0 0 0 0 63 0 172 190 
9606.ENSP00000375872 9606.ENSP00000358327 0 0 0 0 0 0 391 391 
9606.ENSP00000375872 9606.ENSP00000384906 0 0 0 0 0 0 220 220 
9606.ENSP00000375872 9606.ENSP00000216037 0 0 0 0 0 0 638 638 
9606.ENSP00000375872 9606.ENSP00000335153 0 0 0 0 0 0 205 205 
9606.ENSP00000375872 9606.ENSP00000370055 0 0 0 0 0 0 311 311 
9606.ENSP00000375872 9606.ENSP00000476369 0 0 304 49 0 0 0 309 
9606.ENSP00000375872 9606.ENSP00000300692 0 0 0 0 0 0 215 215 
9606.ENSP00000375872 9606.ENSP00000296754 0 0 0 0 0 0 163 163 
9606.ENSP00000375872 9606.ENSP00000222120 0 0 0 0 313 0 0 313 
9606.ENSP00000375872 9606.ENSP00000295709 0 0 0 62 0 0 239 256 
9606.ENSP00000375872 9606.ENSP00000289153 0 0 0 63 0 0 138 158 
9606.ENSP00000375872 9606.ENSP00000417498 0 0 0 0 0 0 228 228 
9606.ENSP00000375872 9606.ENSP00000314129 0 0 0 0 0 0 216 216 
9606.ENSP00000375872 9606.ENSP00000355014 0 0 0 61 157 0 0 174 
9606.ENSP00000375872 9606.ENSP00000272324 0 0 0 0 0 0 323 323 
9606.ENSP00000375872 9606.ENSP00000381036 0 0 0 0 63 0 186 204 
9606.ENSP00000375872 9606.ENSP00000323302 0 0 168 0 0 0 0 168 
9606.ENSP00000375872 9606.ENSP00000264057 0 0 0 0 0 0 527 527 
9606.ENSP00000375872 9606.ENSP00000354621 0 0 0 0 0 0 248 248 
9606.ENSP00000375872 9606.ENSP00000450524 0 0 0 62 134 0 400 470 
9606.ENSP00000375872 9606.ENSP00000358022 0 0 0 0 0 0 189 189 
9606.ENSP00000375872 9606.ENSP00000265171 0 0 0 0 0 0 163 163 
9606.ENSP00000375872 9606.ENSP00000378529 0 0 222 51 0 0 0 230 
9606.ENSP00000375872 9606.ENSP00000353010 0 0 0 61 0 0 717 723 
9606.ENSP00000375872 9606.ENSP00000234831 0 0 0 0 336 0 699 792 
9606.ENSP00000375872 9606.ENSP00000435370 0 0 0 0 0 0 171 171 
9606.ENSP00000375872 9606.ENSP00000479762 0 0 0 0 0 0 547 547 
9606.ENSP00000375872 9606.ENSP00000441929 0 0 0 0 0 0 229 229 
9606.ENSP00000375872 9606.ENSP00000231449 0 0 0 0 0 0 227 227 
9606.ENSP00000375872 9606.ENSP00000349205 0 0 0 77 0 900 806 980 
9606.ENSP00000375872 9606.ENSP00000447173 0 0 0 0 0 0 254 254 
9606.ENSP00000375872 9606.ENSP00000483312 0 0 154 87 0 0 0 194 
9606.ENSP00000375872 9606.ENSP00000349967 0 0 0 0 0 0 266 266 
9606.ENSP00000375872 9606.ENSP00000229264 0 0 156 61 0 0 0 174 
9606.ENSP00000375872 9606.ENSP00000377192 0 0 0 0 0 0 222 222 
9606.ENSP00000375872 9606.ENSP00000414109 0 0 0 0 0 0 203 203 
9606.ENSP00000375872 9606.ENSP00000386921 0 0 0 0 0 0 431 431 
9606.ENSP00000375872 9606.ENSP00000318585 0 0 0 57 0 0 187 200 
9606.ENSP00000375872 9606.ENSP00000320866 0 0 0 0 0 0 167 167 
9606.ENSP00000375872 9606.ENSP00000306512 0 0 0 0 0 0 265 265 
9606.ENSP00000375872 9606.ENSP00000311032 0 0 0 0 379 0 360 585 
9606.ENSP00000375872 9606.ENSP00000261837 0 0 167 61 0 0 0 185 
9606.ENSP00000375872 9606.ENSP00000345344 0 0 0 0 0 0 150 150 
9606.ENSP00000375872 9606.ENSP00000251170 0 0 0 0 156 0 0 156 
9606.ENSP00000375872 9606.ENSP00000415454 0 0 0 0 156 0 0 156 
9606.ENSP00000375872 9606.ENSP00000334061 0 0 0 0 0 0 257 257 
9606.ENSP00000375872 9606.ENSP00000370891 0 0 0 0 62 0 168 186 
9606.ENSP00000375872 9606.ENSP00000359612 0 0 0 0 0 0 160 160 
9606.ENSP00000375872 9606.ENSP00000412237 0 0 0 0 0 0 440 440 
9606.ENSP00000375872 9606.ENSP00000417963 0 0 0 0 260 0 0 260 
9606.ENSP00000375872 9606.ENSP00000295269 0 0 0 0 0 0 229 229 
9606.ENSP00000375872 9606.ENSP00000377003 0 0 0 0 0 0 217 217 
9606.ENSP00000375872 9606.ENSP00000431885 0 0 0 0 57 0 254 266 
9606.ENSP00000375872 9606.ENSP00000363435 0 0 0 63 0 0 172 190 
9606.ENSP00000375872 9606.ENSP00000217964 0 0 143 64 0 0 0 163 
9606.ENSP00000375872 9606.ENSP00000349960 0 0 0 0 0 0 189 189 
9606.ENSP00000375872 9606.ENSP00000378914 0 0 0 0 79 0 773 782 
9606.ENSP00000375872 9606.ENSP00000326095 0 0 0 0 0 0 163 163 
9606.ENSP00000375872 9606.ENSP00000265164 0 0 0 0 379 0 113 426 
9606.ENSP00000375872 9606.ENSP00000261381 0 0 0 0 156 0 0 156 
9606.ENSP00000375872 9606.ENSP00000294338 0 0 0 0 0 0 222 222 
9606.ENSP00000375872 9606.ENSP00000336790 0 0 0 0 0 0 347 347 
9606.ENSP00000375872 9606.ENSP00000478516 0 0 0 0 0 0 398 398 
9606.ENSP00000375872 9606.ENSP00000264079 0 0 0 0 0 0 161 161 
9606.ENSP00000375872 9606.ENSP00000368022 0 0 0 0 294 0 488 623 
9606.ENSP00000375872 9606.ENSP00000357858 0 0 234 0 0 0 0 234 
9606.ENSP00000375872 9606.ENSP00000387091 0 0 0 0 0 0 252 252 
9606.ENSP00000375872 9606.ENSP00000317214 0 0 0 0 67 0 175 198 
9606.ENSP00000375872 9606.ENSP00000388550 0 0 0 61 157 0 0 174 
9606.ENSP00000375872 9606.ENSP00000355991 0 0 0 0 336 0 514 664 
9606.ENSP00000375872 9606.ENSP00000262394 0 0 193 63 0 0 0 211 
9606.ENSP00000375872 9606.ENSP00000295685 0 0 0 0 0 0 313 313 
9606.ENSP00000375872 9606.ENSP00000432083 0 0 0 0 0 0 339 339 
9606.ENSP00000375872 9606.ENSP00000376178 0 0 0 0 0 0 401 401 
9606.ENSP00000375872 9606.ENSP00000359339 0 0 0 0 0 0 162 162 
9606.ENSP00000375872 9606.ENSP00000295006 0 0 0 0 70 0 192 216 
9606.ENSP00000375872 9606.ENSP00000380349 0 0 0 0 70 0 166 191 
9606.ENSP00000375872 9606.ENSP00000388325 0 0 0 0 0 0 219 219 
9606.ENSP00000375872 9606.ENSP00000387282 0 0 0 62 0 0 223 240 
9606.ENSP00000375872 9606.ENSP00000329967 0 0 0 0 78 0 366 391 
9606.ENSP00000375872 9606.ENSP00000384212 0 0 0 0 0 0 222 222 
9606.ENSP00000375872 9606.ENSP00000308925 0 0 0 0 0 0 457 457 
9606.ENSP00000375872 9606.ENSP00000238497 0 0 0 62 0 0 144 163 
9606.ENSP00000375872 9606.ENSP00000384924 0 0 0 0 0 0 195 195 
9606.ENSP00000375872 9606.ENSP00000411418 0 0 0 65 0 0 132 154 
9606.ENSP00000375872 9606.ENSP00000223369 0 0 0 0 0 0 210 210 
9606.ENSP00000375872 9606.ENSP00000355837 0 0 0 0 70 0 188 213 
9606.ENSP00000375872 9606.ENSP00000384259 0 0 0 62 0 0 804 809 
9606.ENSP00000375872 9606.ENSP00000230895 0 0 0 0 0 0 311 311 
9606.ENSP00000375872 9606.ENSP00000385824 0 0 0 61 0 0 246 261 
9606.ENSP00000375872 9606.ENSP00000463188 0 0 0 0 260 0 123 323 
9606.ENSP00000375872 9606.ENSP00000258091 0 0 0 0 429 0 0 429 
9606.ENSP00000375872 9606.ENSP00000296435 0 0 0 0 0 0 293 293 
9606.ENSP00000375872 9606.ENSP00000485010 0 0 0 0 0 0 194 194 
9606.ENSP00000375872 9606.ENSP00000008938 0 0 0 0 0 0 252 252 
9606.ENSP00000375872 9606.ENSP00000240185 0 0 0 0 0 0 174 174 
9606.ENSP00000375872 9606.ENSP00000343405 0 0 0 62 0 0 130 150 
9606.ENSP00000375872 9606.ENSP00000312082 0 0 0 0 0 0 444 444 
9606.ENSP00000375872 9606.ENSP00000478255 0 0 0 50 0 0 275 281 
9606.ENSP00000375872 9606.ENSP00000383364 0 0 0 0 0 0 215 215 
9606.ENSP00000375872 9606.ENSP00000262510 0 0 0 0 0 0 161 161 
9606.ENSP00000375872 9606.ENSP00000330341 0 0 0 0 0 0 191 191 
9606.ENSP00000375872 9606.ENSP00000483825 0 0 0 0 101 0 266 311 
9606.ENSP00000375872 9606.ENSP00000265333 0 0 0 0 0 0 266 266 
9606.ENSP00000375872 9606.ENSP00000361995 0 0 0 0 156 0 0 156 
9606.ENSP00000375872 9606.ENSP00000374633 0 0 0 0 0 0 386 386 
9606.ENSP00000375872 9606.ENSP00000392270 0 0 167 54 0 0 0 178 
9606.ENSP00000375872 9606.ENSP00000303532 0 0 0 0 0 0 248 248 
9606.ENSP00000375872 9606.ENSP00000282561 0 0 0 0 267 0 119 327 
9606.ENSP00000375872 9606.ENSP00000363089 0 0 0 0 0 0 528 528 
9606.ENSP00000375872 9606.ENSP00000483667 0 0 0 62 0 0 163 181 
9606.ENSP00000375872 9606.ENSP00000305651 0 0 0 0 0 0 188 188 
9606.ENSP00000375872 9606.ENSP00000477352 0 0 0 0 182 0 54 193 
9606.ENSP00000375872 9606.ENSP00000376943 0 0 0 0 0 0 171 171 
9606.ENSP00000375872 9606.ENSP00000416097 0 0 0 0 0 0 195 195 
9606.ENSP00000375872 9606.ENSP00000241052 0 0 0 0 0 0 156 156 
9606.ENSP00000375872 9606.ENSP00000485028 0 0 0 0 0 0 231 231 
9606.ENSP00000375872 9606.ENSP00000441283 0 0 0 0 0 0 275 275 
9606.ENSP00000375872 9606.ENSP00000370034 0 0 0 0 0 0 473 473 
9606.ENSP00000375872 9606.ENSP00000309767 0 0 0 0 0 0 442 442 
9606.ENSP00000375872 9606.ENSP00000301295 0 0 0 0 0 0 424 424 
9606.ENSP00000375872 9606.ENSP00000359206 0 0 178 0 0 0 0 178 
9606.ENSP00000375872 9606.ENSP00000375711 0 0 0 0 0 0 197 197 
9606.ENSP00000375872 9606.ENSP00000470788 0 0 0 0 0 0 254 254 
9606.ENSP00000375872 9606.ENSP00000358867 0 0 0 63 0 0 147 167 
9606.ENSP00000375872 9606.ENSP00000235329 0 0 0 61 0 0 231 247 
9606.ENSP00000375872 9606.ENSP00000374455 0 0 0 61 411 0 729 837 
9606.ENSP00000375872 9606.ENSP00000479919 0 0 0 0 0 0 457 457 
9606.ENSP00000375872 9606.ENSP00000364709 0 0 0 0 0 0 254 254 
9606.ENSP00000375872 9606.ENSP00000430237 0 0 0 61 157 0 0 174 
9606.ENSP00000375872 9606.ENSP00000242719 0 0 0 61 157 0 0 174 
9606.ENSP00000375872 9606.ENSP00000432412 0 0 0 62 796 0 868 972 
9606.ENSP00000375872 9606.ENSP00000355645 0 0 0 0 0 0 212 212 
9606.ENSP00000375872 9606.ENSP00000301522 0 0 0 0 0 0 238 238 
9606.ENSP00000375872 9606.ENSP00000463650 0 0 0 61 157 0 0 174 
9606.ENSP00000375872 9606.ENSP00000475084 0 0 0 0 0 0 183 183 
9606.ENSP00000375872 9606.ENSP00000346694 0 0 0 61 338 0 0 351 
9606.ENSP00000375872 9606.ENSP00000381293 0 0 0 0 0 0 266 266 
9606.ENSP00000375872 9606.ENSP00000262187 0 0 0 0 0 0 361 361 
9606.ENSP00000375872 9606.ENSP00000362795 0 0 0 0 0 0 194 194 
9606.ENSP00000375872 9606.ENSP00000354394 0 0 0 63 0 0 211 229 
9606.ENSP00000375872 9606.ENSP00000359664 0 0 0 0 0 0 151 151 
9606.ENSP00000375872 9606.ENSP00000363135 0 0 0 0 0 0 220 220 
9606.ENSP00000375872 9606.ENSP00000245838 0 0 0 0 0 0 252 252 
9606.ENSP00000375872 9606.ENSP00000324856 0 0 0 63 0 0 188 206 
9606.ENSP00000375872 9606.ENSP00000344503 0 0 0 0 0 0 307 307 
9606.ENSP00000375872 9606.ENSP00000473381 0 0 0 0 0 0 226 226 
9606.ENSP00000375872 9606.ENSP00000405575 0 0 0 61 157 0 0 174 
9606.ENSP00000375872 9606.ENSP00000402935 0 0 0 0 0 0 290 290 
9606.ENSP00000375872 9606.ENSP00000328059 0 0 0 61 157 0 0 174 
9606.ENSP00000375872 9606.ENSP00000227752 0 0 0 0 0 0 297 297 
9606.ENSP00000375872 9606.ENSP00000354558 0 0 0 63 0 0 585 595 
9606.ENSP00000375872 9606.ENSP00000441543 0 0 0 0 342 0 184 440 
9606.ENSP00000375872 9606.ENSP00000379377 0 0 0 0 156 0 0 156 
9606.ENSP00000375872 9606.ENSP00000229340 0 0 0 65 313 0 130 392 
9606.ENSP00000375872 9606.ENSP00000371800 0 0 0 61 157 0 0 174 
9606.ENSP00000375872 9606.ENSP00000407586 0 0 0 0 0 0 155 155 
9606.ENSP00000375872 9606.ENSP00000411250 0 0 0 49 262 0 788 838 
9606.ENSP00000375872 9606.ENSP00000375067 0 0 0 0 0 0 156 156 
9606.ENSP00000375872 9606.ENSP00000387286 0 0 0 0 84 0 171 208 
9606.ENSP00000375872 9606.ENSP00000454207 0 0 0 0 0 0 177 177 
9606.ENSP00000375872 9606.ENSP00000274532 0 0 0 0 0 0 163 163 
9606.ENSP00000375872 9606.ENSP00000309953 0 0 0 0 0 0 173 173 
9606.ENSP00000375872 9606.ENSP00000414350 0 0 0 0 0 0 249 249 
9606.ENSP00000375872 9606.ENSP00000322159 0 0 0 62 0 0 706 713 
9606.ENSP00000375872 9606.ENSP00000304376 0 0 0 0 0 0 316 316 
9606.ENSP00000375872 9606.ENSP00000360242 0 0 0 0 0 0 189 189 
9606.ENSP00000375872 9606.ENSP00000386444 0 7 0 0 0 0 159 159 
9606.ENSP00000375872 9606.ENSP00000380697 0 0 0 0 0 0 167 167 
9606.ENSP00000375872 9606.ENSP00000346437 0 0 0 50 0 900 903 990 
9606.ENSP00000375872 9606.ENSP00000371000 0 0 0 61 157 0 0 174 
9606.ENSP00000375872 9606.ENSP00000362592 0 0 215 0 0 0 0 215 
9606.ENSP00000375872 9606.ENSP00000245407 0 0 0 0 0 0 429 429 
9606.ENSP00000375872 9606.ENSP00000387078 0 0 196 60 0 0 0 212 
9606.ENSP00000375872 9606.ENSP00000355231 0 0 0 62 101 900 898 990 
9606.ENSP00000375872 9606.ENSP00000327246 0 0 0 0 0 0 248 248 
9606.ENSP00000375872 9606.ENSP00000387498 0 0 0 0 0 0 354 354 
9606.ENSP00000375872 9606.ENSP00000274496 0 0 0 0 0 0 165 165 
9606.ENSP00000375872 9606.ENSP00000320084 0 0 0 0 0 0 349 349 
9606.ENSP00000375872 9606.ENSP00000361540 0 0 191 51 0 0 0 200 
9606.ENSP00000375872 9606.ENSP00000398523 0 0 0 0 0 0 649 649 
9606.ENSP00000375872 9606.ENSP00000200453 0 0 0 0 0 0 190 190 
9606.ENSP00000375872 9606.ENSP00000356465 0 0 0 0 0 0 171 171 
9606.ENSP00000375872 9606.ENSP00000412324 0 0 0 0 260 0 0 260 
9606.ENSP00000375872 9606.ENSP00000357928 0 0 153 61 0 0 0 171 
9606.ENSP00000375872 9606.ENSP00000471896 0 0 0 0 0 0 268 268 
9606.ENSP00000375872 9606.ENSP00000246548 0 0 0 0 0 0 279 279 
9606.ENSP00000375872 9606.ENSP00000290949 0 0 0 0 0 0 239 239 
9606.ENSP00000375872 9606.ENSP00000341779 0 0 0 116 0 0 181 245 
9606.ENSP00000375872 9606.ENSP00000274811 0 0 0 61 157 0 0 174 
9606.ENSP00000375872 9606.ENSP00000424417 0 0 194 0 0 0 0 194 
9606.ENSP00000375872 9606.ENSP00000358072 0 0 0 61 990 900 985 999 
9606.ENSP00000375872 9606.ENSP00000221466 0 0 0 0 305 0 53 313 
9606.ENSP00000375872 9606.ENSP00000367284 0 0 0 0 0 0 266 266 
9606.ENSP00000375872 9606.ENSP00000260116 0 0 0 0 156 0 0 156 
9606.ENSP00000375872 9606.ENSP00000296782 0 0 0 0 0 0 171 171 
9606.ENSP00000375872 9606.ENSP00000215812 0 0 0 0 156 0 0 156 
9606.ENSP00000375872 9606.ENSP00000416066 0 0 0 0 0 0 192 192 
9606.ENSP00000375872 9606.ENSP00000389913 0 0 0 0 0 0 167 167 
9606.ENSP00000375872 9606.ENSP00000351492 0 0 0 0 0 0 534 534 
9606.ENSP00000375872 9606.ENSP00000368880 0 0 0 0 0 0 158 158 
9606.ENSP00000375872 9606.ENSP00000430236 0 0 0 61 0 0 451 463 
9606.ENSP00000375872 9606.ENSP00000306866 0 0 0 62 137 900 809 982 
9606.ENSP00000375872 9606.ENSP00000405338 0 29 0 62 0 0 523 534 
9606.ENSP00000375872 9606.ENSP00000315680 0 0 159 56 0 0 0 172 
9606.ENSP00000375872 9606.ENSP00000356785 0 331 0 0 0 0 0 331 
9606.ENSP00000375872 9606.ENSP00000275364 0 0 0 63 0 0 219 236 
9606.ENSP00000375872 9606.ENSP00000216117 0 0 0 0 0 0 153 153 
9606.ENSP00000375872 9606.ENSP00000330381 0 0 147 63 0 0 0 166 
9606.ENSP00000375872 9606.ENSP00000358490 0 0 0 0 0 0 194 194 
9606.ENSP00000375872 9606.ENSP00000322937 0 0 0 0 0 0 332 332 
9606.ENSP00000375872 9606.ENSP00000451828 0 0 0 0 57 0 378 389 
9606.ENSP00000375872 9606.ENSP00000261233 0 0 0 0 57 0 158 172 
9606.ENSP00000375872 9606.ENSP00000225474 0 0 0 0 0 0 231 231 
9606.ENSP00000375872 9606.ENSP00000419162 0 0 183 49 0 0 0 190 
9606.ENSP00000375872 9606.ENSP00000009530 0 0 0 0 0 0 220 220 
9606.ENSP00000375872 9606.ENSP00000369291 0 0 0 0 0 0 167 167 
9606.ENSP00000375872 9606.ENSP00000349785 0 0 0 62 153 900 610 964 
9606.ENSP00000375872 9606.ENSP00000349770 0 0 0 0 0 0 288 288 
9606.ENSP00000375872 9606.ENSP00000363661 0 0 0 0 0 0 191 191 
9606.ENSP00000375872 9606.ENSP00000389814 0 0 0 0 0 0 355 355 
9606.ENSP00000375872 9606.ENSP00000229239 0 0 0 0 0 0 303 303 
9606.ENSP00000375872 9606.ENSP00000368831 0 0 0 0 0 0 164 164 
9606.ENSP00000375872 9606.ENSP00000401399 0 0 0 0 0 0 420 420 
9606.ENSP00000375872 9606.ENSP00000306253 0 0 0 63 0 0 149 168 
9606.ENSP00000375872 9606.ENSP00000306496 0 0 0 0 568 800 744 976 
9606.ENSP00000375872 9606.ENSP00000216274 0 0 0 0 57 0 187 201 
9606.ENSP00000375872 9606.ENSP00000299138 0 0 0 0 0 0 255 255 
9606.ENSP00000375872 9606.ENSP00000338812 0 0 0 0 336 0 0 336 
9606.ENSP00000375872 9606.ENSP00000295756 0 0 0 0 0 0 206 206 
9606.ENSP00000375872 9606.ENSP00000371067 0 0 0 0 57 0 312 323 
9606.ENSP00000375872 9606.ENSP00000294728 0 0 0 0 0 0 195 195 
9606.ENSP00000375872 9606.ENSP00000264657 0 0 0 63 0 0 384 398 
9606.ENSP00000375872 9606.ENSP00000261267 0 0 0 0 0 0 191 191 
9606.ENSP00000375872 9606.ENSP00000478755 0 0 0 0 156 0 0 156 
9606.ENSP00000375872 9606.ENSP00000257017 0 0 0 0 343 0 576 710 
9606.ENSP00000375872 9606.ENSP00000358045 0 0 0 0 0 0 422 422 
9606.ENSP00000375872 9606.ENSP00000379110 0 0 0 0 0 0 188 188 
9606.ENSP00000375872 9606.ENSP00000229134 0 0 0 0 0 0 172 172 
9606.ENSP00000375872 9606.ENSP00000363317 0 0 0 63 0 0 322 338 
9606.ENSP00000375872 9606.ENSP00000356919 0 0 0 0 0 0 347 347 
9606.ENSP00000375872 9606.ENSP00000260118 0 0 0 0 0 0 180 180 
9606.ENSP00000375872 9606.ENSP00000430684 0 0 0 0 78 0 186 217 
9606.ENSP00000375872 9606.ENSP00000262888 0 0 0 0 0 0 171 171 
9606.ENSP00000375872 9606.ENSP00000219476 0 0 0 51 0 0 344 351 
9606.ENSP00000375872 9606.ENSP00000254436 0 0 0 61 0 0 254 270 
9606.ENSP00000375872 9606.ENSP00000359233 0 0 0 0 0 0 169 169 
9606.ENSP00000375872 9606.ENSP00000354932 0 0 0 0 0 0 445 445 
9606.ENSP00000375872 9606.ENSP00000262139 0 0 0 62 0 800 787 956 
9606.ENSP00000375872 9606.ENSP00000353224 0 0 0 0 0 0 211 211 
9606.ENSP00000375872 9606.ENSP00000409131 0 0 194 63 0 0 0 212 
9606.ENSP00000375872 9606.ENSP00000352833 0 0 0 62 0 0 390 403 
9606.ENSP00000375872 9606.ENSP00000331313 0 0 343 49 0 0 0 348 
9606.ENSP00000375872 9606.ENSP00000358081 0 0 0 0 0 0 199 199 
9606.ENSP00000375872 9606.ENSP00000282185 0 0 0 0 0 900 891 988 
9606.ENSP00000375872 9606.ENSP00000298705 0 0 0 0 0 0 224 224 
9606.ENSP00000375872 9606.ENSP00000263791 0 0 0 0 0 0 274 274 
9606.ENSP00000375872 9606.ENSP00000225831 0 0 0 0 0 0 167 167 
9606.ENSP00000375872 9606.ENSP00000323926 0 0 0 0 0 0 258 258 
9606.ENSP00000375872 9606.ENSP00000479606 0 0 0 0 305 0 571 689 
9606.ENSP00000375872 9606.ENSP00000467123 0 0 0 0 0 0 209 209 
9606.ENSP00000375872 9606.ENSP00000340691 0 0 0 0 0 0 167 167 
9606.ENSP00000375872 9606.ENSP00000376024 0 0 0 0 0 0 159 159 
9606.ENSP00000375872 9606.ENSP00000171111 0 0 0 0 0 0 234 234 
9606.ENSP00000375872 9606.ENSP00000387266 0 0 0 0 0 0 228 228 
9606.ENSP00000375872 9606.ENSP00000385247 0 0 0 0 63 0 186 204 
9606.ENSP00000375872 9606.ENSP00000302846 0 0 0 0 0 0 315 315 
9606.ENSP00000375872 9606.ENSP00000228534 0 0 0 0 0 0 215 215 
9606.ENSP00000375872 9606.ENSP00000379601 0 0 0 0 0 0 150 150 
9606.ENSP00000375872 9606.ENSP00000258534 0 0 0 0 0 0 353 353 
9606.ENSP00000375872 9606.ENSP00000300584 0 0 0 0 0 0 172 172 
9606.ENSP00000375872 9606.ENSP00000415434 0 0 0 62 0 0 529 540 
9606.ENSP00000375872 9606.ENSP00000295131 0 0 0 61 157 0 0 174 
9606.ENSP00000375872 9606.ENSP00000386710 0 0 0 0 0 0 830 830 
9606.ENSP00000375872 9606.ENSP00000295025 0 0 0 0 0 0 188 188 
9606.ENSP00000375872 9606.ENSP00000383715 0 0 0 0 0 0 284 284 
9606.ENSP00000375872 9606.ENSP00000425107 0 0 0 0 473 900 940 996 
9606.ENSP00000375872 9606.ENSP00000353238 0 0 0 0 0 0 296 296 
9606.ENSP00000375872 9606.ENSP00000220764 0 0 0 0 0 0 250 250 
9606.ENSP00000375872 9606.ENSP00000477341 0 0 0 63 0 0 135 155 
9606.ENSP00000375872 9606.ENSP00000344192 0 0 0 0 0 0 378 378 
9606.ENSP00000375872 9606.ENSP00000297436 0 0 0 0 0 0 403 403 
9606.ENSP00000375872 9606.ENSP00000433205 0 0 0 0 0 0 163 163 
9606.ENSP00000375872 9606.ENSP00000339754 0 0 0 0 0 0 547 547 
9606.ENSP00000375872 9606.ENSP00000363308 0 0 369 61 0 0 0 382 
9606.ENSP00000375872 9606.ENSP00000262640 0 0 0 0 0 0 358 358 
9606.ENSP00000375872 9606.ENSP00000254301 0 0 0 0 0 0 165 165 
9606.ENSP00000375872 9606.ENSP00000338814 0 0 0 0 0 0 178 178 
9606.ENSP00000375872 9606.ENSP00000391747 0 0 0 0 0 0 398 398 
9606.ENSP00000375872 9606.ENSP00000356505 0 0 0 62 0 0 171 189 
9606.ENSP00000375872 9606.ENSP00000431926 0 0 0 63 0 0 660 668 
9606.ENSP00000375872 9606.ENSP00000384651 0 0 0 0 0 0 302 302 
9606.ENSP00000375872 9606.ENSP00000217109 0 0 160 0 0 0 0 160 
9606.ENSP00000375872 9606.ENSP00000448165 0 0 171 60 0 0 107 243 
9606.ENSP00000375872 9606.ENSP00000479134 0 0 0 62 134 0 139 239 
9606.ENSP00000375872 9606.ENSP00000381981 0 0 0 61 157 0 0 174 
9606.ENSP00000375872 9606.ENSP00000273047 0 0 0 0 0 0 384 384 
9606.ENSP00000375872 9606.ENSP00000392206 0 0 0 0 0 0 270 270 
9606.ENSP00000375872 9606.ENSP00000260010 0 0 0 0 336 0 510 660 
9606.ENSP00000375872 9606.ENSP00000265097 0 0 312 57 0 0 0 323 
9606.ENSP00000375872 9606.ENSP00000348455 0 0 0 0 0 0 769 769 
9606.ENSP00000375872 9606.ENSP00000247178 0 0 0 61 0 0 869 872 
9606.ENSP00000375872 9606.ENSP00000449089 0 0 0 0 0 0 165 165 
9606.ENSP00000375872 9606.ENSP00000263025 0 0 0 55 0 0 151 163 
9606.ENSP00000375872 9606.ENSP00000263642 0 0 0 0 0 0 284 284 
9606.ENSP00000375872 9606.ENSP00000312671 0 0 0 0 0 0 153 153 
9606.ENSP00000375872 9606.ENSP00000360154 0 0 0 62 0 0 163 181 
9606.ENSP00000375872 9606.ENSP00000265038 0 0 226 0 0 0 0 226 
9606.ENSP00000375872 9606.ENSP00000300935 0 0 0 0 0 0 169 169 
9606.ENSP00000375872 9606.ENSP00000324560 0 0 0 0 796 0 822 962 
9606.ENSP00000375872 9606.ENSP00000263864 0 0 0 0 0 0 308 308 
9606.ENSP00000375872 9606.ENSP00000306906 0 0 0 61 157 0 0 174 
9606.ENSP00000375872 9606.ENSP00000443411 0 0 0 0 0 0 473 473 
9606.ENSP00000375872 9606.ENSP00000470082 0 0 0 0 336 0 237 472 
9606.ENSP00000375872 9606.ENSP00000380334 0 0 0 0 0 0 382 382 
9606.ENSP00000375872 9606.ENSP00000357153 0 0 0 0 0 0 206 206 
9606.ENSP00000375872 9606.ENSP00000397178 0 0 0 55 0 0 368 378 
9606.ENSP00000375872 9606.ENSP00000356331 0 0 0 0 0 0 235 235 
9606.ENSP00000375872 9606.ENSP00000212015 0 0 0 55 0 0 210 221 
9606.ENSP00000375872 9606.ENSP00000338413 0 0 0 0 0 0 247 247 
9606.ENSP00000375872 9606.ENSP00000164133 0 0 0 0 194 0 0 194 
9606.ENSP00000375872 9606.ENSP00000378769 0 0 0 116 0 0 153 219 
9606.ENSP00000375872 9606.ENSP00000351682 0 0 0 0 0 0 233 233 
9606.ENSP00000375872 9606.ENSP00000268125 0 0 0 0 156 0 0 156 
9606.ENSP00000375872 9606.ENSP00000351832 0 0 0 0 0 0 172 172 
9606.ENSP00000375872 9606.ENSP00000275162 0 0 0 0 156 0 0 156 
9606.ENSP00000375872 9606.ENSP00000335193 0 0 0 61 0 0 211 227 
9606.ENSP00000375872 9606.ENSP00000359504 0 0 0 0 0 0 154 154 
9606.ENSP00000375872 9606.ENSP00000356426 0 0 0 0 0 0 214 214 
9606.ENSP00000375872 9606.ENSP00000296137 0 0 0 0 0 0 284 284 
9606.ENSP00000375872 9606.ENSP00000462729 0 0 0 61 0 0 174 191 
9606.ENSP00000375872 9606.ENSP00000296871 0 0 0 0 0 0 178 178 
9606.ENSP00000375872 9606.ENSP00000264414 0 0 0 61 0 0 141 158 
9606.ENSP00000375872 9606.ENSP00000288266 0 0 0 62 0 0 198 216 
9606.ENSP00000375872 9606.ENSP00000322439 0 0 0 0 0 0 418 418 
9606.ENSP00000375872 9606.ENSP00000222481 0 0 0 0 0 0 150 150 
9606.ENSP00000375872 9606.ENSP00000345672 0 0 0 0 0 0 284 284 
9606.ENSP00000375872 9606.ENSP00000011292 0 0 0 0 0 0 150 150 
9606.ENSP00000375872 9606.ENSP00000380378 0 0 177 63 0 0 0 196 
9606.ENSP00000375872 9606.ENSP00000468767 0 0 0 0 0 0 158 158 
9606.ENSP00000375872 9606.ENSP00000385090 0 0 0 0 0 0 440 440 
9606.ENSP00000375872 9606.ENSP00000293255 0 0 0 0 127 0 99 179 
9606.ENSP00000375872 9606.ENSP00000354340 0 0 0 0 0 0 272 272 
9606.ENSP00000375872 9606.ENSP00000355566 0 0 0 0 0 0 199 199 
9606.ENSP00000375872 9606.ENSP00000238256 0 0 0 0 0 0 181 181 
9606.ENSP00000375872 9606.ENSP00000355605 0 0 0 0 0 0 226 226 
9606.ENSP00000375872 9606.ENSP00000341762 0 0 0 0 0 0 151 151 
9606.ENSP00000375872 9606.ENSP00000331636 0 0 0 0 63 0 186 204 
9606.ENSP00000375872 9606.ENSP00000386378 0 0 0 0 0 0 406 406 
9606.ENSP00000375872 9606.ENSP00000232888 0 0 162 62 0 0 0 181 
9606.ENSP00000375872 9606.ENSP00000381023 0 0 0 0 0 0 239 239 
9606.ENSP00000375872 9606.ENSP00000359424 0 0 0 0 78 0 187 218 
9606.ENSP00000375872 9606.ENSP00000463393 0 0 0 0 0 0 201 201 
9606.ENSP00000375872 9606.ENSP00000305193 0 0 0 0 0 0 430 430 
9606.ENSP00000375872 9606.ENSP00000231228 0 0 0 0 0 0 212 212 
9606.ENSP00000375872 9606.ENSP00000283351 0 0 0 64 0 0 162 182 
9606.ENSP00000375872 9606.ENSP00000387535 0 0 0 0 0 0 295 295 
9606.ENSP00000375872 9606.ENSP00000343952 0 0 0 0 0 0 284 284 
9606.ENSP00000375872 9606.ENSP00000337432 0 0 0 0 0 0 167 167 
9606.ENSP00000375872 9606.ENSP00000400312 0 0 0 0 76 0 434 454 
9606.ENSP00000375872 9606.ENSP00000387334 0 0 0 0 0 0 430 430 
9606.ENSP00000375872 9606.ENSP00000479618 0 0 0 0 0 0 220 220 
9606.ENSP00000375872 9606.ENSP00000392828 0 0 0 0 0 0 230 230 
9606.ENSP00000375872 9606.ENSP00000282041 0 0 0 62 0 0 368 381 
9606.ENSP00000375872 9606.ENSP00000400972 0 0 0 0 0 0 270 270 
9606.ENSP00000375872 9606.ENSP00000334474 0 0 0 0 0 0 150 150 
9606.ENSP00000375872 9606.ENSP00000424598 0 0 0 0 0 0 222 222 
9606.ENSP00000375872 9606.ENSP00000393559 0 0 0 64 0 0 161 181 
9606.ENSP00000375872 9606.ENSP00000428564 0 0 0 59 0 0 159 174 
9606.ENSP00000375872 9606.ENSP00000471457 0 0 0 0 0 0 218 218 
9606.ENSP00000375872 9606.ENSP00000481878 0 0 151 61 0 0 0 169 
9606.ENSP00000375872 9606.ENSP00000385675 0 0 0 0 0 0 398 398 
9606.ENSP00000375872 9606.ENSP00000300289 0 0 0 63 0 0 148 167 
9606.ENSP00000375872 9606.ENSP00000364235 0 0 0 0 0 0 192 192 
9606.ENSP00000375872 9606.ENSP00000348848 0 0 0 0 0 0 580 580 
9606.ENSP00000375872 9606.ENSP00000474823 0 0 0 61 157 0 0 174 
9606.ENSP00000375872 9606.ENSP00000369810 0 0 0 0 0 0 167 167 
9606.ENSP00000375872 9606.ENSP00000362108 0 0 0 0 0 0 211 211 
9606.ENSP00000375872 9606.ENSP00000361306 0 0 0 62 0 0 720 726 
9606.ENSP00000375872 9606.ENSP00000402653 0 0 169 0 0 0 0 169 
9606.ENSP00000375872 9606.ENSP00000292363 0 0 0 61 157 0 0 174 
9606.ENSP00000375872 9606.ENSP00000310275 0 0 0 0 0 0 351 351 
9606.ENSP00000375872 9606.ENSP00000216714 0 0 0 0 0 0 214 214 
9606.ENSP00000375872 9606.ENSP00000254950 0 0 0 62 0 0 153 171 
9606.ENSP00000375872 9606.ENSP00000244314 0 0 0 0 0 0 521 521 
9606.ENSP00000375872 9606.ENSP00000181383 0 0 0 0 0 0 542 542 
9606.ENSP00000375872 9606.ENSP00000323587 0 0 0 0 0 0 297 297 
9606.ENSP00000375872 9606.ENSP00000355028 0 0 0 61 157 0 0 174 
9606.ENSP00000375872 9606.ENSP00000339398 0 0 0 0 0 0 265 265 
9606.ENSP00000375872 9606.ENSP00000417222 0 0 0 0 0 0 150 150 
9606.ENSP00000375872 9606.ENSP00000268704 0 0 0 0 0 0 244 244 
9606.ENSP00000375872 9606.ENSP00000253063 0 0 0 63 0 0 172 191 
9606.ENSP00000375872 9606.ENSP00000448182 0 0 0 0 0 0 213 213 
9606.ENSP00000375872 9606.ENSP00000227638 0 0 0 0 0 0 153 153 
9606.ENSP00000375872 9606.ENSP00000351742 0 0 0 0 0 0 436 436 
9606.ENSP00000375872 9606.ENSP00000321546 0 0 0 0 0 0 168 168 
9606.ENSP00000375872 9606.ENSP00000351100 0 0 303 61 0 0 0 317 
9606.ENSP00000375872 9606.ENSP00000349467 0 0 0 0 185 0 89 225 
9606.ENSP00000375872 9606.ENSP00000222399 0 0 0 0 0 0 418 418 
9606.ENSP00000375872 9606.ENSP00000216177 0 0 0 0 0 0 151 151 
9606.ENSP00000375872 9606.ENSP00000352039 0 0 0 0 0 0 167 167 
9606.ENSP00000375872 9606.ENSP00000433138 0 0 0 0 379 0 565 718 
9606.ENSP00000375872 9606.ENSP00000463069 0 0 0 61 157 0 0 174 
9606.ENSP00000375872 9606.ENSP00000401980 0 0 0 61 0 0 348 361 
9606.ENSP00000375872 9606.ENSP00000365962 0 0 0 0 0 0 260 260 
9606.ENSP00000375872 9606.ENSP00000296484 0 0 160 0 0 0 0 160 
9606.ENSP00000375872 9606.ENSP00000428402 0 0 0 0 156 0 0 156 
9606.ENSP00000375872 9606.ENSP00000368771 0 0 0 0 0 0 370 370 
9606.ENSP00000375872 9606.ENSP00000364263 0 0 0 61 0 0 260 276 
9606.ENSP00000375872 9606.ENSP00000386559 0 0 0 0 0 0 186 186 
9606.ENSP00000375872 9606.ENSP00000256496 0 0 0 0 0 0 171 171 
9606.ENSP00000375872 9606.ENSP00000268607 0 0 0 62 137 900 764 978 
9606.ENSP00000375872 9606.ENSP00000457513 0 0 0 0 0 0 169 169 
9606.ENSP00000375872 9606.ENSP00000348753 0 0 0 0 0 0 164 164 
9606.ENSP00000375872 9606.ENSP00000300589 0 0 0 0 379 800 934 991 
9606.ENSP00000375872 9606.ENSP00000261461 0 0 0 0 260 0 0 260 
9606.ENSP00000375872 9606.ENSP00000448665 0 0 0 0 0 0 267 267 
9606.ENSP00000375872 9606.ENSP00000304915 0 0 0 0 0 0 260 260 
9606.ENSP00000375872 9606.ENSP00000405574 0 0 149 64 0 0 0 169 
9606.ENSP00000375872 9606.ENSP00000270142 0 0 0 0 0 0 165 165 
9606.ENSP00000375872 9606.ENSP00000304642 0 0 0 0 0 0 150 150 
9606.ENSP00000375872 9606.ENSP00000215730 0 0 0 0 0 0 347 347 
9606.ENSP00000375872 9606.ENSP00000269439 0 0 0 61 157 0 0 174 
9606.ENSP00000375872 9606.ENSP00000321345 0 0 0 0 0 0 732 732 
9606.ENSP00000375872 9606.ENSP00000351908 0 0 0 0 0 0 169 169 
9606.ENSP00000375872 9606.ENSP00000363389 0 0 0 0 62 0 168 186 
9606.ENSP00000375872 9606.ENSP00000428220 0 0 0 0 358 0 862 907 
9606.ENSP00000375872 9606.ENSP00000280357 0 0 0 0 0 0 549 549 
9606.ENSP00000375872 9606.ENSP00000305255 0 0 0 0 0 0 418 418 
9606.ENSP00000375872 9606.ENSP00000357256 0 0 0 0 224 0 0 224 
9606.ENSP00000375872 9606.ENSP00000297439 0 0 0 0 0 0 183 183 
9606.ENSP00000375872 9606.ENSP00000365402 0 0 0 0 0 0 252 252 
9606.ENSP00000375872 9606.ENSP00000321239 0 0 0 0 0 0 231 231 
9606.ENSP00000375872 9606.ENSP00000223136 0 0 0 0 0 0 171 171 
9606.ENSP00000375872 9606.ENSP00000357625 0 0 0 0 0 0 507 507 
9606.ENSP00000375872 9606.ENSP00000333298 0 0 0 0 0 0 634 634 
9606.ENSP00000375872 9606.ENSP00000266674 0 0 0 0 0 0 150 150 
9606.ENSP00000375872 9606.ENSP00000413572 0 0 159 0 0 0 97 208 
9606.ENSP00000375872 9606.ENSP00000220751 0 0 0 0 57 0 550 558 
9606.ENSP00000375872 9606.ENSP00000296343 0 0 0 0 0 0 649 649 
9606.ENSP00000375872 9606.ENSP00000274695 0 0 0 0 0 0 155 155 
9606.ENSP00000375872 9606.ENSP00000358092 0 0 0 0 0 0 218 218 
9606.ENSP00000375872 9606.ENSP00000291295 0 0 0 0 185 0 89 225 
9606.ENSP00000375872 9606.ENSP00000376390 0 0 0 0 0 0 237 237 
9606.ENSP00000375872 9606.ENSP00000450742 0 0 0 0 0 0 679 679 
9606.ENSP00000375872 9606.ENSP00000267622 0 0 0 0 182 0 73 209 
9606.ENSP00000375872 9606.ENSP00000215832 0 0 0 55 0 0 168 180 
9606.ENSP00000375872 9606.ENSP00000314214 0 0 0 0 0 0 153 153 
9606.ENSP00000375872 9606.ENSP00000349929 0 0 0 0 0 0 230 230 
9606.ENSP00000375872 9606.ENSP00000256257 0 0 0 61 157 0 0 174 
9606.ENSP00000375872 9606.ENSP00000295055 0 0 0 0 63 0 186 204 
9606.ENSP00000375872 9606.ENSP00000215637 0 0 0 0 0 0 220 220 
9606.ENSP00000375872 9606.ENSP00000361467 0 0 0 0 0 0 559 559 
9606.ENSP00000375872 9606.ENSP00000248450 0 0 305 0 0 0 46 308 
9606.ENSP00000375872 9606.ENSP00000386443 0 0 0 0 0 0 227 227 
9606.ENSP00000375872 9606.ENSP00000352522 0 0 0 0 0 0 167 167 
9606.ENSP00000375872 9606.ENSP00000383115 0 0 0 0 239 0 0 239 
9606.ENSP00000375872 9606.ENSP00000377456 0 0 0 0 0 0 246 246 
9606.ENSP00000375872 9606.ENSP00000262039 0 0 0 62 0 900 840 983 
9606.ENSP00000375872 9606.ENSP00000312652 0 0 0 0 0 0 282 282 
9606.ENSP00000375872 9606.ENSP00000263277 0 0 0 0 0 0 209 209 
9606.ENSP00000375872 9606.ENSP00000329890 0 0 0 0 0 0 440 440 
9606.ENSP00000375872 9606.ENSP00000264260 0 0 0 0 0 0 293 293 
9606.ENSP00000375872 9606.ENSP00000360290 0 0 0 63 0 0 142 161 
9606.ENSP00000375872 9606.ENSP00000386665 0 0 0 0 0 0 218 218 
9606.ENSP00000375872 9606.ENSP00000259400 0 0 0 0 0 0 600 600 
9606.ENSP00000375872 9606.ENSP00000366248 0 0 0 0 0 0 207 207 
9606.ENSP00000375872 9606.ENSP00000233735 0 0 0 0 0 0 222 222 
9606.ENSP00000375872 9606.ENSP00000307634 0 0 0 0 0 0 281 281 
9606.ENSP00000375872 9606.ENSP00000307305 0 0 0 0 0 0 169 169 
9606.ENSP00000375872 9606.ENSP00000316109 0 0 0 85 0 0 140 179 
9606.ENSP00000375872 9606.ENSP00000264380 0 0 0 62 0 0 270 286 
9606.ENSP00000375872 9606.ENSP00000248244 0 0 0 0 0 0 210 210 
9606.ENSP00000375872 9606.ENSP00000481126 0 0 0 0 0 0 230 230 
9606.ENSP00000375872 9606.ENSP00000365963 0 0 0 0 0 0 173 173 
9606.ENSP00000375872 9606.ENSP00000408411 0 0 0 0 0 0 501 501 
9606.ENSP00000375872 9606.ENSP00000298229 0 3 0 62 0 0 133 151 
9606.ENSP00000375872 9606.ENSP00000427687 0 0 156 61 0 0 0 174 
9606.ENSP00000375872 9606.ENSP00000362109 0 0 0 0 0 0 156 156 
9606.ENSP00000375872 9606.ENSP00000375653 0 0 0 0 0 0 265 265 
9606.ENSP00000375872 9606.ENSP00000441158 0 0 0 0 0 0 341 341 
9606.ENSP00000375872 9606.ENSP00000296003 0 0 0 117 0 0 264 322 
9606.ENSP00000375872 9606.ENSP00000411152 0 0 0 0 0 0 330 330 
9606.ENSP00000375872 9606.ENSP00000379111 0 0 0 0 0 0 252 252 
9606.ENSP00000375872 9606.ENSP00000362550 0 0 0 0 0 0 164 164 
9606.ENSP00000375872 9606.ENSP00000420617 0 0 0 0 0 0 193 193 
9606.ENSP00000375872 9606.ENSP00000304292 0 0 0 61 0 0 162 179 
9606.ENSP00000375872 9606.ENSP00000288828 0 0 0 62 294 900 866 990 
9606.ENSP00000375872 9606.ENSP00000325421 0 0 0 0 0 0 165 165 
