9606.ENSP00000359446 9606.ENSP00000294053 0 0 0 0 0 0 163 163 
9606.ENSP00000359446 9606.ENSP00000364907 0 0 0 0 0 0 173 173 
9606.ENSP00000359446 9606.ENSP00000244527 0 0 0 160 0 0 43 162 
9606.ENSP00000359446 9606.ENSP00000300060 0 0 0 63 0 0 217 234 
9606.ENSP00000359446 9606.ENSP00000295688 0 0 0 0 0 0 186 186 
9606.ENSP00000359446 9606.ENSP00000301466 0 0 0 97 0 0 139 189 
9606.ENSP00000359446 9606.ENSP00000319464 0 0 0 86 379 900 900 993 
9606.ENSP00000359446 9606.ENSP00000358106 0 0 0 0 0 0 219 219 
9606.ENSP00000359446 9606.ENSP00000290776 0 0 0 63 0 0 183 201 
9606.ENSP00000359446 9606.ENSP00000325296 0 0 0 0 0 0 643 643 
9606.ENSP00000359446 9606.ENSP00000342056 0 0 0 0 0 0 152 152 
9606.ENSP00000359446 9606.ENSP00000379138 0 0 0 207 0 0 49 214 
9606.ENSP00000359446 9606.ENSP00000317971 0 0 0 0 0 0 228 228 
9606.ENSP00000359446 9606.ENSP00000436318 0 0 0 61 0 0 241 257 
9606.ENSP00000359446 9606.ENSP00000257861 0 0 0 63 0 0 202 220 
9606.ENSP00000359446 9606.ENSP00000318486 0 0 0 88 0 0 120 163 
9606.ENSP00000359446 9606.ENSP00000295256 0 0 0 0 0 0 171 171 
9606.ENSP00000359446 9606.ENSP00000329374 0 0 0 346 0 0 50 353 
9606.ENSP00000359446 9606.ENSP00000398481 0 0 0 61 0 0 204 220 
9606.ENSP00000359446 9606.ENSP00000262290 0 0 0 77 0 0 250 278 
9606.ENSP00000359446 9606.ENSP00000308716 0 0 0 172 0 0 0 172 
9606.ENSP00000359446 9606.ENSP00000314508 0 0 0 62 0 0 159 177 
9606.ENSP00000359446 9606.ENSP00000359606 0 0 0 0 0 0 173 173 
9606.ENSP00000359446 9606.ENSP00000447378 0 0 0 64 0 0 283 300 
9606.ENSP00000359446 9606.ENSP00000356236 0 0 0 109 0 0 94 158 
9606.ENSP00000359446 9606.ENSP00000381133 0 0 0 231 0 0 116 291 
9606.ENSP00000359446 9606.ENSP00000283713 0 0 0 63 0 0 202 220 
9606.ENSP00000359446 9606.ENSP00000295113 0 0 0 0 0 0 173 173 
9606.ENSP00000359446 9606.ENSP00000302079 0 0 0 0 0 0 267 267 
9606.ENSP00000359446 9606.ENSP00000420237 0 0 0 0 0 0 288 288 
9606.ENSP00000359446 9606.ENSP00000385143 0 0 0 0 0 0 161 161 
9606.ENSP00000359446 9606.ENSP00000298892 0 0 0 51 0 0 150 159 
9606.ENSP00000359446 9606.ENSP00000479322 0 0 0 63 0 0 544 554 
9606.ENSP00000359446 9606.ENSP00000226730 0 0 0 0 0 0 165 165 
9606.ENSP00000359446 9606.ENSP00000251047 0 0 0 0 0 0 204 204 
9606.ENSP00000359446 9606.ENSP00000374069 0 0 0 164 0 0 163 270 
9606.ENSP00000359446 9606.ENSP00000418009 0 0 0 0 0 0 241 241 
9606.ENSP00000359446 9606.ENSP00000283871 0 0 0 108 0 0 148 208 
9606.ENSP00000359446 9606.ENSP00000264972 0 0 0 0 0 0 173 173 
9606.ENSP00000359446 9606.ENSP00000323568 0 0 0 173 0 0 0 173 
9606.ENSP00000359446 9606.ENSP00000350541 0 0 0 50 0 0 181 188 
9606.ENSP00000359446 9606.ENSP00000353731 0 0 0 87 0 0 228 265 
9606.ENSP00000359446 9606.ENSP00000256707 0 0 0 61 55 0 131 161 
9606.ENSP00000359446 9606.ENSP00000333203 0 0 0 152 0 0 63 171 
9606.ENSP00000359446 9606.ENSP00000478310 0 0 0 0 0 0 208 208 
9606.ENSP00000359446 9606.ENSP00000294724 0 0 0 63 0 0 179 197 
9606.ENSP00000359446 9606.ENSP00000326159 0 0 0 0 0 0 581 581 
9606.ENSP00000359446 9606.ENSP00000419879 0 0 0 0 0 0 157 157 
9606.ENSP00000359446 9606.ENSP00000248444 0 0 0 108 0 0 202 258 
9606.ENSP00000359446 9606.ENSP00000421566 0 0 0 61 0 0 133 151 
9606.ENSP00000359446 9606.ENSP00000355627 0 0 0 128 0 0 72 156 
9606.ENSP00000359446 9606.ENSP00000421725 0 0 0 133 0 0 283 352 
9606.ENSP00000359446 9606.ENSP00000268720 0 0 0 63 0 0 164 183 
9606.ENSP00000359446 9606.ENSP00000265132 0 0 0 337 0 0 108 384 
9606.ENSP00000359446 9606.ENSP00000236147 0 0 0 0 0 0 219 219 
9606.ENSP00000359446 9606.ENSP00000404570 0 0 0 0 0 0 158 158 
9606.ENSP00000359446 9606.ENSP00000342850 0 0 0 231 0 0 89 270 
9606.ENSP00000359446 9606.ENSP00000359520 0 0 0 0 0 0 704 704 
9606.ENSP00000359446 9606.ENSP00000367608 0 0 0 92 0 0 177 221 
9606.ENSP00000359446 9606.ENSP00000245907 0 0 0 82 379 900 356 958 
9606.ENSP00000359446 9606.ENSP00000255030 0 0 0 95 0 0 235 279 
9606.ENSP00000359446 9606.ENSP00000377958 0 0 0 0 0 0 189 189 
9606.ENSP00000359446 9606.ENSP00000205948 0 0 0 291 0 0 53 300 
9606.ENSP00000359446 9606.ENSP00000210633 0 0 0 0 0 0 638 638 
9606.ENSP00000359446 9606.ENSP00000398698 0 0 0 0 0 0 211 211 
9606.ENSP00000359446 9606.ENSP00000374205 0 0 0 0 0 0 347 347 
9606.ENSP00000359446 9606.ENSP00000232003 0 0 0 82 0 0 475 497 
9606.ENSP00000359446 9606.ENSP00000342026 0 0 0 0 0 0 167 167 
9606.ENSP00000359446 9606.ENSP00000294309 0 0 0 0 0 0 166 166 
9606.ENSP00000359446 9606.ENSP00000302620 0 0 0 126 0 0 74 157 
9606.ENSP00000359446 9606.ENSP00000387164 0 0 0 61 0 0 138 155 
9606.ENSP00000359446 9606.ENSP00000270560 0 0 0 191 0 0 0 191 
9606.ENSP00000359446 9606.ENSP00000295897 0 0 0 315 0 0 299 500 
9606.ENSP00000359446 9606.ENSP00000356382 0 0 0 229 0 0 106 281 
9606.ENSP00000359446 9606.ENSP00000301175 0 0 0 347 0 0 0 347 
9606.ENSP00000359446 9606.ENSP00000231368 0 0 0 63 0 0 154 173 
9606.ENSP00000359446 9606.ENSP00000226355 0 0 0 193 0 0 480 563 
9606.ENSP00000359446 9606.ENSP00000448517 0 0 77 0 0 0 145 177 
9606.ENSP00000359446 9606.ENSP00000356969 0 0 0 260 0 0 85 294 
9606.ENSP00000359446 9606.ENSP00000053243 0 0 0 0 0 0 169 169 
9606.ENSP00000359446 9606.ENSP00000222812 0 0 0 63 0 0 498 509 
9606.ENSP00000359446 9606.ENSP00000262415 0 0 0 0 0 0 201 201 
9606.ENSP00000359446 9606.ENSP00000411770 0 0 0 63 0 0 168 187 
9606.ENSP00000359446 9606.ENSP00000373215 0 0 0 61 0 0 204 220 
9606.ENSP00000359446 9606.ENSP00000349723 0 0 0 77 0 0 473 492 
9606.ENSP00000359446 9606.ENSP00000268676 0 0 0 0 0 0 169 169 
9606.ENSP00000359446 9606.ENSP00000284674 0 0 0 0 0 0 179 179 
9606.ENSP00000359446 9606.ENSP00000308938 0 0 0 95 0 0 295 334 
9606.ENSP00000359446 9606.ENSP00000378868 0 0 0 154 0 0 0 154 
9606.ENSP00000359446 9606.ENSP00000265023 0 0 0 110 379 0 700 819 
9606.ENSP00000359446 9606.ENSP00000220809 0 0 0 0 0 0 297 297 
9606.ENSP00000359446 9606.ENSP00000265070 0 0 0 63 0 0 390 403 
9606.ENSP00000359446 9606.ENSP00000243611 0 0 0 78 0 0 213 243 
9606.ENSP00000359446 9606.ENSP00000378588 0 0 0 0 0 0 235 235 
9606.ENSP00000359446 9606.ENSP00000359319 0 0 0 0 0 0 344 344 
9606.ENSP00000359446 9606.ENSP00000188790 0 0 0 87 0 0 151 191 
9606.ENSP00000359446 9606.ENSP00000219599 0 0 0 0 0 0 398 398 
9606.ENSP00000359446 9606.ENSP00000458791 0 0 0 0 0 0 187 187 
9606.ENSP00000359446 9606.ENSP00000440077 0 0 0 62 0 0 146 164 
9606.ENSP00000359446 9606.ENSP00000351430 0 0 0 0 0 0 163 163 
9606.ENSP00000359446 9606.ENSP00000377055 0 0 0 63 0 0 282 298 
9606.ENSP00000359446 9606.ENSP00000265403 0 0 0 353 0 0 0 353 
9606.ENSP00000359446 9606.ENSP00000482264 0 0 0 62 0 0 177 195 
9606.ENSP00000359446 9606.ENSP00000361287 0 0 0 230 0 0 0 230 
9606.ENSP00000359446 9606.ENSP00000354886 0 0 0 159 0 0 0 159 
9606.ENSP00000359446 9606.ENSP00000405327 0 0 0 0 0 0 154 154 
9606.ENSP00000359446 9606.ENSP00000454071 0 0 0 0 0 0 167 167 
9606.ENSP00000359446 9606.ENSP00000216200 0 0 0 63 0 0 174 193 
9606.ENSP00000359446 9606.ENSP00000256958 0 0 0 171 0 0 0 171 
9606.ENSP00000359446 9606.ENSP00000365233 0 0 0 66 0 0 159 180 
9606.ENSP00000359446 9606.ENSP00000447149 0 0 0 174 0 0 0 174 
9606.ENSP00000359446 9606.ENSP00000386942 0 0 0 0 0 0 173 173 
9606.ENSP00000359446 9606.ENSP00000234071 0 0 0 181 0 0 0 181 
9606.ENSP00000359446 9606.ENSP00000326563 0 0 0 0 325 0 0 325 
9606.ENSP00000359446 9606.ENSP00000261205 0 0 0 109 0 0 94 158 
9606.ENSP00000359446 9606.ENSP00000373620 0 0 0 0 0 0 669 669 
9606.ENSP00000359446 9606.ENSP00000354775 0 0 0 0 0 0 174 174 
9606.ENSP00000359446 9606.ENSP00000297770 0 0 0 0 0 0 241 241 
9606.ENSP00000359446 9606.ENSP00000264870 0 0 0 0 0 0 228 228 
9606.ENSP00000359446 9606.ENSP00000380432 0 0 0 0 0 0 198 198 
9606.ENSP00000359446 9606.ENSP00000254227 0 0 0 158 0 0 0 158 
9606.ENSP00000359446 9606.ENSP00000404860 0 0 0 61 0 0 179 196 
9606.ENSP00000359446 9606.ENSP00000264376 0 0 0 0 0 0 169 169 
9606.ENSP00000359446 9606.ENSP00000283268 0 0 0 61 0 0 549 558 
9606.ENSP00000359446 9606.ENSP00000308541 0 0 0 353 0 0 187 452 
9606.ENSP00000359446 9606.ENSP00000396688 0 0 0 62 0 0 330 344 
9606.ENSP00000359446 9606.ENSP00000355133 0 0 0 63 0 0 299 315 
9606.ENSP00000359446 9606.ENSP00000276414 0 0 0 63 0 0 314 329 
9606.ENSP00000359446 9606.ENSP00000355500 0 0 0 0 148 0 67 171 
9606.ENSP00000359446 9606.ENSP00000264956 0 0 0 0 0 0 181 181 
9606.ENSP00000359446 9606.ENSP00000242285 0 0 0 0 0 0 173 173 
9606.ENSP00000359446 9606.ENSP00000366673 0 0 0 0 0 0 203 203 
9606.ENSP00000359446 9606.ENSP00000360522 0 0 0 142 0 0 65 164 
9606.ENSP00000359446 9606.ENSP00000394936 0 0 0 213 0 0 0 213 
9606.ENSP00000359446 9606.ENSP00000441828 0 0 0 98 0 0 143 194 
9606.ENSP00000359446 9606.ENSP00000381859 0 0 0 0 0 0 223 223 
9606.ENSP00000359446 9606.ENSP00000295718 0 0 0 164 0 0 163 270 
9606.ENSP00000359446 9606.ENSP00000384092 0 0 0 61 0 0 220 236 
9606.ENSP00000359446 9606.ENSP00000385828 0 0 0 0 0 0 242 242 
9606.ENSP00000359446 9606.ENSP00000323929 0 0 0 64 0 0 195 214 
9606.ENSP00000359446 9606.ENSP00000219281 0 0 0 0 0 0 266 266 
9606.ENSP00000359446 9606.ENSP00000448059 0 0 0 203 0 0 75 232 
9606.ENSP00000359446 9606.ENSP00000353401 0 0 0 0 0 0 282 282 
9606.ENSP00000359446 9606.ENSP00000259037 0 0 0 0 0 0 173 173 
9606.ENSP00000359446 9606.ENSP00000379157 0 0 0 0 0 0 191 191 
9606.ENSP00000359446 9606.ENSP00000302961 0 0 0 0 0 0 187 187 
9606.ENSP00000359446 9606.ENSP00000362095 0 0 0 49 0 0 144 151 
9606.ENSP00000359446 9606.ENSP00000477141 0 0 0 63 0 0 168 187 
9606.ENSP00000359446 9606.ENSP00000322061 0 0 0 0 0 0 565 565 
9606.ENSP00000359446 9606.ENSP00000321334 0 0 0 128 0 0 100 181 
9606.ENSP00000359446 9606.ENSP00000384906 0 0 0 61 0 0 144 161 
9606.ENSP00000359446 9606.ENSP00000325548 0 0 0 0 0 0 242 242 
9606.ENSP00000359446 9606.ENSP00000350425 0 0 0 114 0 0 116 184 
9606.ENSP00000359446 9606.ENSP00000175238 0 0 0 59 0 0 142 158 
9606.ENSP00000359446 9606.ENSP00000297142 0 0 0 63 0 0 166 185 
9606.ENSP00000359446 9606.ENSP00000355014 0 0 0 0 0 0 175 175 
9606.ENSP00000359446 9606.ENSP00000272286 0 0 0 160 0 0 0 160 
9606.ENSP00000359446 9606.ENSP00000359423 0 0 0 0 0 0 175 175 
9606.ENSP00000359446 9606.ENSP00000354458 0 0 0 361 0 0 0 361 
9606.ENSP00000359446 9606.ENSP00000259396 0 0 0 183 0 0 0 183 
9606.ENSP00000359446 9606.ENSP00000365720 0 0 0 62 0 0 266 282 
9606.ENSP00000359446 9606.ENSP00000367623 0 0 0 0 0 0 173 173 
9606.ENSP00000359446 9606.ENSP00000472620 0 0 0 0 0 0 213 213 
9606.ENSP00000359446 9606.ENSP00000218099 0 0 0 152 0 0 73 180 
9606.ENSP00000359446 9606.ENSP00000325819 0 0 0 0 0 0 152 152 
9606.ENSP00000359446 9606.ENSP00000262878 0 0 0 0 0 0 173 173 
9606.ENSP00000359446 9606.ENSP00000422185 0 0 0 0 0 0 155 155 
9606.ENSP00000359446 9606.ENSP00000306100 0 0 0 63 0 0 138 157 
9606.ENSP00000359446 9606.ENSP00000264690 0 0 0 62 0 0 399 412 
9606.ENSP00000359446 9606.ENSP00000430711 0 0 0 61 0 0 136 154 
9606.ENSP00000359446 9606.ENSP00000456026 0 0 0 210 0 0 0 210 
9606.ENSP00000359446 9606.ENSP00000357858 0 0 0 0 101 0 94 150 
9606.ENSP00000359446 9606.ENSP00000276416 0 0 0 50 0 0 142 150 
9606.ENSP00000359446 9606.ENSP00000354812 0 207 0 0 0 0 0 207 
9606.ENSP00000359446 9606.ENSP00000415769 0 0 0 226 0 0 69 248 
9606.ENSP00000359446 9606.ENSP00000393887 0 0 0 360 0 0 41 360 
9606.ENSP00000359446 9606.ENSP00000439170 0 0 0 0 0 0 716 716 
9606.ENSP00000359446 9606.ENSP00000359575 0 0 0 63 0 0 169 188 
9606.ENSP00000359446 9606.ENSP00000361562 0 0 0 64 0 0 206 225 
9606.ENSP00000359446 9606.ENSP00000376178 0 0 0 0 0 0 173 173 
9606.ENSP00000359446 9606.ENSP00000295934 0 0 0 0 0 0 226 226 
9606.ENSP00000359446 9606.ENSP00000308315 0 0 0 0 0 0 188 188 
9606.ENSP00000359446 9606.ENSP00000336829 0 0 0 352 0 0 0 352 
9606.ENSP00000359446 9606.ENSP00000306361 0 0 0 346 0 0 145 417 
9606.ENSP00000359446 9606.ENSP00000335024 0 0 0 353 0 0 50 359 
9606.ENSP00000359446 9606.ENSP00000358999 0 0 0 0 0 0 188 188 
9606.ENSP00000359446 9606.ENSP00000302913 0 0 0 61 0 0 139 156 
9606.ENSP00000359446 9606.ENSP00000415941 0 0 0 62 0 0 320 334 
9606.ENSP00000359446 9606.ENSP00000219070 0 0 0 135 0 0 72 163 
9606.ENSP00000359446 9606.ENSP00000364731 0 0 0 159 0 0 0 159 
9606.ENSP00000359446 9606.ENSP00000237014 0 0 0 132 0 0 125 208 
9606.ENSP00000359446 9606.ENSP00000363089 0 0 0 0 0 0 161 161 
9606.ENSP00000359446 9606.ENSP00000253496 0 0 0 83 0 0 167 203 
9606.ENSP00000359446 9606.ENSP00000265388 0 0 0 0 0 0 281 281 
9606.ENSP00000359446 9606.ENSP00000379607 0 0 0 0 0 0 311 311 
9606.ENSP00000359446 9606.ENSP00000230256 0 0 0 175 0 0 0 175 
9606.ENSP00000359446 9606.ENSP00000263100 0 0 0 0 0 0 485 485 
9606.ENSP00000359446 9606.ENSP00000356448 0 0 0 88 0 0 130 172 
9606.ENSP00000359446 9606.ENSP00000364320 0 0 0 0 0 0 234 234 
9606.ENSP00000359446 9606.ENSP00000233242 0 0 0 230 0 0 153 320 
9606.ENSP00000359446 9606.ENSP00000359478 0 0 0 162 0 0 0 162 
9606.ENSP00000359446 9606.ENSP00000356037 0 0 0 97 0 0 105 158 
9606.ENSP00000359446 9606.ENSP00000360660 0 0 0 171 0 0 176 287 
9606.ENSP00000359446 9606.ENSP00000361366 0 0 0 0 0 0 209 209 
9606.ENSP00000359446 9606.ENSP00000301420 0 0 0 61 0 0 384 396 
9606.ENSP00000359446 9606.ENSP00000264613 0 0 0 91 0 0 355 389 
9606.ENSP00000359446 9606.ENSP00000286918 0 0 0 0 63 0 134 153 
9606.ENSP00000359446 9606.ENSP00000326411 0 0 0 0 0 0 688 688 
9606.ENSP00000359446 9606.ENSP00000401112 0 0 0 0 0 0 440 440 
9606.ENSP00000359446 9606.ENSP00000403954 0 0 0 63 0 0 511 522 
9606.ENSP00000359446 9606.ENSP00000321853 0 0 0 196 0 0 140 279 
9606.ENSP00000359446 9606.ENSP00000339933 0 0 0 159 0 0 0 159 
9606.ENSP00000359446 9606.ENSP00000262965 0 0 0 0 0 0 230 230 
9606.ENSP00000359446 9606.ENSP00000043402 0 0 0 63 0 0 162 181 
9606.ENSP00000359446 9606.ENSP00000466090 0 0 0 0 0 0 243 243 
9606.ENSP00000359446 9606.ENSP00000217131 0 0 0 61 0 0 153 170 
9606.ENSP00000359446 9606.ENSP00000385510 0 0 0 0 0 0 187 187 
9606.ENSP00000359446 9606.ENSP00000222381 0 0 0 86 0 0 122 163 
9606.ENSP00000359446 9606.ENSP00000434847 0 0 0 61 0 0 133 151 
9606.ENSP00000359446 9606.ENSP00000360412 0 0 0 0 0 0 268 268 
9606.ENSP00000359446 9606.ENSP00000225964 0 0 0 46 0 0 401 405 
9606.ENSP00000359446 9606.ENSP00000216629 0 0 0 0 0 0 495 495 
9606.ENSP00000359446 9606.ENSP00000293831 0 0 0 0 0 0 155 155 
9606.ENSP00000359446 9606.ENSP00000450838 0 0 0 255 0 0 98 300 
9606.ENSP00000359446 9606.ENSP00000416255 0 0 0 0 0 0 151 151 
9606.ENSP00000359446 9606.ENSP00000335261 0 0 0 0 0 0 171 171 
9606.ENSP00000359446 9606.ENSP00000347197 0 0 0 0 0 0 325 325 
9606.ENSP00000359446 9606.ENSP00000295379 0 0 0 0 0 0 173 173 
9606.ENSP00000359446 9606.ENSP00000306099 0 0 0 346 0 0 42 346 
9606.ENSP00000359446 9606.ENSP00000267085 0 0 0 116 0 0 125 193 
9606.ENSP00000359446 9606.ENSP00000261726 0 0 0 0 0 0 327 327 
9606.ENSP00000359446 9606.ENSP00000368066 0 0 0 169 0 0 161 273 
9606.ENSP00000359446 9606.ENSP00000347719 0 0 0 0 0 0 711 711 
9606.ENSP00000359446 9606.ENSP00000297029 0 0 0 61 0 0 141 158 
9606.ENSP00000359446 9606.ENSP00000280326 0 0 0 0 0 0 267 267 
9606.ENSP00000359446 9606.ENSP00000221486 0 0 0 0 0 0 150 150 
9606.ENSP00000359446 9606.ENSP00000261407 0 0 0 62 0 0 229 245 
9606.ENSP00000359446 9606.ENSP00000384957 0 0 0 201 0 0 251 376 
9606.ENSP00000359446 9606.ENSP00000356121 0 0 0 0 0 0 173 173 
9606.ENSP00000359446 9606.ENSP00000416066 0 0 0 95 0 0 217 261 
9606.ENSP00000359446 9606.ENSP00000321106 0 0 0 62 0 0 249 265 
9606.ENSP00000359446 9606.ENSP00000364243 0 0 0 0 0 0 182 182 
9606.ENSP00000359446 9606.ENSP00000368880 0 0 0 0 0 0 222 222 
9606.ENSP00000359446 9606.ENSP00000237596 0 0 0 0 0 0 353 353 
9606.ENSP00000359446 9606.ENSP00000302935 0 0 0 0 0 0 211 211 
9606.ENSP00000359446 9606.ENSP00000355204 0 0 0 0 0 0 201 201 
9606.ENSP00000359446 9606.ENSP00000384211 0 0 0 0 0 0 156 156 
9606.ENSP00000359446 9606.ENSP00000386200 0 0 0 0 0 0 157 157 
9606.ENSP00000359446 9606.ENSP00000378105 0 0 0 0 0 0 165 165 
9606.ENSP00000359446 9606.ENSP00000306999 0 0 0 0 0 0 295 295 
9606.ENSP00000359446 9606.ENSP00000320957 0 0 0 0 0 0 400 400 
9606.ENSP00000359446 9606.ENSP00000255082 0 0 0 63 0 0 209 227 
9606.ENSP00000359446 9606.ENSP00000351190 0 0 0 267 0 0 500 618 
9606.ENSP00000359446 9606.ENSP00000295834 0 0 0 200 0 0 0 200 
9606.ENSP00000359446 9606.ENSP00000220562 0 0 0 0 0 0 210 210 
9606.ENSP00000359446 9606.ENSP00000362924 0 0 0 63 0 0 228 246 
9606.ENSP00000359446 9606.ENSP00000383690 0 0 0 141 0 0 64 162 
9606.ENSP00000359446 9606.ENSP00000357565 0 0 0 0 0 0 156 156 
9606.ENSP00000359446 9606.ENSP00000229239 0 0 0 0 0 0 153 153 
9606.ENSP00000359446 9606.ENSP00000356391 0 0 0 185 0 0 0 185 
9606.ENSP00000359446 9606.ENSP00000445002 0 0 0 346 0 0 0 346 
9606.ENSP00000359446 9606.ENSP00000361883 0 0 0 0 0 0 159 159 
9606.ENSP00000359446 9606.ENSP00000362354 0 0 0 0 0 0 181 181 
9606.ENSP00000359446 9606.ENSP00000436049 0 0 0 0 156 0 0 156 
9606.ENSP00000359446 9606.ENSP00000252486 0 0 0 72 0 0 213 239 
9606.ENSP00000359446 9606.ENSP00000284981 0 0 0 64 0 0 267 284 
9606.ENSP00000359446 9606.ENSP00000357307 0 0 0 194 0 0 89 234 
9606.ENSP00000359446 9606.ENSP00000223642 0 0 0 86 379 900 255 952 
9606.ENSP00000359446 9606.ENSP00000358107 0 0 0 129 0 0 106 188 
9606.ENSP00000359446 9606.ENSP00000273283 0 0 0 109 0 0 146 207 
9606.ENSP00000359446 9606.ENSP00000275525 0 0 0 230 0 0 58 244 
9606.ENSP00000359446 9606.ENSP00000341170 0 0 0 63 0 0 251 268 
9606.ENSP00000359446 9606.ENSP00000420182 0 0 0 61 0 0 179 196 
9606.ENSP00000359446 9606.ENSP00000361666 0 0 0 172 0 0 46 176 
9606.ENSP00000359446 9606.ENSP00000347140 0 0 0 170 0 0 0 170 
9606.ENSP00000359446 9606.ENSP00000356671 0 0 0 233 0 0 174 340 
9606.ENSP00000359446 9606.ENSP00000249806 0 0 0 0 0 0 203 203 
9606.ENSP00000359446 9606.ENSP00000295887 0 0 0 0 0 0 157 157 
9606.ENSP00000359446 9606.ENSP00000314299 0 0 0 77 0 0 166 197 
9606.ENSP00000359446 9606.ENSP00000221476 0 0 0 0 0 0 175 175 
9606.ENSP00000359446 9606.ENSP00000381105 0 0 0 0 0 0 230 230 
9606.ENSP00000359446 9606.ENSP00000450482 0 0 0 0 0 0 543 543 
9606.ENSP00000359446 9606.ENSP00000263321 0 0 0 160 0 0 0 160 
9606.ENSP00000359446 9606.ENSP00000265627 0 0 0 0 0 0 177 177 
9606.ENSP00000359446 9606.ENSP00000244751 0 0 0 63 0 0 164 183 
9606.ENSP00000359446 9606.ENSP00000296280 0 0 0 87 0 0 268 303 
9606.ENSP00000359446 9606.ENSP00000368881 0 0 0 0 0 0 173 173 
9606.ENSP00000359446 9606.ENSP00000387760 0 0 0 0 0 0 534 534 
9606.ENSP00000359446 9606.ENSP00000318351 0 0 0 0 0 0 214 214 
9606.ENSP00000359446 9606.ENSP00000289004 0 0 0 175 0 0 0 175 
9606.ENSP00000359446 9606.ENSP00000230449 0 0 0 0 0 0 203 203 
9606.ENSP00000359446 9606.ENSP00000402608 0 0 0 119 0 0 153 222 
9606.ENSP00000359446 9606.ENSP00000236850 0 0 0 231 0 0 166 332 
9606.ENSP00000359446 9606.ENSP00000360147 0 0 0 64 0 0 203 222 
9606.ENSP00000359446 9606.ENSP00000260010 0 0 0 0 0 0 167 167 
9606.ENSP00000359446 9606.ENSP00000385035 0 0 0 0 0 0 190 190 
9606.ENSP00000359446 9606.ENSP00000278222 0 0 0 183 0 0 0 183 
9606.ENSP00000359446 9606.ENSP00000366307 0 0 0 0 0 0 286 286 
9606.ENSP00000359446 9606.ENSP00000272190 0 0 0 63 0 0 305 321 
9606.ENSP00000359446 9606.ENSP00000397900 0 0 0 61 0 0 276 291 
9606.ENSP00000359446 9606.ENSP00000440125 0 0 0 0 0 0 159 159 
9606.ENSP00000359446 9606.ENSP00000377115 0 0 0 0 0 0 187 187 
9606.ENSP00000359446 9606.ENSP00000355512 0 0 0 0 0 0 167 167 
9606.ENSP00000359446 9606.ENSP00000351682 0 0 0 0 0 0 197 197 
9606.ENSP00000359446 9606.ENSP00000418525 0 0 0 61 0 0 473 483 
9606.ENSP00000359446 9606.ENSP00000419038 0 0 0 0 0 0 155 155 
9606.ENSP00000359446 9606.ENSP00000389910 0 0 0 0 0 0 157 157 
9606.ENSP00000359446 9606.ENSP00000215727 0 0 0 197 0 0 125 267 
9606.ENSP00000359446 9606.ENSP00000300175 0 0 0 228 0 0 226 376 
9606.ENSP00000359446 9606.ENSP00000270879 0 0 0 61 0 0 139 156 
9606.ENSP00000359446 9606.ENSP00000363779 0 0 0 0 0 0 155 155 
9606.ENSP00000359446 9606.ENSP00000011292 0 0 0 0 0 0 209 209 
9606.ENSP00000359446 9606.ENSP00000463058 0 0 0 0 0 0 167 167 
9606.ENSP00000359446 9606.ENSP00000404833 0 0 0 0 0 0 282 282 
9606.ENSP00000359446 9606.ENSP00000302814 0 0 0 0 0 0 173 173 
9606.ENSP00000359446 9606.ENSP00000419952 0 0 0 0 0 0 174 174 
9606.ENSP00000359446 9606.ENSP00000350928 0 0 0 116 0 0 111 180 
9606.ENSP00000359446 9606.ENSP00000334458 0 0 0 127 85 0 0 167 
9606.ENSP00000359446 9606.ENSP00000314807 0 0 0 0 0 0 322 322 
9606.ENSP00000359446 9606.ENSP00000398273 0 0 0 0 0 0 265 265 
9606.ENSP00000359446 9606.ENSP00000317334 0 0 0 0 0 0 377 377 
9606.ENSP00000359446 9606.ENSP00000362123 0 0 0 202 0 0 0 202 
9606.ENSP00000359446 9606.ENSP00000327589 0 0 0 65 0 0 138 159 
9606.ENSP00000359446 9606.ENSP00000265162 0 0 0 63 0 0 194 212 
9606.ENSP00000359446 9606.ENSP00000360281 0 0 0 314 0 0 0 314 
9606.ENSP00000359446 9606.ENSP00000256433 0 0 0 0 0 0 171 171 
9606.ENSP00000359446 9606.ENSP00000385675 0 0 0 0 0 0 186 186 
9606.ENSP00000359446 9606.ENSP00000329748 0 0 0 63 0 0 144 163 
9606.ENSP00000359446 9606.ENSP00000362717 0 0 0 0 0 0 187 187 
9606.ENSP00000359446 9606.ENSP00000373343 0 0 0 63 0 0 187 205 
9606.ENSP00000359446 9606.ENSP00000347409 0 0 0 53 0 0 163 173 
9606.ENSP00000359446 9606.ENSP00000226218 0 0 0 159 0 0 121 230 
9606.ENSP00000359446 9606.ENSP00000263368 0 0 0 0 0 0 157 157 
9606.ENSP00000359446 9606.ENSP00000265029 0 0 0 162 0 0 0 162 
9606.ENSP00000359446 9606.ENSP00000367081 0 0 0 346 0 0 58 358 
9606.ENSP00000359446 9606.ENSP00000181383 0 0 0 232 0 0 676 741 
9606.ENSP00000359446 9606.ENSP00000287936 0 0 0 0 0 0 163 163 
9606.ENSP00000359446 9606.ENSP00000227667 0 0 0 298 0 0 0 298 
9606.ENSP00000359446 9606.ENSP00000386543 0 0 0 0 0 0 165 165 
9606.ENSP00000359446 9606.ENSP00000417222 0 0 0 0 0 0 565 565 
9606.ENSP00000359446 9606.ENSP00000367459 0 0 0 0 0 0 169 169 
9606.ENSP00000359446 9606.ENSP00000247153 0 0 0 63 0 0 194 213 
9606.ENSP00000359446 9606.ENSP00000363079 0 0 0 345 0 0 122 401 
9606.ENSP00000359446 9606.ENSP00000278407 0 0 0 0 0 0 273 273 
9606.ENSP00000359446 9606.ENSP00000318799 0 0 0 63 0 0 325 340 
9606.ENSP00000359446 9606.ENSP00000230124 0 0 0 62 0 0 157 176 
9606.ENSP00000359446 9606.ENSP00000378130 0 0 0 78 0 0 157 189 
9606.ENSP00000359446 9606.ENSP00000369400 0 0 0 0 0 0 203 203 
9606.ENSP00000359446 9606.ENSP00000280527 0 0 0 62 0 0 251 267 
9606.ENSP00000359446 9606.ENSP00000316891 0 0 0 49 0 0 150 157 
9606.ENSP00000359446 9606.ENSP00000255040 0 0 0 123 0 0 372 426 
9606.ENSP00000359446 9606.ENSP00000317721 0 0 0 87 0 0 126 169 
9606.ENSP00000359446 9606.ENSP00000286424 0 0 0 0 0 0 189 189 
9606.ENSP00000359446 9606.ENSP00000388241 0 0 0 0 0 0 159 159 
9606.ENSP00000359446 9606.ENSP00000233893 0 0 0 0 0 0 557 557 
9606.ENSP00000359446 9606.ENSP00000306390 0 0 0 0 0 0 632 632 
9606.ENSP00000359446 9606.ENSP00000348234 0 0 0 138 0 0 58 153 
9606.ENSP00000359446 9606.ENSP00000348170 0 0 0 76 0 0 257 284 
9606.ENSP00000359446 9606.ENSP00000360762 0 0 0 0 156 0 0 156 
9606.ENSP00000359446 9606.ENSP00000478878 0 0 0 63 0 0 397 410 
9606.ENSP00000359446 9606.ENSP00000255224 0 0 0 194 0 0 89 234 
9606.ENSP00000359446 9606.ENSP00000164305 0 0 0 0 0 0 263 263 
9606.ENSP00000359446 9606.ENSP00000244217 0 0 0 0 0 0 175 175 
9606.ENSP00000359446 9606.ENSP00000312652 0 0 0 0 0 0 212 212 
9606.ENSP00000359446 9606.ENSP00000257245 0 0 0 0 0 0 183 183 
9606.ENSP00000359446 9606.ENSP00000270861 0 0 0 0 0 0 405 405 
9606.ENSP00000359446 9606.ENSP00000264552 0 0 0 0 0 0 202 202 
9606.ENSP00000359446 9606.ENSP00000216336 0 0 0 0 0 0 165 165 
9606.ENSP00000359446 9606.ENSP00000262545 0 0 0 533 0 0 406 710 
9606.ENSP00000359446 9606.ENSP00000170150 0 0 0 156 58 0 57 184 
9606.ENSP00000359446 9606.ENSP00000264380 0 0 0 0 0 0 252 252 
9606.ENSP00000359446 9606.ENSP00000290866 0 0 0 0 0 0 671 671 
9606.ENSP00000359446 9606.ENSP00000477590 0 0 0 63 0 0 400 413 
9606.ENSP00000359446 9606.ENSP00000350844 0 0 0 0 0 0 317 317 
9606.ENSP00000359446 9606.ENSP00000356399 0 0 0 64 0 0 130 151 
9606.ENSP00000359446 9606.ENSP00000384179 0 0 0 0 0 0 211 211 
9606.ENSP00000359446 9606.ENSP00000320324 0 0 0 61 0 0 179 196 
9606.ENSP00000359446 9606.ENSP00000261721 0 0 0 0 169 0 0 169 
9606.ENSP00000359446 9606.ENSP00000251241 0 0 0 0 0 0 188 188 
9606.ENSP00000359446 9606.ENSP00000380365 0 0 0 80 0 0 167 200 
