9606.ENSP00000265271 9606.ENSP00000360464 0 0 0 0 0 0 218 218 
9606.ENSP00000265271 9606.ENSP00000303366 0 0 0 0 0 0 212 212 
9606.ENSP00000265271 9606.ENSP00000374280 0 0 0 426 0 0 0 426 
9606.ENSP00000265271 9606.ENSP00000302640 0 0 0 175 0 0 0 175 
9606.ENSP00000265271 9606.ENSP00000377969 0 0 0 273 0 0 0 273 
9606.ENSP00000265271 9606.ENSP00000379946 0 0 0 63 0 0 221 238 
9606.ENSP00000265271 9606.ENSP00000382863 0 0 0 279 0 0 0 279 
9606.ENSP00000265271 9606.ENSP00000261600 0 0 0 107 300 0 69 367 
9606.ENSP00000265271 9606.ENSP00000336721 0 0 0 126 0 0 140 216 
9606.ENSP00000265271 9606.ENSP00000377895 0 0 0 0 0 0 279 279 
9606.ENSP00000265271 9606.ENSP00000469413 0 0 0 156 0 0 0 156 
9606.ENSP00000265271 9606.ENSP00000278412 0 0 0 274 0 0 0 274 
9606.ENSP00000265271 9606.ENSP00000358106 0 0 0 0 0 0 153 153 
9606.ENSP00000265271 9606.ENSP00000307288 0 0 0 173 0 0 0 173 
9606.ENSP00000265271 9606.ENSP00000434359 0 0 0 183 0 0 0 183 
9606.ENSP00000265271 9606.ENSP00000311857 0 0 0 179 0 0 0 179 
9606.ENSP00000265271 9606.ENSP00000485615 0 0 0 0 0 0 227 227 
9606.ENSP00000265271 9606.ENSP00000270538 0 0 0 0 819 0 0 819 
9606.ENSP00000265271 9606.ENSP00000318480 0 0 0 152 0 0 0 152 
9606.ENSP00000265271 9606.ENSP00000358374 0 0 0 259 0 0 0 259 
9606.ENSP00000265271 9606.ENSP00000415151 0 0 0 152 0 0 0 152 
9606.ENSP00000265271 9606.ENSP00000343633 0 0 0 79 0 0 233 263 
9606.ENSP00000265271 9606.ENSP00000230732 0 0 0 0 0 0 414 414 
9606.ENSP00000265271 9606.ENSP00000425092 0 0 0 155 0 0 0 155 
9606.ENSP00000265271 9606.ENSP00000375133 0 0 0 0 0 0 333 333 
9606.ENSP00000265271 9606.ENSP00000377686 0 0 0 302 0 0 0 302 
9606.ENSP00000265271 9606.ENSP00000301729 0 0 0 62 0 0 173 191 
9606.ENSP00000265271 9606.ENSP00000362110 0 0 0 237 0 0 0 237 
9606.ENSP00000265271 9606.ENSP00000291552 0 0 0 0 0 0 160 160 
9606.ENSP00000265271 9606.ENSP00000387170 0 0 0 176 0 0 0 176 
9606.ENSP00000265271 9606.ENSP00000285873 0 0 0 143 0 0 113 207 
9606.ENSP00000265271 9606.ENSP00000380820 0 0 0 179 0 0 0 179 
9606.ENSP00000265271 9606.ENSP00000243563 0 0 0 159 0 0 0 159 
9606.ENSP00000265271 9606.ENSP00000480421 0 0 0 190 53 0 324 436 
9606.ENSP00000265271 9606.ENSP00000325594 0 0 0 67 0 0 241 262 
9606.ENSP00000265271 9606.ENSP00000444029 0 0 0 185 0 0 0 185 
9606.ENSP00000265271 9606.ENSP00000296702 0 0 0 174 0 0 546 609 
9606.ENSP00000265271 9606.ENSP00000025301 0 0 0 62 0 0 379 392 
9606.ENSP00000265271 9606.ENSP00000346240 0 0 0 0 0 0 206 206 
9606.ENSP00000265271 9606.ENSP00000439856 0 0 0 270 0 0 0 270 
9606.ENSP00000265271 9606.ENSP00000362978 0 0 0 156 0 0 0 156 
9606.ENSP00000265271 9606.ENSP00000316512 0 0 0 308 0 0 59 320 
9606.ENSP00000265271 9606.ENSP00000224140 0 0 0 127 0 0 113 192 
9606.ENSP00000265271 9606.ENSP00000381266 0 0 0 153 0 0 0 153 
9606.ENSP00000265271 9606.ENSP00000388402 0 0 0 0 0 0 166 166 
9606.ENSP00000265271 9606.ENSP00000286648 0 0 0 87 0 0 112 154 
9606.ENSP00000265271 9606.ENSP00000483345 0 0 0 163 0 0 0 163 
9606.ENSP00000265271 9606.ENSP00000359890 0 0 0 61 0 0 332 346 
9606.ENSP00000265271 9606.ENSP00000279387 0 0 0 200 0 0 0 200 
9606.ENSP00000265271 9606.ENSP00000239882 0 0 0 184 0 0 83 219 
9606.ENSP00000265271 9606.ENSP00000261811 0 0 0 0 0 0 347 347 
9606.ENSP00000265271 9606.ENSP00000351524 0 0 0 68 0 0 349 368 
9606.ENSP00000265271 9606.ENSP00000315379 0 0 0 107 0 0 263 314 
9606.ENSP00000265271 9606.ENSP00000408429 0 0 0 154 0 0 0 154 
9606.ENSP00000265271 9606.ENSP00000254325 0 0 0 228 0 0 0 228 
9606.ENSP00000265271 9606.ENSP00000394049 0 0 0 0 0 0 328 328 
9606.ENSP00000265271 9606.ENSP00000216455 0 0 0 0 0 0 213 213 
9606.ENSP00000265271 9606.ENSP00000353741 0 0 0 64 0 0 173 193 
9606.ENSP00000265271 9606.ENSP00000339109 0 0 0 153 0 0 0 153 
9606.ENSP00000265271 9606.ENSP00000235628 0 0 0 0 0 0 210 210 
9606.ENSP00000265271 9606.ENSP00000242351 0 0 0 182 0 0 183 303 
9606.ENSP00000265271 9606.ENSP00000364289 0 0 0 246 379 0 271 629 
9606.ENSP00000265271 9606.ENSP00000289382 0 0 0 108 0 0 87 151 
9606.ENSP00000265271 9606.ENSP00000377936 0 0 0 0 0 0 310 310 
9606.ENSP00000265271 9606.ENSP00000359216 0 0 0 64 0 0 268 286 
9606.ENSP00000265271 9606.ENSP00000363228 0 0 0 257 0 0 0 257 
9606.ENSP00000265271 9606.ENSP00000368017 0 0 0 97 568 0 227 672 
9606.ENSP00000265271 9606.ENSP00000357644 0 0 0 154 0 0 49 161 
9606.ENSP00000265271 9606.ENSP00000335044 0 0 0 194 0 0 0 194 
9606.ENSP00000265271 9606.ENSP00000443988 0 0 0 265 0 0 0 265 
9606.ENSP00000265271 9606.ENSP00000249373 0 0 0 49 185 0 0 191 
9606.ENSP00000265271 9606.ENSP00000484645 0 0 0 63 174 0 0 192 
9606.ENSP00000265271 9606.ENSP00000373772 0 0 0 321 0 0 0 321 
9606.ENSP00000265271 9606.ENSP00000355523 0 0 0 0 0 0 185 185 
9606.ENSP00000265271 9606.ENSP00000337641 0 0 0 167 0 0 0 167 
9606.ENSP00000265271 9606.ENSP00000359128 0 0 0 181 0 0 0 181 
9606.ENSP00000265271 9606.ENSP00000297347 0 0 0 183 0 0 0 183 
9606.ENSP00000265271 9606.ENSP00000377080 0 0 0 0 0 0 292 292 
9606.ENSP00000265271 9606.ENSP00000307260 0 0 0 0 813 0 0 813 
9606.ENSP00000265271 9606.ENSP00000216122 0 0 0 181 0 0 0 181 
9606.ENSP00000265271 9606.ENSP00000377303 0 0 0 0 0 0 214 214 
9606.ENSP00000265271 9606.ENSP00000304553 0 0 0 0 820 0 0 820 
9606.ENSP00000265271 9606.ENSP00000276585 0 0 0 66 387 0 0 402 
9606.ENSP00000265271 9606.ENSP00000307208 0 0 0 167 53 0 0 178 
9606.ENSP00000265271 9606.ENSP00000343054 0 0 0 212 0 0 0 212 
9606.ENSP00000265271 9606.ENSP00000003302 0 0 0 202 0 0 0 202 
9606.ENSP00000265271 9606.ENSP00000296786 0 0 0 63 0 0 295 311 
9606.ENSP00000265271 9606.ENSP00000383059 0 0 0 183 0 0 0 183 
9606.ENSP00000265271 9606.ENSP00000264156 0 0 0 204 0 0 0 204 
9606.ENSP00000265271 9606.ENSP00000467556 0 0 0 125 0 0 169 242 
9606.ENSP00000265271 9606.ENSP00000216297 0 0 0 255 0 0 0 255 
9606.ENSP00000265271 9606.ENSP00000363676 0 0 0 183 0 0 68 206 
9606.ENSP00000265271 9606.ENSP00000320634 0 0 0 0 0 0 207 207 
9606.ENSP00000265271 9606.ENSP00000424566 0 0 0 0 0 0 267 267 
9606.ENSP00000265271 9606.ENSP00000297151 0 0 0 0 0 0 268 268 
9606.ENSP00000265271 9606.ENSP00000346986 0 0 0 168 0 0 0 168 
9606.ENSP00000265271 9606.ENSP00000366135 0 0 0 108 0 0 156 215 
9606.ENSP00000265271 9606.ENSP00000297431 0 0 0 286 0 0 0 286 
9606.ENSP00000265271 9606.ENSP00000362774 0 0 0 226 0 0 429 539 
9606.ENSP00000265271 9606.ENSP00000351022 0 0 0 57 0 0 183 197 
9606.ENSP00000265271 9606.ENSP00000417401 0 0 0 114 0 0 90 159 
9606.ENSP00000265271 9606.ENSP00000358147 0 0 0 165 0 0 0 165 
9606.ENSP00000265271 9606.ENSP00000263205 0 0 0 288 0 0 0 288 
9606.ENSP00000265271 9606.ENSP00000199814 0 0 0 45 0 0 442 445 
9606.ENSP00000265271 9606.ENSP00000263377 0 0 0 154 64 0 0 175 
9606.ENSP00000265271 9606.ENSP00000450864 0 0 0 170 0 0 0 170 
9606.ENSP00000265271 9606.ENSP00000312277 0 0 0 248 0 0 0 248 
9606.ENSP00000265271 9606.ENSP00000365694 0 0 0 113 0 0 274 329 
9606.ENSP00000265271 9606.ENSP00000255120 0 0 0 218 0 0 0 218 
9606.ENSP00000265271 9606.ENSP00000435210 0 0 0 183 0 0 0 183 
9606.ENSP00000265271 9606.ENSP00000262622 0 0 0 0 183 0 0 183 
9606.ENSP00000265271 9606.ENSP00000226355 0 0 0 0 0 0 172 172 
9606.ENSP00000265271 9606.ENSP00000427401 0 0 0 0 0 0 150 150 
9606.ENSP00000265271 9606.ENSP00000377024 0 0 0 64 0 0 188 207 
9606.ENSP00000265271 9606.ENSP00000346886 0 0 0 235 0 0 0 235 
9606.ENSP00000265271 9606.ENSP00000384048 0 0 0 164 0 0 0 164 
9606.ENSP00000265271 9606.ENSP00000348168 0 0 0 304 0 0 0 304 
9606.ENSP00000265271 9606.ENSP00000361180 0 0 0 187 0 0 0 187 
9606.ENSP00000265271 9606.ENSP00000387006 0 0 0 245 0 0 0 245 
9606.ENSP00000265271 9606.ENSP00000442308 0 0 0 153 0 0 0 153 
9606.ENSP00000265271 9606.ENSP00000240316 0 0 0 184 0 0 95 229 
9606.ENSP00000265271 9606.ENSP00000335636 0 0 0 157 0 0 0 157 
9606.ENSP00000265271 9606.ENSP00000357484 0 0 0 64 0 0 377 392 
9606.ENSP00000265271 9606.ENSP00000470252 0 0 0 165 0 0 0 165 
9606.ENSP00000265271 9606.ENSP00000416534 0 0 0 134 0 0 73 163 
9606.ENSP00000265271 9606.ENSP00000387699 0 0 0 165 0 0 0 165 
9606.ENSP00000265271 9606.ENSP00000414921 0 0 0 98 0 0 383 420 
9606.ENSP00000265271 9606.ENSP00000348010 0 0 0 158 0 0 0 158 
9606.ENSP00000265271 9606.ENSP00000358674 0 0 0 0 819 0 0 819 
9606.ENSP00000265271 9606.ENSP00000278618 0 0 0 81 0 0 162 196 
9606.ENSP00000265271 9606.ENSP00000326767 0 0 0 347 0 0 0 347 
9606.ENSP00000265271 9606.ENSP00000262415 0 0 0 343 0 0 0 343 
9606.ENSP00000265271 9606.ENSP00000289448 0 0 0 0 0 0 422 422 
9606.ENSP00000265271 9606.ENSP00000386616 0 0 0 63 0 0 438 451 
9606.ENSP00000265271 9606.ENSP00000357087 0 0 0 0 186 0 0 186 
9606.ENSP00000265271 9606.ENSP00000378917 0 0 0 152 0 0 0 152 
9606.ENSP00000265271 9606.ENSP00000436679 0 0 0 210 185 0 50 335 
9606.ENSP00000265271 9606.ENSP00000261813 0 0 0 60 0 0 258 272 
9606.ENSP00000265271 9606.ENSP00000260327 0 0 0 239 0 0 0 239 
9606.ENSP00000265271 9606.ENSP00000267260 0 0 0 0 0 0 207 207 
9606.ENSP00000265271 9606.ENSP00000436785 0 0 0 0 0 0 296 296 
9606.ENSP00000265271 9606.ENSP00000295731 0 0 0 0 165 0 0 165 
9606.ENSP00000265271 9606.ENSP00000259239 0 0 0 159 0 0 0 159 
9606.ENSP00000265271 9606.ENSP00000265295 0 0 0 65 0 0 217 236 
9606.ENSP00000265271 9606.ENSP00000362441 0 0 0 150 0 0 64 171 
9606.ENSP00000265271 9606.ENSP00000457723 0 0 0 0 319 0 204 434 
9606.ENSP00000265271 9606.ENSP00000345895 0 0 0 183 0 0 0 183 
9606.ENSP00000265271 9606.ENSP00000307863 0 0 0 109 0 0 139 200 
9606.ENSP00000265271 9606.ENSP00000256079 0 0 0 67 123 0 69 172 
9606.ENSP00000265271 9606.ENSP00000230640 0 0 0 206 178 0 218 445 
9606.ENSP00000265271 9606.ENSP00000399862 0 0 0 119 0 0 107 179 
9606.ENSP00000265271 9606.ENSP00000313007 0 0 0 91 0 0 143 188 
9606.ENSP00000265271 9606.ENSP00000271640 0 0 0 270 0 0 0 270 
9606.ENSP00000265271 9606.ENSP00000262238 0 0 0 187 0 0 0 187 
9606.ENSP00000265271 9606.ENSP00000261973 0 0 0 313 0 0 122 372 
9606.ENSP00000265271 9606.ENSP00000362179 0 0 0 63 0 0 273 290 
9606.ENSP00000265271 9606.ENSP00000479355 0 0 0 0 0 0 420 420 
9606.ENSP00000265271 9606.ENSP00000298281 0 0 0 199 384 0 62 496 
9606.ENSP00000265271 9606.ENSP00000275766 0 0 0 0 0 0 557 557 
9606.ENSP00000265271 9606.ENSP00000378830 0 0 0 302 0 0 0 302 
9606.ENSP00000265271 9606.ENSP00000317872 0 0 0 139 0 0 135 223 
9606.ENSP00000265271 9606.ENSP00000292879 0 0 0 0 0 0 173 173 
9606.ENSP00000265271 9606.ENSP00000350333 0 0 0 228 0 0 0 228 
9606.ENSP00000265271 9606.ENSP00000406598 0 0 0 183 0 0 0 183 
9606.ENSP00000265271 9606.ENSP00000366410 0 0 0 44 0 0 161 163 
9606.ENSP00000265271 9606.ENSP00000367028 0 0 0 319 0 0 0 319 
9606.ENSP00000265271 9606.ENSP00000441786 0 0 0 271 0 0 0 271 
9606.ENSP00000265271 9606.ENSP00000382670 0 0 0 0 0 0 175 175 
9606.ENSP00000265271 9606.ENSP00000385787 0 0 0 152 0 0 0 152 
9606.ENSP00000265271 9606.ENSP00000354125 0 0 0 0 0 0 165 165 
9606.ENSP00000265271 9606.ENSP00000351575 0 0 0 151 0 0 0 151 
9606.ENSP00000265271 9606.ENSP00000331845 0 0 0 0 0 0 628 628 
9606.ENSP00000265271 9606.ENSP00000451030 0 0 0 0 0 0 193 193 
9606.ENSP00000265271 9606.ENSP00000462337 0 0 0 217 0 0 0 217 
9606.ENSP00000265271 9606.ENSP00000381216 0 0 0 219 0 0 63 236 
9606.ENSP00000265271 9606.ENSP00000023939 0 0 0 183 0 0 0 183 
9606.ENSP00000265271 9606.ENSP00000378402 0 0 0 305 0 0 0 305 
9606.ENSP00000265271 9606.ENSP00000298767 0 0 0 288 0 0 0 288 
9606.ENSP00000265271 9606.ENSP00000326563 0 0 0 503 0 0 0 503 
9606.ENSP00000265271 9606.ENSP00000218089 0 0 0 270 0 0 0 270 
9606.ENSP00000265271 9606.ENSP00000231238 0 0 0 46 0 0 197 201 
9606.ENSP00000265271 9606.ENSP00000379182 0 0 0 49 186 0 80 225 
9606.ENSP00000265271 9606.ENSP00000378307 0 0 0 209 53 0 0 219 
9606.ENSP00000265271 9606.ENSP00000261819 0 0 0 258 0 0 0 258 
9606.ENSP00000265271 9606.ENSP00000290216 0 0 0 0 0 0 276 276 
9606.ENSP00000265271 9606.ENSP00000465213 0 0 0 183 0 0 0 183 
9606.ENSP00000265271 9606.ENSP00000362824 0 0 0 145 0 0 53 155 
9606.ENSP00000265271 9606.ENSP00000238112 0 0 0 294 0 0 0 294 
9606.ENSP00000265271 9606.ENSP00000357047 0 0 0 199 0 0 101 250 
9606.ENSP00000265271 9606.ENSP00000335321 0 0 0 183 0 0 0 183 
9606.ENSP00000265271 9606.ENSP00000264010 0 0 0 163 0 0 0 163 
9606.ENSP00000265271 9606.ENSP00000268482 0 0 0 158 0 0 0 158 
9606.ENSP00000265271 9606.ENSP00000453872 0 0 0 61 186 0 0 202 
9606.ENSP00000265271 9606.ENSP00000170447 0 0 0 45 0 0 417 420 
9606.ENSP00000265271 9606.ENSP00000284154 0 0 0 181 0 0 0 181 
9606.ENSP00000265271 9606.ENSP00000255266 0 0 0 0 0 0 221 221 
9606.ENSP00000265271 9606.ENSP00000282007 0 0 0 247 0 0 479 591 
9606.ENSP00000265271 9606.ENSP00000245934 0 0 0 263 0 0 0 263 
9606.ENSP00000265271 9606.ENSP00000354085 0 0 0 119 0 0 250 311 
9606.ENSP00000265271 9606.ENSP00000387187 0 0 0 273 0 0 0 273 
9606.ENSP00000265271 9606.ENSP00000252102 0 0 0 0 799 0 0 799 
9606.ENSP00000265271 9606.ENSP00000238714 0 0 0 87 0 0 177 216 
9606.ENSP00000265271 9606.ENSP00000353401 0 0 0 82 0 0 256 288 
9606.ENSP00000265271 9606.ENSP00000326804 0 0 0 188 0 0 0 188 
9606.ENSP00000265271 9606.ENSP00000296509 0 0 0 144 0 0 53 154 
9606.ENSP00000265271 9606.ENSP00000309087 0 0 0 0 0 0 677 677 
9606.ENSP00000265271 9606.ENSP00000377344 0 0 0 64 123 0 69 169 
9606.ENSP00000265271 9606.ENSP00000343001 0 0 0 169 0 0 0 169 
9606.ENSP00000265271 9606.ENSP00000305480 0 0 0 156 0 0 0 156 
9606.ENSP00000265271 9606.ENSP00000424497 0 0 0 0 0 0 469 469 
9606.ENSP00000265271 9606.ENSP00000262367 0 0 0 202 53 0 0 212 
9606.ENSP00000265271 9606.ENSP00000320917 0 0 0 0 0 0 196 196 
9606.ENSP00000265271 9606.ENSP00000422626 0 0 0 290 0 0 55 301 
9606.ENSP00000265271 9606.ENSP00000278590 0 0 0 63 0 0 392 406 
9606.ENSP00000265271 9606.ENSP00000247001 0 0 0 375 0 0 0 375 
9606.ENSP00000265271 9606.ENSP00000386488 0 0 0 0 129 0 106 188 
9606.ENSP00000265271 9606.ENSP00000254480 0 0 0 189 0 0 0 189 
9606.ENSP00000265271 9606.ENSP00000468304 0 0 0 64 0 0 269 287 
9606.ENSP00000265271 9606.ENSP00000283131 0 0 0 285 0 0 0 285 
9606.ENSP00000265271 9606.ENSP00000384700 0 0 0 87 0 0 177 216 
9606.ENSP00000265271 9606.ENSP00000273064 0 0 0 73 0 0 146 174 
9606.ENSP00000265271 9606.ENSP00000296220 0 0 0 150 0 0 0 150 
9606.ENSP00000265271 9606.ENSP00000323720 0 0 0 305 0 0 0 305 
9606.ENSP00000265271 9606.ENSP00000465432 0 0 0 219 0 0 0 219 
9606.ENSP00000265271 9606.ENSP00000380876 0 0 0 0 0 0 211 211 
9606.ENSP00000265271 9606.ENSP00000313851 0 0 0 234 0 0 0 234 
9606.ENSP00000265271 9606.ENSP00000370194 0 0 0 0 0 0 157 157 
9606.ENSP00000265271 9606.ENSP00000366604 0 0 0 262 0 0 0 262 
9606.ENSP00000265271 9606.ENSP00000483408 0 0 0 188 0 0 87 227 
9606.ENSP00000265271 9606.ENSP00000385334 0 0 0 151 0 0 0 151 
9606.ENSP00000265271 9606.ENSP00000265056 0 0 0 201 0 0 0 201 
9606.ENSP00000265271 9606.ENSP00000329684 0 0 0 0 0 0 173 173 
9606.ENSP00000265271 9606.ENSP00000313422 0 0 0 183 0 0 0 183 
9606.ENSP00000265271 9606.ENSP00000325919 0 0 0 144 0 0 106 202 
9606.ENSP00000265271 9606.ENSP00000420875 0 0 0 78 0 0 297 324 
9606.ENSP00000265271 9606.ENSP00000387010 0 0 0 168 0 0 0 168 
9606.ENSP00000265271 9606.ENSP00000292476 0 0 0 73 129 0 119 227 
9606.ENSP00000265271 9606.ENSP00000267425 0 0 0 181 0 0 0 181 
9606.ENSP00000265271 9606.ENSP00000334851 0 0 0 0 0 0 288 288 
9606.ENSP00000265271 9606.ENSP00000217964 0 0 0 63 0 0 314 330 
9606.ENSP00000265271 9606.ENSP00000346120 0 0 0 194 0 0 0 194 
9606.ENSP00000265271 9606.ENSP00000352463 0 0 0 134 0 0 87 176 
9606.ENSP00000265271 9606.ENSP00000367787 0 0 0 183 0 0 0 183 
9606.ENSP00000265271 9606.ENSP00000369131 0 0 0 163 0 0 0 163 
9606.ENSP00000265271 9606.ENSP00000354522 0 0 0 142 0 0 58 157 
9606.ENSP00000265271 9606.ENSP00000357858 0 0 0 104 0 0 106 164 
9606.ENSP00000265271 9606.ENSP00000262577 0 0 0 0 185 0 445 528 
9606.ENSP00000265271 9606.ENSP00000358497 0 0 0 361 0 0 0 361 
9606.ENSP00000265271 9606.ENSP00000253363 0 0 0 336 0 0 0 336 
9606.ENSP00000265271 9606.ENSP00000401371 0 0 0 171 0 0 55 183 
9606.ENSP00000265271 9606.ENSP00000258229 0 0 0 0 0 0 159 159 
9606.ENSP00000265271 9606.ENSP00000316578 0 0 0 187 0 0 0 187 
9606.ENSP00000265271 9606.ENSP00000450909 0 0 0 0 0 0 219 219 
9606.ENSP00000265271 9606.ENSP00000260247 0 0 0 154 0 0 0 154 
9606.ENSP00000265271 9606.ENSP00000342075 0 0 0 0 0 0 347 347 
9606.ENSP00000265271 9606.ENSP00000365625 0 0 0 246 0 0 109 300 
9606.ENSP00000265271 9606.ENSP00000309538 0 0 0 0 0 0 206 206 
9606.ENSP00000265271 9606.ENSP00000413098 0 0 0 434 0 0 95 465 
9606.ENSP00000265271 9606.ENSP00000383866 0 0 0 211 0 0 0 211 
9606.ENSP00000265271 9606.ENSP00000426978 0 0 0 63 185 0 50 211 
9606.ENSP00000265271 9606.ENSP00000366396 0 0 0 300 0 0 58 312 
9606.ENSP00000265271 9606.ENSP00000406463 0 0 0 175 0 0 0 175 
9606.ENSP00000265271 9606.ENSP00000281871 0 0 0 273 0 0 0 273 
9606.ENSP00000265271 9606.ENSP00000265069 0 0 0 193 0 0 243 363 
9606.ENSP00000265271 9606.ENSP00000340839 0 0 0 63 0 0 505 516 
9606.ENSP00000265271 9606.ENSP00000421689 0 0 0 65 0 0 146 168 
9606.ENSP00000265271 9606.ENSP00000384421 0 0 0 163 0 0 119 232 
9606.ENSP00000265271 9606.ENSP00000231198 0 0 0 0 0 0 388 388 
9606.ENSP00000265271 9606.ENSP00000353463 0 0 0 285 0 0 128 350 
9606.ENSP00000265271 9606.ENSP00000476955 0 0 0 62 0 0 183 200 
9606.ENSP00000265271 9606.ENSP00000320347 0 0 0 0 0 0 418 418 
9606.ENSP00000265271 9606.ENSP00000462116 0 0 0 420 0 0 0 420 
9606.ENSP00000265271 9606.ENSP00000338788 0 0 0 112 0 0 568 600 
9606.ENSP00000265271 9606.ENSP00000335675 0 0 0 0 0 0 577 577 
9606.ENSP00000265271 9606.ENSP00000368824 0 0 0 62 157 0 0 175 
9606.ENSP00000265271 9606.ENSP00000332772 0 0 0 0 0 0 203 203 
9606.ENSP00000265271 9606.ENSP00000311135 0 0 0 213 0 0 0 213 
9606.ENSP00000265271 9606.ENSP00000386764 0 0 0 72 129 0 463 528 
9606.ENSP00000265271 9606.ENSP00000394394 0 0 0 169 0 0 0 169 
9606.ENSP00000265271 9606.ENSP00000408598 0 0 0 0 319 0 204 434 
9606.ENSP00000265271 9606.ENSP00000298875 0 0 0 303 0 0 0 303 
9606.ENSP00000265271 9606.ENSP00000306983 0 0 0 270 0 0 0 270 
9606.ENSP00000265271 9606.ENSP00000364543 0 0 0 64 123 0 222 305 
9606.ENSP00000265271 9606.ENSP00000479248 0 0 0 0 0 0 417 417 
9606.ENSP00000265271 9606.ENSP00000351250 0 0 0 555 0 0 0 555 
9606.ENSP00000265271 9606.ENSP00000377374 0 0 0 0 0 0 252 252 
9606.ENSP00000265271 9606.ENSP00000262189 0 0 0 61 0 0 368 381 
9606.ENSP00000265271 9606.ENSP00000340823 0 0 0 192 0 0 0 192 
9606.ENSP00000265271 9606.ENSP00000354453 0 0 0 0 0 0 252 252 
9606.ENSP00000265271 9606.ENSP00000452454 0 0 0 206 0 0 0 206 
9606.ENSP00000265271 9606.ENSP00000366997 0 0 0 129 0 0 103 185 
9606.ENSP00000265271 9606.ENSP00000381490 0 0 0 125 0 0 185 257 
9606.ENSP00000265271 9606.ENSP00000433433 0 0 0 0 0 0 265 265 
9606.ENSP00000265271 9606.ENSP00000274498 0 0 0 0 0 0 176 176 
9606.ENSP00000265271 9606.ENSP00000311977 0 0 0 100 0 0 165 216 
9606.ENSP00000265271 9606.ENSP00000254803 0 0 0 199 0 0 0 199 
9606.ENSP00000265271 9606.ENSP00000247843 0 0 0 159 0 0 0 159 
9606.ENSP00000265271 9606.ENSP00000361219 0 0 0 193 0 0 0 193 
9606.ENSP00000265271 9606.ENSP00000386458 0 0 0 306 0 0 0 306 
9606.ENSP00000265271 9606.ENSP00000355013 0 0 0 285 0 0 0 285 
9606.ENSP00000265271 9606.ENSP00000483667 0 0 0 309 0 0 0 309 
9606.ENSP00000265271 9606.ENSP00000401191 0 0 0 179 0 0 0 179 
9606.ENSP00000265271 9606.ENSP00000265388 0 0 0 114 0 0 202 263 
9606.ENSP00000265271 9606.ENSP00000254442 0 0 0 0 0 0 201 201 
9606.ENSP00000265271 9606.ENSP00000313881 0 0 0 0 0 0 190 190 
9606.ENSP00000265271 9606.ENSP00000379773 0 0 0 103 0 0 448 484 
9606.ENSP00000265271 9606.ENSP00000302114 0 0 0 0 0 0 270 270 
9606.ENSP00000265271 9606.ENSP00000356448 0 0 0 145 79 0 0 178 
9606.ENSP00000265271 9606.ENSP00000396225 0 0 0 0 0 0 290 290 
9606.ENSP00000265271 9606.ENSP00000355050 0 0 0 155 0 0 0 155 
9606.ENSP00000265271 9606.ENSP00000388638 0 0 0 183 0 0 0 183 
9606.ENSP00000265271 9606.ENSP00000238146 0 0 0 153 0 0 0 153 
9606.ENSP00000265271 9606.ENSP00000446184 0 0 0 189 0 0 129 264 
9606.ENSP00000265271 9606.ENSP00000349748 0 0 0 153 141 0 0 241 
9606.ENSP00000265271 9606.ENSP00000432282 0 0 0 0 811 0 0 811 
9606.ENSP00000265271 9606.ENSP00000351926 0 0 0 63 0 0 159 178 
9606.ENSP00000265271 9606.ENSP00000215574 0 0 0 183 0 0 0 183 
9606.ENSP00000265271 9606.ENSP00000301457 0 0 0 0 818 0 0 818 
9606.ENSP00000265271 9606.ENSP00000360532 0 0 0 288 0 0 0 288 
9606.ENSP00000265271 9606.ENSP00000324792 0 0 0 273 0 0 205 397 
9606.ENSP00000265271 9606.ENSP00000330361 0 0 0 157 0 0 0 157 
9606.ENSP00000265271 9606.ENSP00000266679 0 0 0 152 0 0 0 152 
9606.ENSP00000265271 9606.ENSP00000245838 0 0 0 183 0 0 159 283 
9606.ENSP00000265271 9606.ENSP00000216277 0 0 0 267 0 0 211 397 
9606.ENSP00000265271 9606.ENSP00000326806 0 0 0 245 0 0 183 357 
9606.ENSP00000265271 9606.ENSP00000055077 0 0 0 225 0 0 0 225 
9606.ENSP00000265271 9606.ENSP00000405111 0 0 0 131 0 0 147 228 
9606.ENSP00000265271 9606.ENSP00000222584 0 0 0 82 0 0 175 210 
9606.ENSP00000265271 9606.ENSP00000266070 0 0 0 201 0 0 0 201 
9606.ENSP00000265271 9606.ENSP00000305918 0 0 0 146 64 0 0 166 
9606.ENSP00000265271 9606.ENSP00000271555 0 0 0 183 0 0 0 183 
9606.ENSP00000265271 9606.ENSP00000328059 0 0 0 165 0 0 0 165 
9606.ENSP00000265271 9606.ENSP00000412566 0 0 0 131 63 0 0 151 
9606.ENSP00000265271 9606.ENSP00000374529 0 0 0 273 0 0 57 285 
9606.ENSP00000265271 9606.ENSP00000246802 0 0 0 157 0 0 62 176 
9606.ENSP00000265271 9606.ENSP00000351108 0 0 0 0 0 0 212 212 
9606.ENSP00000265271 9606.ENSP00000262710 0 0 0 107 0 0 105 167 
9606.ENSP00000265271 9606.ENSP00000362918 0 0 0 115 123 0 208 331 
9606.ENSP00000265271 9606.ENSP00000464036 0 0 0 325 0 0 0 325 
9606.ENSP00000265271 9606.ENSP00000225941 0 0 0 152 0 0 0 152 
9606.ENSP00000265271 9606.ENSP00000337122 0 0 0 0 0 0 268 268 
9606.ENSP00000265271 9606.ENSP00000304903 0 0 0 82 0 0 115 152 
9606.ENSP00000265271 9606.ENSP00000229281 0 0 0 181 0 0 0 181 
9606.ENSP00000265271 9606.ENSP00000238789 0 0 0 137 57 0 0 152 
9606.ENSP00000265271 9606.ENSP00000387361 0 0 0 193 0 0 0 193 
9606.ENSP00000265271 9606.ENSP00000340466 0 0 0 0 0 0 358 358 
9606.ENSP00000265271 9606.ENSP00000315035 0 0 0 54 0 0 168 179 
9606.ENSP00000265271 9606.ENSP00000429615 0 0 0 48 0 0 169 175 
9606.ENSP00000265271 9606.ENSP00000215567 0 0 0 0 0 0 388 388 
9606.ENSP00000265271 9606.ENSP00000356669 0 0 0 127 0 0 231 300 
9606.ENSP00000265271 9606.ENSP00000411099 0 0 0 112 0 0 121 187 
9606.ENSP00000265271 9606.ENSP00000373331 0 0 0 0 0 0 376 376 
9606.ENSP00000265271 9606.ENSP00000223073 0 0 0 157 0 0 0 157 
9606.ENSP00000265271 9606.ENSP00000359042 0 0 0 198 0 0 0 198 
9606.ENSP00000265271 9606.ENSP00000467423 0 0 0 152 0 0 0 152 
9606.ENSP00000265271 9606.ENSP00000373696 0 0 0 188 60 0 0 204 
9606.ENSP00000265271 9606.ENSP00000262518 0 0 0 130 0 0 307 372 
9606.ENSP00000265271 9606.ENSP00000369042 0 0 0 87 123 0 69 189 
9606.ENSP00000265271 9606.ENSP00000274496 0 0 0 55 0 0 722 726 
9606.ENSP00000265271 9606.ENSP00000398803 0 0 0 0 0 0 213 213 
9606.ENSP00000265271 9606.ENSP00000260184 0 0 0 64 123 0 69 169 
9606.ENSP00000265271 9606.ENSP00000321997 0 0 0 63 0 0 415 428 
9606.ENSP00000265271 9606.ENSP00000420612 0 0 0 61 0 0 239 255 
9606.ENSP00000265271 9606.ENSP00000261167 0 0 0 288 0 0 0 288 
9606.ENSP00000265271 9606.ENSP00000234296 0 0 0 183 0 0 0 183 
9606.ENSP00000265271 9606.ENSP00000233146 0 0 0 176 0 0 0 176 
9606.ENSP00000265271 9606.ENSP00000261726 0 0 0 64 0 0 256 273 
9606.ENSP00000265271 9606.ENSP00000352438 0 0 0 155 0 0 0 155 
9606.ENSP00000265271 9606.ENSP00000397843 0 0 0 187 0 0 0 187 
9606.ENSP00000265271 9606.ENSP00000257789 0 0 0 338 0 0 0 338 
9606.ENSP00000265271 9606.ENSP00000389445 0 0 0 175 0 0 0 175 
9606.ENSP00000265271 9606.ENSP00000359988 0 0 0 216 0 0 117 278 
9606.ENSP00000265271 9606.ENSP00000278823 0 0 0 173 0 0 0 173 
9606.ENSP00000265271 9606.ENSP00000310670 0 0 0 201 0 0 0 201 
9606.ENSP00000265271 9606.ENSP00000303427 0 0 0 216 0 0 0 216 
9606.ENSP00000265271 9606.ENSP00000367406 0 0 0 177 0 0 0 177 
9606.ENSP00000265271 9606.ENSP00000251849 0 0 0 154 0 0 0 154 
9606.ENSP00000265271 9606.ENSP00000348842 0 0 0 0 0 0 166 166 
9606.ENSP00000265271 9606.ENSP00000242784 0 0 0 272 0 0 0 272 
9606.ENSP00000265271 9606.ENSP00000424417 0 0 0 185 0 0 0 185 
9606.ENSP00000265271 9606.ENSP00000349428 0 0 0 103 0 0 243 292 
9606.ENSP00000265271 9606.ENSP00000364585 0 0 0 201 0 0 0 201 
9606.ENSP00000265271 9606.ENSP00000288466 0 0 0 0 0 0 309 309 
9606.ENSP00000265271 9606.ENSP00000376276 0 0 0 305 0 0 156 388 
9606.ENSP00000265271 9606.ENSP00000242776 0 0 0 140 0 0 54 152 
9606.ENSP00000265271 9606.ENSP00000415968 0 0 0 175 0 0 0 175 
9606.ENSP00000265271 9606.ENSP00000406046 0 0 0 187 0 0 0 187 
9606.ENSP00000265271 9606.ENSP00000375855 0 0 0 0 0 0 189 189 
9606.ENSP00000265271 9606.ENSP00000334538 0 0 0 329 0 0 128 390 
9606.ENSP00000265271 9606.ENSP00000416508 0 0 0 65 0 0 232 251 
9606.ENSP00000265271 9606.ENSP00000433664 0 0 0 125 0 0 367 422 
9606.ENSP00000265271 9606.ENSP00000266991 0 0 0 0 165 0 0 165 
9606.ENSP00000265271 9606.ENSP00000286835 0 0 0 503 0 0 95 530 
9606.ENSP00000265271 9606.ENSP00000355465 0 0 0 184 0 0 0 184 
9606.ENSP00000265271 9606.ENSP00000381429 0 0 0 176 0 0 0 176 
9606.ENSP00000265271 9606.ENSP00000331310 0 0 0 302 0 0 0 302 
9606.ENSP00000265271 9606.ENSP00000199320 0 0 0 175 0 0 0 175 
9606.ENSP00000265271 9606.ENSP00000485022 0 0 0 121 0 0 160 230 
9606.ENSP00000265271 9606.ENSP00000322937 0 0 0 0 0 0 173 173 
9606.ENSP00000265271 9606.ENSP00000262815 0 0 0 272 0 0 0 272 
9606.ENSP00000265271 9606.ENSP00000427108 0 0 0 157 0 0 0 157 
9606.ENSP00000265271 9606.ENSP00000251038 0 0 0 100 186 0 113 293 
9606.ENSP00000265271 9606.ENSP00000466690 0 0 0 0 0 0 187 187 
9606.ENSP00000265271 9606.ENSP00000367214 0 0 0 0 0 0 714 714 
9606.ENSP00000265271 9606.ENSP00000327143 0 0 0 0 0 0 376 376 
9606.ENSP00000265271 9606.ENSP00000216832 0 0 0 213 0 0 0 213 
9606.ENSP00000265271 9606.ENSP00000416951 0 0 0 325 0 0 0 325 
9606.ENSP00000265271 9606.ENSP00000300651 0 0 0 263 0 0 0 263 
9606.ENSP00000265271 9606.ENSP00000249041 0 0 0 0 0 0 173 173 
9606.ENSP00000265271 9606.ENSP00000274787 0 0 0 0 0 0 330 330 
9606.ENSP00000265271 9606.ENSP00000253048 0 0 0 289 129 0 480 650 
9606.ENSP00000265271 9606.ENSP00000352021 0 0 0 0 0 0 480 480 
9606.ENSP00000265271 9606.ENSP00000254900 0 0 0 62 53 0 196 223 
9606.ENSP00000265271 9606.ENSP00000381064 0 0 0 154 0 0 0 154 
9606.ENSP00000265271 9606.ENSP00000399511 0 0 0 0 0 0 179 179 
9606.ENSP00000265271 9606.ENSP00000262887 0 0 0 274 0 0 0 274 
9606.ENSP00000265271 9606.ENSP00000328720 0 0 0 185 0 0 0 185 
9606.ENSP00000265271 9606.ENSP00000349508 0 0 0 177 0 0 0 177 
9606.ENSP00000265271 9606.ENSP00000358799 0 0 0 104 0 0 314 359 
9606.ENSP00000265271 9606.ENSP00000434614 0 0 0 201 0 0 0 201 
9606.ENSP00000265271 9606.ENSP00000359364 0 0 0 113 123 0 507 583 
9606.ENSP00000265271 9606.ENSP00000352400 0 0 0 273 0 0 0 273 
9606.ENSP00000265271 9606.ENSP00000260129 0 0 0 65 0 0 173 193 
9606.ENSP00000265271 9606.ENSP00000282388 0 0 0 0 0 0 173 173 
9606.ENSP00000265271 9606.ENSP00000381535 0 0 0 51 0 0 322 329 
9606.ENSP00000265271 9606.ENSP00000263549 0 0 0 53 0 0 302 310 
9606.ENSP00000265271 9606.ENSP00000300952 0 0 0 0 0 0 192 192 
9606.ENSP00000265271 9606.ENSP00000283629 0 0 0 0 0 0 234 234 
9606.ENSP00000265271 9606.ENSP00000393183 0 0 0 167 0 0 0 167 
9606.ENSP00000265271 9606.ENSP00000202816 0 0 0 97 0 0 176 224 
9606.ENSP00000265271 9606.ENSP00000378504 0 0 0 63 174 0 0 192 
9606.ENSP00000265271 9606.ENSP00000478490 0 0 0 108 123 0 208 326 
9606.ENSP00000265271 9606.ENSP00000254654 0 0 0 191 0 0 0 191 
9606.ENSP00000265271 9606.ENSP00000262406 0 0 0 0 0 0 262 262 
9606.ENSP00000265271 9606.ENSP00000361577 0 0 0 0 0 0 280 280 
9606.ENSP00000265271 9606.ENSP00000291574 0 0 0 0 0 0 345 345 
9606.ENSP00000265271 9606.ENSP00000348984 0 0 0 178 0 0 0 178 
9606.ENSP00000265271 9606.ENSP00000465099 0 0 0 183 0 0 0 183 
9606.ENSP00000265271 9606.ENSP00000337353 0 0 0 181 0 0 0 181 
9606.ENSP00000265271 9606.ENSP00000356476 0 0 0 186 0 0 0 186 
9606.ENSP00000265271 9606.ENSP00000420295 0 0 0 0 0 0 203 203 
9606.ENSP00000265271 9606.ENSP00000483453 0 0 0 181 0 0 0 181 
9606.ENSP00000265271 9606.ENSP00000285518 0 0 0 69 0 0 143 168 
9606.ENSP00000265271 9606.ENSP00000484056 0 0 0 160 0 0 71 186 
9606.ENSP00000265271 9606.ENSP00000292431 0 0 0 157 0 0 0 157 
9606.ENSP00000265271 9606.ENSP00000296490 0 0 0 183 0 0 0 183 
9606.ENSP00000265271 9606.ENSP00000329097 0 0 0 164 0 0 0 164 
9606.ENSP00000265271 9606.ENSP00000356110 0 0 0 73 0 0 124 153 
9606.ENSP00000265271 9606.ENSP00000368881 0 0 0 180 0 0 331 428 
9606.ENSP00000265271 9606.ENSP00000352536 0 0 0 112 136 0 0 200 
9606.ENSP00000265271 9606.ENSP00000363642 0 0 0 178 0 0 0 178 
9606.ENSP00000265271 9606.ENSP00000303015 0 0 0 0 0 0 332 332 
9606.ENSP00000265271 9606.ENSP00000368984 0 0 0 172 0 0 0 172 
9606.ENSP00000265271 9606.ENSP00000321711 0 0 0 129 0 0 162 238 
9606.ENSP00000265271 9606.ENSP00000263956 0 0 0 218 0 0 0 218 
9606.ENSP00000265271 9606.ENSP00000258742 0 0 0 79 0 0 426 449 
9606.ENSP00000265271 9606.ENSP00000378350 0 0 0 181 0 0 0 181 
9606.ENSP00000265271 9606.ENSP00000356405 0 0 0 320 0 0 0 320 
9606.ENSP00000265271 9606.ENSP00000385751 0 0 0 183 0 0 0 183 
9606.ENSP00000265271 9606.ENSP00000372335 0 0 0 377 0 0 0 377 
9606.ENSP00000265271 9606.ENSP00000439244 0 0 0 103 0 0 216 266 
9606.ENSP00000265271 9606.ENSP00000263773 0 0 0 228 0 0 0 228 
9606.ENSP00000265271 9606.ENSP00000433511 0 0 0 0 0 0 225 225 
9606.ENSP00000265271 9606.ENSP00000481575 0 0 0 73 0 0 440 458 
9606.ENSP00000265271 9606.ENSP00000220496 0 0 0 213 0 0 0 213 
9606.ENSP00000265271 9606.ENSP00000349576 0 0 0 0 0 0 175 175 
9606.ENSP00000265271 9606.ENSP00000377954 0 0 0 106 0 0 588 616 
9606.ENSP00000265271 9606.ENSP00000457411 0 0 0 183 0 0 0 183 
9606.ENSP00000265271 9606.ENSP00000395654 0 0 0 187 0 0 0 187 
9606.ENSP00000265271 9606.ENSP00000342778 0 0 0 195 0 0 0 195 
9606.ENSP00000265271 9606.ENSP00000259006 0 0 0 188 0 0 0 188 
9606.ENSP00000265271 9606.ENSP00000251993 0 0 0 0 0 0 194 194 
9606.ENSP00000265271 9606.ENSP00000432768 0 0 0 154 0 0 0 154 
9606.ENSP00000265271 9606.ENSP00000237264 0 0 0 183 0 0 0 183 
9606.ENSP00000265271 9606.ENSP00000349124 0 0 0 265 0 0 0 265 
9606.ENSP00000265271 9606.ENSP00000297261 0 0 0 0 165 0 0 165 
9606.ENSP00000265271 9606.ENSP00000320949 0 0 0 200 0 0 64 219 
9606.ENSP00000265271 9606.ENSP00000253814 0 0 0 0 0 0 188 188 
9606.ENSP00000265271 9606.ENSP00000257940 0 0 0 0 0 0 559 559 
9606.ENSP00000265271 9606.ENSP00000297540 0 0 0 329 0 0 0 329 
9606.ENSP00000265271 9606.ENSP00000286317 0 0 0 0 0 0 222 222 
9606.ENSP00000265271 9606.ENSP00000359484 0 0 0 194 0 0 0 194 
9606.ENSP00000265271 9606.ENSP00000328848 0 0 0 154 0 0 0 154 
9606.ENSP00000265271 9606.ENSP00000346725 0 0 0 193 0 0 0 193 
9606.ENSP00000265271 9606.ENSP00000429065 0 0 0 169 0 0 0 169 
9606.ENSP00000265271 9606.ENSP00000308733 0 0 0 0 0 0 537 537 
9606.ENSP00000265271 9606.ENSP00000485586 0 0 0 63 174 0 0 192 
9606.ENSP00000265271 9606.ENSP00000362063 0 0 0 185 0 0 0 185 
9606.ENSP00000265271 9606.ENSP00000258648 0 0 0 307 60 0 0 320 
9606.ENSP00000265271 9606.ENSP00000326261 0 0 0 183 0 0 52 192 
9606.ENSP00000265271 9606.ENSP00000271715 0 0 0 306 0 0 0 306 
9606.ENSP00000265271 9606.ENSP00000377040 0 0 0 0 0 0 173 173 
9606.ENSP00000265271 9606.ENSP00000291386 0 0 0 248 0 0 0 248 
9606.ENSP00000265271 9606.ENSP00000316948 0 0 0 61 0 0 206 222 
9606.ENSP00000265271 9606.ENSP00000265260 0 0 0 171 0 0 0 171 
9606.ENSP00000265271 9606.ENSP00000480987 0 0 0 185 0 0 0 185 
9606.ENSP00000265271 9606.ENSP00000436901 0 0 0 154 0 0 0 154 
9606.ENSP00000265271 9606.ENSP00000426548 0 0 0 0 0 0 385 385 
9606.ENSP00000265271 9606.ENSP00000323421 0 0 0 249 0 0 0 249 
9606.ENSP00000265271 9606.ENSP00000362931 0 0 0 224 313 0 0 444 
9606.ENSP00000265271 9606.ENSP00000323782 0 0 0 60 0 0 165 181 
9606.ENSP00000265271 9606.ENSP00000379346 0 0 0 380 0 0 0 380 
9606.ENSP00000265271 9606.ENSP00000346634 0 0 0 147 0 0 104 203 
9606.ENSP00000265271 9606.ENSP00000340507 0 0 0 153 0 0 0 153 
9606.ENSP00000265271 9606.ENSP00000251871 0 0 0 183 0 0 58 197 
9606.ENSP00000265271 9606.ENSP00000215862 0 0 0 157 0 0 0 157 
9606.ENSP00000265271 9606.ENSP00000391723 0 0 0 201 0 0 0 201 
9606.ENSP00000265271 9606.ENSP00000344547 0 0 0 152 0 0 0 152 
9606.ENSP00000265271 9606.ENSP00000334474 0 0 0 185 0 0 0 185 
9606.ENSP00000265271 9606.ENSP00000359804 0 0 0 272 0 0 50 278 
9606.ENSP00000265271 9606.ENSP00000262105 0 0 0 167 0 0 0 167 
9606.ENSP00000265271 9606.ENSP00000362869 0 0 0 0 0 0 440 440 
9606.ENSP00000265271 9606.ENSP00000433919 0 0 0 302 0 0 123 361 
9606.ENSP00000265271 9606.ENSP00000293677 0 0 0 197 0 0 169 304 
9606.ENSP00000265271 9606.ENSP00000478783 0 0 0 204 0 0 0 204 
9606.ENSP00000265271 9606.ENSP00000468025 0 0 0 0 0 0 163 163 
9606.ENSP00000265271 9606.ENSP00000258105 0 0 0 0 815 0 0 815 
9606.ENSP00000265271 9606.ENSP00000263707 0 0 0 0 0 0 205 205 
9606.ENSP00000265271 9606.ENSP00000362649 0 0 0 204 0 0 0 204 
9606.ENSP00000265271 9606.ENSP00000273588 0 0 0 0 0 0 210 210 
9606.ENSP00000265271 9606.ENSP00000355899 0 0 0 158 0 0 0 158 
9606.ENSP00000265271 9606.ENSP00000225298 0 0 0 97 0 0 145 195 
9606.ENSP00000265271 9606.ENSP00000428845 0 0 0 0 386 0 0 386 
9606.ENSP00000265271 9606.ENSP00000347427 0 0 0 0 0 0 479 479 
9606.ENSP00000265271 9606.ENSP00000363193 0 0 0 213 0 0 0 213 
9606.ENSP00000265271 9606.ENSP00000359518 0 0 0 189 0 0 0 189 
9606.ENSP00000265271 9606.ENSP00000431391 0 0 0 198 0 0 0 198 
9606.ENSP00000265271 9606.ENSP00000324827 0 0 0 174 0 0 0 174 
9606.ENSP00000265271 9606.ENSP00000295321 0 0 0 188 0 0 0 188 
9606.ENSP00000265271 9606.ENSP00000418563 0 0 0 164 0 0 0 164 
9606.ENSP00000265271 9606.ENSP00000274569 0 0 0 0 0 0 313 313 
9606.ENSP00000265271 9606.ENSP00000351137 0 0 0 321 0 0 0 321 
9606.ENSP00000265271 9606.ENSP00000283195 0 0 0 246 0 0 48 252 
9606.ENSP00000265271 9606.ENSP00000351100 0 0 0 160 0 0 358 437 
9606.ENSP00000265271 9606.ENSP00000261942 0 0 0 124 0 0 187 257 
9606.ENSP00000265271 9606.ENSP00000351947 0 0 0 183 0 0 69 207 
9606.ENSP00000265271 9606.ENSP00000244520 0 0 0 152 0 0 0 152 
9606.ENSP00000265271 9606.ENSP00000263239 0 0 0 120 0 0 117 190 
9606.ENSP00000265271 9606.ENSP00000383274 0 0 0 61 0 0 173 190 
9606.ENSP00000265271 9606.ENSP00000366208 0 0 0 0 0 0 268 268 
9606.ENSP00000265271 9606.ENSP00000361263 0 0 0 159 0 0 0 159 
9606.ENSP00000265271 9606.ENSP00000345917 0 0 0 125 0 0 149 224 
9606.ENSP00000265271 9606.ENSP00000293872 0 0 0 118 196 0 0 261 
9606.ENSP00000265271 9606.ENSP00000294829 0 0 0 0 0 0 189 189 
9606.ENSP00000265271 9606.ENSP00000262460 0 0 0 158 0 0 0 158 
9606.ENSP00000265271 9606.ENSP00000445001 0 0 0 168 0 0 0 168 
9606.ENSP00000265271 9606.ENSP00000305839 0 0 0 0 0 0 292 292 
9606.ENSP00000265271 9606.ENSP00000337445 0 0 0 183 0 0 0 183 
9606.ENSP00000265271 9606.ENSP00000405574 0 0 0 118 0 0 90 163 
9606.ENSP00000265271 9606.ENSP00000370460 0 0 0 161 0 0 228 326 
9606.ENSP00000265271 9606.ENSP00000366434 0 0 0 160 0 0 121 230 
9606.ENSP00000265271 9606.ENSP00000215793 0 0 0 202 0 0 96 248 
9606.ENSP00000265271 9606.ENSP00000438527 0 0 0 142 818 0 111 849 
9606.ENSP00000265271 9606.ENSP00000366557 0 0 0 202 0 0 0 202 
9606.ENSP00000265271 9606.ENSP00000363043 0 0 0 171 0 0 0 171 
9606.ENSP00000265271 9606.ENSP00000343900 0 0 0 0 129 0 106 188 
9606.ENSP00000265271 9606.ENSP00000364639 0 0 0 0 0 0 453 453 
9606.ENSP00000265271 9606.ENSP00000315476 0 0 0 132 0 0 80 167 
9606.ENSP00000265271 9606.ENSP00000266087 0 0 0 171 0 0 0 171 
9606.ENSP00000265271 9606.ENSP00000295124 0 0 0 0 0 0 544 544 
9606.ENSP00000265271 9606.ENSP00000257181 0 0 0 153 0 0 0 153 
9606.ENSP00000265271 9606.ENSP00000264951 0 0 0 202 0 0 113 262 
9606.ENSP00000265271 9606.ENSP00000348596 0 0 0 307 0 0 0 307 
9606.ENSP00000265271 9606.ENSP00000319104 0 0 0 182 0 0 62 199 
9606.ENSP00000265271 9606.ENSP00000480140 0 0 0 0 0 0 155 155 
9606.ENSP00000265271 9606.ENSP00000371858 0 0 0 78 0 0 204 234 
9606.ENSP00000265271 9606.ENSP00000378028 0 0 0 0 0 0 221 221 
9606.ENSP00000265271 9606.ENSP00000310520 0 0 0 175 0 0 0 175 
9606.ENSP00000265271 9606.ENSP00000430955 0 0 0 0 0 0 302 302 
9606.ENSP00000265271 9606.ENSP00000298310 0 0 0 190 0 0 0 190 
9606.ENSP00000265271 9606.ENSP00000252542 0 0 0 154 0 0 0 154 
9606.ENSP00000265271 9606.ENSP00000261531 0 0 0 302 0 0 0 302 
9606.ENSP00000265271 9606.ENSP00000369411 0 0 0 158 0 0 0 158 
9606.ENSP00000265271 9606.ENSP00000345412 0 0 0 289 0 0 0 289 
9606.ENSP00000265271 9606.ENSP00000282486 0 0 0 71 0 0 128 155 
9606.ENSP00000265271 9606.ENSP00000223321 0 0 0 44 0 0 400 401 
9606.ENSP00000265271 9606.ENSP00000352738 0 0 0 112 0 0 173 234 
9606.ENSP00000265271 9606.ENSP00000244020 0 0 0 154 0 0 68 178 
9606.ENSP00000265271 9606.ENSP00000346335 0 0 0 64 0 0 245 263 
9606.ENSP00000265271 9606.ENSP00000216727 0 0 0 46 382 0 339 576 
9606.ENSP00000265271 9606.ENSP00000369424 0 0 0 176 0 0 0 176 
9606.ENSP00000265271 9606.ENSP00000480158 0 0 0 198 0 0 0 198 
9606.ENSP00000265271 9606.ENSP00000345206 0 0 0 199 80 0 0 232 
9606.ENSP00000265271 9606.ENSP00000231790 0 0 0 183 0 0 0 183 
9606.ENSP00000265271 9606.ENSP00000397927 0 0 0 148 52 0 0 157 
9606.ENSP00000265271 9606.ENSP00000480832 0 0 0 86 0 0 294 327 
9606.ENSP00000265271 9606.ENSP00000301015 0 0 0 63 0 0 462 474 
9606.ENSP00000265271 9606.ENSP00000370193 0 0 0 175 0 0 0 175 
9606.ENSP00000265271 9606.ENSP00000261308 0 0 0 155 0 0 126 229 
9606.ENSP00000265271 9606.ENSP00000419851 0 0 0 169 0 0 0 169 
9606.ENSP00000265271 9606.ENSP00000416583 0 0 0 0 0 0 169 169 
9606.ENSP00000265271 9606.ENSP00000379931 0 0 0 183 0 0 0 183 
9606.ENSP00000265271 9606.ENSP00000238788 0 0 0 179 0 0 0 179 
9606.ENSP00000265271 9606.ENSP00000261900 0 0 0 323 0 0 73 345 
9606.ENSP00000265271 9606.ENSP00000452479 0 0 0 0 382 0 274 532 
9606.ENSP00000265271 9606.ENSP00000309555 0 0 0 152 0 0 0 152 
9606.ENSP00000265271 9606.ENSP00000443113 0 0 0 63 0 0 166 185 
9606.ENSP00000265271 9606.ENSP00000330694 0 0 0 271 0 0 0 271 
9606.ENSP00000265271 9606.ENSP00000283875 0 0 0 272 0 0 0 272 
9606.ENSP00000265271 9606.ENSP00000361162 0 0 0 274 0 0 0 274 
