9606.ENSP00000255078 9606.ENSP00000294053 85 0 0 93 128 0 95 258 
9606.ENSP00000255078 9606.ENSP00000351185 0 0 137 62 0 0 60 173 
9606.ENSP00000255078 9606.ENSP00000377969 0 0 0 153 0 0 0 153 
9606.ENSP00000255078 9606.ENSP00000232564 0 0 0 0 0 0 150 150 
9606.ENSP00000255078 9606.ENSP00000352264 0 0 0 100 0 0 257 302 
9606.ENSP00000255078 9606.ENSP00000350698 0 0 0 61 124 0 108 202 
9606.ENSP00000255078 9606.ENSP00000478017 0 0 0 0 163 0 62 181 
9606.ENSP00000255078 9606.ENSP00000369849 0 0 0 0 0 0 284 284 
9606.ENSP00000255078 9606.ENSP00000368455 0 0 0 0 124 0 70 150 
9606.ENSP00000255078 9606.ENSP00000362576 43 0 0 63 0 0 178 198 
9606.ENSP00000255078 9606.ENSP00000305742 42 0 0 0 0 0 215 215 
9606.ENSP00000255078 9606.ENSP00000379138 0 0 0 0 0 0 221 221 
9606.ENSP00000255078 9606.ENSP00000387536 0 0 0 63 0 0 224 242 
9606.ENSP00000255078 9606.ENSP00000355094 0 0 0 122 132 0 62 223 
9606.ENSP00000255078 9606.ENSP00000249299 0 0 0 57 208 0 0 222 
9606.ENSP00000255078 9606.ENSP00000350199 0 0 0 76 0 0 167 197 
9606.ENSP00000255078 9606.ENSP00000306117 0 0 0 99 0 0 140 192 
9606.ENSP00000255078 9606.ENSP00000263370 0 0 0 0 0 0 173 173 
9606.ENSP00000255078 9606.ENSP00000416673 0 0 0 61 133 0 0 151 
9606.ENSP00000255078 9606.ENSP00000314792 0 0 0 0 163 0 62 181 
9606.ENSP00000255078 9606.ENSP00000466897 0 0 0 42 163 0 62 182 
9606.ENSP00000255078 9606.ENSP00000355388 0 0 0 89 92 0 92 183 
9606.ENSP00000255078 9606.ENSP00000260210 0 0 0 111 132 0 50 202 
9606.ENSP00000255078 9606.ENSP00000400806 0 0 0 66 0 0 432 447 
9606.ENSP00000255078 9606.ENSP00000482835 0 0 0 62 0 0 167 185 
9606.ENSP00000255078 9606.ENSP00000263102 0 0 0 73 0 0 189 216 
9606.ENSP00000255078 9606.ENSP00000314348 0 0 0 65 124 0 217 303 
9606.ENSP00000255078 9606.ENSP00000279387 0 0 0 134 50 0 50 150 
9606.ENSP00000255078 9606.ENSP00000239882 0 0 0 122 0 0 74 152 
9606.ENSP00000255078 9606.ENSP00000307786 0 0 0 61 133 0 50 159 
9606.ENSP00000255078 9606.ENSP00000457466 43 0 0 65 82 0 546 577 
9606.ENSP00000255078 9606.ENSP00000410769 0 0 0 82 64 0 141 198 
9606.ENSP00000255078 9606.ENSP00000467141 0 0 0 61 0 0 391 404 
9606.ENSP00000255078 9606.ENSP00000242351 0 0 0 173 0 0 41 173 
9606.ENSP00000255078 9606.ENSP00000364289 0 0 0 94 157 0 131 278 
9606.ENSP00000255078 9606.ENSP00000278886 0 0 0 0 0 0 150 150 
9606.ENSP00000255078 9606.ENSP00000349351 0 0 0 42 157 0 404 476 
9606.ENSP00000255078 9606.ENSP00000354960 0 0 0 192 0 0 0 192 
9606.ENSP00000255078 9606.ENSP00000308622 0 0 0 97 0 0 173 222 
9606.ENSP00000255078 9606.ENSP00000484645 0 0 0 63 132 0 50 159 
9606.ENSP00000255078 9606.ENSP00000394487 0 0 0 0 0 0 330 330 
9606.ENSP00000255078 9606.ENSP00000230859 0 0 0 63 0 0 315 330 
9606.ENSP00000255078 9606.ENSP00000326031 0 0 0 58 50 0 186 208 
9606.ENSP00000255078 9606.ENSP00000362680 0 0 0 0 74 0 175 203 
9606.ENSP00000255078 9606.ENSP00000417196 0 0 0 49 54 0 245 261 
9606.ENSP00000255078 9606.ENSP00000297347 0 0 0 156 0 0 53 166 
9606.ENSP00000255078 9606.ENSP00000383333 0 0 0 95 0 0 168 215 
9606.ENSP00000255078 9606.ENSP00000343054 0 0 0 154 0 0 0 154 
9606.ENSP00000255078 9606.ENSP00000263857 0 0 0 63 127 0 95 195 
9606.ENSP00000255078 9606.ENSP00000003302 0 0 0 190 80 0 0 223 
9606.ENSP00000255078 9606.ENSP00000274849 0 0 0 55 281 0 717 790 
9606.ENSP00000255078 9606.ENSP00000256190 0 0 0 62 0 0 430 442 
9606.ENSP00000255078 9606.ENSP00000330460 0 0 0 61 124 0 64 162 
9606.ENSP00000255078 9606.ENSP00000458075 0 0 0 97 132 0 104 236 
9606.ENSP00000255078 9606.ENSP00000348089 43 0 0 62 82 0 123 180 
9606.ENSP00000255078 9606.ENSP00000361923 0 0 0 156 0 0 0 156 
9606.ENSP00000255078 9606.ENSP00000363891 0 0 0 0 0 0 155 155 
9606.ENSP00000255078 9606.ENSP00000265140 0 0 0 64 92 0 104 171 
9606.ENSP00000255078 9606.ENSP00000297071 0 0 0 58 163 0 62 195 
9606.ENSP00000255078 9606.ENSP00000366135 0 0 0 176 163 0 127 345 
9606.ENSP00000255078 9606.ENSP00000411532 0 0 0 90 0 0 145 188 
9606.ENSP00000255078 9606.ENSP00000261015 0 0 0 63 240 0 57 269 
9606.ENSP00000255078 9606.ENSP00000268919 0 0 0 63 0 0 167 186 
9606.ENSP00000255078 9606.ENSP00000372059 0 0 0 0 0 0 244 244 
9606.ENSP00000255078 9606.ENSP00000318977 51 0 0 63 183 0 199 340 
9606.ENSP00000255078 9606.ENSP00000357292 0 0 0 78 0 0 138 171 
9606.ENSP00000255078 9606.ENSP00000298746 60 0 0 62 56 0 101 151 
9606.ENSP00000255078 9606.ENSP00000247003 0 0 0 63 124 0 528 579 
9606.ENSP00000255078 9606.ENSP00000422007 0 0 0 67 0 0 141 164 
9606.ENSP00000255078 9606.ENSP00000237654 0 0 0 55 94 0 143 202 
9606.ENSP00000255078 9606.ENSP00000272902 0 0 0 0 0 0 196 196 
9606.ENSP00000255078 9606.ENSP00000262133 0 0 0 64 0 0 332 348 
9606.ENSP00000255078 9606.ENSP00000377681 0 0 0 56 58 0 140 169 
9606.ENSP00000255078 9606.ENSP00000426964 58 0 0 147 124 0 68 256 
9606.ENSP00000255078 9606.ENSP00000400365 0 0 0 0 0 0 188 188 
9606.ENSP00000255078 9606.ENSP00000335636 0 0 0 153 0 0 0 153 
9606.ENSP00000255078 9606.ENSP00000247219 0 0 0 0 0 0 177 177 
9606.ENSP00000255078 9606.ENSP00000379475 0 0 0 61 124 0 62 161 
9606.ENSP00000255078 9606.ENSP00000416534 0 0 0 102 124 0 62 197 
9606.ENSP00000255078 9606.ENSP00000368667 0 0 0 61 124 0 414 476 
9606.ENSP00000255078 9606.ENSP00000326767 0 0 0 159 0 0 0 159 
9606.ENSP00000255078 9606.ENSP00000262415 0 0 0 193 160 0 75 319 
9606.ENSP00000255078 9606.ENSP00000304593 0 0 0 0 159 0 0 159 
9606.ENSP00000255078 9606.ENSP00000304669 0 0 0 0 0 0 225 225 
9606.ENSP00000255078 9606.ENSP00000306752 0 0 0 97 132 0 77 213 
9606.ENSP00000255078 9606.ENSP00000378917 0 0 0 123 99 0 0 176 
9606.ENSP00000255078 9606.ENSP00000268616 0 0 0 62 123 0 119 211 
9606.ENSP00000255078 9606.ENSP00000360183 0 0 0 63 0 0 204 222 
9606.ENSP00000255078 9606.ENSP00000483495 0 0 0 62 124 0 62 161 
9606.ENSP00000255078 9606.ENSP00000285667 0 0 0 0 162 0 69 186 
9606.ENSP00000255078 9606.ENSP00000259239 0 0 0 83 142 0 0 180 
9606.ENSP00000255078 9606.ENSP00000365174 0 0 0 0 124 0 70 150 
9606.ENSP00000255078 9606.ENSP00000361927 0 0 0 62 261 0 0 277 
9606.ENSP00000255078 9606.ENSP00000362441 43 0 0 83 82 0 79 159 
9606.ENSP00000255078 9606.ENSP00000358854 0 0 0 86 0 0 471 496 
9606.ENSP00000255078 9606.ENSP00000457723 0 0 0 63 0 0 467 479 
9606.ENSP00000255078 9606.ENSP00000322570 0 0 0 142 175 0 104 311 
9606.ENSP00000255078 9606.ENSP00000276201 0 0 0 83 145 0 128 257 
9606.ENSP00000255078 9606.ENSP00000263360 0 0 0 49 84 0 128 174 
9606.ENSP00000255078 9606.ENSP00000468367 0 0 0 81 85 0 86 164 
9606.ENSP00000255078 9606.ENSP00000256079 0 0 0 91 120 0 67 188 
9606.ENSP00000255078 9606.ENSP00000365950 0 0 0 0 163 0 62 181 
9606.ENSP00000255078 9606.ENSP00000399862 0 0 0 158 0 0 0 158 
9606.ENSP00000255078 9606.ENSP00000373715 0 0 0 63 124 0 70 169 
9606.ENSP00000255078 9606.ENSP00000386653 0 0 0 0 0 0 163 163 
9606.ENSP00000255078 9606.ENSP00000313007 0 0 0 73 52 0 264 297 
9606.ENSP00000255078 9606.ENSP00000454699 0 0 0 61 0 0 167 184 
9606.ENSP00000255078 9606.ENSP00000424737 0 0 0 62 0 0 157 175 
9606.ENSP00000255078 9606.ENSP00000260385 0 0 0 0 0 0 189 189 
9606.ENSP00000255078 9606.ENSP00000378830 0 0 0 183 0 0 0 183 
9606.ENSP00000255078 9606.ENSP00000416739 0 0 0 69 132 0 164 266 
9606.ENSP00000255078 9606.ENSP00000265970 0 0 0 129 132 0 128 284 
9606.ENSP00000255078 9606.ENSP00000345728 0 0 0 82 0 0 341 369 
9606.ENSP00000255078 9606.ENSP00000410759 0 0 0 0 53 0 243 252 
9606.ENSP00000255078 9606.ENSP00000270176 0 0 0 59 0 0 151 166 
9606.ENSP00000255078 9606.ENSP00000361170 0 0 0 63 0 0 167 186 
9606.ENSP00000255078 9606.ENSP00000423550 43 0 0 62 82 0 136 193 
9606.ENSP00000255078 9606.ENSP00000339511 0 0 0 0 0 0 216 216 
9606.ENSP00000255078 9606.ENSP00000387303 0 0 0 97 160 0 84 244 
9606.ENSP00000255078 9606.ENSP00000370196 0 0 0 85 0 0 266 300 
9606.ENSP00000255078 9606.ENSP00000294304 0 0 0 0 0 0 174 174 
9606.ENSP00000255078 9606.ENSP00000354032 0 0 0 0 0 0 556 556 
9606.ENSP00000255078 9606.ENSP00000281474 0 0 0 0 157 0 48 163 
9606.ENSP00000255078 9606.ENSP00000354720 52 0 0 81 105 0 83 189 
9606.ENSP00000255078 9606.ENSP00000281156 0 0 0 65 132 0 62 172 
9606.ENSP00000255078 9606.ENSP00000419628 0 0 0 0 124 0 70 150 
9606.ENSP00000255078 9606.ENSP00000302606 0 0 0 0 0 0 202 202 
9606.ENSP00000255078 9606.ENSP00000357218 58 0 0 309 124 0 68 397 
9606.ENSP00000255078 9606.ENSP00000304945 0 0 0 0 169 0 0 169 
9606.ENSP00000255078 9606.ENSP00000268482 0 0 0 102 160 0 68 236 
9606.ENSP00000255078 9606.ENSP00000284154 0 0 0 171 0 0 62 189 
9606.ENSP00000255078 9606.ENSP00000317636 0 0 0 79 132 0 145 257 
9606.ENSP00000255078 9606.ENSP00000262305 0 0 0 49 0 0 164 170 
9606.ENSP00000255078 9606.ENSP00000360541 0 0 0 0 0 0 171 171 
9606.ENSP00000255078 9606.ENSP00000315371 0 0 0 0 0 0 201 201 
9606.ENSP00000255078 9606.ENSP00000245934 0 0 0 145 0 0 67 168 
9606.ENSP00000255078 9606.ENSP00000354923 0 0 0 0 0 0 236 236 
9606.ENSP00000255078 9606.ENSP00000377640 0 0 0 68 0 0 198 221 
9606.ENSP00000255078 9606.ENSP00000442336 0 0 0 63 78 0 184 233 
9606.ENSP00000255078 9606.ENSP00000227868 0 0 0 62 0 0 525 535 
9606.ENSP00000255078 9606.ENSP00000404854 0 0 0 0 0 0 165 165 
9606.ENSP00000255078 9606.ENSP00000398597 0 0 0 70 0 0 152 178 
9606.ENSP00000255078 9606.ENSP00000364448 0 0 0 56 145 0 217 312 
9606.ENSP00000255078 9606.ENSP00000361512 0 0 0 61 63 0 124 161 
9606.ENSP00000255078 9606.ENSP00000481203 0 0 0 0 0 0 272 272 
9606.ENSP00000255078 9606.ENSP00000377344 54 0 0 114 120 0 317 428 
9606.ENSP00000255078 9606.ENSP00000244496 0 0 0 175 0 0 0 175 
9606.ENSP00000255078 9606.ENSP00000484525 0 0 0 129 0 0 161 238 
9606.ENSP00000255078 9606.ENSP00000268712 0 0 0 178 0 0 55 190 
9606.ENSP00000255078 9606.ENSP00000353793 0 0 0 93 313 0 91 384 
9606.ENSP00000255078 9606.ENSP00000245564 0 0 0 93 0 0 141 187 
9606.ENSP00000255078 9606.ENSP00000422626 0 0 0 118 103 0 50 182 
9606.ENSP00000255078 9606.ENSP00000335595 0 0 0 0 0 0 173 173 
9606.ENSP00000255078 9606.ENSP00000247001 0 0 0 159 0 0 0 159 
9606.ENSP00000255078 9606.ENSP00000366283 0 0 0 0 0 0 800 800 
9606.ENSP00000255078 9606.ENSP00000289153 0 0 0 97 132 0 309 411 
9606.ENSP00000255078 9606.ENSP00000334952 0 0 0 0 174 0 49 180 
9606.ENSP00000255078 9606.ENSP00000345752 0 0 0 0 0 0 293 293 
9606.ENSP00000255078 9606.ENSP00000332773 0 0 0 0 169 0 0 169 
9606.ENSP00000255078 9606.ENSP00000362936 0 0 0 0 163 0 62 181 
9606.ENSP00000255078 9606.ENSP00000269127 43 0 0 65 82 0 99 160 
9606.ENSP00000255078 9606.ENSP00000370083 0 0 0 0 0 0 575 575 
9606.ENSP00000255078 9606.ENSP00000336606 43 0 0 63 82 0 106 165 
9606.ENSP00000255078 9606.ENSP00000209728 60 0 0 83 80 0 55 150 
9606.ENSP00000255078 9606.ENSP00000244769 0 0 0 0 0 0 313 313 
9606.ENSP00000255078 9606.ENSP00000366604 0 0 0 175 132 0 62 270 
9606.ENSP00000255078 9606.ENSP00000263967 0 0 0 97 132 0 405 492 
9606.ENSP00000255078 9606.ENSP00000343505 0 0 0 0 0 0 159 159 
9606.ENSP00000255078 9606.ENSP00000355261 0 0 0 158 261 0 114 400 
9606.ENSP00000255078 9606.ENSP00000443654 0 0 0 0 0 0 220 220 
9606.ENSP00000255078 9606.ENSP00000315569 0 0 0 105 110 0 86 209 
9606.ENSP00000255078 9606.ENSP00000417335 0 0 0 0 185 0 0 185 
9606.ENSP00000255078 9606.ENSP00000320251 0 0 0 83 0 0 258 290 
9606.ENSP00000255078 9606.ENSP00000478672 0 0 0 0 0 0 175 175 
9606.ENSP00000255078 9606.ENSP00000303111 0 0 0 0 0 0 275 275 
9606.ENSP00000255078 9606.ENSP00000225724 0 0 0 0 0 0 222 222 
9606.ENSP00000255078 9606.ENSP00000367787 0 0 0 108 172 0 90 269 
9606.ENSP00000255078 9606.ENSP00000273371 0 0 0 0 0 0 756 756 
9606.ENSP00000255078 9606.ENSP00000261024 0 0 0 239 0 0 0 239 
9606.ENSP00000255078 9606.ENSP00000358497 0 0 0 121 0 0 106 181 
9606.ENSP00000255078 9606.ENSP00000401371 0 0 0 95 87 0 62 157 
9606.ENSP00000255078 9606.ENSP00000396704 0 0 0 90 0 0 124 168 
9606.ENSP00000255078 9606.ENSP00000338345 0 0 0 0 0 0 187 187 
9606.ENSP00000255078 9606.ENSP00000318374 0 0 0 249 0 0 0 249 
9606.ENSP00000255078 9606.ENSP00000384408 0 0 0 0 0 0 215 215 
9606.ENSP00000255078 9606.ENSP00000480186 0 0 0 83 161 0 50 205 
9606.ENSP00000255078 9606.ENSP00000372088 0 0 0 172 162 0 187 387 
9606.ENSP00000255078 9606.ENSP00000413098 0 0 0 125 182 0 96 296 
9606.ENSP00000255078 9606.ENSP00000426978 0 0 0 63 132 0 50 159 
9606.ENSP00000255078 9606.ENSP00000366396 0 0 0 101 171 0 186 340 
9606.ENSP00000255078 9606.ENSP00000333234 0 0 0 0 0 0 266 266 
9606.ENSP00000255078 9606.ENSP00000254963 0 0 0 0 162 0 69 186 
9606.ENSP00000255078 9606.ENSP00000336701 0 0 0 63 162 0 88 221 
9606.ENSP00000255078 9606.ENSP00000484288 0 0 0 106 172 0 90 267 
9606.ENSP00000255078 9606.ENSP00000465260 0 0 0 0 0 0 161 161 
9606.ENSP00000255078 9606.ENSP00000485450 0 0 0 0 163 0 62 181 
9606.ENSP00000255078 9606.ENSP00000234313 0 0 0 61 0 0 258 273 
9606.ENSP00000255078 9606.ENSP00000402515 0 0 0 109 132 0 104 246 
9606.ENSP00000255078 9606.ENSP00000323858 0 0 0 84 124 0 62 181 
9606.ENSP00000255078 9606.ENSP00000381773 0 0 0 61 78 0 127 178 
9606.ENSP00000255078 9606.ENSP00000476955 0 0 0 62 189 0 93 249 
9606.ENSP00000255078 9606.ENSP00000326693 0 0 0 62 50 0 278 301 
9606.ENSP00000255078 9606.ENSP00000341826 0 0 0 0 163 0 93 208 
9606.ENSP00000255078 9606.ENSP00000368100 85 0 0 188 162 0 84 353 
9606.ENSP00000255078 9606.ENSP00000257818 0 0 0 49 50 0 166 181 
9606.ENSP00000255078 9606.ENSP00000455106 0 0 0 81 0 0 193 227 
9606.ENSP00000255078 9606.ENSP00000311135 0 0 0 125 160 0 68 255 
9606.ENSP00000255078 9606.ENSP00000309782 0 0 0 0 0 0 345 345 
9606.ENSP00000255078 9606.ENSP00000306983 0 0 0 173 90 0 50 222 
9606.ENSP00000255078 9606.ENSP00000473233 0 0 0 64 175 0 64 214 
9606.ENSP00000255078 9606.ENSP00000266058 0 0 0 0 185 0 622 678 
9606.ENSP00000255078 9606.ENSP00000357869 0 0 0 129 132 0 68 233 
9606.ENSP00000255078 9606.ENSP00000366997 0 0 0 64 110 0 86 172 
9606.ENSP00000255078 9606.ENSP00000381490 0 0 0 87 103 0 66 168 
9606.ENSP00000255078 9606.ENSP00000359454 0 0 0 96 0 0 465 495 
9606.ENSP00000255078 9606.ENSP00000385478 0 0 0 55 0 0 138 150 
9606.ENSP00000255078 9606.ENSP00000254719 0 0 0 86 171 0 108 265 
9606.ENSP00000255078 9606.ENSP00000247843 0 0 0 119 90 0 50 172 
9606.ENSP00000255078 9606.ENSP00000261772 0 0 0 64 0 0 290 307 
9606.ENSP00000255078 9606.ENSP00000482169 0 0 0 0 0 0 366 366 
9606.ENSP00000255078 9606.ENSP00000251642 0 0 0 83 82 0 75 153 
9606.ENSP00000255078 9606.ENSP00000474182 0 0 0 132 133 0 0 215 
9606.ENSP00000255078 9606.ENSP00000452123 0 0 0 100 87 0 62 162 
9606.ENSP00000255078 9606.ENSP00000356448 0 0 0 160 133 0 0 240 
9606.ENSP00000255078 9606.ENSP00000420723 0 0 0 0 0 0 256 256 
9606.ENSP00000255078 9606.ENSP00000264233 43 0 0 63 0 0 129 150 
9606.ENSP00000255078 9606.ENSP00000235329 45 0 0 63 0 0 348 365 
9606.ENSP00000255078 9606.ENSP00000253925 0 0 0 42 0 0 186 186 
9606.ENSP00000255078 9606.ENSP00000369335 81 0 0 64 157 0 506 593 
9606.ENSP00000255078 9606.ENSP00000362687 0 0 0 97 124 0 480 552 
9606.ENSP00000255078 9606.ENSP00000377381 0 0 0 0 0 0 328 328 
9606.ENSP00000255078 9606.ENSP00000221265 0 0 0 65 185 0 0 206 
9606.ENSP00000255078 9606.ENSP00000360532 0 0 0 160 0 0 49 167 
9606.ENSP00000255078 9606.ENSP00000333326 0 0 0 61 166 0 63 202 
9606.ENSP00000255078 9606.ENSP00000326806 0 0 0 92 189 0 93 274 
9606.ENSP00000255078 9606.ENSP00000365528 0 0 0 0 0 0 187 187 
9606.ENSP00000255078 9606.ENSP00000312129 0 0 0 0 0 0 186 186 
9606.ENSP00000255078 9606.ENSP00000271555 0 0 0 190 0 0 0 190 
9606.ENSP00000255078 9606.ENSP00000485452 0 0 0 0 50 0 142 150 
9606.ENSP00000255078 9606.ENSP00000378399 0 0 0 46 199 0 0 203 
9606.ENSP00000255078 9606.ENSP00000276603 0 0 0 56 145 0 0 158 
9606.ENSP00000255078 9606.ENSP00000356549 0 0 0 0 0 0 208 208 
9606.ENSP00000255078 9606.ENSP00000412698 0 0 0 84 162 0 85 236 
9606.ENSP00000255078 9606.ENSP00000412566 0 0 0 63 52 0 121 151 
9606.ENSP00000255078 9606.ENSP00000339659 0 0 0 62 64 0 336 366 
9606.ENSP00000255078 9606.ENSP00000404092 52 0 0 110 189 0 58 270 
9606.ENSP00000255078 9606.ENSP00000351108 0 0 0 0 163 0 62 181 
9606.ENSP00000255078 9606.ENSP00000262710 0 0 0 152 0 0 0 152 
9606.ENSP00000255078 9606.ENSP00000440190 0 0 0 62 159 0 105 232 
9606.ENSP00000255078 9606.ENSP00000424838 0 0 0 61 124 0 62 161 
9606.ENSP00000255078 9606.ENSP00000310219 0 0 0 0 162 0 69 186 
9606.ENSP00000255078 9606.ENSP00000301634 0 0 0 63 0 0 204 222 
9606.ENSP00000255078 9606.ENSP00000266671 0 0 0 0 0 0 179 179 
9606.ENSP00000255078 9606.ENSP00000306561 0 0 0 62 0 0 145 163 
9606.ENSP00000255078 9606.ENSP00000429615 0 0 0 88 93 0 168 252 
9606.ENSP00000255078 9606.ENSP00000223641 0 0 0 61 0 0 178 195 
9606.ENSP00000255078 9606.ENSP00000459533 0 0 0 0 0 0 183 183 
9606.ENSP00000255078 9606.ENSP00000444357 0 0 0 51 0 0 317 324 
9606.ENSP00000255078 9606.ENSP00000237612 0 0 0 55 0 0 168 180 
9606.ENSP00000255078 9606.ENSP00000216024 0 0 0 63 162 0 88 221 
9606.ENSP00000255078 9606.ENSP00000405635 0 0 0 0 0 0 274 274 
9606.ENSP00000255078 9606.ENSP00000481114 0 0 0 0 0 0 187 187 
9606.ENSP00000255078 9606.ENSP00000374390 0 0 0 61 124 0 64 162 
9606.ENSP00000255078 9606.ENSP00000316042 0 0 0 0 163 0 62 181 
9606.ENSP00000255078 9606.ENSP00000320649 0 0 0 0 0 0 295 295 
9606.ENSP00000255078 9606.ENSP00000256538 0 549 0 61 0 0 0 558 
9606.ENSP00000255078 9606.ENSP00000265191 0 0 0 0 0 0 177 177 
9606.ENSP00000255078 9606.ENSP00000369042 0 0 0 91 120 0 67 188 
9606.ENSP00000255078 9606.ENSP00000356155 0 0 0 142 132 0 68 245 
9606.ENSP00000255078 9606.ENSP00000260184 54 0 0 114 120 0 534 611 
9606.ENSP00000255078 9606.ENSP00000278616 0 0 0 61 162 0 129 255 
9606.ENSP00000255078 9606.ENSP00000448785 0 0 0 55 0 0 197 208 
9606.ENSP00000255078 9606.ENSP00000234296 0 0 0 185 50 0 0 192 
9606.ENSP00000255078 9606.ENSP00000343657 0 0 0 0 0 0 187 187 
9606.ENSP00000255078 9606.ENSP00000221138 0 0 0 55 50 0 166 185 
9606.ENSP00000255078 9606.ENSP00000269349 0 0 0 65 124 0 86 186 
9606.ENSP00000255078 9606.ENSP00000325863 85 0 0 170 163 0 333 519 
9606.ENSP00000255078 9606.ENSP00000447053 0 0 0 51 0 0 149 158 
9606.ENSP00000255078 9606.ENSP00000263274 0 0 0 90 172 0 90 255 
9606.ENSP00000255078 9606.ENSP00000265462 0 0 0 0 161 0 0 161 
9606.ENSP00000255078 9606.ENSP00000242776 0 0 0 82 124 0 62 180 
9606.ENSP00000255078 9606.ENSP00000420095 0 0 0 61 0 0 134 152 
9606.ENSP00000255078 9606.ENSP00000358211 0 0 0 0 162 0 69 186 
9606.ENSP00000255078 9606.ENSP00000268124 43 3 0 63 0 0 338 355 
9606.ENSP00000255078 9606.ENSP00000217254 0 0 0 0 0 0 190 190 
9606.ENSP00000255078 9606.ENSP00000338019 0 0 0 0 0 0 400 400 
9606.ENSP00000255078 9606.ENSP00000286835 0 0 0 123 182 0 96 294 
9606.ENSP00000255078 9606.ENSP00000338887 0 0 0 0 67 0 163 186 
9606.ENSP00000255078 9606.ENSP00000480986 0 0 0 97 160 0 75 237 
9606.ENSP00000255078 9606.ENSP00000415430 0 0 0 61 0 0 268 283 
9606.ENSP00000255078 9606.ENSP00000331310 0 0 0 81 129 0 0 165 
9606.ENSP00000255078 9606.ENSP00000254799 0 0 0 62 626 0 0 634 
9606.ENSP00000255078 9606.ENSP00000264276 0 0 0 61 80 0 240 287 
9606.ENSP00000255078 9606.ENSP00000322937 0 0 0 0 67 0 385 402 
9606.ENSP00000255078 9606.ENSP00000262815 0 0 0 152 0 0 0 152 
9606.ENSP00000255078 9606.ENSP00000398880 0 0 0 68 156 0 59 195 
9606.ENSP00000255078 9606.ENSP00000367343 0 0 0 62 0 0 404 417 
9606.ENSP00000255078 9606.ENSP00000473200 0 0 0 0 156 0 0 156 
9606.ENSP00000255078 9606.ENSP00000355506 51 0 0 63 183 0 193 335 
9606.ENSP00000255078 9606.ENSP00000363944 0 0 0 0 0 0 819 819 
9606.ENSP00000255078 9606.ENSP00000359345 0 0 0 67 141 0 0 165 
9606.ENSP00000255078 9606.ENSP00000476795 0 0 0 0 0 0 428 428 
9606.ENSP00000255078 9606.ENSP00000247815 72 0 0 62 188 0 163 329 
9606.ENSP00000255078 9606.ENSP00000432943 0 0 0 0 0 0 375 375 
9606.ENSP00000255078 9606.ENSP00000253048 0 0 0 152 0 0 42 152 
9606.ENSP00000255078 9606.ENSP00000370745 0 0 0 66 124 0 77 179 
9606.ENSP00000255078 9606.ENSP00000308708 0 0 0 0 0 0 173 173 
9606.ENSP00000255078 9606.ENSP00000364802 0 0 0 0 261 0 69 282 
9606.ENSP00000255078 9606.ENSP00000400433 0 0 0 80 186 0 0 219 
9606.ENSP00000255078 9606.ENSP00000358799 0 0 0 69 127 0 0 152 
9606.ENSP00000255078 9606.ENSP00000339245 0 0 0 105 0 0 203 256 
9606.ENSP00000255078 9606.ENSP00000473990 0 0 0 54 0 0 146 157 
9606.ENSP00000255078 9606.ENSP00000473384 51 0 0 64 183 0 203 344 
9606.ENSP00000255078 9606.ENSP00000358262 43 0 0 74 82 0 129 198 
9606.ENSP00000255078 9606.ENSP00000251119 0 0 0 95 0 0 154 201 
9606.ENSP00000255078 9606.ENSP00000352400 0 0 0 131 52 0 81 177 
9606.ENSP00000255078 9606.ENSP00000380251 0 0 0 0 124 0 70 150 
9606.ENSP00000255078 9606.ENSP00000260645 0 0 0 55 0 0 168 180 
9606.ENSP00000255078 9606.ENSP00000338352 0 0 0 0 124 0 70 150 
9606.ENSP00000255078 9606.ENSP00000327557 0 0 0 204 0 0 42 204 
9606.ENSP00000255078 9606.ENSP00000305995 45 0 0 55 133 0 50 157 
9606.ENSP00000255078 9606.ENSP00000481495 0 0 0 63 124 0 124 218 
9606.ENSP00000255078 9606.ENSP00000337797 0 0 0 64 150 0 50 178 
9606.ENSP00000255078 9606.ENSP00000376403 0 0 0 0 0 0 165 165 
9606.ENSP00000255078 9606.ENSP00000268802 0 0 0 68 0 0 130 154 
9606.ENSP00000255078 9606.ENSP00000349168 0 0 0 66 261 0 0 280 
9606.ENSP00000255078 9606.ENSP00000302830 0 0 0 122 0 0 85 162 
9606.ENSP00000255078 9606.ENSP00000378504 0 0 0 63 132 0 50 159 
9606.ENSP00000255078 9606.ENSP00000282272 0 0 0 133 92 0 45 182 
9606.ENSP00000255078 9606.ENSP00000358081 0 0 0 107 0 0 87 150 
9606.ENSP00000255078 9606.ENSP00000256246 0 0 0 0 0 0 171 171 
9606.ENSP00000255078 9606.ENSP00000263321 0 0 0 0 281 0 0 281 
9606.ENSP00000255078 9606.ENSP00000313171 0 0 0 80 134 0 57 183 
9606.ENSP00000255078 9606.ENSP00000483453 0 0 0 190 0 0 0 190 
9606.ENSP00000255078 9606.ENSP00000280346 0 0 0 62 0 0 211 228 
9606.ENSP00000255078 9606.ENSP00000249396 0 0 0 0 104 0 136 192 
9606.ENSP00000255078 9606.ENSP00000372005 0 0 0 49 0 0 184 191 
9606.ENSP00000255078 9606.ENSP00000371475 0 0 0 96 161 0 92 251 
9606.ENSP00000255078 9606.ENSP00000365160 0 0 0 0 124 0 70 150 
9606.ENSP00000255078 9606.ENSP00000351777 46 0 0 49 0 0 188 199 
9606.ENSP00000255078 9606.ENSP00000321627 0 0 0 0 0 0 266 266 
9606.ENSP00000255078 9606.ENSP00000362306 0 0 0 63 170 0 96 235 
9606.ENSP00000255078 9606.ENSP00000294168 0 0 0 51 0 0 156 164 
9606.ENSP00000255078 9606.ENSP00000321711 0 0 0 64 110 0 86 172 
9606.ENSP00000255078 9606.ENSP00000312081 0 0 0 61 0 0 218 234 
9606.ENSP00000255078 9606.ENSP00000216484 0 0 0 0 0 0 330 330 
9606.ENSP00000255078 9606.ENSP00000332164 0 0 0 0 265 0 579 677 
9606.ENSP00000255078 9606.ENSP00000246194 0 0 0 0 163 0 62 181 
9606.ENSP00000255078 9606.ENSP00000385751 0 0 0 195 0 0 0 195 
9606.ENSP00000255078 9606.ENSP00000201979 0 0 0 63 53 0 174 203 
9606.ENSP00000255078 9606.ENSP00000304192 0 0 0 0 0 0 249 249 
9606.ENSP00000255078 9606.ENSP00000452549 58 0 0 147 124 0 68 256 
9606.ENSP00000255078 9606.ENSP00000302160 0 0 0 62 179 0 0 197 
9606.ENSP00000255078 9606.ENSP00000263642 0 0 0 87 82 0 75 157 
9606.ENSP00000255078 9606.ENSP00000457411 0 0 0 120 182 0 158 342 
9606.ENSP00000255078 9606.ENSP00000422591 0 0 0 0 185 0 0 185 
9606.ENSP00000255078 9606.ENSP00000320503 58 0 0 165 124 0 68 272 
9606.ENSP00000255078 9606.ENSP00000376458 0 0 0 0 0 0 158 158 
9606.ENSP00000255078 9606.ENSP00000320949 0 0 0 201 0 0 74 229 
9606.ENSP00000255078 9606.ENSP00000305071 0 0 0 0 92 0 105 153 
9606.ENSP00000255078 9606.ENSP00000332454 70 0 0 59 105 0 62 167 
9606.ENSP00000255078 9606.ENSP00000363017 0 0 0 61 165 0 91 225 
9606.ENSP00000255078 9606.ENSP00000359688 0 0 0 64 142 0 0 162 
9606.ENSP00000255078 9606.ENSP00000470298 0 0 0 61 64 0 111 150 
9606.ENSP00000255078 9606.ENSP00000284690 0 0 0 97 160 0 68 231 
9606.ENSP00000255078 9606.ENSP00000466399 0 0 0 172 162 0 130 344 
9606.ENSP00000255078 9606.ENSP00000345464 0 0 0 62 64 0 150 188 
9606.ENSP00000255078 9606.ENSP00000288266 0 0 0 78 50 0 329 360 
9606.ENSP00000255078 9606.ENSP00000354995 0 0 0 55 0 0 168 180 
9606.ENSP00000255078 9606.ENSP00000291592 0 0 0 0 173 0 0 173 
9606.ENSP00000255078 9606.ENSP00000354580 0 0 0 55 0 0 440 448 
9606.ENSP00000255078 9606.ENSP00000335371 0 0 0 58 0 0 188 202 
9606.ENSP00000255078 9606.ENSP00000367323 0 0 0 87 124 0 0 166 
9606.ENSP00000255078 9606.ENSP00000481646 0 0 0 86 128 0 0 169 
9606.ENSP00000255078 9606.ENSP00000271715 0 0 0 128 80 0 0 163 
9606.ENSP00000255078 9606.ENSP00000314606 0 0 0 0 0 0 221 221 
9606.ENSP00000255078 9606.ENSP00000438346 0 0 0 0 0 0 416 416 
9606.ENSP00000255078 9606.ENSP00000356530 70 0 0 64 105 0 62 171 
9606.ENSP00000255078 9606.ENSP00000291386 0 0 0 123 60 0 100 193 
9606.ENSP00000255078 9606.ENSP00000340329 0 0 0 82 0 0 408 434 
9606.ENSP00000255078 9606.ENSP00000453076 0 0 0 0 0 0 211 211 
9606.ENSP00000255078 9606.ENSP00000398131 0 0 0 63 112 0 91 177 
9606.ENSP00000255078 9606.ENSP00000239451 0 0 0 0 0 0 242 242 
9606.ENSP00000255078 9606.ENSP00000323421 52 0 0 106 105 0 58 190 
9606.ENSP00000255078 9606.ENSP00000370150 0 0 0 72 125 0 105 210 
9606.ENSP00000255078 9606.ENSP00000219240 45 0 0 45 157 0 0 164 
9606.ENSP00000255078 9606.ENSP00000359804 0 0 0 162 0 0 0 162 
9606.ENSP00000255078 9606.ENSP00000374213 43 0 0 62 82 0 106 164 
9606.ENSP00000255078 9606.ENSP00000229379 0 0 0 0 0 0 232 232 
9606.ENSP00000255078 9606.ENSP00000325941 0 0 0 0 0 0 412 412 
9606.ENSP00000255078 9606.ENSP00000310842 0 0 0 61 0 0 132 151 
9606.ENSP00000255078 9606.ENSP00000379133 0 0 0 0 0 0 606 606 
9606.ENSP00000255078 9606.ENSP00000358525 0 0 0 0 0 0 189 189 
9606.ENSP00000255078 9606.ENSP00000378199 0 0 0 0 185 0 69 208 
9606.ENSP00000255078 9606.ENSP00000354957 52 0 0 81 105 0 58 167 
9606.ENSP00000255078 9606.ENSP00000359518 0 0 0 123 157 0 50 236 
9606.ENSP00000255078 9606.ENSP00000359361 0 0 0 61 124 0 313 385 
9606.ENSP00000255078 9606.ENSP00000376330 0 0 0 42 0 0 215 216 
9606.ENSP00000255078 9606.ENSP00000253233 0 0 0 61 0 0 246 261 
9606.ENSP00000255078 9606.ENSP00000342448 0 0 0 0 0 0 499 499 
9606.ENSP00000255078 9606.ENSP00000295321 0 0 0 133 0 0 65 154 
9606.ENSP00000255078 9606.ENSP00000351596 0 0 0 61 0 0 196 212 
9606.ENSP00000255078 9606.ENSP00000423660 0 0 0 0 0 0 473 473 
9606.ENSP00000255078 9606.ENSP00000473172 0 0 0 62 281 0 470 611 
9606.ENSP00000255078 9606.ENSP00000351947 0 0 0 68 80 0 112 172 
9606.ENSP00000255078 9606.ENSP00000326381 0 0 0 61 124 0 119 212 
9606.ENSP00000255078 9606.ENSP00000381542 0 0 0 0 0 0 284 284 
9606.ENSP00000255078 9606.ENSP00000361263 0 0 0 172 0 0 84 209 
9606.ENSP00000255078 9606.ENSP00000307853 0 0 0 63 131 0 90 194 
9606.ENSP00000255078 9606.ENSP00000324763 0 0 0 0 0 0 191 191 
9606.ENSP00000255078 9606.ENSP00000476295 0 0 0 62 0 0 200 218 
9606.ENSP00000255078 9606.ENSP00000288071 0 0 0 116 0 0 272 329 
9606.ENSP00000255078 9606.ENSP00000322450 0 0 0 0 0 0 571 571 
9606.ENSP00000255078 9606.ENSP00000304642 0 0 0 0 0 0 188 188 
9606.ENSP00000255078 9606.ENSP00000255324 44 0 0 63 84 0 97 159 
9606.ENSP00000255078 9606.ENSP00000261534 0 0 0 0 0 0 161 161 
9606.ENSP00000255078 9606.ENSP00000384018 0 0 0 148 0 0 55 160 
9606.ENSP00000255078 9606.ENSP00000339063 0 0 0 0 112 0 91 158 
9606.ENSP00000255078 9606.ENSP00000370214 0 0 0 61 0 0 304 318 
9606.ENSP00000255078 9606.ENSP00000266087 0 0 0 158 0 0 0 158 
9606.ENSP00000255078 9606.ENSP00000408979 0 0 0 61 0 0 243 258 
9606.ENSP00000255078 9606.ENSP00000264951 0 0 0 107 171 0 128 298 
9606.ENSP00000255078 9606.ENSP00000233078 0 0 0 72 124 0 61 169 
9606.ENSP00000255078 9606.ENSP00000420091 0 0 0 0 0 0 740 740 
9606.ENSP00000255078 9606.ENSP00000255087 0 0 0 61 0 0 221 237 
9606.ENSP00000255078 9606.ENSP00000380033 0 0 0 65 124 0 81 182 
9606.ENSP00000255078 9606.ENSP00000287295 0 0 0 49 0 0 146 153 
9606.ENSP00000255078 9606.ENSP00000263826 0 0 0 0 50 0 209 216 
9606.ENSP00000255078 9606.ENSP00000386306 0 0 0 62 0 0 153 172 
9606.ENSP00000255078 9606.ENSP00000347232 0 0 0 62 132 0 96 199 
9606.ENSP00000255078 9606.ENSP00000310520 0 0 0 108 131 0 90 233 
9606.ENSP00000255078 9606.ENSP00000392028 43 0 0 65 82 0 320 366 
9606.ENSP00000255078 9606.ENSP00000350005 0 0 0 0 0 0 286 286 
9606.ENSP00000255078 9606.ENSP00000262039 0 0 0 114 132 0 68 221 
9606.ENSP00000255078 9606.ENSP00000484105 0 0 0 93 0 0 117 165 
9606.ENSP00000255078 9606.ENSP00000362300 0 0 0 63 170 0 96 235 
9606.ENSP00000255078 9606.ENSP00000317224 0 0 0 98 82 0 69 161 
9606.ENSP00000255078 9606.ENSP00000219066 0 534 0 84 0 0 155 608 
9606.ENSP00000255078 9606.ENSP00000282486 0 0 0 49 0 0 153 160 
9606.ENSP00000255078 9606.ENSP00000244020 0 0 0 90 87 0 62 152 
9606.ENSP00000255078 9606.ENSP00000435506 43 0 0 63 0 0 129 150 
9606.ENSP00000255078 9606.ENSP00000258962 0 0 0 46 87 0 190 232 
9606.ENSP00000255078 9606.ENSP00000298532 0 0 0 180 0 0 49 186 
9606.ENSP00000255078 9606.ENSP00000367835 0 0 0 0 156 0 0 156 
9606.ENSP00000255078 9606.ENSP00000336741 0 0 0 120 160 0 68 251 
9606.ENSP00000255078 9606.ENSP00000331127 0 0 0 97 132 0 77 213 
9606.ENSP00000255078 9606.ENSP00000451974 0 0 0 63 162 0 137 263 
9606.ENSP00000255078 9606.ENSP00000452479 0 0 0 63 0 0 203 221 
9606.ENSP00000255078 9606.ENSP00000365883 0 0 0 0 124 0 577 614 
9606.ENSP00000255078 9606.ENSP00000361162 0 0 0 193 0 0 52 203 
9606.ENSP00000255078 9606.ENSP00000251241 0 0 0 99 160 0 75 239 
9606.ENSP00000255078 9606.ENSP00000361663 0 0 0 61 0 0 207 224 
9606.ENSP00000255078 9606.ENSP00000357702 0 0 0 0 0 0 221 221 
9606.ENSP00000255078 9606.ENSP00000374280 0 0 0 194 0 0 50 201 
9606.ENSP00000255078 9606.ENSP00000352182 0 0 0 62 0 0 307 322 
9606.ENSP00000255078 9606.ENSP00000382863 43 0 0 131 82 0 189 298 
9606.ENSP00000255078 9606.ENSP00000454836 0 0 0 160 50 0 0 167 
9606.ENSP00000255078 9606.ENSP00000336721 0 0 0 87 103 0 50 154 
9606.ENSP00000255078 9606.ENSP00000377895 0 0 0 0 0 0 211 211 
9606.ENSP00000255078 9606.ENSP00000278412 0 0 0 108 162 0 56 233 
9606.ENSP00000255078 9606.ENSP00000437256 0 0 0 66 131 0 108 213 
9606.ENSP00000255078 9606.ENSP00000341247 0 0 0 0 112 0 91 158 
9606.ENSP00000255078 9606.ENSP00000483254 0 0 0 88 163 0 75 232 
9606.ENSP00000255078 9606.ENSP00000225792 0 0 0 92 124 0 75 200 
9606.ENSP00000255078 9606.ENSP00000380903 0 0 0 0 185 0 0 185 
9606.ENSP00000255078 9606.ENSP00000354571 0 0 0 0 0 0 250 250 
9606.ENSP00000255078 9606.ENSP00000315137 0 0 0 0 0 0 258 258 
9606.ENSP00000255078 9606.ENSP00000228506 0 0 0 0 0 0 163 163 
9606.ENSP00000255078 9606.ENSP00000264515 0 0 0 49 50 0 138 153 
9606.ENSP00000255078 9606.ENSP00000387170 0 0 0 159 0 0 43 160 
9606.ENSP00000255078 9606.ENSP00000240922 0 0 0 54 0 0 213 223 
9606.ENSP00000255078 9606.ENSP00000263991 0 0 0 64 0 0 158 178 
9606.ENSP00000255078 9606.ENSP00000386226 0 0 0 107 163 0 62 237 
9606.ENSP00000255078 9606.ENSP00000348108 0 0 0 65 132 0 62 172 
9606.ENSP00000255078 9606.ENSP00000255882 0 0 0 97 132 0 68 205 
9606.ENSP00000255078 9606.ENSP00000361982 60 0 0 61 56 0 101 150 
9606.ENSP00000255078 9606.ENSP00000347978 51 0 0 165 183 0 267 462 
9606.ENSP00000255078 9606.ENSP00000362978 0 0 0 169 0 0 0 169 
9606.ENSP00000255078 9606.ENSP00000331907 0 0 0 97 160 0 75 237 
9606.ENSP00000255078 9606.ENSP00000224140 0 0 0 93 0 0 363 397 
9606.ENSP00000255078 9606.ENSP00000352925 0 0 0 165 132 0 68 265 
9606.ENSP00000255078 9606.ENSP00000360623 60 0 0 83 80 0 55 150 
9606.ENSP00000255078 9606.ENSP00000353741 0 0 0 55 132 0 129 224 
9606.ENSP00000255078 9606.ENSP00000417078 0 0 0 127 160 0 102 284 
9606.ENSP00000255078 9606.ENSP00000481728 0 0 0 55 0 0 168 180 
9606.ENSP00000255078 9606.ENSP00000373325 0 0 0 0 0 0 203 203 
9606.ENSP00000255078 9606.ENSP00000361929 0 0 0 192 0 0 0 192 
9606.ENSP00000255078 9606.ENSP00000264249 0 0 0 0 0 0 188 188 
9606.ENSP00000255078 9606.ENSP00000369213 0 0 0 83 82 0 135 208 
9606.ENSP00000255078 9606.ENSP00000269499 0 0 0 62 123 0 119 211 
9606.ENSP00000255078 9606.ENSP00000393762 0 0 0 0 0 0 165 165 
9606.ENSP00000255078 9606.ENSP00000431418 0 0 0 0 50 0 449 454 
9606.ENSP00000255078 9606.ENSP00000351284 0 0 0 53 186 0 104 248 
9606.ENSP00000255078 9606.ENSP00000252599 0 0 0 192 0 0 0 192 
9606.ENSP00000255078 9606.ENSP00000373772 0 0 0 142 51 0 0 151 
9606.ENSP00000255078 9606.ENSP00000406581 43 0 0 79 82 0 99 173 
9606.ENSP00000255078 9606.ENSP00000258281 0 0 0 86 0 0 136 176 
9606.ENSP00000255078 9606.ENSP00000362287 0 0 0 63 170 0 96 235 
9606.ENSP00000255078 9606.ENSP00000247970 0 0 0 60 157 0 62 191 
9606.ENSP00000255078 9606.ENSP00000307208 0 0 0 161 85 0 56 212 
9606.ENSP00000255078 9606.ENSP00000360065 0 0 0 86 0 0 127 167 
9606.ENSP00000255078 9606.ENSP00000451411 0 0 0 0 50 0 143 151 
9606.ENSP00000255078 9606.ENSP00000439585 0 0 0 0 53 0 173 183 
9606.ENSP00000255078 9606.ENSP00000466834 0 0 0 172 162 0 132 345 
9606.ENSP00000255078 9606.ENSP00000268533 0 0 0 0 124 0 201 270 
9606.ENSP00000255078 9606.ENSP00000358159 0 0 0 96 0 0 167 214 
9606.ENSP00000255078 9606.ENSP00000267430 0 0 0 83 185 0 163 319 
9606.ENSP00000255078 9606.ENSP00000309714 0 0 0 97 132 0 68 205 
9606.ENSP00000255078 9606.ENSP00000340297 0 0 0 0 0 0 268 268 
9606.ENSP00000255078 9606.ENSP00000408576 50 0 0 63 0 0 192 217 
9606.ENSP00000255078 9606.ENSP00000262424 0 0 0 0 0 0 184 184 
9606.ENSP00000255078 9606.ENSP00000204566 0 0 0 120 0 0 381 432 
9606.ENSP00000255078 9606.ENSP00000343515 0 0 0 0 0 0 285 285 
9606.ENSP00000255078 9606.ENSP00000350090 0 0 0 0 163 0 86 202 
9606.ENSP00000255078 9606.ENSP00000263681 0 0 0 108 165 0 75 251 
9606.ENSP00000255078 9606.ENSP00000355192 0 0 0 62 0 0 216 233 
9606.ENSP00000255078 9606.ENSP00000285670 0 0 0 0 0 0 150 150 
9606.ENSP00000255078 9606.ENSP00000294309 0 0 0 119 0 0 222 285 
9606.ENSP00000255078 9606.ENSP00000352257 0 0 0 79 132 0 126 240 
9606.ENSP00000255078 9606.ENSP00000480893 46 0 0 120 0 0 117 194 
9606.ENSP00000255078 9606.ENSP00000428657 0 0 0 0 0 0 216 216 
9606.ENSP00000255078 9606.ENSP00000365694 0 0 0 102 0 0 116 172 
9606.ENSP00000255078 9606.ENSP00000255120 0 0 0 170 0 0 0 170 
9606.ENSP00000255078 9606.ENSP00000384638 0 0 0 0 0 0 483 483 
9606.ENSP00000255078 9606.ENSP00000274710 0 171 0 61 0 0 0 188 
9606.ENSP00000255078 9606.ENSP00000280871 0 0 0 62 129 0 199 288 
9606.ENSP00000255078 9606.ENSP00000387006 0 0 0 110 0 0 85 151 
9606.ENSP00000255078 9606.ENSP00000390778 0 0 0 62 171 0 92 232 
9606.ENSP00000255078 9606.ENSP00000300146 0 0 0 65 133 0 0 155 
9606.ENSP00000255078 9606.ENSP00000263035 0 0 0 57 0 0 422 431 
9606.ENSP00000255078 9606.ENSP00000359521 0 0 0 0 0 0 647 647 
9606.ENSP00000255078 9606.ENSP00000430269 79 0 0 50 0 0 114 157 
9606.ENSP00000255078 9606.ENSP00000469689 0 0 0 0 92 0 171 215 
9606.ENSP00000255078 9606.ENSP00000436679 0 0 0 96 132 0 72 209 
9606.ENSP00000255078 9606.ENSP00000341292 0 0 0 74 0 0 172 200 
9606.ENSP00000255078 9606.ENSP00000367157 0 0 0 0 173 0 0 173 
9606.ENSP00000255078 9606.ENSP00000361021 0 0 0 49 0 0 283 288 
9606.ENSP00000255078 9606.ENSP00000375836 0 0 0 90 129 0 0 174 
9606.ENSP00000255078 9606.ENSP00000264159 43 0 0 62 82 0 152 208 
9606.ENSP00000255078 9606.ENSP00000307863 0 0 0 83 128 0 61 184 
9606.ENSP00000255078 9606.ENSP00000333212 0 0 0 0 0 0 315 315 
9606.ENSP00000255078 9606.ENSP00000230640 0 0 0 119 120 0 137 272 
9606.ENSP00000255078 9606.ENSP00000420008 0 0 0 49 54 0 254 270 
9606.ENSP00000255078 9606.ENSP00000298248 0 0 0 0 0 0 229 229 
9606.ENSP00000255078 9606.ENSP00000392812 0 0 0 0 0 0 224 224 
9606.ENSP00000255078 9606.ENSP00000247225 0 0 0 0 0 0 258 258 
9606.ENSP00000255078 9606.ENSP00000335091 0 0 0 61 0 0 252 268 
9606.ENSP00000255078 9606.ENSP00000417175 0 0 0 62 0 0 197 215 
9606.ENSP00000255078 9606.ENSP00000298281 0 0 0 145 0 0 123 218 
9606.ENSP00000255078 9606.ENSP00000348708 0 0 0 122 370 0 297 577 
9606.ENSP00000255078 9606.ENSP00000296577 0 0 0 63 52 0 165 194 
9606.ENSP00000255078 9606.ENSP00000250863 0 0 0 0 163 0 62 181 
9606.ENSP00000255078 9606.ENSP00000398861 0 0 0 61 0 0 364 378 
9606.ENSP00000255078 9606.ENSP00000350333 0 0 0 171 0 0 0 171 
9606.ENSP00000255078 9606.ENSP00000317904 0 0 0 62 0 0 186 203 
9606.ENSP00000255078 9606.ENSP00000377520 0 0 0 0 0 0 602 602 
9606.ENSP00000255078 9606.ENSP00000313199 0 0 0 0 163 0 62 181 
9606.ENSP00000255078 9606.ENSP00000374501 0 0 0 0 0 0 186 186 
9606.ENSP00000255078 9606.ENSP00000414851 0 0 0 0 0 0 169 169 
9606.ENSP00000255078 9606.ENSP00000462337 0 0 0 125 80 0 41 161 
9606.ENSP00000255078 9606.ENSP00000352121 0 0 0 97 132 0 121 250 
9606.ENSP00000255078 9606.ENSP00000419471 0 0 0 172 162 0 88 311 
9606.ENSP00000255078 9606.ENSP00000306920 0 0 0 0 0 0 150 150 
9606.ENSP00000255078 9606.ENSP00000476119 0 0 0 45 124 0 70 154 
9606.ENSP00000255078 9606.ENSP00000364578 0 0 0 69 672 0 0 681 
9606.ENSP00000255078 9606.ENSP00000378307 0 0 0 120 85 0 0 160 
9606.ENSP00000255078 9606.ENSP00000305702 0 0 0 61 124 0 108 202 
9606.ENSP00000255078 9606.ENSP00000265753 0 0 0 42 163 0 133 244 
9606.ENSP00000255078 9606.ENSP00000224950 0 0 0 61 165 0 74 210 
9606.ENSP00000255078 9606.ENSP00000358120 0 0 0 0 0 0 208 208 
9606.ENSP00000255078 9606.ENSP00000268933 0 0 0 61 52 0 220 245 
9606.ENSP00000255078 9606.ENSP00000356811 0 0 0 106 112 0 91 216 
9606.ENSP00000255078 9606.ENSP00000323046 0 0 0 90 0 0 111 157 
9606.ENSP00000255078 9606.ENSP00000300030 0 0 0 49 157 0 50 171 
9606.ENSP00000255078 9606.ENSP00000335321 0 0 0 183 0 0 136 264 
9606.ENSP00000255078 9606.ENSP00000161863 0 0 0 112 160 0 520 611 
9606.ENSP00000255078 9606.ENSP00000217182 0 0 0 0 112 0 104 171 
9606.ENSP00000255078 9606.ENSP00000400041 0 0 0 0 0 0 256 256 
9606.ENSP00000255078 9606.ENSP00000410943 0 0 0 60 0 0 150 167 
9606.ENSP00000255078 9606.ENSP00000220822 0 0 0 0 0 0 441 441 
9606.ENSP00000255078 9606.ENSP00000216951 0 0 0 62 0 0 173 191 
9606.ENSP00000255078 9606.ENSP00000348510 0 0 0 61 281 0 578 690 
9606.ENSP00000255078 9606.ENSP00000420321 0 0 0 0 265 0 0 265 
9606.ENSP00000255078 9606.ENSP00000275954 0 0 0 0 0 0 163 163 
9606.ENSP00000255078 9606.ENSP00000362773 0 0 0 0 157 0 62 175 
9606.ENSP00000255078 9606.ENSP00000373905 45 0 0 61 0 0 210 229 
9606.ENSP00000255078 9606.ENSP00000326804 0 0 0 149 0 0 56 162 
9606.ENSP00000255078 9606.ENSP00000293780 0 0 0 0 0 0 151 151 
9606.ENSP00000255078 9606.ENSP00000305480 51 0 0 78 183 0 372 491 
9606.ENSP00000255078 9606.ENSP00000369257 0 0 0 0 0 0 476 476 
9606.ENSP00000255078 9606.ENSP00000368349 0 0 0 75 175 0 64 223 
9606.ENSP00000255078 9606.ENSP00000265081 43 0 0 102 50 0 84 152 
9606.ENSP00000255078 9606.ENSP00000377747 43 0 0 83 82 0 99 177 
9606.ENSP00000255078 9606.ENSP00000262367 0 0 0 143 85 0 0 182 
9606.ENSP00000255078 9606.ENSP00000301364 0 0 0 83 0 0 146 183 
9606.ENSP00000255078 9606.ENSP00000390621 0 0 0 61 124 0 64 162 
9606.ENSP00000255078 9606.ENSP00000425133 0 0 0 125 261 0 114 377 
9606.ENSP00000255078 9606.ENSP00000325448 0 0 0 63 77 0 115 167 
9606.ENSP00000255078 9606.ENSP00000261435 0 0 0 0 0 0 263 263 
9606.ENSP00000255078 9606.ENSP00000361232 0 0 0 64 124 0 104 201 
9606.ENSP00000255078 9606.ENSP00000302790 0 0 0 105 0 0 127 186 
9606.ENSP00000255078 9606.ENSP00000478754 0 0 0 67 124 0 73 176 
9606.ENSP00000255078 9606.ENSP00000283131 43 0 0 105 82 0 54 157 
9606.ENSP00000255078 9606.ENSP00000399982 0 0 0 57 0 0 263 276 
9606.ENSP00000255078 9606.ENSP00000272286 0 0 0 55 0 0 168 180 
9606.ENSP00000255078 9606.ENSP00000414302 0 0 0 0 163 0 84 200 
9606.ENSP00000255078 9606.ENSP00000220940 0 0 0 0 0 0 290 290 
9606.ENSP00000255078 9606.ENSP00000231449 0 0 0 0 0 0 230 230 
9606.ENSP00000255078 9606.ENSP00000405726 0 0 0 119 50 0 143 220 
9606.ENSP00000255078 9606.ENSP00000347672 0 0 0 0 0 0 239 239 
9606.ENSP00000255078 9606.ENSP00000367623 0 0 0 101 162 0 69 237 
9606.ENSP00000255078 9606.ENSP00000287647 0 0 0 66 0 0 130 153 
9606.ENSP00000255078 9606.ENSP00000337194 0 0 0 153 0 0 0 153 
9606.ENSP00000255078 9606.ENSP00000357283 0 0 0 61 0 0 270 285 
9606.ENSP00000255078 9606.ENSP00000272223 0 0 0 61 80 0 126 179 
9606.ENSP00000255078 9606.ENSP00000309772 0 0 0 0 0 0 245 245 
9606.ENSP00000255078 9606.ENSP00000346120 0 0 0 88 124 0 155 266 
9606.ENSP00000255078 9606.ENSP00000439625 0 0 0 0 0 0 414 414 
9606.ENSP00000255078 9606.ENSP00000358582 0 0 0 62 0 0 136 154 
9606.ENSP00000255078 9606.ENSP00000215057 0 0 0 177 80 0 0 210 
9606.ENSP00000255078 9606.ENSP00000445768 0 0 0 0 0 0 294 294 
9606.ENSP00000255078 9606.ENSP00000450909 0 0 0 0 163 0 62 181 
9606.ENSP00000255078 9606.ENSP00000365625 0 0 0 137 160 0 68 265 
9606.ENSP00000255078 9606.ENSP00000355141 0 0 0 0 0 0 185 185 
9606.ENSP00000255078 9606.ENSP00000383866 0 0 0 152 0 0 0 152 
9606.ENSP00000255078 9606.ENSP00000432083 0 0 0 45 185 0 69 212 
9606.ENSP00000255078 9606.ENSP00000281871 0 0 0 183 0 0 0 183 
9606.ENSP00000255078 9606.ENSP00000348965 0 0 0 55 0 0 429 437 
9606.ENSP00000255078 9606.ENSP00000425979 0 0 0 64 131 0 317 395 
9606.ENSP00000255078 9606.ENSP00000263073 0 0 0 141 261 0 178 433 
9606.ENSP00000255078 9606.ENSP00000362330 43 0 0 65 82 0 99 160 
9606.ENSP00000255078 9606.ENSP00000384421 0 0 0 150 0 0 0 150 
9606.ENSP00000255078 9606.ENSP00000355205 43 0 0 68 82 0 186 245 
9606.ENSP00000255078 9606.ENSP00000309092 0 0 0 55 0 0 219 231 
9606.ENSP00000255078 9606.ENSP00000332103 0 0 0 0 189 0 59 204 
9606.ENSP00000255078 9606.ENSP00000264645 0 0 0 0 133 0 75 163 
9606.ENSP00000255078 9606.ENSP00000479365 0 0 0 0 163 0 62 181 
9606.ENSP00000255078 9606.ENSP00000306627 0 0 0 0 0 0 217 217 
9606.ENSP00000255078 9606.ENSP00000293414 0 0 0 0 92 0 327 363 
9606.ENSP00000255078 9606.ENSP00000355541 0 0 0 201 0 0 0 201 
9606.ENSP00000255078 9606.ENSP00000382840 0 0 0 75 124 0 62 174 
9606.ENSP00000255078 9606.ENSP00000242480 0 0 0 61 80 0 257 302 
9606.ENSP00000255078 9606.ENSP00000408598 0 0 0 63 0 0 201 219 
9606.ENSP00000255078 9606.ENSP00000368458 54 0 0 63 132 0 67 186 
9606.ENSP00000255078 9606.ENSP00000364543 0 0 0 91 120 0 67 188 
9606.ENSP00000255078 9606.ENSP00000240185 0 0 0 49 0 0 202 209 
9606.ENSP00000255078 9606.ENSP00000404179 0 0 0 62 52 0 127 155 
9606.ENSP00000255078 9606.ENSP00000376309 0 0 0 0 163 0 62 181 
9606.ENSP00000255078 9606.ENSP00000452454 0 0 0 108 0 0 93 156 
9606.ENSP00000255078 9606.ENSP00000470142 0 0 0 69 0 0 284 306 
9606.ENSP00000255078 9606.ENSP00000349961 52 0 0 85 105 0 58 171 
9606.ENSP00000255078 9606.ENSP00000380241 0 0 0 0 124 0 70 150 
9606.ENSP00000255078 9606.ENSP00000366843 0 0 0 81 99 0 123 210 
9606.ENSP00000255078 9606.ENSP00000326603 0 0 0 62 0 0 167 185 
9606.ENSP00000255078 9606.ENSP00000355185 0 0 0 63 0 0 156 175 
9606.ENSP00000255078 9606.ENSP00000483667 43 0 0 127 82 0 99 217 
9606.ENSP00000255078 9606.ENSP00000265388 0 0 0 74 0 0 145 174 
9606.ENSP00000255078 9606.ENSP00000383143 0 0 0 0 0 0 750 750 
9606.ENSP00000255078 9606.ENSP00000420195 0 0 0 48 163 0 108 227 
9606.ENSP00000255078 9606.ENSP00000351697 0 0 0 64 175 0 64 214 
9606.ENSP00000255078 9606.ENSP00000475027 0 0 0 55 188 0 85 236 
9606.ENSP00000255078 9606.ENSP00000358563 60 0 0 62 56 0 101 151 
9606.ENSP00000255078 9606.ENSP00000279147 0 0 0 89 0 0 354 386 
9606.ENSP00000255078 9606.ENSP00000386239 0 0 0 91 92 0 67 163 
9606.ENSP00000255078 9606.ENSP00000351015 0 0 0 64 0 0 401 416 
9606.ENSP00000255078 9606.ENSP00000359211 45 0 0 0 157 0 0 160 
9606.ENSP00000255078 9606.ENSP00000238146 0 0 0 94 124 0 167 281 
9606.ENSP00000255078 9606.ENSP00000359478 0 0 0 62 50 0 222 246 
9606.ENSP00000255078 9606.ENSP00000387471 0 0 0 93 157 0 50 210 
9606.ENSP00000255078 9606.ENSP00000286398 52 0 0 80 105 0 58 166 
9606.ENSP00000255078 9606.ENSP00000363134 0 0 0 0 0 0 235 235 
9606.ENSP00000255078 9606.ENSP00000446184 0 0 0 172 62 0 0 190 
9606.ENSP00000255078 9606.ENSP00000264047 0 0 0 0 0 0 313 313 
9606.ENSP00000255078 9606.ENSP00000304895 0 0 0 0 0 0 173 173 
9606.ENSP00000255078 9606.ENSP00000346694 0 0 0 0 163 0 62 181 
9606.ENSP00000255078 9606.ENSP00000324792 0 0 0 153 50 0 49 167 
9606.ENSP00000255078 9606.ENSP00000380495 0 0 0 61 124 0 62 161 
9606.ENSP00000255078 9606.ENSP00000419117 0 0 0 55 0 0 231 243 
9606.ENSP00000255078 9606.ENSP00000405111 0 0 0 157 160 0 102 308 
9606.ENSP00000255078 9606.ENSP00000376349 0 0 0 0 124 0 70 150 
9606.ENSP00000255078 9606.ENSP00000220592 0 0 0 63 170 0 96 235 
9606.ENSP00000255078 9606.ENSP00000365198 0 0 0 0 0 0 193 193 
9606.ENSP00000255078 9606.ENSP00000318297 0 0 0 62 281 0 405 563 
9606.ENSP00000255078 9606.ENSP00000483570 0 0 0 0 148 0 87 188 
9606.ENSP00000255078 9606.ENSP00000293443 0 0 0 0 0 0 298 298 
9606.ENSP00000255078 9606.ENSP00000354558 0 0 0 97 132 0 145 271 
9606.ENSP00000255078 9606.ENSP00000374529 0 0 0 172 0 0 42 172 
9606.ENSP00000255078 9606.ENSP00000451291 0 0 0 0 163 0 70 189 
9606.ENSP00000255078 9606.ENSP00000304956 0 0 0 0 0 0 529 529 
9606.ENSP00000255078 9606.ENSP00000469205 0 0 0 0 0 0 751 751 
9606.ENSP00000255078 9606.ENSP00000464036 0 0 0 164 0 0 0 164 
9606.ENSP00000255078 9606.ENSP00000416959 0 0 0 45 163 0 62 184 
9606.ENSP00000255078 9606.ENSP00000407586 0 0 0 63 53 0 212 240 
9606.ENSP00000255078 9606.ENSP00000357459 0 0 0 62 0 0 132 151 
9606.ENSP00000255078 9606.ENSP00000297785 0 0 0 0 0 0 503 503 
9606.ENSP00000255078 9606.ENSP00000361331 0 0 0 61 93 0 403 447 
9606.ENSP00000255078 9606.ENSP00000376410 0 0 0 79 53 0 250 288 
9606.ENSP00000255078 9606.ENSP00000365042 0 0 0 71 131 0 0 158 
9606.ENSP00000255078 9606.ENSP00000482313 0 0 0 62 132 0 326 403 
9606.ENSP00000255078 9606.ENSP00000293831 0 0 0 61 124 0 176 263 
9606.ENSP00000255078 9606.ENSP00000356669 0 0 0 61 0 0 135 153 
9606.ENSP00000255078 9606.ENSP00000388806 0 0 0 46 163 0 84 204 
9606.ENSP00000255078 9606.ENSP00000349503 0 0 0 61 281 0 0 295 
9606.ENSP00000255078 9606.ENSP00000413937 0 0 0 61 0 0 173 190 
9606.ENSP00000255078 9606.ENSP00000223073 0 0 0 158 62 0 0 176 
9606.ENSP00000255078 9606.ENSP00000262518 43 0 0 102 82 0 54 153 
9606.ENSP00000255078 9606.ENSP00000358716 0 0 0 67 124 0 353 425 
9606.ENSP00000255078 9606.ENSP00000370119 0 0 0 0 0 0 554 554 
9606.ENSP00000255078 9606.ENSP00000367691 0 0 0 0 0 0 165 165 
9606.ENSP00000255078 9606.ENSP00000436768 0 0 0 0 0 0 295 295 
9606.ENSP00000255078 9606.ENSP00000361569 0 0 0 0 0 0 277 277 
9606.ENSP00000255078 9606.ENSP00000364805 0 0 0 0 190 0 69 213 
9606.ENSP00000255078 9606.ENSP00000425093 0 0 0 0 0 0 202 202 
9606.ENSP00000255078 9606.ENSP00000231524 0 0 0 56 157 0 0 170 
9606.ENSP00000255078 9606.ENSP00000357928 0 0 0 57 157 0 85 209 
9606.ENSP00000255078 9606.ENSP00000350651 0 0 0 61 93 0 160 222 
9606.ENSP00000255078 9606.ENSP00000321617 0 0 0 209 0 0 0 209 
9606.ENSP00000255078 9606.ENSP00000258772 0 0 0 76 124 0 62 175 
9606.ENSP00000255078 9606.ENSP00000376276 0 0 0 151 0 0 50 158 
9606.ENSP00000255078 9606.ENSP00000361446 0 0 0 70 127 0 209 302 
9606.ENSP00000255078 9606.ENSP00000406046 0 0 0 104 175 0 64 248 
9606.ENSP00000255078 9606.ENSP00000280326 0 0 0 46 0 0 150 154 
9606.ENSP00000255078 9606.ENSP00000263934 0 0 0 50 0 0 171 178 
9606.ENSP00000255078 9606.ENSP00000356480 0 0 0 62 0 0 180 197 
9606.ENSP00000255078 9606.ENSP00000433664 0 0 0 143 0 0 72 171 
9606.ENSP00000255078 9606.ENSP00000372023 0 0 0 64 178 0 132 274 
9606.ENSP00000255078 9606.ENSP00000315774 0 0 0 0 0 0 489 489 
9606.ENSP00000255078 9606.ENSP00000181839 0 0 0 88 156 0 69 221 
9606.ENSP00000255078 9606.ENSP00000251038 0 0 0 79 131 0 48 171 
9606.ENSP00000255078 9606.ENSP00000451828 0 0 0 0 50 0 363 368 
9606.ENSP00000255078 9606.ENSP00000403397 0 0 0 0 0 0 240 240 
9606.ENSP00000255078 9606.ENSP00000334934 0 0 0 0 0 0 202 202 
9606.ENSP00000255078 9606.ENSP00000300651 0 0 0 158 0 0 0 158 
9606.ENSP00000255078 9606.ENSP00000229195 0 0 0 155 0 0 44 158 
9606.ENSP00000255078 9606.ENSP00000363661 0 0 0 191 0 0 0 191 
9606.ENSP00000255078 9606.ENSP00000353332 0 0 0 63 0 0 153 172 
9606.ENSP00000255078 9606.ENSP00000423812 0 0 0 0 67 0 127 151 
9606.ENSP00000255078 9606.ENSP00000216639 0 0 0 68 50 0 130 163 
9606.ENSP00000255078 9606.ENSP00000360310 0 0 0 61 0 0 136 154 
9606.ENSP00000255078 9606.ENSP00000392879 0 0 0 0 0 0 173 173 
9606.ENSP00000255078 9606.ENSP00000262554 0 0 0 73 0 0 167 194 
9606.ENSP00000255078 9606.ENSP00000225296 0 0 0 108 160 0 346 467 
9606.ENSP00000255078 9606.ENSP00000414303 0 0 0 0 0 0 367 367 
9606.ENSP00000255078 9606.ENSP00000384621 0 0 0 97 160 0 68 231 
9606.ENSP00000255078 9606.ENSP00000356520 0 0 0 104 160 0 68 237 
9606.ENSP00000255078 9606.ENSP00000348215 0 0 0 97 132 0 68 205 
9606.ENSP00000255078 9606.ENSP00000340328 0 0 0 0 173 0 0 173 
9606.ENSP00000255078 9606.ENSP00000375892 0 0 0 0 50 0 157 164 
9606.ENSP00000255078 9606.ENSP00000302719 0 0 0 87 124 0 0 166 
9606.ENSP00000255078 9606.ENSP00000369728 0 0 0 0 179 0 0 179 
9606.ENSP00000255078 9606.ENSP00000337353 0 0 0 102 0 0 187 239 
9606.ENSP00000255078 9606.ENSP00000332340 0 0 0 73 124 0 62 172 
9606.ENSP00000255078 9606.ENSP00000356476 0 0 0 203 0 0 0 203 
9606.ENSP00000255078 9606.ENSP00000369756 0 0 0 0 0 0 201 201 
9606.ENSP00000255078 9606.ENSP00000296490 0 0 0 106 62 0 97 176 
9606.ENSP00000255078 9606.ENSP00000405620 0 0 0 123 160 0 140 311 
9606.ENSP00000255078 9606.ENSP00000295488 43 0 0 63 0 0 141 163 
9606.ENSP00000255078 9606.ENSP00000430128 0 0 0 0 163 0 62 181 
9606.ENSP00000255078 9606.ENSP00000366563 0 0 0 97 132 0 201 319 
9606.ENSP00000255078 9606.ENSP00000343741 0 0 0 104 132 0 68 212 
9606.ENSP00000255078 9606.ENSP00000299821 0 0 0 0 0 0 209 209 
9606.ENSP00000255078 9606.ENSP00000299045 0 0 0 0 0 0 173 173 
9606.ENSP00000255078 9606.ENSP00000372191 0 0 0 0 104 0 282 329 
9606.ENSP00000255078 9606.ENSP00000479203 0 0 0 0 163 0 62 181 
9606.ENSP00000255078 9606.ENSP00000266529 0 0 0 0 163 0 62 181 
9606.ENSP00000255078 9606.ENSP00000313420 0 0 0 108 132 0 123 262 
9606.ENSP00000255078 9606.ENSP00000362413 45 0 0 55 133 0 54 161 
9606.ENSP00000255078 9606.ENSP00000324175 0 0 0 0 0 0 202 202 
9606.ENSP00000255078 9606.ENSP00000373918 0 0 0 52 0 0 552 557 
9606.ENSP00000255078 9606.ENSP00000372335 0 0 0 173 719 0 0 757 
9606.ENSP00000255078 9606.ENSP00000259569 0 0 0 154 0 0 0 154 
9606.ENSP00000255078 9606.ENSP00000468927 0 0 0 0 0 0 226 226 
9606.ENSP00000255078 9606.ENSP00000220496 0 0 0 154 0 0 0 154 
9606.ENSP00000255078 9606.ENSP00000222388 0 0 0 141 0 0 89 183 
9606.ENSP00000255078 9606.ENSP00000317039 0 0 0 62 159 0 105 232 
9606.ENSP00000255078 9606.ENSP00000395654 43 0 0 100 82 0 54 152 
9606.ENSP00000255078 9606.ENSP00000259006 0 0 0 159 0 0 0 159 
9606.ENSP00000255078 9606.ENSP00000324464 0 0 0 142 50 0 50 158 
9606.ENSP00000255078 9606.ENSP00000400113 0 0 0 0 0 0 632 632 
9606.ENSP00000255078 9606.ENSP00000296328 0 0 0 63 127 0 135 230 
9606.ENSP00000255078 9606.ENSP00000476046 0 0 0 93 187 0 94 273 
9606.ENSP00000255078 9606.ENSP00000371321 0 0 0 124 134 0 57 222 
9606.ENSP00000255078 9606.ENSP00000310723 0 0 0 64 124 0 132 226 
9606.ENSP00000255078 9606.ENSP00000364801 0 0 0 0 261 0 69 282 
9606.ENSP00000255078 9606.ENSP00000308330 0 0 0 0 0 0 390 390 
9606.ENSP00000255078 9606.ENSP00000283254 0 0 0 62 0 0 133 151 
9606.ENSP00000255078 9606.ENSP00000328174 72 0 0 62 188 0 585 667 
9606.ENSP00000255078 9606.ENSP00000256078 0 0 0 63 53 0 204 231 
9606.ENSP00000255078 9606.ENSP00000261866 0 0 0 70 0 0 189 214 
9606.ENSP00000255078 9606.ENSP00000485586 0 0 0 63 132 0 50 159 
9606.ENSP00000255078 9606.ENSP00000379880 0 0 0 0 173 0 0 173 
9606.ENSP00000255078 9606.ENSP00000257829 0 0 0 149 0 0 551 601 
9606.ENSP00000255078 9606.ENSP00000255476 0 0 0 0 0 0 150 150 
9606.ENSP00000255078 9606.ENSP00000357679 0 0 0 44 163 0 0 165 
9606.ENSP00000255078 9606.ENSP00000396995 0 0 0 63 0 0 514 525 
9606.ENSP00000255078 9606.ENSP00000419952 0 0 0 87 124 0 0 166 
9606.ENSP00000255078 9606.ENSP00000280665 0 0 0 79 187 0 94 262 
9606.ENSP00000255078 9606.ENSP00000254108 0 0 0 83 0 0 306 336 
9606.ENSP00000255078 9606.ENSP00000283027 0 0 0 62 0 0 210 227 
9606.ENSP00000255078 9606.ENSP00000285398 85 0 0 117 0 0 133 239 
9606.ENSP00000255078 9606.ENSP00000215862 0 0 0 102 0 0 146 200 
9606.ENSP00000255078 9606.ENSP00000391723 0 0 0 164 50 0 44 175 
9606.ENSP00000255078 9606.ENSP00000313603 0 0 0 105 0 0 89 150 
9606.ENSP00000255078 9606.ENSP00000464050 0 0 0 83 124 0 62 181 
9606.ENSP00000255078 9606.ENSP00000385727 0 0 0 63 0 0 188 206 
9606.ENSP00000255078 9606.ENSP00000448035 0 0 0 54 0 0 302 312 
9606.ENSP00000255078 9606.ENSP00000419004 0 0 0 64 163 0 59 198 
9606.ENSP00000255078 9606.ENSP00000310596 0 0 0 0 168 0 133 247 
9606.ENSP00000255078 9606.ENSP00000343190 0 0 0 169 0 0 54 180 
9606.ENSP00000255078 9606.ENSP00000386272 0 0 0 0 0 0 155 155 
9606.ENSP00000255078 9606.ENSP00000357475 0 0 0 63 66 0 233 270 
9606.ENSP00000255078 9606.ENSP00000258383 0 0 0 55 131 0 108 203 
9606.ENSP00000255078 9606.ENSP00000324827 0 0 0 183 0 0 0 183 
9606.ENSP00000255078 9606.ENSP00000377298 0 0 0 137 0 0 79 172 
9606.ENSP00000255078 9606.ENSP00000281938 0 0 0 0 0 0 428 428 
9606.ENSP00000255078 9606.ENSP00000263239 0 0 0 68 124 0 135 232 
9606.ENSP00000255078 9606.ENSP00000298288 0 0 0 0 67 0 276 295 
9606.ENSP00000255078 9606.ENSP00000478179 0 0 0 61 0 0 203 219 
9606.ENSP00000255078 9606.ENSP00000230124 0 0 0 61 0 0 147 164 
9606.ENSP00000255078 9606.ENSP00000441235 0 0 0 0 0 0 241 241 
9606.ENSP00000255078 9606.ENSP00000387250 0 0 0 0 0 0 163 163 
9606.ENSP00000255078 9606.ENSP00000326424 0 0 0 62 0 0 575 585 
9606.ENSP00000255078 9606.ENSP00000251636 0 0 0 113 160 0 170 328 
9606.ENSP00000255078 9606.ENSP00000445001 0 0 0 88 0 0 120 164 
9606.ENSP00000255078 9606.ENSP00000313140 0 0 0 169 0 0 86 208 
9606.ENSP00000255078 9606.ENSP00000263080 0 0 0 0 0 0 208 208 
9606.ENSP00000255078 9606.ENSP00000370460 0 0 0 198 0 0 0 198 
9606.ENSP00000255078 9606.ENSP00000273077 0 0 0 63 0 0 226 243 
9606.ENSP00000255078 9606.ENSP00000366288 0 0 0 0 0 0 645 645 
9606.ENSP00000255078 9606.ENSP00000362768 0 0 0 64 0 0 203 222 
9606.ENSP00000255078 9606.ENSP00000350036 52 0 0 68 105 0 58 156 
9606.ENSP00000255078 9606.ENSP00000252011 0 0 0 97 160 0 75 237 
9606.ENSP00000255078 9606.ENSP00000376583 0 0 0 0 0 0 325 325 
9606.ENSP00000255078 9606.ENSP00000406191 0 0 0 0 0 0 420 420 
9606.ENSP00000255078 9606.ENSP00000417330 0 0 0 0 0 0 268 268 
9606.ENSP00000255078 9606.ENSP00000334148 0 0 0 54 157 0 85 206 
9606.ENSP00000255078 9606.ENSP00000413572 0 0 0 70 166 0 0 191 
9606.ENSP00000255078 9606.ENSP00000308714 0 0 0 0 0 0 202 202 
9606.ENSP00000255078 9606.ENSP00000343658 0 0 0 0 0 0 173 173 
9606.ENSP00000255078 9606.ENSP00000363787 0 0 0 82 0 0 400 426 
9606.ENSP00000255078 9606.ENSP00000362131 0 0 0 61 165 0 74 210 
9606.ENSP00000255078 9606.ENSP00000203664 0 0 0 51 0 0 284 291 
9606.ENSP00000255078 9606.ENSP00000219368 0 0 0 0 0 0 401 401 
9606.ENSP00000255078 9606.ENSP00000298310 0 0 0 146 58 0 49 168 
9606.ENSP00000255078 9606.ENSP00000254942 0 0 0 83 145 0 0 182 
9606.ENSP00000255078 9606.ENSP00000326570 0 0 0 0 0 0 165 165 
9606.ENSP00000255078 9606.ENSP00000346112 0 0 0 0 0 0 269 269 
9606.ENSP00000255078 9606.ENSP00000445381 0 0 0 97 132 0 68 205 
9606.ENSP00000255078 9606.ENSP00000359976 0 0 0 62 0 0 157 175 
9606.ENSP00000255078 9606.ENSP00000216727 0 0 0 63 0 0 359 373 
9606.ENSP00000255078 9606.ENSP00000358547 0 0 0 49 0 0 345 351 
9606.ENSP00000255078 9606.ENSP00000480158 0 0 0 108 127 0 334 437 
9606.ENSP00000255078 9606.ENSP00000239926 0 0 0 0 0 0 164 164 
9606.ENSP00000255078 9606.ENSP00000397927 0 0 0 103 58 0 127 198 
9606.ENSP00000255078 9606.ENSP00000396320 0 0 0 62 0 0 190 208 
9606.ENSP00000255078 9606.ENSP00000313829 0 0 0 101 132 0 67 208 
9606.ENSP00000255078 9606.ENSP00000424595 0 0 0 61 63 0 138 175 
9606.ENSP00000255078 9606.ENSP00000298139 0 0 0 119 132 0 239 368 
9606.ENSP00000255078 9606.ENSP00000379931 0 0 0 152 83 0 56 201 
9606.ENSP00000255078 9606.ENSP00000283875 0 0 0 136 0 0 79 170 
9606.ENSP00000255078 9606.ENSP00000411152 0 0 0 0 0 0 309 309 
9606.ENSP00000255078 9606.ENSP00000371193 0 0 0 188 0 0 42 188 
9606.ENSP00000255078 9606.ENSP00000354791 0 0 0 62 0 0 450 462 
