9606.ENSP00000209884 9606.ENSP00000360464 0 0 0 63 0 0 388 402 
9606.ENSP00000209884 9606.ENSP00000380178 0 0 0 62 111 900 0 909 
9606.ENSP00000209884 9606.ENSP00000442318 0 0 0 0 0 900 134 909 
9606.ENSP00000209884 9606.ENSP00000478474 0 0 0 55 0 900 103 907 
9606.ENSP00000209884 9606.ENSP00000263182 0 0 0 0 0 0 161 161 
9606.ENSP00000209884 9606.ENSP00000363680 0 0 0 0 0 0 167 167 
9606.ENSP00000209884 9606.ENSP00000386135 0 0 0 49 305 0 355 536 
9606.ENSP00000209884 9606.ENSP00000319192 0 0 0 49 0 0 181 188 
9606.ENSP00000209884 9606.ENSP00000025008 0 0 0 57 0 0 161 175 
9606.ENSP00000209884 9606.ENSP00000281708 0 0 0 81 0 900 91 909 
9606.ENSP00000209884 9606.ENSP00000263925 0 0 0 0 64 900 0 902 
9606.ENSP00000209884 9606.ENSP00000384490 0 0 0 0 84 0 136 175 
9606.ENSP00000209884 9606.ENSP00000265094 0 0 0 63 0 900 60 904 
9606.ENSP00000209884 9606.ENSP00000263401 0 0 0 0 0 900 0 900 
9606.ENSP00000209884 9606.ENSP00000371805 0 0 0 0 0 900 0 900 
9606.ENSP00000209884 9606.ENSP00000382791 0 0 0 0 173 0 0 173 
9606.ENSP00000209884 9606.ENSP00000381968 0 0 0 62 0 0 348 362 
9606.ENSP00000209884 9606.ENSP00000284551 0 0 0 0 0 900 276 924 
9606.ENSP00000209884 9606.ENSP00000251166 0 0 0 0 313 0 642 743 
9606.ENSP00000209884 9606.ENSP00000426503 0 0 0 62 0 900 430 941 
9606.ENSP00000209884 9606.ENSP00000350331 0 0 0 0 0 900 334 930 
9606.ENSP00000209884 9606.ENSP00000401878 0 0 0 0 0 900 242 921 
9606.ENSP00000209884 9606.ENSP00000323348 0 0 0 52 0 900 0 901 
9606.ENSP00000209884 9606.ENSP00000340648 0 0 0 63 0 900 0 902 
9606.ENSP00000209884 9606.ENSP00000378699 0 0 0 0 0 0 329 329 
9606.ENSP00000209884 9606.ENSP00000349298 0 0 0 0 0 900 0 900 
9606.ENSP00000209884 9606.ENSP00000362555 0 0 0 61 0 900 0 902 
9606.ENSP00000209884 9606.ENSP00000331682 0 0 0 0 176 900 153 924 
9606.ENSP00000209884 9606.ENSP00000479101 0 0 0 0 0 0 168 168 
9606.ENSP00000209884 9606.ENSP00000264350 0 0 0 52 0 900 0 901 
9606.ENSP00000209884 9606.ENSP00000346240 0 0 0 0 0 900 104 906 
9606.ENSP00000209884 9606.ENSP00000397026 0 0 0 0 173 0 0 173 
9606.ENSP00000209884 9606.ENSP00000353794 0 0 0 61 0 900 111 909 
9606.ENSP00000209884 9606.ENSP00000385571 0 0 0 63 0 0 199 217 
9606.ENSP00000209884 9606.ENSP00000369855 0 0 0 0 0 900 0 900 
9606.ENSP00000209884 9606.ENSP00000274457 0 0 0 61 0 900 0 902 
9606.ENSP00000209884 9606.ENSP00000427793 0 7 0 56 0 900 105 908 
9606.ENSP00000209884 9606.ENSP00000428205 0 0 0 55 0 900 0 901 
9606.ENSP00000209884 9606.ENSP00000307786 0 0 0 62 0 0 215 232 
9606.ENSP00000209884 9606.ENSP00000361245 0 0 0 63 0 900 0 902 
9606.ENSP00000209884 9606.ENSP00000374552 0 0 0 61 0 0 399 411 
9606.ENSP00000209884 9606.ENSP00000216455 0 0 0 0 188 0 0 188 
9606.ENSP00000209884 9606.ENSP00000348714 0 0 0 63 0 900 104 908 
9606.ENSP00000209884 9606.ENSP00000339109 0 0 0 0 0 900 0 900 
9606.ENSP00000209884 9606.ENSP00000349722 0 0 0 0 111 900 47 907 
9606.ENSP00000209884 9606.ENSP00000467141 0 0 0 63 300 0 57 327 
9606.ENSP00000209884 9606.ENSP00000380746 0 0 0 61 0 900 0 902 
9606.ENSP00000209884 9606.ENSP00000418754 0 0 0 63 163 0 0 182 
9606.ENSP00000209884 9606.ENSP00000347188 0 0 0 0 0 900 0 900 
9606.ENSP00000209884 9606.ENSP00000300574 0 0 0 64 184 0 0 203 
9606.ENSP00000209884 9606.ENSP00000298307 0 0 0 61 0 0 227 243 
9606.ENSP00000209884 9606.ENSP00000457206 0 0 0 0 0 900 0 900 
9606.ENSP00000209884 9606.ENSP00000380252 0 0 0 0 186 0 104 239 
9606.ENSP00000209884 9606.ENSP00000311609 0 0 0 0 0 900 0 900 
9606.ENSP00000209884 9606.ENSP00000347931 0 0 0 0 0 0 405 405 
9606.ENSP00000209884 9606.ENSP00000384109 0 0 0 61 260 0 284 459 
9606.ENSP00000209884 9606.ENSP00000369666 0 0 0 63 50 900 0 903 
9606.ENSP00000209884 9606.ENSP00000265026 0 0 0 61 166 0 0 183 
9606.ENSP00000209884 9606.ENSP00000378338 0 0 0 0 167 0 0 167 
9606.ENSP00000209884 9606.ENSP00000247970 0 0 0 0 0 0 320 320 
9606.ENSP00000209884 9606.ENSP00000437957 0 0 0 0 185 0 0 185 
9606.ENSP00000209884 9606.ENSP00000251643 0 0 0 0 0 0 186 186 
9606.ENSP00000209884 9606.ENSP00000269856 0 0 0 49 0 900 0 900 
9606.ENSP00000209884 9606.ENSP00000403802 0 0 0 60 0 900 0 901 
9606.ENSP00000209884 9606.ENSP00000334329 0 0 0 0 0 0 250 250 
9606.ENSP00000209884 9606.ENSP00000296525 0 0 0 0 0 900 0 900 
9606.ENSP00000209884 9606.ENSP00000262519 0 0 0 129 53 0 58 155 
9606.ENSP00000209884 9606.ENSP00000348565 0 0 0 0 55 900 0 901 
9606.ENSP00000209884 9606.ENSP00000277458 0 0 0 0 0 900 0 900 
9606.ENSP00000209884 9606.ENSP00000358147 0 0 0 61 265 0 52 288 
9606.ENSP00000209884 9606.ENSP00000263464 0 0 0 0 79 0 131 165 
9606.ENSP00000209884 9606.ENSP00000250416 0 0 0 0 0 0 154 154 
9606.ENSP00000209884 9606.ENSP00000369786 0 0 0 0 165 0 0 165 
9606.ENSP00000209884 9606.ENSP00000361990 0 0 0 62 0 900 50 903 
9606.ENSP00000209884 9606.ENSP00000385570 0 0 0 53 0 0 161 171 
9606.ENSP00000209884 9606.ENSP00000295600 0 0 0 0 180 0 111 239 
9606.ENSP00000209884 9606.ENSP00000451575 0 0 0 0 0 900 0 900 
9606.ENSP00000209884 9606.ENSP00000376808 0 0 0 81 260 900 180 936 
9606.ENSP00000209884 9606.ENSP00000340305 0 0 0 0 0 900 0 900 
9606.ENSP00000209884 9606.ENSP00000380414 0 0 0 0 0 0 170 170 
9606.ENSP00000209884 9606.ENSP00000005340 0 0 0 0 185 0 126 257 
9606.ENSP00000209884 9606.ENSP00000355658 0 0 0 0 0 0 241 241 
9606.ENSP00000209884 9606.ENSP00000312664 0 0 0 0 0 0 531 531 
9606.ENSP00000209884 9606.ENSP00000388723 0 0 0 62 0 900 145 912 
9606.ENSP00000209884 9606.ENSP00000269305 0 0 0 0 0 0 160 160 
9606.ENSP00000209884 9606.ENSP00000328203 0 0 0 62 0 900 0 902 
9606.ENSP00000209884 9606.ENSP00000307833 0 0 0 59 0 900 0 901 
9606.ENSP00000209884 9606.ENSP00000472836 0 0 0 0 0 0 292 292 
9606.ENSP00000209884 9606.ENSP00000261537 0 0 0 0 177 0 43 178 
9606.ENSP00000209884 9606.ENSP00000409346 0 0 0 0 0 900 56 901 
9606.ENSP00000209884 9606.ENSP00000359357 0 0 0 0 57 0 312 323 
9606.ENSP00000209884 9606.ENSP00000430269 0 0 0 49 190 0 0 196 
9606.ENSP00000209884 9606.ENSP00000037243 0 0 0 61 79 0 162 211 
9606.ENSP00000209884 9606.ENSP00000356562 0 0 0 63 0 0 159 178 
9606.ENSP00000209884 9606.ENSP00000311684 0 0 0 49 175 0 0 181 
9606.ENSP00000209884 9606.ENSP00000426103 0 0 0 0 177 900 43 914 
9606.ENSP00000209884 9606.ENSP00000379739 0 0 63 0 289 0 0 305 
9606.ENSP00000209884 9606.ENSP00000386532 0 0 0 0 0 900 0 900 
9606.ENSP00000209884 9606.ENSP00000389900 0 0 0 43 0 900 0 900 
9606.ENSP00000209884 9606.ENSP00000361021 0 0 0 81 0 0 153 188 
9606.ENSP00000209884 9606.ENSP00000405965 0 0 0 56 0 0 146 159 
9606.ENSP00000209884 9606.ENSP00000364204 0 0 0 0 124 0 73 153 
9606.ENSP00000209884 9606.ENSP00000376167 0 0 0 0 0 900 0 900 
9606.ENSP00000209884 9606.ENSP00000480499 0 6 0 61 0 900 105 908 
9606.ENSP00000209884 9606.ENSP00000431254 0 0 0 0 185 0 0 185 
9606.ENSP00000209884 9606.ENSP00000278568 0 0 0 50 186 0 0 193 
9606.ENSP00000209884 9606.ENSP00000360798 0 0 0 63 0 0 151 170 
9606.ENSP00000209884 9606.ENSP00000218867 0 0 0 0 0 0 176 176 
9606.ENSP00000209884 9606.ENSP00000355865 0 0 0 62 0 900 44 902 
9606.ENSP00000209884 9606.ENSP00000056233 0 0 0 0 186 0 57 199 
9606.ENSP00000209884 9606.ENSP00000335091 0 0 0 0 0 900 0 900 
9606.ENSP00000209884 9606.ENSP00000362993 0 0 0 78 0 0 131 164 
9606.ENSP00000209884 9606.ENSP00000338990 0 0 0 0 0 0 188 188 
9606.ENSP00000209884 9606.ENSP00000404190 0 0 0 0 0 0 158 158 
9606.ENSP00000209884 9606.ENSP00000363322 0 0 0 0 0 900 0 900 
9606.ENSP00000209884 9606.ENSP00000317872 0 0 0 62 0 900 0 902 
9606.ENSP00000209884 9606.ENSP00000350512 0 0 0 55 0 900 64 903 
9606.ENSP00000209884 9606.ENSP00000478828 0 0 0 0 0 0 176 176 
9606.ENSP00000209884 9606.ENSP00000365961 0 0 0 0 0 900 0 900 
9606.ENSP00000209884 9606.ENSP00000255977 0 0 0 55 0 900 0 901 
9606.ENSP00000209884 9606.ENSP00000401023 0 0 0 62 0 900 0 902 
9606.ENSP00000209884 9606.ENSP00000348821 0 0 0 0 175 0 0 175 
9606.ENSP00000209884 9606.ENSP00000305133 0 0 0 62 0 900 0 902 
9606.ENSP00000209884 9606.ENSP00000313983 0 0 0 79 53 0 107 153 
9606.ENSP00000209884 9606.ENSP00000442973 0 0 0 49 0 0 226 232 
9606.ENSP00000209884 9606.ENSP00000400175 0 0 0 0 196 0 145 283 
9606.ENSP00000209884 9606.ENSP00000347548 0 0 0 51 0 900 0 901 
9606.ENSP00000209884 9606.ENSP00000420914 0 0 0 0 321 0 0 321 
9606.ENSP00000209884 9606.ENSP00000261891 0 0 0 49 0 0 171 177 
9606.ENSP00000209884 9606.ENSP00000356224 0 0 0 0 0 0 204 204 
9606.ENSP00000209884 9606.ENSP00000383719 0 0 0 0 0 900 0 900 
9606.ENSP00000209884 9606.ENSP00000292782 0 0 0 55 0 900 0 901 
9606.ENSP00000209884 9606.ENSP00000244061 0 0 0 55 0 900 0 901 
9606.ENSP00000209884 9606.ENSP00000343273 0 0 0 62 0 0 175 193 
9606.ENSP00000209884 9606.ENSP00000261819 0 0 0 0 0 900 0 900 
9606.ENSP00000209884 9606.ENSP00000354775 0 0 0 62 0 900 0 902 
9606.ENSP00000209884 9606.ENSP00000419266 0 0 0 0 321 0 0 321 
9606.ENSP00000209884 9606.ENSP00000385610 0 0 0 61 0 900 0 902 
9606.ENSP00000209884 9606.ENSP00000373272 0 0 0 0 0 900 0 900 
9606.ENSP00000209884 9606.ENSP00000343535 0 0 0 49 0 0 243 249 
9606.ENSP00000209884 9606.ENSP00000346340 0 0 0 0 0 900 0 900 
9606.ENSP00000209884 9606.ENSP00000362710 0 0 0 0 0 900 0 900 
9606.ENSP00000209884 9606.ENSP00000381717 0 0 0 0 111 900 113 914 
9606.ENSP00000209884 9606.ENSP00000304697 0 0 0 61 54 900 0 903 
9606.ENSP00000209884 9606.ENSP00000348216 0 0 0 0 0 900 0 900 
9606.ENSP00000209884 9606.ENSP00000352282 0 0 0 61 0 0 335 349 
9606.ENSP00000209884 9606.ENSP00000428646 0 0 0 53 0 900 0 901 
9606.ENSP00000209884 9606.ENSP00000351338 0 0 0 0 0 0 169 169 
9606.ENSP00000209884 9606.ENSP00000283268 0 0 0 0 57 0 421 430 
9606.ENSP00000209884 9606.ENSP00000281623 0 0 0 0 0 900 112 907 
9606.ENSP00000209884 9606.ENSP00000353549 0 0 0 80 0 900 0 904 
9606.ENSP00000209884 9606.ENSP00000453872 0 0 0 61 0 900 248 923 
9606.ENSP00000209884 9606.ENSP00000350719 0 0 0 0 0 0 204 204 
9606.ENSP00000209884 9606.ENSP00000261609 0 0 0 0 0 900 89 905 
9606.ENSP00000209884 9606.ENSP00000363668 0 0 0 61 0 0 266 281 
9606.ENSP00000209884 9606.ENSP00000266458 0 0 0 61 79 0 151 201 
9606.ENSP00000209884 9606.ENSP00000215071 0 0 0 0 0 0 244 244 
9606.ENSP00000209884 9606.ENSP00000262942 0 0 0 0 0 0 165 165 
9606.ENSP00000209884 9606.ENSP00000282369 0 0 0 57 0 900 0 901 
9606.ENSP00000209884 9606.ENSP00000278193 0 0 0 0 0 0 216 216 
9606.ENSP00000209884 9606.ENSP00000312385 0 0 0 0 282 0 0 282 
9606.ENSP00000209884 9606.ENSP00000378152 0 0 0 105 181 0 44 238 
9606.ENSP00000209884 9606.ENSP00000326804 0 0 0 61 265 900 233 940 
9606.ENSP00000209884 9606.ENSP00000348442 0 0 0 0 0 0 217 217 
9606.ENSP00000209884 9606.ENSP00000334140 0 0 0 81 0 0 325 353 
9606.ENSP00000209884 9606.ENSP00000344782 0 0 0 0 57 0 312 323 
9606.ENSP00000209884 9606.ENSP00000419475 0 0 0 61 0 900 0 902 
9606.ENSP00000209884 9606.ENSP00000358327 0 0 0 0 0 0 284 284 
9606.ENSP00000209884 9606.ENSP00000355759 0 0 0 0 0 0 185 185 
9606.ENSP00000209884 9606.ENSP00000415078 0 0 0 55 0 0 213 224 
9606.ENSP00000209884 9606.ENSP00000275532 0 0 0 0 0 900 0 900 
9606.ENSP00000209884 9606.ENSP00000263228 0 0 0 0 111 900 0 907 
9606.ENSP00000209884 9606.ENSP00000260363 0 0 0 61 0 0 151 169 
9606.ENSP00000209884 9606.ENSP00000424198 0 0 73 0 0 900 95 908 
9606.ENSP00000209884 9606.ENSP00000216218 0 0 0 0 0 0 262 262 
9606.ENSP00000209884 9606.ENSP00000476369 0 0 0 61 0 900 54 903 
9606.ENSP00000209884 9606.ENSP00000354201 0 0 0 0 111 900 56 908 
9606.ENSP00000209884 9606.ENSP00000368797 0 0 0 0 0 900 0 900 
9606.ENSP00000209884 9606.ENSP00000355014 0 0 0 0 0 900 0 900 
9606.ENSP00000209884 9606.ENSP00000266970 0 0 0 0 0 0 158 158 
9606.ENSP00000209884 9606.ENSP00000257749 0 0 0 0 186 0 48 192 
9606.ENSP00000209884 9606.ENSP00000271308 0 0 0 0 188 0 57 201 
9606.ENSP00000209884 9606.ENSP00000262193 0 0 0 0 188 0 59 203 
9606.ENSP00000209884 9606.ENSP00000354621 0 2 0 63 0 900 202 918 
9606.ENSP00000209884 9606.ENSP00000478501 0 0 0 61 0 900 0 902 
9606.ENSP00000209884 9606.ENSP00000378529 0 0 0 62 0 900 0 902 
9606.ENSP00000209884 9606.ENSP00000359050 0 0 0 63 0 0 297 313 
9606.ENSP00000209884 9606.ENSP00000352138 0 0 0 0 123 0 547 585 
9606.ENSP00000209884 9606.ENSP00000349205 0 0 0 62 0 0 169 187 
9606.ENSP00000209884 9606.ENSP00000423897 0 0 65 0 0 900 0 902 
9606.ENSP00000209884 9606.ENSP00000262030 0 0 0 0 185 0 0 185 
9606.ENSP00000209884 9606.ENSP00000387822 0 0 0 61 0 0 134 152 
9606.ENSP00000209884 9606.ENSP00000331843 0 0 0 0 197 0 59 212 
9606.ENSP00000209884 9606.ENSP00000385361 0 0 0 0 185 0 0 185 
9606.ENSP00000209884 9606.ENSP00000477792 0 0 0 55 0 900 0 901 
9606.ENSP00000209884 9606.ENSP00000318944 0 0 0 59 0 900 0 901 
9606.ENSP00000209884 9606.ENSP00000385334 0 0 0 0 321 0 0 321 
9606.ENSP00000209884 9606.ENSP00000356064 0 0 0 50 0 900 0 900 
9606.ENSP00000209884 9606.ENSP00000262878 0 0 0 62 185 0 0 202 
9606.ENSP00000209884 9606.ENSP00000327994 0 0 0 0 0 900 0 900 
9606.ENSP00000209884 9606.ENSP00000358247 0 0 0 61 0 900 0 902 
9606.ENSP00000209884 9606.ENSP00000262294 0 0 0 60 0 900 0 901 
9606.ENSP00000209884 9606.ENSP00000342818 0 0 0 0 57 0 161 174 
9606.ENSP00000209884 9606.ENSP00000356468 0 0 86 0 305 0 150 413 
9606.ENSP00000209884 9606.ENSP00000272317 0 0 0 0 54 900 0 901 
9606.ENSP00000209884 9606.ENSP00000326095 0 0 0 0 0 0 324 324 
9606.ENSP00000209884 9606.ENSP00000322343 0 0 0 0 0 0 178 178 
9606.ENSP00000209884 9606.ENSP00000357980 0 0 0 0 0 0 426 426 
9606.ENSP00000209884 9606.ENSP00000156109 0 0 0 0 124 0 86 165 
9606.ENSP00000209884 9606.ENSP00000366032 0 0 0 0 0 900 0 900 
9606.ENSP00000209884 9606.ENSP00000258229 0 0 0 0 0 0 405 405 
9606.ENSP00000209884 9606.ENSP00000263734 0 0 0 0 379 0 46 382 
9606.ENSP00000209884 9606.ENSP00000342755 0 0 0 59 0 900 0 901 
9606.ENSP00000209884 9606.ENSP00000260247 0 0 0 43 0 900 0 900 
9606.ENSP00000209884 9606.ENSP00000216225 0 0 0 55 64 900 311 930 
9606.ENSP00000209884 9606.ENSP00000359385 0 0 0 61 0 900 0 902 
9606.ENSP00000209884 9606.ENSP00000365625 0 0 0 0 124 0 85 164 
9606.ENSP00000209884 9606.ENSP00000330221 0 0 0 58 0 900 0 901 
9606.ENSP00000209884 9606.ENSP00000304102 0 0 0 0 118 900 0 908 
9606.ENSP00000209884 9606.ENSP00000262394 0 0 0 0 0 900 0 900 
9606.ENSP00000209884 9606.ENSP00000381034 0 0 0 0 0 900 0 900 
9606.ENSP00000209884 9606.ENSP00000435234 0 0 0 0 57 0 136 150 
9606.ENSP00000209884 9606.ENSP00000222402 0 0 0 0 111 900 0 907 
9606.ENSP00000209884 9606.ENSP00000264122 0 0 0 0 0 900 0 900 
9606.ENSP00000209884 9606.ENSP00000426654 0 0 0 0 0 900 0 900 
9606.ENSP00000209884 9606.ENSP00000348838 0 0 0 62 111 900 105 915 
9606.ENSP00000209884 9606.ENSP00000378624 0 0 0 52 0 900 0 901 
9606.ENSP00000209884 9606.ENSP00000464087 0 0 0 59 0 900 0 901 
9606.ENSP00000209884 9606.ENSP00000247977 0 0 0 61 0 900 0 902 
9606.ENSP00000209884 9606.ENSP00000396052 0 0 0 0 0 0 267 267 
9606.ENSP00000209884 9606.ENSP00000360613 0 0 0 0 111 900 0 907 
9606.ENSP00000209884 9606.ENSP00000312397 0 0 74 0 0 900 85 907 
9606.ENSP00000209884 9606.ENSP00000321927 0 0 0 61 0 900 0 902 
9606.ENSP00000209884 9606.ENSP00000485357 0 0 0 63 163 0 131 258 
9606.ENSP00000209884 9606.ENSP00000323687 0 0 0 0 111 900 56 908 
9606.ENSP00000209884 9606.ENSP00000230895 0 0 0 0 0 0 533 533 
9606.ENSP00000209884 9606.ENSP00000362183 0 0 0 0 173 0 0 173 
9606.ENSP00000209884 9606.ENSP00000460885 0 0 0 0 0 0 677 677 
9606.ENSP00000209884 9606.ENSP00000293414 0 0 0 0 0 900 0 900 
9606.ENSP00000209884 9606.ENSP00000308236 0 0 0 0 0 900 0 900 
9606.ENSP00000209884 9606.ENSP00000085219 0 0 0 63 163 0 0 182 
9606.ENSP00000209884 9606.ENSP00000428968 0 0 0 61 0 900 0 902 
9606.ENSP00000209884 9606.ENSP00000455507 0 0 0 49 175 0 0 181 
9606.ENSP00000209884 9606.ENSP00000399797 0 0 0 0 0 0 150 150 
9606.ENSP00000209884 9606.ENSP00000394394 0 0 0 62 0 900 0 902 
9606.ENSP00000209884 9606.ENSP00000477613 0 0 0 0 79 0 131 165 
9606.ENSP00000209884 9606.ENSP00000313454 0 0 0 62 55 900 54 904 
9606.ENSP00000209884 9606.ENSP00000302441 0 0 0 0 190 0 0 190 
9606.ENSP00000209884 9606.ENSP00000368169 0 0 0 0 185 0 126 257 
9606.ENSP00000209884 9606.ENSP00000330341 0 0 0 0 0 900 0 900 
9606.ENSP00000209884 9606.ENSP00000344855 0 0 0 61 0 900 116 909 
9606.ENSP00000209884 9606.ENSP00000368540 0 0 0 0 363 0 0 363 
9606.ENSP00000209884 9606.ENSP00000234091 0 0 0 0 125 0 96 175 
9606.ENSP00000209884 9606.ENSP00000370671 0 0 0 62 0 900 124 910 
9606.ENSP00000209884 9606.ENSP00000252050 0 0 0 61 0 0 216 232 
9606.ENSP00000209884 9606.ENSP00000365401 0 0 0 0 0 900 0 900 
9606.ENSP00000209884 9606.ENSP00000443191 0 0 0 55 0 900 55 902 
9606.ENSP00000209884 9606.ENSP00000322457 0 0 0 61 0 900 322 930 
9606.ENSP00000209884 9606.ENSP00000348054 0 0 0 0 0 900 0 900 
9606.ENSP00000209884 9606.ENSP00000217169 0 0 0 0 79 0 131 165 
9606.ENSP00000209884 9606.ENSP00000397453 0 0 0 0 111 900 56 908 
9606.ENSP00000209884 9606.ENSP00000361596 0 0 0 0 0 900 0 900 
9606.ENSP00000209884 9606.ENSP00000392330 0 0 0 0 0 0 206 206 
9606.ENSP00000209884 9606.ENSP00000259939 0 0 0 61 0 900 0 902 
9606.ENSP00000209884 9606.ENSP00000438788 0 0 0 0 0 900 230 919 
9606.ENSP00000209884 9606.ENSP00000359206 0 0 0 63 0 900 66 904 
9606.ENSP00000209884 9606.ENSP00000296161 0 0 0 0 0 900 0 900 
9606.ENSP00000209884 9606.ENSP00000478121 0 0 0 0 0 900 116 907 
9606.ENSP00000209884 9606.ENSP00000374455 0 0 0 0 176 0 87 215 
9606.ENSP00000209884 9606.ENSP00000303709 0 0 0 61 111 900 51 910 
9606.ENSP00000209884 9606.ENSP00000297130 0 0 0 61 0 0 135 153 
9606.ENSP00000209884 9606.ENSP00000215829 0 0 0 0 0 0 245 245 
9606.ENSP00000209884 9606.ENSP00000430237 0 0 0 0 0 900 0 900 
9606.ENSP00000209884 9606.ENSP00000356124 0 0 133 62 0 0 46 157 
9606.ENSP00000209884 9606.ENSP00000375593 0 0 0 0 57 0 136 150 
9606.ENSP00000209884 9606.ENSP00000379500 0 0 0 63 0 0 220 238 
9606.ENSP00000209884 9606.ENSP00000432412 0 0 0 0 0 0 329 329 
9606.ENSP00000209884 9606.ENSP00000355645 0 0 0 0 406 0 0 406 
9606.ENSP00000209884 9606.ENSP00000360116 0 0 0 0 111 900 0 907 
9606.ENSP00000209884 9606.ENSP00000463650 0 0 0 62 0 900 0 902 
9606.ENSP00000209884 9606.ENSP00000215574 0 0 0 0 111 900 88 911 
9606.ENSP00000209884 9606.ENSP00000428209 0 0 0 61 0 900 0 902 
9606.ENSP00000209884 9606.ENSP00000286918 0 0 0 0 0 900 0 900 
9606.ENSP00000209884 9606.ENSP00000357731 0 0 0 0 0 0 153 153 
9606.ENSP00000209884 9606.ENSP00000345716 0 0 0 63 0 0 388 402 
9606.ENSP00000209884 9606.ENSP00000264389 0 0 0 61 0 900 0 902 
9606.ENSP00000209884 9606.ENSP00000341141 0 0 0 63 163 0 0 182 
9606.ENSP00000209884 9606.ENSP00000320893 0 0 0 63 0 900 0 902 
9606.ENSP00000209884 9606.ENSP00000328059 0 0 0 0 0 900 0 900 
9606.ENSP00000209884 9606.ENSP00000414359 0 0 0 0 188 0 57 201 
9606.ENSP00000209884 9606.ENSP00000265717 0 0 0 63 0 0 144 163 
9606.ENSP00000209884 9606.ENSP00000481249 0 0 0 0 0 900 0 900 
9606.ENSP00000209884 9606.ENSP00000355827 0 0 0 78 0 0 131 165 
9606.ENSP00000209884 9606.ENSP00000323879 0 0 0 61 0 900 0 902 
9606.ENSP00000209884 9606.ENSP00000441543 0 0 0 61 54 900 0 903 
9606.ENSP00000209884 9606.ENSP00000359149 0 0 0 0 0 900 0 900 
9606.ENSP00000209884 9606.ENSP00000407586 0 0 0 0 117 0 94 166 
9606.ENSP00000209884 9606.ENSP00000310686 0 0 0 0 0 900 191 915 
9606.ENSP00000209884 9606.ENSP00000411250 0 0 0 0 176 0 57 189 
9606.ENSP00000209884 9606.ENSP00000408292 0 0 0 0 0 900 0 900 
9606.ENSP00000209884 9606.ENSP00000292211 0 0 0 78 0 900 0 903 
9606.ENSP00000209884 9606.ENSP00000249636 0 0 0 63 125 0 274 352 
9606.ENSP00000209884 9606.ENSP00000338348 0 0 0 0 0 900 0 900 
9606.ENSP00000209884 9606.ENSP00000273480 0 0 0 0 64 900 104 908 
9606.ENSP00000209884 9606.ENSP00000258080 0 0 0 0 0 0 426 426 
9606.ENSP00000209884 9606.ENSP00000328187 0 0 0 0 0 900 0 900 
9606.ENSP00000209884 9606.ENSP00000080059 0 0 0 63 0 0 171 190 
9606.ENSP00000209884 9606.ENSP00000359910 0 0 0 0 185 0 58 199 
9606.ENSP00000209884 9606.ENSP00000383505 0 0 0 62 0 0 190 208 
9606.ENSP00000209884 9606.ENSP00000346437 0 0 0 63 123 900 83 914 
9606.ENSP00000209884 9606.ENSP00000310332 0 0 0 61 0 0 230 246 
9606.ENSP00000209884 9606.ENSP00000244426 0 0 0 62 0 900 0 902 
9606.ENSP00000209884 9606.ENSP00000371000 0 0 0 0 0 900 532 951 
9606.ENSP00000209884 9606.ENSP00000278980 0 0 0 55 0 900 0 901 
9606.ENSP00000209884 9606.ENSP00000331544 0 0 0 0 0 0 153 153 
9606.ENSP00000209884 9606.ENSP00000420465 0 0 0 0 0 900 0 900 
9606.ENSP00000209884 9606.ENSP00000355231 0 0 0 55 0 0 246 257 
9606.ENSP00000209884 9606.ENSP00000373696 0 0 0 61 0 900 50 903 
9606.ENSP00000209884 9606.ENSP00000393596 0 0 0 0 157 0 162 263 
9606.ENSP00000209884 9606.ENSP00000393154 0 0 0 60 0 900 96 907 
9606.ENSP00000209884 9606.ENSP00000347834 0 0 0 62 0 900 147 913 
9606.ENSP00000209884 9606.ENSP00000363390 0 0 0 0 0 900 62 902 
9606.ENSP00000209884 9606.ENSP00000441913 0 0 0 0 0 0 241 241 
9606.ENSP00000209884 9606.ENSP00000361540 0 0 0 62 0 900 43 902 
9606.ENSP00000209884 9606.ENSP00000268717 0 0 0 0 50 900 0 900 
9606.ENSP00000209884 9606.ENSP00000258200 0 0 0 0 0 900 0 900 
9606.ENSP00000209884 9606.ENSP00000377001 0 0 0 61 0 0 191 208 
9606.ENSP00000209884 9606.ENSP00000411145 0 0 0 0 57 0 421 430 
9606.ENSP00000209884 9606.ENSP00000367284 0 0 0 0 0 0 208 208 
9606.ENSP00000209884 9606.ENSP00000256474 0 0 0 0 0 900 143 910 
9606.ENSP00000209884 9606.ENSP00000349142 0 0 0 0 0 0 164 164 
9606.ENSP00000209884 9606.ENSP00000297029 0 0 0 0 0 0 416 416 
9606.ENSP00000209884 9606.ENSP00000385410 0 0 0 0 0 0 465 465 
9606.ENSP00000209884 9606.ENSP00000361725 0 0 0 0 0 0 422 422 
9606.ENSP00000209884 9606.ENSP00000323527 0 0 0 60 0 0 158 175 
9606.ENSP00000209884 9606.ENSP00000329418 0 0 0 0 0 900 0 900 
9606.ENSP00000209884 9606.ENSP00000264198 0 0 0 0 0 0 166 166 
9606.ENSP00000209884 9606.ENSP00000482442 0 0 0 0 0 0 212 212 
9606.ENSP00000209884 9606.ENSP00000328327 0 0 0 60 0 900 430 941 
9606.ENSP00000209884 9606.ENSP00000326933 0 0 0 0 0 0 223 223 
9606.ENSP00000209884 9606.ENSP00000264607 0 0 0 0 0 900 0 900 
9606.ENSP00000209884 9606.ENSP00000296438 0 0 0 0 0 900 107 906 
9606.ENSP00000209884 9606.ENSP00000397655 0 0 0 0 0 900 0 900 
9606.ENSP00000209884 9606.ENSP00000260983 0 0 0 48 0 900 0 900 
9606.ENSP00000209884 9606.ENSP00000348056 0 0 0 0 111 0 104 169 
9606.ENSP00000209884 9606.ENSP00000466072 0 0 0 0 57 0 136 150 
9606.ENSP00000209884 9606.ENSP00000383199 0 1 0 56 0 900 711 970 
9606.ENSP00000209884 9606.ENSP00000322937 0 0 0 0 0 900 122 908 
9606.ENSP00000209884 9606.ENSP00000324404 0 0 0 0 0 0 290 290 
9606.ENSP00000209884 9606.ENSP00000376945 0 0 0 61 0 900 159 914 
9606.ENSP00000209884 9606.ENSP00000267935 0 0 0 0 0 900 0 900 
9606.ENSP00000209884 9606.ENSP00000319482 0 0 0 60 0 900 0 901 
9606.ENSP00000209884 9606.ENSP00000417706 0 0 0 55 0 900 0 901 
9606.ENSP00000209884 9606.ENSP00000365844 0 0 0 0 0 900 0 900 
9606.ENSP00000209884 9606.ENSP00000351933 0 0 0 55 0 900 143 912 
9606.ENSP00000209884 9606.ENSP00000437464 0 0 0 61 136 0 0 154 
9606.ENSP00000209884 9606.ENSP00000433352 0 0 0 0 0 900 0 900 
9606.ENSP00000209884 9606.ENSP00000476795 0 0 0 0 0 900 123 908 
9606.ENSP00000209884 9606.ENSP00000264346 0 0 0 52 0 900 0 901 
9606.ENSP00000209884 9606.ENSP00000363661 0 0 0 0 185 0 0 185 
9606.ENSP00000209884 9606.ENSP00000380942 0 0 0 0 379 0 144 445 
9606.ENSP00000209884 9606.ENSP00000365944 0 0 0 0 0 900 0 900 
9606.ENSP00000209884 9606.ENSP00000262306 0 0 0 0 0 900 85 904 
9606.ENSP00000209884 9606.ENSP00000421842 0 0 0 0 0 900 0 900 
9606.ENSP00000209884 9606.ENSP00000348461 0 0 0 0 117 900 58 909 
9606.ENSP00000209884 9606.ENSP00000382269 0 0 0 63 0 900 0 902 
9606.ENSP00000209884 9606.ENSP00000384719 0 0 0 0 55 0 141 153 
9606.ENSP00000209884 9606.ENSP00000328287 0 0 0 0 0 900 0 900 
9606.ENSP00000209884 9606.ENSP00000316054 0 0 0 0 185 0 126 257 
9606.ENSP00000209884 9606.ENSP00000217173 0 0 0 52 0 900 0 901 
9606.ENSP00000209884 9606.ENSP00000479494 0 0 0 0 0 0 260 260 
9606.ENSP00000209884 9606.ENSP00000296677 0 0 0 0 0 0 211 211 
9606.ENSP00000209884 9606.ENSP00000263955 0 0 0 49 0 0 233 239 
9606.ENSP00000209884 9606.ENSP00000434614 0 0 0 64 0 900 0 902 
9606.ENSP00000209884 9606.ENSP00000338157 0 0 0 0 57 900 58 903 
9606.ENSP00000209884 9606.ENSP00000428340 0 0 0 0 0 0 187 187 
9606.ENSP00000209884 9606.ENSP00000300976 0 0 0 0 199 0 44 201 
9606.ENSP00000209884 9606.ENSP00000284142 0 0 0 0 0 900 0 900 
9606.ENSP00000209884 9606.ENSP00000445359 0 0 0 61 0 0 267 282 
9606.ENSP00000209884 9606.ENSP00000224862 0 0 0 61 0 900 0 902 
9606.ENSP00000209884 9606.ENSP00000349957 0 0 0 61 64 900 0 904 
9606.ENSP00000209884 9606.ENSP00000379025 0 0 0 53 0 900 0 901 
9606.ENSP00000209884 9606.ENSP00000336800 0 0 0 0 0 900 58 901 
9606.ENSP00000209884 9606.ENSP00000250495 0 0 0 0 54 900 275 925 
9606.ENSP00000209884 9606.ENSP00000218348 0 0 0 62 0 0 237 254 
9606.ENSP00000209884 9606.ENSP00000428698 0 0 0 61 0 900 0 902 
9606.ENSP00000209884 9606.ENSP00000287675 0 0 0 0 0 0 311 311 
9606.ENSP00000209884 9606.ENSP00000393183 0 0 0 61 0 900 0 902 
9606.ENSP00000209884 9606.ENSP00000265339 0 0 0 0 111 900 0 907 
9606.ENSP00000209884 9606.ENSP00000278071 0 0 0 0 0 0 282 282 
9606.ENSP00000209884 9606.ENSP00000254436 0 0 0 0 0 900 0 900 
9606.ENSP00000209884 9606.ENSP00000364840 0 0 0 63 163 0 0 182 
9606.ENSP00000209884 9606.ENSP00000369325 0 0 0 0 363 0 0 363 
9606.ENSP00000209884 9606.ENSP00000310841 0 0 0 0 0 900 0 900 
9606.ENSP00000209884 9606.ENSP00000368799 0 0 0 0 0 900 0 900 
9606.ENSP00000209884 9606.ENSP00000409131 0 0 0 0 0 900 0 900 
9606.ENSP00000209884 9606.ENSP00000216807 0 0 0 0 0 0 194 194 
9606.ENSP00000209884 9606.ENSP00000370984 0 0 0 0 0 900 57 901 
9606.ENSP00000209884 9606.ENSP00000364403 0 0 0 61 0 900 0 902 
9606.ENSP00000209884 9606.ENSP00000171111 0 0 74 0 0 900 101 909 
9606.ENSP00000209884 9606.ENSP00000316176 0 0 0 0 111 900 44 907 
9606.ENSP00000209884 9606.ENSP00000261593 0 0 0 0 0 900 0 900 
9606.ENSP00000209884 9606.ENSP00000453177 0 0 0 0 0 900 0 900 
9606.ENSP00000209884 9606.ENSP00000385684 0 0 0 55 0 900 0 901 
9606.ENSP00000209884 9606.ENSP00000348769 0 0 0 61 0 900 294 927 
9606.ENSP00000209884 9606.ENSP00000237281 0 0 0 61 0 900 0 902 
9606.ENSP00000209884 9606.ENSP00000281821 0 0 0 0 50 0 173 180 
9606.ENSP00000209884 9606.ENSP00000378350 0 0 0 61 0 900 0 902 
9606.ENSP00000209884 9606.ENSP00000232165 0 0 0 61 0 900 358 934 
9606.ENSP00000209884 9606.ENSP00000219548 0 0 0 61 0 900 132 911 
9606.ENSP00000209884 9606.ENSP00000216484 0 0 0 62 0 0 348 362 
9606.ENSP00000209884 9606.ENSP00000264658 0 0 0 53 0 900 59 903 
9606.ENSP00000209884 9606.ENSP00000435466 0 0 0 0 123 0 227 293 
9606.ENSP00000209884 9606.ENSP00000431926 0 0 0 0 0 0 248 248 
9606.ENSP00000209884 9606.ENSP00000216911 0 0 0 51 0 0 175 184 
9606.ENSP00000209884 9606.ENSP00000423630 0 0 0 61 0 900 0 902 
9606.ENSP00000209884 9606.ENSP00000376457 0 0 0 0 379 0 237 506 
9606.ENSP00000209884 9606.ENSP00000304192 0 0 0 0 0 0 707 707 
9606.ENSP00000209884 9606.ENSP00000267938 0 0 0 78 0 900 0 903 
9606.ENSP00000209884 9606.ENSP00000354855 0 0 0 0 186 0 57 199 
9606.ENSP00000209884 9606.ENSP00000247178 0 0 0 0 0 0 269 269 
9606.ENSP00000209884 9606.ENSP00000347464 0 0 0 0 167 0 0 167 
9606.ENSP00000209884 9606.ENSP00000376827 0 0 0 0 0 0 211 211 
9606.ENSP00000209884 9606.ENSP00000320176 0 0 0 0 294 0 0 294 
9606.ENSP00000209884 9606.ENSP00000352069 0 8 0 56 0 0 180 193 
9606.ENSP00000209884 9606.ENSP00000320869 0 0 0 0 0 900 0 900 
9606.ENSP00000209884 9606.ENSP00000313034 0 0 0 0 0 900 0 900 
9606.ENSP00000209884 9606.ENSP00000444596 0 0 0 62 0 0 146 165 
9606.ENSP00000209884 9606.ENSP00000324560 0 0 0 0 0 0 161 161 
9606.ENSP00000209884 9606.ENSP00000274255 0 0 0 62 0 900 101 908 
9606.ENSP00000209884 9606.ENSP00000287156 0 0 0 61 111 900 0 909 
9606.ENSP00000209884 9606.ENSP00000338413 0 0 0 62 55 900 63 905 
9606.ENSP00000209884 9606.ENSP00000442053 0 0 0 62 0 0 246 262 
9606.ENSP00000209884 9606.ENSP00000390158 0 0 0 0 0 900 0 900 
9606.ENSP00000209884 9606.ENSP00000358283 0 0 0 62 0 900 0 902 
9606.ENSP00000209884 9606.ENSP00000246662 0 0 0 0 0 0 250 250 
9606.ENSP00000209884 9606.ENSP00000478570 0 0 0 0 0 0 466 466 
9606.ENSP00000209884 9606.ENSP00000264414 0 0 0 62 473 900 713 983 
9606.ENSP00000209884 9606.ENSP00000298355 0 0 0 77 0 900 0 903 
9606.ENSP00000209884 9606.ENSP00000354340 0 0 0 63 55 900 85 908 
9606.ENSP00000209884 9606.ENSP00000388107 0 0 0 62 0 900 0 902 
9606.ENSP00000209884 9606.ENSP00000284637 0 0 0 55 0 900 0 901 
9606.ENSP00000209884 9606.ENSP00000314067 0 0 0 50 186 0 0 193 
9606.ENSP00000209884 9606.ENSP00000386788 0 0 0 61 111 900 67 911 
9606.ENSP00000209884 9606.ENSP00000424827 0 0 0 56 0 900 357 934 
9606.ENSP00000209884 9606.ENSP00000292853 0 0 0 0 0 900 0 900 
9606.ENSP00000209884 9606.ENSP00000365351 0 0 0 51 0 0 169 178 
9606.ENSP00000209884 9606.ENSP00000376337 0 0 0 62 0 900 0 902 
9606.ENSP00000209884 9606.ENSP00000311121 0 0 0 0 185 0 58 199 
9606.ENSP00000209884 9606.ENSP00000310448 0 0 0 0 0 0 161 161 
9606.ENSP00000209884 9606.ENSP00000479618 0 0 0 0 66 0 139 161 
9606.ENSP00000209884 9606.ENSP00000299259 0 0 0 62 0 900 43 902 
9606.ENSP00000209884 9606.ENSP00000454264 0 0 0 50 263 0 0 269 
9606.ENSP00000209884 9606.ENSP00000262435 0 3 0 63 0 900 143 912 
9606.ENSP00000209884 9606.ENSP00000382805 0 0 0 0 186 0 48 192 
9606.ENSP00000209884 9606.ENSP00000262903 0 0 0 63 0 900 0 902 
9606.ENSP00000209884 9606.ENSP00000355195 0 0 0 0 0 900 0 900 
9606.ENSP00000209884 9606.ENSP00000252244 0 0 0 63 0 0 170 189 
9606.ENSP00000209884 9606.ENSP00000478783 0 0 0 62 0 900 0 902 
9606.ENSP00000209884 9606.ENSP00000394331 0 0 0 0 0 900 0 900 
9606.ENSP00000209884 9606.ENSP00000357177 0 0 0 0 0 0 453 453 
9606.ENSP00000209884 9606.ENSP00000340596 0 0 0 81 0 900 0 904 
9606.ENSP00000209884 9606.ENSP00000419199 0 0 0 61 0 900 0 902 
9606.ENSP00000209884 9606.ENSP00000439120 0 0 0 0 186 0 57 199 
9606.ENSP00000209884 9606.ENSP00000206020 0 0 0 0 197 0 0 197 
9606.ENSP00000209884 9606.ENSP00000295704 0 0 0 61 0 900 0 902 
9606.ENSP00000209884 9606.ENSP00000358762 0 0 0 49 0 900 0 900 
9606.ENSP00000209884 9606.ENSP00000428338 0 0 0 0 0 900 0 900 
9606.ENSP00000209884 9606.ENSP00000292363 0 0 0 62 0 900 0 902 
9606.ENSP00000209884 9606.ENSP00000307298 0 0 0 61 0 900 0 902 
9606.ENSP00000209884 9606.ENSP00000360821 0 0 0 0 0 900 0 900 
9606.ENSP00000209884 9606.ENSP00000309198 0 0 0 61 0 900 60 904 
9606.ENSP00000209884 9606.ENSP00000355028 0 0 0 62 0 900 0 902 
9606.ENSP00000209884 9606.ENSP00000387362 0 0 0 79 0 900 0 903 
9606.ENSP00000209884 9606.ENSP00000247153 0 0 0 63 163 0 0 182 
9606.ENSP00000209884 9606.ENSP00000359942 0 0 0 0 0 0 182 182 
9606.ENSP00000209884 9606.ENSP00000347836 0 0 0 62 0 900 0 902 
9606.ENSP00000209884 9606.ENSP00000366886 0 0 0 0 0 900 106 906 
9606.ENSP00000209884 9606.ENSP00000333266 0 0 0 0 55 900 111 908 
9606.ENSP00000209884 9606.ENSP00000252655 0 0 0 0 268 0 0 268 
9606.ENSP00000209884 9606.ENSP00000298288 0 0 0 0 0 900 0 900 
9606.ENSP00000209884 9606.ENSP00000274458 0 0 0 61 0 900 0 902 
9606.ENSP00000209884 9606.ENSP00000314608 0 0 0 62 0 900 122 910 
9606.ENSP00000209884 9606.ENSP00000391137 0 0 0 0 0 900 0 900 
9606.ENSP00000209884 9606.ENSP00000385636 0 0 0 0 175 0 61 192 
9606.ENSP00000209884 9606.ENSP00000253023 0 0 0 0 126 900 151 919 
9606.ENSP00000209884 9606.ENSP00000353864 0 0 0 50 186 0 0 193 
9606.ENSP00000209884 9606.ENSP00000271588 0 0 0 63 163 0 131 258 
9606.ENSP00000209884 9606.ENSP00000437955 0 0 0 0 348 0 59 360 
9606.ENSP00000209884 9606.ENSP00000470691 0 0 0 0 57 0 136 150 
9606.ENSP00000209884 9606.ENSP00000363019 0 0 0 0 111 900 146 917 
9606.ENSP00000209884 9606.ENSP00000321388 0 0 0 0 0 900 0 900 
9606.ENSP00000209884 9606.ENSP00000376258 0 0 0 0 0 900 0 900 
9606.ENSP00000209884 9606.ENSP00000344866 0 0 0 61 0 900 129 911 
9606.ENSP00000209884 9606.ENSP00000268058 0 0 0 0 379 0 348 577 
9606.ENSP00000209884 9606.ENSP00000235310 0 0 0 0 268 0 0 268 
9606.ENSP00000209884 9606.ENSP00000341342 0 0 0 0 0 0 181 181 
9606.ENSP00000209884 9606.ENSP00000389813 0 0 0 63 190 0 0 208 
9606.ENSP00000209884 9606.ENSP00000421191 0 0 0 0 175 0 0 175 
9606.ENSP00000209884 9606.ENSP00000381298 0 0 0 61 0 900 0 902 
9606.ENSP00000209884 9606.ENSP00000346964 0 0 0 0 175 0 0 175 
9606.ENSP00000209884 9606.ENSP00000289371 0 0 0 0 0 0 187 187 
9606.ENSP00000209884 9606.ENSP00000321239 0 0 0 80 0 900 0 904 
9606.ENSP00000209884 9606.ENSP00000240328 0 0 0 0 0 0 190 190 
9606.ENSP00000209884 9606.ENSP00000348632 0 0 0 61 0 900 0 902 
9606.ENSP00000209884 9606.ENSP00000353452 0 0 0 0 175 0 0 175 
9606.ENSP00000209884 9606.ENSP00000266087 0 0 0 0 0 900 41 900 
9606.ENSP00000209884 9606.ENSP00000376048 0 0 0 63 163 0 0 182 
9606.ENSP00000209884 9606.ENSP00000338523 0 0 0 0 175 0 0 175 
9606.ENSP00000209884 9606.ENSP00000349156 0 0 0 61 0 900 329 931 
9606.ENSP00000209884 9606.ENSP00000384823 0 0 0 62 0 900 71 905 
9606.ENSP00000209884 9606.ENSP00000358092 0 0 0 0 0 0 321 321 
9606.ENSP00000209884 9606.ENSP00000287295 0 0 0 0 0 0 505 505 
9606.ENSP00000209884 9606.ENSP00000215832 0 0 0 62 0 0 185 203 
9606.ENSP00000209884 9606.ENSP00000438115 0 0 0 0 0 900 0 900 
9606.ENSP00000209884 9606.ENSP00000272233 0 0 0 0 117 0 78 151 
9606.ENSP00000209884 9606.ENSP00000378028 0 0 0 52 0 900 0 901 
9606.ENSP00000209884 9606.ENSP00000334714 0 0 0 0 175 0 0 175 
9606.ENSP00000209884 9606.ENSP00000314004 0 0 0 50 0 900 0 900 
9606.ENSP00000209884 9606.ENSP00000359258 0 0 0 62 0 0 234 250 
9606.ENSP00000209884 9606.ENSP00000479617 0 0 0 0 0 0 165 165 
9606.ENSP00000209884 9606.ENSP00000284669 0 0 0 61 0 900 84 906 
9606.ENSP00000209884 9606.ENSP00000238379 0 0 0 0 190 0 0 190 
9606.ENSP00000209884 9606.ENSP00000262039 0 0 0 63 96 0 215 276 
9606.ENSP00000209884 9606.ENSP00000301712 0 0 0 63 0 900 0 902 
9606.ENSP00000209884 9606.ENSP00000290650 0 0 0 62 0 900 50 903 
9606.ENSP00000209884 9606.ENSP00000456340 0 0 0 61 0 900 349 933 
9606.ENSP00000209884 9606.ENSP00000337510 0 0 0 62 0 900 0 902 
9606.ENSP00000209884 9606.ENSP00000444856 0 0 0 63 260 900 154 933 
9606.ENSP00000209884 9606.ENSP00000365745 0 0 0 0 294 0 0 294 
9606.ENSP00000209884 9606.ENSP00000223321 0 0 0 0 185 0 0 185 
9606.ENSP00000209884 9606.ENSP00000417914 0 0 0 0 0 900 0 900 
9606.ENSP00000209884 9606.ENSP00000292852 0 0 0 0 0 900 0 900 
9606.ENSP00000209884 9606.ENSP00000264552 0 0 0 60 111 900 84 913 
9606.ENSP00000209884 9606.ENSP00000261427 0 0 0 63 111 900 0 909 
9606.ENSP00000209884 9606.ENSP00000451261 0 0 0 61 111 900 0 909 
9606.ENSP00000209884 9606.ENSP00000397927 0 0 0 0 311 0 0 311 
9606.ENSP00000209884 9606.ENSP00000364589 0 0 0 61 260 0 225 414 
9606.ENSP00000209884 9606.ENSP00000311005 0 0 0 54 0 0 186 197 
9606.ENSP00000209884 9606.ENSP00000379931 0 0 0 61 111 900 62 911 
9606.ENSP00000209884 9606.ENSP00000380256 0 0 0 95 0 900 65 907 
9606.ENSP00000209884 9606.ENSP00000231487 0 0 0 0 0 900 152 911 
9606.ENSP00000209884 9606.ENSP00000261721 0 0 0 62 0 900 61 904 
9606.ENSP00000209884 9606.ENSP00000262370 0 0 0 57 0 900 345 932 
9606.ENSP00000209884 9606.ENSP00000359095 0 0 0 0 93 0 107 155 
