9606.ENSP00000359224 9606.ENSP00000420037 0 0 0 63 0 0 549 559 
9606.ENSP00000359224 9606.ENSP00000216410 0 0 0 0 0 0 238 238 
9606.ENSP00000359224 9606.ENSP00000261007 0 0 0 0 0 0 514 514 
9606.ENSP00000359224 9606.ENSP00000296792 0 0 0 0 0 0 370 370 
9606.ENSP00000359224 9606.ENSP00000325296 0 0 0 0 0 0 171 171 
9606.ENSP00000359224 9606.ENSP00000452793 0 0 0 211 0 0 0 211 
9606.ENSP00000359224 9606.ENSP00000393198 0 0 0 0 0 0 210 210 
9606.ENSP00000359224 9606.ENSP00000237530 0 0 0 0 0 0 637 637 
9606.ENSP00000359224 9606.ENSP00000458065 0 0 0 0 0 0 153 153 
9606.ENSP00000359224 9606.ENSP00000253778 0 0 0 63 0 0 223 240 
9606.ENSP00000359224 9606.ENSP00000283109 0 0 0 0 0 0 246 246 
9606.ENSP00000359224 9606.ENSP00000363571 0 0 0 0 53 0 436 443 
9606.ENSP00000359224 9606.ENSP00000354649 0 0 0 0 0 0 171 171 
9606.ENSP00000359224 9606.ENSP00000413405 0 0 0 0 0 0 188 188 
9606.ENSP00000359224 9606.ENSP00000356236 0 0 0 0 0 0 183 183 
9606.ENSP00000359224 9606.ENSP00000451207 0 0 0 0 0 0 161 161 
9606.ENSP00000359224 9606.ENSP00000468411 0 0 0 159 0 0 0 159 
9606.ENSP00000359224 9606.ENSP00000373298 0 0 0 0 0 0 541 541 
9606.ENSP00000359224 9606.ENSP00000355964 0 0 0 61 0 0 250 265 
9606.ENSP00000359224 9606.ENSP00000278829 0 0 0 0 195 0 72 221 
9606.ENSP00000359224 9606.ENSP00000349351 0 0 0 0 0 0 213 213 
9606.ENSP00000359224 9606.ENSP00000279036 0 0 0 0 0 0 345 345 
9606.ENSP00000359224 9606.ENSP00000280700 0 0 0 0 0 0 167 167 
9606.ENSP00000359224 9606.ENSP00000359222 0 0 0 0 0 0 347 347 
9606.ENSP00000359224 9606.ENSP00000362287 0 0 0 63 0 0 226 243 
9606.ENSP00000359224 9606.ENSP00000276585 0 0 0 259 0 0 0 259 
9606.ENSP00000359224 9606.ENSP00000323856 0 0 0 0 0 0 325 325 
9606.ENSP00000359224 9606.ENSP00000017003 0 0 0 53 0 0 417 424 
9606.ENSP00000359224 9606.ENSP00000451411 0 0 0 0 0 0 163 163 
9606.ENSP00000359224 9606.ENSP00000440272 0 0 0 0 0 0 177 177 
9606.ENSP00000359224 9606.ENSP00000400168 0 0 0 63 0 0 133 152 
9606.ENSP00000359224 9606.ENSP00000417764 0 0 0 64 0 0 777 783 
9606.ENSP00000359224 9606.ENSP00000239891 0 0 0 99 173 0 835 867 
9606.ENSP00000359224 9606.ENSP00000297625 0 0 0 0 0 0 185 185 
9606.ENSP00000359224 9606.ENSP00000349860 0 0 0 63 0 0 692 699 
9606.ENSP00000359224 9606.ENSP00000323036 0 0 0 0 0 0 211 211 
9606.ENSP00000359224 9606.ENSP00000250498 0 0 0 109 82 0 391 458 
9606.ENSP00000359224 9606.ENSP00000353104 0 0 0 65 64 0 332 364 
9606.ENSP00000359224 9606.ENSP00000361625 0 0 0 0 132 0 387 445 
9606.ENSP00000359224 9606.ENSP00000261195 0 0 0 64 0 0 167 186 
9606.ENSP00000359224 9606.ENSP00000355308 0 0 0 64 0 0 228 246 
9606.ENSP00000359224 9606.ENSP00000250124 0 0 0 64 0 0 471 483 
9606.ENSP00000359224 9606.ENSP00000265728 0 0 0 0 0 0 382 382 
9606.ENSP00000359224 9606.ENSP00000394051 0 0 0 0 0 0 231 231 
9606.ENSP00000359224 9606.ENSP00000340736 0 0 0 0 0 0 225 225 
9606.ENSP00000359224 9606.ENSP00000262415 0 0 0 0 0 0 171 171 
9606.ENSP00000359224 9606.ENSP00000266544 0 0 0 64 0 0 130 150 
9606.ENSP00000359224 9606.ENSP00000303525 0 0 0 0 0 0 380 380 
9606.ENSP00000359224 9606.ENSP00000292475 0 0 0 64 0 0 375 390 
9606.ENSP00000359224 9606.ENSP00000313350 0 0 0 0 0 0 177 177 
9606.ENSP00000359224 9606.ENSP00000380793 0 0 0 0 0 0 788 788 
9606.ENSP00000359224 9606.ENSP00000368119 0 0 0 0 0 0 152 152 
9606.ENSP00000359224 9606.ENSP00000311684 0 0 0 0 0 0 190 190 
9606.ENSP00000359224 9606.ENSP00000350949 0 0 0 62 0 0 290 305 
9606.ENSP00000359224 9606.ENSP00000290541 0 0 0 225 0 0 0 225 
9606.ENSP00000359224 9606.ENSP00000327179 0 0 0 0 0 0 544 544 
9606.ENSP00000359224 9606.ENSP00000353770 0 0 0 63 0 0 179 197 
9606.ENSP00000359224 9606.ENSP00000368678 0 0 0 0 0 0 396 396 
9606.ENSP00000359224 9606.ENSP00000370736 0 0 0 0 0 0 333 333 
9606.ENSP00000359224 9606.ENSP00000262150 0 0 0 0 0 0 167 167 
9606.ENSP00000359224 9606.ENSP00000317904 0 0 0 64 0 0 167 186 
9606.ENSP00000359224 9606.ENSP00000457935 0 0 0 0 0 0 345 345 
9606.ENSP00000359224 9606.ENSP00000398410 0 486 0 0 0 0 91 513 
9606.ENSP00000359224 9606.ENSP00000251810 0 0 0 63 0 0 179 197 
9606.ENSP00000359224 9606.ENSP00000372160 0 0 0 0 0 0 284 284 
9606.ENSP00000359224 9606.ENSP00000261819 0 0 0 0 0 0 188 188 
9606.ENSP00000359224 9606.ENSP00000313318 0 0 0 64 0 0 277 294 
9606.ENSP00000359224 9606.ENSP00000358812 0 0 0 62 0 0 389 402 
9606.ENSP00000359224 9606.ENSP00000299300 0 0 0 175 0 0 0 175 
9606.ENSP00000359224 9606.ENSP00000392985 0 0 0 0 0 0 499 499 
9606.ENSP00000359224 9606.ENSP00000300030 0 0 0 173 0 0 0 173 
9606.ENSP00000359224 9606.ENSP00000319979 0 0 0 64 173 0 480 562 
9606.ENSP00000359224 9606.ENSP00000240651 0 0 0 0 0 0 399 399 
9606.ENSP00000359224 9606.ENSP00000299626 0 0 0 0 84 0 660 675 
9606.ENSP00000359224 9606.ENSP00000359230 0 0 0 0 210 0 0 210 
9606.ENSP00000359224 9606.ENSP00000293780 0 0 0 0 0 0 574 574 
9606.ENSP00000359224 9606.ENSP00000341942 0 0 0 53 0 0 203 212 
9606.ENSP00000359224 9606.ENSP00000337688 0 0 0 66 0 0 221 241 
9606.ENSP00000359224 9606.ENSP00000359172 0 0 0 91 0 0 327 362 
9606.ENSP00000359224 9606.ENSP00000233616 0 0 0 0 390 0 251 524 
9606.ENSP00000359224 9606.ENSP00000363260 0 0 0 0 0 0 452 452 
9606.ENSP00000359224 9606.ENSP00000265922 0 0 0 0 0 0 158 158 
9606.ENSP00000359224 9606.ENSP00000482437 0 0 0 0 0 0 684 684 
9606.ENSP00000359224 9606.ENSP00000359423 0 0 0 0 0 0 228 228 
9606.ENSP00000359224 9606.ENSP00000298854 0 0 0 0 0 0 581 581 
9606.ENSP00000359224 9606.ENSP00000339637 0 0 0 0 0 0 150 150 
9606.ENSP00000359224 9606.ENSP00000357583 0 0 0 0 0 0 215 215 
9606.ENSP00000359224 9606.ENSP00000370555 0 0 0 0 0 0 225 225 
9606.ENSP00000359224 9606.ENSP00000378260 0 0 0 129 261 800 982 997 
9606.ENSP00000359224 9606.ENSP00000339850 0 0 0 0 0 0 173 173 
9606.ENSP00000359224 9606.ENSP00000261381 0 0 0 53 0 0 438 445 
9606.ENSP00000359224 9606.ENSP00000357069 0 0 0 65 0 0 442 456 
9606.ENSP00000359224 9606.ENSP00000424544 0 0 0 0 0 0 346 346 
9606.ENSP00000359224 9606.ENSP00000308546 0 0 0 171 0 0 0 171 
9606.ENSP00000359224 9606.ENSP00000379847 0 0 0 52 0 0 308 316 
9606.ENSP00000359224 9606.ENSP00000261172 0 0 0 0 0 0 372 372 
9606.ENSP00000359224 9606.ENSP00000293889 0 0 0 0 0 0 334 334 
9606.ENSP00000359224 9606.ENSP00000351346 0 0 0 62 0 0 229 246 
9606.ENSP00000359224 9606.ENSP00000268261 0 0 0 0 0 0 473 473 
9606.ENSP00000359224 9606.ENSP00000425809 0 0 0 0 0 0 295 295 
9606.ENSP00000359224 9606.ENSP00000376472 0 0 0 0 64 0 510 522 
9606.ENSP00000359224 9606.ENSP00000359225 0 147 0 0 0 0 211 298 
9606.ENSP00000359224 9606.ENSP00000388325 0 0 0 0 0 0 403 403 
9606.ENSP00000359224 9606.ENSP00000344432 0 0 0 0 0 0 612 612 
9606.ENSP00000359224 9606.ENSP00000309092 0 0 0 66 0 0 539 551 
9606.ENSP00000359224 9606.ENSP00000360149 0 0 0 0 84 0 804 812 
9606.ENSP00000359224 9606.ENSP00000298875 0 0 0 0 0 0 173 173 
9606.ENSP00000359224 9606.ENSP00000363064 0 0 0 52 0 0 628 632 
9606.ENSP00000359224 9606.ENSP00000326603 0 0 0 0 0 0 167 167 
9606.ENSP00000359224 9606.ENSP00000356432 0 0 0 0 0 0 563 563 
9606.ENSP00000359224 9606.ENSP00000265388 0 0 0 0 0 0 165 165 
9606.ENSP00000359224 9606.ENSP00000029410 0 0 0 0 0 0 635 635 
9606.ENSP00000359224 9606.ENSP00000360644 0 0 0 63 261 0 763 822 
9606.ENSP00000359224 9606.ENSP00000323663 0 0 0 0 0 0 226 226 
9606.ENSP00000359224 9606.ENSP00000264047 0 0 0 0 0 0 186 186 
9606.ENSP00000359224 9606.ENSP00000374145 0 0 0 0 0 0 459 459 
9606.ENSP00000359224 9606.ENSP00000335201 0 0 0 202 0 0 0 202 
9606.ENSP00000359224 9606.ENSP00000299163 0 0 0 0 0 0 171 171 
9606.ENSP00000359224 9606.ENSP00000485452 0 0 0 0 0 0 163 163 
9606.ENSP00000359224 9606.ENSP00000220592 0 0 0 0 0 0 239 239 
9606.ENSP00000359224 9606.ENSP00000351937 0 0 0 63 0 0 133 152 
9606.ENSP00000359224 9606.ENSP00000341562 0 0 0 0 0 0 170 170 
9606.ENSP00000359224 9606.ENSP00000477980 0 0 0 69 81 0 93 156 
9606.ENSP00000359224 9606.ENSP00000361667 0 0 0 179 130 0 222 395 
9606.ENSP00000359224 9606.ENSP00000340466 0 0 0 0 0 0 179 179 
9606.ENSP00000359224 9606.ENSP00000352157 0 0 0 0 0 0 175 175 
9606.ENSP00000359224 9606.ENSP00000353850 0 0 0 0 0 0 161 161 
9606.ENSP00000359224 9606.ENSP00000400908 0 0 0 0 0 0 230 230 
9606.ENSP00000359224 9606.ENSP00000309031 0 0 0 0 0 0 440 440 
9606.ENSP00000359224 9606.ENSP00000262374 0 0 0 64 0 900 791 978 
9606.ENSP00000359224 9606.ENSP00000340271 0 0 0 155 0 0 0 155 
9606.ENSP00000359224 9606.ENSP00000346809 0 0 0 0 0 0 209 209 
9606.ENSP00000359224 9606.ENSP00000338532 0 0 0 0 0 0 242 242 
9606.ENSP00000359224 9606.ENSP00000354481 0 0 0 0 0 0 428 428 
9606.ENSP00000359224 9606.ENSP00000303222 0 0 0 0 0 0 215 215 
9606.ENSP00000359224 9606.ENSP00000349142 0 0 0 178 0 0 0 178 
9606.ENSP00000359224 9606.ENSP00000461749 0 0 0 0 0 0 157 157 
9606.ENSP00000359224 9606.ENSP00000268124 0 0 0 61 0 0 413 425 
9606.ENSP00000359224 9606.ENSP00000374354 0 0 0 61 0 0 229 245 
9606.ENSP00000359224 9606.ENSP00000354961 0 0 0 0 0 0 182 182 
9606.ENSP00000359224 9606.ENSP00000360645 0 0 0 0 0 0 153 153 
9606.ENSP00000359224 9606.ENSP00000430236 0 0 0 87 0 0 861 867 
9606.ENSP00000359224 9606.ENSP00000372023 0 0 0 64 0 0 136 156 
9606.ENSP00000359224 9606.ENSP00000357631 0 0 0 0 0 0 215 215 
9606.ENSP00000359224 9606.ENSP00000181839 0 0 0 0 0 0 173 173 
9606.ENSP00000359224 9606.ENSP00000355506 0 0 0 61 0 0 204 220 
9606.ENSP00000359224 9606.ENSP00000315013 0 0 0 0 0 0 167 167 
9606.ENSP00000359224 9606.ENSP00000247815 0 0 0 70 0 0 259 281 
9606.ENSP00000359224 9606.ENSP00000362344 0 0 0 0 0 0 203 203 
9606.ENSP00000359224 9606.ENSP00000482396 0 0 0 0 0 0 684 684 
9606.ENSP00000359224 9606.ENSP00000337103 0 0 0 0 0 0 392 392 
9606.ENSP00000359224 9606.ENSP00000361883 0 0 0 177 0 0 0 177 
9606.ENSP00000359224 9606.ENSP00000234310 0 0 0 69 81 0 93 156 
9606.ENSP00000359224 9606.ENSP00000482705 0 0 0 64 0 0 432 445 
9606.ENSP00000359224 9606.ENSP00000339182 0 0 0 53 0 0 157 167 
9606.ENSP00000359224 9606.ENSP00000292246 0 0 0 0 0 0 283 283 
9606.ENSP00000359224 9606.ENSP00000479850 0 0 0 64 0 0 432 445 
9606.ENSP00000359224 9606.ENSP00000332646 0 0 0 0 0 0 155 155 
9606.ENSP00000359224 9606.ENSP00000417898 0 0 0 0 0 0 203 203 
9606.ENSP00000359224 9606.ENSP00000296490 0 0 0 0 0 0 433 433 
9606.ENSP00000359224 9606.ENSP00000348349 0 0 0 63 0 0 439 451 
9606.ENSP00000359224 9606.ENSP00000312675 0 0 0 156 0 0 0 156 
9606.ENSP00000359224 9606.ENSP00000485316 0 0 0 235 0 0 0 235 
9606.ENSP00000359224 9606.ENSP00000362306 0 0 0 0 0 0 225 225 
9606.ENSP00000359224 9606.ENSP00000287777 0 0 0 62 0 0 297 312 
9606.ENSP00000359224 9606.ENSP00000477868 0 0 0 0 0 0 250 250 
9606.ENSP00000359224 9606.ENSP00000302562 0 0 0 0 0 0 350 350 
9606.ENSP00000359224 9606.ENSP00000357480 0 0 0 63 83 0 499 532 
9606.ENSP00000359224 9606.ENSP00000318318 0 0 0 0 0 0 218 218 
9606.ENSP00000359224 9606.ENSP00000416002 0 0 0 63 0 0 142 161 
9606.ENSP00000359224 9606.ENSP00000304689 0 0 0 0 0 0 431 431 
9606.ENSP00000359224 9606.ENSP00000304290 0 0 0 0 0 0 556 556 
9606.ENSP00000359224 9606.ENSP00000295770 0 0 0 0 64 0 509 521 
9606.ENSP00000359224 9606.ENSP00000310120 0 0 0 0 0 0 736 736 
9606.ENSP00000359224 9606.ENSP00000359935 0 0 0 80 0 0 244 275 
9606.ENSP00000359224 9606.ENSP00000417656 0 0 0 0 0 0 196 196 
9606.ENSP00000359224 9606.ENSP00000274711 0 0 0 0 0 0 217 217 
9606.ENSP00000359224 9606.ENSP00000363017 0 0 0 80 0 0 126 161 
9606.ENSP00000359224 9606.ENSP00000356130 0 0 0 0 53 0 150 161 
9606.ENSP00000359224 9606.ENSP00000359221 0 0 0 0 0 0 297 297 
9606.ENSP00000359224 9606.ENSP00000335371 0 0 0 0 0 0 284 284 
9606.ENSP00000359224 9606.ENSP00000328174 0 0 0 0 0 0 648 648 
9606.ENSP00000359224 9606.ENSP00000264228 0 0 0 0 0 0 330 330 
9606.ENSP00000359224 9606.ENSP00000392204 0 0 0 153 0 0 0 153 
9606.ENSP00000359224 9606.ENSP00000322181 0 0 0 0 0 0 497 497 
9606.ENSP00000359224 9606.ENSP00000288861 0 0 0 69 74 0 440 475 
9606.ENSP00000359224 9606.ENSP00000479598 0 0 0 0 0 0 189 189 
9606.ENSP00000359224 9606.ENSP00000219240 0 0 0 0 0 0 216 216 
9606.ENSP00000359224 9606.ENSP00000333813 0 0 0 0 0 0 822 822 
9606.ENSP00000359224 9606.ENSP00000386597 0 0 0 94 261 900 947 996 
9606.ENSP00000359224 9606.ENSP00000387365 0 0 0 0 0 0 544 544 
9606.ENSP00000359224 9606.ENSP00000457807 0 0 0 0 0 0 313 313 
9606.ENSP00000359224 9606.ENSP00000225298 0 0 0 0 0 0 573 573 
9606.ENSP00000359224 9606.ENSP00000296255 0 0 0 0 0 0 546 546 
9606.ENSP00000359224 9606.ENSP00000264382 0 0 0 0 0 0 205 205 
9606.ENSP00000359224 9606.ENSP00000357384 0 0 0 0 0 0 542 542 
9606.ENSP00000359224 9606.ENSP00000386543 0 0 0 0 0 0 645 645 
9606.ENSP00000359224 9606.ENSP00000262593 0 0 0 0 0 0 513 513 
9606.ENSP00000359224 9606.ENSP00000481096 0 0 0 76 0 0 352 375 
9606.ENSP00000359224 9606.ENSP00000222399 0 0 0 0 0 0 195 195 
9606.ENSP00000359224 9606.ENSP00000246554 0 0 0 0 0 0 254 254 
9606.ENSP00000359224 9606.ENSP00000438113 0 0 0 230 0 0 0 230 
9606.ENSP00000359224 9606.ENSP00000286808 0 0 0 0 0 0 159 159 
9606.ENSP00000359224 9606.ENSP00000326227 0 0 0 0 0 0 179 179 
9606.ENSP00000359224 9606.ENSP00000369820 0 0 0 65 0 0 312 330 
9606.ENSP00000359224 9606.ENSP00000266483 0 0 0 0 0 0 725 725 
9606.ENSP00000359224 9606.ENSP00000259253 0 0 0 0 0 0 195 195 
9606.ENSP00000359224 9606.ENSP00000379839 0 0 0 0 0 0 186 186 
9606.ENSP00000359224 9606.ENSP00000319104 0 0 0 0 50 0 196 204 
9606.ENSP00000359224 9606.ENSP00000215882 0 0 0 0 0 0 171 171 
9606.ENSP00000359224 9606.ENSP00000264381 0 0 0 0 0 0 203 203 
9606.ENSP00000359224 9606.ENSP00000295206 0 0 0 0 0 0 167 167 
9606.ENSP00000359224 9606.ENSP00000362300 0 0 0 0 0 0 263 263 
9606.ENSP00000359224 9606.ENSP00000228476 0 0 0 0 0 0 150 150 
9606.ENSP00000359224 9606.ENSP00000366221 0 0 0 0 0 0 436 436 
9606.ENSP00000359224 9606.ENSP00000396320 0 0 0 0 0 0 433 433 
9606.ENSP00000359224 9606.ENSP00000258385 0 0 0 0 0 0 550 550 
9606.ENSP00000359224 9606.ENSP00000305892 0 0 0 325 0 0 0 325 
9606.ENSP00000359224 9606.ENSP00000384179 0 0 0 52 0 0 271 279 
9606.ENSP00000359224 9606.ENSP00000225609 0 0 0 0 0 0 152 152 
9606.ENSP00000359224 9606.ENSP00000216452 0 0 0 0 0 0 577 577 
9606.ENSP00000359224 9606.ENSP00000229922 0 0 0 177 0 0 0 177 
