9606.ENSP00000420333 9606.ENSP00000333666 0 0 0 0 0 0 471 471 
9606.ENSP00000420333 9606.ENSP00000184956 0 0 0 83 0 0 301 331 
9606.ENSP00000420333 9606.ENSP00000300403 0 0 0 0 0 0 311 311 
9606.ENSP00000420333 9606.ENSP00000265094 0 0 0 0 0 0 189 189 
9606.ENSP00000420333 9606.ENSP00000256935 0 0 0 0 0 900 0 900 
9606.ENSP00000420333 9606.ENSP00000318480 0 0 0 96 0 0 426 459 
9606.ENSP00000420333 9606.ENSP00000225792 0 0 0 61 142 0 225 321 
9606.ENSP00000420333 9606.ENSP00000378294 0 0 0 0 0 0 202 202 
9606.ENSP00000420333 9606.ENSP00000257430 0 0 0 62 0 0 148 166 
9606.ENSP00000420333 9606.ENSP00000349446 0 0 0 0 0 900 0 900 
9606.ENSP00000420333 9606.ENSP00000374443 0 0 0 84 0 0 113 152 
9606.ENSP00000420333 9606.ENSP00000371152 0 0 0 0 0 900 212 917 
9606.ENSP00000420333 9606.ENSP00000417653 0 0 0 0 0 900 0 900 
9606.ENSP00000420333 9606.ENSP00000216214 0 0 0 0 0 0 354 354 
9606.ENSP00000420333 9606.ENSP00000482835 0 0 0 45 0 0 198 202 
9606.ENSP00000420333 9606.ENSP00000308759 0 0 0 0 0 0 268 268 
9606.ENSP00000420333 9606.ENSP00000316512 0 0 0 45 0 0 234 237 
9606.ENSP00000420333 9606.ENSP00000263097 0 0 0 55 0 900 0 901 
9606.ENSP00000420333 9606.ENSP00000250535 0 0 0 0 0 0 187 187 
9606.ENSP00000420333 9606.ENSP00000310521 0 0 0 75 0 0 475 493 
9606.ENSP00000420333 9606.ENSP00000324173 0 0 0 0 50 0 228 235 
9606.ENSP00000420333 9606.ENSP00000315713 0 0 0 61 0 0 238 254 
9606.ENSP00000420333 9606.ENSP00000236671 0 0 0 59 0 900 0 901 
9606.ENSP00000420333 9606.ENSP00000266069 0 0 0 61 697 0 898 968 
9606.ENSP00000420333 9606.ENSP00000376902 0 0 0 0 0 0 186 186 
9606.ENSP00000420333 9606.ENSP00000233468 0 0 0 0 0 0 281 281 
9606.ENSP00000420333 9606.ENSP00000381821 0 0 0 64 372 0 124 440 
9606.ENSP00000420333 9606.ENSP00000358335 0 0 0 62 0 0 214 231 
9606.ENSP00000420333 9606.ENSP00000367766 0 0 0 0 0 0 154 154 
9606.ENSP00000420333 9606.ENSP00000350954 0 0 0 63 0 0 669 677 
9606.ENSP00000420333 9606.ENSP00000340982 0 0 0 0 0 0 150 150 
9606.ENSP00000420333 9606.ENSP00000363868 0 0 0 0 0 0 249 249 
9606.ENSP00000420333 9606.ENSP00000266037 0 0 0 0 0 0 187 187 
9606.ENSP00000420333 9606.ENSP00000363530 0 0 0 0 0 0 398 398 
9606.ENSP00000420333 9606.ENSP00000349547 0 0 0 0 0 0 237 237 
9606.ENSP00000420333 9606.ENSP00000361704 0 0 0 0 0 0 214 214 
9606.ENSP00000420333 9606.ENSP00000343054 0 0 0 104 0 0 169 224 
9606.ENSP00000420333 9606.ENSP00000003302 0 0 0 307 0 0 0 307 
9606.ENSP00000420333 9606.ENSP00000361824 0 0 0 0 0 900 0 900 
9606.ENSP00000420333 9606.ENSP00000328426 0 0 0 0 0 0 441 441 
9606.ENSP00000420333 9606.ENSP00000343288 0 0 0 0 0 0 165 165 
9606.ENSP00000420333 9606.ENSP00000365811 0 0 0 62 0 0 154 172 
9606.ENSP00000420333 9606.ENSP00000265140 0 0 0 109 0 0 117 179 
9606.ENSP00000420333 9606.ENSP00000409007 0 0 0 0 547 0 0 547 
9606.ENSP00000420333 9606.ENSP00000333664 0 0 0 0 0 900 0 900 
9606.ENSP00000420333 9606.ENSP00000260810 0 0 0 99 0 0 203 251 
9606.ENSP00000420333 9606.ENSP00000356641 0 0 0 63 0 0 217 235 
9606.ENSP00000420333 9606.ENSP00000259711 0 0 0 62 0 0 214 231 
9606.ENSP00000420333 9606.ENSP00000358147 0 0 0 98 0 0 131 182 
9606.ENSP00000420333 9606.ENSP00000309474 0 0 0 68 0 0 241 263 
9606.ENSP00000420333 9606.ENSP00000264161 0 0 0 62 0 0 303 319 
9606.ENSP00000420333 9606.ENSP00000373354 0 0 0 62 0 0 187 204 
9606.ENSP00000420333 9606.ENSP00000371169 0 0 0 45 0 0 164 168 
9606.ENSP00000420333 9606.ENSP00000422131 0 0 0 0 0 0 625 625 
9606.ENSP00000420333 9606.ENSP00000357981 0 0 0 0 0 900 59 901 
9606.ENSP00000420333 9606.ENSP00000362574 0 0 0 0 0 0 319 319 
9606.ENSP00000420333 9606.ENSP00000315614 0 0 0 0 0 0 623 623 
9606.ENSP00000420333 9606.ENSP00000261890 0 0 0 0 0 0 286 286 
9606.ENSP00000420333 9606.ENSP00000346359 0 0 0 0 0 0 265 265 
9606.ENSP00000420333 9606.ENSP00000262291 0 0 0 46 0 0 296 300 
9606.ENSP00000420333 9606.ENSP00000262455 0 0 0 61 0 900 0 902 
9606.ENSP00000420333 9606.ENSP00000313121 0 0 0 111 0 0 395 439 
9606.ENSP00000420333 9606.ENSP00000261889 0 0 0 0 0 0 198 198 
9606.ENSP00000420333 9606.ENSP00000362485 0 0 0 61 0 0 198 214 
9606.ENSP00000420333 9606.ENSP00000304669 0 0 0 0 379 0 0 379 
9606.ENSP00000420333 9606.ENSP00000415332 0 0 0 0 0 0 588 588 
9606.ENSP00000420333 9606.ENSP00000350418 0 0 0 0 0 0 195 195 
9606.ENSP00000420333 9606.ENSP00000011619 0 0 0 108 511 0 778 895 
9606.ENSP00000420333 9606.ENSP00000275493 0 0 0 0 171 0 51 179 
9606.ENSP00000420333 9606.ENSP00000365536 0 0 0 173 0 0 0 173 
9606.ENSP00000420333 9606.ENSP00000264993 0 0 0 0 0 0 260 260 
9606.ENSP00000420333 9606.ENSP00000385852 0 0 0 55 0 0 214 225 
9606.ENSP00000420333 9606.ENSP00000258301 0 0 0 45 163 0 0 166 
9606.ENSP00000420333 9606.ENSP00000360124 0 0 0 0 0 900 0 900 
9606.ENSP00000420333 9606.ENSP00000342082 0 0 0 0 0 900 0 900 
9606.ENSP00000420333 9606.ENSP00000295927 0 0 0 0 0 900 0 900 
9606.ENSP00000420333 9606.ENSP00000479089 0 0 0 0 0 900 0 900 
9606.ENSP00000420333 9606.ENSP00000314733 0 0 0 0 0 900 0 900 
9606.ENSP00000420333 9606.ENSP00000226574 0 0 0 88 0 900 0 904 
9606.ENSP00000420333 9606.ENSP00000393667 0 0 0 0 0 0 308 308 
9606.ENSP00000420333 9606.ENSP00000295888 0 0 0 84 0 0 325 355 
9606.ENSP00000420333 9606.ENSP00000440485 0 0 0 99 0 0 103 157 
9606.ENSP00000420333 9606.ENSP00000361170 0 0 0 0 0 0 150 150 
9606.ENSP00000420333 9606.ENSP00000370104 0 0 0 0 196 0 0 196 
9606.ENSP00000420333 9606.ENSP00000379182 0 0 0 48 106 0 207 266 
9606.ENSP00000420333 9606.ENSP00000409382 0 0 0 0 0 900 0 900 
9606.ENSP00000420333 9606.ENSP00000453508 0 0 0 62 0 0 173 191 
9606.ENSP00000420333 9606.ENSP00000343535 0 0 0 152 0 0 0 152 
9606.ENSP00000420333 9606.ENSP00000480853 0 0 0 0 0 0 150 150 
9606.ENSP00000420333 9606.ENSP00000316598 0 0 0 0 0 0 225 225 
9606.ENSP00000420333 9606.ENSP00000386156 0 0 0 46 0 0 304 308 
9606.ENSP00000420333 9606.ENSP00000327070 0 0 0 0 0 0 410 410 
9606.ENSP00000420333 9606.ENSP00000320043 0 0 0 0 0 0 271 271 
9606.ENSP00000420333 9606.ENSP00000371958 0 0 0 0 0 0 158 158 
9606.ENSP00000420333 9606.ENSP00000447488 0 0 0 0 0 0 159 159 
9606.ENSP00000420333 9606.ENSP00000412363 0 0 0 0 0 0 355 355 
9606.ENSP00000420333 9606.ENSP00000347408 0 0 0 0 0 0 158 158 
9606.ENSP00000420333 9606.ENSP00000354280 0 0 0 0 0 900 0 900 
9606.ENSP00000420333 9606.ENSP00000427772 0 0 0 62 244 0 0 260 
9606.ENSP00000420333 9606.ENSP00000376139 0 0 0 173 0 0 0 173 
9606.ENSP00000420333 9606.ENSP00000445772 0 0 0 0 0 0 403 403 
9606.ENSP00000420333 9606.ENSP00000255409 0 0 0 0 0 900 0 900 
9606.ENSP00000420333 9606.ENSP00000301764 0 0 0 44 0 0 245 248 
9606.ENSP00000420333 9606.ENSP00000381473 0 0 0 0 0 0 169 169 
9606.ENSP00000420333 9606.ENSP00000331201 0 0 0 49 379 0 551 712 
9606.ENSP00000420333 9606.ENSP00000394936 0 0 0 0 0 900 0 900 
9606.ENSP00000420333 9606.ENSP00000433157 0 0 0 0 0 0 266 266 
9606.ENSP00000420333 9606.ENSP00000326340 0 0 0 63 0 0 211 229 
9606.ENSP00000420333 9606.ENSP00000326804 0 0 0 98 0 0 131 182 
9606.ENSP00000420333 9606.ENSP00000348442 0 0 0 46 0 0 449 452 
9606.ENSP00000420333 9606.ENSP00000428787 0 0 0 0 0 0 158 158 
9606.ENSP00000420333 9606.ENSP00000243347 0 0 0 0 0 900 0 900 
9606.ENSP00000420333 9606.ENSP00000287139 0 0 0 0 0 0 225 225 
9606.ENSP00000420333 9606.ENSP00000415078 0 0 0 46 0 0 188 192 
9606.ENSP00000420333 9606.ENSP00000262144 0 0 0 153 0 0 44 156 
9606.ENSP00000420333 9606.ENSP00000424198 0 0 0 0 0 0 190 190 
9606.ENSP00000420333 9606.ENSP00000363001 0 0 0 0 0 0 186 186 
9606.ENSP00000420333 9606.ENSP00000295709 0 0 0 0 0 0 281 281 
9606.ENSP00000420333 9606.ENSP00000386609 0 0 0 84 0 0 113 152 
9606.ENSP00000420333 9606.ENSP00000377508 0 0 0 0 0 900 346 931 
9606.ENSP00000420333 9606.ENSP00000356574 0 0 0 0 0 900 0 900 
9606.ENSP00000420333 9606.ENSP00000306760 0 0 0 61 0 0 572 581 
9606.ENSP00000420333 9606.ENSP00000399982 0 0 0 0 0 0 194 194 
9606.ENSP00000420333 9606.ENSP00000345752 0 0 0 64 0 0 303 320 
9606.ENSP00000420333 9606.ENSP00000262982 0 0 0 63 0 0 184 202 
9606.ENSP00000420333 9606.ENSP00000259396 0 0 0 0 0 900 0 900 
9606.ENSP00000420333 9606.ENSP00000408146 0 0 0 0 187 0 0 187 
9606.ENSP00000420333 9606.ENSP00000226253 0 0 0 0 0 900 0 900 
9606.ENSP00000420333 9606.ENSP00000380008 0 0 0 0 0 0 216 216 
9606.ENSP00000420333 9606.ENSP00000367398 0 0 0 0 0 0 165 165 
9606.ENSP00000420333 9606.ENSP00000381198 0 0 0 81 0 0 370 397 
9606.ENSP00000420333 9606.ENSP00000231751 0 0 0 0 0 900 0 900 
9606.ENSP00000420333 9606.ENSP00000360076 0 0 0 0 0 0 284 284 
9606.ENSP00000420333 9606.ENSP00000356198 0 0 0 0 0 900 0 900 
9606.ENSP00000420333 9606.ENSP00000420875 0 0 0 61 121 0 832 849 
9606.ENSP00000420333 9606.ENSP00000334061 0 0 0 63 0 0 228 245 
9606.ENSP00000420333 9606.ENSP00000387010 0 0 0 0 0 0 227 227 
9606.ENSP00000420333 9606.ENSP00000482128 0 0 0 61 0 0 517 527 
9606.ENSP00000420333 9606.ENSP00000473941 0 0 0 0 0 0 317 317 
9606.ENSP00000420333 9606.ENSP00000262768 0 0 0 0 0 900 0 900 
9606.ENSP00000420333 9606.ENSP00000432648 0 0 0 64 372 0 405 619 
9606.ENSP00000420333 9606.ENSP00000352463 0 0 0 64 0 0 209 228 
9606.ENSP00000420333 9606.ENSP00000257264 0 0 0 0 0 900 0 900 
9606.ENSP00000420333 9606.ENSP00000481038 0 0 0 0 0 900 0 900 
9606.ENSP00000420333 9606.ENSP00000319814 0 0 0 0 0 0 177 177 
9606.ENSP00000420333 9606.ENSP00000365130 0 0 0 73 0 0 139 167 
9606.ENSP00000420333 9606.ENSP00000216225 0 0 0 45 0 0 251 255 
9606.ENSP00000420333 9606.ENSP00000265404 0 0 0 0 0 0 524 524 
9606.ENSP00000420333 9606.ENSP00000447852 0 0 0 0 0 0 167 167 
9606.ENSP00000420333 9606.ENSP00000472969 0 0 0 0 0 0 156 156 
9606.ENSP00000420333 9606.ENSP00000316589 0 0 0 108 499 0 595 803 
9606.ENSP00000420333 9606.ENSP00000312272 0 0 0 64 457 0 528 739 
9606.ENSP00000420333 9606.ENSP00000364782 0 0 0 55 0 900 0 901 
9606.ENSP00000420333 9606.ENSP00000434466 0 0 0 68 0 0 524 538 
9606.ENSP00000420333 9606.ENSP00000307674 0 0 0 0 0 900 0 900 
9606.ENSP00000420333 9606.ENSP00000424328 0 0 0 0 167 0 0 167 
9606.ENSP00000420333 9606.ENSP00000391592 0 0 0 62 0 900 0 902 
9606.ENSP00000420333 9606.ENSP00000377696 0 0 0 0 0 900 0 900 
9606.ENSP00000420333 9606.ENSP00000355011 0 0 0 0 0 900 0 900 
9606.ENSP00000420333 9606.ENSP00000318264 0 0 0 62 0 0 355 369 
9606.ENSP00000420333 9606.ENSP00000455507 0 0 0 62 0 0 265 282 
9606.ENSP00000420333 9606.ENSP00000353422 0 0 0 58 0 0 203 217 
9606.ENSP00000420333 9606.ENSP00000306983 0 0 0 49 0 0 255 261 
9606.ENSP00000420333 9606.ENSP00000296435 0 0 0 0 0 900 0 900 
9606.ENSP00000420333 9606.ENSP00000008938 0 0 0 0 0 900 0 900 
9606.ENSP00000420333 9606.ENSP00000296145 0 0 0 0 303 0 0 303 
9606.ENSP00000420333 9606.ENSP00000328336 0 0 0 0 0 0 193 193 
9606.ENSP00000420333 9606.ENSP00000381857 0 0 0 0 0 0 367 367 
9606.ENSP00000420333 9606.ENSP00000302621 0 0 0 62 0 900 0 902 
9606.ENSP00000420333 9606.ENSP00000406012 0 0 0 0 0 0 189 189 
9606.ENSP00000420333 9606.ENSP00000438492 0 0 0 0 0 0 259 259 
9606.ENSP00000420333 9606.ENSP00000381490 0 0 0 0 0 0 281 281 
9606.ENSP00000420333 9606.ENSP00000361995 0 0 0 0 0 0 452 452 
9606.ENSP00000420333 9606.ENSP00000398401 0 0 0 0 0 0 167 167 
9606.ENSP00000420333 9606.ENSP00000477715 0 0 0 0 0 0 467 467 
9606.ENSP00000420333 9606.ENSP00000478298 0 0 0 51 0 0 305 312 
9606.ENSP00000420333 9606.ENSP00000369981 0 0 0 0 0 0 285 285 
9606.ENSP00000420333 9606.ENSP00000221515 0 0 0 0 0 900 0 900 
9606.ENSP00000420333 9606.ENSP00000429900 0 0 0 64 0 0 150 170 
9606.ENSP00000420333 9606.ENSP00000391524 0 0 0 61 0 0 426 437 
9606.ENSP00000420333 9606.ENSP00000251775 0 0 0 0 0 0 252 252 
9606.ENSP00000420333 9606.ENSP00000296028 0 0 0 0 0 900 0 900 
9606.ENSP00000420333 9606.ENSP00000287143 0 0 0 0 127 900 0 908 
9606.ENSP00000420333 9606.ENSP00000446184 0 0 0 0 0 0 216 216 
9606.ENSP00000420333 9606.ENSP00000433681 0 0 0 0 0 0 200 200 
9606.ENSP00000420333 9606.ENSP00000228740 0 0 0 47 0 900 0 900 
9606.ENSP00000420333 9606.ENSP00000376204 0 0 0 84 0 0 158 196 
9606.ENSP00000420333 9606.ENSP00000297440 0 0 0 0 0 0 266 266 
9606.ENSP00000420333 9606.ENSP00000353210 0 0 0 62 0 0 663 671 
9606.ENSP00000420333 9606.ENSP00000368835 0 0 0 64 423 900 457 966 
9606.ENSP00000420333 9606.ENSP00000452746 0 0 0 0 0 0 284 284 
9606.ENSP00000420333 9606.ENSP00000402935 0 0 0 60 0 0 576 584 
9606.ENSP00000420333 9606.ENSP00000301671 0 0 0 0 0 900 0 900 
9606.ENSP00000420333 9606.ENSP00000355995 0 0 0 51 0 0 235 243 
9606.ENSP00000420333 9606.ENSP00000466090 0 0 0 0 0 900 0 900 
9606.ENSP00000420333 9606.ENSP00000365198 0 0 0 0 0 0 266 266 
9606.ENSP00000420333 9606.ENSP00000217131 0 0 0 0 0 900 59 901 
9606.ENSP00000420333 9606.ENSP00000412698 0 0 0 46 0 0 469 472 
9606.ENSP00000420333 9606.ENSP00000368876 0 0 0 61 0 0 325 339 
9606.ENSP00000420333 9606.ENSP00000354558 0 0 0 110 0 0 131 193 
9606.ENSP00000420333 9606.ENSP00000265866 0 0 0 0 0 0 206 206 
9606.ENSP00000420333 9606.ENSP00000216036 0 0 0 0 0 0 310 310 
9606.ENSP00000420333 9606.ENSP00000370697 0 0 0 0 0 0 205 205 
9606.ENSP00000420333 9606.ENSP00000370527 0 0 0 0 0 0 198 198 
9606.ENSP00000420333 9606.ENSP00000258080 0 0 0 63 142 0 50 169 
9606.ENSP00000420333 9606.ENSP00000334373 0 0 0 64 118 0 72 167 
9606.ENSP00000420333 9606.ENSP00000360020 0 0 0 0 0 0 256 256 
9606.ENSP00000420333 9606.ENSP00000303584 0 0 0 0 0 0 286 286 
9606.ENSP00000420333 9606.ENSP00000338481 0 0 0 0 0 0 213 213 
9606.ENSP00000420333 9606.ENSP00000408025 0 0 0 60 0 0 410 422 
9606.ENSP00000420333 9606.ENSP00000389026 0 0 0 0 0 900 0 900 
9606.ENSP00000420333 9606.ENSP00000380759 0 0 0 0 0 0 161 161 
9606.ENSP00000420333 9606.ENSP00000297157 0 0 0 61 0 0 141 159 
9606.ENSP00000420333 9606.ENSP00000377250 0 0 0 164 118 0 0 231 
9606.ENSP00000420333 9606.ENSP00000481114 0 0 0 0 0 900 0 900 
9606.ENSP00000420333 9606.ENSP00000291568 0 0 0 0 0 900 0 900 
9606.ENSP00000420333 9606.ENSP00000381448 0 0 0 0 0 900 0 900 
9606.ENSP00000420333 9606.ENSP00000320563 0 0 0 84 0 0 325 355 
9606.ENSP00000420333 9606.ENSP00000462099 0 0 0 0 0 0 497 497 
9606.ENSP00000420333 9606.ENSP00000384262 0 0 0 0 0 900 0 900 
9606.ENSP00000420333 9606.ENSP00000476145 0 0 0 0 0 900 0 900 
9606.ENSP00000420333 9606.ENSP00000219022 0 0 0 0 0 900 0 900 
9606.ENSP00000420333 9606.ENSP00000448785 0 0 0 0 0 900 128 909 
9606.ENSP00000420333 9606.ENSP00000261234 0 0 0 0 0 0 261 261 
9606.ENSP00000420333 9606.ENSP00000291565 0 0 0 0 0 900 0 900 
9606.ENSP00000420333 9606.ENSP00000482607 0 0 0 0 0 0 319 319 
9606.ENSP00000420333 9606.ENSP00000390265 0 0 0 0 0 900 0 900 
9606.ENSP00000420333 9606.ENSP00000422392 0 0 0 48 0 0 541 544 
9606.ENSP00000420333 9606.ENSP00000480836 0 0 0 0 0 0 187 187 
9606.ENSP00000420333 9606.ENSP00000347719 0 0 0 81 0 0 339 367 
9606.ENSP00000420333 9606.ENSP00000461749 0 0 0 61 0 0 504 514 
9606.ENSP00000420333 9606.ENSP00000323527 0 0 0 0 121 0 777 796 
9606.ENSP00000420333 9606.ENSP00000359691 0 0 0 0 0 0 410 410 
9606.ENSP00000420333 9606.ENSP00000261439 0 0 0 66 0 0 161 183 
9606.ENSP00000420333 9606.ENSP00000384211 0 0 0 175 0 0 465 539 
9606.ENSP00000420333 9606.ENSP00000285279 0 0 0 0 0 0 170 170 
9606.ENSP00000420333 9606.ENSP00000344829 0 0 0 55 0 900 0 901 
9606.ENSP00000420333 9606.ENSP00000261778 0 0 0 0 0 0 328 328 
9606.ENSP00000420333 9606.ENSP00000358824 0 0 0 0 0 900 0 900 
9606.ENSP00000420333 9606.ENSP00000370222 0 0 0 0 0 0 241 241 
9606.ENSP00000420333 9606.ENSP00000262366 0 0 0 0 0 0 572 572 
9606.ENSP00000420333 9606.ENSP00000342331 0 0 0 85 0 0 139 178 
9606.ENSP00000420333 9606.ENSP00000264990 0 0 0 63 0 0 139 159 
9606.ENSP00000420333 9606.ENSP00000435585 0 0 0 46 0 0 250 253 
9606.ENSP00000420333 9606.ENSP00000229195 0 0 0 81 0 0 422 446 
9606.ENSP00000420333 9606.ENSP00000244051 0 0 0 63 0 0 668 675 
9606.ENSP00000420333 9606.ENSP00000381097 0 0 0 55 0 0 305 316 
9606.ENSP00000420333 9606.ENSP00000353030 0 0 0 63 0 0 206 224 
9606.ENSP00000420333 9606.ENSP00000261267 0 0 0 0 0 900 0 900 
9606.ENSP00000420333 9606.ENSP00000303769 0 0 0 0 0 0 248 248 
9606.ENSP00000420333 9606.ENSP00000388940 0 0 0 0 188 0 99 237 
9606.ENSP00000420333 9606.ENSP00000342832 0 0 0 64 457 0 404 670 
9606.ENSP00000420333 9606.ENSP00000205402 0 0 0 0 0 0 175 175 
9606.ENSP00000420333 9606.ENSP00000379110 0 0 0 0 0 900 0 900 
9606.ENSP00000420333 9606.ENSP00000347416 0 0 0 64 0 0 131 151 
9606.ENSP00000420333 9606.ENSP00000448248 0 0 0 0 547 0 0 547 
9606.ENSP00000420333 9606.ENSP00000370242 0 0 0 62 0 0 139 157 
9606.ENSP00000420333 9606.ENSP00000272322 0 0 0 159 0 0 0 159 
9606.ENSP00000420333 9606.ENSP00000260118 0 0 0 55 0 900 0 901 
9606.ENSP00000420333 9606.ENSP00000382004 0 0 0 64 0 0 240 258 
9606.ENSP00000420333 9606.ENSP00000393183 0 0 0 98 0 0 324 364 
9606.ENSP00000420333 9606.ENSP00000454786 0 0 0 0 0 0 418 418 
9606.ENSP00000420333 9606.ENSP00000425587 0 0 0 156 0 0 0 156 
9606.ENSP00000420333 9606.ENSP00000368215 0 0 0 64 0 0 372 387 
9606.ENSP00000420333 9606.ENSP00000411613 0 0 0 0 0 900 0 900 
9606.ENSP00000420333 9606.ENSP00000268719 0 0 0 0 370 0 870 914 
9606.ENSP00000420333 9606.ENSP00000302830 0 0 0 92 427 0 818 897 
9606.ENSP00000420333 9606.ENSP00000473001 0 0 0 0 0 0 284 284 
9606.ENSP00000420333 9606.ENSP00000464275 0 0 0 59 0 0 167 182 
9606.ENSP00000420333 9606.ENSP00000350681 0 0 0 0 0 0 161 161 
9606.ENSP00000420333 9606.ENSP00000444743 0 0 0 61 0 0 157 174 
9606.ENSP00000420333 9606.ENSP00000377941 0 0 0 0 0 0 377 377 
9606.ENSP00000420333 9606.ENSP00000222792 0 0 0 0 0 0 186 186 
9606.ENSP00000420333 9606.ENSP00000370593 0 0 0 63 0 0 193 212 
9606.ENSP00000420333 9606.ENSP00000379601 0 0 0 62 0 900 0 902 
9606.ENSP00000420333 9606.ENSP00000452780 0 0 0 0 0 900 0 900 
9606.ENSP00000420333 9606.ENSP00000386741 0 0 0 0 0 0 383 383 
9606.ENSP00000420333 9606.ENSP00000333769 0 0 0 0 118 0 127 197 
9606.ENSP00000420333 9606.ENSP00000312081 0 0 0 77 0 0 127 160 
9606.ENSP00000420333 9606.ENSP00000297435 0 0 0 0 0 900 0 900 
9606.ENSP00000420333 9606.ENSP00000355045 0 0 0 62 0 0 248 264 
9606.ENSP00000420333 9606.ENSP00000376272 0 0 0 62 0 0 176 194 
9606.ENSP00000420333 9606.ENSP00000328149 0 0 0 0 0 0 530 530 
9606.ENSP00000420333 9606.ENSP00000261643 0 0 0 0 50 0 185 192 
9606.ENSP00000420333 9606.ENSP00000307241 0 0 0 0 204 0 0 204 
9606.ENSP00000420333 9606.ENSP00000350378 0 0 0 0 0 900 0 900 
9606.ENSP00000420333 9606.ENSP00000356071 0 0 0 64 0 0 356 372 
9606.ENSP00000420333 9606.ENSP00000407552 0 0 0 62 0 0 284 299 
9606.ENSP00000420333 9606.ENSP00000367697 0 0 0 62 0 0 299 314 
9606.ENSP00000420333 9606.ENSP00000335082 0 0 0 118 0 0 255 315 
9606.ENSP00000420333 9606.ENSP00000273550 0 0 0 0 0 900 0 900 
9606.ENSP00000420333 9606.ENSP00000255305 0 0 0 150 0 0 0 150 
9606.ENSP00000420333 9606.ENSP00000301972 0 0 0 0 0 0 211 211 
9606.ENSP00000420333 9606.ENSP00000397900 0 0 0 0 0 0 248 248 
9606.ENSP00000420333 9606.ENSP00000373370 0 0 0 0 0 900 0 900 
9606.ENSP00000420333 9606.ENSP00000268125 0 0 0 0 0 0 182 182 
9606.ENSP00000420333 9606.ENSP00000275162 0 0 0 0 0 0 378 378 
9606.ENSP00000420333 9606.ENSP00000406084 0 0 0 64 0 0 252 270 
9606.ENSP00000420333 9606.ENSP00000364212 0 0 0 0 0 900 0 900 
9606.ENSP00000420333 9606.ENSP00000264414 0 0 0 124 44 0 228 297 
9606.ENSP00000420333 9606.ENSP00000035383 0 0 0 62 0 900 0 902 
9606.ENSP00000420333 9606.ENSP00000380378 0 0 0 64 118 0 69 164 
9606.ENSP00000420333 9606.ENSP00000401264 0 0 0 0 0 0 529 529 
9606.ENSP00000420333 9606.ENSP00000414906 0 0 0 0 118 0 299 355 
9606.ENSP00000420333 9606.ENSP00000309591 0 0 0 64 0 0 269 287 
9606.ENSP00000420333 9606.ENSP00000387007 0 0 0 0 0 0 274 274 
9606.ENSP00000420333 9606.ENSP00000257177 0 0 0 73 0 0 139 167 
9606.ENSP00000420333 9606.ENSP00000340329 0 0 0 62 0 0 153 172 
9606.ENSP00000420333 9606.ENSP00000419952 0 0 0 0 0 0 189 189 
9606.ENSP00000420333 9606.ENSP00000340841 0 0 0 0 0 0 440 440 
9606.ENSP00000420333 9606.ENSP00000307491 0 0 0 151 0 0 0 151 
9606.ENSP00000420333 9606.ENSP00000283351 0 0 0 180 0 0 0 180 
9606.ENSP00000420333 9606.ENSP00000344456 0 0 0 0 379 0 241 508 
9606.ENSP00000420333 9606.ENSP00000285398 0 0 0 147 0 0 47 152 
9606.ENSP00000420333 9606.ENSP00000347730 0 0 0 0 0 0 577 577 
9606.ENSP00000420333 9606.ENSP00000255631 0 0 0 0 118 0 502 542 
9606.ENSP00000420333 9606.ENSP00000408108 0 0 0 63 724 0 861 961 
9606.ENSP00000420333 9606.ENSP00000365619 0 0 0 0 0 0 403 403 
9606.ENSP00000420333 9606.ENSP00000305682 0 0 0 45 201 0 0 204 
9606.ENSP00000420333 9606.ENSP00000274063 0 0 0 0 552 0 0 552 
9606.ENSP00000420333 9606.ENSP00000262865 0 0 0 0 0 900 0 900 
9606.ENSP00000420333 9606.ENSP00000348848 0 0 0 173 0 0 0 173 
9606.ENSP00000420333 9606.ENSP00000340454 0 0 0 0 0 0 278 278 
9606.ENSP00000420333 9606.ENSP00000411012 0 0 0 84 0 0 113 152 
9606.ENSP00000420333 9606.ENSP00000362108 0 0 0 0 0 900 0 900 
9606.ENSP00000420333 9606.ENSP00000236826 0 0 0 0 0 900 0 900 
9606.ENSP00000420333 9606.ENSP00000383044 0 0 0 311 0 0 0 311 
9606.ENSP00000420333 9606.ENSP00000418563 0 0 0 161 0 0 0 161 
9606.ENSP00000420333 9606.ENSP00000378669 0 0 0 46 0 900 90 905 
9606.ENSP00000420333 9606.ENSP00000247153 0 0 0 0 0 900 0 900 
9606.ENSP00000420333 9606.ENSP00000321546 0 0 0 59 0 0 309 322 
9606.ENSP00000420333 9606.ENSP00000321026 0 0 0 0 0 0 430 430 
9606.ENSP00000420333 9606.ENSP00000347836 0 0 0 139 128 0 596 670 
9606.ENSP00000420333 9606.ENSP00000364150 0 0 0 0 0 0 403 403 
9606.ENSP00000420333 9606.ENSP00000433209 0 0 0 0 0 900 0 900 
9606.ENSP00000420333 9606.ENSP00000428402 0 0 0 0 0 0 378 378 
9606.ENSP00000420333 9606.ENSP00000265990 0 0 0 77 0 0 205 235 
9606.ENSP00000420333 9606.ENSP00000290158 0 0 0 48 0 900 0 900 
9606.ENSP00000420333 9606.ENSP00000329880 0 0 0 0 0 0 311 311 
9606.ENSP00000420333 9606.ENSP00000450444 0 0 0 61 0 0 325 340 
9606.ENSP00000420333 9606.ENSP00000301463 0 0 0 80 345 0 367 585 
9606.ENSP00000420333 9606.ENSP00000436604 0 0 0 0 0 0 167 167 
9606.ENSP00000420333 9606.ENSP00000465759 0 0 0 47 0 0 176 181 
9606.ENSP00000420333 9606.ENSP00000211998 0 0 0 57 0 900 62 903 
9606.ENSP00000420333 9606.ENSP00000310008 0 0 0 0 0 0 418 418 
9606.ENSP00000420333 9606.ENSP00000348170 0 0 0 0 0 900 0 900 
9606.ENSP00000420333 9606.ENSP00000283632 0 0 0 61 747 0 863 964 
9606.ENSP00000420333 9606.ENSP00000311401 0 0 0 62 0 0 616 625 
9606.ENSP00000420333 9606.ENSP00000404658 0 0 0 55 0 0 138 150 
9606.ENSP00000420333 9606.ENSP00000387261 0 0 0 0 0 0 284 284 
9606.ENSP00000420333 9606.ENSP00000354573 0 0 0 61 0 0 174 192 
9606.ENSP00000420333 9606.ENSP00000361405 0 0 0 0 0 900 69 902 
9606.ENSP00000420333 9606.ENSP00000289104 0 0 0 0 0 0 207 207 
9606.ENSP00000420333 9606.ENSP00000393776 0 0 0 0 0 0 284 284 
9606.ENSP00000420333 9606.ENSP00000262039 0 0 0 204 0 0 80 236 
9606.ENSP00000420333 9606.ENSP00000260227 0 0 0 0 209 0 158 305 
9606.ENSP00000420333 9606.ENSP00000333994 0 0 0 0 0 900 0 900 
9606.ENSP00000420333 9606.ENSP00000309457 0 0 0 137 0 0 482 534 
9606.ENSP00000420333 9606.ENSP00000364486 0 0 0 0 0 0 338 338 
9606.ENSP00000420333 9606.ENSP00000448012 0 0 0 64 0 900 0 902 
9606.ENSP00000420333 9606.ENSP00000261427 0 0 0 64 0 0 288 305 
9606.ENSP00000420333 9606.ENSP00000262812 0 0 0 85 269 0 324 508 
9606.ENSP00000420333 9606.ENSP00000364589 0 0 0 64 0 0 257 274 
9606.ENSP00000420333 9606.ENSP00000236709 0 0 0 0 0 0 599 599 
9606.ENSP00000420333 9606.ENSP00000396622 0 0 0 0 0 0 255 255 
9606.ENSP00000420333 9606.ENSP00000220166 0 0 0 0 0 900 59 901 
9606.ENSP00000420333 9606.ENSP00000264601 0 0 0 0 0 0 212 212 
