9606.ENSP00000429726 9606.ENSP00000233615 0 0 0 0 0 0 536 536 
9606.ENSP00000429726 9606.ENSP00000420494 0 0 0 69 0 0 289 310 
9606.ENSP00000429726 9606.ENSP00000334008 0 0 0 0 0 0 197 197 
9606.ENSP00000429726 9606.ENSP00000285279 0 0 0 0 0 0 480 480 
9606.ENSP00000429726 9606.ENSP00000229314 0 0 0 0 205 0 0 205 
9606.ENSP00000429726 9606.ENSP00000370568 0 0 0 0 0 0 778 778 
9606.ENSP00000429726 9606.ENSP00000383199 0 0 0 0 0 0 216 216 
9606.ENSP00000429726 9606.ENSP00000403210 0 0 0 0 0 0 474 474 
9606.ENSP00000429726 9606.ENSP00000296444 0 0 0 0 0 0 395 395 
9606.ENSP00000429726 9606.ENSP00000326445 0 0 0 0 0 0 454 454 
9606.ENSP00000429726 9606.ENSP00000177694 0 0 0 0 0 0 202 202 
9606.ENSP00000429726 9606.ENSP00000295756 0 0 0 0 0 0 197 197 
9606.ENSP00000429726 9606.ENSP00000294507 0 0 0 0 0 0 391 391 
9606.ENSP00000429726 9606.ENSP00000313079 0 0 0 0 0 0 161 161 
9606.ENSP00000429726 9606.ENSP00000414721 0 0 0 0 0 0 317 317 
9606.ENSP00000429726 9606.ENSP00000290894 0 0 0 0 0 0 526 526 
9606.ENSP00000429726 9606.ENSP00000424827 0 0 0 0 0 0 182 182 
9606.ENSP00000429726 9606.ENSP00000299340 0 0 0 0 0 0 596 596 
9606.ENSP00000429726 9606.ENSP00000386444 0 0 0 76 0 0 118 150 
9606.ENSP00000429726 9606.ENSP00000454014 0 0 0 0 0 0 358 358 
9606.ENSP00000429726 9606.ENSP00000481203 0 0 0 0 0 0 701 701 
9606.ENSP00000429726 9606.ENSP00000262435 0 0 0 0 0 0 174 174 
9606.ENSP00000429726 9606.ENSP00000480499 0 0 0 0 0 0 237 237 
9606.ENSP00000429726 9606.ENSP00000253031 0 0 0 0 194 0 0 194 
9606.ENSP00000429726 9606.ENSP00000204604 0 0 0 0 0 0 164 164 
9606.ENSP00000429726 9606.ENSP00000300433 0 0 0 0 0 0 458 458 
9606.ENSP00000429726 9606.ENSP00000354621 0 0 0 0 0 0 159 159 
