9606.ENSP00000369213 9606.ENSP00000225275 0 0 0 61 0 0 188 204 
9606.ENSP00000369213 9606.ENSP00000244519 0 0 0 109 0 0 121 184 
9606.ENSP00000369213 9606.ENSP00000299767 0 0 0 0 0 0 180 180 
9606.ENSP00000369213 9606.ENSP00000290200 0 0 0 60 0 0 350 362 
9606.ENSP00000369213 9606.ENSP00000376134 0 0 0 64 0 0 323 339 
9606.ENSP00000369213 9606.ENSP00000364907 0 0 0 61 53 0 350 371 
9606.ENSP00000369213 9606.ENSP00000351185 0 0 0 83 147 0 301 405 
9606.ENSP00000369213 9606.ENSP00000363993 0 0 0 112 0 0 259 313 
9606.ENSP00000369213 9606.ENSP00000385057 0 0 0 61 0 0 425 437 
9606.ENSP00000369213 9606.ENSP00000401445 0 0 0 0 53 0 161 171 
9606.ENSP00000369213 9606.ENSP00000441691 0 0 0 0 0 0 420 420 
9606.ENSP00000369213 9606.ENSP00000225550 0 0 0 0 0 0 187 187 
9606.ENSP00000369213 9606.ENSP00000418915 0 0 0 61 0 0 137 154 
9606.ENSP00000369213 9606.ENSP00000291582 0 0 0 63 157 0 116 241 
9606.ENSP00000369213 9606.ENSP00000327801 0 0 0 61 0 0 147 164 
9606.ENSP00000369213 9606.ENSP00000360266 0 0 0 0 0 0 443 443 
9606.ENSP00000369213 9606.ENSP00000243924 0 0 0 0 0 0 220 220 
9606.ENSP00000369213 9606.ENSP00000382863 0 0 0 113 157 0 68 242 
9606.ENSP00000369213 9606.ENSP00000393379 0 0 0 82 0 0 156 192 
9606.ENSP00000369213 9606.ENSP00000377036 0 0 0 0 0 0 150 150 
9606.ENSP00000369213 9606.ENSP00000426632 0 0 0 62 0 0 154 172 
9606.ENSP00000369213 9606.ENSP00000263182 0 0 0 0 0 0 414 414 
9606.ENSP00000369213 9606.ENSP00000355279 0 0 0 0 0 0 177 177 
9606.ENSP00000369213 9606.ENSP00000382941 0 0 0 0 0 0 234 234 
9606.ENSP00000369213 9606.ENSP00000356694 0 0 0 0 0 0 286 286 
9606.ENSP00000369213 9606.ENSP00000354777 0 0 0 0 0 0 416 416 
9606.ENSP00000369213 9606.ENSP00000373713 0 0 0 108 0 0 98 161 
9606.ENSP00000369213 9606.ENSP00000385905 0 0 0 61 0 0 231 247 
9606.ENSP00000369213 9606.ENSP00000357113 0 0 0 128 0 0 816 833 
9606.ENSP00000369213 9606.ENSP00000470259 0 0 0 0 193 0 57 206 
9606.ENSP00000369213 9606.ENSP00000403104 0 0 0 0 0 0 163 163 
9606.ENSP00000369213 9606.ENSP00000310170 0 0 0 0 0 0 152 152 
9606.ENSP00000369213 9606.ENSP00000386135 0 0 0 61 0 0 419 431 
9606.ENSP00000369213 9606.ENSP00000261464 0 0 0 61 0 0 447 458 
9606.ENSP00000369213 9606.ENSP00000291759 0 0 0 0 0 0 171 171 
9606.ENSP00000369213 9606.ENSP00000485659 0 0 0 50 0 0 162 170 
9606.ENSP00000369213 9606.ENSP00000025008 0 0 0 0 0 0 158 158 
9606.ENSP00000369213 9606.ENSP00000485306 0 0 0 0 0 900 0 900 
9606.ENSP00000369213 9606.ENSP00000311857 0 0 0 100 64 0 211 277 
9606.ENSP00000369213 9606.ENSP00000342156 0 0 0 0 0 0 173 173 
9606.ENSP00000369213 9606.ENSP00000370200 0 0 0 161 0 0 0 161 
9606.ENSP00000369213 9606.ENSP00000437256 0 0 0 64 317 0 273 495 
9606.ENSP00000369213 9606.ENSP00000369217 0 0 0 54 0 900 145 912 
9606.ENSP00000369213 9606.ENSP00000317971 0 0 0 135 0 0 293 362 
9606.ENSP00000369213 9606.ENSP00000281708 0 0 0 62 294 0 86 342 
9606.ENSP00000369213 9606.ENSP00000369456 0 0 0 0 0 0 311 311 
9606.ENSP00000369213 9606.ENSP00000362361 0 0 0 0 0 0 186 186 
9606.ENSP00000369213 9606.ENSP00000245908 0 0 0 0 0 0 558 558 
9606.ENSP00000369213 9606.ENSP00000256935 0 0 0 81 0 0 131 168 
9606.ENSP00000369213 9606.ENSP00000354090 0 0 0 0 178 0 71 204 
9606.ENSP00000369213 9606.ENSP00000294119 0 0 0 0 0 0 286 286 
9606.ENSP00000369213 9606.ENSP00000331487 0 0 0 0 0 0 161 161 
9606.ENSP00000369213 9606.ENSP00000264926 0 0 0 0 132 0 141 222 
9606.ENSP00000369213 9606.ENSP00000284551 0 0 0 63 57 0 252 281 
9606.ENSP00000369213 9606.ENSP00000295256 0 0 0 0 0 0 212 212 
9606.ENSP00000369213 9606.ENSP00000225792 0 0 0 51 0 0 278 285 
9606.ENSP00000369213 9606.ENSP00000380903 0 0 0 0 0 0 385 385 
9606.ENSP00000369213 9606.ENSP00000378974 0 0 0 0 0 0 446 446 
9606.ENSP00000369213 9606.ENSP00000354571 0 0 0 0 0 0 171 171 
9606.ENSP00000369213 9606.ENSP00000350052 0 0 0 0 0 0 199 199 
9606.ENSP00000369213 9606.ENSP00000358458 0 0 0 0 0 0 216 216 
9606.ENSP00000369213 9606.ENSP00000440643 0 0 0 61 0 0 834 837 
9606.ENSP00000369213 9606.ENSP00000469647 0 0 0 0 0 0 155 155 
9606.ENSP00000369213 9606.ENSP00000263370 0 0 0 0 0 0 221 221 
9606.ENSP00000369213 9606.ENSP00000343966 0 0 0 0 0 0 192 192 
9606.ENSP00000369213 9606.ENSP00000331944 0 0 0 86 0 0 201 238 
9606.ENSP00000369213 9606.ENSP00000262395 0 0 0 0 0 0 256 256 
9606.ENSP00000369213 9606.ENSP00000378699 0 0 0 70 0 0 132 158 
9606.ENSP00000369213 9606.ENSP00000388510 0 0 0 0 0 0 150 150 
9606.ENSP00000369213 9606.ENSP00000262776 0 0 0 116 0 0 131 199 
9606.ENSP00000369213 9606.ENSP00000359485 0 0 0 86 0 0 145 185 
9606.ENSP00000369213 9606.ENSP00000258886 0 0 0 0 0 0 155 155 
9606.ENSP00000369213 9606.ENSP00000349446 0 0 0 0 0 0 182 182 
9606.ENSP00000369213 9606.ENSP00000222823 0 0 0 82 0 0 672 686 
9606.ENSP00000369213 9606.ENSP00000314508 0 0 0 0 0 0 171 171 
9606.ENSP00000369213 9606.ENSP00000221930 0 0 0 0 0 0 188 188 
9606.ENSP00000369213 9606.ENSP00000401721 0 0 0 148 0 0 49 155 
9606.ENSP00000369213 9606.ENSP00000444029 0 0 0 61 0 0 146 163 
9606.ENSP00000369213 9606.ENSP00000480132 0 0 0 0 0 0 193 193 
9606.ENSP00000369213 9606.ENSP00000438248 0 0 0 0 0 0 218 218 
9606.ENSP00000369213 9606.ENSP00000264350 0 0 0 716 0 900 467 983 
9606.ENSP00000369213 9606.ENSP00000231454 0 0 0 0 0 0 593 593 
9606.ENSP00000369213 9606.ENSP00000255882 0 0 0 62 133 0 189 282 
9606.ENSP00000369213 9606.ENSP00000422097 0 0 0 0 0 0 165 165 
9606.ENSP00000369213 9606.ENSP00000177694 0 0 0 0 0 0 210 210 
9606.ENSP00000369213 9606.ENSP00000345347 0 0 0 0 0 0 419 419 
9606.ENSP00000369213 9606.ENSP00000243253 0 0 0 0 0 0 353 353 
9606.ENSP00000369213 9606.ENSP00000421142 0 0 0 63 57 0 115 150 
9606.ENSP00000369213 9606.ENSP00000360891 0 0 0 752 0 0 671 915 
9606.ENSP00000369213 9606.ENSP00000321038 0 0 0 0 0 0 370 370 
9606.ENSP00000369213 9606.ENSP00000347978 0 0 0 64 186 0 130 279 
9606.ENSP00000369213 9606.ENSP00000379612 0 0 0 0 0 0 212 212 
9606.ENSP00000369213 9606.ENSP00000264080 0 0 0 0 0 0 227 227 
9606.ENSP00000369213 9606.ENSP00000244137 0 0 0 61 0 0 316 330 
9606.ENSP00000369213 9606.ENSP00000354497 0 0 0 0 0 0 226 226 
9606.ENSP00000369213 9606.ENSP00000380421 0 0 0 83 0 0 189 225 
9606.ENSP00000369213 9606.ENSP00000224140 0 0 0 103 82 0 75 171 
9606.ENSP00000369213 9606.ENSP00000314348 0 0 0 61 0 0 316 330 
9606.ENSP00000369213 9606.ENSP00000391676 0 0 0 60 53 0 178 204 
9606.ENSP00000369213 9606.ENSP00000454623 0 0 0 59 0 0 470 479 
9606.ENSP00000369213 9606.ENSP00000425375 0 0 0 0 0 0 165 165 
9606.ENSP00000369213 9606.ENSP00000234420 0 0 0 62 333 0 323 539 
9606.ENSP00000369213 9606.ENSP00000376534 0 0 0 63 51 0 247 271 
9606.ENSP00000369213 9606.ENSP00000315768 0 0 0 281 0 0 672 754 
9606.ENSP00000369213 9606.ENSP00000380488 0 0 0 0 0 0 173 173 
9606.ENSP00000369213 9606.ENSP00000352925 0 0 0 165 133 0 62 261 
9606.ENSP00000369213 9606.ENSP00000302079 0 0 0 62 0 0 243 260 
9606.ENSP00000369213 9606.ENSP00000351524 0 0 0 84 82 0 75 154 
9606.ENSP00000369213 9606.ENSP00000265849 0 0 0 108 50 0 118 187 
9606.ENSP00000369213 9606.ENSP00000359663 0 0 0 0 0 0 330 330 
9606.ENSP00000369213 9606.ENSP00000358997 0 0 0 0 53 0 558 563 
9606.ENSP00000369213 9606.ENSP00000307786 0 0 0 0 0 0 230 230 
9606.ENSP00000369213 9606.ENSP00000422969 0 0 0 0 0 0 165 165 
9606.ENSP00000369213 9606.ENSP00000270517 0 0 0 0 0 0 276 276 
9606.ENSP00000369213 9606.ENSP00000242576 0 0 0 64 0 0 155 175 
9606.ENSP00000369213 9606.ENSP00000374552 0 0 0 64 0 900 64 904 
9606.ENSP00000369213 9606.ENSP00000216455 0 0 0 0 0 0 176 176 
9606.ENSP00000369213 9606.ENSP00000308944 0 0 0 63 308 0 337 532 
9606.ENSP00000369213 9606.ENSP00000379826 0 0 0 63 57 0 154 187 
9606.ENSP00000369213 9606.ENSP00000417078 0 0 0 83 0 0 734 746 
9606.ENSP00000369213 9606.ENSP00000457466 0 0 0 113 157 0 68 242 
9606.ENSP00000369213 9606.ENSP00000283290 0 0 0 0 0 0 199 199 
9606.ENSP00000369213 9606.ENSP00000382423 0 0 0 63 0 900 128 911 
9606.ENSP00000369213 9606.ENSP00000434024 0 0 0 0 0 0 155 155 
9606.ENSP00000369213 9606.ENSP00000345195 0 0 0 62 128 0 56 160 
9606.ENSP00000369213 9606.ENSP00000327009 0 0 0 144 0 0 58 159 
9606.ENSP00000369213 9606.ENSP00000281834 0 0 0 0 0 0 189 189 
9606.ENSP00000369213 9606.ENSP00000349722 0 0 0 0 333 900 238 944 
9606.ENSP00000369213 9606.ENSP00000226730 0 0 0 0 0 0 424 424 
9606.ENSP00000369213 9606.ENSP00000242351 0 0 0 201 379 0 471 714 
9606.ENSP00000369213 9606.ENSP00000344430 0 0 0 61 0 0 226 242 
9606.ENSP00000369213 9606.ENSP00000305355 0 0 0 0 305 0 86 337 
9606.ENSP00000369213 9606.ENSP00000269499 0 0 0 0 0 0 387 387 
9606.ENSP00000369213 9606.ENSP00000388001 0 0 0 782 0 0 669 924 
9606.ENSP00000369213 9606.ENSP00000438615 0 0 0 59 0 0 197 212 
9606.ENSP00000369213 9606.ENSP00000222115 0 0 0 0 0 0 218 218 
9606.ENSP00000369213 9606.ENSP00000376268 0 0 0 0 0 0 476 476 
9606.ENSP00000369213 9606.ENSP00000358335 0 0 0 0 53 0 261 270 
9606.ENSP00000369213 9606.ENSP00000368017 0 0 0 171 0 0 0 171 
9606.ENSP00000369213 9606.ENSP00000345772 0 0 0 0 0 0 167 167 
9606.ENSP00000369213 9606.ENSP00000357122 0 0 0 77 0 0 228 256 
9606.ENSP00000369213 9606.ENSP00000351284 0 0 0 0 124 0 218 285 
9606.ENSP00000369213 9606.ENSP00000416561 0 0 0 49 0 0 170 177 
9606.ENSP00000369213 9606.ENSP00000375767 0 0 0 58 0 0 213 226 
9606.ENSP00000369213 9606.ENSP00000264972 0 0 0 49 53 0 185 202 
9606.ENSP00000369213 9606.ENSP00000260818 0 0 0 61 0 0 266 281 
9606.ENSP00000369213 9606.ENSP00000330237 0 0 0 58 0 0 251 264 
9606.ENSP00000369213 9606.ENSP00000325618 0 0 0 167 0 0 134 249 
9606.ENSP00000369213 9606.ENSP00000264110 0 0 0 0 0 0 219 219 
9606.ENSP00000369213 9606.ENSP00000263339 0 0 0 62 0 0 211 228 
9606.ENSP00000369213 9606.ENSP00000406581 0 0 0 113 157 0 68 242 
9606.ENSP00000369213 9606.ENSP00000353731 0 0 0 0 0 0 202 202 
9606.ENSP00000369213 9606.ENSP00000276943 0 0 0 0 0 0 221 221 
9606.ENSP00000369213 9606.ENSP00000345494 0 0 0 320 0 0 268 481 
9606.ENSP00000369213 9606.ENSP00000466285 0 0 0 61 0 0 206 222 
9606.ENSP00000369213 9606.ENSP00000256707 0 0 0 50 0 0 346 352 
9606.ENSP00000369213 9606.ENSP00000362680 0 0 0 0 313 0 266 474 
9606.ENSP00000369213 9606.ENSP00000269383 0 0 0 63 57 0 354 379 
9606.ENSP00000369213 9606.ENSP00000333203 0 0 0 0 0 0 169 169 
9606.ENSP00000369213 9606.ENSP00000306245 0 0 0 0 0 0 198 198 
9606.ENSP00000369213 9606.ENSP00000360874 0 0 0 309 0 0 276 478 
9606.ENSP00000369213 9606.ENSP00000362287 0 0 0 55 158 0 107 227 
9606.ENSP00000369213 9606.ENSP00000298556 0 0 0 0 0 0 266 266 
9606.ENSP00000369213 9606.ENSP00000383333 0 0 0 64 0 0 217 236 
9606.ENSP00000369213 9606.ENSP00000275230 0 0 0 62 180 0 43 199 
9606.ENSP00000369213 9606.ENSP00000326759 0 0 0 62 179 0 0 196 
9606.ENSP00000369213 9606.ENSP00000247461 0 0 0 0 0 0 200 200 
9606.ENSP00000369213 9606.ENSP00000317891 0 0 0 72 0 0 225 250 
9606.ENSP00000369213 9606.ENSP00000219596 0 0 0 63 57 0 630 644 
9606.ENSP00000369213 9606.ENSP00000356030 0 0 0 0 0 0 513 513 
9606.ENSP00000369213 9606.ENSP00000427264 0 0 0 0 0 900 0 900 
9606.ENSP00000369213 9606.ENSP00000369604 0 0 0 62 0 0 370 384 
9606.ENSP00000369213 9606.ENSP00000046794 0 0 0 63 0 0 162 181 
9606.ENSP00000369213 9606.ENSP00000355361 0 0 0 0 0 0 165 165 
9606.ENSP00000369213 9606.ENSP00000433623 0 0 0 0 0 900 669 965 
9606.ENSP00000369213 9606.ENSP00000384886 0 0 0 0 0 0 178 178 
9606.ENSP00000369213 9606.ENSP00000466834 0 0 0 63 186 0 222 354 
9606.ENSP00000369213 9606.ENSP00000265132 0 0 0 178 0 0 94 223 
9606.ENSP00000369213 9606.ENSP00000464030 0 0 0 89 394 900 646 977 
9606.ENSP00000369213 9606.ENSP00000236147 0 0 0 0 0 0 190 190 
9606.ENSP00000369213 9606.ENSP00000458075 0 0 0 62 133 0 62 170 
9606.ENSP00000369213 9606.ENSP00000414392 0 0 0 0 0 900 0 900 
9606.ENSP00000369213 9606.ENSP00000358159 0 0 0 0 0 0 525 525 
9606.ENSP00000369213 9606.ENSP00000482657 0 0 0 63 0 0 228 246 
9606.ENSP00000369213 9606.ENSP00000296504 0 0 0 0 0 0 216 216 
9606.ENSP00000369213 9606.ENSP00000267430 0 0 0 61 288 0 165 393 
9606.ENSP00000369213 9606.ENSP00000376445 0 0 0 0 0 0 512 512 
9606.ENSP00000369213 9606.ENSP00000365380 0 0 0 0 85 0 311 342 
9606.ENSP00000369213 9606.ENSP00000309714 0 0 0 80 133 0 62 186 
9606.ENSP00000369213 9606.ENSP00000468032 0 0 0 0 0 0 292 292 
9606.ENSP00000369213 9606.ENSP00000369442 0 0 0 0 0 0 477 477 
9606.ENSP00000369213 9606.ENSP00000348089 0 0 0 81 157 0 125 263 
9606.ENSP00000369213 9606.ENSP00000398632 0 0 0 64 0 0 184 204 
9606.ENSP00000369213 9606.ENSP00000485457 0 0 0 64 100 0 128 201 
9606.ENSP00000369213 9606.ENSP00000245907 0 0 0 55 0 0 206 217 
9606.ENSP00000369213 9606.ENSP00000283415 0 0 0 0 156 0 0 156 
9606.ENSP00000369213 9606.ENSP00000375872 0 0 0 0 0 0 625 625 
9606.ENSP00000369213 9606.ENSP00000255030 0 0 0 0 0 0 162 162 
9606.ENSP00000369213 9606.ENSP00000265140 0 0 0 144 0 0 97 193 
9606.ENSP00000369213 9606.ENSP00000161559 0 0 0 55 0 0 140 153 
9606.ENSP00000369213 9606.ENSP00000365817 0 0 0 65 0 0 136 157 
9606.ENSP00000369213 9606.ENSP00000398698 0 0 0 77 0 0 645 658 
9606.ENSP00000369213 9606.ENSP00000311827 0 0 0 0 0 0 447 447 
9606.ENSP00000369213 9606.ENSP00000162749 0 0 0 62 0 0 440 452 
9606.ENSP00000369213 9606.ENSP00000376765 0 0 0 0 85 0 127 167 
9606.ENSP00000369213 9606.ENSP00000351273 0 0 0 63 0 900 450 943 
9606.ENSP00000369213 9606.ENSP00000419425 0 0 0 0 0 0 290 290 
9606.ENSP00000369213 9606.ENSP00000260810 0 0 0 142 0 0 97 192 
9606.ENSP00000369213 9606.ENSP00000379140 0 0 0 0 0 0 187 187 
9606.ENSP00000369213 9606.ENSP00000417401 0 0 0 167 82 0 131 279 
9606.ENSP00000369213 9606.ENSP00000263464 0 0 0 109 0 0 208 265 
9606.ENSP00000369213 9606.ENSP00000485364 0 0 0 0 0 900 0 900 
9606.ENSP00000369213 9606.ENSP00000360797 0 0 0 0 0 0 472 472 
9606.ENSP00000369213 9606.ENSP00000296026 0 0 0 61 0 0 209 225 
9606.ENSP00000369213 9606.ENSP00000345243 0 0 0 0 265 0 68 285 
9606.ENSP00000369213 9606.ENSP00000263377 0 0 0 98 61 0 90 162 
9606.ENSP00000369213 9606.ENSP00000352257 0 0 0 62 186 0 238 367 
9606.ENSP00000369213 9606.ENSP00000480893 0 0 0 66 0 0 162 183 
9606.ENSP00000369213 9606.ENSP00000381698 0 0 0 54 0 0 251 261 
9606.ENSP00000369213 9606.ENSP00000372059 0 0 0 62 0 0 428 441 
9606.ENSP00000369213 9606.ENSP00000254322 0 0 0 61 0 0 135 153 
9606.ENSP00000369213 9606.ENSP00000428657 0 0 0 64 0 0 350 366 
9606.ENSP00000369213 9606.ENSP00000349076 0 0 0 0 0 0 668 668 
9606.ENSP00000369213 9606.ENSP00000251968 0 0 0 0 0 0 161 161 
9606.ENSP00000369213 9606.ENSP00000358983 0 0 0 61 0 900 322 930 
9606.ENSP00000369213 9606.ENSP00000384164 0 0 0 129 0 0 68 153 
9606.ENSP00000369213 9606.ENSP00000259206 0 0 0 86 0 0 236 272 
9606.ENSP00000369213 9606.ENSP00000357981 0 0 0 102 0 0 106 162 
9606.ENSP00000369213 9606.ENSP00000318977 0 0 0 64 157 0 155 275 
9606.ENSP00000369213 9606.ENSP00000295897 0 0 0 0 0 0 358 358 
9606.ENSP00000369213 9606.ENSP00000392025 0 0 0 0 365 900 719 980 
9606.ENSP00000369213 9606.ENSP00000377218 0 0 0 61 0 0 652 660 
9606.ENSP00000369213 9606.ENSP00000331288 0 0 0 61 313 0 695 786 
9606.ENSP00000369213 9606.ENSP00000406490 0 0 0 108 50 0 118 187 
9606.ENSP00000369213 9606.ENSP00000472546 0 0 0 177 0 0 53 187 
9606.ENSP00000369213 9606.ENSP00000305161 0 0 0 63 57 0 531 549 
9606.ENSP00000369213 9606.ENSP00000301585 0 0 0 0 0 0 170 170 
9606.ENSP00000369213 9606.ENSP00000317955 0 0 0 61 0 0 151 169 
9606.ENSP00000369213 9606.ENSP00000247003 0 0 0 86 0 0 165 204 
9606.ENSP00000369213 9606.ENSP00000240618 0 0 0 60 0 0 294 307 
9606.ENSP00000369213 9606.ENSP00000280871 0 0 0 62 180 0 43 199 
9606.ENSP00000369213 9606.ENSP00000376808 0 0 0 49 0 0 259 265 
9606.ENSP00000369213 9606.ENSP00000477856 0 0 0 0 0 0 217 217 
9606.ENSP00000369213 9606.ENSP00000340305 0 0 0 0 104 0 366 408 
9606.ENSP00000369213 9606.ENSP00000370767 0 0 0 0 0 0 215 215 
9606.ENSP00000369213 9606.ENSP00000415139 0 0 0 0 0 0 297 297 
9606.ENSP00000369213 9606.ENSP00000474412 0 0 0 114 0 0 621 650 
9606.ENSP00000369213 9606.ENSP00000411940 0 0 0 0 0 0 511 511 
9606.ENSP00000369213 9606.ENSP00000313600 0 0 0 62 0 0 134 152 
9606.ENSP00000369213 9606.ENSP00000291416 0 0 0 63 57 0 241 271 
9606.ENSP00000369213 9606.ENSP00000337383 0 0 0 51 0 0 717 720 
9606.ENSP00000369213 9606.ENSP00000481570 0 0 0 71 0 0 326 347 
9606.ENSP00000369213 9606.ENSP00000355658 0 0 0 63 57 0 330 356 
9606.ENSP00000369213 9606.ENSP00000359488 0 0 0 204 0 0 192 330 
9606.ENSP00000369213 9606.ENSP00000227471 0 0 0 87 0 0 493 517 
9606.ENSP00000369213 9606.ENSP00000252229 0 0 0 0 0 0 167 167 
9606.ENSP00000369213 9606.ENSP00000469613 0 0 0 0 0 0 224 224 
9606.ENSP00000369213 9606.ENSP00000219244 0 0 0 0 0 0 185 185 
9606.ENSP00000369213 9606.ENSP00000053243 0 0 0 0 0 0 346 346 
9606.ENSP00000369213 9606.ENSP00000370376 0 0 0 0 0 0 167 167 
9606.ENSP00000369213 9606.ENSP00000380184 0 0 0 0 261 0 0 261 
9606.ENSP00000369213 9606.ENSP00000380073 0 0 0 426 0 0 671 803 
9606.ENSP00000369213 9606.ENSP00000377681 0 0 0 0 0 0 453 453 
9606.ENSP00000369213 9606.ENSP00000312664 0 0 0 58 0 0 213 227 
9606.ENSP00000369213 9606.ENSP00000269305 0 0 0 0 0 0 355 355 
9606.ENSP00000369213 9606.ENSP00000384048 0 0 0 64 0 0 174 193 
9606.ENSP00000369213 9606.ENSP00000264255 0 0 0 0 0 0 161 161 
9606.ENSP00000369213 9606.ENSP00000328203 0 0 0 63 0 0 152 171 
9606.ENSP00000369213 9606.ENSP00000263636 0 0 0 55 0 0 293 303 
9606.ENSP00000369213 9606.ENSP00000338173 0 0 0 61 0 0 159 176 
9606.ENSP00000369213 9606.ENSP00000386380 0 0 0 62 0 0 525 535 
9606.ENSP00000369213 9606.ENSP00000262384 0 0 0 112 0 0 138 202 
9606.ENSP00000369213 9606.ENSP00000354566 0 0 0 0 0 0 264 264 
9606.ENSP00000369213 9606.ENSP00000478699 0 0 0 0 0 0 167 167 
9606.ENSP00000369213 9606.ENSP00000362111 0 0 0 0 336 0 125 394 
9606.ENSP00000369213 9606.ENSP00000400880 0 0 0 0 0 900 0 900 
9606.ENSP00000369213 9606.ENSP00000328181 0 0 0 0 0 0 152 152 
9606.ENSP00000369213 9606.ENSP00000354822 0 0 0 689 0 0 354 790 
9606.ENSP00000369213 9606.ENSP00000379475 0 0 0 0 0 0 190 190 
9606.ENSP00000369213 9606.ENSP00000416534 0 0 0 113 0 0 104 171 
9606.ENSP00000369213 9606.ENSP00000387699 0 0 0 0 0 0 208 208 
9606.ENSP00000369213 9606.ENSP00000357112 0 0 0 100 0 0 733 749 
9606.ENSP00000369213 9606.ENSP00000264033 0 0 0 0 401 0 148 468 
9606.ENSP00000369213 9606.ENSP00000296140 0 0 0 49 0 0 168 174 
9606.ENSP00000369213 9606.ENSP00000390778 0 0 0 79 280 0 115 361 
9606.ENSP00000369213 9606.ENSP00000282412 0 0 0 53 0 0 184 195 
9606.ENSP00000369213 9606.ENSP00000376893 0 0 0 0 0 0 215 215 
9606.ENSP00000369213 9606.ENSP00000286186 0 0 0 63 0 900 224 920 
9606.ENSP00000369213 9606.ENSP00000301838 0 0 0 0 0 900 455 943 
9606.ENSP00000369213 9606.ENSP00000274306 0 0 0 0 0 0 171 171 
9606.ENSP00000369213 9606.ENSP00000300146 0 0 0 61 0 0 156 174 
9606.ENSP00000369213 9606.ENSP00000262415 0 0 0 64 0 0 465 478 
9606.ENSP00000369213 9606.ENSP00000314499 0 0 0 111 58 0 69 152 
9606.ENSP00000369213 9606.ENSP00000312455 0 0 0 62 0 0 253 269 
9606.ENSP00000369213 9606.ENSP00000241261 0 0 0 231 0 0 311 447 
9606.ENSP00000369213 9606.ENSP00000409346 0 0 0 0 0 0 396 396 
9606.ENSP00000369213 9606.ENSP00000368450 0 0 0 55 0 0 286 296 
9606.ENSP00000369213 9606.ENSP00000037243 0 0 0 0 0 0 171 171 
9606.ENSP00000369213 9606.ENSP00000306884 0 0 0 229 0 0 420 533 
9606.ENSP00000369213 9606.ENSP00000309477 0 0 0 0 0 0 152 152 
9606.ENSP00000369213 9606.ENSP00000361483 0 0 0 0 0 0 227 227 
9606.ENSP00000369213 9606.ENSP00000375978 0 0 0 64 50 0 149 177 
9606.ENSP00000369213 9606.ENSP00000306752 0 0 0 62 133 0 62 170 
9606.ENSP00000369213 9606.ENSP00000371333 0 0 0 0 0 0 220 220 
9606.ENSP00000369213 9606.ENSP00000376952 0 0 0 61 50 0 204 227 
9606.ENSP00000369213 9606.ENSP00000422621 0 0 0 0 0 900 0 900 
9606.ENSP00000369213 9606.ENSP00000308583 0 0 0 0 156 0 0 156 
9606.ENSP00000369213 9606.ENSP00000361669 0 0 0 0 0 0 213 213 
9606.ENSP00000369213 9606.ENSP00000426103 0 0 0 61 0 0 197 213 
9606.ENSP00000369213 9606.ENSP00000270139 0 0 0 49 0 0 724 727 
9606.ENSP00000369213 9606.ENSP00000259808 0 0 0 68 53 900 475 947 
9606.ENSP00000369213 9606.ENSP00000295777 0 0 0 0 0 0 320 320 
9606.ENSP00000369213 9606.ENSP00000263863 0 0 0 0 0 0 164 164 
9606.ENSP00000369213 9606.ENSP00000302924 0 0 0 0 0 0 162 162 
9606.ENSP00000369213 9606.ENSP00000403310 0 0 0 62 0 0 167 185 
9606.ENSP00000369213 9606.ENSP00000298125 0 0 0 0 0 0 197 197 
9606.ENSP00000369213 9606.ENSP00000302234 0 0 0 64 0 0 206 225 
9606.ENSP00000369213 9606.ENSP00000386280 0 0 0 100 0 0 108 163 
9606.ENSP00000369213 9606.ENSP00000361021 0 0 0 63 58 0 149 183 
9606.ENSP00000369213 9606.ENSP00000405965 0 0 0 0 0 0 186 186 
9606.ENSP00000369213 9606.ENSP00000294671 0 0 0 108 0 0 119 180 
9606.ENSP00000369213 9606.ENSP00000482604 0 0 0 62 0 0 231 248 
9606.ENSP00000369213 9606.ENSP00000296795 0 0 0 114 0 0 949 953 
9606.ENSP00000369213 9606.ENSP00000275493 0 0 0 0 0 0 212 212 
9606.ENSP00000369213 9606.ENSP00000265351 0 0 0 63 0 0 143 163 
9606.ENSP00000369213 9606.ENSP00000356231 0 0 0 0 0 0 210 210 
9606.ENSP00000369213 9606.ENSP00000285199 0 0 0 87 0 0 164 204 
9606.ENSP00000369213 9606.ENSP00000362441 0 0 0 63 157 0 105 232 
9606.ENSP00000369213 9606.ENSP00000247470 0 0 0 0 379 0 557 713 
9606.ENSP00000369213 9606.ENSP00000480499 0 0 0 86 0 900 320 932 
9606.ENSP00000369213 9606.ENSP00000356033 0 0 0 60 0 0 200 216 
9606.ENSP00000369213 9606.ENSP00000219905 0 0 0 0 0 0 328 328 
9606.ENSP00000369213 9606.ENSP00000322570 0 0 0 112 157 0 91 260 
9606.ENSP00000369213 9606.ENSP00000264159 0 0 0 107 157 0 68 237 
9606.ENSP00000369213 9606.ENSP00000295702 0 0 0 0 0 0 414 414 
9606.ENSP00000369213 9606.ENSP00000322390 0 0 0 0 0 0 418 418 
9606.ENSP00000369213 9606.ENSP00000484479 0 0 0 0 0 0 265 265 
9606.ENSP00000369213 9606.ENSP00000285013 0 0 0 112 0 0 98 165 
9606.ENSP00000369213 9606.ENSP00000271450 0 0 0 0 0 0 252 252 
9606.ENSP00000369213 9606.ENSP00000313007 0 0 0 0 0 0 248 248 
9606.ENSP00000369213 9606.ENSP00000424737 0 0 0 84 82 0 75 154 
9606.ENSP00000369213 9606.ENSP00000302100 0 0 0 62 0 0 228 244 
9606.ENSP00000369213 9606.ENSP00000251303 0 0 0 0 0 0 204 204 
9606.ENSP00000369213 9606.ENSP00000386187 0 0 0 203 0 0 523 604 
9606.ENSP00000369213 9606.ENSP00000324890 0 0 0 0 0 0 297 297 
9606.ENSP00000369213 9606.ENSP00000369497 0 0 0 112 0 0 226 283 
9606.ENSP00000369213 9606.ENSP00000259607 0 0 0 63 0 0 169 188 
9606.ENSP00000369213 9606.ENSP00000378360 0 0 0 0 0 900 297 926 
9606.ENSP00000369213 9606.ENSP00000263341 0 0 0 89 0 0 674 690 
9606.ENSP00000369213 9606.ENSP00000274520 0 0 0 0 0 0 193 193 
9606.ENSP00000369213 9606.ENSP00000477908 0 0 0 57 0 0 386 396 
9606.ENSP00000369213 9606.ENSP00000269980 0 0 0 0 0 0 268 268 
9606.ENSP00000369213 9606.ENSP00000362179 0 0 0 138 0 0 517 566 
9606.ENSP00000369213 9606.ENSP00000349823 0 0 0 107 157 0 68 237 
9606.ENSP00000369213 9606.ENSP00000259008 0 0 0 90 81 0 90 172 
9606.ENSP00000369213 9606.ENSP00000266041 0 0 0 0 0 0 232 232 
9606.ENSP00000369213 9606.ENSP00000315112 0 0 0 64 328 0 355 558 
9606.ENSP00000369213 9606.ENSP00000400887 0 0 0 0 0 0 527 527 
9606.ENSP00000369213 9606.ENSP00000276431 0 0 0 0 0 0 158 158 
9606.ENSP00000369213 9606.ENSP00000302569 0 0 0 61 0 0 491 501 
9606.ENSP00000369213 9606.ENSP00000296577 0 0 0 0 0 0 540 540 
9606.ENSP00000369213 9606.ENSP00000327459 0 0 0 61 0 0 248 264 
9606.ENSP00000369213 9606.ENSP00000325836 0 0 0 0 0 0 156 156 
9606.ENSP00000369213 9606.ENSP00000398568 0 0 0 0 0 0 341 341 
9606.ENSP00000369213 9606.ENSP00000395590 0 0 0 680 0 0 433 811 
9606.ENSP00000369213 9606.ENSP00000308193 0 0 0 0 0 0 268 268 
9606.ENSP00000369213 9606.ENSP00000380150 0 0 0 0 0 0 271 271 
9606.ENSP00000369213 9606.ENSP00000416739 0 0 0 64 261 0 167 373 
9606.ENSP00000369213 9606.ENSP00000312379 0 0 0 86 0 0 458 483 
9606.ENSP00000369213 9606.ENSP00000265560 0 0 0 86 379 0 268 548 
9606.ENSP00000369213 9606.ENSP00000262794 0 0 0 127 82 0 75 193 
9606.ENSP00000369213 9606.ENSP00000310405 0 0 0 0 0 0 159 159 
9606.ENSP00000369213 9606.ENSP00000378856 0 0 0 162 0 0 216 315 
9606.ENSP00000369213 9606.ENSP00000311035 0 0 0 0 0 0 157 157 
9606.ENSP00000369213 9606.ENSP00000280377 0 0 0 86 379 0 595 750 
9606.ENSP00000369213 9606.ENSP00000368699 0 0 0 792 128 900 944 998 
9606.ENSP00000369213 9606.ENSP00000263373 0 0 0 63 0 0 135 154 
9606.ENSP00000369213 9606.ENSP00000265970 0 0 0 80 133 0 62 186 
9606.ENSP00000369213 9606.ENSP00000360162 0 0 0 108 157 0 167 319 
9606.ENSP00000369213 9606.ENSP00000359000 0 0 0 167 0 0 0 167 
9606.ENSP00000369213 9606.ENSP00000288985 0 0 0 81 157 0 95 237 
9606.ENSP00000369213 9606.ENSP00000314733 0 0 0 0 0 0 240 240 
9606.ENSP00000369213 9606.ENSP00000454071 0 0 0 55 0 0 158 170 
9606.ENSP00000369213 9606.ENSP00000226574 0 0 0 89 0 900 312 931 
9606.ENSP00000369213 9606.ENSP00000239223 0 0 0 64 58 0 167 201 
9606.ENSP00000369213 9606.ENSP00000264661 0 0 0 0 0 0 240 240 
9606.ENSP00000369213 9606.ENSP00000303939 0 0 0 0 0 0 355 355 
9606.ENSP00000369213 9606.ENSP00000312678 0 0 0 63 57 0 130 164 
9606.ENSP00000369213 9606.ENSP00000228928 0 0 0 686 0 0 569 859 
9606.ENSP00000369213 9606.ENSP00000329507 0 0 0 0 0 0 167 167 
9606.ENSP00000369213 9606.ENSP00000305133 0 0 0 0 0 0 221 221 
9606.ENSP00000369213 9606.ENSP00000484903 0 0 0 0 124 0 130 205 
9606.ENSP00000369213 9606.ENSP00000216797 0 0 0 82 0 900 316 931 
9606.ENSP00000369213 9606.ENSP00000227451 0 0 0 0 0 0 226 226 
9606.ENSP00000369213 9606.ENSP00000295888 0 0 0 319 0 0 102 362 
9606.ENSP00000369213 9606.ENSP00000329357 0 0 0 0 0 0 188 188 
9606.ENSP00000369213 9606.ENSP00000423550 0 0 0 81 157 0 106 247 
9606.ENSP00000369213 9606.ENSP00000352121 0 0 0 63 133 0 69 178 
9606.ENSP00000369213 9606.ENSP00000378402 0 0 0 116 0 0 83 155 
9606.ENSP00000369213 9606.ENSP00000482571 0 0 0 0 267 0 0 267 
9606.ENSP00000369213 9606.ENSP00000419471 0 0 0 63 186 0 222 354 
9606.ENSP00000369213 9606.ENSP00000319279 0 0 0 0 0 0 343 343 
9606.ENSP00000369213 9606.ENSP00000263576 0 0 0 0 0 0 171 171 
9606.ENSP00000369213 9606.ENSP00000216160 0 0 0 53 0 0 354 362 
9606.ENSP00000369213 9606.ENSP00000244061 0 0 0 62 0 0 394 408 
9606.ENSP00000369213 9606.ENSP00000256447 0 0 0 61 0 0 166 183 
9606.ENSP00000369213 9606.ENSP00000482358 0 0 0 0 0 0 355 355 
9606.ENSP00000369213 9606.ENSP00000264498 0 0 0 0 0 0 443 443 
9606.ENSP00000369213 9606.ENSP00000259254 0 0 0 0 0 0 226 226 
9606.ENSP00000369213 9606.ENSP00000389600 0 0 0 82 0 0 834 841 
9606.ENSP00000369213 9606.ENSP00000312002 0 0 0 0 0 0 181 181 
9606.ENSP00000369213 9606.ENSP00000265062 0 0 0 0 0 0 155 155 
9606.ENSP00000369213 9606.ENSP00000225698 0 0 0 0 0 0 215 215 
9606.ENSP00000369213 9606.ENSP00000296511 0 0 0 0 0 0 230 230 
9606.ENSP00000369213 9606.ENSP00000305702 0 0 0 0 0 0 173 173 
9606.ENSP00000369213 9606.ENSP00000385610 0 0 0 63 379 0 633 768 
9606.ENSP00000369213 9606.ENSP00000369681 0 0 0 0 379 0 579 727 
9606.ENSP00000369213 9606.ENSP00000351155 0 0 0 64 0 0 160 180 
9606.ENSP00000369213 9606.ENSP00000376077 0 0 0 0 0 0 249 249 
9606.ENSP00000369213 9606.ENSP00000373272 0 0 0 63 57 0 285 313 
9606.ENSP00000369213 9606.ENSP00000321691 0 0 0 0 0 0 200 200 
9606.ENSP00000369213 9606.ENSP00000343535 0 0 0 63 0 0 161 180 
9606.ENSP00000369213 9606.ENSP00000380432 0 0 0 0 0 0 284 284 
9606.ENSP00000369213 9606.ENSP00000369581 0 0 0 61 0 0 918 919 
9606.ENSP00000369213 9606.ENSP00000223095 0 0 0 0 0 0 233 233 
9606.ENSP00000369213 9606.ENSP00000369440 0 0 0 63 57 0 347 373 
9606.ENSP00000369213 9606.ENSP00000357750 0 0 0 0 0 0 161 161 
9606.ENSP00000369213 9606.ENSP00000437940 0 0 0 0 0 0 286 286 
9606.ENSP00000369213 9606.ENSP00000367851 0 0 0 62 0 0 225 241 
9606.ENSP00000369213 9606.ENSP00000483732 0 0 0 0 0 0 161 161 
9606.ENSP00000369213 9606.ENSP00000381717 0 0 0 0 333 900 288 948 
9606.ENSP00000369213 9606.ENSP00000353874 0 0 0 61 0 0 837 840 
9606.ENSP00000369213 9606.ENSP00000318982 0 0 0 266 0 0 181 373 
9606.ENSP00000369213 9606.ENSP00000357123 0 0 0 77 0 0 189 219 
9606.ENSP00000369213 9606.ENSP00000354720 0 0 0 62 133 0 87 192 
9606.ENSP00000369213 9606.ENSP00000304697 0 0 0 62 830 900 52 982 
9606.ENSP00000369213 9606.ENSP00000348216 0 0 0 63 57 0 653 667 
9606.ENSP00000369213 9606.ENSP00000396688 0 0 0 55 0 0 153 165 
9606.ENSP00000369213 9606.ENSP00000423099 0 0 0 0 0 0 311 311 
9606.ENSP00000369213 9606.ENSP00000291700 0 0 0 0 0 0 268 268 
9606.ENSP00000369213 9606.ENSP00000358576 0 0 0 63 125 0 86 185 
9606.ENSP00000369213 9606.ENSP00000450607 0 0 0 86 0 0 118 159 
9606.ENSP00000369213 9606.ENSP00000344223 0 0 0 92 0 0 161 205 
9606.ENSP00000369213 9606.ENSP00000311219 0 0 0 63 57 0 154 187 
9606.ENSP00000369213 9606.ENSP00000292174 0 0 0 0 0 0 163 163 
9606.ENSP00000369213 9606.ENSP00000263087 0 0 0 0 0 0 330 330 
9606.ENSP00000369213 9606.ENSP00000363668 0 0 0 77 0 0 160 191 
9606.ENSP00000369213 9606.ENSP00000292301 0 0 0 62 0 0 269 285 
9606.ENSP00000369213 9606.ENSP00000361359 0 0 0 64 0 0 458 470 
9606.ENSP00000369213 9606.ENSP00000266458 0 0 0 0 0 0 186 186 
9606.ENSP00000369213 9606.ENSP00000326247 0 0 0 746 0 0 267 806 
9606.ENSP00000369213 9606.ENSP00000282397 0 0 0 0 0 0 230 230 
9606.ENSP00000369213 9606.ENSP00000413079 0 0 0 0 0 0 167 167 
9606.ENSP00000369213 9606.ENSP00000369293 0 0 0 0 0 0 184 184 
9606.ENSP00000369213 9606.ENSP00000317636 0 0 0 64 261 0 129 344 
9606.ENSP00000369213 9606.ENSP00000257604 0 0 0 125 0 0 468 514 
9606.ENSP00000369213 9606.ENSP00000301764 0 0 0 64 0 0 237 255 
9606.ENSP00000369213 9606.ENSP00000337623 0 0 0 0 0 0 276 276 
9606.ENSP00000369213 9606.ENSP00000381768 0 0 0 0 0 0 167 167 
9606.ENSP00000369213 9606.ENSP00000275767 0 0 0 166 0 0 0 166 
9606.ENSP00000369213 9606.ENSP00000370003 0 0 0 0 0 0 239 239 
9606.ENSP00000369213 9606.ENSP00000384359 0 0 0 0 0 0 213 213 
9606.ENSP00000369213 9606.ENSP00000376505 0 0 0 0 0 900 650 963 
9606.ENSP00000369213 9606.ENSP00000220420 0 0 0 0 0 0 162 162 
9606.ENSP00000369213 9606.ENSP00000370842 0 0 0 0 0 0 347 347 
9606.ENSP00000369213 9606.ENSP00000389326 0 0 0 0 0 0 173 173 
9606.ENSP00000369213 9606.ENSP00000406549 0 0 0 159 0 0 79 192 
9606.ENSP00000369213 9606.ENSP00000216802 0 0 0 98 0 0 153 203 
9606.ENSP00000369213 9606.ENSP00000361363 0 0 0 175 0 0 0 175 
9606.ENSP00000369213 9606.ENSP00000302564 0 0 0 0 0 0 242 242 
9606.ENSP00000369213 9606.ENSP00000469142 0 0 0 0 0 0 319 319 
9606.ENSP00000369213 9606.ENSP00000442336 0 0 0 80 86 0 330 387 
9606.ENSP00000369213 9606.ENSP00000321077 0 0 0 0 178 0 57 191 
9606.ENSP00000369213 9606.ENSP00000344352 0 0 0 0 0 0 217 217 
9606.ENSP00000369213 9606.ENSP00000373905 0 0 0 63 0 0 138 157 
9606.ENSP00000369213 9606.ENSP00000326804 0 0 0 62 0 0 172 190 
9606.ENSP00000369213 9606.ENSP00000255078 0 0 0 83 82 0 135 208 
9606.ENSP00000369213 9606.ENSP00000323328 0 0 0 0 178 0 79 211 
9606.ENSP00000369213 9606.ENSP00000296545 0 0 0 63 0 0 399 412 
9606.ENSP00000369213 9606.ENSP00000273598 0 0 0 0 0 0 329 329 
9606.ENSP00000369213 9606.ENSP00000229135 0 0 0 49 0 0 871 873 
9606.ENSP00000369213 9606.ENSP00000327763 0 0 0 0 0 0 309 309 
9606.ENSP00000369213 9606.ENSP00000428572 0 0 0 102 0 0 248 296 
9606.ENSP00000369213 9606.ENSP00000339477 0 0 0 0 0 0 161 161 
9606.ENSP00000369213 9606.ENSP00000417517 0 0 0 61 0 0 698 704 
9606.ENSP00000369213 9606.ENSP00000377344 0 0 0 768 0 0 607 905 
9606.ENSP00000369213 9606.ENSP00000305480 0 0 0 64 157 0 155 275 
9606.ENSP00000369213 9606.ENSP00000322775 0 0 0 0 0 0 166 166 
9606.ENSP00000369213 9606.ENSP00000326119 0 0 0 62 0 0 351 365 
9606.ENSP00000369213 9606.ENSP00000349596 0 0 0 127 57 0 650 687 
9606.ENSP00000369213 9606.ENSP00000307235 0 0 0 88 0 0 118 161 
9606.ENSP00000369213 9606.ENSP00000368349 0 0 0 129 157 0 109 288 
9606.ENSP00000369213 9606.ENSP00000302961 0 0 0 0 0 0 210 210 
9606.ENSP00000369213 9606.ENSP00000458537 0 0 0 0 0 0 165 165 
9606.ENSP00000369213 9606.ENSP00000277541 0 0 0 0 0 0 210 210 
9606.ENSP00000369213 9606.ENSP00000265081 0 0 0 63 185 0 204 339 
9606.ENSP00000369213 9606.ENSP00000377747 0 0 0 113 157 0 68 242 
9606.ENSP00000369213 9606.ENSP00000365884 0 0 0 63 57 0 237 267 
9606.ENSP00000369213 9606.ENSP00000364270 0 0 0 59 262 0 158 364 
9606.ENSP00000369213 9606.ENSP00000478980 0 0 0 0 0 900 0 900 
9606.ENSP00000369213 9606.ENSP00000225842 0 0 0 62 0 0 146 164 
9606.ENSP00000369213 9606.ENSP00000268712 0 0 0 148 0 0 87 189 
9606.ENSP00000369213 9606.ENSP00000215631 0 0 0 0 0 0 284 284 
9606.ENSP00000369213 9606.ENSP00000386772 0 0 0 0 0 0 151 151 
9606.ENSP00000369213 9606.ENSP00000289902 0 0 0 49 0 0 170 177 
9606.ENSP00000369213 9606.ENSP00000262367 0 0 0 63 51 0 217 243 
9606.ENSP00000369213 9606.ENSP00000256722 0 0 0 338 0 0 314 527 
9606.ENSP00000369213 9606.ENSP00000371472 0 0 0 0 0 0 169 169 
9606.ENSP00000369213 9606.ENSP00000405330 0 0 0 0 0 0 185 185 
9606.ENSP00000369213 9606.ENSP00000423211 0 0 0 0 0 0 165 165 
9606.ENSP00000369213 9606.ENSP00000358327 0 0 0 86 0 0 174 214 
9606.ENSP00000369213 9606.ENSP00000252593 0 0 0 197 0 0 556 628 
9606.ENSP00000369213 9606.ENSP00000356475 0 0 0 90 157 0 127 271 
9606.ENSP00000369213 9606.ENSP00000355759 0 0 0 63 0 0 163 183 
9606.ENSP00000369213 9606.ENSP00000216037 0 0 0 0 0 0 240 240 
9606.ENSP00000369213 9606.ENSP00000245414 0 0 0 109 0 0 799 815 
9606.ENSP00000369213 9606.ENSP00000278590 0 0 0 112 0 0 261 315 
9606.ENSP00000369213 9606.ENSP00000335153 0 0 0 0 0 0 557 557 
9606.ENSP00000369213 9606.ENSP00000313875 0 0 0 55 0 0 294 304 
9606.ENSP00000369213 9606.ENSP00000361232 0 0 0 80 0 0 359 385 
9606.ENSP00000369213 9606.ENSP00000375809 0 0 0 64 81 0 131 187 
9606.ENSP00000369213 9606.ENSP00000418379 0 0 0 159 0 0 89 201 
9606.ENSP00000369213 9606.ENSP00000368538 0 0 0 0 0 0 173 173 
9606.ENSP00000369213 9606.ENSP00000478754 0 0 0 0 0 0 238 238 
9606.ENSP00000369213 9606.ENSP00000300692 0 0 0 0 0 0 153 153 
9606.ENSP00000369213 9606.ENSP00000296754 0 0 0 61 0 0 166 183 
9606.ENSP00000369213 9606.ENSP00000289153 0 0 0 63 133 0 225 315 
9606.ENSP00000369213 9606.ENSP00000369373 0 0 0 137 57 0 479 539 
9606.ENSP00000369213 9606.ENSP00000375616 0 0 0 0 0 0 163 163 
9606.ENSP00000369213 9606.ENSP00000357470 0 0 0 0 0 0 196 196 
9606.ENSP00000369213 9606.ENSP00000341564 0 0 0 0 0 0 503 503 
9606.ENSP00000369213 9606.ENSP00000283131 0 0 0 108 157 0 68 237 
9606.ENSP00000369213 9606.ENSP00000381785 0 0 0 61 0 0 152 169 
9606.ENSP00000369213 9606.ENSP00000339804 0 0 0 0 0 0 290 290 
9606.ENSP00000369213 9606.ENSP00000371735 0 0 0 0 0 0 249 249 
9606.ENSP00000369213 9606.ENSP00000410811 0 0 0 66 0 0 162 183 
9606.ENSP00000369213 9606.ENSP00000369927 0 0 0 0 0 0 212 212 
9606.ENSP00000369213 9606.ENSP00000354621 0 0 0 86 0 0 151 190 
9606.ENSP00000369213 9606.ENSP00000414922 0 0 0 438 0 900 89 944 
9606.ENSP00000369213 9606.ENSP00000351497 0 0 0 0 0 0 245 245 
9606.ENSP00000369213 9606.ENSP00000394227 0 0 0 61 0 0 175 192 
9606.ENSP00000369213 9606.ENSP00000265171 0 0 0 55 0 0 178 190 
9606.ENSP00000369213 9606.ENSP00000269127 0 0 0 113 157 0 68 242 
9606.ENSP00000369213 9606.ENSP00000435370 0 0 0 62 128 0 64 168 
9606.ENSP00000369213 9606.ENSP00000422887 0 0 0 0 0 0 165 165 
9606.ENSP00000369213 9606.ENSP00000231449 0 0 0 0 0 0 445 445 
9606.ENSP00000369213 9606.ENSP00000349205 0 0 0 62 0 0 160 178 
9606.ENSP00000369213 9606.ENSP00000336606 0 0 0 79 157 0 226 346 
9606.ENSP00000369213 9606.ENSP00000482364 0 0 0 0 0 0 215 215 
9606.ENSP00000369213 9606.ENSP00000316905 0 0 0 0 0 0 195 195 
9606.ENSP00000369213 9606.ENSP00000347979 0 0 0 89 0 0 221 260 
9606.ENSP00000369213 9606.ENSP00000369566 0 0 0 0 0 0 165 165 
9606.ENSP00000369213 9606.ENSP00000447173 0 0 0 0 0 0 161 161 
9606.ENSP00000369213 9606.ENSP00000349967 0 0 0 87 0 0 152 193 
9606.ENSP00000369213 9606.ENSP00000353512 0 0 0 871 0 0 331 910 
9606.ENSP00000369213 9606.ENSP00000480609 0 0 0 60 0 0 294 307 
9606.ENSP00000369213 9606.ENSP00000380958 0 0 0 0 379 0 53 387 
9606.ENSP00000369213 9606.ENSP00000330696 0 0 0 63 0 0 188 207 
9606.ENSP00000369213 9606.ENSP00000318585 0 0 0 62 0 0 197 214 
9606.ENSP00000369213 9606.ENSP00000320866 0 0 0 0 0 0 221 221 
9606.ENSP00000369213 9606.ENSP00000318944 0 0 0 62 0 0 255 271 
9606.ENSP00000369213 9606.ENSP00000287647 0 0 0 186 0 0 310 414 
9606.ENSP00000369213 9606.ENSP00000263967 0 0 0 63 133 0 229 318 
9606.ENSP00000369213 9606.ENSP00000359829 0 0 0 86 0 0 145 186 
9606.ENSP00000369213 9606.ENSP00000306512 0 0 0 84 0 0 589 608 
9606.ENSP00000369213 9606.ENSP00000311032 0 0 0 58 0 0 350 361 
9606.ENSP00000369213 9606.ENSP00000262878 0 0 0 112 0 0 513 549 
9606.ENSP00000369213 9606.ENSP00000327994 0 0 0 63 57 0 145 179 
9606.ENSP00000369213 9606.ENSP00000327513 0 0 0 59 0 0 297 310 
9606.ENSP00000369213 9606.ENSP00000263851 0 0 0 66 0 0 232 252 
9606.ENSP00000369213 9606.ENSP00000287437 0 0 0 59 194 0 226 361 
9606.ENSP00000369213 9606.ENSP00000345344 0 0 0 61 0 0 172 189 
9606.ENSP00000369213 9606.ENSP00000357283 0 0 0 0 0 0 168 168 
9606.ENSP00000369213 9606.ENSP00000289473 0 0 0 0 0 0 176 176 
9606.ENSP00000369213 9606.ENSP00000297689 0 0 0 0 0 0 175 175 
9606.ENSP00000369213 9606.ENSP00000334061 0 0 0 61 379 0 162 468 
9606.ENSP00000369213 9606.ENSP00000359612 0 0 0 0 0 0 455 455 
9606.ENSP00000369213 9606.ENSP00000346659 140 0 0 0 0 0 442 499 
9606.ENSP00000369213 9606.ENSP00000387010 0 0 0 0 0 0 380 380 
9606.ENSP00000369213 9606.ENSP00000400906 0 0 0 0 70 0 239 262 
9606.ENSP00000369213 9606.ENSP00000412237 0 0 0 62 0 0 549 558 
9606.ENSP00000369213 9606.ENSP00000265598 0 0 0 141 0 0 99 193 
9606.ENSP00000369213 9606.ENSP00000317903 0 0 0 0 0 0 390 390 
9606.ENSP00000369213 9606.ENSP00000366404 0 0 0 63 57 0 360 385 
9606.ENSP00000369213 9606.ENSP00000292476 0 0 0 81 0 0 501 522 
9606.ENSP00000369213 9606.ENSP00000431885 0 0 0 50 53 0 530 540 
9606.ENSP00000369213 9606.ENSP00000313967 0 0 0 62 0 0 195 212 
9606.ENSP00000369213 9606.ENSP00000359783 0 0 0 773 0 0 462 873 
9606.ENSP00000369213 9606.ENSP00000340944 0 0 0 63 401 0 177 498 
9606.ENSP00000369213 9606.ENSP00000346120 0 0 0 51 0 0 405 411 
9606.ENSP00000369213 9606.ENSP00000349960 0 0 0 0 0 0 267 267 
9606.ENSP00000369213 9606.ENSP00000272317 0 0 0 62 128 900 66 913 
9606.ENSP00000369213 9606.ENSP00000367787 53 0 0 64 83 0 85 156 
9606.ENSP00000369213 9606.ENSP00000367570 0 0 0 187 0 0 101 238 
9606.ENSP00000369213 9606.ENSP00000384876 0 0 0 63 57 0 175 207 
9606.ENSP00000369213 9606.ENSP00000292303 0 0 0 62 0 0 348 362 
9606.ENSP00000369213 9606.ENSP00000379412 0 0 0 154 82 0 181 309 
9606.ENSP00000369213 9606.ENSP00000336790 0 0 0 0 0 0 168 168 
9606.ENSP00000369213 9606.ENSP00000392371 0 0 0 0 0 0 273 273 
9606.ENSP00000369213 9606.ENSP00000354522 0 0 0 63 0 0 142 161 
9606.ENSP00000369213 9606.ENSP00000316032 0 0 0 61 0 0 162 179 
9606.ENSP00000369213 9606.ENSP00000478516 0 0 0 0 0 0 544 544 
9606.ENSP00000369213 9606.ENSP00000362469 0 0 0 62 180 0 43 199 
9606.ENSP00000369213 9606.ENSP00000347379 0 0 0 0 0 0 223 223 
9606.ENSP00000369213 9606.ENSP00000368022 0 0 0 0 0 0 317 317 
9606.ENSP00000369213 9606.ENSP00000262577 0 0 0 167 0 0 0 167 
9606.ENSP00000369213 9606.ENSP00000170564 0 0 0 188 0 0 0 188 
9606.ENSP00000369213 9606.ENSP00000401371 0 0 0 64 375 0 227 508 
9606.ENSP00000369213 9606.ENSP00000342105 0 0 0 62 0 0 144 162 
9606.ENSP00000369213 9606.ENSP00000341412 0 0 0 0 0 0 343 343 
9606.ENSP00000369213 9606.ENSP00000362728 0 0 0 61 0 0 132 150 
9606.ENSP00000369213 9606.ENSP00000359497 0 0 0 178 0 0 285 387 
9606.ENSP00000369213 9606.ENSP00000368856 0 0 0 61 0 0 151 168 
9606.ENSP00000369213 9606.ENSP00000396704 0 0 0 62 0 0 137 156 
9606.ENSP00000369213 9606.ENSP00000485529 0 0 0 0 0 0 181 181 
9606.ENSP00000369213 9606.ENSP00000245919 0 0 0 0 0 0 175 175 
9606.ENSP00000369213 9606.ENSP00000342755 0 0 0 0 0 0 218 218 
9606.ENSP00000369213 9606.ENSP00000483673 0 0 0 0 0 0 196 196 
9606.ENSP00000369213 9606.ENSP00000216225 0 0 0 0 0 0 169 169 
9606.ENSP00000369213 9606.ENSP00000217420 0 0 0 0 0 0 445 445 
9606.ENSP00000369213 9606.ENSP00000413152 0 0 0 0 50 0 255 261 
9606.ENSP00000369213 9606.ENSP00000352216 0 0 0 62 180 0 43 199 
9606.ENSP00000369213 9606.ENSP00000367832 0 0 0 53 0 0 267 276 
9606.ENSP00000369213 9606.ENSP00000372088 0 0 0 63 186 0 404 506 
9606.ENSP00000369213 9606.ENSP00000245552 0 0 0 0 0 0 205 205 
9606.ENSP00000369213 9606.ENSP00000423115 0 0 0 0 0 900 0 900 
9606.ENSP00000369213 9606.ENSP00000409964 0 0 0 0 0 0 535 535 
9606.ENSP00000369213 9606.ENSP00000366396 0 0 0 100 0 0 163 214 
9606.ENSP00000369213 9606.ENSP00000375063 0 0 0 0 0 0 202 202 
9606.ENSP00000369213 9606.ENSP00000356953 0 0 0 0 0 0 302 302 
9606.ENSP00000369213 9606.ENSP00000333657 0 0 0 617 0 900 611 983 
9606.ENSP00000369213 9606.ENSP00000229332 0 0 0 0 0 0 211 211 
9606.ENSP00000369213 9606.ENSP00000259030 0 0 0 628 0 0 312 733 
9606.ENSP00000369213 9606.ENSP00000381034 0 0 0 0 0 0 161 161 
9606.ENSP00000369213 9606.ENSP00000273980 0 0 0 64 0 0 130 151 
9606.ENSP00000369213 9606.ENSP00000359339 0 0 0 64 0 0 760 765 
9606.ENSP00000369213 9606.ENSP00000264246 0 0 0 61 0 0 428 439 
9606.ENSP00000369213 9606.ENSP00000425979 0 0 0 63 186 0 277 401 
9606.ENSP00000369213 9606.ENSP00000336701 0 0 0 63 157 0 228 336 
9606.ENSP00000369213 9606.ENSP00000361818 0 0 0 0 0 0 434 434 
9606.ENSP00000369213 9606.ENSP00000264122 0 0 0 0 175 0 61 192 
9606.ENSP00000369213 9606.ENSP00000484288 53 0 0 77 83 0 85 168 
9606.ENSP00000369213 9606.ENSP00000366828 0 0 0 0 0 0 188 188 
9606.ENSP00000369213 9606.ENSP00000261693 0 0 0 0 0 0 198 198 
9606.ENSP00000369213 9606.ENSP00000370343 0 0 0 0 0 0 267 267 
9606.ENSP00000369213 9606.ENSP00000362330 0 0 0 113 157 0 68 242 
9606.ENSP00000369213 9606.ENSP00000247668 0 0 0 0 0 900 294 926 
9606.ENSP00000369213 9606.ENSP00000300093 0 0 0 0 0 0 189 189 
9606.ENSP00000369213 9606.ENSP00000378624 0 0 0 63 0 0 160 179 
9606.ENSP00000369213 9606.ENSP00000355205 0 0 0 176 157 0 129 342 
9606.ENSP00000369213 9606.ENSP00000464087 0 0 0 190 0 0 256 372 
9606.ENSP00000369213 9606.ENSP00000329967 0 0 0 62 412 900 902 993 
9606.ENSP00000369213 9606.ENSP00000312988 0 0 0 61 0 900 123 910 
9606.ENSP00000369213 9606.ENSP00000327251 0 0 0 0 0 0 161 161 
9606.ENSP00000369213 9606.ENSP00000368632 0 0 0 0 0 0 184 184 
9606.ENSP00000369213 9606.ENSP00000333329 0 0 0 0 0 900 161 912 
9606.ENSP00000369213 9606.ENSP00000402515 0 0 0 62 133 0 62 170 
9606.ENSP00000369213 9606.ENSP00000261503 0 0 0 61 0 0 172 189 
9606.ENSP00000369213 9606.ENSP00000427279 0 0 0 61 0 0 358 372 
9606.ENSP00000369213 9606.ENSP00000391592 0 0 0 63 86 0 231 283 
9606.ENSP00000369213 9606.ENSP00000300134 0 0 0 64 0 0 259 277 
9606.ENSP00000369213 9606.ENSP00000323858 0 0 0 0 0 0 173 173 
9606.ENSP00000369213 9606.ENSP00000381773 0 0 0 63 86 0 139 198 
9606.ENSP00000369213 9606.ENSP00000263326 0 0 0 0 0 0 244 244 
9606.ENSP00000369213 9606.ENSP00000381601 0 0 0 783 0 900 738 993 
9606.ENSP00000369213 9606.ENSP00000308925 0 0 0 61 0 0 836 839 
9606.ENSP00000369213 9606.ENSP00000403760 0 0 0 0 0 900 0 900 
9606.ENSP00000369213 9606.ENSP00000264832 0 0 0 65 0 0 318 335 
9606.ENSP00000369213 9606.ENSP00000302530 0 0 0 65 0 0 138 159 
9606.ENSP00000369213 9606.ENSP00000341208 0 0 0 64 0 0 222 240 
9606.ENSP00000369213 9606.ENSP00000328940 0 0 0 0 0 0 204 204 
9606.ENSP00000369213 9606.ENSP00000360613 0 0 0 0 93 0 140 186 
9606.ENSP00000369213 9606.ENSP00000305529 0 0 0 0 0 0 226 226 
9606.ENSP00000369213 9606.ENSP00000384259 0 0 0 62 0 0 184 202 
9606.ENSP00000369213 9606.ENSP00000365505 0 0 0 0 0 0 362 362 
9606.ENSP00000369213 9606.ENSP00000368100 0 0 0 175 0 0 0 175 
9606.ENSP00000369213 9606.ENSP00000392762 0 0 0 0 0 0 195 195 
9606.ENSP00000369213 9606.ENSP00000306627 0 0 0 0 0 0 150 150 
9606.ENSP00000369213 9606.ENSP00000382840 0 0 0 63 379 0 555 718 
9606.ENSP00000369213 9606.ENSP00000385824 0 0 0 0 85 0 150 189 
9606.ENSP00000369213 9606.ENSP00000299440 0 0 0 0 0 0 154 154 
9606.ENSP00000369213 9606.ENSP00000463188 0 0 0 0 0 0 167 167 
9606.ENSP00000369213 9606.ENSP00000371471 0 0 0 835 0 0 703 949 
9606.ENSP00000369213 9606.ENSP00000369299 0 0 0 342 57 0 473 644 
9606.ENSP00000369213 9606.ENSP00000359490 0 0 0 161 0 0 274 366 
9606.ENSP00000369213 9606.ENSP00000378536 0 0 0 0 0 0 156 156 
9606.ENSP00000369213 9606.ENSP00000399797 0 0 0 127 82 0 284 376 
9606.ENSP00000369213 9606.ENSP00000307078 0 0 0 82 0 0 176 211 
9606.ENSP00000369213 9606.ENSP00000384863 0 0 0 63 0 0 213 231 
9606.ENSP00000369213 9606.ENSP00000473233 0 0 0 113 157 0 91 260 
9606.ENSP00000369213 9606.ENSP00000296435 0 0 0 0 0 0 295 295 
9606.ENSP00000369213 9606.ENSP00000368458 0 0 0 0 124 0 154 227 
9606.ENSP00000369213 9606.ENSP00000303706 0 0 0 77 0 900 48 904 
9606.ENSP00000369213 9606.ENSP00000364543 0 0 0 64 0 0 403 417 
9606.ENSP00000369213 9606.ENSP00000485010 0 0 0 62 0 0 418 431 
9606.ENSP00000369213 9606.ENSP00000008938 0 0 0 0 0 0 225 225 
9606.ENSP00000369213 9606.ENSP00000251496 0 0 0 143 0 0 85 182 
9606.ENSP00000369213 9606.ENSP00000343701 0 0 0 61 0 0 196 213 
9606.ENSP00000369213 9606.ENSP00000358466 0 0 0 0 0 0 471 471 
9606.ENSP00000369213 9606.ENSP00000419371 0 0 0 0 0 0 164 164 
9606.ENSP00000369213 9606.ENSP00000309501 0 0 0 0 0 0 161 161 
9606.ENSP00000369213 9606.ENSP00000404503 0 0 0 0 0 0 236 236 
9606.ENSP00000369213 9606.ENSP00000351250 0 0 0 63 57 0 157 190 
9606.ENSP00000369213 9606.ENSP00000477613 0 0 0 64 0 0 295 311 
9606.ENSP00000369213 9606.ENSP00000357552 0 0 0 61 0 0 206 223 
9606.ENSP00000369213 9606.ENSP00000243346 0 0 0 238 0 0 167 339 
9606.ENSP00000369213 9606.ENSP00000312082 0 0 0 85 0 0 839 846 
9606.ENSP00000369213 9606.ENSP00000327890 0 0 0 61 0 0 222 238 
9606.ENSP00000369213 9606.ENSP00000415941 0 0 0 55 0 0 151 163 
9606.ENSP00000369213 9606.ENSP00000357869 0 0 0 82 133 0 104 224 
9606.ENSP00000369213 9606.ENSP00000470142 0 0 0 84 82 0 217 284 
9606.ENSP00000369213 9606.ENSP00000262510 0 0 0 98 342 900 779 985 
9606.ENSP00000369213 9606.ENSP00000349961 0 0 0 113 133 0 87 236 
9606.ENSP00000369213 9606.ENSP00000286758 0 0 0 0 0 0 186 186 
9606.ENSP00000369213 9606.ENSP00000330341 0 0 0 81 0 0 399 424 
9606.ENSP00000369213 9606.ENSP00000437621 0 0 0 0 0 0 161 161 
9606.ENSP00000369213 9606.ENSP00000483825 0 0 0 0 305 900 570 967 
9606.ENSP00000369213 9606.ENSP00000284274 0 0 0 0 0 0 161 161 
9606.ENSP00000369213 9606.ENSP00000436691 0 0 0 58 0 0 210 224 
9606.ENSP00000369213 9606.ENSP00000216044 0 0 0 0 0 0 194 194 
9606.ENSP00000369213 9606.ENSP00000265333 0 0 0 0 0 0 216 216 
9606.ENSP00000369213 9606.ENSP00000309163 0 0 0 0 0 900 41 900 
9606.ENSP00000369213 9606.ENSP00000387122 0 0 0 158 0 0 43 159 
9606.ENSP00000369213 9606.ENSP00000383986 0 0 0 0 0 0 173 173 
9606.ENSP00000369213 9606.ENSP00000254719 0 0 0 79 280 0 115 361 
9606.ENSP00000369213 9606.ENSP00000363124 0 0 0 86 0 0 170 208 
9606.ENSP00000369213 9606.ENSP00000355185 0 0 0 63 125 0 86 185 
9606.ENSP00000369213 9606.ENSP00000409000 0 0 0 0 0 0 544 544 
9606.ENSP00000369213 9606.ENSP00000303532 0 0 0 0 0 0 200 200 
9606.ENSP00000369213 9606.ENSP00000340330 0 0 0 63 0 0 144 163 
9606.ENSP00000369213 9606.ENSP00000348020 0 0 0 167 50 0 174 289 
9606.ENSP00000369213 9606.ENSP00000422753 0 0 0 63 0 0 560 570 
9606.ENSP00000369213 9606.ENSP00000363089 0 0 0 85 0 0 797 806 
9606.ENSP00000369213 9606.ENSP00000417050 0 0 0 0 0 0 165 165 
9606.ENSP00000369213 9606.ENSP00000483667 0 0 0 113 157 0 68 242 
9606.ENSP00000369213 9606.ENSP00000305651 0 0 0 398 0 0 793 870 
9606.ENSP00000369213 9606.ENSP00000376943 0 0 0 0 0 0 193 193 
9606.ENSP00000369213 9606.ENSP00000308351 0 0 0 109 53 0 211 276 
9606.ENSP00000369213 9606.ENSP00000352926 0 0 0 0 0 0 221 221 
9606.ENSP00000369213 9606.ENSP00000286301 0 0 0 0 0 0 156 156 
9606.ENSP00000369213 9606.ENSP00000370034 0 0 0 62 0 0 872 875 
9606.ENSP00000369213 9606.ENSP00000351697 0 0 0 203 262 0 224 503 
9606.ENSP00000369213 9606.ENSP00000251642 0 0 0 345 379 900 230 964 
9606.ENSP00000369213 9606.ENSP00000356985 0 0 0 0 0 0 154 154 
9606.ENSP00000369213 9606.ENSP00000323435 0 0 0 79 0 0 471 492 
9606.ENSP00000369213 9606.ENSP00000309767 0 0 0 0 0 0 440 440 
9606.ENSP00000369213 9606.ENSP00000301295 0 0 0 62 0 0 389 402 
9606.ENSP00000369213 9606.ENSP00000296161 0 0 0 694 0 0 100 713 
9606.ENSP00000369213 9606.ENSP00000238146 0 0 0 51 0 0 367 373 
9606.ENSP00000369213 9606.ENSP00000233242 0 0 0 0 0 0 193 193 
9606.ENSP00000369213 9606.ENSP00000470788 0 0 0 0 0 0 167 167 
9606.ENSP00000369213 9606.ENSP00000235329 0 0 0 63 0 0 293 309 
9606.ENSP00000369213 9606.ENSP00000430950 0 0 0 106 0 0 287 335 
9606.ENSP00000369213 9606.ENSP00000374455 0 0 0 0 0 0 268 268 
9606.ENSP00000369213 9606.ENSP00000303709 0 0 0 0 70 900 102 909 
9606.ENSP00000369213 9606.ENSP00000259213 0 0 0 0 0 0 210 210 
9606.ENSP00000369213 9606.ENSP00000229795 0 0 0 0 0 0 250 250 
9606.ENSP00000369213 9606.ENSP00000286398 0 0 0 86 133 0 87 213 
9606.ENSP00000369213 9606.ENSP00000369335 0 0 0 80 186 0 343 465 
9606.ENSP00000369213 9606.ENSP00000410446 0 0 0 63 57 0 151 184 
9606.ENSP00000369213 9606.ENSP00000362687 0 0 0 51 0 0 212 220 
9606.ENSP00000369213 9606.ENSP00000242719 0 0 0 61 0 0 242 257 
9606.ENSP00000369213 9606.ENSP00000362994 0 0 0 69 0 0 323 342 
9606.ENSP00000369213 9606.ENSP00000349748 0 0 0 0 0 0 285 285 
9606.ENSP00000369213 9606.ENSP00000361366 0 0 0 0 0 0 162 162 
9606.ENSP00000369213 9606.ENSP00000360116 0 0 0 0 93 0 140 186 
9606.ENSP00000369213 9606.ENSP00000343204 0 0 0 50 53 900 515 950 
9606.ENSP00000369213 9606.ENSP00000428209 0 0 0 0 104 0 191 244 
9606.ENSP00000369213 9606.ENSP00000362795 0 0 0 0 0 0 313 313 
9606.ENSP00000369213 9606.ENSP00000354394 0 0 0 602 379 900 717 992 
9606.ENSP00000369213 9606.ENSP00000329932 0 0 0 131 0 0 65 152 
9606.ENSP00000369213 9606.ENSP00000361275 0 0 0 0 0 0 242 242 
9606.ENSP00000369213 9606.ENSP00000405111 0 0 0 83 0 0 193 229 
9606.ENSP00000369213 9606.ENSP00000344166 0 0 0 0 104 0 135 191 
9606.ENSP00000369213 9606.ENSP00000365435 0 0 0 62 0 0 210 227 
9606.ENSP00000369213 9606.ENSP00000290649 0 0 0 0 0 0 193 193 
9606.ENSP00000369213 9606.ENSP00000362181 0 0 0 0 0 0 199 199 
9606.ENSP00000369213 9606.ENSP00000359693 0 0 0 0 50 0 255 261 
9606.ENSP00000369213 9606.ENSP00000341141 0 0 0 64 0 0 281 298 
9606.ENSP00000369213 9606.ENSP00000268638 0 0 0 61 0 0 413 425 
9606.ENSP00000369213 9606.ENSP00000381070 0 0 0 0 0 0 161 161 
9606.ENSP00000369213 9606.ENSP00000293328 0 0 0 64 0 0 232 251 
9606.ENSP00000369213 9606.ENSP00000344208 0 0 0 81 118 0 389 461 
9606.ENSP00000369213 9606.ENSP00000337746 0 0 0 0 0 0 322 322 
9606.ENSP00000369213 9606.ENSP00000219235 0 0 0 59 0 0 188 203 
9606.ENSP00000369213 9606.ENSP00000262965 0 0 0 0 0 0 163 163 
9606.ENSP00000369213 9606.ENSP00000233057 0 0 0 316 0 900 559 967 
9606.ENSP00000369213 9606.ENSP00000301671 0 0 0 63 0 0 219 236 
9606.ENSP00000369213 9606.ENSP00000317817 0 0 0 0 0 0 390 390 
9606.ENSP00000369213 9606.ENSP00000220592 0 0 0 55 173 0 356 453 
9606.ENSP00000369213 9606.ENSP00000425955 0 0 0 0 0 900 0 900 
9606.ENSP00000369213 9606.ENSP00000265963 0 0 0 81 0 0 113 150 
9606.ENSP00000369213 9606.ENSP00000481249 0 0 0 0 0 0 210 210 
9606.ENSP00000369213 9606.ENSP00000394560 0 0 0 0 0 0 167 167 
9606.ENSP00000369213 9606.ENSP00000227752 0 0 0 56 0 0 243 254 
9606.ENSP00000369213 9606.ENSP00000354558 0 0 0 62 133 0 229 318 
9606.ENSP00000369213 9606.ENSP00000339659 0 0 0 63 57 0 126 160 
9606.ENSP00000369213 9606.ENSP00000399585 0 0 0 0 0 0 167 167 
9606.ENSP00000369213 9606.ENSP00000404092 0 0 0 62 261 0 320 487 
9606.ENSP00000369213 9606.ENSP00000246802 0 0 0 0 379 0 434 633 
9606.ENSP00000369213 9606.ENSP00000385021 0 0 0 62 0 0 276 291 
9606.ENSP00000369213 9606.ENSP00000359640 0 0 0 60 0 0 155 172 
9606.ENSP00000369213 9606.ENSP00000441543 0 0 0 62 890 900 164 990 
9606.ENSP00000369213 9606.ENSP00000360966 0 0 0 77 180 0 79 242 
9606.ENSP00000369213 9606.ENSP00000411250 0 0 0 62 0 0 198 215 
9606.ENSP00000369213 9606.ENSP00000440190 0 0 0 64 159 0 271 376 
9606.ENSP00000369213 9606.ENSP00000357459 0 0 0 241 0 0 564 655 
9606.ENSP00000369213 9606.ENSP00000424838 0 0 0 63 0 0 139 159 
9606.ENSP00000369213 9606.ENSP00000408292 0 0 0 63 316 0 318 525 
9606.ENSP00000369213 9606.ENSP00000301924 0 0 0 64 57 0 190 223 
9606.ENSP00000369213 9606.ENSP00000454207 0 0 0 0 379 900 703 980 
9606.ENSP00000369213 9606.ENSP00000268624 0 0 0 62 0 0 270 286 
9606.ENSP00000369213 9606.ENSP00000249636 0 0 0 0 85 0 265 298 
9606.ENSP00000369213 9606.ENSP00000164227 0 0 0 79 0 0 172 205 
9606.ENSP00000369213 9606.ENSP00000358596 0 0 0 64 58 0 132 168 
9606.ENSP00000369213 9606.ENSP00000238789 0 0 0 143 0 0 62 161 
9606.ENSP00000369213 9606.ENSP00000309572 0 0 0 49 124 0 116 199 
9606.ENSP00000369213 9606.ENSP00000380855 0 0 0 110 0 0 168 228 
9606.ENSP00000369213 9606.ENSP00000306561 0 0 0 0 185 0 55 196 
9606.ENSP00000369213 9606.ENSP00000482313 0 0 0 88 261 0 234 438 
9606.ENSP00000369213 9606.ENSP00000343023 0 0 0 245 57 0 210 388 
9606.ENSP00000369213 9606.ENSP00000352157 0 0 0 0 0 0 254 254 
9606.ENSP00000369213 9606.ENSP00000360242 0 0 0 64 0 0 178 198 
9606.ENSP00000369213 9606.ENSP00000293831 0 0 0 0 0 0 267 267 
9606.ENSP00000369213 9606.ENSP00000262225 0 0 0 0 0 0 248 248 
9606.ENSP00000369213 9606.ENSP00000429615 0 0 0 63 0 0 143 162 
9606.ENSP00000369213 9606.ENSP00000320936 0 0 0 0 0 0 183 183 
9606.ENSP00000369213 9606.ENSP00000223641 0 0 0 0 0 0 313 313 
9606.ENSP00000369213 9606.ENSP00000364016 0 0 0 97 0 0 244 288 
9606.ENSP00000369213 9606.ENSP00000262113 0 0 0 0 0 0 372 372 
9606.ENSP00000369213 9606.ENSP00000354519 0 0 0 64 0 0 167 186 
9606.ENSP00000369213 9606.ENSP00000299481 0 0 0 51 0 0 183 192 
9606.ENSP00000369213 9606.ENSP00000416255 0 0 0 0 0 0 381 381 
9606.ENSP00000369213 9606.ENSP00000380697 0 0 0 642 0 900 895 995 
9606.ENSP00000369213 9606.ENSP00000359910 0 0 0 0 0 0 212 212 
9606.ENSP00000369213 9606.ENSP00000302728 0 0 0 0 0 0 192 192 
9606.ENSP00000369213 9606.ENSP00000263253 0 0 0 63 51 0 209 235 
9606.ENSP00000369213 9606.ENSP00000444357 0 0 0 0 0 0 209 209 
9606.ENSP00000369213 9606.ENSP00000346437 0 0 0 61 0 0 294 308 
9606.ENSP00000369213 9606.ENSP00000297578 0 0 0 0 365 0 0 365 
9606.ENSP00000369213 9606.ENSP00000291890 0 0 0 0 0 0 231 231 
9606.ENSP00000369213 9606.ENSP00000216540 0 0 0 0 0 0 175 175 
9606.ENSP00000369213 9606.ENSP00000276241 0 0 0 84 82 0 75 154 
9606.ENSP00000369213 9606.ENSP00000318195 0 0 0 0 0 0 193 193 
9606.ENSP00000369213 9606.ENSP00000347197 0 0 0 62 0 0 233 250 
9606.ENSP00000369213 9606.ENSP00000216024 0 0 0 63 157 0 228 336 
9606.ENSP00000369213 9606.ENSP00000217740 0 0 0 0 294 900 669 974 
9606.ENSP00000369213 9606.ENSP00000228438 0 0 0 61 0 0 346 359 
9606.ENSP00000369213 9606.ENSP00000255688 0 0 0 128 0 0 113 194 
9606.ENSP00000369213 9606.ENSP00000369564 0 0 0 0 0 0 161 161 
9606.ENSP00000369213 9606.ENSP00000320563 0 0 0 319 0 0 345 535 
9606.ENSP00000369213 9606.ENSP00000355231 0 0 0 65 0 0 358 374 
9606.ENSP00000369213 9606.ENSP00000373696 0 0 0 165 0 0 55 177 
9606.ENSP00000369213 9606.ENSP00000262518 0 0 0 159 157 0 68 281 
9606.ENSP00000369213 9606.ENSP00000384262 0 0 0 0 0 0 151 151 
9606.ENSP00000369213 9606.ENSP00000320084 0 0 0 0 0 0 211 211 
9606.ENSP00000369213 9606.ENSP00000300747 0 0 0 64 57 0 170 204 
9606.ENSP00000369213 9606.ENSP00000254868 0 0 0 0 0 0 317 317 
9606.ENSP00000369213 9606.ENSP00000356155 0 0 0 80 133 0 62 186 
9606.ENSP00000369213 9606.ENSP00000398523 0 0 0 64 0 0 290 307 
9606.ENSP00000369213 9606.ENSP00000226299 0 0 0 159 0 0 0 159 
9606.ENSP00000369213 9606.ENSP00000260184 0 0 0 286 0 0 294 475 
9606.ENSP00000369213 9606.ENSP00000278616 0 0 0 0 0 0 235 235 
9606.ENSP00000369213 9606.ENSP00000435233 0 0 0 0 0 0 167 167 
9606.ENSP00000369213 9606.ENSP00000200453 0 0 0 0 0 0 213 213 
9606.ENSP00000369213 9606.ENSP00000423777 0 0 0 0 0 0 165 165 
9606.ENSP00000369213 9606.ENSP00000233146 0 0 0 63 185 0 123 271 
9606.ENSP00000369213 9606.ENSP00000352438 0 0 0 0 0 900 431 940 
9606.ENSP00000369213 9606.ENSP00000485133 0 0 0 0 70 0 239 262 
9606.ENSP00000369213 9606.ENSP00000408695 0 0 0 0 305 0 220 434 
9606.ENSP00000369213 9606.ENSP00000231524 0 0 0 0 0 0 313 313 
9606.ENSP00000369213 9606.ENSP00000401502 0 0 0 0 151 0 43 152 
9606.ENSP00000369213 9606.ENSP00000296443 0 0 0 86 0 0 201 239 
9606.ENSP00000369213 9606.ENSP00000446252 0 0 0 0 0 0 153 153 
9606.ENSP00000369213 9606.ENSP00000471896 0 0 0 61 365 900 942 996 
9606.ENSP00000369213 9606.ENSP00000291565 0 0 0 0 0 0 166 166 
9606.ENSP00000369213 9606.ENSP00000333639 0 0 0 0 0 0 563 563 
9606.ENSP00000369213 9606.ENSP00000262629 0 0 0 49 0 0 188 194 
9606.ENSP00000369213 9606.ENSP00000449999 0 0 0 0 0 0 234 234 
9606.ENSP00000369213 9606.ENSP00000272424 0 0 0 0 0 0 177 177 
9606.ENSP00000369213 9606.ENSP00000269349 0 0 0 0 0 0 155 155 
9606.ENSP00000369213 9606.ENSP00000428924 0 0 0 61 53 0 172 200 
9606.ENSP00000369213 9606.ENSP00000295633 0 0 0 0 0 0 186 186 
9606.ENSP00000369213 9606.ENSP00000263274 53 0 0 77 124 0 85 205 
9606.ENSP00000369213 9606.ENSP00000351789 0 0 0 49 0 0 222 229 
9606.ENSP00000369213 9606.ENSP00000358072 0 0 0 0 320 900 709 978 
9606.ENSP00000369213 9606.ENSP00000258772 0 0 0 0 0 0 482 482 
9606.ENSP00000369213 9606.ENSP00000273962 0 0 0 0 0 0 325 325 
9606.ENSP00000369213 9606.ENSP00000445135 0 0 0 0 0 0 250 250 
9606.ENSP00000369213 9606.ENSP00000406046 0 0 0 112 157 0 91 260 
9606.ENSP00000369213 9606.ENSP00000333836 0 0 0 66 0 0 162 183 
9606.ENSP00000369213 9606.ENSP00000228434 0 0 0 62 0 0 267 283 
9606.ENSP00000369213 9606.ENSP00000221486 0 0 0 61 124 0 306 379 
9606.ENSP00000369213 9606.ENSP00000329418 0 0 0 61 0 0 473 483 
9606.ENSP00000369213 9606.ENSP00000264198 0 0 0 0 0 0 469 469 
9606.ENSP00000369213 9606.ENSP00000357103 0 0 0 0 0 0 205 205 
9606.ENSP00000369213 9606.ENSP00000013807 0 0 0 62 0 0 223 240 
9606.ENSP00000369213 9606.ENSP00000221452 0 0 0 78 0 0 348 373 
9606.ENSP00000369213 9606.ENSP00000416066 0 0 0 0 0 0 193 193 
9606.ENSP00000369213 9606.ENSP00000385721 0 0 0 0 0 0 216 216 
9606.ENSP00000369213 9606.ENSP00000329468 0 0 0 63 0 0 214 232 
9606.ENSP00000369213 9606.ENSP00000259211 0 0 0 0 0 0 209 209 
9606.ENSP00000369213 9606.ENSP00000359787 0 0 0 773 0 0 446 869 
9606.ENSP00000369213 9606.ENSP00000383692 0 0 0 0 0 0 367 367 
9606.ENSP00000369213 9606.ENSP00000355077 0 0 0 64 262 0 108 330 
9606.ENSP00000369213 9606.ENSP00000256458 0 0 0 61 53 0 440 458 
9606.ENSP00000369213 9606.ENSP00000302935 0 0 0 0 0 0 162 162 
9606.ENSP00000369213 9606.ENSP00000408295 0 0 0 61 80 0 97 152 
9606.ENSP00000369213 9606.ENSP00000405338 0 0 0 63 0 0 293 309 
9606.ENSP00000369213 9606.ENSP00000413625 0 0 0 0 0 0 282 282 
9606.ENSP00000369213 9606.ENSP00000344829 0 0 0 0 0 0 307 307 
9606.ENSP00000369213 9606.ENSP00000462664 0 0 0 63 172 0 359 459 
9606.ENSP00000369213 9606.ENSP00000376849 0 0 0 133 0 0 311 378 
9606.ENSP00000369213 9606.ENSP00000348056 0 0 0 0 70 0 211 235 
9606.ENSP00000369213 9606.ENSP00000413861 0 0 0 0 178 0 71 204 
9606.ENSP00000369213 9606.ENSP00000458290 0 0 0 0 0 0 173 173 
9606.ENSP00000369213 9606.ENSP00000296027 0 0 0 61 0 0 210 226 
9606.ENSP00000369213 9606.ENSP00000302120 0 0 0 63 57 0 191 223 
9606.ENSP00000369213 9606.ENSP00000351059 0 0 0 0 0 0 211 211 
9606.ENSP00000369213 9606.ENSP00000257570 0 0 0 780 128 0 828 964 
9606.ENSP00000369213 9606.ENSP00000451828 0 0 0 0 53 0 377 384 
9606.ENSP00000369213 9606.ENSP00000419361 44 0 0 78 0 0 130 166 
9606.ENSP00000369213 9606.ENSP00000261233 0 0 0 59 53 0 290 312 
9606.ENSP00000369213 9606.ENSP00000376786 0 0 0 0 0 0 321 321 
9606.ENSP00000369213 9606.ENSP00000225474 0 0 0 0 0 0 317 317 
9606.ENSP00000369213 9606.ENSP00000409896 0 0 0 0 0 0 330 330 
9606.ENSP00000369213 9606.ENSP00000009530 0 0 0 0 0 0 153 153 
9606.ENSP00000369213 9606.ENSP00000304336 0 0 0 63 57 0 170 202 
9606.ENSP00000369213 9606.ENSP00000355506 0 0 0 112 157 0 383 497 
9606.ENSP00000369213 9606.ENSP00000365844 0 0 0 64 57 0 161 195 
9606.ENSP00000369213 9606.ENSP00000265872 0 0 0 94 0 0 223 265 
9606.ENSP00000369213 9606.ENSP00000160373 0 0 0 50 0 0 175 183 
9606.ENSP00000369213 9606.ENSP00000264346 0 0 0 777 0 0 378 855 
9606.ENSP00000369213 9606.ENSP00000247815 0 0 0 0 157 0 107 215 
9606.ENSP00000369213 9606.ENSP00000347444 0 0 0 321 0 0 92 357 
9606.ENSP00000369213 9606.ENSP00000160262 0 0 0 0 0 0 250 250 
9606.ENSP00000369213 9606.ENSP00000349770 0 0 0 0 0 0 583 583 
9606.ENSP00000369213 9606.ENSP00000363661 0 0 0 0 0 0 173 173 
9606.ENSP00000369213 9606.ENSP00000229239 0 0 0 0 0 0 538 538 
9606.ENSP00000369213 9606.ENSP00000458715 0 0 0 0 0 0 282 282 
9606.ENSP00000369213 9606.ENSP00000006053 0 0 0 0 0 0 170 170 
9606.ENSP00000369213 9606.ENSP00000373539 0 0 0 63 0 0 149 168 
9606.ENSP00000369213 9606.ENSP00000308815 0 0 0 117 0 0 221 282 
9606.ENSP00000369213 9606.ENSP00000241453 0 0 0 0 0 0 167 167 
9606.ENSP00000369213 9606.ENSP00000401399 0 0 0 109 0 0 734 752 
9606.ENSP00000369213 9606.ENSP00000353332 0 0 0 90 81 0 90 172 
9606.ENSP00000369213 9606.ENSP00000437635 0 0 0 63 0 0 139 158 
9606.ENSP00000369213 9606.ENSP00000335062 0 0 0 0 0 0 155 155 
9606.ENSP00000369213 9606.ENSP00000317123 0 0 0 0 0 0 217 217 
9606.ENSP00000369213 9606.ENSP00000370745 0 0 0 63 0 0 537 548 
9606.ENSP00000369213 9606.ENSP00000216274 0 0 0 65 53 0 322 347 
9606.ENSP00000369213 9606.ENSP00000295756 0 0 0 0 0 0 584 584 
9606.ENSP00000369213 9606.ENSP00000371067 0 0 0 91 53 0 266 313 
9606.ENSP00000369213 9606.ENSP00000319635 0 0 0 0 0 0 187 187 
9606.ENSP00000369213 9606.ENSP00000412897 0 0 0 0 0 0 416 416 
9606.ENSP00000369213 9606.ENSP00000294728 0 0 0 63 0 0 174 193 
9606.ENSP00000369213 9606.ENSP00000313490 0 0 0 0 0 0 173 173 
9606.ENSP00000369213 9606.ENSP00000264657 0 0 0 64 0 0 402 416 
9606.ENSP00000369213 9606.ENSP00000265433 0 0 0 0 0 0 204 204 
9606.ENSP00000369213 9606.ENSP00000376896 0 0 0 0 0 0 258 258 
9606.ENSP00000369213 9606.ENSP00000480467 0 0 0 0 0 0 426 426 
9606.ENSP00000369213 9606.ENSP00000349508 0 0 0 63 157 0 68 199 
9606.ENSP00000369213 9606.ENSP00000360310 0 0 0 61 192 0 176 320 
9606.ENSP00000369213 9606.ENSP00000428325 0 0 0 0 0 0 165 165 
9606.ENSP00000369213 9606.ENSP00000473384 0 0 0 64 186 0 130 279 
9606.ENSP00000369213 9606.ENSP00000252486 0 0 0 0 0 0 152 152 
9606.ENSP00000369213 9606.ENSP00000358262 0 0 0 108 157 0 68 237 
9606.ENSP00000369213 9606.ENSP00000284981 0 0 0 62 0 0 155 173 
9606.ENSP00000369213 9606.ENSP00000379110 0 0 0 82 0 0 366 393 
9606.ENSP00000369213 9606.ENSP00000361310 0 0 0 63 172 0 127 263 
9606.ENSP00000369213 9606.ENSP00000371018 0 0 0 0 0 0 332 332 
9606.ENSP00000369213 9606.ENSP00000379156 0 0 0 0 0 0 448 448 
9606.ENSP00000369213 9606.ENSP00000340989 0 0 0 61 0 0 315 329 
9606.ENSP00000369213 9606.ENSP00000239347 0 0 0 0 0 0 187 187 
9606.ENSP00000369213 9606.ENSP00000342278 0 0 0 691 0 0 614 875 
9606.ENSP00000369213 9606.ENSP00000225296 0 0 0 64 0 0 488 500 
9606.ENSP00000369213 9606.ENSP00000361834 0 0 0 0 0 0 156 156 
9606.ENSP00000369213 9606.ENSP00000358541 0 0 0 0 0 900 547 952 
9606.ENSP00000369213 9606.ENSP00000379097 0 0 0 0 0 0 157 157 
9606.ENSP00000369213 9606.ENSP00000481495 0 0 0 61 0 0 537 547 
9606.ENSP00000369213 9606.ENSP00000337797 0 0 0 62 0 0 138 156 
9606.ENSP00000369213 9606.ENSP00000356919 0 0 0 0 0 0 173 173 
9606.ENSP00000369213 9606.ENSP00000430684 0 0 0 49 62 900 318 931 
9606.ENSP00000369213 9606.ENSP00000290663 0 0 0 0 0 0 218 218 
9606.ENSP00000369213 9606.ENSP00000263549 0 0 0 579 0 0 202 650 
9606.ENSP00000369213 9606.ENSP00000250495 0 0 0 62 128 0 135 230 
9606.ENSP00000369213 9606.ENSP00000218348 0 0 0 86 0 0 170 208 
9606.ENSP00000369213 9606.ENSP00000365048 0 0 0 104 0 0 297 343 
9606.ENSP00000369213 9606.ENSP00000262450 0 0 0 63 157 0 68 199 
9606.ENSP00000369213 9606.ENSP00000393183 0 0 0 63 0 0 142 162 
9606.ENSP00000369213 9606.ENSP00000216341 0 0 0 0 0 0 267 267 
9606.ENSP00000369213 9606.ENSP00000356520 0 0 0 62 0 0 540 550 
9606.ENSP00000369213 9606.ENSP00000265339 0 0 0 0 93 0 140 186 
9606.ENSP00000369213 9606.ENSP00000386520 0 0 0 83 157 0 68 216 
9606.ENSP00000369213 9606.ENSP00000374211 0 0 0 159 157 0 68 281 
9606.ENSP00000369213 9606.ENSP00000254436 0 0 0 286 57 0 517 646 
9606.ENSP00000369213 9606.ENSP00000359233 0 0 0 0 0 0 163 163 
9606.ENSP00000369213 9606.ENSP00000383232 0 0 0 0 0 0 213 213 
9606.ENSP00000369213 9606.ENSP00000354932 0 0 0 95 0 0 832 841 
9606.ENSP00000369213 9606.ENSP00000389443 0 0 0 0 0 900 0 900 
9606.ENSP00000369213 9606.ENSP00000426191 0 0 0 83 128 0 128 241 
9606.ENSP00000369213 9606.ENSP00000368215 0 0 0 0 0 0 365 365 
9606.ENSP00000369213 9606.ENSP00000357149 0 0 0 0 0 0 156 156 
9606.ENSP00000369213 9606.ENSP00000348215 0 0 0 80 133 0 62 186 
9606.ENSP00000369213 9606.ENSP00000381775 0 0 0 52 0 0 151 161 
9606.ENSP00000369213 9606.ENSP00000353224 0 0 0 0 0 0 197 197 
9606.ENSP00000369213 9606.ENSP00000352833 0 0 0 100 64 0 129 202 
9606.ENSP00000369213 9606.ENSP00000388566 0 0 0 136 0 0 234 310 
9606.ENSP00000369213 9606.ENSP00000282185 0 0 0 0 0 0 153 153 
9606.ENSP00000369213 9606.ENSP00000388648 0 0 0 58 0 0 145 160 
9606.ENSP00000369213 9606.ENSP00000263791 0 0 0 63 0 0 257 274 
9606.ENSP00000369213 9606.ENSP00000225831 0 0 0 53 0 0 476 482 
9606.ENSP00000369213 9606.ENSP00000482259 0 0 0 63 0 0 356 370 
9606.ENSP00000369213 9606.ENSP00000482119 0 0 0 66 0 0 162 183 
9606.ENSP00000369213 9606.ENSP00000467123 0 0 0 0 0 0 401 401 
9606.ENSP00000369213 9606.ENSP00000299977 0 0 0 208 0 0 130 282 
9606.ENSP00000369213 9606.ENSP00000262971 0 0 0 0 85 0 210 246 
9606.ENSP00000369213 9606.ENSP00000346916 0 0 0 63 57 0 260 289 
9606.ENSP00000369213 9606.ENSP00000364403 0 0 0 63 0 0 185 204 
9606.ENSP00000369213 9606.ENSP00000354859 0 0 0 0 0 0 173 173 
9606.ENSP00000369213 9606.ENSP00000222553 0 0 0 61 0 0 185 202 
9606.ENSP00000369213 9606.ENSP00000315564 0 0 0 131 0 0 72 159 
9606.ENSP00000369213 9606.ENSP00000422216 0 0 0 0 0 900 0 900 
9606.ENSP00000369213 9606.ENSP00000313171 0 0 0 87 187 0 129 297 
9606.ENSP00000369213 9606.ENSP00000262262 0 0 0 0 178 0 88 218 
9606.ENSP00000369213 9606.ENSP00000238609 0 0 0 132 0 0 111 195 
9606.ENSP00000369213 9606.ENSP00000346088 0 0 0 0 0 0 153 153 
9606.ENSP00000369213 9606.ENSP00000316176 0 0 0 0 70 0 351 370 
9606.ENSP00000369213 9606.ENSP00000452780 0 0 0 96 0 0 199 245 
9606.ENSP00000369213 9606.ENSP00000379873 0 0 0 65 0 0 167 187 
9606.ENSP00000369213 9606.ENSP00000405620 0 0 0 83 0 0 185 221 
9606.ENSP00000369213 9606.ENSP00000453177 0 0 0 64 57 0 254 284 
9606.ENSP00000369213 9606.ENSP00000386710 0 0 0 0 0 0 223 223 
9606.ENSP00000369213 9606.ENSP00000398824 0 0 0 63 157 0 68 199 
9606.ENSP00000369213 9606.ENSP00000378067 0 0 0 112 0 0 244 300 
9606.ENSP00000369213 9606.ENSP00000295025 0 0 0 60 0 0 358 370 
9606.ENSP00000369213 9606.ENSP00000371475 0 0 0 63 51 0 251 275 
9606.ENSP00000369213 9606.ENSP00000284629 0 0 0 61 0 0 147 164 
9606.ENSP00000369213 9606.ENSP00000312634 0 0 0 0 0 0 153 153 
9606.ENSP00000369213 9606.ENSP00000329991 0 0 0 0 0 0 589 589 
9606.ENSP00000369213 9606.ENSP00000217246 0 0 0 110 0 0 99 163 
9606.ENSP00000369213 9606.ENSP00000295488 0 0 0 91 0 0 138 183 
9606.ENSP00000369213 9606.ENSP00000263187 0 0 0 64 185 0 314 430 
9606.ENSP00000369213 9606.ENSP00000366563 0 0 0 63 133 0 132 233 
9606.ENSP00000369213 9606.ENSP00000343741 0 0 0 62 268 0 204 406 
9606.ENSP00000369213 9606.ENSP00000350633 0 0 0 0 0 0 150 150 
9606.ENSP00000369213 9606.ENSP00000425107 0 0 0 0 320 900 448 959 
9606.ENSP00000369213 9606.ENSP00000362306 0 0 0 55 173 0 182 305 
9606.ENSP00000369213 9606.ENSP00000378855 0 0 0 0 0 0 175 175 
9606.ENSP00000369213 9606.ENSP00000332049 0 0 0 61 0 0 473 483 
9606.ENSP00000369213 9606.ENSP00000316228 0 0 0 0 0 0 211 211 
9606.ENSP00000369213 9606.ENSP00000220764 0 0 0 0 0 0 258 258 
9606.ENSP00000369213 9606.ENSP00000344192 0 0 0 0 0 0 429 429 
9606.ENSP00000369213 9606.ENSP00000366748 0 0 0 0 156 0 0 156 
9606.ENSP00000369213 9606.ENSP00000334675 0 0 0 81 157 0 95 237 
9606.ENSP00000369213 9606.ENSP00000416996 0 0 0 0 0 0 161 161 
9606.ENSP00000369213 9606.ENSP00000455510 0 0 0 0 193 0 57 206 
9606.ENSP00000369213 9606.ENSP00000318176 0 0 0 60 379 0 256 528 
9606.ENSP00000369213 9606.ENSP00000230449 0 0 0 0 0 0 351 351 
9606.ENSP00000369213 9606.ENSP00000384273 0 0 0 0 0 900 443 941 
9606.ENSP00000369213 9606.ENSP00000232165 0 0 0 63 0 0 144 164 
9606.ENSP00000369213 9606.ENSP00000458162 0 0 0 0 0 0 196 196 
9606.ENSP00000369213 9606.ENSP00000219548 0 0 0 63 0 0 174 193 
9606.ENSP00000369213 9606.ENSP00000360869 0 0 0 870 0 900 740 996 
9606.ENSP00000369213 9606.ENSP00000254301 0 0 0 62 0 0 198 215 
9606.ENSP00000369213 9606.ENSP00000313420 0 0 0 62 133 0 152 250 
9606.ENSP00000369213 9606.ENSP00000365588 0 0 0 64 0 0 183 203 
9606.ENSP00000369213 9606.ENSP00000356505 0 0 0 82 0 0 208 242 
9606.ENSP00000369213 9606.ENSP00000310036 0 0 0 0 0 0 190 190 
9606.ENSP00000369213 9606.ENSP00000455897 0 0 0 0 0 0 211 211 
9606.ENSP00000369213 9606.ENSP00000448165 0 0 0 63 0 0 251 268 
9606.ENSP00000369213 9606.ENSP00000276927 0 0 0 0 0 0 584 584 
9606.ENSP00000369213 9606.ENSP00000364855 0 0 0 62 185 0 313 428 
9606.ENSP00000369213 9606.ENSP00000373918 111 0 0 0 0 0 250 305 
9606.ENSP00000369213 9606.ENSP00000273047 0 0 0 0 0 0 166 166 
9606.ENSP00000369213 9606.ENSP00000412461 0 0 0 55 0 0 197 208 
9606.ENSP00000369213 9606.ENSP00000260010 0 0 0 96 0 0 798 809 
9606.ENSP00000369213 9606.ENSP00000259205 0 0 0 0 0 0 217 217 
9606.ENSP00000369213 9606.ENSP00000306565 0 0 0 248 0 0 540 640 
9606.ENSP00000369213 9606.ENSP00000225916 0 0 0 64 51 0 192 219 
9606.ENSP00000369213 9606.ENSP00000348455 0 0 0 61 0 0 171 188 
9606.ENSP00000369213 9606.ENSP00000306190 0 0 0 60 0 0 236 251 
9606.ENSP00000369213 9606.ENSP00000247178 0 0 0 0 0 0 161 161 
9606.ENSP00000369213 9606.ENSP00000484689 0 0 0 123 0 0 409 459 
9606.ENSP00000369213 9606.ENSP00000334564 0 0 0 0 0 0 172 172 
9606.ENSP00000369213 9606.ENSP00000449089 0 0 0 63 0 0 162 181 
9606.ENSP00000369213 9606.ENSP00000385035 0 0 0 63 0 0 219 237 
9606.ENSP00000369213 9606.ENSP00000263025 0 0 0 0 0 900 255 922 
9606.ENSP00000369213 9606.ENSP00000263642 0 0 0 783 0 900 261 982 
9606.ENSP00000369213 9606.ENSP00000427366 0 0 0 0 0 0 165 165 
9606.ENSP00000369213 9606.ENSP00000418960 0 0 0 98 0 0 144 195 
9606.ENSP00000369213 9606.ENSP00000320869 0 0 0 63 57 0 162 194 
9606.ENSP00000369213 9606.ENSP00000323889 0 0 0 99 472 900 924 995 
9606.ENSP00000369213 9606.ENSP00000243440 0 0 0 0 0 0 243 243 
9606.ENSP00000369213 9606.ENSP00000305556 0 0 0 0 0 0 159 159 
9606.ENSP00000369213 9606.ENSP00000241436 0 0 0 62 172 0 127 262 
9606.ENSP00000369213 9606.ENSP00000291232 0 0 0 0 0 0 175 175 
9606.ENSP00000369213 9606.ENSP00000227163 0 0 0 62 0 0 214 231 
9606.ENSP00000369213 9606.ENSP00000366307 0 0 0 0 0 0 284 284 
9606.ENSP00000369213 9606.ENSP00000317039 0 0 0 64 159 0 271 376 
9606.ENSP00000369213 9606.ENSP00000457411 0 0 0 103 0 0 112 169 
9606.ENSP00000369213 9606.ENSP00000395654 0 0 0 119 157 0 125 293 
9606.ENSP00000369213 9606.ENSP00000354425 0 0 0 64 0 0 157 177 
9606.ENSP00000369213 9606.ENSP00000462521 0 0 0 0 0 0 190 190 
9606.ENSP00000369213 9606.ENSP00000289429 0 0 0 0 0 0 153 153 
9606.ENSP00000369213 9606.ENSP00000342513 0 0 0 561 0 0 450 748 
9606.ENSP00000369213 9606.ENSP00000378118 0 0 0 99 0 0 225 271 
9606.ENSP00000369213 9606.ENSP00000216223 0 0 0 63 0 0 173 192 
9606.ENSP00000369213 9606.ENSP00000324560 0 0 0 0 0 0 188 188 
9606.ENSP00000369213 9606.ENSP00000356438 0 0 0 79 0 0 211 242 
9606.ENSP00000369213 9606.ENSP00000199389 0 0 0 63 0 0 135 155 
9606.ENSP00000369213 9606.ENSP00000483552 0 0 0 63 0 0 206 224 
9606.ENSP00000369213 9606.ENSP00000311405 44 0 0 78 0 0 130 166 
9606.ENSP00000369213 9606.ENSP00000357153 0 0 0 49 0 0 247 253 
9606.ENSP00000369213 9606.ENSP00000371505 0 0 0 61 0 0 348 361 
9606.ENSP00000369213 9606.ENSP00000287156 0 0 0 333 70 900 875 991 
9606.ENSP00000369213 9606.ENSP00000443176 0 0 0 48 0 0 368 372 
9606.ENSP00000369213 9606.ENSP00000338413 0 0 0 62 0 0 147 166 
9606.ENSP00000369213 9606.ENSP00000212015 0 0 0 55 56 0 128 154 
9606.ENSP00000369213 9606.ENSP00000432768 0 0 0 91 0 0 112 158 
9606.ENSP00000369213 9606.ENSP00000398495 0 0 0 0 0 0 165 165 
9606.ENSP00000369213 9606.ENSP00000324403 0 0 0 63 157 0 68 199 
9606.ENSP00000369213 9606.ENSP00000404121 0 0 0 0 0 0 245 245 
9606.ENSP00000369213 9606.ENSP00000258381 0 0 0 751 57 0 44 756 
9606.ENSP00000369213 9606.ENSP00000370713 0 0 0 62 0 0 145 163 
9606.ENSP00000369213 9606.ENSP00000299642 0 0 0 0 0 0 317 317 
9606.ENSP00000369213 9606.ENSP00000284320 0 0 0 0 0 0 252 252 
9606.ENSP00000369213 9606.ENSP00000253814 0 0 0 0 0 0 186 186 
9606.ENSP00000369213 9606.ENSP00000359504 0 0 0 562 0 0 447 747 
9606.ENSP00000369213 9606.ENSP00000371321 0 0 0 87 187 0 129 297 
9606.ENSP00000369213 9606.ENSP00000356426 0 0 0 0 0 0 441 441 
9606.ENSP00000369213 9606.ENSP00000333938 0 0 0 0 0 0 186 186 
9606.ENSP00000369213 9606.ENSP00000361043 0 0 0 79 157 0 230 349 
9606.ENSP00000369213 9606.ENSP00000364212 0 0 0 0 0 0 180 180 
9606.ENSP00000369213 9606.ENSP00000310723 0 0 0 86 0 0 175 214 
9606.ENSP00000369213 9606.ENSP00000478570 0 0 0 0 0 0 224 224 
9606.ENSP00000369213 9606.ENSP00000369292 0 0 0 590 0 0 370 731 
9606.ENSP00000369213 9606.ENSP00000462729 0 0 0 0 0 0 185 185 
9606.ENSP00000369213 9606.ENSP00000328340 0 0 0 63 389 900 879 992 
9606.ENSP00000369213 9606.ENSP00000284818 0 0 0 65 0 0 348 364 
9606.ENSP00000369213 9606.ENSP00000284690 0 0 0 62 0 0 181 199 
9606.ENSP00000369213 9606.ENSP00000296871 0 0 0 0 0 0 473 473 
9606.ENSP00000369213 9606.ENSP00000466399 0 0 0 63 186 0 222 354 
9606.ENSP00000369213 9606.ENSP00000215794 0 0 0 729 0 900 561 987 
9606.ENSP00000369213 9606.ENSP00000322439 0 0 0 0 0 0 309 309 
9606.ENSP00000369213 9606.ENSP00000341268 0 0 0 64 0 0 443 456 
9606.ENSP00000369213 9606.ENSP00000345672 0 0 0 61 0 0 287 301 
9606.ENSP00000369213 9606.ENSP00000291592 0 0 0 61 0 0 167 184 
9606.ENSP00000369213 9606.ENSP00000375730 0 0 0 0 0 0 150 150 
9606.ENSP00000369213 9606.ENSP00000375863 0 0 0 48 0 0 171 177 
9606.ENSP00000369213 9606.ENSP00000218224 0 0 0 64 0 0 185 205 
9606.ENSP00000369213 9606.ENSP00000468767 0 0 0 0 0 0 157 157 
9606.ENSP00000369213 9606.ENSP00000463058 0 0 0 0 0 0 258 258 
9606.ENSP00000369213 9606.ENSP00000385090 0 0 0 61 0 0 571 579 
9606.ENSP00000369213 9606.ENSP00000328174 0 0 0 49 185 0 204 329 
9606.ENSP00000369213 9606.ENSP00000298355 0 0 0 0 0 0 165 165 
9606.ENSP00000369213 9606.ENSP00000019317 0 0 0 64 0 0 136 156 
9606.ENSP00000369213 9606.ENSP00000404833 0 0 0 80 0 0 201 233 
9606.ENSP00000369213 9606.ENSP00000360883 0 0 0 815 336 0 585 944 
9606.ENSP00000369213 9606.ENSP00000388107 0 0 0 0 0 900 41 900 
9606.ENSP00000369213 9606.ENSP00000290219 0 0 0 0 0 0 310 310 
9606.ENSP00000369213 9606.ENSP00000382707 0 0 0 133 0 0 570 611 
9606.ENSP00000369213 9606.ENSP00000369558 0 0 0 0 0 0 386 386 
9606.ENSP00000369213 9606.ENSP00000425561 0 0 0 63 0 0 215 233 
9606.ENSP00000369213 9606.ENSP00000386378 0 0 0 0 0 0 243 243 
9606.ENSP00000369213 9606.ENSP00000273859 0 0 0 62 0 0 373 386 
9606.ENSP00000369213 9606.ENSP00000385269 0 0 0 0 0 0 150 150 
9606.ENSP00000369213 9606.ENSP00000424827 0 0 0 86 0 0 194 232 
9606.ENSP00000369213 9606.ENSP00000412361 0 0 0 0 265 0 68 285 
9606.ENSP00000369213 9606.ENSP00000356530 0 0 0 62 53 0 755 763 
9606.ENSP00000369213 9606.ENSP00000359424 0 0 0 49 62 900 347 933 
9606.ENSP00000369213 9606.ENSP00000417003 0 0 0 61 0 0 197 213 
9606.ENSP00000369213 9606.ENSP00000340329 0 0 0 0 0 0 212 212 
9606.ENSP00000369213 9606.ENSP00000253024 0 0 0 63 57 0 201 232 
9606.ENSP00000369213 9606.ENSP00000348074 0 0 0 0 0 0 309 309 
9606.ENSP00000369213 9606.ENSP00000307491 0 0 0 142 0 0 58 157 
9606.ENSP00000369213 9606.ENSP00000258428 0 0 0 63 262 0 139 352 
9606.ENSP00000369213 9606.ENSP00000418194 0 0 0 472 0 0 145 529 
9606.ENSP00000369213 9606.ENSP00000364649 0 0 0 0 0 0 198 198 
9606.ENSP00000369213 9606.ENSP00000311280 0 0 0 70 0 0 124 150 
9606.ENSP00000369213 9606.ENSP00000285398 0 0 0 64 0 0 178 197 
9606.ENSP00000369213 9606.ENSP00000314807 0 0 0 0 0 0 169 169 
9606.ENSP00000369213 9606.ENSP00000323421 0 0 0 62 133 0 87 192 
9606.ENSP00000369213 9606.ENSP00000301178 0 0 0 0 53 0 201 211 
9606.ENSP00000369213 9606.ENSP00000337432 0 0 0 0 0 0 186 186 
9606.ENSP00000369213 9606.ENSP00000438038 0 0 0 0 0 0 156 156 
9606.ENSP00000369213 9606.ENSP00000364858 0 0 0 135 0 0 117 205 
9606.ENSP00000369213 9606.ENSP00000340507 0 0 0 63 57 0 479 499 
9606.ENSP00000369213 9606.ENSP00000370150 0 0 0 61 179 0 73 223 
9606.ENSP00000369213 9606.ENSP00000387334 0 0 0 62 0 900 668 966 
9606.ENSP00000369213 9606.ENSP00000479618 0 0 0 0 0 0 390 390 
9606.ENSP00000369213 9606.ENSP00000391723 0 0 0 61 0 0 179 196 
9606.ENSP00000369213 9606.ENSP00000244007 0 0 0 0 0 900 42 900 
9606.ENSP00000369213 9606.ENSP00000308000 0 0 0 77 0 0 313 338 
9606.ENSP00000369213 9606.ENSP00000374213 0 0 0 159 157 0 68 281 
9606.ENSP00000369213 9606.ENSP00000239938 0 0 0 0 0 0 228 228 
9606.ENSP00000369213 9606.ENSP00000384537 0 0 0 0 0 0 173 173 
9606.ENSP00000369213 9606.ENSP00000327824 0 0 0 0 0 0 450 450 
9606.ENSP00000369213 9606.ENSP00000263431 0 0 0 0 305 0 71 326 
9606.ENSP00000369213 9606.ENSP00000263645 0 0 0 0 0 0 388 388 
9606.ENSP00000369213 9606.ENSP00000310842 0 0 0 82 0 0 333 361 
9606.ENSP00000369213 9606.ENSP00000385675 0 0 0 62 0 0 669 676 
9606.ENSP00000369213 9606.ENSP00000263209 0 0 0 62 0 0 191 209 
9606.ENSP00000369213 9606.ENSP00000364235 0 0 0 0 0 0 388 388 
9606.ENSP00000369213 9606.ENSP00000354901 0 0 0 86 0 0 399 427 
9606.ENSP00000369213 9606.ENSP00000245255 0 0 0 62 0 0 226 243 
9606.ENSP00000369213 9606.ENSP00000222005 0 0 0 0 0 0 177 177 
9606.ENSP00000369213 9606.ENSP00000485243 0 0 0 0 0 900 0 900 
9606.ENSP00000369213 9606.ENSP00000358525 0 0 0 0 0 0 152 152 
9606.ENSP00000369213 9606.ENSP00000362649 0 0 0 49 0 0 188 194 
9606.ENSP00000369213 9606.ENSP00000229268 0 0 0 0 0 0 198 198 
9606.ENSP00000369213 9606.ENSP00000282251 0 0 0 163 0 0 0 163 
9606.ENSP00000369213 9606.ENSP00000473290 0 0 0 0 0 0 161 161 
9606.ENSP00000369213 9606.ENSP00000386884 0 0 0 0 0 0 250 250 
9606.ENSP00000369213 9606.ENSP00000362108 0 0 0 49 0 0 168 175 
9606.ENSP00000369213 9606.ENSP00000354957 0 0 0 64 194 0 328 449 
9606.ENSP00000369213 9606.ENSP00000306123 0 0 0 226 0 0 0 226 
9606.ENSP00000369213 9606.ENSP00000383044 0 0 0 63 0 900 540 953 
9606.ENSP00000369213 9606.ENSP00000363318 0 0 0 62 0 0 144 162 
9606.ENSP00000369213 9606.ENSP00000258383 0 0 0 63 186 0 111 262 
9606.ENSP00000369213 9606.ENSP00000370989 0 0 0 135 0 0 347 411 
9606.ENSP00000369213 9606.ENSP00000310275 0 0 0 0 0 0 199 199 
9606.ENSP00000369213 9606.ENSP00000347495 0 0 0 77 0 0 132 165 
9606.ENSP00000369213 9606.ENSP00000293778 0 0 0 62 0 0 137 156 
9606.ENSP00000369213 9606.ENSP00000366249 0 0 0 62 435 0 268 578 
9606.ENSP00000369213 9606.ENSP00000477213 0 0 0 0 0 0 230 230 
9606.ENSP00000369213 9606.ENSP00000411355 0 0 0 63 64 0 285 318 
9606.ENSP00000369213 9606.ENSP00000315477 0 0 0 0 0 0 473 473 
9606.ENSP00000369213 9606.ENSP00000351671 0 0 0 0 0 0 286 286 
9606.ENSP00000369213 9606.ENSP00000339398 0 0 0 0 0 0 165 165 
9606.ENSP00000369213 9606.ENSP00000260045 0 0 0 0 379 0 179 468 
9606.ENSP00000369213 9606.ENSP00000290524 0 0 0 0 0 0 179 179 
9606.ENSP00000369213 9606.ENSP00000245817 0 0 0 0 0 0 173 173 
9606.ENSP00000369213 9606.ENSP00000268704 0 0 0 0 0 0 398 398 
9606.ENSP00000369213 9606.ENSP00000246657 0 0 0 65 0 0 291 308 
9606.ENSP00000369213 9606.ENSP00000227638 0 0 0 0 0 0 196 196 
9606.ENSP00000369213 9606.ENSP00000299001 0 0 0 62 0 0 230 247 
9606.ENSP00000369213 9606.ENSP00000464265 0 0 0 62 185 0 0 202 
9606.ENSP00000369213 9606.ENSP00000364859 0 0 0 110 0 0 187 246 
9606.ENSP00000369213 9606.ENSP00000416168 0 0 0 148 0 0 52 158 
9606.ENSP00000369213 9606.ENSP00000348299 0 0 0 63 260 0 172 375 
9606.ENSP00000369213 9606.ENSP00000156084 0 0 0 0 0 900 527 950 
9606.ENSP00000369213 9606.ENSP00000313811 0 0 0 86 0 0 145 185 
9606.ENSP00000369213 9606.ENSP00000333266 0 0 0 216 0 900 385 947 
9606.ENSP00000369213 9606.ENSP00000352039 0 0 0 62 0 0 441 453 
9606.ENSP00000369213 9606.ENSP00000433138 0 0 0 185 0 0 817 845 
9606.ENSP00000369213 9606.ENSP00000363079 0 0 0 0 0 0 239 239 
9606.ENSP00000369213 9606.ENSP00000356981 0 0 0 54 379 900 259 950 
9606.ENSP00000369213 9606.ENSP00000423503 0 0 0 0 0 900 0 900 
9606.ENSP00000369213 9606.ENSP00000263056 0 0 0 85 0 0 153 192 
9606.ENSP00000369213 9606.ENSP00000355988 0 0 0 0 0 0 250 250 
9606.ENSP00000369213 9606.ENSP00000401980 0 0 0 61 899 900 973 999 
9606.ENSP00000369213 9606.ENSP00000326381 0 0 0 0 0 0 260 260 
9606.ENSP00000369213 9606.ENSP00000263239 0 0 0 0 0 0 340 340 
9606.ENSP00000369213 9606.ENSP00000433209 0 0 0 62 0 0 262 278 
9606.ENSP00000369213 9606.ENSP00000278407 0 0 0 62 0 0 231 248 
9606.ENSP00000369213 9606.ENSP00000377601 0 0 0 108 157 0 68 237 
9606.ENSP00000369213 9606.ENSP00000476960 0 0 0 49 0 0 153 160 
9606.ENSP00000369213 9606.ENSP00000268607 0 0 0 0 0 0 163 163 
9606.ENSP00000369213 9606.ENSP00000329654 0 0 0 0 0 0 349 349 
9606.ENSP00000369213 9606.ENSP00000466121 0 0 0 62 0 0 223 240 
9606.ENSP00000369213 9606.ENSP00000300589 0 0 0 85 0 0 675 690 
9606.ENSP00000369213 9606.ENSP00000293330 0 0 0 0 0 0 188 188 
9606.ENSP00000369213 9606.ENSP00000307853 0 0 0 63 413 0 403 642 
9606.ENSP00000369213 9606.ENSP00000265773 0 0 0 119 157 0 113 284 
9606.ENSP00000369213 9606.ENSP00000360918 0 0 0 61 0 0 240 255 
9606.ENSP00000369213 9606.ENSP00000251636 0 0 0 83 0 0 512 533 
9606.ENSP00000369213 9606.ENSP00000261340 0 0 0 62 0 0 161 179 
9606.ENSP00000369213 9606.ENSP00000288071 0 0 0 0 0 0 168 168 
9606.ENSP00000369213 9606.ENSP00000296444 0 0 0 64 0 0 180 200 
9606.ENSP00000369213 9606.ENSP00000358165 0 0 0 62 0 0 170 188 
9606.ENSP00000369213 9606.ENSP00000287598 0 0 0 65 0 0 132 153 
9606.ENSP00000369213 9606.ENSP00000363019 0 0 0 0 333 900 318 950 
9606.ENSP00000369213 9606.ENSP00000304915 0 0 0 0 0 0 376 376 
9606.ENSP00000369213 9606.ENSP00000250092 0 0 0 0 0 0 168 168 
9606.ENSP00000369213 9606.ENSP00000266557 0 0 0 0 0 0 301 301 
9606.ENSP00000369213 9606.ENSP00000268058 0 0 0 128 57 0 327 398 
9606.ENSP00000369213 9606.ENSP00000358089 0 0 0 64 0 0 227 245 
9606.ENSP00000369213 9606.ENSP00000296870 0 0 0 0 0 0 165 165 
9606.ENSP00000369213 9606.ENSP00000321345 0 0 0 0 0 0 150 150 
9606.ENSP00000369213 9606.ENSP00000262843 0 0 0 63 57 0 224 254 
9606.ENSP00000369213 9606.ENSP00000428281 0 0 0 0 0 0 231 231 
9606.ENSP00000369213 9606.ENSP00000428220 0 0 0 118 358 0 383 620 
9606.ENSP00000369213 9606.ENSP00000309749 0 0 0 0 0 0 207 207 
9606.ENSP00000369213 9606.ENSP00000483430 0 0 0 196 0 0 473 558 
9606.ENSP00000369213 9606.ENSP00000375899 0 0 0 116 57 0 70 157 
9606.ENSP00000369213 9606.ENSP00000280357 0 0 0 61 0 0 641 648 
9606.ENSP00000369213 9606.ENSP00000407818 0 0 0 62 0 0 146 165 
9606.ENSP00000369213 9606.ENSP00000384018 0 0 0 148 0 0 57 163 
9606.ENSP00000369213 9606.ENSP00000339063 0 0 0 0 0 0 177 177 
9606.ENSP00000369213 9606.ENSP00000361965 0 0 0 0 0 0 335 335 
9606.ENSP00000369213 9606.ENSP00000360215 0 0 0 218 0 0 554 637 
9606.ENSP00000369213 9606.ENSP00000365402 0 0 0 65 0 0 213 232 
9606.ENSP00000369213 9606.ENSP00000350036 0 0 0 62 133 0 87 192 
9606.ENSP00000369213 9606.ENSP00000360860 0 0 0 725 0 0 525 864 
9606.ENSP00000369213 9606.ENSP00000252011 0 0 0 64 0 0 175 195 
9606.ENSP00000369213 9606.ENSP00000357152 0 0 0 0 0 0 297 297 
9606.ENSP00000369213 9606.ENSP00000440402 0 0 0 64 100 0 176 245 
9606.ENSP00000369213 9606.ENSP00000479243 0 0 0 0 0 0 335 335 
9606.ENSP00000369213 9606.ENSP00000349325 0 0 0 62 0 0 134 152 
9606.ENSP00000369213 9606.ENSP00000348632 0 0 0 54 328 0 281 503 
9606.ENSP00000369213 9606.ENSP00000362195 0 0 0 62 0 0 378 392 
9606.ENSP00000369213 9606.ENSP00000263798 0 0 0 0 53 0 187 197 
9606.ENSP00000369213 9606.ENSP00000390651 0 0 0 62 53 0 476 493 
9606.ENSP00000369213 9606.ENSP00000364210 0 0 0 0 0 0 265 265 
9606.ENSP00000369213 9606.ENSP00000333298 0 0 0 0 0 0 237 237 
9606.ENSP00000369213 9606.ENSP00000248901 0 0 0 63 0 0 420 433 
9606.ENSP00000369213 9606.ENSP00000380638 0 0 0 62 0 0 167 185 
9606.ENSP00000369213 9606.ENSP00000385722 0 0 0 173 0 0 0 173 
9606.ENSP00000369213 9606.ENSP00000323424 0 0 0 86 0 0 156 195 
9606.ENSP00000369213 9606.ENSP00000369716 0 0 0 63 157 0 68 199 
9606.ENSP00000369213 9606.ENSP00000408979 0 0 0 82 0 0 156 192 
9606.ENSP00000369213 9606.ENSP00000264951 0 0 0 65 0 0 319 336 
9606.ENSP00000369213 9606.ENSP00000419945 0 0 0 0 0 0 297 297 
9606.ENSP00000369213 9606.ENSP00000399168 0 0 0 76 0 0 174 204 
9606.ENSP00000369213 9606.ENSP00000454748 0 0 0 61 0 0 139 156 
9606.ENSP00000369213 9606.ENSP00000359434 0 0 0 0 0 0 311 311 
9606.ENSP00000369213 9606.ENSP00000220751 0 0 0 62 53 0 446 464 
9606.ENSP00000369213 9606.ENSP00000296343 0 0 0 64 0 0 214 232 
9606.ENSP00000369213 9606.ENSP00000348460 0 0 0 0 0 0 203 203 
9606.ENSP00000369213 9606.ENSP00000380033 0 0 0 51 0 0 245 253 
9606.ENSP00000369213 9606.ENSP00000358092 0 0 0 0 0 0 161 161 
9606.ENSP00000369213 9606.ENSP00000352071 0 0 0 0 0 0 169 169 
9606.ENSP00000369213 9606.ENSP00000343957 0 0 0 62 0 0 559 568 
9606.ENSP00000369213 9606.ENSP00000357150 0 0 0 0 0 0 200 200 
9606.ENSP00000369213 9606.ENSP00000215832 0 0 0 0 0 0 297 297 
9606.ENSP00000369213 9606.ENSP00000347232 0 0 0 88 261 0 234 438 
9606.ENSP00000369213 9606.ENSP00000203664 0 0 0 0 0 0 249 249 
9606.ENSP00000369213 9606.ENSP00000256257 0 0 0 61 379 0 207 497 
9606.ENSP00000369213 9606.ENSP00000460236 0 0 0 0 0 0 186 186 
9606.ENSP00000369213 9606.ENSP00000244709 0 0 0 0 0 0 276 276 
9606.ENSP00000369213 9606.ENSP00000310520 0 0 0 61 288 0 269 468 
9606.ENSP00000369213 9606.ENSP00000363773 0 0 0 63 0 0 149 169 
9606.ENSP00000369213 9606.ENSP00000312439 0 0 0 0 0 0 150 150 
9606.ENSP00000369213 9606.ENSP00000361405 0 0 0 0 0 0 185 185 
9606.ENSP00000369213 9606.ENSP00000291707 0 0 0 0 178 0 57 191 
9606.ENSP00000369213 9606.ENSP00000366682 0 0 0 62 0 0 166 184 
9606.ENSP00000369213 9606.ENSP00000369574 0 0 0 0 0 0 511 511 
9606.ENSP00000369213 9606.ENSP00000392028 0 0 0 113 157 0 90 260 
9606.ENSP00000369213 9606.ENSP00000369554 0 0 0 0 0 0 530 530 
9606.ENSP00000369213 9606.ENSP00000262039 0 0 0 64 133 0 260 347 
9606.ENSP00000369213 9606.ENSP00000446271 0 0 0 0 0 0 388 388 
9606.ENSP00000369213 9606.ENSP00000295522 0 0 0 0 0 0 161 161 
9606.ENSP00000369213 9606.ENSP00000362300 0 0 0 55 173 0 189 311 
9606.ENSP00000369213 9606.ENSP00000369411 0 0 0 61 80 0 159 210 
9606.ENSP00000369213 9606.ENSP00000427123 0 0 0 50 174 0 0 181 
9606.ENSP00000369213 9606.ENSP00000351416 0 0 0 61 0 0 455 466 
9606.ENSP00000369213 9606.ENSP00000444856 0 0 0 49 0 0 222 228 
9606.ENSP00000369213 9606.ENSP00000412326 0 0 0 0 0 0 180 180 
9606.ENSP00000369213 9606.ENSP00000422947 0 0 0 91 57 0 210 263 
9606.ENSP00000369213 9606.ENSP00000346839 0 0 0 0 0 0 187 187 
9606.ENSP00000369213 9606.ENSP00000352738 0 0 0 0 0 0 277 277 
9606.ENSP00000369213 9606.ENSP00000485323 0 0 0 0 0 900 0 900 
9606.ENSP00000369213 9606.ENSP00000425582 0 0 0 0 0 900 0 900 
9606.ENSP00000369213 9606.ENSP00000258962 0 0 0 62 0 0 663 670 
9606.ENSP00000369213 9606.ENSP00000325663 0 0 0 84 0 0 150 189 
9606.ENSP00000369213 9606.ENSP00000445381 0 0 0 80 133 0 62 186 
9606.ENSP00000369213 9606.ENSP00000264552 0 0 0 0 70 0 173 198 
9606.ENSP00000369213 9606.ENSP00000245903 0 0 0 0 0 0 214 214 
9606.ENSP00000369213 9606.ENSP00000216727 0 0 0 0 0 0 293 293 
9606.ENSP00000369213 9606.ENSP00000261427 0 0 0 0 333 900 116 935 
9606.ENSP00000369213 9606.ENSP00000231790 0 0 0 108 53 0 319 374 
9606.ENSP00000369213 9606.ENSP00000264380 0 0 0 144 0 0 71 171 
9606.ENSP00000369213 9606.ENSP00000365924 0 0 0 63 57 0 216 246 
9606.ENSP00000369213 9606.ENSP00000248244 0 0 0 61 0 0 669 675 
9606.ENSP00000369213 9606.ENSP00000364589 0 0 0 49 0 0 149 156 
9606.ENSP00000369213 9606.ENSP00000375857 0 0 0 0 0 0 533 533 
9606.ENSP00000369213 9606.ENSP00000336741 0 0 0 62 0 0 213 230 
9606.ENSP00000369213 9606.ENSP00000253110 0 0 0 159 0 0 111 221 
9606.ENSP00000369213 9606.ENSP00000359512 0 0 0 142 0 0 206 289 
9606.ENSP00000369213 9606.ENSP00000331127 0 0 0 62 133 0 62 170 
9606.ENSP00000369213 9606.ENSP00000298139 0 0 0 88 261 0 234 438 
9606.ENSP00000369213 9606.ENSP00000379931 0 0 0 0 70 0 330 350 
9606.ENSP00000369213 9606.ENSP00000451974 0 0 0 63 157 0 352 443 
9606.ENSP00000369213 9606.ENSP00000356713 0 0 0 0 0 0 311 311 
9606.ENSP00000369213 9606.ENSP00000261900 0 0 0 0 0 0 188 188 
9606.ENSP00000369213 9606.ENSP00000267460 0 0 0 49 0 0 173 180 
9606.ENSP00000369213 9606.ENSP00000375653 0 0 0 0 0 0 412 412 
9606.ENSP00000369213 9606.ENSP00000270625 0 0 0 0 0 0 223 223 
9606.ENSP00000369213 9606.ENSP00000345656 0 0 0 0 131 0 110 193 
9606.ENSP00000369213 9606.ENSP00000367527 0 0 0 63 125 0 86 185 
9606.ENSP00000369213 9606.ENSP00000231487 0 0 0 0 0 0 170 170 
9606.ENSP00000369213 9606.ENSP00000299663 0 0 0 61 0 0 349 362 
9606.ENSP00000369213 9606.ENSP00000411152 0 0 0 0 0 0 405 405 
9606.ENSP00000369213 9606.ENSP00000379111 0 0 0 83 0 0 141 179 
9606.ENSP00000369213 9606.ENSP00000362550 0 0 0 64 0 0 211 230 
9606.ENSP00000369213 9606.ENSP00000482504 0 0 0 0 0 0 170 170 
9606.ENSP00000369213 9606.ENSP00000420617 0 0 0 63 0 0 287 303 
9606.ENSP00000369213 9606.ENSP00000440428 0 0 0 0 0 0 299 299 
9606.ENSP00000369213 9606.ENSP00000251241 0 0 0 64 0 0 154 174 
9606.ENSP00000369213 9606.ENSP00000354791 0 0 0 163 0 0 0 163 
9606.ENSP00000369213 9606.ENSP00000362807 0 0 0 0 0 0 172 172 
