9606.ENSP00000249014 9606.ENSP00000379704 0 0 0 0 0 0 356 356 
9606.ENSP00000249014 9606.ENSP00000467266 0 0 0 0 0 0 557 557 
9606.ENSP00000249014 9606.ENSP00000307513 0 0 0 88 0 0 162 203 
9606.ENSP00000249014 9606.ENSP00000365891 0 0 0 0 0 0 188 188 
9606.ENSP00000249014 9606.ENSP00000341489 0 0 0 155 0 0 127 230 
9606.ENSP00000249014 9606.ENSP00000361850 0 0 0 77 0 0 157 188 
9606.ENSP00000249014 9606.ENSP00000371420 0 0 0 0 0 0 169 169 
9606.ENSP00000249014 9606.ENSP00000432568 0 0 0 65 0 0 250 268 
9606.ENSP00000249014 9606.ENSP00000292385 0 0 0 65 0 0 203 223 
9606.ENSP00000249014 9606.ENSP00000268182 0 0 0 0 0 0 182 182 
9606.ENSP00000249014 9606.ENSP00000470539 0 0 0 0 0 0 272 272 
9606.ENSP00000249014 9606.ENSP00000306662 0 0 0 95 0 0 105 156 
9606.ENSP00000249014 9606.ENSP00000345282 0 0 0 0 0 0 398 398 
9606.ENSP00000249014 9606.ENSP00000375334 0 0 0 0 0 0 358 358 
9606.ENSP00000249014 9606.ENSP00000363136 0 0 0 0 0 0 187 187 
9606.ENSP00000249014 9606.ENSP00000383118 0 0 0 0 226 0 510 604 
9606.ENSP00000249014 9606.ENSP00000308716 0 0 0 0 0 0 210 210 
9606.ENSP00000249014 9606.ENSP00000255882 0 0 0 0 0 0 413 413 
9606.ENSP00000249014 9606.ENSP00000335592 0 0 0 0 0 0 163 163 
9606.ENSP00000249014 9606.ENSP00000369702 0 0 0 61 0 0 165 182 
9606.ENSP00000249014 9606.ENSP00000381992 0 0 0 0 0 0 369 369 
9606.ENSP00000249014 9606.ENSP00000368818 0 0 0 65 0 0 266 285 
9606.ENSP00000249014 9606.ENSP00000363419 0 0 0 0 0 0 429 429 
9606.ENSP00000249014 9606.ENSP00000358596 0 0 0 0 0 0 253 253 
9606.ENSP00000249014 9606.ENSP00000301634 0 0 0 0 0 0 171 171 
9606.ENSP00000249014 9606.ENSP00000378408 0 0 0 0 0 0 313 313 
9606.ENSP00000249014 9606.ENSP00000374552 0 0 0 0 0 0 197 197 
9606.ENSP00000249014 9606.ENSP00000272321 0 0 0 0 0 0 262 262 
9606.ENSP00000249014 9606.ENSP00000265960 0 0 0 0 192 0 0 192 
9606.ENSP00000249014 9606.ENSP00000331258 0 0 0 0 0 0 250 250 
9606.ENSP00000249014 9606.ENSP00000380759 0 0 0 0 0 0 179 179 
9606.ENSP00000249014 9606.ENSP00000319831 0 0 0 0 232 0 0 232 
9606.ENSP00000249014 9606.ENSP00000256538 0 0 0 0 0 0 159 159 
9606.ENSP00000249014 9606.ENSP00000280333 0 0 0 107 0 0 159 217 
9606.ENSP00000249014 9606.ENSP00000367841 0 0 0 0 0 0 154 154 
9606.ENSP00000249014 9606.ENSP00000309597 0 0 0 0 0 0 166 166 
9606.ENSP00000249014 9606.ENSP00000441913 0 0 0 69 0 0 178 202 
9606.ENSP00000249014 9606.ENSP00000435233 0 0 0 91 0 0 225 265 
9606.ENSP00000249014 9606.ENSP00000368164 0 0 0 0 0 0 306 306 
9606.ENSP00000249014 9606.ENSP00000384570 0 0 0 120 0 0 149 219 
9606.ENSP00000249014 9606.ENSP00000310670 0 0 0 0 0 0 167 167 
9606.ENSP00000249014 9606.ENSP00000382982 0 0 0 0 0 0 155 155 
9606.ENSP00000249014 9606.ENSP00000263674 0 0 0 98 0 0 477 508 
9606.ENSP00000249014 9606.ENSP00000407118 0 0 0 0 0 0 644 644 
9606.ENSP00000249014 9606.ENSP00000481012 0 0 0 151 0 0 0 151 
9606.ENSP00000249014 9606.ENSP00000334329 0 0 0 107 0 0 194 250 
9606.ENSP00000249014 9606.ENSP00000296238 0 0 0 0 0 0 168 168 
9606.ENSP00000249014 9606.ENSP00000316454 0 0 0 0 0 0 196 196 
9606.ENSP00000249014 9606.ENSP00000261374 0 0 0 0 0 0 461 461 
9606.ENSP00000249014 9606.ENSP00000269593 0 0 0 98 0 0 108 161 
9606.ENSP00000249014 9606.ENSP00000338573 0 0 0 0 0 0 217 217 
9606.ENSP00000249014 9606.ENSP00000352284 0 0 0 0 0 0 211 211 
9606.ENSP00000249014 9606.ENSP00000308576 0 0 0 98 0 0 111 163 
9606.ENSP00000249014 9606.ENSP00000227918 0 0 0 0 0 0 240 240 
9606.ENSP00000249014 9606.ENSP00000272452 0 0 0 0 0 0 173 173 
9606.ENSP00000249014 9606.ENSP00000442736 0 0 0 111 0 0 97 162 
9606.ENSP00000249014 9606.ENSP00000347739 0 0 0 0 0 0 173 173 
9606.ENSP00000249014 9606.ENSP00000265872 0 0 0 0 0 0 345 345 
9606.ENSP00000249014 9606.ENSP00000261195 0 0 0 0 0 0 264 264 
9606.ENSP00000249014 9606.ENSP00000365301 0 0 0 0 0 0 161 161 
9606.ENSP00000249014 9606.ENSP00000435585 0 0 0 97 0 0 284 325 
9606.ENSP00000249014 9606.ENSP00000310491 0 0 0 0 0 0 260 260 
9606.ENSP00000249014 9606.ENSP00000206474 0 0 0 0 0 0 163 163 
9606.ENSP00000249014 9606.ENSP00000403852 0 0 0 61 0 0 250 266 
9606.ENSP00000249014 9606.ENSP00000216274 0 0 0 0 0 0 152 152 
9606.ENSP00000249014 9606.ENSP00000325905 0 0 0 0 0 0 188 188 
9606.ENSP00000249014 9606.ENSP00000233575 0 0 0 0 0 0 213 213 
9606.ENSP00000249014 9606.ENSP00000289013 0 0 0 0 0 0 254 254 
9606.ENSP00000249014 9606.ENSP00000370408 0 0 0 0 0 0 443 443 
9606.ENSP00000249014 9606.ENSP00000365682 0 0 0 63 0 0 158 177 
9606.ENSP00000249014 9606.ENSP00000295324 0 0 0 0 0 0 371 371 
9606.ENSP00000249014 9606.ENSP00000332118 0 0 0 95 0 0 102 153 
9606.ENSP00000249014 9606.ENSP00000246112 0 0 0 0 0 0 640 640 
9606.ENSP00000249014 9606.ENSP00000437271 0 0 0 118 0 0 139 209 
9606.ENSP00000249014 9606.ENSP00000337797 0 0 0 0 0 0 154 154 
9606.ENSP00000249014 9606.ENSP00000371308 0 0 0 0 0 0 210 210 
9606.ENSP00000249014 9606.ENSP00000343244 0 0 0 0 0 0 356 356 
9606.ENSP00000249014 9606.ENSP00000357175 0 0 0 49 0 0 308 314 
9606.ENSP00000249014 9606.ENSP00000378992 0 0 0 0 0 0 173 173 
9606.ENSP00000249014 9606.ENSP00000358081 0 0 0 98 0 0 98 151 
9606.ENSP00000249014 9606.ENSP00000353600 0 0 0 0 0 0 173 173 
9606.ENSP00000249014 9606.ENSP00000222329 0 0 0 95 0 0 174 220 
9606.ENSP00000249014 9606.ENSP00000338260 0 0 0 0 0 0 171 171 
9606.ENSP00000249014 9606.ENSP00000278568 0 0 0 0 0 0 191 191 
9606.ENSP00000249014 9606.ENSP00000360472 0 0 0 0 0 0 150 150 
9606.ENSP00000249014 9606.ENSP00000354498 0 0 0 98 0 0 167 217 
9606.ENSP00000249014 9606.ENSP00000238738 0 0 0 0 320 0 527 664 
9606.ENSP00000249014 9606.ENSP00000349486 0 0 0 76 0 0 273 300 
9606.ENSP00000249014 9606.ENSP00000323246 0 0 0 0 0 0 182 182 
9606.ENSP00000249014 9606.ENSP00000379386 0 0 0 0 0 0 174 174 
9606.ENSP00000249014 9606.ENSP00000339754 0 0 0 0 0 0 216 216 
9606.ENSP00000249014 9606.ENSP00000430024 0 0 0 0 0 0 214 214 
9606.ENSP00000249014 9606.ENSP00000388552 0 0 0 0 0 0 211 211 
9606.ENSP00000249014 9606.ENSP00000317904 0 0 0 0 0 0 173 173 
9606.ENSP00000249014 9606.ENSP00000324292 0 0 0 0 0 0 205 205 
9606.ENSP00000249014 9606.ENSP00000217961 0 0 0 0 0 0 414 414 
9606.ENSP00000249014 9606.ENSP00000308770 0 0 0 0 0 0 173 173 
9606.ENSP00000249014 9606.ENSP00000264187 0 0 0 97 0 0 218 264 
9606.ENSP00000249014 9606.ENSP00000400175 0 0 0 62 0 0 211 228 
9606.ENSP00000249014 9606.ENSP00000263773 0 0 0 0 0 0 363 363 
9606.ENSP00000249014 9606.ENSP00000357693 0 0 0 200 0 0 0 200 
9606.ENSP00000249014 9606.ENSP00000326042 0 0 0 0 0 0 157 157 
9606.ENSP00000249014 9606.ENSP00000365312 0 0 0 0 0 0 204 204 
9606.ENSP00000249014 9606.ENSP00000362409 0 0 0 152 0 0 0 152 
9606.ENSP00000249014 9606.ENSP00000298159 0 0 0 63 0 0 143 162 
9606.ENSP00000249014 9606.ENSP00000353654 0 0 0 159 0 0 82 195 
9606.ENSP00000249014 9606.ENSP00000279249 0 0 0 87 0 0 294 328 
9606.ENSP00000249014 9606.ENSP00000301071 0 0 0 0 0 0 294 294 
9606.ENSP00000249014 9606.ENSP00000447488 0 0 0 0 0 0 187 187 
9606.ENSP00000249014 9606.ENSP00000360058 0 0 0 0 0 0 210 210 
9606.ENSP00000249014 9606.ENSP00000338785 0 0 0 76 0 0 122 154 
9606.ENSP00000249014 9606.ENSP00000316729 0 0 0 0 190 0 0 190 
9606.ENSP00000249014 9606.ENSP00000347134 0 0 0 0 0 0 267 267 
9606.ENSP00000249014 9606.ENSP00000452871 0 0 0 0 0 0 204 204 
9606.ENSP00000249014 9606.ENSP00000314067 0 0 0 0 0 0 161 161 
9606.ENSP00000249014 9606.ENSP00000364893 0 0 0 0 0 0 238 238 
9606.ENSP00000249014 9606.ENSP00000240123 0 0 0 119 0 0 98 172 
9606.ENSP00000249014 9606.ENSP00000334665 0 0 0 0 0 0 463 463 
9606.ENSP00000249014 9606.ENSP00000466542 0 0 0 63 0 0 137 156 
9606.ENSP00000249014 9606.ENSP00000373244 0 0 0 0 0 0 167 167 
9606.ENSP00000249014 9606.ENSP00000230321 0 0 0 76 118 0 0 150 
9606.ENSP00000249014 9606.ENSP00000337889 0 0 0 0 0 0 201 201 
9606.ENSP00000249014 9606.ENSP00000301178 0 0 0 69 0 0 209 232 
9606.ENSP00000249014 9606.ENSP00000310561 0 0 0 0 0 0 153 153 
9606.ENSP00000249014 9606.ENSP00000378570 0 0 0 0 0 0 173 173 
9606.ENSP00000249014 9606.ENSP00000338258 0 0 0 98 0 0 338 377 
9606.ENSP00000249014 9606.ENSP00000368349 0 0 0 0 0 0 228 228 
9606.ENSP00000249014 9606.ENSP00000261769 0 0 0 0 101 0 108 164 
9606.ENSP00000249014 9606.ENSP00000427421 0 0 0 0 0 0 310 310 
9606.ENSP00000249014 9606.ENSP00000471457 0 0 0 0 0 0 300 300 
9606.ENSP00000249014 9606.ENSP00000311747 0 0 0 0 0 0 161 161 
9606.ENSP00000249014 9606.ENSP00000328359 0 0 0 0 0 0 197 197 
9606.ENSP00000249014 9606.ENSP00000262547 0 0 0 0 0 0 347 347 
9606.ENSP00000249014 9606.ENSP00000413035 0 0 0 77 0 0 200 230 
9606.ENSP00000249014 9606.ENSP00000428845 0 0 0 0 0 0 277 277 
9606.ENSP00000249014 9606.ENSP00000473290 0 0 0 0 0 0 230 230 
9606.ENSP00000249014 9606.ENSP00000289451 0 0 0 0 0 0 243 243 
9606.ENSP00000249014 9606.ENSP00000341524 0 0 0 0 0 0 319 319 
9606.ENSP00000249014 9606.ENSP00000359423 0 0 0 0 0 0 343 343 
9606.ENSP00000249014 9606.ENSP00000265896 0 0 0 0 0 0 167 167 
9606.ENSP00000249014 9606.ENSP00000378053 0 0 0 0 0 0 260 260 
9606.ENSP00000249014 9606.ENSP00000340176 0 0 0 0 109 0 284 335 
9606.ENSP00000249014 9606.ENSP00000365720 0 0 0 0 0 0 366 366 
9606.ENSP00000249014 9606.ENSP00000363614 0 0 0 0 0 0 292 292 
9606.ENSP00000249014 9606.ENSP00000386175 0 0 0 0 0 0 358 358 
9606.ENSP00000249014 9606.ENSP00000371798 0 0 0 98 0 0 163 212 
9606.ENSP00000249014 9606.ENSP00000441875 0 0 0 61 0 0 136 154 
9606.ENSP00000249014 9606.ENSP00000303580 0 0 0 0 0 0 252 252 
9606.ENSP00000249014 9606.ENSP00000228495 0 0 0 61 0 0 313 327 
9606.ENSP00000249014 9606.ENSP00000332613 0 0 0 85 0 0 261 295 
9606.ENSP00000249014 9606.ENSP00000340937 0 0 0 0 0 0 327 327 
9606.ENSP00000249014 9606.ENSP00000386918 0 0 0 95 0 0 257 299 
9606.ENSP00000249014 9606.ENSP00000322343 0 0 0 0 336 0 0 336 
9606.ENSP00000249014 9606.ENSP00000351209 0 0 0 151 0 0 0 151 
9606.ENSP00000249014 9606.ENSP00000424765 0 0 0 149 0 0 65 171 
9606.ENSP00000249014 9606.ENSP00000369636 0 0 0 151 0 0 0 151 
9606.ENSP00000249014 9606.ENSP00000235310 0 0 0 0 42 0 156 157 
9606.ENSP00000249014 9606.ENSP00000319814 0 0 0 0 0 0 177 177 
9606.ENSP00000249014 9606.ENSP00000261601 0 0 0 0 0 0 181 181 
9606.ENSP00000249014 9606.ENSP00000265748 0 0 0 0 0 0 265 265 
9606.ENSP00000249014 9606.ENSP00000479861 0 0 0 0 0 0 393 393 
9606.ENSP00000249014 9606.ENSP00000211998 0 0 0 0 0 0 287 287 
9606.ENSP00000249014 9606.ENSP00000360170 0 0 0 0 0 0 278 278 
9606.ENSP00000249014 9606.ENSP00000274353 0 0 0 0 0 0 287 287 
9606.ENSP00000249014 9606.ENSP00000335025 0 0 0 0 0 0 248 248 
9606.ENSP00000249014 9606.ENSP00000176763 0 0 0 0 0 0 364 364 
9606.ENSP00000249014 9606.ENSP00000246535 0 0 0 0 0 0 157 157 
9606.ENSP00000249014 9606.ENSP00000276914 0 0 0 0 0 0 165 165 
9606.ENSP00000249014 9606.ENSP00000386213 0 0 0 0 0 0 338 338 
9606.ENSP00000249014 9606.ENSP00000388325 0 0 0 181 0 0 0 181 
9606.ENSP00000249014 9606.ENSP00000364979 0 0 0 119 0 0 99 173 
9606.ENSP00000249014 9606.ENSP00000253055 0 0 0 61 0 0 377 390 
9606.ENSP00000249014 9606.ENSP00000377721 0 0 0 130 0 0 74 159 
9606.ENSP00000249014 9606.ENSP00000351206 0 0 0 0 0 0 342 342 
9606.ENSP00000249014 9606.ENSP00000252597 0 0 0 62 0 0 574 584 
9606.ENSP00000249014 9606.ENSP00000440674 0 0 0 0 0 0 163 163 
9606.ENSP00000249014 9606.ENSP00000427123 0 0 0 87 0 0 141 182 
9606.ENSP00000249014 9606.ENSP00000460547 0 0 0 0 0 0 229 229 
9606.ENSP00000249014 9606.ENSP00000355237 0 0 0 97 0 0 287 329 
9606.ENSP00000249014 9606.ENSP00000325663 0 0 0 0 0 0 186 186 
9606.ENSP00000249014 9606.ENSP00000382474 0 0 0 0 0 0 243 243 
9606.ENSP00000249014 9606.ENSP00000219255 0 0 0 0 0 0 202 202 
9606.ENSP00000249014 9606.ENSP00000378972 0 0 0 0 0 0 173 173 
9606.ENSP00000249014 9606.ENSP00000391249 0 0 0 0 0 0 360 360 
9606.ENSP00000249014 9606.ENSP00000427687 0 0 0 0 0 0 314 314 
9606.ENSP00000249014 9606.ENSP00000358784 0 0 0 0 0 0 255 255 
9606.ENSP00000249014 9606.ENSP00000301200 0 0 0 98 0 0 234 280 
9606.ENSP00000249014 9606.ENSP00000283875 0 0 0 0 0 0 375 375 
9606.ENSP00000249014 9606.ENSP00000340594 0 0 0 0 0 0 491 491 
9606.ENSP00000249014 9606.ENSP00000380666 0 0 0 0 0 0 169 169 
9606.ENSP00000249014 9606.ENSP00000216780 0 0 0 0 0 0 174 174 
9606.ENSP00000249014 9606.ENSP00000337907 0 0 0 0 0 0 201 201 
