9606.ENSP00000260327 9606.ENSP00000377969 0 0 0 55 365 0 252 512 
9606.ENSP00000260327 9606.ENSP00000233596 0 0 0 63 92 0 126 191 
9606.ENSP00000260327 9606.ENSP00000445806 0 0 0 62 0 0 239 256 
9606.ENSP00000260327 9606.ENSP00000386135 0 0 0 61 185 0 69 225 
9606.ENSP00000260327 9606.ENSP00000319192 0 0 0 61 185 0 69 225 
9606.ENSP00000260327 9606.ENSP00000249269 0 0 0 63 132 0 85 190 
9606.ENSP00000260327 9606.ENSP00000270538 0 0 0 65 161 0 173 294 
9606.ENSP00000260327 9606.ENSP00000416750 0 0 0 61 185 0 69 225 
9606.ENSP00000260327 9606.ENSP00000358374 0 0 0 265 0 0 0 265 
9606.ENSP00000260327 9606.ENSP00000325376 0 0 0 63 0 0 212 230 
9606.ENSP00000260327 9606.ENSP00000219252 0 0 0 98 185 0 67 254 
9606.ENSP00000260327 9606.ENSP00000355388 0 0 0 122 84 0 0 161 
9606.ENSP00000260327 9606.ENSP00000480421 0 0 0 76 161 0 66 213 
9606.ENSP00000260327 9606.ENSP00000444029 0 0 0 96 129 0 0 179 
9606.ENSP00000260327 9606.ENSP00000444136 0 0 0 61 196 0 68 234 
9606.ENSP00000260327 9606.ENSP00000225504 0 0 0 88 81 0 103 182 
9606.ENSP00000260327 9606.ENSP00000279387 0 0 0 107 0 0 180 237 
9606.ENSP00000260327 9606.ENSP00000381270 0 0 0 0 0 0 634 634 
9606.ENSP00000260327 9606.ENSP00000360782 0 0 0 63 132 0 58 166 
9606.ENSP00000260327 9606.ENSP00000467141 0 0 0 53 186 0 127 268 
9606.ENSP00000260327 9606.ENSP00000418754 0 0 0 53 261 0 76 296 
9606.ENSP00000260327 9606.ENSP00000359216 0 0 0 100 0 0 166 217 
9606.ENSP00000260327 9606.ENSP00000327255 0 0 0 61 64 0 287 318 
9606.ENSP00000260327 9606.ENSP00000394734 0 0 0 62 0 0 135 154 
9606.ENSP00000260327 9606.ENSP00000326031 0 0 0 85 0 0 132 172 
9606.ENSP00000260327 9606.ENSP00000378217 0 0 0 63 157 0 47 181 
9606.ENSP00000260327 9606.ENSP00000417196 0 0 0 61 157 0 56 187 
9606.ENSP00000260327 9606.ENSP00000419879 0 0 0 64 50 0 173 200 
9606.ENSP00000260327 9606.ENSP00000263857 0 0 0 63 185 0 76 233 
9606.ENSP00000260327 9606.ENSP00000296786 0 0 0 85 0 0 575 594 
9606.ENSP00000260327 9606.ENSP00000265271 0 0 0 239 0 0 0 239 
9606.ENSP00000260327 9606.ENSP00000331111 0 0 0 134 64 0 53 165 
9606.ENSP00000260327 9606.ENSP00000370258 0 0 0 0 0 0 189 189 
9606.ENSP00000260327 9606.ENSP00000370724 0 0 0 62 0 0 175 193 
9606.ENSP00000260327 9606.ENSP00000435210 0 0 0 154 0 0 0 154 
9606.ENSP00000260327 9606.ENSP00000261712 0 0 0 88 131 0 50 181 
9606.ENSP00000260327 9606.ENSP00000301037 0 0 0 63 157 0 57 190 
9606.ENSP00000260327 9606.ENSP00000394484 0 0 0 61 185 0 69 225 
9606.ENSP00000260327 9606.ENSP00000248114 0 0 0 64 0 0 167 186 
9606.ENSP00000260327 9606.ENSP00000380998 0 0 0 74 0 0 135 166 
9606.ENSP00000260327 9606.ENSP00000203407 0 0 0 63 132 0 85 190 
9606.ENSP00000260327 9606.ENSP00000470252 0 0 0 63 81 0 162 216 
9606.ENSP00000260327 9606.ENSP00000282412 0 0 0 91 64 0 90 158 
9606.ENSP00000260327 9606.ENSP00000331462 0 0 0 56 0 0 198 210 
9606.ENSP00000260327 9606.ENSP00000311684 0 0 0 61 185 0 122 269 
9606.ENSP00000260327 9606.ENSP00000217026 0 0 0 63 166 0 0 185 
9606.ENSP00000260327 9606.ENSP00000401470 0 0 0 65 173 0 0 194 
9606.ENSP00000260327 9606.ENSP00000362441 0 0 0 148 50 0 49 163 
9606.ENSP00000260327 9606.ENSP00000381928 0 0 0 0 0 0 382 382 
9606.ENSP00000260327 9606.ENSP00000350512 0 0 0 72 82 0 142 206 
9606.ENSP00000260327 9606.ENSP00000410396 0 0 0 63 0 0 365 380 
9606.ENSP00000260327 9606.ENSP00000270176 0 0 0 59 177 0 0 192 
9606.ENSP00000260327 9606.ENSP00000291906 0 0 0 78 157 0 47 194 
9606.ENSP00000260327 9606.ENSP00000442973 0 0 0 61 185 0 69 225 
9606.ENSP00000260327 9606.ENSP00000322218 0 0 0 63 188 0 80 238 
9606.ENSP00000260327 9606.ENSP00000414624 0 0 0 50 0 0 148 155 
9606.ENSP00000260327 9606.ENSP00000261891 0 0 0 61 185 0 69 225 
9606.ENSP00000260327 9606.ENSP00000329127 0 0 0 69 157 0 47 187 
9606.ENSP00000260327 9606.ENSP00000218089 0 0 0 212 0 0 55 224 
9606.ENSP00000260327 9606.ENSP00000355133 0 0 0 61 0 0 173 190 
9606.ENSP00000260327 9606.ENSP00000244050 0 0 0 0 0 0 171 171 
9606.ENSP00000260327 9606.ENSP00000286523 0 0 0 0 0 0 341 341 
9606.ENSP00000260327 9606.ENSP00000372689 0 0 0 162 0 0 55 174 
9606.ENSP00000260327 9606.ENSP00000220531 0 0 0 77 0 0 468 488 
9606.ENSP00000260327 9606.ENSP00000484525 0 0 0 48 0 0 319 324 
9606.ENSP00000260327 9606.ENSP00000369373 0 0 0 62 0 0 440 452 
9606.ENSP00000260327 9606.ENSP00000367721 0 0 0 138 0 0 248 324 
9606.ENSP00000260327 9606.ENSP00000303434 0 0 0 0 0 0 570 570 
9606.ENSP00000260327 9606.ENSP00000261479 0 0 0 61 0 0 325 339 
9606.ENSP00000260327 9606.ENSP00000370430 0 0 0 61 0 0 348 361 
9606.ENSP00000260327 9606.ENSP00000307023 0 0 0 0 53 0 172 182 
9606.ENSP00000260327 9606.ENSP00000313851 0 0 0 165 0 0 0 165 
9606.ENSP00000260327 9606.ENSP00000357345 0 0 0 62 0 0 168 186 
9606.ENSP00000260327 9606.ENSP00000287437 0 0 0 77 0 0 436 457 
9606.ENSP00000260327 9606.ENSP00000380982 0 0 0 66 0 0 227 247 
9606.ENSP00000260327 9606.ENSP00000370891 0 0 0 62 283 0 0 298 
9606.ENSP00000260327 9606.ENSP00000215570 0 0 0 98 0 0 157 207 
9606.ENSP00000260327 9606.ENSP00000262577 0 0 0 63 0 0 263 280 
9606.ENSP00000260327 9606.ENSP00000484912 0 0 0 61 185 0 69 225 
9606.ENSP00000260327 9606.ENSP00000414558 0 0 0 0 0 0 197 197 
9606.ENSP00000260327 9606.ENSP00000366396 0 0 0 65 125 0 62 166 
9606.ENSP00000260327 9606.ENSP00000259030 0 0 0 0 0 0 267 267 
9606.ENSP00000260327 9606.ENSP00000484288 0 0 0 78 0 0 148 182 
9606.ENSP00000260327 9606.ENSP00000283206 0 0 0 61 0 0 178 195 
9606.ENSP00000260327 9606.ENSP00000384949 0 0 0 61 0 0 223 239 
9606.ENSP00000260327 9606.ENSP00000221801 0 0 0 66 0 0 127 150 
9606.ENSP00000260327 9606.ENSP00000460885 0 0 0 60 84 0 132 187 
9606.ENSP00000260327 9606.ENSP00000310668 0 0 0 70 173 0 0 198 
9606.ENSP00000260327 9606.ENSP00000455507 0 0 0 61 185 0 122 269 
9606.ENSP00000260327 9606.ENSP00000378165 0 0 0 67 0 0 175 198 
9606.ENSP00000260327 9606.ENSP00000282356 0 0 0 61 185 0 69 225 
9606.ENSP00000260327 9606.ENSP00000335560 0 0 0 0 265 0 114 320 
9606.ENSP00000260327 9606.ENSP00000254719 0 0 0 68 0 0 221 243 
9606.ENSP00000260327 9606.ENSP00000386458 0 0 0 157 0 0 50 165 
9606.ENSP00000260327 9606.ENSP00000283426 0 0 0 0 265 0 114 320 
9606.ENSP00000260327 9606.ENSP00000419005 0 0 0 150 0 0 0 150 
9606.ENSP00000260327 9606.ENSP00000245544 0 0 0 0 87 0 253 289 
9606.ENSP00000260327 9606.ENSP00000478121 0 0 0 49 117 0 108 185 
9606.ENSP00000260327 9606.ENSP00000229179 0 0 0 85 87 0 253 322 
9606.ENSP00000260327 9606.ENSP00000424896 0 0 0 86 0 0 186 224 
9606.ENSP00000260327 9606.ENSP00000344909 0 0 0 62 0 0 390 404 
9606.ENSP00000260327 9606.ENSP00000431876 0 0 0 0 0 0 154 154 
9606.ENSP00000260327 9606.ENSP00000334373 0 0 0 64 173 0 216 340 
9606.ENSP00000260327 9606.ENSP00000370938 0 0 0 52 0 0 164 174 
9606.ENSP00000260327 9606.ENSP00000355231 0 0 0 63 179 0 58 212 
9606.ENSP00000260327 9606.ENSP00000312411 0 0 0 62 65 0 127 167 
9606.ENSP00000260327 9606.ENSP00000352438 0 0 0 78 157 0 75 219 
9606.ENSP00000260327 9606.ENSP00000221138 0 0 0 62 0 0 203 220 
9606.ENSP00000260327 9606.ENSP00000368066 0 0 0 0 157 0 50 164 
9606.ENSP00000260327 9606.ENSP00000263196 0 0 0 0 0 0 201 201 
9606.ENSP00000260327 9606.ENSP00000406197 0 0 0 57 0 0 158 172 
9606.ENSP00000260327 9606.ENSP00000306344 0 0 0 0 0 0 674 674 
9606.ENSP00000260327 9606.ENSP00000261596 0 0 0 86 315 0 167 432 
9606.ENSP00000260327 9606.ENSP00000274026 0 0 0 64 59 0 138 174 
9606.ENSP00000260327 9606.ENSP00000009105 0 0 0 61 185 0 69 225 
9606.ENSP00000260327 9606.ENSP00000369154 0 0 0 63 84 0 113 172 
9606.ENSP00000260327 9606.ENSP00000265073 0 0 0 0 167 0 68 190 
9606.ENSP00000260327 9606.ENSP00000379895 0 0 0 0 0 0 305 305 
9606.ENSP00000260327 9606.ENSP00000380824 0 0 0 61 0 0 141 158 
9606.ENSP00000260327 9606.ENSP00000398880 0 0 0 67 74 0 127 181 
9606.ENSP00000260327 9606.ENSP00000431165 0 0 0 63 157 0 47 181 
9606.ENSP00000260327 9606.ENSP00000387262 0 0 0 61 53 0 135 163 
9606.ENSP00000260327 9606.ENSP00000263955 0 0 0 61 185 0 69 225 
9606.ENSP00000260327 9606.ENSP00000362354 0 0 0 86 315 0 167 432 
9606.ENSP00000260327 9606.ENSP00000436049 0 0 0 61 0 0 227 243 
9606.ENSP00000260327 9606.ENSP00000263212 0 0 0 62 65 0 127 167 
9606.ENSP00000260327 9606.ENSP00000364840 0 0 0 53 186 0 76 225 
9606.ENSP00000260327 9606.ENSP00000359531 0 0 0 61 91 0 87 152 
9606.ENSP00000260327 9606.ENSP00000295887 0 0 0 64 50 0 173 200 
9606.ENSP00000260327 9606.ENSP00000392466 0 0 0 0 0 0 195 195 
9606.ENSP00000260327 9606.ENSP00000321266 0 0 0 66 188 0 80 242 
9606.ENSP00000260327 9606.ENSP00000274643 0 0 0 61 185 0 69 225 
9606.ENSP00000260327 9606.ENSP00000303887 0 0 0 61 185 0 69 225 
9606.ENSP00000260327 9606.ENSP00000228347 0 0 0 61 196 0 68 235 
9606.ENSP00000260327 9606.ENSP00000478874 0 0 0 61 185 0 69 225 
9606.ENSP00000260327 9606.ENSP00000294168 0 0 0 62 0 0 131 150 
9606.ENSP00000260327 9606.ENSP00000246194 0 0 0 64 0 0 150 171 
9606.ENSP00000260327 9606.ENSP00000357907 0 0 0 52 0 0 156 165 
9606.ENSP00000260327 9606.ENSP00000348455 0 0 0 73 261 0 50 292 
9606.ENSP00000260327 9606.ENSP00000320236 0 0 0 113 128 0 106 248 
9606.ENSP00000260327 9606.ENSP00000222008 0 0 0 53 261 0 0 270 
9606.ENSP00000260327 9606.ENSP00000284320 0 0 0 60 157 0 137 257 
9606.ENSP00000260327 9606.ENSP00000346255 0 0 0 84 64 0 202 256 
9606.ENSP00000260327 9606.ENSP00000370625 0 0 0 68 196 0 68 241 
9606.ENSP00000260327 9606.ENSP00000357637 0 0 0 60 188 0 50 211 
9606.ENSP00000260327 9606.ENSP00000332454 0 0 0 62 160 0 0 178 
9606.ENSP00000260327 9606.ENSP00000370022 0 0 0 60 188 0 50 211 
9606.ENSP00000260327 9606.ENSP00000401264 0 0 0 120 100 0 0 174 
9606.ENSP00000260327 9606.ENSP00000309432 0 0 0 45 0 0 452 455 
9606.ENSP00000260327 9606.ENSP00000261667 0 0 0 62 129 0 96 196 
9606.ENSP00000260327 9606.ENSP00000356530 0 0 0 62 160 0 0 178 
9606.ENSP00000260327 9606.ENSP00000291386 0 0 0 57 138 0 212 303 
9606.ENSP00000260327 9606.ENSP00000316948 0 0 0 62 0 0 194 212 
9606.ENSP00000260327 9606.ENSP00000263125 0 0 0 63 157 0 47 181 
9606.ENSP00000260327 9606.ENSP00000299259 0 0 0 113 124 0 0 190 
9606.ENSP00000260327 9606.ENSP00000262903 0 0 0 63 157 0 0 176 
9606.ENSP00000260327 9606.ENSP00000309548 0 0 0 51 64 0 228 254 
9606.ENSP00000260327 9606.ENSP00000359552 0 0 0 145 157 0 47 253 
9606.ENSP00000260327 9606.ENSP00000475168 0 0 0 62 0 0 173 191 
9606.ENSP00000260327 9606.ENSP00000268379 0 0 0 63 132 0 58 166 
9606.ENSP00000260327 9606.ENSP00000418563 0 0 0 152 0 0 68 175 
9606.ENSP00000260327 9606.ENSP00000283195 0 0 0 112 137 0 0 201 
9606.ENSP00000260327 9606.ENSP00000273179 0 0 0 0 0 0 169 169 
9606.ENSP00000260327 9606.ENSP00000264951 0 0 0 203 125 0 121 334 
9606.ENSP00000260327 9606.ENSP00000220659 0 0 0 61 91 0 87 152 
9606.ENSP00000260327 9606.ENSP00000425261 0 0 0 64 147 0 129 243 
9606.ENSP00000260327 9606.ENSP00000254616 0 0 0 61 0 0 132 150 
9606.ENSP00000260327 9606.ENSP00000338862 0 0 0 99 0 0 143 195 
9606.ENSP00000260327 9606.ENSP00000257245 0 0 0 63 0 0 173 191 
9606.ENSP00000260327 9606.ENSP00000381984 0 0 0 45 0 0 192 195 
9606.ENSP00000260327 9606.ENSP00000261721 0 0 0 89 0 0 304 339 
9606.ENSP00000260327 9606.ENSP00000362807 0 0 0 0 0 0 250 250 
9606.ENSP00000260327 9606.ENSP00000361672 0 0 0 0 0 0 178 178 
9606.ENSP00000260327 9606.ENSP00000261007 0 0 0 0 0 0 212 212 
9606.ENSP00000260327 9606.ENSP00000437256 0 0 0 46 120 0 81 161 
9606.ENSP00000260327 9606.ENSP00000417659 0 0 0 62 65 0 127 167 
9606.ENSP00000260327 9606.ENSP00000237530 0 0 0 0 177 0 0 177 
9606.ENSP00000260327 9606.ENSP00000363211 0 0 0 89 128 0 106 227 
9606.ENSP00000260327 9606.ENSP00000483254 0 0 0 123 0 0 85 163 
9606.ENSP00000260327 9606.ENSP00000262483 0 0 0 63 188 0 80 238 
9606.ENSP00000260327 9606.ENSP00000379999 0 0 0 89 128 0 139 256 
9606.ENSP00000260327 9606.ENSP00000353646 0 0 0 0 265 0 114 320 
9606.ENSP00000260327 9606.ENSP00000301788 0 0 0 78 93 0 91 174 
9606.ENSP00000260327 9606.ENSP00000343325 0 0 0 92 157 0 47 206 
9606.ENSP00000260327 9606.ENSP00000269499 0 0 0 54 0 0 384 392 
9606.ENSP00000260327 9606.ENSP00000335044 0 0 0 343 0 0 0 343 
9606.ENSP00000260327 9606.ENSP00000448323 0 0 0 61 91 0 87 152 
9606.ENSP00000260327 9606.ENSP00000483507 0 0 0 0 157 0 50 164 
9606.ENSP00000260327 9606.ENSP00000311609 0 0 0 0 0 0 308 308 
9606.ENSP00000260327 9606.ENSP00000438455 0 0 0 65 50 0 131 161 
9606.ENSP00000260327 9606.ENSP00000353246 0 0 0 154 0 0 0 154 
9606.ENSP00000260327 9606.ENSP00000369666 0 0 0 63 131 0 0 150 
9606.ENSP00000260327 9606.ENSP00000476948 0 0 0 0 0 0 234 234 
9606.ENSP00000260327 9606.ENSP00000361704 0 0 0 120 100 0 0 174 
9606.ENSP00000260327 9606.ENSP00000360874 0 0 0 49 63 0 125 152 
9606.ENSP00000260327 9606.ENSP00000247970 0 0 0 72 157 0 127 257 
9606.ENSP00000260327 9606.ENSP00000373702 0 0 0 62 65 0 127 167 
9606.ENSP00000260327 9606.ENSP00000283415 0 0 0 62 0 0 164 182 
9606.ENSP00000260327 9606.ENSP00000346986 0 0 0 142 0 0 50 150 
9606.ENSP00000260327 9606.ENSP00000162749 0 0 0 0 0 0 258 258 
9606.ENSP00000260327 9606.ENSP00000397908 0 0 0 86 315 0 167 432 
9606.ENSP00000260327 9606.ENSP00000480893 0 0 0 89 0 0 343 376 
9606.ENSP00000260327 9606.ENSP00000377024 0 0 0 86 0 0 228 264 
9606.ENSP00000260327 9606.ENSP00000287380 0 0 0 63 0 0 188 206 
9606.ENSP00000260327 9606.ENSP00000387006 0 0 0 118 0 0 86 159 
9606.ENSP00000260327 9606.ENSP00000337838 0 0 0 62 84 0 165 220 
9606.ENSP00000260327 9606.ENSP00000267163 0 0 0 61 0 0 193 210 
9606.ENSP00000260327 9606.ENSP00000358042 0 0 0 85 0 0 542 563 
9606.ENSP00000260327 9606.ENSP00000452401 0 0 0 63 157 0 47 181 
9606.ENSP00000260327 9606.ENSP00000379739 0 0 0 61 132 0 0 150 
9606.ENSP00000260327 9606.ENSP00000379503 0 0 0 51 64 0 228 254 
9606.ENSP00000260327 9606.ENSP00000356967 0 0 0 92 130 0 132 254 
9606.ENSP00000260327 9606.ENSP00000298125 0 0 0 61 0 0 133 151 
9606.ENSP00000260327 9606.ENSP00000378588 0 0 0 61 0 0 132 150 
9606.ENSP00000260327 9606.ENSP00000310301 0 0 0 214 53 0 0 224 
9606.ENSP00000260327 9606.ENSP00000339299 0 0 0 61 185 0 69 225 
9606.ENSP00000260327 9606.ENSP00000420008 0 0 0 61 157 0 56 187 
9606.ENSP00000260327 9606.ENSP00000298281 0 0 0 109 0 0 128 190 
9606.ENSP00000260327 9606.ENSP00000363414 0 0 0 57 0 0 463 472 
9606.ENSP00000260327 9606.ENSP00000361993 0 0 0 57 50 0 131 154 
9606.ENSP00000260327 9606.ENSP00000280098 0 0 0 140 0 0 74 169 
9606.ENSP00000260327 9606.ENSP00000464006 0 0 0 63 188 0 80 238 
9606.ENSP00000260327 9606.ENSP00000298694 0 0 0 0 265 0 114 320 
9606.ENSP00000260327 9606.ENSP00000423276 0 0 0 62 0 0 701 707 
9606.ENSP00000260327 9606.ENSP00000216160 0 0 0 62 65 0 127 168 
9606.ENSP00000260327 9606.ENSP00000378307 0 0 0 168 0 0 0 168 
9606.ENSP00000260327 9606.ENSP00000272645 0 0 0 62 81 0 157 209 
9606.ENSP00000260327 9606.ENSP00000380524 0 0 0 61 185 0 69 225 
9606.ENSP00000260327 9606.ENSP00000264639 0 0 0 65 131 0 0 152 
9606.ENSP00000260327 9606.ENSP00000381768 0 0 0 0 0 0 169 169 
9606.ENSP00000260327 9606.ENSP00000480313 0 0 0 0 0 0 208 208 
9606.ENSP00000260327 9606.ENSP00000362773 0 0 0 46 157 0 127 236 
9606.ENSP00000260327 9606.ENSP00000348442 0 0 0 64 131 0 0 151 
9606.ENSP00000260327 9606.ENSP00000410339 0 0 0 98 130 0 132 259 
9606.ENSP00000260327 9606.ENSP00000302790 0 0 0 105 0 0 98 158 
9606.ENSP00000260327 9606.ENSP00000233055 0 0 0 61 0 0 549 558 
9606.ENSP00000260327 9606.ENSP00000399982 0 0 0 74 0 0 131 161 
9606.ENSP00000260327 9606.ENSP00000343706 0 0 0 61 0 0 133 151 
9606.ENSP00000260327 9606.ENSP00000451818 0 0 0 89 0 0 136 179 
9606.ENSP00000260327 9606.ENSP00000362900 0 0 0 63 0 0 170 189 
9606.ENSP00000260327 9606.ENSP00000367623 0 0 0 49 85 0 261 301 
9606.ENSP00000260327 9606.ENSP00000287647 0 0 0 80 0 0 131 166 
9606.ENSP00000260327 9606.ENSP00000386959 0 0 0 61 185 0 69 225 
9606.ENSP00000260327 9606.ENSP00000322898 0 0 0 60 188 0 50 211 
9606.ENSP00000260327 9606.ENSP00000430241 0 0 0 60 188 0 50 211 
9606.ENSP00000260327 9606.ENSP00000255448 0 0 0 61 185 0 85 238 
9606.ENSP00000260327 9606.ENSP00000306397 0 0 0 61 167 0 50 192 
9606.ENSP00000260327 9606.ENSP00000291041 0 0 0 61 185 0 69 225 
9606.ENSP00000260327 9606.ENSP00000291577 0 0 0 0 0 0 206 206 
9606.ENSP00000260327 9606.ENSP00000365837 0 0 0 62 0 0 147 165 
9606.ENSP00000260327 9606.ENSP00000216034 0 0 0 62 138 0 163 264 
9606.ENSP00000260327 9606.ENSP00000425979 0 0 0 62 120 0 81 175 
9606.ENSP00000260327 9606.ENSP00000485357 0 0 0 53 186 0 76 225 
9606.ENSP00000260327 9606.ENSP00000355011 0 0 0 53 0 0 212 221 
9606.ENSP00000260327 9606.ENSP00000085219 0 0 0 53 186 0 76 225 
9606.ENSP00000260327 9606.ENSP00000264954 0 0 0 64 52 0 130 160 
9606.ENSP00000260327 9606.ENSP00000240185 0 0 0 69 0 0 145 169 
9606.ENSP00000260327 9606.ENSP00000351250 0 0 0 188 0 0 0 188 
9606.ENSP00000260327 9606.ENSP00000340823 0 0 0 65 125 0 176 268 
9606.ENSP00000260327 9606.ENSP00000200457 0 0 0 48 134 0 58 155 
9606.ENSP00000260327 9606.ENSP00000405950 0 0 0 61 185 0 69 225 
9606.ENSP00000260327 9606.ENSP00000374484 0 0 0 61 0 0 643 651 
9606.ENSP00000260327 9606.ENSP00000306682 0 0 0 62 65 0 127 167 
9606.ENSP00000260327 9606.ENSP00000477715 0 0 0 0 0 0 324 324 
9606.ENSP00000260327 9606.ENSP00000256460 0 0 0 61 185 0 69 225 
9606.ENSP00000260327 9606.ENSP00000418447 0 0 0 82 0 0 203 237 
9606.ENSP00000260327 9606.ENSP00000357998 0 0 0 63 50 0 224 248 
9606.ENSP00000260327 9606.ENSP00000343204 0 0 0 0 168 0 0 168 
9606.ENSP00000260327 9606.ENSP00000356256 0 0 0 89 128 0 139 256 
9606.ENSP00000260327 9606.ENSP00000430774 0 0 0 63 77 0 203 250 
9606.ENSP00000260327 9606.ENSP00000324792 0 0 0 58 0 0 187 202 
9606.ENSP00000260327 9606.ENSP00000380495 0 0 0 182 0 0 0 182 
9606.ENSP00000260327 9606.ENSP00000341141 0 0 0 53 186 0 76 225 
9606.ENSP00000260327 9606.ENSP00000377262 0 0 0 63 0 0 147 167 
9606.ENSP00000260327 9606.ENSP00000361667 0 0 0 82 157 0 60 209 
9606.ENSP00000260327 9606.ENSP00000309572 0 0 0 62 0 0 429 442 
9606.ENSP00000260327 9606.ENSP00000438483 0 0 0 52 129 0 62 157 
9606.ENSP00000260327 9606.ENSP00000377001 0 0 0 85 84 0 74 156 
9606.ENSP00000260327 9606.ENSP00000331614 0 0 0 0 53 0 166 177 
9606.ENSP00000260327 9606.ENSP00000341779 0 0 0 68 0 0 132 157 
9606.ENSP00000260327 9606.ENSP00000349428 0 0 0 88 0 0 148 190 
9606.ENSP00000260327 9606.ENSP00000361446 0 0 0 64 185 0 76 234 
9606.ENSP00000260327 9606.ENSP00000355731 0 0 0 61 158 0 0 175 
9606.ENSP00000260327 9606.ENSP00000306362 0 0 0 47 0 0 161 167 
9606.ENSP00000260327 9606.ENSP00000265562 0 0 0 63 0 0 132 152 
9606.ENSP00000260327 9606.ENSP00000295767 0 0 0 62 0 0 162 180 
9606.ENSP00000260327 9606.ENSP00000181839 0 0 0 63 74 0 106 157 
9606.ENSP00000260327 9606.ENSP00000300651 0 0 0 152 0 0 0 152 
9606.ENSP00000260327 9606.ENSP00000363661 0 0 0 68 0 0 149 173 
9606.ENSP00000260327 9606.ENSP00000403852 0 0 0 64 125 0 75 176 
9606.ENSP00000260327 9606.ENSP00000276616 0 0 0 61 185 0 69 225 
9606.ENSP00000260327 9606.ENSP00000420270 0 0 0 61 185 0 69 225 
9606.ENSP00000260327 9606.ENSP00000441954 0 0 0 78 84 0 104 177 
9606.ENSP00000260327 9606.ENSP00000261303 0 0 0 53 0 0 266 275 
9606.ENSP00000260327 9606.ENSP00000306124 0 0 0 63 157 0 47 181 
9606.ENSP00000260327 9606.ENSP00000216027 0 0 0 61 167 0 0 184 
9606.ENSP00000260327 9606.ENSP00000316809 0 0 0 66 188 0 80 242 
9606.ENSP00000260327 9606.ENSP00000445868 0 0 0 62 0 0 269 285 
9606.ENSP00000260327 9606.ENSP00000454786 0 0 0 61 0 0 167 184 
9606.ENSP00000260327 9606.ENSP00000351214 0 0 0 59 50 0 127 151 
9606.ENSP00000260327 9606.ENSP00000367564 0 0 0 0 0 0 256 256 
9606.ENSP00000260327 9606.ENSP00000254654 0 0 0 73 65 0 127 177 
9606.ENSP00000260327 9606.ENSP00000378288 0 0 0 61 185 0 69 225 
9606.ENSP00000260327 9606.ENSP00000400646 0 0 0 63 0 0 531 541 
9606.ENSP00000260327 9606.ENSP00000329558 0 0 0 64 52 0 130 160 
9606.ENSP00000260327 9606.ENSP00000477341 0 0 0 62 65 0 127 167 
9606.ENSP00000260327 9606.ENSP00000483491 0 0 0 67 147 0 129 247 
9606.ENSP00000260327 9606.ENSP00000295824 0 0 0 61 185 0 69 225 
9606.ENSP00000260327 9606.ENSP00000365162 0 0 0 61 185 0 69 225 
9606.ENSP00000260327 9606.ENSP00000468927 0 0 0 0 0 0 210 210 
9606.ENSP00000260327 9606.ENSP00000464522 0 0 0 89 128 0 106 227 
9606.ENSP00000260327 9606.ENSP00000273317 0 0 0 48 134 0 58 155 
9606.ENSP00000260327 9606.ENSP00000220496 0 0 0 81 64 0 97 155 
9606.ENSP00000260327 9606.ENSP00000237853 0 0 0 0 0 0 353 353 
9606.ENSP00000260327 9606.ENSP00000305556 0 0 0 85 157 0 77 226 
9606.ENSP00000260327 9606.ENSP00000378769 0 0 0 63 0 0 132 151 
9606.ENSP00000260327 9606.ENSP00000383168 0 0 0 61 157 0 159 276 
9606.ENSP00000260327 9606.ENSP00000297107 0 0 0 0 0 0 474 474 
9606.ENSP00000260327 9606.ENSP00000296328 0 0 0 87 185 0 76 252 
9606.ENSP00000260327 9606.ENSP00000356426 0 0 0 124 0 0 127 203 
9606.ENSP00000260327 9606.ENSP00000378505 0 0 0 68 0 0 201 224 
9606.ENSP00000260327 9606.ENSP00000361628 0 0 0 0 0 0 599 599 
9606.ENSP00000260327 9606.ENSP00000348772 0 0 0 63 188 0 80 238 
9606.ENSP00000260327 9606.ENSP00000169551 0 0 0 52 167 0 173 289 
9606.ENSP00000260327 9606.ENSP00000361465 0 0 0 62 185 0 67 224 
9606.ENSP00000260327 9606.ENSP00000268835 0 0 0 50 0 0 550 555 
9606.ENSP00000260327 9606.ENSP00000329748 0 0 0 0 177 0 68 200 
9606.ENSP00000260327 9606.ENSP00000296255 0 0 0 61 177 0 0 194 
9606.ENSP00000260327 9606.ENSP00000310129 0 0 0 63 128 0 96 196 
9606.ENSP00000260327 9606.ENSP00000256997 0 0 0 0 0 0 254 254 
9606.ENSP00000260327 9606.ENSP00000258383 0 0 0 47 120 0 81 161 
9606.ENSP00000260327 9606.ENSP00000283752 0 0 0 0 0 0 183 183 
9606.ENSP00000260327 9606.ENSP00000377298 0 0 0 197 0 0 0 197 
9606.ENSP00000260327 9606.ENSP00000247153 0 0 0 53 186 0 76 225 
9606.ENSP00000260327 9606.ENSP00000328169 0 0 0 0 0 0 210 210 
9606.ENSP00000260327 9606.ENSP00000290158 0 0 0 61 129 0 57 162 
9606.ENSP00000260327 9606.ENSP00000271588 0 0 0 53 186 0 76 225 
9606.ENSP00000260327 9606.ENSP00000345445 0 0 0 62 0 0 133 151 
9606.ENSP00000260327 9606.ENSP00000368959 0 0 0 63 92 0 126 191 
9606.ENSP00000260327 9606.ENSP00000363389 0 0 0 64 544 0 0 554 
9606.ENSP00000260327 9606.ENSP00000390849 0 0 0 0 0 0 197 197 
9606.ENSP00000260327 9606.ENSP00000475384 0 0 0 230 0 0 0 230 
9606.ENSP00000260327 9606.ENSP00000252011 0 0 0 86 0 0 164 203 
9606.ENSP00000260327 9606.ENSP00000376048 0 0 0 53 186 0 76 225 
9606.ENSP00000260327 9606.ENSP00000429150 0 0 0 63 0 0 598 607 
9606.ENSP00000260327 9606.ENSP00000261884 0 0 0 60 0 0 523 533 
9606.ENSP00000260327 9606.ENSP00000419195 0 0 0 61 185 0 69 225 
9606.ENSP00000260327 9606.ENSP00000480158 0 0 0 78 185 0 80 249 
9606.ENSP00000260327 9606.ENSP00000313829 0 0 0 66 0 0 255 275 
9606.ENSP00000260327 9606.ENSP00000315693 0 0 0 60 84 0 132 187 
9606.ENSP00000260327 9606.ENSP00000258424 0 0 0 63 167 0 103 238 
