9606.ENSP00000407592 9606.ENSP00000483415 0 0 0 0 800 0 0 800 
9606.ENSP00000407592 9606.ENSP00000265000 0 0 0 51 0 0 326 333 
9606.ENSP00000407592 9606.ENSP00000377015 0 0 0 63 0 0 214 232 
9606.ENSP00000407592 9606.ENSP00000389176 0 0 0 0 0 0 271 271 
9606.ENSP00000407592 9606.ENSP00000433295 0 0 0 62 0 0 155 173 
9606.ENSP00000407592 9606.ENSP00000305288 0 0 0 61 0 0 193 209 
9606.ENSP00000407592 9606.ENSP00000380037 0 0 0 0 0 0 189 189 
9606.ENSP00000407592 9606.ENSP00000344260 0 0 0 61 0 0 312 326 
9606.ENSP00000407592 9606.ENSP00000373918 0 0 0 0 0 0 173 173 
9606.ENSP00000407592 9606.ENSP00000385026 0 0 0 62 0 0 354 368 
9606.ENSP00000407592 9606.ENSP00000252729 0 0 0 0 0 0 232 232 
9606.ENSP00000407592 9606.ENSP00000353462 0 0 0 0 0 0 295 295 
9606.ENSP00000407592 9606.ENSP00000294818 0 0 0 0 0 0 339 339 
9606.ENSP00000407592 9606.ENSP00000260197 0 0 0 0 0 0 212 212 
9606.ENSP00000407592 9606.ENSP00000433109 0 0 0 0 0 0 355 355 
9606.ENSP00000407592 9606.ENSP00000324403 0 0 0 0 0 0 293 293 
9606.ENSP00000407592 9606.ENSP00000264376 0 0 0 0 0 0 242 242 
9606.ENSP00000407592 9606.ENSP00000316779 0 0 0 63 0 0 194 212 
9606.ENSP00000407592 9606.ENSP00000331044 0 0 0 0 0 0 483 483 
9606.ENSP00000407592 9606.ENSP00000365253 0 0 0 61 0 0 269 284 
9606.ENSP00000407592 9606.ENSP00000216115 0 0 0 0 0 0 224 224 
9606.ENSP00000407592 9606.ENSP00000354995 0 0 0 0 0 0 171 171 
9606.ENSP00000407592 9606.ENSP00000355593 0 0 0 0 0 0 206 206 
9606.ENSP00000407592 9606.ENSP00000239882 0 0 0 0 0 0 242 242 
9606.ENSP00000407592 9606.ENSP00000392770 0 0 0 0 0 0 309 309 
9606.ENSP00000407592 9606.ENSP00000371927 0 0 0 0 0 0 398 398 
9606.ENSP00000407592 9606.ENSP00000219139 0 0 0 0 0 0 225 225 
9606.ENSP00000407592 9606.ENSP00000360597 0 0 0 0 0 0 505 505 
9606.ENSP00000407592 9606.ENSP00000381109 0 0 0 0 0 0 349 349 
9606.ENSP00000407592 9606.ENSP00000480998 0 0 0 0 0 0 197 197 
9606.ENSP00000407592 9606.ENSP00000361666 0 0 0 0 0 0 292 292 
9606.ENSP00000407592 9606.ENSP00000304127 0 0 0 0 0 0 203 203 
9606.ENSP00000407592 9606.ENSP00000306361 0 0 0 0 0 0 242 242 
9606.ENSP00000407592 9606.ENSP00000327344 0 0 0 0 0 0 319 319 
9606.ENSP00000407592 9606.ENSP00000417901 0 0 0 0 0 0 226 226 
9606.ENSP00000407592 9606.ENSP00000420267 0 0 0 0 0 0 266 266 
9606.ENSP00000407592 9606.ENSP00000286628 0 0 0 61 0 0 672 678 
9606.ENSP00000407592 9606.ENSP00000419542 0 0 0 63 0 0 228 245 
9606.ENSP00000407592 9606.ENSP00000359417 0 0 0 0 0 0 422 422 
9606.ENSP00000407592 9606.ENSP00000263094 0 0 0 0 0 0 234 234 
9606.ENSP00000407592 9606.ENSP00000382770 0 0 0 0 0 0 244 244 
