9606.ENSP00000322823 9606.ENSP00000233596 0 0 0 0 0 900 0 900 
9606.ENSP00000322823 9606.ENSP00000317578 0 0 0 0 0 600 0 600 
9606.ENSP00000322823 9606.ENSP00000346981 0 0 0 230 0 0 0 230 
9606.ENSP00000322823 9606.ENSP00000366628 0 0 0 0 0 0 177 177 
9606.ENSP00000322823 9606.ENSP00000334051 0 0 0 0 0 900 79 903 
9606.ENSP00000322823 9606.ENSP00000350976 0 0 0 0 0 900 55 901 
9606.ENSP00000322823 9606.ENSP00000386499 0 0 0 171 0 0 0 171 
9606.ENSP00000322823 9606.ENSP00000371594 0 0 0 0 0 600 0 600 
9606.ENSP00000322823 9606.ENSP00000311712 0 0 0 0 0 900 44 900 
9606.ENSP00000322823 9606.ENSP00000359719 0 0 0 0 0 600 0 600 
9606.ENSP00000322823 9606.ENSP00000248572 0 0 0 0 0 900 0 900 
9606.ENSP00000322823 9606.ENSP00000366488 0 0 0 0 0 600 0 600 
9606.ENSP00000322823 9606.ENSP00000309591 0 0 0 0 0 600 0 600 
9606.ENSP00000322823 9606.ENSP00000438346 0 0 0 0 0 900 55 901 
9606.ENSP00000322823 9606.ENSP00000324064 0 0 0 0 0 0 202 202 
9606.ENSP00000322823 9606.ENSP00000276077 0 0 0 0 0 0 227 227 
9606.ENSP00000322823 9606.ENSP00000481878 0 0 0 0 0 900 68 902 
9606.ENSP00000322823 9606.ENSP00000296142 0 0 0 0 0 900 69 902 
9606.ENSP00000322823 9606.ENSP00000362863 0 0 0 0 0 900 0 900 
9606.ENSP00000322823 9606.ENSP00000345374 0 0 0 0 0 900 0 900 
9606.ENSP00000322823 9606.ENSP00000403701 0 0 0 0 0 600 0 600 
9606.ENSP00000322823 9606.ENSP00000368959 0 0 0 0 0 900 67 902 
9606.ENSP00000322823 9606.ENSP00000248150 0 0 0 0 0 600 0 600 
9606.ENSP00000322823 9606.ENSP00000409581 0 0 0 0 0 600 0 600 
9606.ENSP00000322823 9606.ENSP00000259030 0 0 0 0 0 900 0 900 
9606.ENSP00000322823 9606.ENSP00000303482 0 0 0 0 0 900 42 900 
9606.ENSP00000322823 9606.ENSP00000312262 0 0 0 0 0 600 0 600 
9606.ENSP00000322823 9606.ENSP00000420976 0 0 0 152 0 0 0 152 
9606.ENSP00000322823 9606.ENSP00000335156 0 0 0 0 0 0 284 284 
9606.ENSP00000322823 9606.ENSP00000367590 0 0 0 0 0 900 0 900 
