9606.ENSP00000264605 9606.ENSP00000358851 0 0 0 0 0 0 173 173 
9606.ENSP00000264605 9606.ENSP00000261839 0 0 0 63 318 0 381 570 
9606.ENSP00000264605 9606.ENSP00000386041 0 0 0 0 131 0 218 291 
9606.ENSP00000264605 9606.ENSP00000354376 0 0 0 77 0 0 199 229 
9606.ENSP00000264605 9606.ENSP00000418915 0 0 0 0 0 0 194 194 
9606.ENSP00000264605 9606.ENSP00000256593 0 0 0 0 0 0 173 173 
9606.ENSP00000264605 9606.ENSP00000307939 0 0 0 0 0 0 198 198 
9606.ENSP00000264605 9606.ENSP00000364609 0 0 0 0 0 0 230 230 
9606.ENSP00000264605 9606.ENSP00000264071 0 0 0 0 0 0 440 440 
9606.ENSP00000264605 9606.ENSP00000396225 0 0 0 0 0 0 173 173 
9606.ENSP00000264605 9606.ENSP00000223398 0 0 0 0 0 0 198 198 
9606.ENSP00000264605 9606.ENSP00000359206 0 0 0 0 188 0 0 188 
9606.ENSP00000264605 9606.ENSP00000332979 0 0 0 76 0 0 203 232 
9606.ENSP00000264605 9606.ENSP00000371420 0 0 0 116 0 0 96 167 
9606.ENSP00000264605 9606.ENSP00000432568 0 0 0 0 0 0 528 528 
9606.ENSP00000264605 9606.ENSP00000355645 0 0 0 0 379 0 85 407 
9606.ENSP00000264605 9606.ENSP00000357564 0 0 0 75 0 0 484 503 
9606.ENSP00000264605 9606.ENSP00000222256 0 0 0 0 263 0 543 649 
9606.ENSP00000264605 9606.ENSP00000332681 0 0 0 0 0 0 173 173 
9606.ENSP00000264605 9606.ENSP00000360423 0 0 0 0 0 0 173 173 
9606.ENSP00000264605 9606.ENSP00000346139 0 0 0 0 0 0 165 165 
9606.ENSP00000264605 9606.ENSP00000231948 0 0 0 0 0 0 173 173 
9606.ENSP00000264605 9606.ENSP00000433102 0 0 0 0 0 0 624 624 
9606.ENSP00000264605 9606.ENSP00000421280 0 0 0 65 131 0 89 195 
9606.ENSP00000264605 9606.ENSP00000296271 0 0 0 0 0 0 160 160 
9606.ENSP00000264605 9606.ENSP00000294973 0 0 0 0 0 0 173 173 
9606.ENSP00000264605 9606.ENSP00000311697 0 0 0 0 0 0 210 210 
9606.ENSP00000264605 9606.ENSP00000431840 0 0 0 0 0 0 216 216 
9606.ENSP00000264605 9606.ENSP00000395220 0 0 0 70 0 0 235 259 
9606.ENSP00000264605 9606.ENSP00000353444 0 0 0 0 0 0 177 177 
9606.ENSP00000264605 9606.ENSP00000373420 0 0 0 0 0 0 162 162 
9606.ENSP00000264605 9606.ENSP00000380820 0 0 0 0 0 0 313 313 
9606.ENSP00000264605 9606.ENSP00000374443 0 0 0 0 0 0 435 435 
9606.ENSP00000264605 9606.ENSP00000325594 0 0 0 0 0 0 212 212 
9606.ENSP00000264605 9606.ENSP00000438248 0 0 0 0 0 0 331 331 
9606.ENSP00000264605 9606.ENSP00000327417 0 0 0 98 0 0 195 243 
9606.ENSP00000264605 9606.ENSP00000348161 0 0 0 0 0 0 221 221 
9606.ENSP00000264605 9606.ENSP00000463092 0 0 0 68 0 0 131 155 
9606.ENSP00000264605 9606.ENSP00000391490 0 0 0 239 0 0 0 239 
9606.ENSP00000264605 9606.ENSP00000304956 0 0 0 0 0 0 212 212 
9606.ENSP00000264605 9606.ENSP00000356236 0 0 0 0 0 0 177 177 
9606.ENSP00000264605 9606.ENSP00000310722 0 0 0 0 0 0 173 173 
9606.ENSP00000264605 9606.ENSP00000461945 0 0 0 0 0 0 177 177 
9606.ENSP00000264605 9606.ENSP00000229340 0 0 0 0 0 0 188 188 
9606.ENSP00000264605 9606.ENSP00000352673 0 0 0 144 0 0 50 152 
9606.ENSP00000264605 9606.ENSP00000407586 0 0 0 0 0 0 185 185 
9606.ENSP00000264605 9606.ENSP00000263097 0 0 0 61 0 0 140 158 
9606.ENSP00000264605 9606.ENSP00000366314 0 0 0 0 0 0 269 269 
9606.ENSP00000264605 9606.ENSP00000403459 0 0 0 83 0 0 159 195 
9606.ENSP00000264605 9606.ENSP00000387286 0 0 0 0 0 0 317 317 
9606.ENSP00000264605 9606.ENSP00000384330 0 0 0 0 131 0 250 320 
9606.ENSP00000264605 9606.ENSP00000368818 0 0 0 0 0 0 223 223 
9606.ENSP00000264605 9606.ENSP00000454804 0 0 0 0 0 0 317 317 
9606.ENSP00000264605 9606.ENSP00000304376 0 0 0 0 0 0 682 682 
9606.ENSP00000264605 9606.ENSP00000244040 0 0 0 0 0 0 301 301 
9606.ENSP00000264605 9606.ENSP00000296051 0 0 0 65 0 0 135 156 
9606.ENSP00000264605 9606.ENSP00000246792 0 0 0 0 0 0 221 221 
9606.ENSP00000264605 9606.ENSP00000264710 0 0 0 51 342 0 346 556 
9606.ENSP00000264605 9606.ENSP00000346437 0 0 0 0 0 0 158 158 
9606.ENSP00000264605 9606.ENSP00000428331 0 0 0 0 0 0 167 167 
9606.ENSP00000264605 9606.ENSP00000479518 0 0 0 61 186 0 132 279 
9606.ENSP00000264605 9606.ENSP00000475216 0 0 0 0 0 0 327 327 
9606.ENSP00000264605 9606.ENSP00000267199 0 0 0 0 0 0 237 237 
9606.ENSP00000264605 9606.ENSP00000375921 0 0 0 61 0 0 186 203 
9606.ENSP00000264605 9606.ENSP00000324510 0 0 0 0 0 0 150 150 
9606.ENSP00000264605 9606.ENSP00000386331 0 0 0 61 131 0 605 649 
9606.ENSP00000264605 9606.ENSP00000366416 0 0 0 64 0 0 133 153 
9606.ENSP00000264605 9606.ENSP00000387498 0 0 0 69 0 0 144 168 
9606.ENSP00000264605 9606.ENSP00000381213 0 0 0 0 0 0 153 153 
9606.ENSP00000264605 9606.ENSP00000295550 0 0 0 87 0 0 138 179 
9606.ENSP00000264605 9606.ENSP00000313391 0 0 0 0 0 0 184 184 
9606.ENSP00000264605 9606.ENSP00000218249 0 0 0 51 0 0 258 266 
9606.ENSP00000264605 9606.ENSP00000417610 0 0 0 0 0 0 205 205 
9606.ENSP00000264605 9606.ENSP00000276659 0 0 0 0 0 0 232 232 
9606.ENSP00000264605 9606.ENSP00000250448 0 0 0 166 0 0 114 229 
9606.ENSP00000264605 9606.ENSP00000352834 0 0 0 81 131 0 193 299 
9606.ENSP00000264605 9606.ENSP00000356465 0 0 0 64 0 0 337 353 
9606.ENSP00000264605 9606.ENSP00000417161 0 0 0 83 0 0 454 478 
9606.ENSP00000264605 9606.ENSP00000379669 0 0 0 0 0 0 199 199 
9606.ENSP00000264605 9606.ENSP00000296350 0 0 0 0 0 0 326 326 
9606.ENSP00000264605 9606.ENSP00000478479 0 0 0 0 0 0 270 270 
9606.ENSP00000264605 9606.ENSP00000271835 0 0 0 0 0 0 390 390 
9606.ENSP00000264605 9606.ENSP00000447053 0 0 0 0 0 0 178 178 
9606.ENSP00000264605 9606.ENSP00000353362 0 0 0 0 0 0 313 313 
9606.ENSP00000264605 9606.ENSP00000439182 0 0 0 0 131 0 68 155 
9606.ENSP00000264605 9606.ENSP00000356540 0 0 0 0 0 0 268 268 
9606.ENSP00000264605 9606.ENSP00000387662 0 0 0 0 0 0 254 254 
9606.ENSP00000264605 9606.ENSP00000165524 0 0 0 0 0 0 178 178 
9606.ENSP00000264605 9606.ENSP00000324419 0 0 0 0 0 0 169 169 
9606.ENSP00000264605 9606.ENSP00000355124 0 0 0 163 0 0 0 163 
9606.ENSP00000264605 9606.ENSP00000404570 0 0 0 0 131 0 254 324 
9606.ENSP00000264605 9606.ENSP00000381824 0 0 0 0 0 0 673 673 
9606.ENSP00000264605 9606.ENSP00000361914 0 0 0 0 0 0 173 173 
9606.ENSP00000264605 9606.ENSP00000334563 0 0 0 0 131 0 73 159 
9606.ENSP00000264605 9606.ENSP00000210187 0 0 0 0 0 0 186 186 
9606.ENSP00000264605 9606.ENSP00000376132 0 0 0 76 131 0 69 187 
9606.ENSP00000264605 9606.ENSP00000478942 0 0 0 0 0 0 161 161 
9606.ENSP00000264605 9606.ENSP00000354686 0 0 0 0 0 0 160 160 
9606.ENSP00000264605 9606.ENSP00000347507 0 0 0 0 131 0 230 302 
9606.ENSP00000264605 9606.ENSP00000419045 0 0 0 0 0 0 154 154 
9606.ENSP00000264605 9606.ENSP00000262958 0 0 0 0 0 0 221 221 
9606.ENSP00000264605 9606.ENSP00000222305 0 0 0 0 0 0 212 212 
9606.ENSP00000264605 9606.ENSP00000437073 0 0 0 0 131 0 77 164 
9606.ENSP00000264605 9606.ENSP00000259711 0 0 0 0 0 0 243 243 
9606.ENSP00000264605 9606.ENSP00000384164 0 0 0 0 0 0 419 419 
9606.ENSP00000264605 9606.ENSP00000380093 0 0 0 0 0 0 171 171 
9606.ENSP00000264605 9606.ENSP00000432456 0 0 0 0 0 0 151 151 
9606.ENSP00000264605 9606.ENSP00000267512 0 0 0 51 0 0 229 237 
9606.ENSP00000264605 9606.ENSP00000317780 0 0 0 0 0 0 205 205 
9606.ENSP00000264605 9606.ENSP00000317955 0 0 0 0 0 0 165 165 
9606.ENSP00000264605 9606.ENSP00000174618 0 0 0 0 0 0 189 189 
9606.ENSP00000264605 9606.ENSP00000295600 0 0 0 59 0 0 437 448 
9606.ENSP00000264605 9606.ENSP00000365301 0 0 0 0 0 0 226 226 
9606.ENSP00000264605 9606.ENSP00000317790 0 0 0 0 0 0 181 181 
9606.ENSP00000264605 9606.ENSP00000372351 0 0 0 0 0 0 225 225 
9606.ENSP00000264605 9606.ENSP00000261890 0 0 0 0 0 0 440 440 
9606.ENSP00000264605 9606.ENSP00000363661 0 0 0 0 0 0 294 294 
9606.ENSP00000264605 9606.ENSP00000364956 0 0 0 0 0 0 161 161 
9606.ENSP00000264605 9606.ENSP00000310933 0 0 0 0 0 0 401 401 
9606.ENSP00000264605 9606.ENSP00000226207 0 0 0 0 131 0 221 294 
9606.ENSP00000264605 9606.ENSP00000287380 0 0 0 0 0 0 195 195 
9606.ENSP00000264605 9606.ENSP00000319096 0 0 0 0 0 0 509 509 
9606.ENSP00000264605 9606.ENSP00000228280 0 0 0 62 0 0 185 203 
9606.ENSP00000264605 9606.ENSP00000393392 0 0 0 0 131 0 112 195 
9606.ENSP00000264605 9606.ENSP00000374071 0 0 0 0 0 0 179 179 
9606.ENSP00000264605 9606.ENSP00000384996 0 0 0 0 0 0 163 163 
9606.ENSP00000264605 9606.ENSP00000240100 0 0 0 65 0 0 148 170 
9606.ENSP00000264605 9606.ENSP00000257017 0 0 0 0 0 0 196 196 
9606.ENSP00000264605 9606.ENSP00000267119 0 0 0 0 0 0 304 304 
9606.ENSP00000264605 9606.ENSP00000447537 0 0 0 0 0 0 289 289 
9606.ENSP00000264605 9606.ENSP00000484331 0 0 0 84 0 0 711 723 
9606.ENSP00000264605 9606.ENSP00000429562 0 0 0 0 0 0 243 243 
9606.ENSP00000264605 9606.ENSP00000305852 0 0 0 0 0 0 165 165 
9606.ENSP00000264605 9606.ENSP00000264758 0 0 0 0 0 0 173 173 
9606.ENSP00000264605 9606.ENSP00000306138 0 0 0 0 0 0 156 156 
9606.ENSP00000264605 9606.ENSP00000382767 0 0 0 0 0 0 173 173 
9606.ENSP00000264605 9606.ENSP00000355511 0 0 0 0 0 0 570 570 
9606.ENSP00000264605 9606.ENSP00000425587 0 0 0 0 0 0 154 154 
9606.ENSP00000264605 9606.ENSP00000342169 0 0 0 0 0 0 173 173 
9606.ENSP00000264605 9606.ENSP00000265843 0 0 0 0 0 0 720 720 
9606.ENSP00000264605 9606.ENSP00000207549 0 0 0 0 0 0 615 615 
9606.ENSP00000264605 9606.ENSP00000478059 0 0 0 0 0 0 181 181 
9606.ENSP00000264605 9606.ENSP00000375836 0 0 0 0 0 0 543 543 
9606.ENSP00000264605 9606.ENSP00000370886 0 0 0 69 0 0 404 421 
9606.ENSP00000264605 9606.ENSP00000362946 0 0 0 0 0 0 266 266 
9606.ENSP00000264605 9606.ENSP00000222145 0 0 0 61 186 0 0 202 
9606.ENSP00000264605 9606.ENSP00000216181 0 0 0 0 131 0 230 302 
9606.ENSP00000264605 9606.ENSP00000468367 0 0 0 0 0 0 156 156 
9606.ENSP00000264605 9606.ENSP00000273353 0 0 0 0 131 0 291 357 
9606.ENSP00000264605 9606.ENSP00000387266 0 0 0 0 0 0 182 182 
9606.ENSP00000264605 9606.ENSP00000263321 0 0 0 87 0 0 586 606 
9606.ENSP00000264605 9606.ENSP00000299238 0 0 0 0 0 0 175 175 
9606.ENSP00000264605 9606.ENSP00000360718 0 0 0 0 173 0 218 325 
9606.ENSP00000264605 9606.ENSP00000379601 0 0 0 63 619 0 981 993 
9606.ENSP00000264605 9606.ENSP00000367312 0 0 0 0 0 0 268 268 
9606.ENSP00000264605 9606.ENSP00000362993 0 0 0 0 0 0 274 274 
9606.ENSP00000264605 9606.ENSP00000258301 0 0 0 0 0 0 163 163 
9606.ENSP00000264605 9606.ENSP00000398568 0 0 0 0 0 0 470 470 
9606.ENSP00000264605 9606.ENSP00000401435 0 0 0 0 0 0 189 189 
9606.ENSP00000264605 9606.ENSP00000378313 0 0 0 0 0 0 306 306 
9606.ENSP00000264605 9606.ENSP00000382177 0 0 0 63 723 0 933 981 
9606.ENSP00000264605 9606.ENSP00000262873 0 0 0 0 131 0 253 323 
9606.ENSP00000264605 9606.ENSP00000254695 0 0 0 0 0 0 163 163 
9606.ENSP00000264605 9606.ENSP00000261263 0 0 0 0 0 0 171 171 
9606.ENSP00000264605 9606.ENSP00000311449 0 0 0 0 0 0 341 341 
9606.ENSP00000264605 9606.ENSP00000260746 0 0 0 0 0 0 158 158 
9606.ENSP00000264605 9606.ENSP00000363149 0 0 0 156 0 0 63 175 
9606.ENSP00000264605 9606.ENSP00000313983 0 0 0 0 0 0 225 225 
9606.ENSP00000264605 9606.ENSP00000269491 0 0 0 0 0 0 212 212 
9606.ENSP00000264605 9606.ENSP00000221455 0 0 0 0 0 0 255 255 
9606.ENSP00000264605 9606.ENSP00000196371 0 0 0 0 0 0 319 319 
9606.ENSP00000264605 9606.ENSP00000255194 0 0 0 0 0 0 230 230 
9606.ENSP00000264605 9606.ENSP00000273047 0 0 0 0 0 0 404 404 
9606.ENSP00000264605 9606.ENSP00000297512 0 0 0 0 0 0 158 158 
9606.ENSP00000264605 9606.ENSP00000347839 0 0 0 0 0 0 322 322 
9606.ENSP00000264605 9606.ENSP00000362639 0 0 0 0 0 0 257 257 
9606.ENSP00000264605 9606.ENSP00000306920 0 0 0 0 0 0 203 203 
9606.ENSP00000264605 9606.ENSP00000261205 0 0 0 0 0 0 416 416 
9606.ENSP00000264605 9606.ENSP00000413606 0 0 0 0 0 0 313 313 
9606.ENSP00000264605 9606.ENSP00000354775 0 0 0 0 0 0 164 164 
9606.ENSP00000264605 9606.ENSP00000457411 0 0 0 0 0 0 154 154 
9606.ENSP00000264605 9606.ENSP00000256682 0 0 0 0 0 0 501 501 
9606.ENSP00000264605 9606.ENSP00000265062 0 0 0 0 0 0 311 311 
9606.ENSP00000264605 9606.ENSP00000300935 0 0 0 51 0 0 439 445 
9606.ENSP00000264605 9606.ENSP00000301972 0 0 0 0 0 0 288 288 
9606.ENSP00000264605 9606.ENSP00000263864 0 0 0 0 0 0 194 194 
9606.ENSP00000264605 9606.ENSP00000380432 0 0 0 0 0 0 185 185 
9606.ENSP00000264605 9606.ENSP00000410910 0 0 0 0 0 0 195 195 
9606.ENSP00000264605 9606.ENSP00000285039 0 0 0 86 335 0 553 704 
9606.ENSP00000264605 9606.ENSP00000364620 0 0 0 0 0 0 229 229 
9606.ENSP00000264605 9606.ENSP00000309521 0 0 0 0 0 0 200 200 
9606.ENSP00000264605 9606.ENSP00000307240 0 0 0 0 0 0 161 161 
9606.ENSP00000264605 9606.ENSP00000258787 0 0 0 61 186 0 70 227 
9606.ENSP00000264605 9606.ENSP00000256186 0 0 0 0 0 0 290 290 
9606.ENSP00000264605 9606.ENSP00000425840 0 0 0 0 0 0 170 170 
9606.ENSP00000264605 9606.ENSP00000014914 0 0 0 153 0 0 41 152 
9606.ENSP00000264605 9606.ENSP00000424565 0 0 0 0 0 0 555 555 
9606.ENSP00000264605 9606.ENSP00000395929 0 0 0 0 0 0 499 499 
9606.ENSP00000264605 9606.ENSP00000355651 0 0 0 0 0 0 290 290 
9606.ENSP00000264605 9606.ENSP00000470298 0 0 0 65 131 0 257 343 
9606.ENSP00000264605 9606.ENSP00000370208 0 0 0 0 0 0 212 212 
9606.ENSP00000264605 9606.ENSP00000417182 0 0 0 0 0 0 210 210 
9606.ENSP00000264605 9606.ENSP00000247986 0 0 0 0 0 0 173 173 
9606.ENSP00000264605 9606.ENSP00000228468 0 0 0 0 0 0 226 226 
9606.ENSP00000264605 9606.ENSP00000262305 0 0 0 0 0 0 192 192 
9606.ENSP00000264605 9606.ENSP00000276440 0 0 0 0 0 0 191 191 
9606.ENSP00000264605 9606.ENSP00000269187 0 0 0 0 0 0 179 179 
9606.ENSP00000264605 9606.ENSP00000409544 0 0 0 141 0 0 57 155 
9606.ENSP00000264605 9606.ENSP00000297508 0 0 0 0 0 0 303 303 
9606.ENSP00000264605 9606.ENSP00000373570 0 0 0 107 0 0 542 574 
9606.ENSP00000264605 9606.ENSP00000379531 0 0 0 65 0 0 197 217 
9606.ENSP00000264605 9606.ENSP00000384092 0 0 0 0 0 0 164 164 
9606.ENSP00000264605 9606.ENSP00000440704 0 0 0 0 0 0 309 309 
9606.ENSP00000264605 9606.ENSP00000258098 0 0 0 0 0 0 204 204 
9606.ENSP00000264605 9606.ENSP00000259881 0 0 0 0 0 0 159 159 
9606.ENSP00000264605 9606.ENSP00000220531 0 0 0 0 124 0 70 151 
9606.ENSP00000264605 9606.ENSP00000308606 0 0 0 141 0 0 151 239 
9606.ENSP00000264605 9606.ENSP00000282878 0 0 0 0 188 0 111 247 
9606.ENSP00000264605 9606.ENSP00000320378 0 0 0 0 0 0 211 211 
9606.ENSP00000264605 9606.ENSP00000252456 0 0 0 61 0 0 140 157 
9606.ENSP00000264605 9606.ENSP00000464317 0 0 0 0 131 0 237 308 
9606.ENSP00000264605 9606.ENSP00000267328 0 0 0 0 0 0 269 269 
9606.ENSP00000264605 9606.ENSP00000297293 0 0 0 0 0 0 277 277 
9606.ENSP00000264605 9606.ENSP00000247001 0 0 0 0 0 0 262 262 
9606.ENSP00000264605 9606.ENSP00000255381 0 0 0 0 131 0 254 324 
9606.ENSP00000264605 9606.ENSP00000222120 0 0 0 0 173 0 377 463 
9606.ENSP00000264605 9606.ENSP00000353590 0 0 0 61 186 0 253 379 
9606.ENSP00000264605 9606.ENSP00000328551 0 0 0 51 0 0 176 185 
9606.ENSP00000264605 9606.ENSP00000318803 0 0 0 101 0 0 746 761 
9606.ENSP00000264605 9606.ENSP00000382492 0 0 0 61 186 0 0 202 
9606.ENSP00000264605 9606.ENSP00000263368 0 0 0 0 0 0 254 254 
9606.ENSP00000264605 9606.ENSP00000479762 0 0 0 0 0 0 309 309 
9606.ENSP00000264605 9606.ENSP00000333591 0 0 0 0 0 0 219 219 
9606.ENSP00000264605 9606.ENSP00000326649 0 0 0 0 0 0 215 215 
9606.ENSP00000264605 9606.ENSP00000370299 0 0 0 0 0 0 241 241 
9606.ENSP00000264605 9606.ENSP00000424474 0 0 0 0 0 0 213 213 
9606.ENSP00000264605 9606.ENSP00000402758 0 0 0 98 0 0 476 507 
9606.ENSP00000264605 9606.ENSP00000263116 0 0 0 0 0 0 420 420 
9606.ENSP00000264605 9606.ENSP00000379616 0 0 0 0 131 0 222 295 
9606.ENSP00000264605 9606.ENSP00000401720 0 0 0 0 0 0 156 156 
9606.ENSP00000264605 9606.ENSP00000451605 0 0 0 83 0 0 384 411 
9606.ENSP00000264605 9606.ENSP00000261837 0 0 0 0 0 0 252 252 
9606.ENSP00000264605 9606.ENSP00000256496 0 0 0 0 0 0 190 190 
9606.ENSP00000264605 9606.ENSP00000346659 0 0 0 84 0 0 267 300 
9606.ENSP00000264605 9606.ENSP00000447300 0 0 0 0 0 0 152 152 
9606.ENSP00000264605 9606.ENSP00000337053 0 0 0 0 0 0 507 507 
9606.ENSP00000264605 9606.ENSP00000305839 0 0 0 0 0 0 558 558 
9606.ENSP00000264605 9606.ENSP00000437849 0 0 0 0 0 0 326 326 
9606.ENSP00000264605 9606.ENSP00000341550 0 0 0 0 0 0 260 260 
9606.ENSP00000264605 9606.ENSP00000340998 0 0 0 89 0 0 187 228 
9606.ENSP00000264605 9606.ENSP00000368022 0 0 0 0 0 0 213 213 
9606.ENSP00000264605 9606.ENSP00000263710 0 0 0 0 0 0 224 224 
9606.ENSP00000264605 9606.ENSP00000354238 0 0 0 88 0 0 109 153 
9606.ENSP00000264605 9606.ENSP00000078429 0 0 0 0 0 0 218 218 
9606.ENSP00000264605 9606.ENSP00000280571 0 0 0 0 731 0 440 842 
9606.ENSP00000264605 9606.ENSP00000317895 0 0 0 0 0 0 271 271 
9606.ENSP00000264605 9606.ENSP00000261655 0 0 0 0 0 0 216 216 
9606.ENSP00000264605 9606.ENSP00000352216 0 0 0 77 0 0 143 175 
9606.ENSP00000264605 9606.ENSP00000328524 0 0 0 0 0 0 286 286 
9606.ENSP00000264605 9606.ENSP00000363832 0 0 0 87 0 0 132 174 
9606.ENSP00000264605 9606.ENSP00000311469 0 0 0 0 0 0 173 173 
9606.ENSP00000264605 9606.ENSP00000358723 0 0 0 0 0 0 222 222 
9606.ENSP00000264605 9606.ENSP00000356379 0 0 0 61 186 0 0 202 
9606.ENSP00000264605 9606.ENSP00000262094 0 0 0 63 855 0 782 968 
9606.ENSP00000264605 9606.ENSP00000328977 0 0 0 0 0 0 513 513 
9606.ENSP00000264605 9606.ENSP00000313699 0 0 0 0 0 0 181 181 
9606.ENSP00000264605 9606.ENSP00000281441 0 0 0 76 0 0 221 249 
9606.ENSP00000264605 9606.ENSP00000354896 0 0 0 0 0 0 311 311 
9606.ENSP00000264605 9606.ENSP00000315299 0 0 0 0 0 0 199 199 
9606.ENSP00000264605 9606.ENSP00000480484 0 0 0 0 0 0 166 166 
9606.ENSP00000264605 9606.ENSP00000376390 0 0 0 0 0 0 354 354 
9606.ENSP00000264605 9606.ENSP00000267622 0 0 0 0 0 0 190 190 
9606.ENSP00000264605 9606.ENSP00000265857 0 0 0 0 0 0 313 313 
9606.ENSP00000264605 9606.ENSP00000367756 0 0 0 0 0 0 286 286 
9606.ENSP00000264605 9606.ENSP00000263369 0 0 0 63 0 0 165 184 
9606.ENSP00000264605 9606.ENSP00000387282 0 0 0 0 0 0 311 311 
9606.ENSP00000264605 9606.ENSP00000353292 0 0 0 117 0 0 89 161 
9606.ENSP00000264605 9606.ENSP00000449404 0 0 0 154 0 0 0 154 
9606.ENSP00000264605 9606.ENSP00000221957 0 0 0 0 0 0 210 210 
9606.ENSP00000264605 9606.ENSP00000362080 0 0 0 61 0 0 301 316 
9606.ENSP00000264605 9606.ENSP00000245503 0 0 0 0 131 0 231 303 
9606.ENSP00000264605 9606.ENSP00000368727 0 0 0 86 0 0 179 217 
9606.ENSP00000264605 9606.ENSP00000374036 0 0 0 0 0 0 640 640 
9606.ENSP00000264605 9606.ENSP00000349259 0 0 0 0 0 0 181 181 
9606.ENSP00000264605 9606.ENSP00000273857 0 0 0 0 0 0 188 188 
9606.ENSP00000264605 9606.ENSP00000416015 0 0 0 0 0 0 165 165 
9606.ENSP00000264605 9606.ENSP00000392762 0 0 0 101 0 0 446 480 
9606.ENSP00000264605 9606.ENSP00000265944 0 0 0 0 131 0 63 151 
9606.ENSP00000264605 9606.ENSP00000354040 0 0 0 0 0 0 414 414 
9606.ENSP00000264605 9606.ENSP00000306261 0 0 0 0 0 0 221 221 
9606.ENSP00000264605 9606.ENSP00000307078 0 0 0 0 0 0 167 167 
9606.ENSP00000264605 9606.ENSP00000241337 0 0 0 0 0 0 219 219 
9606.ENSP00000264605 9606.ENSP00000288235 0 0 0 0 131 0 145 225 
9606.ENSP00000264605 9606.ENSP00000395281 0 0 0 0 0 0 267 267 
9606.ENSP00000264605 9606.ENSP00000367494 0 0 0 0 0 0 449 449 
9606.ENSP00000264605 9606.ENSP00000470972 0 0 0 0 0 0 428 428 
9606.ENSP00000264605 9606.ENSP00000311505 0 0 0 61 186 0 0 202 
9606.ENSP00000264605 9606.ENSP00000448012 0 0 0 0 0 0 158 158 
9606.ENSP00000264605 9606.ENSP00000333920 0 0 0 0 0 0 150 150 
9606.ENSP00000264605 9606.ENSP00000337128 0 0 0 0 0 0 179 179 
9606.ENSP00000264605 9606.ENSP00000378356 0 0 0 0 0 0 289 289 
9606.ENSP00000264605 9606.ENSP00000256594 0 0 0 0 0 0 315 315 
9606.ENSP00000264605 9606.ENSP00000375857 0 0 0 0 0 0 175 175 
9606.ENSP00000264605 9606.ENSP00000260762 0 0 0 0 0 0 163 163 
9606.ENSP00000264605 9606.ENSP00000296589 0 0 0 107 0 0 390 433 
9606.ENSP00000264605 9606.ENSP00000301336 0 0 0 0 0 0 212 212 
9606.ENSP00000264605 9606.ENSP00000291527 0 0 0 211 0 0 0 211 
9606.ENSP00000264605 9606.ENSP00000350386 0 0 0 0 0 0 400 400 
9606.ENSP00000264605 9606.ENSP00000376417 0 0 0 0 0 0 227 227 
9606.ENSP00000264605 9606.ENSP00000243662 0 0 0 84 0 0 481 504 
9606.ENSP00000264605 9606.ENSP00000262231 0 0 0 0 0 0 250 250 
9606.ENSP00000264605 9606.ENSP00000483936 0 0 0 0 0 0 248 248 
9606.ENSP00000264605 9606.ENSP00000264601 0 0 0 123 0 0 491 534 
9606.ENSP00000264605 9606.ENSP00000447650 0 0 0 0 0 0 299 299 
9606.ENSP00000264605 9606.ENSP00000304292 0 0 0 0 0 0 150 150 
9606.ENSP00000264605 9606.ENSP00000415090 0 0 0 0 131 0 113 196 
9606.ENSP00000264605 9606.ENSP00000354791 0 0 0 0 0 0 167 167 
9606.ENSP00000264605 9606.ENSP00000262646 0 0 0 0 0 0 174 174 
