9606.ENSP00000461862 9606.ENSP00000480489 0 0 0 0 190 0 0 190 
9606.ENSP00000461862 9606.ENSP00000261007 0 0 0 0 0 0 244 244 
9606.ENSP00000461862 9606.ENSP00000473853 0 0 0 0 0 0 211 211 
9606.ENSP00000461862 9606.ENSP00000311857 0 0 0 0 151 0 0 151 
9606.ENSP00000461862 9606.ENSP00000263925 0 0 0 0 190 0 0 190 
9606.ENSP00000461862 9606.ENSP00000205890 0 0 0 0 175 0 0 175 
9606.ENSP00000461862 9606.ENSP00000381098 0 0 0 0 190 0 0 190 
9606.ENSP00000461862 9606.ENSP00000334051 0 0 0 0 52 0 314 321 
9606.ENSP00000461862 9606.ENSP00000345393 0 0 0 0 81 0 207 240 
9606.ENSP00000461862 9606.ENSP00000482335 0 0 0 0 0 0 293 293 
9606.ENSP00000461862 9606.ENSP00000262613 0 0 0 0 190 0 0 190 
9606.ENSP00000461862 9606.ENSP00000347742 0 0 0 0 190 0 0 190 
9606.ENSP00000461862 9606.ENSP00000479119 0 0 0 0 161 0 0 161 
9606.ENSP00000461862 9606.ENSP00000371634 0 0 0 0 0 0 196 196 
9606.ENSP00000461862 9606.ENSP00000422607 0 0 0 0 0 0 163 163 
9606.ENSP00000461862 9606.ENSP00000282849 0 0 0 0 111 0 109 174 
9606.ENSP00000461862 9606.ENSP00000439807 0 0 0 0 190 0 0 190 
9606.ENSP00000461862 9606.ENSP00000263207 0 0 0 62 169 0 50 194 
9606.ENSP00000461862 9606.ENSP00000374069 0 0 0 51 152 0 0 160 
9606.ENSP00000461862 9606.ENSP00000253812 0 0 0 152 0 0 69 177 
9606.ENSP00000461862 9606.ENSP00000478725 0 0 0 0 186 0 0 186 
9606.ENSP00000461862 9606.ENSP00000376872 0 0 0 0 53 0 210 219 
9606.ENSP00000461862 9606.ENSP00000362304 0 0 0 0 111 0 128 192 
9606.ENSP00000461862 9606.ENSP00000307134 0 0 0 62 169 0 50 194 
9606.ENSP00000461862 9606.ENSP00000478258 0 0 0 214 0 0 56 226 
9606.ENSP00000461862 9606.ENSP00000325526 0 0 0 0 90 0 116 161 
9606.ENSP00000461862 9606.ENSP00000231130 0 0 0 76 127 0 64 179 
9606.ENSP00000461862 9606.ENSP00000421258 0 0 0 0 50 0 355 361 
9606.ENSP00000461862 9606.ENSP00000351342 0 0 0 0 151 0 0 151 
9606.ENSP00000461862 9606.ENSP00000357196 0 0 0 0 151 0 0 151 
9606.ENSP00000461862 9606.ENSP00000402033 0 0 0 0 260 0 0 260 
9606.ENSP00000461862 9606.ENSP00000407761 0 0 0 0 0 0 167 167 
9606.ENSP00000461862 9606.ENSP00000355923 0 0 0 0 151 0 0 151 
9606.ENSP00000461862 9606.ENSP00000265708 0 0 0 0 0 0 252 252 
9606.ENSP00000461862 9606.ENSP00000254667 0 0 0 0 151 0 0 151 
9606.ENSP00000461862 9606.ENSP00000345395 0 0 0 61 141 0 50 166 
9606.ENSP00000461862 9606.ENSP00000306817 0 0 0 0 0 0 317 317 
9606.ENSP00000461862 9606.ENSP00000357484 0 0 0 0 190 0 0 190 
9606.ENSP00000461862 9606.ENSP00000286548 0 0 0 0 52 0 147 156 
9606.ENSP00000461862 9606.ENSP00000252085 0 0 0 176 0 0 69 200 
9606.ENSP00000461862 9606.ENSP00000432688 0 0 0 0 0 0 420 420 
9606.ENSP00000461862 9606.ENSP00000418112 0 0 0 0 151 0 0 151 
9606.ENSP00000461862 9606.ENSP00000360798 0 0 0 0 0 0 165 165 
9606.ENSP00000461862 9606.ENSP00000322837 0 0 0 0 0 0 422 422 
9606.ENSP00000461862 9606.ENSP00000481152 0 0 0 0 161 0 0 161 
9606.ENSP00000461862 9606.ENSP00000330269 0 0 0 0 151 0 0 151 
9606.ENSP00000461862 9606.ENSP00000256366 0 0 0 0 190 0 0 190 
9606.ENSP00000461862 9606.ENSP00000394794 0 0 0 0 151 0 0 151 
9606.ENSP00000461862 9606.ENSP00000363921 0 0 0 0 190 0 0 190 
9606.ENSP00000461862 9606.ENSP00000397351 0 0 0 0 262 0 0 262 
9606.ENSP00000461862 9606.ENSP00000356853 0 0 0 0 194 0 42 194 
9606.ENSP00000461862 9606.ENSP00000394485 0 0 0 58 190 0 0 204 
9606.ENSP00000461862 9606.ENSP00000430024 0 0 0 318 0 0 84 348 
9606.ENSP00000461862 9606.ENSP00000265727 0 0 0 50 0 0 244 251 
9606.ENSP00000461862 9606.ENSP00000331678 0 0 0 62 169 0 48 193 
9606.ENSP00000461862 9606.ENSP00000329127 0 0 0 0 0 0 265 265 
9606.ENSP00000461862 9606.ENSP00000271417 0 0 0 0 0 0 398 398 
9606.ENSP00000461862 9606.ENSP00000364043 0 0 0 0 0 0 440 440 
9606.ENSP00000461862 9606.ENSP00000334122 0 0 0 0 0 0 163 163 
9606.ENSP00000461862 9606.ENSP00000315949 0 0 0 0 0 0 244 244 
9606.ENSP00000461862 9606.ENSP00000374409 0 0 0 62 169 0 50 194 
9606.ENSP00000461862 9606.ENSP00000480091 0 0 0 0 190 0 42 190 
9606.ENSP00000461862 9606.ENSP00000381594 0 0 0 141 0 0 56 155 
9606.ENSP00000461862 9606.ENSP00000382972 0 0 0 0 0 0 167 167 
9606.ENSP00000461862 9606.ENSP00000331201 0 0 0 61 180 0 0 197 
9606.ENSP00000461862 9606.ENSP00000303129 0 0 0 0 0 0 218 218 
9606.ENSP00000461862 9606.ENSP00000252674 0 0 0 0 0 0 186 186 
9606.ENSP00000461862 9606.ENSP00000295718 0 0 0 51 152 0 0 160 
9606.ENSP00000461862 9606.ENSP00000283243 0 0 0 0 56 0 254 265 
9606.ENSP00000461862 9606.ENSP00000296102 0 0 0 0 0 0 441 441 
9606.ENSP00000461862 9606.ENSP00000361285 0 0 0 0 194 0 42 194 
9606.ENSP00000461862 9606.ENSP00000452414 0 0 0 62 152 0 0 170 
9606.ENSP00000461862 9606.ENSP00000377508 0 0 0 0 194 0 42 194 
9606.ENSP00000461862 9606.ENSP00000429273 0 0 0 213 554 0 56 639 
9606.ENSP00000461862 9606.ENSP00000383558 0 0 0 0 0 0 187 187 
9606.ENSP00000461862 9606.ENSP00000347672 0 0 0 49 157 0 59 179 
9606.ENSP00000461862 9606.ENSP00000360200 0 0 0 0 260 0 0 260 
9606.ENSP00000461862 9606.ENSP00000239444 0 0 0 98 127 0 79 211 
9606.ENSP00000461862 9606.ENSP00000340944 0 0 0 0 151 0 0 151 
9606.ENSP00000461862 9606.ENSP00000359783 0 0 0 0 0 0 169 169 
9606.ENSP00000461862 9606.ENSP00000312834 0 0 0 0 0 0 310 310 
9606.ENSP00000461862 9606.ENSP00000463325 0 0 0 0 151 0 0 151 
9606.ENSP00000461862 9606.ENSP00000264192 0 0 0 0 190 0 0 190 
9606.ENSP00000461862 9606.ENSP00000326249 0 0 0 0 50 0 518 522 
9606.ENSP00000461862 9606.ENSP00000378077 0 0 0 213 0 0 76 242 
9606.ENSP00000461862 9606.ENSP00000363667 0 0 0 0 151 0 0 151 
9606.ENSP00000461862 9606.ENSP00000415769 0 0 0 0 0 0 294 294 
9606.ENSP00000461862 9606.ENSP00000334941 0 0 0 0 151 0 0 151 
9606.ENSP00000461862 9606.ENSP00000386213 0 0 0 0 185 0 0 185 
9606.ENSP00000461862 9606.ENSP00000351618 0 0 0 0 190 0 0 190 
9606.ENSP00000461862 9606.ENSP00000367203 0 0 0 0 156 0 0 156 
9606.ENSP00000461862 9606.ENSP00000391592 0 0 0 0 151 0 0 151 
9606.ENSP00000461862 9606.ENSP00000239666 0 0 0 0 190 0 0 190 
9606.ENSP00000461862 9606.ENSP00000429018 0 0 0 299 0 0 60 312 
9606.ENSP00000461862 9606.ENSP00000265944 0 0 0 0 185 0 0 185 
9606.ENSP00000461862 9606.ENSP00000380948 0 0 0 61 55 0 125 155 
9606.ENSP00000461862 9606.ENSP00000400010 0 0 0 0 152 0 44 154 
9606.ENSP00000461862 9606.ENSP00000381949 0 0 0 0 0 0 294 294 
9606.ENSP00000461862 9606.ENSP00000364595 0 0 0 0 0 0 312 312 
9606.ENSP00000461862 9606.ENSP00000239446 0 0 0 78 127 0 0 160 
9606.ENSP00000461862 9606.ENSP00000325929 0 0 0 0 190 0 0 190 
9606.ENSP00000461862 9606.ENSP00000407685 0 0 0 0 0 0 212 212 
9606.ENSP00000461862 9606.ENSP00000362294 0 0 0 0 151 0 0 151 
9606.ENSP00000461862 9606.ENSP00000231137 0 0 0 89 127 0 0 170 
9606.ENSP00000461862 9606.ENSP00000215912 0 0 0 0 0 0 297 297 
9606.ENSP00000461862 9606.ENSP00000470788 0 0 0 0 0 0 188 188 
9606.ENSP00000461862 9606.ENSP00000475084 0 0 0 0 0 0 150 150 
9606.ENSP00000461862 9606.ENSP00000282670 0 0 0 0 0 0 491 491 
9606.ENSP00000461862 9606.ENSP00000354623 0 0 0 0 190 0 0 190 
9606.ENSP00000461862 9606.ENSP00000306637 0 0 0 0 0 0 422 422 
9606.ENSP00000461862 9606.ENSP00000365528 0 0 0 0 152 0 43 153 
9606.ENSP00000461862 9606.ENSP00000421280 0 0 0 0 175 0 0 175 
9606.ENSP00000461862 9606.ENSP00000283228 0 0 0 0 151 0 0 151 
9606.ENSP00000461862 9606.ENSP00000263946 0 0 0 62 169 0 48 193 
9606.ENSP00000461862 9606.ENSP00000378578 0 0 0 0 0 0 165 165 
9606.ENSP00000461862 9606.ENSP00000252087 0 0 0 135 0 0 78 168 
9606.ENSP00000461862 9606.ENSP00000263655 0 0 0 0 0 0 386 386 
9606.ENSP00000461862 9606.ENSP00000386331 0 0 0 0 175 0 0 175 
9606.ENSP00000461862 9606.ENSP00000264497 0 0 0 0 0 0 211 211 
9606.ENSP00000461862 9606.ENSP00000363459 0 0 0 0 151 0 0 151 
9606.ENSP00000461862 9606.ENSP00000312070 0 0 0 65 549 0 76 576 
9606.ENSP00000461862 9606.ENSP00000239449 0 0 0 69 127 0 0 152 
9606.ENSP00000461862 9606.ENSP00000428288 0 0 0 118 544 0 54 586 
9606.ENSP00000461862 9606.ENSP00000482885 0 0 0 0 260 0 43 261 
9606.ENSP00000461862 9606.ENSP00000360683 0 0 0 0 151 0 0 151 
9606.ENSP00000461862 9606.ENSP00000381589 0 0 0 171 0 0 74 200 
9606.ENSP00000461862 9606.ENSP00000330842 0 0 0 0 0 0 477 477 
9606.ENSP00000461862 9606.ENSP00000302935 0 0 0 0 190 0 0 190 
9606.ENSP00000461862 9606.ENSP00000286835 0 0 0 0 0 0 171 171 
9606.ENSP00000461862 9606.ENSP00000362186 0 0 0 57 0 0 214 227 
9606.ENSP00000461862 9606.ENSP00000175756 0 0 0 0 151 0 0 151 
9606.ENSP00000461862 9606.ENSP00000265562 0 0 0 0 151 0 0 151 
9606.ENSP00000461862 9606.ENSP00000246080 0 0 0 0 0 0 361 361 
9606.ENSP00000461862 9606.ENSP00000248594 0 0 0 0 151 0 0 151 
9606.ENSP00000461862 9606.ENSP00000231173 0 0 0 88 127 0 0 169 
9606.ENSP00000461862 9606.ENSP00000293662 0 0 0 0 190 0 0 190 
9606.ENSP00000461862 9606.ENSP00000394546 0 0 0 0 0 0 284 284 
9606.ENSP00000461862 9606.ENSP00000353030 0 0 0 0 151 0 0 151 
9606.ENSP00000461862 9606.ENSP00000308708 0 0 0 0 0 0 388 388 
9606.ENSP00000461862 9606.ENSP00000377047 0 0 0 0 151 0 0 151 
9606.ENSP00000461862 9606.ENSP00000458570 0 0 0 300 0 0 75 325 
9606.ENSP00000461862 9606.ENSP00000363317 0 0 0 0 297 0 0 297 
9606.ENSP00000461862 9606.ENSP00000239450 0 0 0 95 127 0 0 176 
9606.ENSP00000461862 9606.ENSP00000382004 0 0 0 62 169 0 50 194 
9606.ENSP00000461862 9606.ENSP00000352833 0 0 0 0 151 0 0 151 
9606.ENSP00000461862 9606.ENSP00000380450 0 0 0 0 0 0 213 213 
9606.ENSP00000461862 9606.ENSP00000281631 0 0 0 0 0 0 390 390 
9606.ENSP00000461862 9606.ENSP00000478289 0 0 0 0 161 0 0 161 
9606.ENSP00000461862 9606.ENSP00000370593 0 0 0 0 151 0 0 151 
9606.ENSP00000461862 9606.ENSP00000369756 0 0 0 0 151 0 0 151 
9606.ENSP00000461862 9606.ENSP00000231134 0 0 0 69 127 0 0 152 
9606.ENSP00000461862 9606.ENSP00000348349 0 0 0 0 175 0 0 175 
9606.ENSP00000461862 9606.ENSP00000254846 0 0 0 0 156 0 0 156 
9606.ENSP00000461862 9606.ENSP00000281171 0 0 0 0 151 0 0 151 
9606.ENSP00000461862 9606.ENSP00000482732 0 0 0 0 151 0 0 151 
9606.ENSP00000461862 9606.ENSP00000323580 0 0 0 0 186 0 0 186 
9606.ENSP00000461862 9606.ENSP00000249499 0 0 0 0 0 0 241 241 
9606.ENSP00000461862 9606.ENSP00000474135 0 0 0 0 186 0 0 186 
9606.ENSP00000461862 9606.ENSP00000342513 0 0 0 0 0 0 186 186 
9606.ENSP00000461862 9606.ENSP00000334928 0 0 0 0 151 0 0 151 
9606.ENSP00000461862 9606.ENSP00000390941 0 0 0 0 190 0 42 190 
9606.ENSP00000461862 9606.ENSP00000468678 0 0 0 0 175 0 0 175 
9606.ENSP00000461862 9606.ENSP00000337816 0 0 0 0 0 0 211 211 
9606.ENSP00000461862 9606.ENSP00000478606 0 0 0 0 127 0 78 161 
9606.ENSP00000461862 9606.ENSP00000344456 0 0 0 50 194 0 56 214 
9606.ENSP00000461862 9606.ENSP00000479675 0 0 0 0 161 0 0 161 
9606.ENSP00000461862 9606.ENSP00000309116 0 0 0 0 151 0 0 151 
9606.ENSP00000461862 9606.ENSP00000467494 0 0 0 0 0 0 212 212 
9606.ENSP00000461862 9606.ENSP00000357040 0 0 0 49 157 0 59 179 
9606.ENSP00000461862 9606.ENSP00000471457 0 0 0 0 175 0 0 175 
9606.ENSP00000461862 9606.ENSP00000385727 0 0 0 0 0 0 163 163 
9606.ENSP00000461862 9606.ENSP00000289968 0 0 0 0 0 0 267 267 
9606.ENSP00000461862 9606.ENSP00000354387 0 0 0 0 190 0 42 190 
9606.ENSP00000461862 9606.ENSP00000349932 0 0 0 0 151 0 0 151 
9606.ENSP00000461862 9606.ENSP00000411355 0 0 0 0 151 0 0 151 
9606.ENSP00000461862 9606.ENSP00000016946 0 0 0 0 0 0 471 471 
9606.ENSP00000461862 9606.ENSP00000357906 0 0 0 0 0 0 309 309 
9606.ENSP00000461862 9606.ENSP00000361263 0 0 0 0 0 0 189 189 
9606.ENSP00000461862 9606.ENSP00000070846 0 0 0 62 169 0 48 193 
9606.ENSP00000461862 9606.ENSP00000231136 0 0 0 88 127 0 0 169 
9606.ENSP00000461862 9606.ENSP00000005226 0 0 0 0 190 0 0 190 
9606.ENSP00000461862 9606.ENSP00000480660 0 0 0 0 190 0 0 190 
9606.ENSP00000461862 9606.ENSP00000367001 0 0 0 61 0 0 223 239 
9606.ENSP00000461862 9606.ENSP00000376800 0 0 0 0 52 0 245 253 
9606.ENSP00000461862 9606.ENSP00000460236 0 0 0 0 0 0 187 187 
9606.ENSP00000461862 9606.ENSP00000215637 0 0 0 0 0 0 161 161 
9606.ENSP00000461862 9606.ENSP00000244728 0 0 0 0 0 0 327 327 
9606.ENSP00000461862 9606.ENSP00000361467 0 0 0 0 260 0 0 260 
9606.ENSP00000461862 9606.ENSP00000386834 0 0 0 0 0 0 250 250 
9606.ENSP00000461862 9606.ENSP00000482133 0 0 0 0 190 0 0 190 
9606.ENSP00000461862 9606.ENSP00000263708 0 0 0 0 151 0 0 151 
9606.ENSP00000461862 9606.ENSP00000246186 0 0 0 0 0 0 211 211 
9606.ENSP00000461862 9606.ENSP00000463419 0 0 0 0 0 0 355 355 
9606.ENSP00000461862 9606.ENSP00000346155 0 0 0 0 194 0 42 194 
9606.ENSP00000461862 9606.ENSP00000376417 0 0 0 62 169 0 48 193 
9606.ENSP00000461862 9606.ENSP00000427552 0 0 0 49 0 0 167 173 
9606.ENSP00000461862 9606.ENSP00000415090 0 0 0 0 175 0 0 175 
9606.ENSP00000461862 9606.ENSP00000408005 0 0 0 0 190 0 0 190 
