9606.ENSP00000263849 9606.ENSP00000428343 0 0 0 0 0 0 286 286 
9606.ENSP00000263849 9606.ENSP00000285071 0 0 0 0 0 0 248 248 
9606.ENSP00000263849 9606.ENSP00000379696 0 0 0 98 0 0 515 543 
9606.ENSP00000263849 9606.ENSP00000336721 0 0 0 0 0 0 226 226 
9606.ENSP00000263849 9606.ENSP00000264027 0 0 0 0 0 0 269 269 
9606.ENSP00000263849 9606.ENSP00000293883 0 0 0 0 0 0 705 705 
9606.ENSP00000263849 9606.ENSP00000444645 0 0 0 0 0 0 211 211 
9606.ENSP00000263849 9606.ENSP00000326981 0 0 0 0 0 0 384 384 
9606.ENSP00000263849 9606.ENSP00000403210 0 0 0 0 0 0 477 477 
9606.ENSP00000263849 9606.ENSP00000358501 0 0 0 0 0 0 156 156 
9606.ENSP00000263849 9606.ENSP00000484732 0 0 0 0 0 0 574 574 
9606.ENSP00000263849 9606.ENSP00000245105 0 0 0 0 0 0 475 475 
9606.ENSP00000263849 9606.ENSP00000300145 0 0 0 0 0 0 330 330 
9606.ENSP00000263849 9606.ENSP00000380074 0 0 0 0 0 0 448 448 
9606.ENSP00000263849 9606.ENSP00000292778 0 0 0 0 0 0 197 197 
9606.ENSP00000263849 9606.ENSP00000373420 0 0 0 0 0 0 167 167 
9606.ENSP00000263849 9606.ENSP00000325594 0 0 0 0 0 0 167 167 
9606.ENSP00000263849 9606.ENSP00000344241 0 0 0 0 0 0 175 175 
9606.ENSP00000263849 9606.ENSP00000265709 0 0 0 0 0 0 195 195 
9606.ENSP00000263849 9606.ENSP00000352836 0 0 0 0 0 0 392 392 
9606.ENSP00000263849 9606.ENSP00000418259 0 0 0 0 0 0 250 250 
9606.ENSP00000263849 9606.ENSP00000336799 0 0 0 55 0 0 138 150 
9606.ENSP00000263849 9606.ENSP00000364076 0 0 0 0 0 0 165 165 
9606.ENSP00000263849 9606.ENSP00000343023 0 0 0 0 210 0 0 210 
9606.ENSP00000263849 9606.ENSP00000394049 0 0 0 0 0 0 220 220 
9606.ENSP00000263849 9606.ENSP00000390011 0 0 0 0 0 0 384 384 
9606.ENSP00000263849 9606.ENSP00000478061 0 0 0 65 0 0 146 167 
9606.ENSP00000263849 9606.ENSP00000306614 0 0 0 50 0 0 292 298 
9606.ENSP00000263849 9606.ENSP00000356416 0 0 0 64 0 0 403 417 
9606.ENSP00000263849 9606.ENSP00000262345 0 0 0 0 0 0 161 161 
9606.ENSP00000263849 9606.ENSP00000393762 0 0 0 0 0 0 178 178 
9606.ENSP00000263849 9606.ENSP00000359506 0 0 0 62 154 0 0 172 
9606.ENSP00000263849 9606.ENSP00000370119 0 0 0 0 0 0 159 159 
9606.ENSP00000263849 9606.ENSP00000384183 0 0 0 0 689 0 622 877 
9606.ENSP00000263849 9606.ENSP00000321997 0 0 0 0 0 0 226 226 
9606.ENSP00000263849 9606.ENSP00000261167 0 0 0 0 0 0 355 355 
9606.ENSP00000263849 9606.ENSP00000277895 0 0 0 0 0 0 248 248 
9606.ENSP00000263849 9606.ENSP00000314441 0 0 0 0 0 0 311 311 
9606.ENSP00000263849 9606.ENSP00000273814 0 0 0 0 0 0 290 290 
9606.ENSP00000263849 9606.ENSP00000357842 0 0 0 0 0 0 294 294 
9606.ENSP00000263849 9606.ENSP00000383059 0 0 0 0 0 0 400 400 
9606.ENSP00000263849 9606.ENSP00000457593 0 0 0 0 0 0 150 150 
9606.ENSP00000263849 9606.ENSP00000383949 0 0 0 49 0 0 265 271 
9606.ENSP00000263849 9606.ENSP00000369627 0 0 0 0 0 0 424 424 
9606.ENSP00000263849 9606.ENSP00000354718 0 0 0 0 0 0 186 186 
9606.ENSP00000263849 9606.ENSP00000385570 0 0 0 61 0 0 269 284 
9606.ENSP00000263849 9606.ENSP00000219207 0 0 0 0 0 0 296 296 
9606.ENSP00000263849 9606.ENSP00000364449 0 0 0 0 0 0 268 268 
9606.ENSP00000263849 9606.ENSP00000320898 0 0 0 49 0 0 291 297 
9606.ENSP00000263849 9606.ENSP00000178640 0 0 0 0 0 0 161 161 
9606.ENSP00000263849 9606.ENSP00000317123 0 0 0 0 0 0 216 216 
9606.ENSP00000263849 9606.ENSP00000266014 0 0 0 0 0 0 416 416 
9606.ENSP00000263849 9606.ENSP00000367137 0 0 0 49 0 0 397 402 
9606.ENSP00000263849 9606.ENSP00000368801 0 0 0 0 369 0 387 596 
9606.ENSP00000263849 9606.ENSP00000338812 0 0 0 0 0 0 236 236 
9606.ENSP00000263849 9606.ENSP00000263181 0 0 0 0 0 0 152 152 
9606.ENSP00000263849 9606.ENSP00000479494 0 0 0 0 0 0 398 398 
9606.ENSP00000263849 9606.ENSP00000308708 0 0 0 62 0 0 145 163 
9606.ENSP00000263849 9606.ENSP00000357389 0 0 0 0 0 0 292 292 
9606.ENSP00000263849 9606.ENSP00000284981 0 0 0 62 0 0 187 205 
9606.ENSP00000263849 9606.ENSP00000426941 0 0 0 0 0 0 357 357 
9606.ENSP00000263849 9606.ENSP00000219299 0 0 0 0 0 0 242 242 
9606.ENSP00000263849 9606.ENSP00000361900 0 0 0 61 0 0 312 326 
9606.ENSP00000263849 9606.ENSP00000314299 0 0 0 0 0 0 211 211 
9606.ENSP00000263849 9606.ENSP00000307863 0 0 0 0 0 0 210 210 
9606.ENSP00000263849 9606.ENSP00000300209 0 0 0 0 0 0 630 630 
9606.ENSP00000263849 9606.ENSP00000431800 0 0 0 0 0 0 224 224 
9606.ENSP00000263849 9606.ENSP00000421985 0 0 0 0 0 0 203 203 
9606.ENSP00000263849 9606.ENSP00000345492 0 0 0 0 0 0 197 197 
9606.ENSP00000263849 9606.ENSP00000331983 0 0 0 0 0 0 311 311 
9606.ENSP00000263849 9606.ENSP00000441927 0 0 0 0 0 0 216 216 
9606.ENSP00000263849 9606.ENSP00000356395 0 0 0 0 0 0 250 250 
9606.ENSP00000263849 9606.ENSP00000266254 0 0 0 61 0 0 348 361 
9606.ENSP00000263849 9606.ENSP00000465213 0 0 0 0 0 0 404 404 
9606.ENSP00000263849 9606.ENSP00000365730 0 0 0 0 0 0 167 167 
9606.ENSP00000263849 9606.ENSP00000400376 0 0 0 62 0 0 249 265 
9606.ENSP00000263849 9606.ENSP00000258416 0 0 0 0 0 0 270 270 
9606.ENSP00000263849 9606.ENSP00000264433 0 0 0 0 0 0 452 452 
9606.ENSP00000263849 9606.ENSP00000411831 0 0 0 55 0 0 291 301 
9606.ENSP00000263849 9606.ENSP00000370713 0 0 0 0 0 0 167 167 
9606.ENSP00000263849 9606.ENSP00000268482 0 0 0 0 0 0 286 286 
9606.ENSP00000263849 9606.ENSP00000364212 0 0 0 0 0 0 211 211 
9606.ENSP00000263849 9606.ENSP00000382779 0 0 0 0 0 0 436 436 
9606.ENSP00000263849 9606.ENSP00000379310 0 0 0 81 0 0 310 339 
9606.ENSP00000263849 9606.ENSP00000318147 0 0 0 0 0 0 342 342 
9606.ENSP00000263849 9606.ENSP00000389760 0 0 0 0 0 0 271 271 
9606.ENSP00000263849 9606.ENSP00000360365 0 0 0 0 0 0 404 404 
9606.ENSP00000263849 9606.ENSP00000267812 0 0 0 0 0 0 167 167 
9606.ENSP00000263849 9606.ENSP00000482767 0 0 0 0 0 0 173 173 
9606.ENSP00000263849 9606.ENSP00000250457 0 0 0 0 159 0 0 159 
9606.ENSP00000263849 9606.ENSP00000417686 0 0 0 0 0 0 403 403 
9606.ENSP00000263849 9606.ENSP00000425561 0 0 0 0 0 0 154 154 
9606.ENSP00000263849 9606.ENSP00000401633 0 0 0 64 0 0 228 246 
9606.ENSP00000263849 9606.ENSP00000238714 0 0 0 0 0 0 293 293 
9606.ENSP00000263849 9606.ENSP00000463393 0 0 0 0 0 0 278 278 
9606.ENSP00000263849 9606.ENSP00000363794 0 0 0 0 0 0 284 284 
9606.ENSP00000263849 9606.ENSP00000466542 0 0 0 0 0 0 290 290 
9606.ENSP00000263849 9606.ENSP00000252456 0 0 0 0 0 0 163 163 
9606.ENSP00000263849 9606.ENSP00000353920 0 0 0 0 0 0 194 194 
9606.ENSP00000263849 9606.ENSP00000399392 0 0 0 0 0 0 250 250 
9606.ENSP00000263849 9606.ENSP00000482515 0 0 0 0 0 0 347 347 
9606.ENSP00000263849 9606.ENSP00000262144 0 0 0 61 0 0 731 737 
9606.ENSP00000263849 9606.ENSP00000339881 0 0 0 0 0 0 731 731 
9606.ENSP00000263849 9606.ENSP00000332247 0 0 0 0 0 0 158 158 
9606.ENSP00000263849 9606.ENSP00000317431 0 0 0 0 0 0 475 475 
9606.ENSP00000263849 9606.ENSP00000400892 0 0 0 0 0 0 416 416 
9606.ENSP00000263849 9606.ENSP00000364114 0 0 0 0 0 0 185 185 
9606.ENSP00000263849 9606.ENSP00000431391 0 0 0 0 0 0 210 210 
9606.ENSP00000263849 9606.ENSP00000402653 0 0 0 0 0 0 313 313 
9606.ENSP00000263849 9606.ENSP00000300557 0 0 0 0 0 0 216 216 
9606.ENSP00000263849 9606.ENSP00000325312 0 0 0 0 0 0 173 173 
9606.ENSP00000263849 9606.ENSP00000408146 0 0 0 0 0 0 195 195 
9606.ENSP00000263849 9606.ENSP00000370083 0 0 0 0 0 0 159 159 
9606.ENSP00000263849 9606.ENSP00000253063 0 0 0 0 0 0 314 314 
9606.ENSP00000263849 9606.ENSP00000356708 0 0 0 51 0 0 268 275 
9606.ENSP00000263849 9606.ENSP00000339479 0 0 0 0 0 0 237 237 
9606.ENSP00000263849 9606.ENSP00000244520 0 0 0 0 0 0 403 403 
9606.ENSP00000263849 9606.ENSP00000252655 0 0 0 62 0 0 135 153 
9606.ENSP00000263849 9606.ENSP00000263851 0 0 0 0 0 0 214 214 
9606.ENSP00000263849 9606.ENSP00000350071 0 0 0 64 0 0 275 292 
9606.ENSP00000263849 9606.ENSP00000327821 0 0 0 0 0 0 321 321 
9606.ENSP00000263849 9606.ENSP00000311430 0 0 0 0 0 0 198 198 
9606.ENSP00000263849 9606.ENSP00000290158 0 0 0 0 0 0 216 216 
9606.ENSP00000263849 9606.ENSP00000425634 0 0 0 0 0 0 242 242 
9606.ENSP00000263849 9606.ENSP00000356429 0 0 0 64 0 0 172 191 
9606.ENSP00000263849 9606.ENSP00000463334 0 0 0 0 0 0 167 167 
9606.ENSP00000263849 9606.ENSP00000359645 0 0 0 62 0 0 222 239 
9606.ENSP00000263849 9606.ENSP00000401371 0 0 0 84 0 0 123 162 
9606.ENSP00000263849 9606.ENSP00000215793 0 0 0 0 0 0 213 213 
9606.ENSP00000263849 9606.ENSP00000313877 0 0 0 0 0 0 250 250 
9606.ENSP00000263849 9606.ENSP00000427550 0 0 0 0 0 0 200 200 
9606.ENSP00000263849 9606.ENSP00000274242 0 0 0 0 0 0 286 286 
9606.ENSP00000263849 9606.ENSP00000257181 0 0 0 0 0 0 154 154 
9606.ENSP00000263849 9606.ENSP00000326240 0 0 0 0 0 0 163 163 
9606.ENSP00000263849 9606.ENSP00000219368 0 0 0 0 0 0 226 226 
9606.ENSP00000263849 9606.ENSP00000253237 0 0 0 0 0 0 319 319 
9606.ENSP00000263849 9606.ENSP00000370394 0 0 0 61 0 0 716 722 
9606.ENSP00000263849 9606.ENSP00000262741 0 0 0 0 0 0 187 187 
9606.ENSP00000263849 9606.ENSP00000446271 0 0 0 0 0 0 156 156 
9606.ENSP00000263849 9606.ENSP00000221801 0 0 0 0 0 0 270 270 
9606.ENSP00000263849 9606.ENSP00000317224 0 0 0 0 0 0 199 199 
9606.ENSP00000263849 9606.ENSP00000301072 0 0 0 55 130 0 296 371 
9606.ENSP00000263849 9606.ENSP00000460547 0 0 0 0 0 0 377 377 
9606.ENSP00000263849 9606.ENSP00000355011 0 0 0 0 0 0 448 448 
9606.ENSP00000263849 9606.ENSP00000228476 0 0 0 0 0 0 211 211 
9606.ENSP00000263849 9606.ENSP00000455507 0 0 0 0 0 0 160 160 
9606.ENSP00000263849 9606.ENSP00000305941 0 0 0 0 0 0 320 320 
9606.ENSP00000263849 9606.ENSP00000336741 0 0 0 0 0 0 212 212 
9606.ENSP00000263849 9606.ENSP00000364080 0 0 0 0 0 0 187 187 
9606.ENSP00000263849 9606.ENSP00000470142 0 0 0 0 0 0 173 173 
9606.ENSP00000263849 9606.ENSP00000381490 0 0 0 0 0 0 388 388 
9606.ENSP00000263849 9606.ENSP00000317327 0 0 0 0 0 0 168 168 
9606.ENSP00000263849 9606.ENSP00000274712 0 0 0 0 0 0 171 171 
