9606.ENSP00000346955 9606.ENSP00000297156 0 0 0 0 0 0 239 239 
9606.ENSP00000346955 9606.ENSP00000458986 0 0 0 64 0 0 419 432 
9606.ENSP00000346955 9606.ENSP00000248643 0 0 0 63 0 0 368 382 
9606.ENSP00000346955 9606.ENSP00000393379 0 0 0 0 0 0 230 230 
9606.ENSP00000346955 9606.ENSP00000332369 0 0 0 0 0 0 397 397 
9606.ENSP00000346955 9606.ENSP00000345659 0 0 0 0 0 0 270 270 
9606.ENSP00000346955 9606.ENSP00000344989 0 0 0 61 0 0 132 150 
9606.ENSP00000346955 9606.ENSP00000317971 0 0 0 63 0 0 145 164 
9606.ENSP00000346955 9606.ENSP00000285083 0 0 0 63 0 0 141 160 
9606.ENSP00000346955 9606.ENSP00000225665 0 0 0 63 0 0 167 186 
9606.ENSP00000346955 9606.ENSP00000295256 0 0 0 62 0 0 132 151 
9606.ENSP00000346955 9606.ENSP00000378974 0 0 0 63 0 0 187 205 
9606.ENSP00000346955 9606.ENSP00000370128 0 0 0 0 48 0 216 222 
9606.ENSP00000346955 9606.ENSP00000295461 0 0 0 0 0 0 232 232 
9606.ENSP00000346955 9606.ENSP00000461324 0 0 0 108 0 0 189 246 
9606.ENSP00000346955 9606.ENSP00000418008 0 0 0 61 0 0 230 246 
9606.ENSP00000346955 9606.ENSP00000280612 0 0 0 0 0 0 244 244 
9606.ENSP00000346955 9606.ENSP00000379999 0 0 0 63 0 0 403 416 
9606.ENSP00000346955 9606.ENSP00000385571 0 0 0 53 0 0 188 199 
9606.ENSP00000346955 9606.ENSP00000375881 0 0 0 0 0 0 243 243 
9606.ENSP00000346955 9606.ENSP00000398106 0 0 0 0 0 0 356 356 
9606.ENSP00000346955 9606.ENSP00000295619 0 0 0 0 0 0 167 167 
9606.ENSP00000346955 9606.ENSP00000259873 0 0 0 0 0 0 217 217 
9606.ENSP00000346955 9606.ENSP00000366488 0 0 0 52 0 0 229 238 
9606.ENSP00000346955 9606.ENSP00000320184 0 0 0 0 0 0 267 267 
9606.ENSP00000346955 9606.ENSP00000307786 0 0 0 64 0 0 266 283 
9606.ENSP00000346955 9606.ENSP00000378408 0 0 0 0 0 0 169 169 
9606.ENSP00000346955 9606.ENSP00000368887 0 0 0 0 0 0 299 299 
9606.ENSP00000346955 9606.ENSP00000377862 0 0 0 0 0 0 156 156 
9606.ENSP00000346955 9606.ENSP00000358794 0 0 0 61 0 0 181 198 
9606.ENSP00000346955 9606.ENSP00000304604 0 0 0 50 0 0 174 181 
9606.ENSP00000346955 9606.ENSP00000336831 0 0 0 0 0 0 314 314 
9606.ENSP00000346955 9606.ENSP00000330237 0 0 0 0 0 0 218 218 
9606.ENSP00000346955 9606.ENSP00000424261 0 0 0 0 0 0 228 228 
9606.ENSP00000346955 9606.ENSP00000366654 0 0 0 0 0 0 206 206 
9606.ENSP00000346955 9606.ENSP00000483507 0 0 0 0 0 0 196 196 
9606.ENSP00000346955 9606.ENSP00000363809 0 0 0 0 0 0 225 225 
9606.ENSP00000346955 9606.ENSP00000371586 0 0 0 81 0 0 172 206 
9606.ENSP00000346955 9606.ENSP00000326759 0 0 0 61 0 0 173 190 
9606.ENSP00000346955 9606.ENSP00000419494 0 0 0 0 0 0 208 208 
9606.ENSP00000346955 9606.ENSP00000343054 0 0 0 0 0 0 332 332 
9606.ENSP00000346955 9606.ENSP00000439585 0 0 0 0 0 0 564 564 
9606.ENSP00000346955 9606.ENSP00000361355 0 0 0 0 0 0 161 161 
9606.ENSP00000346955 9606.ENSP00000296786 0 0 0 64 0 0 239 257 
9606.ENSP00000346955 9606.ENSP00000438468 0 0 0 0 0 0 167 167 
9606.ENSP00000346955 9606.ENSP00000359520 0 0 0 61 0 0 168 185 
9606.ENSP00000346955 9606.ENSP00000384748 0 0 0 0 0 0 213 213 
9606.ENSP00000346955 9606.ENSP00000447651 0 0 0 63 0 0 173 191 
9606.ENSP00000346955 9606.ENSP00000297151 0 0 0 62 0 0 148 166 
9606.ENSP00000346955 9606.ENSP00000420026 0 0 0 0 0 0 167 167 
9606.ENSP00000346955 9606.ENSP00000478035 0 0 0 0 0 0 245 245 
9606.ENSP00000346955 9606.ENSP00000351273 0 0 0 0 0 0 161 161 
9606.ENSP00000346955 9606.ENSP00000356641 0 0 0 0 377 0 0 377 
9606.ENSP00000346955 9606.ENSP00000312277 0 0 0 0 0 0 310 310 
9606.ENSP00000346955 9606.ENSP00000261647 0 392 0 61 0 0 0 404 
9606.ENSP00000346955 9606.ENSP00000384222 0 0 0 50 0 0 174 181 
9606.ENSP00000346955 9606.ENSP00000368572 0 0 0 0 0 0 211 211 
9606.ENSP00000346955 9606.ENSP00000313600 0 0 0 50 0 0 250 257 
9606.ENSP00000346955 9606.ENSP00000269305 0 0 0 0 0 0 167 167 
9606.ENSP00000346955 9606.ENSP00000414670 0 0 0 0 0 0 245 245 
9606.ENSP00000346955 9606.ENSP00000480322 0 0 0 0 0 0 336 336 
9606.ENSP00000346955 9606.ENSP00000461382 0 0 0 0 0 0 415 415 
9606.ENSP00000346955 9606.ENSP00000351813 0 0 0 87 294 0 48 332 
9606.ENSP00000346955 9606.ENSP00000266771 0 0 0 0 0 0 310 310 
9606.ENSP00000346955 9606.ENSP00000374071 0 0 0 0 0 0 309 309 
9606.ENSP00000346955 9606.ENSP00000454646 0 0 0 0 0 0 382 382 
9606.ENSP00000346955 9606.ENSP00000430269 0 0 0 61 442 0 43 454 
9606.ENSP00000346955 9606.ENSP00000364794 0 0 0 63 0 0 357 371 
9606.ENSP00000346955 9606.ENSP00000378760 0 0 0 0 442 0 0 442 
9606.ENSP00000346955 9606.ENSP00000260264 0 0 0 0 0 0 163 163 
9606.ENSP00000346955 9606.ENSP00000342510 0 0 0 62 0 0 298 313 
9606.ENSP00000346955 9606.ENSP00000432688 0 0 0 0 0 0 250 250 
9606.ENSP00000346955 9606.ENSP00000385450 0 0 0 50 0 0 402 407 
9606.ENSP00000346955 9606.ENSP00000220058 0 0 0 63 0 0 207 225 
9606.ENSP00000346955 9606.ENSP00000431376 0 0 0 0 0 0 398 398 
9606.ENSP00000346955 9606.ENSP00000454699 0 0 0 63 0 0 305 321 
9606.ENSP00000346955 9606.ENSP00000370736 0 0 0 56 0 0 155 168 
9606.ENSP00000346955 9606.ENSP00000331479 0 0 0 63 0 0 137 156 
9606.ENSP00000346955 9606.ENSP00000367923 0 0 0 77 0 0 131 164 
9606.ENSP00000346955 9606.ENSP00000363500 0 0 0 0 0 0 206 206 
9606.ENSP00000346955 9606.ENSP00000387219 0 0 0 63 0 0 471 483 
9606.ENSP00000346955 9606.ENSP00000361287 0 0 0 63 0 0 165 184 
9606.ENSP00000346955 9606.ENSP00000354499 0 0 0 0 0 0 167 167 
9606.ENSP00000346955 9606.ENSP00000354886 0 0 0 0 0 0 227 227 
9606.ENSP00000346955 9606.ENSP00000363394 0 0 0 63 0 0 228 245 
9606.ENSP00000346955 9606.ENSP00000410759 0 0 0 0 0 0 315 315 
9606.ENSP00000346955 9606.ENSP00000295899 0 0 0 0 0 0 745 745 
9606.ENSP00000346955 9606.ENSP00000380466 0 0 0 0 0 0 248 248 
9606.ENSP00000346955 9606.ENSP00000326305 0 0 0 63 55 0 129 162 
9606.ENSP00000346955 9606.ENSP00000267884 0 0 0 0 0 0 171 171 
9606.ENSP00000346955 9606.ENSP00000385312 0 0 0 62 0 0 144 163 
9606.ENSP00000346955 9606.ENSP00000231238 0 0 0 0 0 0 191 191 
9606.ENSP00000346955 9606.ENSP00000298159 0 0 0 62 0 0 135 154 
9606.ENSP00000346955 9606.ENSP00000384849 0 0 0 0 0 0 161 161 
9606.ENSP00000346955 9606.ENSP00000338369 0 0 0 0 0 0 175 175 
9606.ENSP00000346955 9606.ENSP00000235382 0 0 0 61 0 0 140 158 
9606.ENSP00000346955 9606.ENSP00000427772 0 0 0 50 0 0 174 181 
9606.ENSP00000346955 9606.ENSP00000357844 0 0 0 61 0 0 309 324 
9606.ENSP00000346955 9606.ENSP00000282146 0 0 0 0 0 0 344 344 
9606.ENSP00000346955 9606.ENSP00000452007 0 0 0 61 0 0 228 244 
9606.ENSP00000346955 9606.ENSP00000215071 0 0 0 63 0 0 138 157 
9606.ENSP00000346955 9606.ENSP00000216416 0 0 0 0 0 0 306 306 
9606.ENSP00000346955 9606.ENSP00000266022 0 0 0 0 0 0 222 222 
9606.ENSP00000346955 9606.ENSP00000261622 0 0 0 0 0 0 169 169 
9606.ENSP00000346955 9606.ENSP00000355969 0 0 0 0 0 0 233 233 
9606.ENSP00000346955 9606.ENSP00000233535 0 0 0 63 0 0 228 245 
9606.ENSP00000346955 9606.ENSP00000295757 0 0 0 57 0 0 304 316 
9606.ENSP00000346955 9606.ENSP00000302564 0 0 0 0 0 0 183 183 
9606.ENSP00000346955 9606.ENSP00000265440 0 0 0 0 0 0 165 165 
9606.ENSP00000346955 9606.ENSP00000356218 0 0 0 63 0 0 141 160 
9606.ENSP00000346955 9606.ENSP00000379430 0 0 0 0 0 0 376 376 
9606.ENSP00000346955 9606.ENSP00000468980 0 0 0 0 0 0 322 322 
9606.ENSP00000346955 9606.ENSP00000363360 0 0 0 0 0 0 187 187 
9606.ENSP00000346955 9606.ENSP00000261769 0 0 0 0 0 0 163 163 
9606.ENSP00000346955 9606.ENSP00000225969 0 0 0 88 0 0 203 242 
9606.ENSP00000346955 9606.ENSP00000386456 0 0 0 0 0 0 335 335 
9606.ENSP00000346955 9606.ENSP00000333401 0 0 0 78 0 0 244 273 
9606.ENSP00000346955 9606.ENSP00000233616 0 0 0 63 0 0 168 187 
9606.ENSP00000346955 9606.ENSP00000438293 0 0 0 0 0 0 167 167 
9606.ENSP00000346955 9606.ENSP00000221130 0 0 0 63 0 0 140 160 
9606.ENSP00000346955 9606.ENSP00000306328 0 0 0 0 0 0 166 166 
9606.ENSP00000346955 9606.ENSP00000370430 0 0 0 0 0 0 212 212 
9606.ENSP00000346955 9606.ENSP00000464932 0 0 0 0 0 0 216 216 
9606.ENSP00000346955 9606.ENSP00000231484 0 0 0 0 0 0 308 308 
9606.ENSP00000346955 9606.ENSP00000264451 0 0 0 64 0 0 167 186 
9606.ENSP00000346955 9606.ENSP00000345064 0 0 0 0 0 0 313 313 
9606.ENSP00000346955 9606.ENSP00000329117 0 0 0 0 0 0 376 376 
9606.ENSP00000346955 9606.ENSP00000265056 0 0 0 63 0 0 153 173 
9606.ENSP00000346955 9606.ENSP00000311032 0 0 0 0 0 0 282 282 
9606.ENSP00000346955 9606.ENSP00000469981 0 0 0 0 0 0 159 159 
9606.ENSP00000346955 9606.ENSP00000355471 0 0 0 62 0 0 367 381 
9606.ENSP00000346955 9606.ENSP00000355902 0 0 0 0 0 0 222 222 
9606.ENSP00000346955 9606.ENSP00000264663 0 0 0 0 442 0 0 442 
9606.ENSP00000346955 9606.ENSP00000446100 0 0 0 0 0 0 161 161 
9606.ENSP00000346955 9606.ENSP00000401371 0 0 0 0 0 0 272 272 
9606.ENSP00000346955 9606.ENSP00000358695 0 0 0 64 0 0 200 219 
9606.ENSP00000346955 9606.ENSP00000265641 0 0 0 0 0 0 165 165 
9606.ENSP00000346955 9606.ENSP00000366945 0 0 0 0 0 0 193 193 
9606.ENSP00000346955 9606.ENSP00000483356 0 0 0 0 0 0 189 189 
9606.ENSP00000346955 9606.ENSP00000366396 0 0 0 62 0 0 220 237 
9606.ENSP00000346955 9606.ENSP00000359629 0 0 0 0 0 0 195 195 
9606.ENSP00000346955 9606.ENSP00000366828 0 0 0 63 0 0 148 167 
9606.ENSP00000346955 9606.ENSP00000384716 0 0 0 62 0 0 221 238 
9606.ENSP00000346955 9606.ENSP00000231198 0 0 0 0 0 0 380 380 
9606.ENSP00000346955 9606.ENSP00000326693 0 0 0 62 0 0 229 245 
9606.ENSP00000346955 9606.ENSP00000307567 0 0 0 62 0 0 179 197 
9606.ENSP00000346955 9606.ENSP00000346560 0 0 0 0 0 0 204 204 
9606.ENSP00000346955 9606.ENSP00000336888 0 0 0 0 0 0 166 166 
9606.ENSP00000346955 9606.ENSP00000353422 0 0 0 0 0 0 162 162 
9606.ENSP00000346955 9606.ENSP00000312618 0 0 0 0 0 0 258 258 
9606.ENSP00000346955 9606.ENSP00000418695 0 0 0 0 0 0 690 690 
9606.ENSP00000346955 9606.ENSP00000410804 0 0 0 63 0 0 181 199 
9606.ENSP00000346955 9606.ENSP00000418735 0 0 0 0 0 0 552 552 
9606.ENSP00000346955 9606.ENSP00000343331 0 0 0 0 0 0 150 150 
9606.ENSP00000346955 9606.ENSP00000308430 0 0 0 63 0 0 137 156 
9606.ENSP00000346955 9606.ENSP00000249016 0 0 0 0 0 0 190 190 
9606.ENSP00000346955 9606.ENSP00000313691 0 0 0 0 0 0 339 339 
9606.ENSP00000346955 9606.ENSP00000470248 0 0 0 0 0 0 258 258 
9606.ENSP00000346955 9606.ENSP00000254508 0 0 0 0 0 0 337 337 
9606.ENSP00000346955 9606.ENSP00000241052 0 0 0 0 0 0 212 212 
9606.ENSP00000346955 9606.ENSP00000332887 0 0 0 0 0 0 167 167 
9606.ENSP00000346955 9606.ENSP00000353791 0 0 0 0 0 0 358 358 
9606.ENSP00000346955 9606.ENSP00000358563 0 0 0 62 0 0 162 180 
9606.ENSP00000346955 9606.ENSP00000331369 0 0 0 63 0 0 253 270 
9606.ENSP00000346955 9606.ENSP00000360644 0 0 0 64 0 0 149 169 
9606.ENSP00000346955 9606.ENSP00000476815 0 0 0 62 0 0 161 179 
9606.ENSP00000346955 9606.ENSP00000367123 0 0 0 49 0 0 196 202 
9606.ENSP00000346955 9606.ENSP00000360532 0 0 0 63 980 0 0 980 
9606.ENSP00000346955 9606.ENSP00000433102 0 0 0 0 0 0 163 163 
9606.ENSP00000346955 9606.ENSP00000296271 0 0 0 0 0 0 165 165 
9606.ENSP00000346955 9606.ENSP00000294973 0 0 0 0 0 0 242 242 
9606.ENSP00000346955 9606.ENSP00000276603 0 0 0 0 0 0 181 181 
9606.ENSP00000346955 9606.ENSP00000378812 0 0 0 0 0 0 165 165 
9606.ENSP00000346955 9606.ENSP00000339659 0 0 0 0 0 0 154 154 
9606.ENSP00000346955 9606.ENSP00000363988 0 0 0 64 0 0 195 214 
9606.ENSP00000346955 9606.ENSP00000368648 0 0 0 62 0 0 240 257 
9606.ENSP00000346955 9606.ENSP00000258080 0 0 0 62 0 0 253 269 
9606.ENSP00000346955 9606.ENSP00000281456 0 0 0 63 0 0 175 193 
9606.ENSP00000346955 9606.ENSP00000387361 0 0 0 0 0 0 257 257 
9606.ENSP00000346955 9606.ENSP00000309649 0 0 0 0 0 0 215 215 
9606.ENSP00000346955 9606.ENSP00000393099 0 0 0 0 0 0 212 212 
9606.ENSP00000346955 9606.ENSP00000354468 0 0 0 63 0 0 141 160 
9606.ENSP00000346955 9606.ENSP00000293604 0 0 0 0 0 0 355 355 
9606.ENSP00000346955 9606.ENSP00000438949 0 0 0 0 0 0 257 257 
9606.ENSP00000346955 9606.ENSP00000297578 0 0 0 76 0 0 225 254 
9606.ENSP00000346955 9606.ENSP00000346151 0 0 0 50 0 0 174 181 
9606.ENSP00000346955 9606.ENSP00000334836 0 0 0 0 0 0 173 173 
9606.ENSP00000346955 9606.ENSP00000378935 0 0 0 0 0 0 713 713 
9606.ENSP00000346955 9606.ENSP00000333519 0 0 0 81 0 0 188 221 
9606.ENSP00000346955 9606.ENSP00000355889 0 0 0 64 0 0 357 372 
9606.ENSP00000346955 9606.ENSP00000415556 0 0 0 0 0 0 221 221 
9606.ENSP00000346955 9606.ENSP00000360683 0 0 0 63 133 0 50 160 
9606.ENSP00000346955 9606.ENSP00000329468 0 0 0 43 0 0 332 334 
9606.ENSP00000346955 9606.ENSP00000287025 0 0 0 63 0 0 173 191 
9606.ENSP00000346955 9606.ENSP00000261530 0 0 0 0 0 0 222 222 
9606.ENSP00000346955 9606.ENSP00000399415 0 0 0 49 0 0 178 185 
9606.ENSP00000346955 9606.ENSP00000301945 0 0 0 0 0 0 196 196 
9606.ENSP00000346955 9606.ENSP00000199320 0 0 0 62 0 0 203 220 
9606.ENSP00000346955 9606.ENSP00000441802 0 0 0 0 0 0 214 214 
9606.ENSP00000346955 9606.ENSP00000451828 0 0 0 81 0 0 116 152 
9606.ENSP00000346955 9606.ENSP00000355396 0 0 0 61 0 0 173 190 
9606.ENSP00000346955 9606.ENSP00000381782 0 0 0 63 55 0 174 205 
9606.ENSP00000346955 9606.ENSP00000423812 0 0 0 61 0 0 140 158 
9606.ENSP00000346955 9606.ENSP00000449756 0 0 0 0 0 0 233 233 
9606.ENSP00000346955 9606.ENSP00000273158 0 0 0 63 300 0 170 408 
9606.ENSP00000346955 9606.ENSP00000265007 0 0 0 0 0 0 243 243 
9606.ENSP00000346955 9606.ENSP00000313490 0 0 0 0 0 0 242 242 
9606.ENSP00000346955 9606.ENSP00000387262 0 0 0 63 0 0 186 204 
9606.ENSP00000346955 9606.ENSP00000354632 0 0 0 0 0 0 229 229 
9606.ENSP00000346955 9606.ENSP00000379011 0 0 0 0 0 0 165 165 
9606.ENSP00000346955 9606.ENSP00000352167 0 0 0 0 0 0 213 213 
9606.ENSP00000346955 9606.ENSP00000358262 0 0 0 0 0 0 242 242 
9606.ENSP00000346955 9606.ENSP00000352516 0 0 0 77 0 0 245 273 
9606.ENSP00000346955 9606.ENSP00000444408 0 0 0 63 0 0 218 236 
9606.ENSP00000346955 9606.ENSP00000370242 0 0 0 50 0 0 174 181 
9606.ENSP00000346955 9606.ENSP00000382120 0 0 0 63 0 0 244 262 
9606.ENSP00000346955 9606.ENSP00000403645 0 0 0 0 0 0 369 369 
9606.ENSP00000346955 9606.ENSP00000216465 0 0 0 62 0 0 136 154 
9606.ENSP00000346955 9606.ENSP00000310873 0 0 0 63 0 0 177 195 
9606.ENSP00000346955 9606.ENSP00000377428 0 0 0 0 0 0 344 344 
9606.ENSP00000346955 9606.ENSP00000263791 0 0 0 63 0 0 182 201 
9606.ENSP00000346955 9606.ENSP00000366331 0 0 0 0 0 0 161 161 
9606.ENSP00000346955 9606.ENSP00000264444 0 0 0 0 0 0 334 334 
9606.ENSP00000346955 9606.ENSP00000432104 0 0 0 0 0 0 412 412 
9606.ENSP00000346955 9606.ENSP00000315182 0 0 0 0 0 0 189 189 
9606.ENSP00000346955 9606.ENSP00000261875 0 0 0 63 0 0 438 451 
9606.ENSP00000346955 9606.ENSP00000446242 0 0 0 63 0 0 403 417 
9606.ENSP00000346955 9606.ENSP00000295736 0 0 0 0 0 0 227 227 
9606.ENSP00000346955 9606.ENSP00000264932 0 0 0 63 0 0 375 389 
9606.ENSP00000346955 9606.ENSP00000471299 0 0 0 50 0 0 174 181 
9606.ENSP00000346955 9606.ENSP00000333667 0 0 0 64 0 0 202 221 
9606.ENSP00000346955 9606.ENSP00000320688 0 0 0 0 0 0 174 174 
9606.ENSP00000346955 9606.ENSP00000394869 0 0 0 61 0 0 198 214 
9606.ENSP00000346955 9606.ENSP00000265881 0 0 0 0 0 0 426 426 
9606.ENSP00000346955 9606.ENSP00000458762 0 0 0 0 0 0 237 237 
9606.ENSP00000346955 9606.ENSP00000440288 0 0 0 61 0 0 169 186 
9606.ENSP00000346955 9606.ENSP00000228318 0 0 0 84 0 0 184 220 
9606.ENSP00000346955 9606.ENSP00000416002 0 0 0 61 0 0 133 151 
9606.ENSP00000346955 9606.ENSP00000320176 0 0 0 0 0 0 165 165 
9606.ENSP00000346955 9606.ENSP00000476140 0 0 0 0 0 0 171 171 
9606.ENSP00000346955 9606.ENSP00000256689 0 0 0 0 0 0 189 189 
9606.ENSP00000346955 9606.ENSP00000358549 0 0 0 61 0 0 232 248 
9606.ENSP00000346955 9606.ENSP00000199389 0 0 0 63 0 0 176 194 
9606.ENSP00000346955 9606.ENSP00000344831 0 0 0 0 0 0 183 183 
9606.ENSP00000346955 9606.ENSP00000398495 0 0 0 61 0 0 374 387 
9606.ENSP00000346955 9606.ENSP00000217909 0 0 0 62 0 0 162 180 
9606.ENSP00000346955 9606.ENSP00000341625 0 0 0 63 0 0 137 156 
9606.ENSP00000346955 9606.ENSP00000385083 0 0 0 0 0 0 167 167 
9606.ENSP00000346955 9606.ENSP00000273261 0 0 0 61 0 0 515 526 
9606.ENSP00000346955 9606.ENSP00000418770 0 0 0 0 0 0 150 150 
9606.ENSP00000346955 9606.ENSP00000308330 0 0 0 0 0 0 313 313 
9606.ENSP00000346955 9606.ENSP00000322439 0 0 0 100 0 0 106 161 
9606.ENSP00000346955 9606.ENSP00000328848 0 0 0 0 0 0 332 332 
9606.ENSP00000346955 9606.ENSP00000295902 0 0 0 0 0 0 594 594 
9606.ENSP00000346955 9606.ENSP00000262507 0 0 0 0 0 0 170 170 
9606.ENSP00000346955 9606.ENSP00000263985 0 0 0 63 0 0 272 288 
9606.ENSP00000346955 9606.ENSP00000262662 0 0 0 48 0 0 223 228 
9606.ENSP00000346955 9606.ENSP00000440689 0 0 0 0 0 0 217 217 
9606.ENSP00000346955 9606.ENSP00000348772 0 0 0 0 0 0 256 256 
9606.ENSP00000346955 9606.ENSP00000282096 0 0 0 0 0 0 245 245 
9606.ENSP00000346955 9606.ENSP00000307491 0 288 0 61 0 0 0 303 
9606.ENSP00000346955 9606.ENSP00000363794 0 0 0 63 0 0 162 181 
9606.ENSP00000346955 9606.ENSP00000354554 0 0 0 0 442 0 108 481 
9606.ENSP00000346955 9606.ENSP00000398131 0 0 0 63 0 0 161 180 
9606.ENSP00000346955 9606.ENSP00000260649 0 0 0 49 0 0 288 294 
9606.ENSP00000346955 9606.ENSP00000305682 0 0 0 0 0 0 237 237 
9606.ENSP00000346955 9606.ENSP00000384169 0 0 0 0 0 0 306 306 
9606.ENSP00000346955 9606.ENSP00000273588 0 0 0 63 0 0 164 183 
9606.ENSP00000346955 9606.ENSP00000380437 0 0 0 0 0 0 285 285 
9606.ENSP00000346955 9606.ENSP00000237201 0 0 0 0 224 0 0 224 
9606.ENSP00000346955 9606.ENSP00000351596 0 0 0 0 0 0 367 367 
9606.ENSP00000346955 9606.ENSP00000295190 0 0 0 61 0 0 514 524 
9606.ENSP00000346955 9606.ENSP00000355206 0 0 0 0 0 0 207 207 
9606.ENSP00000346955 9606.ENSP00000420682 0 0 0 63 0 0 362 377 
9606.ENSP00000346955 9606.ENSP00000362674 0 0 0 57 0 0 205 218 
9606.ENSP00000346955 9606.ENSP00000437041 0 0 0 63 0 0 141 160 
9606.ENSP00000346955 9606.ENSP00000288071 0 0 0 63 0 0 181 200 
9606.ENSP00000346955 9606.ENSP00000389160 0 0 0 0 0 0 163 163 
9606.ENSP00000346955 9606.ENSP00000291971 0 0 0 0 0 0 285 285 
9606.ENSP00000346955 9606.ENSP00000303147 0 0 0 63 0 0 220 238 
9606.ENSP00000346955 9606.ENSP00000318868 0 0 0 64 0 0 202 221 
9606.ENSP00000346955 9606.ENSP00000385957 0 0 0 0 0 0 167 167 
9606.ENSP00000346955 9606.ENSP00000349325 0 0 0 50 0 0 190 198 
9606.ENSP00000346955 9606.ENSP00000395196 0 0 0 82 0 0 223 256 
9606.ENSP00000346955 9606.ENSP00000408979 0 0 0 0 0 0 167 167 
9606.ENSP00000346955 9606.ENSP00000329452 0 0 0 0 0 0 188 188 
9606.ENSP00000346955 9606.ENSP00000300452 0 0 0 63 0 0 229 247 
9606.ENSP00000346955 9606.ENSP00000219368 0 0 0 63 0 0 137 156 
9606.ENSP00000346955 9606.ENSP00000238379 0 469 0 0 0 0 0 469 
9606.ENSP00000346955 9606.ENSP00000261867 0 0 0 63 0 0 228 245 
9606.ENSP00000346955 9606.ENSP00000366299 0 0 0 0 0 0 196 196 
9606.ENSP00000346955 9606.ENSP00000406546 0 0 0 0 0 0 420 420 
9606.ENSP00000346955 9606.ENSP00000364493 0 0 0 0 0 0 338 338 
9606.ENSP00000346955 9606.ENSP00000359976 0 0 0 0 0 0 150 150 
9606.ENSP00000346955 9606.ENSP00000415011 0 0 0 63 0 0 228 245 
9606.ENSP00000346955 9606.ENSP00000475068 0 0 0 0 0 0 387 387 
9606.ENSP00000346955 9606.ENSP00000316109 0 0 0 0 0 0 222 222 
9606.ENSP00000346955 9606.ENSP00000370741 0 0 0 0 0 0 418 418 
9606.ENSP00000346955 9606.ENSP00000413049 0 0 0 63 55 0 379 402 
9606.ENSP00000346955 9606.ENSP00000434343 0 0 0 63 0 0 141 160 
9606.ENSP00000346955 9606.ENSP00000281701 0 0 0 61 0 0 220 236 
9606.ENSP00000346955 9606.ENSP00000365883 0 0 0 55 0 0 388 396 
9606.ENSP00000346955 9606.ENSP00000234256 0 0 0 63 0 0 186 204 
9606.ENSP00000346955 9606.ENSP00000358802 0 0 0 0 0 0 213 213 
9606.ENSP00000346955 9606.ENSP00000477981 0 0 0 63 0 0 152 171 
