9606.ENSP00000429562 9606.ENSP00000226193 0 0 0 0 261 0 146 342 
9606.ENSP00000429562 9606.ENSP00000413064 0 0 0 145 0 0 50 153 
9606.ENSP00000429562 9606.ENSP00000290200 0 0 0 0 0 0 313 313 
9606.ENSP00000429562 9606.ENSP00000358142 0 0 0 173 0 0 472 545 
9606.ENSP00000429562 9606.ENSP00000272298 0 0 0 0 748 0 116 767 
9606.ENSP00000429562 9606.ENSP00000356646 0 0 0 175 0 0 0 175 
9606.ENSP00000429562 9606.ENSP00000377282 0 0 0 0 0 0 173 173 
9606.ENSP00000429562 9606.ENSP00000347792 0 0 0 50 0 0 176 184 
9606.ENSP00000429562 9606.ENSP00000393379 0 0 0 280 0 0 66 299 
9606.ENSP00000429562 9606.ENSP00000379472 0 0 0 197 0 0 48 202 
9606.ENSP00000429562 9606.ENSP00000356694 0 0 0 0 0 0 189 189 
9606.ENSP00000429562 9606.ENSP00000419279 0 0 0 0 0 0 234 234 
9606.ENSP00000429562 9606.ENSP00000251472 0 0 0 171 0 0 0 171 
9606.ENSP00000429562 9606.ENSP00000396722 0 0 0 153 0 0 0 153 
9606.ENSP00000429562 9606.ENSP00000450731 0 0 0 0 0 0 473 473 
9606.ENSP00000429562 9606.ENSP00000277010 0 0 0 0 0 0 212 212 
9606.ENSP00000429562 9606.ENSP00000300113 0 0 0 61 261 0 0 276 
9606.ENSP00000429562 9606.ENSP00000357674 0 0 0 0 0 0 379 379 
9606.ENSP00000429562 9606.ENSP00000389714 0 0 0 165 0 0 49 172 
9606.ENSP00000429562 9606.ENSP00000359077 0 0 0 145 0 0 70 171 
9606.ENSP00000429562 9606.ENSP00000483721 0 0 0 231 0 0 0 231 
9606.ENSP00000429562 9606.ENSP00000463653 0 0 0 197 0 0 0 197 
9606.ENSP00000429562 9606.ENSP00000414886 0 0 0 158 261 0 99 391 
9606.ENSP00000429562 9606.ENSP00000263925 0 0 0 61 84 0 105 163 
9606.ENSP00000429562 9606.ENSP00000380271 0 0 0 144 0 0 593 637 
9606.ENSP00000429562 9606.ENSP00000228841 0 0 0 63 261 0 0 277 
9606.ENSP00000429562 9606.ENSP00000479326 0 0 0 87 164 0 186 324 
9606.ENSP00000429562 9606.ENSP00000424571 0 0 0 63 0 0 280 296 
9606.ENSP00000429562 9606.ENSP00000294119 0 0 0 0 0 0 162 162 
9606.ENSP00000429562 9606.ENSP00000318486 0 0 0 172 0 0 0 172 
9606.ENSP00000429562 9606.ENSP00000331487 0 0 0 0 0 0 538 538 
9606.ENSP00000429562 9606.ENSP00000360423 0 0 0 306 0 0 241 451 
9606.ENSP00000429562 9606.ENSP00000343158 0 0 0 85 117 0 65 179 
9606.ENSP00000429562 9606.ENSP00000262483 0 0 0 156 0 0 0 156 
9606.ENSP00000429562 9606.ENSP00000373895 0 0 0 90 0 0 106 152 
9606.ENSP00000429562 9606.ENSP00000398481 0 0 0 199 0 0 353 460 
9606.ENSP00000429562 9606.ENSP00000302297 0 0 0 185 0 0 163 288 
9606.ENSP00000429562 9606.ENSP00000377353 0 0 0 130 0 0 96 180 
9606.ENSP00000429562 9606.ENSP00000449253 0 0 0 171 0 0 48 177 
9606.ENSP00000429562 9606.ENSP00000387694 0 0 0 211 0 0 116 273 
9606.ENSP00000429562 9606.ENSP00000387170 0 0 0 171 0 0 0 171 
9606.ENSP00000429562 9606.ENSP00000334051 0 0 0 114 0 0 104 172 
9606.ENSP00000429562 9606.ENSP00000439287 0 0 0 234 82 0 297 463 
9606.ENSP00000429562 9606.ENSP00000406986 0 0 0 192 0 0 108 248 
9606.ENSP00000429562 9606.ENSP00000231706 0 0 0 168 0 0 0 168 
9606.ENSP00000429562 9606.ENSP00000365714 0 0 0 171 0 0 0 171 
9606.ENSP00000429562 9606.ENSP00000164024 0 0 0 118 0 0 80 155 
9606.ENSP00000429562 9606.ENSP00000342793 0 0 0 62 0 0 214 231 
9606.ENSP00000429562 9606.ENSP00000295987 0 0 0 300 0 0 527 655 
9606.ENSP00000429562 9606.ENSP00000354536 0 0 0 232 0 0 0 232 
9606.ENSP00000429562 9606.ENSP00000330862 0 0 0 289 0 0 0 289 
9606.ENSP00000429562 9606.ENSP00000480132 0 0 0 144 0 0 110 206 
9606.ENSP00000429562 9606.ENSP00000265709 0 0 0 191 0 0 57 205 
9606.ENSP00000429562 9606.ENSP00000327650 0 0 0 63 129 0 75 179 
9606.ENSP00000429562 9606.ENSP00000221543 0 0 0 62 0 0 185 202 
9606.ENSP00000429562 9606.ENSP00000335592 0 0 0 231 0 0 50 238 
9606.ENSP00000429562 9606.ENSP00000397026 0 0 0 118 0 0 114 186 
9606.ENSP00000429562 9606.ENSP00000356236 0 0 0 256 0 0 666 741 
9606.ENSP00000429562 9606.ENSP00000310649 0 0 0 223 0 0 158 318 
9606.ENSP00000429562 9606.ENSP00000354878 0 0 0 97 0 0 125 176 
9606.ENSP00000429562 9606.ENSP00000224140 0 0 0 0 0 0 405 405 
9606.ENSP00000429562 9606.ENSP00000357068 0 0 0 170 0 0 0 170 
9606.ENSP00000429562 9606.ENSP00000334319 0 0 0 240 82 0 590 689 
9606.ENSP00000429562 9606.ENSP00000410294 0 0 0 128 0 0 306 369 
9606.ENSP00000429562 9606.ENSP00000366314 0 0 0 158 0 0 0 158 
9606.ENSP00000429562 9606.ENSP00000469474 0 0 0 159 0 0 0 159 
9606.ENSP00000429562 9606.ENSP00000262494 0 0 0 219 0 0 145 304 
9606.ENSP00000429562 9606.ENSP00000477455 0 0 0 179 0 0 282 385 
9606.ENSP00000429562 9606.ENSP00000380488 0 0 0 165 0 0 0 165 
9606.ENSP00000429562 9606.ENSP00000259818 0 0 0 160 0 0 0 160 
9606.ENSP00000429562 9606.ENSP00000365503 0 0 0 214 0 0 0 214 
9606.ENSP00000429562 9606.ENSP00000368244 0 0 0 258 0 0 134 331 
9606.ENSP00000429562 9606.ENSP00000481006 0 0 0 213 0 0 0 213 
9606.ENSP00000429562 9606.ENSP00000352925 0 0 0 157 0 0 0 157 
9606.ENSP00000429562 9606.ENSP00000201586 0 0 0 0 0 0 254 254 
9606.ENSP00000429562 9606.ENSP00000407822 0 0 0 108 0 0 105 168 
9606.ENSP00000429562 9606.ENSP00000378710 0 0 0 186 0 0 0 186 
9606.ENSP00000429562 9606.ENSP00000479860 0 0 0 61 261 0 0 276 
9606.ENSP00000429562 9606.ENSP00000355187 0 0 0 177 0 0 50 184 
9606.ENSP00000429562 9606.ENSP00000359663 0 0 0 0 0 0 195 195 
9606.ENSP00000429562 9606.ENSP00000360293 0 0 0 151 0 0 62 170 
9606.ENSP00000429562 9606.ENSP00000409667 0 0 0 62 0 0 300 316 
9606.ENSP00000429562 9606.ENSP00000307786 0 0 0 0 0 0 187 187 
9606.ENSP00000429562 9606.ENSP00000348602 0 0 0 155 0 0 145 247 
9606.ENSP00000429562 9606.ENSP00000379256 0 0 0 76 261 0 0 287 
9606.ENSP00000429562 9606.ENSP00000306010 0 0 0 61 0 0 150 168 
9606.ENSP00000429562 9606.ENSP00000439807 0 0 0 167 55 0 58 193 
9606.ENSP00000429562 9606.ENSP00000263207 0 0 0 163 0 0 97 212 
9606.ENSP00000429562 9606.ENSP00000385143 0 0 0 172 0 0 50 180 
9606.ENSP00000429562 9606.ENSP00000345195 0 0 0 0 0 0 311 311 
9606.ENSP00000429562 9606.ENSP00000481728 0 0 0 170 0 0 204 311 
9606.ENSP00000429562 9606.ENSP00000337998 0 0 0 0 0 0 214 214 
9606.ENSP00000429562 9606.ENSP00000380746 0 0 0 194 0 0 219 344 
9606.ENSP00000429562 9606.ENSP00000340820 0 0 0 172 0 0 108 230 
9606.ENSP00000429562 9606.ENSP00000343171 0 0 0 0 0 0 269 269 
9606.ENSP00000429562 9606.ENSP00000373648 0 0 0 169 0 0 0 169 
9606.ENSP00000429562 9606.ENSP00000374069 0 0 0 141 0 0 52 151 
9606.ENSP00000429562 9606.ENSP00000382684 0 0 0 0 0 0 186 186 
9606.ENSP00000429562 9606.ENSP00000355387 0 0 0 154 0 0 86 193 
9606.ENSP00000429562 9606.ENSP00000267199 0 0 0 63 129 0 75 179 
9606.ENSP00000429562 9606.ENSP00000377936 0 0 0 160 0 0 0 160 
9606.ENSP00000429562 9606.ENSP00000390084 0 0 0 155 0 0 0 155 
9606.ENSP00000429562 9606.ENSP00000324510 0 0 0 194 0 0 267 384 
9606.ENSP00000429562 9606.ENSP00000440185 0 0 0 159 0 0 0 159 
9606.ENSP00000429562 9606.ENSP00000424757 0 0 0 0 0 0 168 168 
9606.ENSP00000429562 9606.ENSP00000316244 0 0 0 226 0 0 49 232 
9606.ENSP00000429562 9606.ENSP00000481321 0 0 0 64 0 0 256 273 
9606.ENSP00000429562 9606.ENSP00000457206 0 0 0 0 0 0 242 242 
9606.ENSP00000429562 9606.ENSP00000245923 0 0 0 61 0 0 136 154 
9606.ENSP00000429562 9606.ENSP00000266037 0 0 0 156 0 0 56 169 
9606.ENSP00000429562 9606.ENSP00000377372 0 0 0 290 0 0 53 299 
9606.ENSP00000429562 9606.ENSP00000276659 0 0 0 118 0 0 85 159 
9606.ENSP00000429562 9606.ENSP00000276943 0 0 0 0 0 0 216 216 
9606.ENSP00000429562 9606.ENSP00000349588 0 0 0 281 0 0 67 301 
9606.ENSP00000429562 9606.ENSP00000355523 0 0 0 201 0 0 62 219 
9606.ENSP00000429562 9606.ENSP00000466285 0 0 0 0 0 0 150 150 
9606.ENSP00000429562 9606.ENSP00000460850 0 0 0 0 0 0 207 207 
9606.ENSP00000429562 9606.ENSP00000331210 0 0 0 160 0 0 0 160 
9606.ENSP00000429562 9606.ENSP00000211076 0 0 0 0 0 0 216 216 
9606.ENSP00000429562 9606.ENSP00000287766 0 0 0 233 0 0 0 233 
9606.ENSP00000429562 9606.ENSP00000308921 0 0 0 151 0 0 0 151 
9606.ENSP00000429562 9606.ENSP00000466058 0 0 0 0 0 0 206 206 
9606.ENSP00000429562 9606.ENSP00000378338 0 0 0 57 0 0 276 288 
9606.ENSP00000429562 9606.ENSP00000307134 0 0 0 275 0 0 0 275 
9606.ENSP00000429562 9606.ENSP00000353414 0 0 0 256 0 0 64 274 
9606.ENSP00000429562 9606.ENSP00000353362 0 0 0 244 0 0 312 458 
9606.ENSP00000429562 9606.ENSP00000359300 0 0 0 0 261 0 0 261 
9606.ENSP00000429562 9606.ENSP00000311447 0 0 0 163 0 0 0 163 
9606.ENSP00000429562 9606.ENSP00000384551 0 0 0 211 0 0 177 324 
9606.ENSP00000429562 9606.ENSP00000356540 0 0 0 61 85 0 444 480 
9606.ENSP00000429562 9606.ENSP00000386104 0 0 0 171 0 0 71 197 
9606.ENSP00000429562 9606.ENSP00000289269 0 0 0 158 0 0 0 158 
9606.ENSP00000429562 9606.ENSP00000464383 0 0 0 62 50 0 160 186 
9606.ENSP00000429562 9606.ENSP00000261047 0 0 0 0 261 0 0 261 
9606.ENSP00000429562 9606.ENSP00000371587 0 0 0 109 261 0 85 345 
9606.ENSP00000429562 9606.ENSP00000316605 0 0 0 64 0 0 131 151 
9606.ENSP00000429562 9606.ENSP00000363054 0 0 0 0 0 0 155 155 
9606.ENSP00000429562 9606.ENSP00000351342 0 0 0 229 0 0 0 229 
9606.ENSP00000429562 9606.ENSP00000250894 0 0 0 63 0 0 285 301 
9606.ENSP00000429562 9606.ENSP00000390630 0 0 0 87 164 0 186 324 
9606.ENSP00000429562 9606.ENSP00000349677 0 0 0 274 0 0 0 274 
9606.ENSP00000429562 9606.ENSP00000468032 0 0 0 62 0 0 357 371 
9606.ENSP00000429562 9606.ENSP00000335544 0 0 0 157 0 0 0 157 
9606.ENSP00000429562 9606.ENSP00000255262 0 0 0 0 0 0 193 193 
9606.ENSP00000429562 9606.ENSP00000409007 0 0 0 0 0 0 213 213 
9606.ENSP00000429562 9606.ENSP00000326244 0 0 0 225 0 0 0 225 
9606.ENSP00000429562 9606.ENSP00000366058 0 0 0 157 0 0 0 157 
9606.ENSP00000429562 9606.ENSP00000351273 0 0 0 0 0 0 189 189 
9606.ENSP00000429562 9606.ENSP00000335038 0 0 0 279 0 0 0 279 
9606.ENSP00000429562 9606.ENSP00000262958 0 0 0 62 0 0 133 152 
9606.ENSP00000429562 9606.ENSP00000332565 0 0 0 303 0 0 0 303 
9606.ENSP00000429562 9606.ENSP00000396103 0 0 0 173 0 0 0 173 
9606.ENSP00000429562 9606.ENSP00000355192 0 0 0 111 0 0 106 171 
9606.ENSP00000429562 9606.ENSP00000365441 0 0 0 111 0 0 218 275 
9606.ENSP00000429562 9606.ENSP00000481022 0 0 0 61 0 0 210 227 
9606.ENSP00000429562 9606.ENSP00000315659 0 0 0 113 0 0 108 174 
9606.ENSP00000429562 9606.ENSP00000268919 0 0 0 61 0 0 140 157 
9606.ENSP00000429562 9606.ENSP00000419975 0 0 0 153 171 0 0 267 
9606.ENSP00000429562 9606.ENSP00000378401 0 0 0 201 0 0 0 201 
9606.ENSP00000429562 9606.ENSP00000483786 0 0 0 53 261 0 0 270 
9606.ENSP00000429562 9606.ENSP00000476519 0 0 0 173 0 0 324 417 
9606.ENSP00000429562 9606.ENSP00000296452 0 0 0 262 349 0 827 910 
9606.ENSP00000429562 9606.ENSP00000384164 0 0 0 111 0 0 86 152 
9606.ENSP00000429562 9606.ENSP00000385142 0 0 0 314 0 0 261 472 
9606.ENSP00000429562 9606.ENSP00000365227 0 0 0 0 315 0 50 321 
9606.ENSP00000429562 9606.ENSP00000200691 0 0 0 185 0 0 0 185 
9606.ENSP00000429562 9606.ENSP00000384638 0 0 0 336 0 0 0 336 
9606.ENSP00000429562 9606.ENSP00000274710 0 0 0 224 0 0 52 233 
9606.ENSP00000429562 9606.ENSP00000428417 0 0 0 193 101 0 882 907 
9606.ENSP00000429562 9606.ENSP00000305613 0 0 0 204 0 0 632 695 
9606.ENSP00000429562 9606.ENSP00000261890 0 0 0 0 0 0 166 166 
9606.ENSP00000429562 9606.ENSP00000410732 0 0 0 332 0 0 66 350 
9606.ENSP00000429562 9606.ENSP00000375647 0 0 0 330 0 0 0 330 
9606.ENSP00000429562 9606.ENSP00000337040 0 0 0 0 0 0 229 229 
9606.ENSP00000429562 9606.ENSP00000256509 0 0 0 118 0 0 81 155 
9606.ENSP00000429562 9606.ENSP00000310933 0 0 0 116 0 0 240 299 
9606.ENSP00000429562 9606.ENSP00000335083 0 0 0 172 0 0 0 172 
9606.ENSP00000429562 9606.ENSP00000363339 0 0 0 0 0 0 286 286 
9606.ENSP00000429562 9606.ENSP00000406229 0 0 0 189 0 0 58 203 
9606.ENSP00000429562 9606.ENSP00000216144 0 0 0 65 315 0 50 338 
9606.ENSP00000429562 9606.ENSP00000409378 0 0 0 118 0 0 95 168 
9606.ENSP00000429562 9606.ENSP00000316861 0 0 0 164 0 0 0 164 
9606.ENSP00000429562 9606.ENSP00000331933 0 0 0 201 0 0 0 201 
9606.ENSP00000429562 9606.ENSP00000411593 0 0 0 64 0 0 150 171 
9606.ENSP00000429562 9606.ENSP00000265969 0 0 0 303 0 0 48 308 
9606.ENSP00000429562 9606.ENSP00000337838 0 0 0 62 0 0 222 239 
9606.ENSP00000429562 9606.ENSP00000361475 0 0 0 97 261 0 0 304 
9606.ENSP00000429562 9606.ENSP00000223366 0 0 0 95 0 0 142 190 
9606.ENSP00000429562 9606.ENSP00000222812 0 0 0 105 266 0 718 799 
9606.ENSP00000429562 9606.ENSP00000264318 0 0 0 150 0 0 64 172 
9606.ENSP00000429562 9606.ENSP00000381795 0 0 0 60 0 0 204 219 
9606.ENSP00000429562 9606.ENSP00000279804 0 0 0 0 0 0 237 237 
9606.ENSP00000429562 9606.ENSP00000255380 0 0 0 131 0 0 69 157 
9606.ENSP00000429562 9606.ENSP00000268164 0 0 0 0 0 0 178 178 
9606.ENSP00000429562 9606.ENSP00000301838 0 0 0 0 0 0 210 210 
9606.ENSP00000429562 9606.ENSP00000384690 0 0 0 214 0 0 0 214 
9606.ENSP00000429562 9606.ENSP00000478557 0 0 0 0 0 0 239 239 
9606.ENSP00000429562 9606.ENSP00000371084 0 0 0 64 0 0 162 182 
9606.ENSP00000429562 9606.ENSP00000403932 0 0 0 0 315 0 50 321 
9606.ENSP00000429562 9606.ENSP00000411816 0 0 0 117 0 0 100 171 
9606.ENSP00000429562 9606.ENSP00000336762 0 0 0 0 0 0 245 245 
9606.ENSP00000429562 9606.ENSP00000383212 0 0 0 157 0 0 0 157 
9606.ENSP00000429562 9606.ENSP00000307508 0 0 0 108 315 0 103 404 
9606.ENSP00000429562 9606.ENSP00000356918 0 0 0 0 0 0 321 321 
9606.ENSP00000429562 9606.ENSP00000373215 0 0 0 317 0 0 685 775 
9606.ENSP00000429562 9606.ENSP00000262623 0 0 0 109 0 0 87 152 
9606.ENSP00000429562 9606.ENSP00000338185 0 0 0 91 0 0 121 167 
9606.ENSP00000429562 9606.ENSP00000347852 0 0 0 140 0 0 87 181 
9606.ENSP00000429562 9606.ENSP00000248121 0 0 0 156 0 0 166 266 
9606.ENSP00000429562 9606.ENSP00000382428 0 0 0 118 0 0 350 403 
9606.ENSP00000429562 9606.ENSP00000361860 0 0 0 215 0 0 0 215 
9606.ENSP00000429562 9606.ENSP00000302665 0 0 0 0 0 0 187 187 
9606.ENSP00000429562 9606.ENSP00000469689 0 0 0 117 0 0 190 255 
9606.ENSP00000429562 9606.ENSP00000304669 0 0 0 198 0 0 0 198 
9606.ENSP00000429562 9606.ENSP00000311760 0 0 0 179 0 0 0 179 
9606.ENSP00000429562 9606.ENSP00000471502 0 0 0 152 0 0 41 151 
9606.ENSP00000429562 9606.ENSP00000479216 0 0 0 0 0 0 280 280 
9606.ENSP00000429562 9606.ENSP00000298472 0 0 0 64 0 0 139 160 
9606.ENSP00000429562 9606.ENSP00000335612 0 0 0 0 315 0 50 321 
9606.ENSP00000429562 9606.ENSP00000360183 0 0 0 0 0 0 303 303 
9606.ENSP00000429562 9606.ENSP00000305974 0 0 0 112 0 0 85 152 
9606.ENSP00000429562 9606.ENSP00000312107 0 0 0 0 0 0 298 298 
9606.ENSP00000429562 9606.ENSP00000272198 0 0 0 107 171 0 224 376 
9606.ENSP00000429562 9606.ENSP00000376333 0 0 0 85 0 0 126 166 
9606.ENSP00000429562 9606.ENSP00000267260 0 0 0 200 0 0 63 218 
9606.ENSP00000429562 9606.ENSP00000286548 0 0 0 63 0 0 173 191 
9606.ENSP00000429562 9606.ENSP00000383023 0 0 0 63 261 0 0 277 
9606.ENSP00000429562 9606.ENSP00000368678 0 0 0 91 0 0 114 160 
9606.ENSP00000429562 9606.ENSP00000399485 0 0 0 213 0 0 0 213 
9606.ENSP00000429562 9606.ENSP00000398688 0 0 0 152 0 0 0 152 
9606.ENSP00000429562 9606.ENSP00000381047 0 0 0 64 0 0 137 157 
9606.ENSP00000429562 9606.ENSP00000263233 0 0 0 231 0 0 440 551 
9606.ENSP00000429562 9606.ENSP00000294753 0 0 0 0 0 0 197 197 
9606.ENSP00000429562 9606.ENSP00000438875 0 0 0 153 0 0 80 188 
9606.ENSP00000429562 9606.ENSP00000278379 0 0 0 201 0 0 146 288 
9606.ENSP00000429562 9606.ENSP00000365536 0 0 0 63 0 0 173 191 
9606.ENSP00000429562 9606.ENSP00000361866 0 0 0 213 0 0 0 213 
9606.ENSP00000429562 9606.ENSP00000369996 0 0 0 0 0 0 190 190 
9606.ENSP00000429562 9606.ENSP00000364864 0 0 0 87 0 0 202 240 
9606.ENSP00000429562 9606.ENSP00000355316 0 0 0 170 0 0 0 170 
9606.ENSP00000429562 9606.ENSP00000269878 0 0 0 0 261 0 0 261 
9606.ENSP00000429562 9606.ENSP00000440077 0 0 0 204 0 0 0 204 
9606.ENSP00000429562 9606.ENSP00000321951 0 0 0 212 0 0 0 212 
9606.ENSP00000429562 9606.ENSP00000160382 0 0 0 349 0 0 0 349 
9606.ENSP00000429562 9606.ENSP00000355865 0 0 0 0 0 0 167 167 
9606.ENSP00000429562 9606.ENSP00000384103 0 0 0 193 0 0 0 193 
9606.ENSP00000429562 9606.ENSP00000417175 0 0 0 0 0 0 319 319 
9606.ENSP00000429562 9606.ENSP00000262726 0 0 0 0 315 0 85 346 
9606.ENSP00000429562 9606.ENSP00000468263 0 0 0 61 181 0 704 752 
9606.ENSP00000429562 9606.ENSP00000258301 0 0 0 0 0 0 365 365 
9606.ENSP00000429562 9606.ENSP00000295452 0 0 0 231 0 0 50 238 
9606.ENSP00000429562 9606.ENSP00000325836 0 0 0 171 0 0 0 171 
9606.ENSP00000429562 9606.ENSP00000355533 0 0 0 180 0 0 69 204 
9606.ENSP00000429562 9606.ENSP00000451648 0 0 0 183 0 0 234 348 
9606.ENSP00000429562 9606.ENSP00000306490 0 0 0 225 0 0 58 239 
9606.ENSP00000429562 9606.ENSP00000356545 0 0 0 202 0 0 174 313 
9606.ENSP00000429562 9606.ENSP00000262244 0 0 0 0 0 0 290 290 
9606.ENSP00000429562 9606.ENSP00000263373 0 0 0 195 0 0 49 201 
9606.ENSP00000429562 9606.ENSP00000258930 0 0 0 0 261 0 0 261 
9606.ENSP00000429562 9606.ENSP00000261592 0 0 0 192 0 0 48 198 
9606.ENSP00000429562 9606.ENSP00000270310 0 0 0 137 0 0 63 156 
9606.ENSP00000429562 9606.ENSP00000413156 0 0 0 61 0 0 375 388 
9606.ENSP00000429562 9606.ENSP00000302485 0 0 0 97 0 0 168 216 
9606.ENSP00000429562 9606.ENSP00000320431 0 0 0 337 0 0 0 337 
9606.ENSP00000429562 9606.ENSP00000254898 0 0 0 63 0 0 132 151 
9606.ENSP00000429562 9606.ENSP00000360431 0 0 0 158 0 0 57 172 
9606.ENSP00000429562 9606.ENSP00000216200 0 0 0 126 315 0 91 408 
9606.ENSP00000429562 9606.ENSP00000312942 0 0 0 153 0 0 157 255 
9606.ENSP00000429562 9606.ENSP00000377520 0 0 0 184 0 0 452 534 
9606.ENSP00000429562 9606.ENSP00000290583 0 0 0 313 0 0 57 324 
9606.ENSP00000429562 9606.ENSP00000365895 0 0 0 142 0 0 163 251 
9606.ENSP00000429562 9606.ENSP00000482826 0 0 0 132 0 0 134 216 
9606.ENSP00000429562 9606.ENSP00000248933 0 0 0 217 0 0 0 217 
9606.ENSP00000429562 9606.ENSP00000327545 0 0 0 161 0 0 48 167 
9606.ENSP00000429562 9606.ENSP00000319060 0 0 0 166 0 0 51 175 
9606.ENSP00000429562 9606.ENSP00000263202 0 0 0 0 0 0 332 332 
9606.ENSP00000429562 9606.ENSP00000291481 0 0 0 177 0 0 62 195 
9606.ENSP00000429562 9606.ENSP00000260323 0 0 0 107 797 800 73 961 
9606.ENSP00000429562 9606.ENSP00000287641 0 0 0 132 0 0 79 167 
9606.ENSP00000429562 9606.ENSP00000261731 0 0 0 95 0 0 174 221 
9606.ENSP00000429562 9606.ENSP00000261205 0 0 0 322 0 0 759 830 
9606.ENSP00000429562 9606.ENSP00000343507 0 0 0 169 0 0 0 169 
9606.ENSP00000429562 9606.ENSP00000413606 0 0 0 102 185 0 464 574 
9606.ENSP00000429562 9606.ENSP00000444948 0 0 0 156 0 0 0 156 
9606.ENSP00000429562 9606.ENSP00000384364 0 0 0 100 0 0 138 191 
9606.ENSP00000429562 9606.ENSP00000295082 0 0 0 161 0 0 0 161 
9606.ENSP00000429562 9606.ENSP00000226091 0 0 0 167 0 0 53 178 
9606.ENSP00000429562 9606.ENSP00000380432 0 0 0 0 0 0 311 311 
9606.ENSP00000429562 9606.ENSP00000360262 0 0 0 0 0 0 581 581 
9606.ENSP00000429562 9606.ENSP00000304437 0 0 0 169 0 0 0 169 
9606.ENSP00000429562 9606.ENSP00000367851 0 0 0 0 0 0 221 221 
9606.ENSP00000429562 9606.ENSP00000361214 0 0 0 159 0 0 0 159 
9606.ENSP00000429562 9606.ENSP00000478637 0 0 0 156 0 0 452 518 
9606.ENSP00000429562 9606.ENSP00000304697 0 0 0 0 0 0 225 225 
9606.ENSP00000429562 9606.ENSP00000351338 0 0 0 111 0 0 84 151 
9606.ENSP00000429562 9606.ENSP00000371594 0 0 0 97 0 0 112 164 
9606.ENSP00000429562 9606.ENSP00000355133 0 0 0 236 0 0 0 236 
9606.ENSP00000429562 9606.ENSP00000447488 0 0 0 63 0 0 151 171 
9606.ENSP00000429562 9606.ENSP00000419751 0 0 0 50 0 0 198 205 
9606.ENSP00000429562 9606.ENSP00000318131 0 0 0 161 0 0 0 161 
9606.ENSP00000429562 9606.ENSP00000228850 0 0 0 0 0 0 156 156 
9606.ENSP00000429562 9606.ENSP00000363668 0 0 0 0 0 0 212 212 
9606.ENSP00000429562 9606.ENSP00000376139 0 0 0 63 0 0 547 557 
9606.ENSP00000429562 9606.ENSP00000404438 0 0 0 175 0 0 0 175 
9606.ENSP00000429562 9606.ENSP00000359376 0 0 0 0 0 0 306 306 
9606.ENSP00000429562 9606.ENSP00000392700 0 0 0 174 0 0 0 174 
9606.ENSP00000429562 9606.ENSP00000384234 0 0 0 171 0 0 0 171 
9606.ENSP00000429562 9606.ENSP00000321826 0 0 0 142 0 0 660 696 
9606.ENSP00000429562 9606.ENSP00000370744 0 0 0 112 0 0 452 493 
9606.ENSP00000429562 9606.ENSP00000318222 0 0 0 291 0 0 0 291 
9606.ENSP00000429562 9606.ENSP00000332737 0 0 0 226 0 0 68 247 
9606.ENSP00000429562 9606.ENSP00000246841 0 0 0 76 0 0 138 169 
9606.ENSP00000429562 9606.ENSP00000327214 0 0 0 430 0 0 0 430 
9606.ENSP00000429562 9606.ENSP00000463559 0 0 0 63 261 0 0 277 
9606.ENSP00000429562 9606.ENSP00000359285 0 0 0 231 0 0 262 408 
9606.ENSP00000429562 9606.ENSP00000367197 0 0 0 117 315 0 50 375 
9606.ENSP00000429562 9606.ENSP00000303129 0 0 0 161 0 0 0 161 
9606.ENSP00000429562 9606.ENSP00000352608 0 0 0 128 0 0 69 153 
9606.ENSP00000429562 9606.ENSP00000263780 0 0 0 0 0 0 269 269 
9606.ENSP00000429562 9606.ENSP00000310003 0 0 0 153 0 0 0 153 
9606.ENSP00000429562 9606.ENSP00000482753 0 0 0 0 0 0 538 538 
9606.ENSP00000429562 9606.ENSP00000334785 0 0 0 61 261 0 0 276 
9606.ENSP00000429562 9606.ENSP00000295718 0 0 0 322 0 0 49 327 
9606.ENSP00000429562 9606.ENSP00000241014 0 0 0 267 0 0 87 303 
9606.ENSP00000429562 9606.ENSP00000328511 0 0 0 137 0 0 61 155 
9606.ENSP00000429562 9606.ENSP00000440704 0 0 0 77 0 0 176 207 
9606.ENSP00000429562 9606.ENSP00000337452 0 0 0 0 0 0 282 282 
9606.ENSP00000429562 9606.ENSP00000367408 0 0 0 114 0 0 139 204 
9606.ENSP00000429562 9606.ENSP00000054666 0 0 0 0 50 0 378 384 
9606.ENSP00000429562 9606.ENSP00000351614 0 0 0 108 0 0 397 439 
9606.ENSP00000429562 9606.ENSP00000254976 0 0 0 354 0 0 750 831 
9606.ENSP00000429562 9606.ENSP00000326804 0 0 0 62 0 0 282 297 
9606.ENSP00000429562 9606.ENSP00000328813 0 0 0 119 0 0 85 160 
9606.ENSP00000429562 9606.ENSP00000285208 0 0 0 157 0 0 43 159 
9606.ENSP00000429562 9606.ENSP00000261917 0 0 0 144 0 0 50 152 
9606.ENSP00000429562 9606.ENSP00000373244 0 0 0 151 0 0 0 151 
9606.ENSP00000429562 9606.ENSP00000352208 0 0 0 107 0 0 154 212 
9606.ENSP00000429562 9606.ENSP00000316909 0 0 0 61 0 0 188 205 
9606.ENSP00000429562 9606.ENSP00000314480 0 0 0 116 0 0 223 284 
9606.ENSP00000429562 9606.ENSP00000232975 0 0 0 0 315 0 50 321 
9606.ENSP00000429562 9606.ENSP00000263666 0 0 0 188 58 0 115 263 
9606.ENSP00000429562 9606.ENSP00000064571 0 0 0 170 0 0 0 170 
9606.ENSP00000429562 9606.ENSP00000477141 0 0 0 176 0 0 50 183 
9606.ENSP00000429562 9606.ENSP00000464443 0 0 0 0 0 0 212 212 
9606.ENSP00000429562 9606.ENSP00000361935 0 0 0 193 261 0 0 378 
9606.ENSP00000429562 9606.ENSP00000249700 0 0 0 109 0 0 85 150 
9606.ENSP00000429562 9606.ENSP00000341942 0 0 0 308 0 0 50 314 
9606.ENSP00000429562 9606.ENSP00000308024 0 0 0 151 0 0 111 213 
9606.ENSP00000429562 9606.ENSP00000264712 0 0 0 166 0 0 74 194 
9606.ENSP00000429562 9606.ENSP00000428994 0 0 0 154 0 0 167 266 
9606.ENSP00000429562 9606.ENSP00000358309 0 0 0 175 0 0 0 175 
9606.ENSP00000429562 9606.ENSP00000456594 0 0 0 158 0 0 0 158 
9606.ENSP00000429562 9606.ENSP00000482546 0 0 0 156 0 0 73 184 
9606.ENSP00000429562 9606.ENSP00000378161 0 0 0 0 0 0 169 169 
9606.ENSP00000429562 9606.ENSP00000360129 0 0 0 0 315 0 50 321 
9606.ENSP00000429562 9606.ENSP00000438040 0 0 0 0 0 0 188 188 
9606.ENSP00000429562 9606.ENSP00000376523 0 0 0 167 0 0 0 167 
9606.ENSP00000429562 9606.ENSP00000454919 0 0 0 159 0 0 126 234 
9606.ENSP00000429562 9606.ENSP00000363216 0 0 0 151 0 0 0 151 
9606.ENSP00000429562 9606.ENSP00000334198 0 0 0 137 0 0 106 195 
9606.ENSP00000429562 9606.ENSP00000483386 0 0 0 87 164 0 186 324 
9606.ENSP00000429562 9606.ENSP00000481917 0 0 0 171 0 0 0 171 
9606.ENSP00000429562 9606.ENSP00000362987 0 0 0 167 0 0 73 194 
9606.ENSP00000429562 9606.ENSP00000265922 0 0 0 232 0 0 0 232 
9606.ENSP00000429562 9606.ENSP00000222120 0 0 0 116 0 0 310 364 
9606.ENSP00000429562 9606.ENSP00000370695 0 0 0 0 0 0 302 302 
9606.ENSP00000429562 9606.ENSP00000297142 0 0 0 195 0 0 0 195 
9606.ENSP00000429562 9606.ENSP00000390783 0 0 0 63 129 0 339 413 
9606.ENSP00000429562 9606.ENSP00000286355 0 0 0 191 0 0 91 234 
9606.ENSP00000429562 9606.ENSP00000362353 0 0 0 62 0 0 139 158 
9606.ENSP00000429562 9606.ENSP00000318803 0 0 0 77 0 0 118 151 
9606.ENSP00000429562 9606.ENSP00000382770 0 0 0 97 0 0 100 152 
9606.ENSP00000429562 9606.ENSP00000338562 0 0 0 61 85 0 378 419 
9606.ENSP00000429562 9606.ENSP00000337363 0 0 0 0 0 0 203 203 
9606.ENSP00000429562 9606.ENSP00000370083 0 0 0 0 0 0 218 218 
9606.ENSP00000429562 9606.ENSP00000420949 0 0 0 0 0 0 186 186 
9606.ENSP00000429562 9606.ENSP00000263574 0 0 0 131 0 0 121 203 
9606.ENSP00000429562 9606.ENSP00000282020 0 0 0 222 0 0 0 222 
9606.ENSP00000429562 9606.ENSP00000362139 0 0 0 154 0 0 0 154 
9606.ENSP00000429562 9606.ENSP00000354560 0 0 0 62 0 0 536 546 
9606.ENSP00000429562 9606.ENSP00000305288 0 0 0 100 0 0 162 213 
9606.ENSP00000429562 9606.ENSP00000287585 0 0 0 230 0 0 50 237 
9606.ENSP00000429562 9606.ENSP00000360200 0 0 0 142 55 0 58 169 
9606.ENSP00000429562 9606.ENSP00000357461 0 0 0 226 0 0 132 300 
9606.ENSP00000429562 9606.ENSP00000440498 0 0 0 230 0 0 265 410 
9606.ENSP00000429562 9606.ENSP00000294016 0 0 0 94 0 0 125 174 
9606.ENSP00000429562 9606.ENSP00000444201 0 0 0 172 0 0 254 356 
9606.ENSP00000429562 9606.ENSP00000367747 0 0 0 179 0 0 57 193 
9606.ENSP00000429562 9606.ENSP00000321606 0 0 0 170 0 0 85 209 
9606.ENSP00000429562 9606.ENSP00000350071 0 0 0 0 0 0 156 156 
9606.ENSP00000429562 9606.ENSP00000166244 0 0 0 178 0 0 0 178 
9606.ENSP00000429562 9606.ENSP00000225823 0 0 0 229 0 0 68 250 
9606.ENSP00000429562 9606.ENSP00000362566 0 0 0 232 261 0 0 408 
9606.ENSP00000429562 9606.ENSP00000400459 0 0 0 304 0 0 251 456 
9606.ENSP00000429562 9606.ENSP00000362057 0 0 0 0 0 0 222 222 
9606.ENSP00000429562 9606.ENSP00000320092 0 0 0 130 0 0 133 213 
9606.ENSP00000429562 9606.ENSP00000363435 0 0 0 112 0 0 99 166 
9606.ENSP00000429562 9606.ENSP00000228495 0 0 0 0 0 0 277 277 
9606.ENSP00000429562 9606.ENSP00000334851 0 0 0 185 0 0 0 185 
9606.ENSP00000429562 9606.ENSP00000377664 0 0 0 61 0 0 251 266 
9606.ENSP00000429562 9606.ENSP00000263257 0 0 0 160 0 0 80 194 
9606.ENSP00000429562 9606.ENSP00000385780 0 0 0 144 0 0 144 236 
9606.ENSP00000429562 9606.ENSP00000250111 0 0 0 218 0 0 0 218 
9606.ENSP00000429562 9606.ENSP00000477059 0 0 0 214 0 0 110 270 
9606.ENSP00000429562 9606.ENSP00000439625 0 0 0 89 0 0 127 171 
9606.ENSP00000429562 9606.ENSP00000255448 0 0 0 234 0 0 97 279 
9606.ENSP00000429562 9606.ENSP00000379098 0 0 0 252 0 0 78 282 
9606.ENSP00000429562 9606.ENSP00000375909 0 0 0 171 0 0 0 171 
9606.ENSP00000429562 9606.ENSP00000368022 0 0 0 0 0 0 354 354 
9606.ENSP00000429562 9606.ENSP00000357067 0 0 0 298 0 0 0 298 
9606.ENSP00000429562 9606.ENSP00000280772 0 0 0 228 0 0 92 269 
9606.ENSP00000429562 9606.ENSP00000269051 0 0 0 172 315 0 50 414 
9606.ENSP00000429562 9606.ENSP00000294288 0 0 0 0 315 0 50 321 
9606.ENSP00000429562 9606.ENSP00000446955 0 0 0 63 261 0 0 277 
9606.ENSP00000429562 9606.ENSP00000338345 0 0 0 92 0 0 216 257 
9606.ENSP00000429562 9606.ENSP00000365437 0 0 0 321 0 0 150 398 
9606.ENSP00000429562 9606.ENSP00000343248 0 0 0 151 0 0 0 151 
9606.ENSP00000429562 9606.ENSP00000420040 0 0 0 106 261 0 0 311 
9606.ENSP00000429562 9606.ENSP00000216225 0 0 0 0 0 0 347 347 
9606.ENSP00000429562 9606.ENSP00000217420 0 0 0 232 0 0 306 445 
9606.ENSP00000429562 9606.ENSP00000300896 0 0 0 81 261 0 0 291 
9606.ENSP00000429562 9606.ENSP00000298352 0 0 0 233 0 0 0 233 
9606.ENSP00000429562 9606.ENSP00000376475 0 0 0 63 0 0 396 410 
9606.ENSP00000429562 9606.ENSP00000204679 0 0 0 0 0 0 163 163 
9606.ENSP00000429562 9606.ENSP00000262352 0 0 0 0 0 0 234 234 
9606.ENSP00000429562 9606.ENSP00000262094 0 0 0 61 0 0 261 277 
9606.ENSP00000429562 9606.ENSP00000384193 0 0 0 230 0 0 0 230 
9606.ENSP00000429562 9606.ENSP00000265459 0 0 0 208 0 0 209 347 
9606.ENSP00000429562 9606.ENSP00000359070 0 0 0 128 0 0 117 198 
9606.ENSP00000429562 9606.ENSP00000296755 0 0 0 174 0 0 47 179 
9606.ENSP00000429562 9606.ENSP00000431404 0 0 0 161 0 0 0 161 
9606.ENSP00000429562 9606.ENSP00000315299 0 0 0 0 315 0 50 321 
9606.ENSP00000429562 9606.ENSP00000376178 0 0 0 61 85 0 302 348 
9606.ENSP00000429562 9606.ENSP00000309270 0 0 0 152 0 0 0 152 
9606.ENSP00000429562 9606.ENSP00000349594 0 0 0 226 0 0 53 235 
9606.ENSP00000429562 9606.ENSP00000362399 0 0 0 192 266 0 780 858 
9606.ENSP00000429562 9606.ENSP00000370485 0 0 0 145 0 0 120 216 
9606.ENSP00000429562 9606.ENSP00000353292 0 0 0 58 0 0 151 166 
9606.ENSP00000429562 9606.ENSP00000369380 0 0 0 0 0 0 242 242 
9606.ENSP00000429562 9606.ENSP00000362080 0 0 0 77 0 0 233 262 
9606.ENSP00000429562 9606.ENSP00000344786 0 0 0 160 0 0 64 180 
9606.ENSP00000429562 9606.ENSP00000234313 0 0 0 0 0 0 223 223 
9606.ENSP00000429562 9606.ENSP00000377823 0 0 0 171 0 0 0 171 
9606.ENSP00000429562 9606.ENSP00000321427 0 0 0 134 0 0 59 150 
9606.ENSP00000429562 9606.ENSP00000393066 0 0 0 174 0 0 0 174 
9606.ENSP00000429562 9606.ENSP00000411418 0 0 0 0 0 0 302 302 
9606.ENSP00000429562 9606.ENSP00000363939 0 0 0 61 261 0 0 276 
9606.ENSP00000429562 9606.ENSP00000223369 0 0 0 0 50 0 245 252 
9606.ENSP00000429562 9606.ENSP00000256103 0 0 0 152 0 0 0 152 
9606.ENSP00000429562 9606.ENSP00000308725 0 0 0 265 0 0 209 394 
9606.ENSP00000429562 9606.ENSP00000274545 0 0 0 197 0 0 50 205 
9606.ENSP00000429562 9606.ENSP00000251287 0 0 0 145 0 0 50 153 
9606.ENSP00000429562 9606.ENSP00000485582 0 0 0 153 0 0 0 153 
9606.ENSP00000429562 9606.ENSP00000352544 0 0 0 352 0 0 317 538 
9606.ENSP00000429562 9606.ENSP00000360822 0 0 0 188 0 0 100 238 
9606.ENSP00000429562 9606.ENSP00000362183 0 0 0 160 0 0 59 176 
9606.ENSP00000429562 9606.ENSP00000378236 0 0 0 189 0 0 121 257 
9606.ENSP00000429562 9606.ENSP00000297325 0 0 0 0 0 0 163 163 
9606.ENSP00000429562 9606.ENSP00000355237 0 0 0 49 0 0 165 172 
9606.ENSP00000429562 9606.ENSP00000379228 0 0 0 143 0 0 49 151 
9606.ENSP00000429562 9606.ENSP00000428280 0 0 0 107 0 0 100 162 
9606.ENSP00000429562 9606.ENSP00000265381 0 0 0 180 0 0 200 317 
9606.ENSP00000429562 9606.ENSP00000429243 0 0 0 232 0 0 64 251 
9606.ENSP00000429562 9606.ENSP00000300179 0 0 0 183 0 0 0 183 
9606.ENSP00000429562 9606.ENSP00000371070 0 0 0 160 0 0 203 302 
9606.ENSP00000429562 9606.ENSP00000306497 0 0 0 179 0 0 0 179 
9606.ENSP00000429562 9606.ENSP00000294725 0 0 0 128 0 0 83 166 
9606.ENSP00000429562 9606.ENSP00000240185 0 0 0 0 0 0 193 193 
9606.ENSP00000429562 9606.ENSP00000328336 0 0 0 211 0 0 0 211 
9606.ENSP00000429562 9606.ENSP00000404503 0 0 0 0 0 0 219 219 
9606.ENSP00000429562 9606.ENSP00000371297 0 0 0 100 0 0 226 274 
9606.ENSP00000429562 9606.ENSP00000221891 0 0 0 288 0 0 46 292 
9606.ENSP00000429562 9606.ENSP00000230361 0 0 0 0 261 0 0 261 
9606.ENSP00000429562 9606.ENSP00000418428 0 0 0 0 0 0 202 202 
9606.ENSP00000429562 9606.ENSP00000362621 0 0 0 214 0 0 0 214 
9606.ENSP00000429562 9606.ENSP00000302913 0 0 0 108 0 0 303 351 
9606.ENSP00000429562 9606.ENSP00000288139 0 0 0 111 0 0 262 315 
9606.ENSP00000429562 9606.ENSP00000200457 0 0 0 169 0 0 0 169 
9606.ENSP00000429562 9606.ENSP00000397563 0 0 0 0 0 0 211 211 
9606.ENSP00000429562 9606.ENSP00000268099 0 0 0 0 0 0 260 260 
9606.ENSP00000429562 9606.ENSP00000391227 0 0 0 159 0 0 0 159 
9606.ENSP00000429562 9606.ENSP00000265022 0 0 0 63 0 0 131 151 
9606.ENSP00000429562 9606.ENSP00000257627 0 0 0 0 315 0 50 321 
9606.ENSP00000429562 9606.ENSP00000266058 0 0 0 162 0 0 66 184 
9606.ENSP00000429562 9606.ENSP00000470142 0 0 0 0 0 0 264 264 
9606.ENSP00000429562 9606.ENSP00000355370 0 0 0 0 0 0 213 213 
9606.ENSP00000429562 9606.ENSP00000405950 0 0 0 162 0 0 159 265 
9606.ENSP00000429562 9606.ENSP00000370057 0 0 0 175 0 0 0 175 
9606.ENSP00000429562 9606.ENSP00000380479 0 0 0 161 0 0 95 208 
9606.ENSP00000429562 9606.ENSP00000282356 0 0 0 117 0 0 159 226 
9606.ENSP00000429562 9606.ENSP00000249647 0 0 0 64 0 0 305 321 
9606.ENSP00000429562 9606.ENSP00000180173 0 0 0 97 0 0 130 180 
9606.ENSP00000429562 9606.ENSP00000279907 0 0 0 122 0 0 88 165 
9606.ENSP00000429562 9606.ENSP00000262231 0 0 0 215 262 0 689 804 
9606.ENSP00000429562 9606.ENSP00000345192 0 0 0 213 0 0 43 214 
9606.ENSP00000429562 9606.ENSP00000366843 0 0 0 0 0 0 422 422 
9606.ENSP00000429562 9606.ENSP00000340594 0 0 0 139 185 0 116 325 
9606.ENSP00000429562 9606.ENSP00000366586 0 0 0 155 0 0 0 155 
9606.ENSP00000429562 9606.ENSP00000377784 0 0 0 76 261 0 77 315 
9606.ENSP00000429562 9606.ENSP00000385019 0 0 0 168 0 0 56 181 
9606.ENSP00000429562 9606.ENSP00000361636 0 0 0 0 315 0 50 321 
9606.ENSP00000429562 9606.ENSP00000362294 0 0 0 180 0 0 93 225 
9606.ENSP00000429562 9606.ENSP00000255039 0 0 0 179 0 0 0 179 
9606.ENSP00000429562 9606.ENSP00000361769 0 0 0 191 82 0 178 337 
9606.ENSP00000429562 9606.ENSP00000379704 0 0 0 306 0 0 0 306 
9606.ENSP00000429562 9606.ENSP00000358865 0 0 0 229 0 0 0 229 
9606.ENSP00000429562 9606.ENSP00000369981 0 0 0 288 0 0 169 383 
9606.ENSP00000429562 9606.ENSP00000342538 0 0 0 231 0 0 0 231 
9606.ENSP00000429562 9606.ENSP00000361087 0 0 0 77 0 0 151 183 
9606.ENSP00000429562 9606.ENSP00000251102 0 0 0 64 0 0 131 151 
9606.ENSP00000429562 9606.ENSP00000318884 0 0 0 142 0 0 89 185 
9606.ENSP00000429562 9606.ENSP00000482169 0 0 0 197 0 0 234 359 
9606.ENSP00000429562 9606.ENSP00000395708 0 0 0 0 0 0 273 273 
9606.ENSP00000429562 9606.ENSP00000415491 0 0 0 214 0 0 0 214 
9606.ENSP00000429562 9606.ENSP00000319590 0 0 0 153 0 0 0 153 
9606.ENSP00000429562 9606.ENSP00000429900 0 0 0 0 0 0 207 207 
9606.ENSP00000429562 9606.ENSP00000264071 0 0 0 228 0 0 0 228 
9606.ENSP00000429562 9606.ENSP00000256460 0 0 0 88 0 0 206 245 
9606.ENSP00000429562 9606.ENSP00000408910 0 0 0 0 0 0 252 252 
9606.ENSP00000429562 9606.ENSP00000477829 0 0 0 98 0 0 139 190 
9606.ENSP00000429562 9606.ENSP00000408581 0 0 0 178 0 0 0 178 
9606.ENSP00000429562 9606.ENSP00000298943 0 0 0 95 0 0 127 176 
9606.ENSP00000429562 9606.ENSP00000311825 0 0 0 63 0 0 395 409 
9606.ENSP00000429562 9606.ENSP00000379210 0 0 0 63 261 0 0 277 
9606.ENSP00000429562 9606.ENSP00000328118 0 0 0 107 0 0 151 209 
9606.ENSP00000429562 9606.ENSP00000450958 0 0 0 291 0 0 0 291 
9606.ENSP00000429562 9606.ENSP00000253925 0 0 0 61 171 0 609 669 
9606.ENSP00000429562 9606.ENSP00000296526 0 0 0 305 0 0 251 458 
9606.ENSP00000429562 9606.ENSP00000341489 0 0 0 128 181 0 92 294 
9606.ENSP00000429562 9606.ENSP00000357106 0 0 0 194 0 0 42 194 
9606.ENSP00000429562 9606.ENSP00000410584 0 0 0 193 0 0 57 206 
9606.ENSP00000429562 9606.ENSP00000377494 0 0 0 229 0 0 0 229 
9606.ENSP00000429562 9606.ENSP00000470879 0 0 0 283 0 0 0 283 
9606.ENSP00000429562 9606.ENSP00000264047 0 0 0 146 0 0 63 165 
9606.ENSP00000429562 9606.ENSP00000275732 0 0 0 171 0 0 0 171 
9606.ENSP00000429562 9606.ENSP00000391311 0 0 0 106 0 0 165 221 
9606.ENSP00000429562 9606.ENSP00000328277 0 0 0 161 0 0 0 161 
9606.ENSP00000429562 9606.ENSP00000303540 0 0 0 194 0 0 85 231 
9606.ENSP00000429562 9606.ENSP00000419081 0 0 0 0 315 0 50 321 
9606.ENSP00000429562 9606.ENSP00000273666 0 0 0 296 0 0 317 499 
9606.ENSP00000429562 9606.ENSP00000222256 0 0 0 210 0 0 689 744 
9606.ENSP00000429562 9606.ENSP00000381293 0 0 0 80 0 0 523 543 
9606.ENSP00000429562 9606.ENSP00000330199 0 0 0 214 0 0 50 221 
9606.ENSP00000429562 9606.ENSP00000261402 0 0 0 161 0 0 0 161 
9606.ENSP00000429562 9606.ENSP00000321537 0 0 0 85 0 0 126 166 
9606.ENSP00000429562 9606.ENSP00000352035 0 0 0 350 0 0 109 397 
9606.ENSP00000429562 9606.ENSP00000320130 0 0 0 152 0 0 56 166 
9606.ENSP00000429562 9606.ENSP00000360858 0 0 0 173 0 0 43 174 
9606.ENSP00000429562 9606.ENSP00000265431 0 0 0 130 315 0 95 414 
9606.ENSP00000429562 9606.ENSP00000395220 0 0 0 77 0 0 214 244 
9606.ENSP00000429562 9606.ENSP00000482472 0 0 0 169 0 0 0 169 
9606.ENSP00000429562 9606.ENSP00000378812 0 0 0 0 0 0 225 225 
9606.ENSP00000429562 9606.ENSP00000386499 0 0 0 151 0 0 0 151 
9606.ENSP00000429562 9606.ENSP00000335614 0 0 0 118 171 0 629 705 
9606.ENSP00000429562 9606.ENSP00000371394 0 0 0 77 0 0 428 450 
9606.ENSP00000429562 9606.ENSP00000381247 0 0 0 0 315 0 50 321 
9606.ENSP00000429562 9606.ENSP00000365198 0 0 0 90 157 0 105 253 
9606.ENSP00000429562 9606.ENSP00000284262 0 0 0 252 0 0 0 252 
9606.ENSP00000429562 9606.ENSP00000020926 0 0 0 242 0 0 437 555 
9606.ENSP00000429562 9606.ENSP00000324960 0 0 0 0 315 0 214 438 
9606.ENSP00000429562 9606.ENSP00000256339 0 0 0 411 0 0 226 525 
9606.ENSP00000429562 9606.ENSP00000317310 0 0 0 173 315 0 50 415 
9606.ENSP00000429562 9606.ENSP00000347451 0 0 0 230 0 0 0 230 
9606.ENSP00000429562 9606.ENSP00000364240 0 0 0 0 332 0 211 450 
9606.ENSP00000429562 9606.ENSP00000222381 0 0 0 0 0 0 402 402 
9606.ENSP00000429562 9606.ENSP00000362730 0 0 0 59 0 0 207 222 
9606.ENSP00000429562 9606.ENSP00000355986 0 0 0 130 0 0 413 468 
9606.ENSP00000429562 9606.ENSP00000480971 0 0 0 85 0 0 135 175 
9606.ENSP00000429562 9606.ENSP00000430344 0 0 0 110 0 0 132 194 
9606.ENSP00000429562 9606.ENSP00000484715 0 0 0 162 0 0 0 162 
9606.ENSP00000429562 9606.ENSP00000259750 0 0 0 243 0 0 0 243 
9606.ENSP00000429562 9606.ENSP00000277120 0 0 0 121 0 0 126 199 
9606.ENSP00000429562 9606.ENSP00000477980 0 0 0 61 261 0 0 276 
9606.ENSP00000429562 9606.ENSP00000263519 0 0 0 308 0 0 0 308 
9606.ENSP00000429562 9606.ENSP00000393097 0 0 0 232 0 0 66 252 
9606.ENSP00000429562 9606.ENSP00000248975 0 0 0 69 54 0 469 491 
9606.ENSP00000429562 9606.ENSP00000484060 0 0 0 180 0 0 0 180 
9606.ENSP00000429562 9606.ENSP00000258111 0 0 0 88 0 0 116 159 
9606.ENSP00000429562 9606.ENSP00000383234 0 0 0 156 0 0 0 156 
9606.ENSP00000429562 9606.ENSP00000356205 0 0 0 99 0 0 98 152 
9606.ENSP00000429562 9606.ENSP00000020673 0 0 0 160 0 0 52 170 
9606.ENSP00000429562 9606.ENSP00000352157 0 0 0 158 0 0 0 158 
9606.ENSP00000429562 9606.ENSP00000400908 0 0 0 76 0 0 168 198 
9606.ENSP00000429562 9606.ENSP00000478061 0 0 0 0 0 0 191 191 
9606.ENSP00000429562 9606.ENSP00000225655 0 0 0 0 0 0 161 161 
9606.ENSP00000429562 9606.ENSP00000293441 0 0 0 147 0 0 144 239 
9606.ENSP00000429562 9606.ENSP00000293725 0 0 0 0 0 0 396 396 
9606.ENSP00000429562 9606.ENSP00000354398 0 0 0 62 0 0 131 150 
9606.ENSP00000429562 9606.ENSP00000386444 0 0 0 0 0 0 153 153 
9606.ENSP00000429562 9606.ENSP00000365272 0 0 0 161 0 0 169 273 
9606.ENSP00000429562 9606.ENSP00000302194 0 0 0 181 0 0 0 181 
9606.ENSP00000429562 9606.ENSP00000364586 0 0 0 236 0 0 132 309 
9606.ENSP00000429562 9606.ENSP00000430676 0 0 0 192 0 0 0 192 
9606.ENSP00000429562 9606.ENSP00000361813 0 0 0 151 0 0 0 151 
9606.ENSP00000429562 9606.ENSP00000438949 0 0 0 119 0 0 135 206 
9606.ENSP00000429562 9606.ENSP00000263088 0 0 0 62 0 0 142 161 
9606.ENSP00000429562 9606.ENSP00000310332 0 0 0 0 0 0 644 644 
9606.ENSP00000429562 9606.ENSP00000308057 0 0 0 336 0 0 0 336 
9606.ENSP00000429562 9606.ENSP00000306129 0 0 0 108 0 0 118 180 
9606.ENSP00000429562 9606.ENSP00000386331 0 0 0 91 0 0 130 175 
9606.ENSP00000429562 9606.ENSP00000337697 0 0 0 139 0 0 67 162 
9606.ENSP00000429562 9606.ENSP00000340271 0 0 0 262 0 0 0 262 
9606.ENSP00000429562 9606.ENSP00000417901 0 0 0 0 0 0 338 338 
9606.ENSP00000429562 9606.ENSP00000220478 0 0 0 347 0 0 0 347 
9606.ENSP00000429562 9606.ENSP00000370119 0 0 0 0 0 0 221 221 
9606.ENSP00000429562 9606.ENSP00000311997 0 0 0 105 0 0 348 391 
9606.ENSP00000429562 9606.ENSP00000295225 0 0 0 93 261 0 0 301 
9606.ENSP00000429562 9606.ENSP00000361383 0 0 0 76 315 0 50 346 
9606.ENSP00000429562 9606.ENSP00000354481 0 0 0 164 0 0 0 164 
9606.ENSP00000429562 9606.ENSP00000251127 0 0 0 161 0 0 85 200 
9606.ENSP00000429562 9606.ENSP00000266546 0 0 0 327 0 0 50 333 
9606.ENSP00000429562 9606.ENSP00000267085 0 0 0 87 0 0 131 172 
9606.ENSP00000429562 9606.ENSP00000312411 0 0 0 141 0 0 55 154 
9606.ENSP00000429562 9606.ENSP00000379602 0 0 0 63 50 0 474 491 
9606.ENSP00000429562 9606.ENSP00000480763 0 0 0 198 0 0 0 198 
9606.ENSP00000429562 9606.ENSP00000381412 0 0 0 268 0 0 75 295 
9606.ENSP00000429562 9606.ENSP00000230671 0 0 0 199 0 0 0 199 
9606.ENSP00000429562 9606.ENSP00000286628 0 0 0 141 0 0 104 198 
9606.ENSP00000429562 9606.ENSP00000320821 0 0 0 111 0 0 86 152 
9606.ENSP00000429562 9606.ENSP00000249330 0 0 0 171 0 0 102 225 
9606.ENSP00000429562 9606.ENSP00000408695 0 0 0 91 0 0 153 197 
9606.ENSP00000429562 9606.ENSP00000366233 0 0 0 161 0 0 160 266 
9606.ENSP00000429562 9606.ENSP00000325527 0 0 0 63 0 0 132 151 
9606.ENSP00000429562 9606.ENSP00000440984 0 0 0 173 0 0 0 173 
9606.ENSP00000429562 9606.ENSP00000219197 0 0 0 213 0 0 0 213 
9606.ENSP00000429562 9606.ENSP00000450337 0 0 0 184 171 0 224 429 
9606.ENSP00000429562 9606.ENSP00000384615 0 0 0 189 0 0 99 238 
9606.ENSP00000429562 9606.ENSP00000364992 0 0 0 0 0 0 177 177 
9606.ENSP00000429562 9606.ENSP00000252575 0 0 0 315 0 0 83 345 
9606.ENSP00000429562 9606.ENSP00000258443 0 0 0 0 0 0 227 227 
9606.ENSP00000429562 9606.ENSP00000440556 0 0 0 230 0 0 89 268 
9606.ENSP00000429562 9606.ENSP00000391088 0 0 0 145 0 0 173 262 
9606.ENSP00000429562 9606.ENSP00000387662 0 0 0 0 0 0 150 150 
9606.ENSP00000429562 9606.ENSP00000421828 0 0 0 170 0 0 113 232 
9606.ENSP00000429562 9606.ENSP00000297029 0 0 0 51 0 0 248 256 
9606.ENSP00000429562 9606.ENSP00000324419 0 0 0 137 0 0 457 511 
9606.ENSP00000429562 9606.ENSP00000319052 0 0 0 0 261 0 0 261 
9606.ENSP00000429562 9606.ENSP00000263934 0 0 0 163 0 0 86 203 
9606.ENSP00000429562 9606.ENSP00000273814 0 0 0 82 0 0 204 238 
9606.ENSP00000429562 9606.ENSP00000279022 0 0 0 63 261 0 0 277 
9606.ENSP00000429562 9606.ENSP00000450385 0 0 0 63 261 0 0 277 
9606.ENSP00000429562 9606.ENSP00000416508 0 0 0 430 0 0 0 430 
9606.ENSP00000429562 9606.ENSP00000296238 0 0 0 185 0 0 136 266 
9606.ENSP00000429562 9606.ENSP00000376570 0 0 0 155 0 0 0 155 
9606.ENSP00000429562 9606.ENSP00000372654 0 0 0 200 0 0 0 200 
9606.ENSP00000429562 9606.ENSP00000432586 0 0 0 237 0 0 58 250 
9606.ENSP00000429562 9606.ENSP00000470498 0 0 0 86 0 0 127 168 
9606.ENSP00000429562 9606.ENSP00000428259 0 0 0 0 261 0 50 267 
9606.ENSP00000429562 9606.ENSP00000009105 0 0 0 171 0 0 162 276 
9606.ENSP00000429562 9606.ENSP00000388137 0 0 0 182 0 0 93 226 
9606.ENSP00000429562 9606.ENSP00000349320 0 0 0 117 0 0 107 179 
9606.ENSP00000429562 9606.ENSP00000362296 0 0 0 132 0 0 137 219 
9606.ENSP00000429562 9606.ENSP00000288221 0 0 0 158 419 0 574 774 
9606.ENSP00000429562 9606.ENSP00000477344 0 0 0 123 0 0 203 271 
9606.ENSP00000429562 9606.ENSP00000342560 0 0 0 302 0 0 0 302 
9606.ENSP00000429562 9606.ENSP00000397459 0 0 0 167 0 0 0 167 
9606.ENSP00000429562 9606.ENSP00000223167 0 0 0 63 261 0 0 277 
9606.ENSP00000429562 9606.ENSP00000236877 0 0 0 359 0 0 0 359 
9606.ENSP00000429562 9606.ENSP00000345985 0 0 0 169 0 0 43 171 
9606.ENSP00000429562 9606.ENSP00000333496 0 0 0 197 0 0 75 226 
9606.ENSP00000429562 9606.ENSP00000366513 0 0 0 382 0 0 57 392 
9606.ENSP00000429562 9606.ENSP00000305647 0 0 0 0 50 0 242 249 
9606.ENSP00000429562 9606.ENSP00000347055 0 0 0 63 261 0 0 277 
9606.ENSP00000429562 9606.ENSP00000369328 0 0 0 97 0 0 173 221 
9606.ENSP00000429562 9606.ENSP00000435096 0 0 0 0 0 0 169 169 
9606.ENSP00000429562 9606.ENSP00000264276 0 0 0 78 0 0 440 461 
9606.ENSP00000429562 9606.ENSP00000363229 0 0 0 120 0 0 314 370 
9606.ENSP00000429562 9606.ENSP00000324404 0 0 0 0 0 0 338 338 
9606.ENSP00000429562 9606.ENSP00000263897 0 0 0 0 0 0 225 225 
9606.ENSP00000429562 9606.ENSP00000347152 0 0 0 138 0 0 143 229 
9606.ENSP00000429562 9606.ENSP00000266376 0 0 0 133 0 0 198 275 
9606.ENSP00000429562 9606.ENSP00000419361 0 0 0 131 0 0 77 164 
9606.ENSP00000429562 9606.ENSP00000371985 0 0 0 247 0 0 63 264 
9606.ENSP00000429562 9606.ENSP00000334100 0 0 0 0 0 0 292 292 
9606.ENSP00000429562 9606.ENSP00000405388 0 0 0 311 0 0 0 311 
9606.ENSP00000429562 9606.ENSP00000378690 0 0 0 154 315 0 50 401 
9606.ENSP00000429562 9606.ENSP00000321805 0 0 0 214 0 0 63 232 
9606.ENSP00000429562 9606.ENSP00000324302 0 0 0 108 0 0 230 285 
9606.ENSP00000429562 9606.ENSP00000296777 0 0 0 170 0 0 0 170 
9606.ENSP00000429562 9606.ENSP00000477999 0 0 0 88 0 0 214 252 
9606.ENSP00000429562 9606.ENSP00000281282 0 0 0 0 0 0 186 186 
9606.ENSP00000429562 9606.ENSP00000274547 0 0 0 235 0 0 164 334 
9606.ENSP00000429562 9606.ENSP00000223364 0 0 0 63 261 0 0 277 
9606.ENSP00000429562 9606.ENSP00000363661 0 0 0 0 0 0 213 213 
9606.ENSP00000429562 9606.ENSP00000344801 0 0 0 211 0 0 0 211 
9606.ENSP00000429562 9606.ENSP00000345436 0 0 0 185 0 0 208 327 
9606.ENSP00000429562 9606.ENSP00000248150 0 0 0 158 0 0 57 172 
9606.ENSP00000429562 9606.ENSP00000433109 0 0 0 192 0 0 50 199 
9606.ENSP00000429562 9606.ENSP00000307280 0 0 0 72 261 0 0 284 
9606.ENSP00000429562 9606.ENSP00000337103 0 0 0 64 0 0 276 293 
9606.ENSP00000429562 9606.ENSP00000306253 0 0 0 112 0 0 90 157 
9606.ENSP00000429562 9606.ENSP00000303211 0 0 0 96 0 0 105 156 
9606.ENSP00000429562 9606.ENSP00000349629 0 0 0 49 0 0 148 155 
9606.ENSP00000429562 9606.ENSP00000384719 0 0 0 221 261 0 0 399 
9606.ENSP00000429562 9606.ENSP00000297323 0 0 0 171 0 0 73 199 
9606.ENSP00000429562 9606.ENSP00000352011 0 0 0 206 0 0 108 261 
9606.ENSP00000429562 9606.ENSP00000358703 0 0 0 171 0 0 0 171 
9606.ENSP00000429562 9606.ENSP00000344173 0 0 0 107 0 0 207 262 
9606.ENSP00000429562 9606.ENSP00000329295 0 0 0 132 0 0 65 154 
9606.ENSP00000429562 9606.ENSP00000381097 0 0 0 175 0 0 61 192 
9606.ENSP00000429562 9606.ENSP00000305334 0 0 0 195 0 0 0 195 
9606.ENSP00000429562 9606.ENSP00000234310 0 0 0 61 261 0 0 276 
9606.ENSP00000429562 9606.ENSP00000469332 0 0 0 109 0 0 90 155 
9606.ENSP00000429562 9606.ENSP00000252486 0 0 0 69 0 0 187 210 
9606.ENSP00000429562 9606.ENSP00000377047 0 0 0 195 0 0 0 195 
9606.ENSP00000429562 9606.ENSP00000284981 0 0 0 152 0 0 233 322 
9606.ENSP00000429562 9606.ENSP00000339182 0 0 0 308 0 0 50 314 
9606.ENSP00000429562 9606.ENSP00000357307 0 0 0 225 0 0 439 547 
9606.ENSP00000429562 9606.ENSP00000251119 0 0 0 0 0 0 153 153 
9606.ENSP00000429562 9606.ENSP00000256398 0 0 0 0 0 0 420 420 
9606.ENSP00000429562 9606.ENSP00000353732 0 0 0 189 0 0 0 189 
9606.ENSP00000429562 9606.ENSP00000217652 0 0 0 63 261 0 0 277 
9606.ENSP00000429562 9606.ENSP00000480851 0 0 0 201 0 0 0 201 
9606.ENSP00000429562 9606.ENSP00000419782 0 0 0 0 0 0 211 211 
9606.ENSP00000429562 9606.ENSP00000367848 0 0 0 232 0 0 90 272 
9606.ENSP00000429562 9606.ENSP00000414303 0 0 0 63 0 0 167 186 
9606.ENSP00000429562 9606.ENSP00000307342 0 0 0 160 0 0 54 172 
9606.ENSP00000429562 9606.ENSP00000347538 0 0 0 100 0 0 419 454 
9606.ENSP00000429562 9606.ENSP00000413496 0 0 0 158 0 0 0 158 
9606.ENSP00000429562 9606.ENSP00000383392 0 0 0 109 0 0 129 191 
9606.ENSP00000429562 9606.ENSP00000306138 0 0 0 231 0 0 0 231 
9606.ENSP00000429562 9606.ENSP00000356919 0 0 0 175 0 0 0 175 
9606.ENSP00000429562 9606.ENSP00000382004 0 0 0 142 0 0 57 156 
9606.ENSP00000429562 9606.ENSP00000304133 0 0 0 172 0 0 61 190 
9606.ENSP00000429562 9606.ENSP00000327509 0 0 0 118 0 0 195 260 
9606.ENSP00000429562 9606.ENSP00000262450 0 0 0 230 0 0 0 230 
9606.ENSP00000429562 9606.ENSP00000483403 0 0 0 161 0 0 0 161 
9606.ENSP00000429562 9606.ENSP00000345708 0 0 0 95 0 0 133 182 
9606.ENSP00000429562 9606.ENSP00000425587 0 0 0 0 0 0 382 382 
9606.ENSP00000429562 9606.ENSP00000284061 0 0 0 63 0 0 195 214 
9606.ENSP00000429562 9606.ENSP00000367664 0 0 0 0 0 0 317 317 
9606.ENSP00000429562 9606.ENSP00000381333 0 0 0 212 0 0 59 227 
9606.ENSP00000429562 9606.ENSP00000215095 0 0 0 194 132 0 603 698 
9606.ENSP00000429562 9606.ENSP00000207549 0 0 0 170 0 0 331 421 
9606.ENSP00000429562 9606.ENSP00000274093 0 0 0 98 0 0 155 205 
9606.ENSP00000429562 9606.ENSP00000410603 0 0 0 178 0 0 0 178 
9606.ENSP00000429562 9606.ENSP00000282272 0 0 0 171 0 0 57 184 
9606.ENSP00000429562 9606.ENSP00000218075 0 0 0 99 0 0 154 205 
9606.ENSP00000429562 9606.ENSP00000364995 0 0 0 116 0 0 172 236 
9606.ENSP00000429562 9606.ENSP00000379818 0 0 0 171 0 0 155 269 
9606.ENSP00000429562 9606.ENSP00000263160 0 0 0 212 0 0 241 377 
9606.ENSP00000429562 9606.ENSP00000350348 0 0 0 98 0 0 327 367 
9606.ENSP00000429562 9606.ENSP00000270642 0 0 0 170 0 0 0 170 
9606.ENSP00000429562 9606.ENSP00000369689 0 0 0 0 315 0 125 375 
9606.ENSP00000429562 9606.ENSP00000164640 0 0 0 303 0 0 0 303 
9606.ENSP00000429562 9606.ENSP00000303960 0 0 0 215 0 0 218 360 
9606.ENSP00000429562 9606.ENSP00000303887 0 0 0 127 0 0 127 205 
9606.ENSP00000429562 9606.ENSP00000400258 0 0 0 162 0 0 0 162 
9606.ENSP00000429562 9606.ENSP00000360214 0 0 0 214 0 0 0 214 
9606.ENSP00000429562 9606.ENSP00000370593 0 0 0 144 0 0 89 186 
9606.ENSP00000429562 9606.ENSP00000376792 0 0 0 0 0 0 282 282 
9606.ENSP00000429562 9606.ENSP00000299443 0 0 0 61 0 0 145 162 
9606.ENSP00000429562 9606.ENSP00000265627 0 0 0 0 0 0 210 210 
9606.ENSP00000429562 9606.ENSP00000360718 0 0 0 144 0 0 390 456 
9606.ENSP00000429562 9606.ENSP00000264428 0 0 0 97 0 0 165 214 
9606.ENSP00000429562 9606.ENSP00000379601 0 0 0 61 0 0 491 501 
9606.ENSP00000429562 9606.ENSP00000330633 0 0 0 295 0 0 56 306 
9606.ENSP00000429562 9606.ENSP00000344942 0 0 0 0 0 0 229 229 
9606.ENSP00000429562 9606.ENSP00000352162 0 0 0 256 0 0 49 262 
9606.ENSP00000429562 9606.ENSP00000386741 0 0 0 159 0 0 48 166 
9606.ENSP00000429562 9606.ENSP00000292672 0 0 0 193 0 0 57 206 
9606.ENSP00000429562 9606.ENSP00000420315 0 0 0 0 0 0 398 398 
9606.ENSP00000429562 9606.ENSP00000430128 0 0 0 162 0 0 0 162 
9606.ENSP00000429562 9606.ENSP00000478874 0 0 0 106 0 0 217 270 
9606.ENSP00000429562 9606.ENSP00000351777 0 0 0 0 0 0 393 393 
9606.ENSP00000429562 9606.ENSP00000484855 0 0 0 0 0 0 489 489 
9606.ENSP00000429562 9606.ENSP00000259455 0 0 0 200 0 0 89 240 
9606.ENSP00000429562 9606.ENSP00000281821 0 0 0 144 0 0 161 251 
9606.ENSP00000429562 9606.ENSP00000430846 0 0 0 131 0 0 111 195 
9606.ENSP00000429562 9606.ENSP00000331474 0 0 0 157 0 0 0 157 
9606.ENSP00000429562 9606.ENSP00000401435 0 0 0 0 0 0 163 163 
9606.ENSP00000429562 9606.ENSP00000363441 0 0 0 77 0 0 426 448 
9606.ENSP00000429562 9606.ENSP00000377015 0 0 0 62 0 0 159 177 
9606.ENSP00000429562 9606.ENSP00000377616 0 0 0 153 0 0 0 153 
9606.ENSP00000429562 9606.ENSP00000382177 0 0 0 82 0 0 209 243 
9606.ENSP00000429562 9606.ENSP00000230449 0 0 0 0 0 0 225 225 
9606.ENSP00000429562 9606.ENSP00000317714 0 0 0 61 85 0 439 475 
9606.ENSP00000429562 9606.ENSP00000262640 0 0 0 0 50 0 275 282 
9606.ENSP00000429562 9606.ENSP00000260746 0 0 0 0 0 0 203 203 
9606.ENSP00000429562 9606.ENSP00000365162 0 0 0 64 0 0 186 206 
9606.ENSP00000429562 9606.ENSP00000383911 0 0 0 0 0 0 293 293 
9606.ENSP00000429562 9606.ENSP00000413697 0 0 0 0 0 0 163 163 
9606.ENSP00000429562 9606.ENSP00000323580 0 0 0 0 0 0 211 211 
9606.ENSP00000429562 9606.ENSP00000420939 0 0 0 0 0 0 204 204 
9606.ENSP00000429562 9606.ENSP00000379396 0 0 0 95 0 0 130 178 
9606.ENSP00000429562 9606.ENSP00000340017 0 0 0 143 0 0 714 745 
9606.ENSP00000429562 9606.ENSP00000356705 0 0 0 131 0 0 83 169 
9606.ENSP00000429562 9606.ENSP00000353129 0 0 0 174 0 0 0 174 
9606.ENSP00000429562 9606.ENSP00000345824 0 0 0 117 185 0 500 609 
9606.ENSP00000429562 9606.ENSP00000304250 0 0 0 331 0 0 0 331 
9606.ENSP00000429562 9606.ENSP00000332111 0 0 0 0 315 0 50 321 
9606.ENSP00000429562 9606.ENSP00000444596 0 0 0 110 0 0 647 672 
9606.ENSP00000429562 9606.ENSP00000338927 0 0 0 0 0 0 186 186 
9606.ENSP00000429562 9606.ENSP00000280295 0 0 0 0 0 0 165 165 
9606.ENSP00000429562 9606.ENSP00000299308 0 0 0 192 0 0 0 192 
9606.ENSP00000429562 9606.ENSP00000252939 0 0 0 230 0 0 0 230 
9606.ENSP00000429562 9606.ENSP00000301972 0 0 0 108 0 0 329 376 
9606.ENSP00000429562 9606.ENSP00000263864 0 0 0 57 50 0 387 403 
9606.ENSP00000429562 9606.ENSP00000356438 0 0 0 55 0 0 195 206 
9606.ENSP00000429562 9606.ENSP00000264606 0 0 0 0 0 0 217 217 
9606.ENSP00000429562 9606.ENSP00000480050 0 0 0 196 0 0 365 468 
9606.ENSP00000429562 9606.ENSP00000483552 0 0 0 63 0 0 139 159 
9606.ENSP00000429562 9606.ENSP00000222008 0 0 0 0 0 0 190 190 
9606.ENSP00000429562 9606.ENSP00000261751 0 0 0 64 0 0 264 281 
9606.ENSP00000429562 9606.ENSP00000442157 0 0 0 170 0 0 0 170 
9606.ENSP00000429562 9606.ENSP00000349336 0 0 0 279 0 0 0 279 
9606.ENSP00000429562 9606.ENSP00000293190 0 0 0 98 0 0 128 179 
9606.ENSP00000429562 9606.ENSP00000351832 0 0 0 0 0 0 216 216 
9606.ENSP00000429562 9606.ENSP00000302783 0 0 0 0 0 0 161 161 
9606.ENSP00000429562 9606.ENSP00000367075 0 0 0 146 0 0 93 193 
9606.ENSP00000429562 9606.ENSP00000275162 0 0 0 287 0 0 0 287 
9606.ENSP00000429562 9606.ENSP00000428182 0 0 0 162 0 0 89 204 
9606.ENSP00000429562 9606.ENSP00000377840 0 0 0 87 0 0 142 183 
9606.ENSP00000429562 9606.ENSP00000382713 0 0 0 170 0 0 0 170 
9606.ENSP00000429562 9606.ENSP00000421169 0 0 0 0 0 0 161 161 
9606.ENSP00000429562 9606.ENSP00000246553 0 0 0 0 0 0 152 152 
9606.ENSP00000429562 9606.ENSP00000326267 0 0 0 0 315 0 50 321 
9606.ENSP00000429562 9606.ENSP00000315602 0 0 0 84 0 0 263 296 
9606.ENSP00000429562 9606.ENSP00000328069 0 0 0 0 0 0 311 311 
9606.ENSP00000429562 9606.ENSP00000478570 0 0 0 0 0 0 186 186 
9606.ENSP00000429562 9606.ENSP00000419000 0 0 0 152 0 0 0 152 
9606.ENSP00000429562 9606.ENSP00000447006 0 0 0 207 0 0 72 233 
9606.ENSP00000429562 9606.ENSP00000361842 0 0 0 63 0 0 132 151 
9606.ENSP00000429562 9606.ENSP00000300175 0 0 0 207 0 0 95 253 
9606.ENSP00000429562 9606.ENSP00000390941 0 0 0 260 0 0 0 260 
9606.ENSP00000429562 9606.ENSP00000288266 0 0 0 63 0 0 194 213 
9606.ENSP00000429562 9606.ENSP00000346725 0 0 0 0 0 0 155 155 
9606.ENSP00000429562 9606.ENSP00000345672 0 0 0 0 0 0 382 382 
9606.ENSP00000429562 9606.ENSP00000283254 0 0 0 154 0 0 85 193 
9606.ENSP00000429562 9606.ENSP00000334418 0 0 0 0 0 0 297 297 
9606.ENSP00000429562 9606.ENSP00000355480 0 0 0 0 315 0 50 321 
9606.ENSP00000429562 9606.ENSP00000271751 0 0 0 138 0 0 59 154 
9606.ENSP00000429562 9606.ENSP00000345229 0 0 0 171 0 0 49 178 
9606.ENSP00000429562 9606.ENSP00000298355 0 0 0 170 0 0 171 283 
9606.ENSP00000429562 9606.ENSP00000261866 0 0 0 0 0 0 420 420 
9606.ENSP00000429562 9606.ENSP00000293255 0 0 0 0 315 0 50 321 
9606.ENSP00000429562 9606.ENSP00000239367 0 0 0 64 0 0 183 203 
9606.ENSP00000429562 9606.ENSP00000251296 0 0 0 192 0 0 0 192 
9606.ENSP00000429562 9606.ENSP00000379880 0 0 0 177 0 0 50 185 
9606.ENSP00000429562 9606.ENSP00000304643 0 0 0 0 315 0 50 321 
9606.ENSP00000429562 9606.ENSP00000393795 0 0 0 0 0 0 267 267 
9606.ENSP00000429562 9606.ENSP00000446278 0 0 0 183 0 0 0 183 
9606.ENSP00000429562 9606.ENSP00000355605 0 0 0 0 53 0 191 201 
9606.ENSP00000429562 9606.ENSP00000330572 0 0 0 272 0 0 50 279 
9606.ENSP00000429562 9606.ENSP00000282499 0 0 0 204 0 0 148 294 
9606.ENSP00000429562 9606.ENSP00000378464 0 0 0 158 0 0 187 286 
9606.ENSP00000429562 9606.ENSP00000288861 0 0 0 61 261 0 0 276 
9606.ENSP00000429562 9606.ENSP00000216492 0 0 0 309 0 0 106 356 
9606.ENSP00000429562 9606.ENSP00000332287 0 0 0 112 0 0 145 209 
9606.ENSP00000429562 9606.ENSP00000392511 0 0 0 176 0 0 59 191 
9606.ENSP00000429562 9606.ENSP00000374323 0 0 0 163 0 0 99 214 
9606.ENSP00000429562 9606.ENSP00000419952 0 0 0 86 0 0 209 247 
9606.ENSP00000429562 9606.ENSP00000350928 0 0 0 143 0 0 155 245 
9606.ENSP00000429562 9606.ENSP00000346534 0 0 0 202 0 0 85 239 
9606.ENSP00000429562 9606.ENSP00000272371 0 0 0 107 0 0 278 328 
9606.ENSP00000429562 9606.ENSP00000254108 0 0 0 0 0 0 400 400 
9606.ENSP00000429562 9606.ENSP00000310244 0 0 0 63 0 0 142 162 
9606.ENSP00000429562 9606.ENSP00000426548 0 0 0 157 0 0 0 157 
9606.ENSP00000429562 9606.ENSP00000362201 0 0 0 181 0 0 0 181 
9606.ENSP00000429562 9606.ENSP00000256261 0 0 0 197 0 0 0 197 
9606.ENSP00000429562 9606.ENSP00000371614 0 0 0 277 0 0 104 324 
9606.ENSP00000429562 9606.ENSP00000295057 0 0 0 181 0 0 0 181 
9606.ENSP00000429562 9606.ENSP00000479618 0 0 0 0 0 0 221 221 
9606.ENSP00000429562 9606.ENSP00000267484 0 0 0 169 0 0 0 169 
9606.ENSP00000429562 9606.ENSP00000282878 0 0 0 275 0 0 429 568 
9606.ENSP00000429562 9606.ENSP00000467494 0 0 0 62 0 0 135 154 
9606.ENSP00000429562 9606.ENSP00000383295 0 0 0 106 0 0 228 281 
9606.ENSP00000429562 9606.ENSP00000262895 0 0 0 159 0 0 0 159 
9606.ENSP00000429562 9606.ENSP00000350833 0 0 0 0 0 0 210 210 
9606.ENSP00000429562 9606.ENSP00000263431 0 0 0 254 0 0 52 263 
9606.ENSP00000429562 9606.ENSP00000278947 0 0 0 156 0 0 0 156 
9606.ENSP00000429562 9606.ENSP00000355613 0 0 0 144 0 0 111 206 
9606.ENSP00000429562 9606.ENSP00000341819 0 0 0 99 0 0 151 202 
9606.ENSP00000429562 9606.ENSP00000450857 0 0 0 189 0 0 381 477 
9606.ENSP00000429562 9606.ENSP00000264436 0 0 0 155 0 0 127 231 
9606.ENSP00000429562 9606.ENSP00000340596 0 0 0 50 0 0 168 175 
9606.ENSP00000429562 9606.ENSP00000437554 0 0 0 155 0 0 42 156 
9606.ENSP00000429562 9606.ENSP00000348848 0 0 0 63 0 0 173 191 
9606.ENSP00000429562 9606.ENSP00000353508 0 0 0 175 0 0 49 182 
9606.ENSP00000429562 9606.ENSP00000373343 0 0 0 172 0 0 0 172 
9606.ENSP00000429562 9606.ENSP00000253861 0 0 0 0 0 0 259 259 
9606.ENSP00000429562 9606.ENSP00000473383 0 0 0 161 0 0 0 161 
9606.ENSP00000429562 9606.ENSP00000320543 0 0 0 91 0 0 104 151 
9606.ENSP00000429562 9606.ENSP00000236192 0 0 0 0 50 0 388 394 
9606.ENSP00000429562 9606.ENSP00000320679 0 0 0 61 85 0 115 173 
9606.ENSP00000429562 9606.ENSP00000327465 0 0 0 171 0 0 0 171 
9606.ENSP00000429562 9606.ENSP00000309968 0 0 0 167 0 0 74 195 
9606.ENSP00000429562 9606.ENSP00000246104 0 0 0 171 0 0 0 171 
9606.ENSP00000429562 9606.ENSP00000298032 0 0 0 0 0 0 231 231 
9606.ENSP00000429562 9606.ENSP00000287907 0 0 0 277 0 0 0 277 
9606.ENSP00000429562 9606.ENSP00000309117 0 0 0 214 0 0 0 214 
9606.ENSP00000429562 9606.ENSP00000386543 0 0 0 77 0 0 149 180 
9606.ENSP00000429562 9606.ENSP00000449629 0 0 0 196 0 0 43 198 
9606.ENSP00000429562 9606.ENSP00000257981 0 0 0 119 0 0 138 208 
9606.ENSP00000429562 9606.ENSP00000448182 0 0 0 62 0 0 173 191 
9606.ENSP00000429562 9606.ENSP00000481554 0 0 0 159 0 0 67 182 
9606.ENSP00000429562 9606.ENSP00000362457 0 0 0 153 0 0 0 153 
9606.ENSP00000429562 9606.ENSP00000269886 0 0 0 61 0 0 133 151 
9606.ENSP00000429562 9606.ENSP00000339740 0 0 0 166 0 0 43 167 
9606.ENSP00000429562 9606.ENSP00000261942 0 0 0 0 0 0 153 153 
9606.ENSP00000429562 9606.ENSP00000349467 0 0 0 89 735 0 116 767 
9606.ENSP00000429562 9606.ENSP00000345988 0 0 0 179 0 0 57 192 
9606.ENSP00000429562 9606.ENSP00000468500 0 0 0 182 0 0 213 328 
9606.ENSP00000429562 9606.ENSP00000364919 0 0 0 195 0 0 0 195 
9606.ENSP00000429562 9606.ENSP00000242591 0 0 0 0 0 0 362 362 
9606.ENSP00000429562 9606.ENSP00000433138 0 0 0 0 0 0 193 193 
9606.ENSP00000429562 9606.ENSP00000359337 0 0 0 158 0 0 66 181 
9606.ENSP00000429562 9606.ENSP00000296658 0 0 0 0 0 0 181 181 
9606.ENSP00000429562 9606.ENSP00000263354 0 0 0 63 0 0 316 332 
9606.ENSP00000429562 9606.ENSP00000397441 0 0 0 0 0 0 152 152 
9606.ENSP00000429562 9606.ENSP00000420477 0 0 0 159 0 0 0 159 
9606.ENSP00000429562 9606.ENSP00000429344 0 0 0 165 0 0 0 165 
9606.ENSP00000429562 9606.ENSP00000328777 0 0 0 115 0 0 80 150 
9606.ENSP00000429562 9606.ENSP00000230124 0 0 0 54 0 0 313 322 
9606.ENSP00000429562 9606.ENSP00000327611 0 0 0 157 0 0 0 157 
9606.ENSP00000429562 9606.ENSP00000433847 0 0 0 199 0 0 0 199 
9606.ENSP00000429562 9606.ENSP00000329654 0 0 0 173 0 0 0 173 
9606.ENSP00000429562 9606.ENSP00000299578 0 0 0 0 0 0 292 292 
9606.ENSP00000429562 9606.ENSP00000455711 0 0 0 313 0 0 0 313 
9606.ENSP00000429562 9606.ENSP00000280187 0 0 0 189 0 0 0 189 
9606.ENSP00000429562 9606.ENSP00000413163 0 0 0 169 0 0 0 169 
9606.ENSP00000429562 9606.ENSP00000353864 0 0 0 151 0 0 0 151 
9606.ENSP00000429562 9606.ENSP00000319591 0 0 0 119 0 0 75 150 
9606.ENSP00000429562 9606.ENSP00000404122 0 0 0 0 0 0 406 406 
9606.ENSP00000429562 9606.ENSP00000410862 0 0 0 201 0 0 179 317 
9606.ENSP00000429562 9606.ENSP00000271375 0 0 0 0 0 0 165 165 
9606.ENSP00000429562 9606.ENSP00000410257 0 0 0 111 0 0 85 151 
9606.ENSP00000429562 9606.ENSP00000346265 0 0 0 171 0 0 453 527 
9606.ENSP00000429562 9606.ENSP00000305839 0 0 0 108 0 0 162 221 
9606.ENSP00000429562 9606.ENSP00000379901 0 0 0 0 0 0 282 282 
9606.ENSP00000429562 9606.ENSP00000478892 0 0 0 117 0 0 92 164 
9606.ENSP00000429562 9606.ENSP00000316377 0 0 0 175 0 0 64 194 
9606.ENSP00000429562 9606.ENSP00000272520 0 0 0 175 0 0 0 175 
9606.ENSP00000429562 9606.ENSP00000270142 0 0 0 0 0 0 355 355 
9606.ENSP00000429562 9606.ENSP00000215730 0 0 0 64 0 0 183 203 
9606.ENSP00000429562 9606.ENSP00000354490 0 0 0 176 0 0 43 177 
9606.ENSP00000429562 9606.ENSP00000312293 0 0 0 140 0 0 210 291 
9606.ENSP00000429562 9606.ENSP00000078429 0 0 0 63 0 0 173 191 
9606.ENSP00000429562 9606.ENSP00000438388 0 0 0 380 0 0 205 486 
9606.ENSP00000429562 9606.ENSP00000405963 0 0 0 159 0 0 73 187 
9606.ENSP00000429562 9606.ENSP00000418994 0 0 0 248 0 0 122 312 
9606.ENSP00000429562 9606.ENSP00000351908 0 0 0 0 0 0 214 214 
9606.ENSP00000429562 9606.ENSP00000257700 0 0 0 0 0 0 150 150 
9606.ENSP00000429562 9606.ENSP00000303686 0 0 0 214 0 0 0 214 
9606.ENSP00000429562 9606.ENSP00000360608 0 0 0 247 0 0 147 330 
9606.ENSP00000429562 9606.ENSP00000302599 0 0 0 197 0 0 0 197 
9606.ENSP00000429562 9606.ENSP00000478933 0 0 0 77 0 0 426 448 
9606.ENSP00000429562 9606.ENSP00000261655 0 0 0 208 185 0 619 732 
9606.ENSP00000429562 9606.ENSP00000340914 0 0 0 242 0 0 442 559 
9606.ENSP00000429562 9606.ENSP00000278833 0 0 0 0 0 0 168 168 
9606.ENSP00000429562 9606.ENSP00000482950 0 0 0 142 0 0 722 751 
9606.ENSP00000429562 9606.ENSP00000305255 0 0 0 0 0 0 241 241 
9606.ENSP00000429562 9606.ENSP00000365529 0 0 0 198 0 0 43 200 
9606.ENSP00000429562 9606.ENSP00000366288 0 0 0 213 0 0 0 213 
9606.ENSP00000429562 9606.ENSP00000363545 0 0 0 0 0 0 165 165 
9606.ENSP00000429562 9606.ENSP00000386414 0 0 0 169 0 0 0 169 
9606.ENSP00000429562 9606.ENSP00000325239 0 0 0 63 261 0 0 277 
9606.ENSP00000429562 9606.ENSP00000402060 0 0 0 0 0 0 344 344 
9606.ENSP00000429562 9606.ENSP00000414055 0 0 0 0 0 0 241 241 
9606.ENSP00000429562 9606.ENSP00000221166 0 0 0 298 0 0 94 337 
9606.ENSP00000429562 9606.ENSP00000380307 0 0 0 244 0 0 0 244 
9606.ENSP00000429562 9606.ENSP00000342952 0 0 0 171 0 0 49 179 
9606.ENSP00000429562 9606.ENSP00000361765 0 0 0 213 0 0 0 213 
9606.ENSP00000429562 9606.ENSP00000361700 0 0 0 85 0 0 159 198 
9606.ENSP00000429562 9606.ENSP00000328977 0 0 0 64 0 0 236 254 
9606.ENSP00000429562 9606.ENSP00000314157 0 0 0 64 0 0 173 193 
9606.ENSP00000429562 9606.ENSP00000297338 0 0 0 188 0 0 0 188 
9606.ENSP00000429562 9606.ENSP00000376048 0 0 0 201 0 0 57 215 
9606.ENSP00000429562 9606.ENSP00000408979 0 0 0 316 0 0 122 374 
9606.ENSP00000429562 9606.ENSP00000359025 0 0 0 102 174 0 455 560 
9606.ENSP00000429562 9606.ENSP00000354896 0 0 0 175 0 0 0 175 
9606.ENSP00000429562 9606.ENSP00000362014 0 0 0 163 0 0 194 297 
9606.ENSP00000429562 9606.ENSP00000005284 0 0 0 224 0 0 0 224 
9606.ENSP00000429562 9606.ENSP00000420091 0 0 0 169 0 0 0 169 
9606.ENSP00000429562 9606.ENSP00000300283 0 0 0 151 0 0 0 151 
9606.ENSP00000429562 9606.ENSP00000478878 0 0 0 139 0 0 56 153 
9606.ENSP00000429562 9606.ENSP00000240874 0 0 0 97 0 0 100 153 
9606.ENSP00000429562 9606.ENSP00000367001 0 0 0 199 0 0 491 575 
9606.ENSP00000429562 9606.ENSP00000444688 0 0 0 232 0 0 54 244 
9606.ENSP00000429562 9606.ENSP00000291295 0 0 0 0 748 0 116 767 
9606.ENSP00000429562 9606.ENSP00000262103 0 0 0 0 261 0 0 261 
9606.ENSP00000429562 9606.ENSP00000376390 0 0 0 62 0 0 593 602 
9606.ENSP00000429562 9606.ENSP00000255224 0 0 0 412 0 0 441 657 
9606.ENSP00000429562 9606.ENSP00000479811 0 0 0 201 0 0 0 201 
9606.ENSP00000429562 9606.ENSP00000367756 0 0 0 0 796 800 59 958 
9606.ENSP00000429562 9606.ENSP00000386306 0 0 0 111 0 0 85 151 
9606.ENSP00000429562 9606.ENSP00000426528 0 0 0 194 0 0 0 194 
9606.ENSP00000429562 9606.ENSP00000314214 0 0 0 85 50 0 690 707 
9606.ENSP00000429562 9606.ENSP00000364349 0 0 0 156 0 0 0 156 
9606.ENSP00000429562 9606.ENSP00000392500 0 0 0 109 0 0 230 285 
9606.ENSP00000429562 9606.ENSP00000364979 0 0 0 63 0 0 387 401 
9606.ENSP00000429562 9606.ENSP00000264605 0 0 0 0 0 0 243 243 
9606.ENSP00000429562 9606.ENSP00000453293 0 0 0 171 0 0 78 203 
9606.ENSP00000429562 9606.ENSP00000374036 0 0 0 182 0 0 574 636 
9606.ENSP00000429562 9606.ENSP00000282538 0 0 0 87 0 0 131 172 
9606.ENSP00000429562 9606.ENSP00000385808 0 0 0 140 0 0 359 425 
9606.ENSP00000429562 9606.ENSP00000362444 0 0 0 171 0 0 83 207 
9606.ENSP00000429562 9606.ENSP00000479104 0 0 0 189 0 0 161 291 
9606.ENSP00000429562 9606.ENSP00000238628 0 0 0 0 0 0 153 153 
9606.ENSP00000429562 9606.ENSP00000358513 0 0 0 116 0 0 149 216 
9606.ENSP00000429562 9606.ENSP00000421915 0 0 0 0 0 0 243 243 
9606.ENSP00000429562 9606.ENSP00000335632 0 0 0 62 261 0 0 277 
9606.ENSP00000429562 9606.ENSP00000228567 0 0 0 100 0 0 226 273 
9606.ENSP00000429562 9606.ENSP00000295454 0 0 0 157 0 0 155 257 
9606.ENSP00000429562 9606.ENSP00000005257 0 0 0 0 0 0 216 216 
9606.ENSP00000429562 9606.ENSP00000358126 0 0 0 63 129 0 304 382 
9606.ENSP00000429562 9606.ENSP00000346335 0 0 0 0 0 0 248 248 
9606.ENSP00000429562 9606.ENSP00000270001 0 0 0 0 0 0 205 205 
9606.ENSP00000429562 9606.ENSP00000309457 0 0 0 120 0 0 74 151 
9606.ENSP00000429562 9606.ENSP00000342307 0 0 0 50 0 0 144 152 
9606.ENSP00000429562 9606.ENSP00000402460 0 0 0 405 0 0 69 422 
9606.ENSP00000429562 9606.ENSP00000349543 0 0 0 0 171 0 54 182 
9606.ENSP00000429562 9606.ENSP00000419195 0 0 0 301 0 0 58 313 
9606.ENSP00000429562 9606.ENSP00000262545 0 0 0 234 0 0 172 338 
9606.ENSP00000429562 9606.ENSP00000417404 0 0 0 0 0 0 169 169 
9606.ENSP00000429562 9606.ENSP00000290921 0 0 0 63 0 0 469 481 
9606.ENSP00000429562 9606.ENSP00000276218 0 0 0 0 0 0 164 164 
9606.ENSP00000429562 9606.ENSP00000226225 0 0 0 0 0 0 202 202 
9606.ENSP00000429562 9606.ENSP00000367762 0 0 0 90 0 0 121 166 
9606.ENSP00000429562 9606.ENSP00000384197 0 0 0 214 58 0 0 228 
9606.ENSP00000429562 9606.ENSP00000242104 0 0 0 0 315 0 50 321 
9606.ENSP00000429562 9606.ENSP00000282249 0 0 0 115 0 0 85 156 
9606.ENSP00000429562 9606.ENSP00000260762 0 0 0 0 0 0 210 210 
9606.ENSP00000429562 9606.ENSP00000396320 0 0 0 111 0 0 89 156 
9606.ENSP00000429562 9606.ENSP00000421232 0 0 0 0 0 0 177 177 
9606.ENSP00000429562 9606.ENSP00000221485 0 0 0 208 0 0 478 569 
9606.ENSP00000429562 9606.ENSP00000231668 0 0 0 0 0 0 162 162 
9606.ENSP00000429562 9606.ENSP00000294117 0 0 0 230 0 0 43 231 
9606.ENSP00000429562 9606.ENSP00000437790 0 0 0 255 0 0 152 342 
9606.ENSP00000429562 9606.ENSP00000402790 0 0 0 213 0 0 0 213 
9606.ENSP00000429562 9606.ENSP00000393161 0 0 0 335 0 0 0 335 
9606.ENSP00000429562 9606.ENSP00000345656 0 0 0 0 0 0 355 355 
9606.ENSP00000429562 9606.ENSP00000231487 0 0 0 0 0 0 258 258 
9606.ENSP00000429562 9606.ENSP00000323714 0 0 0 152 0 0 0 152 
9606.ENSP00000429562 9606.ENSP00000287713 0 0 0 230 0 0 114 289 
9606.ENSP00000429562 9606.ENSP00000234256 0 0 0 0 0 0 171 171 
9606.ENSP00000429562 9606.ENSP00000258302 0 0 0 215 0 0 52 224 
9606.ENSP00000429562 9606.ENSP00000367177 0 0 0 161 0 0 79 195 
9606.ENSP00000429562 9606.ENSP00000354791 0 0 0 75 0 0 399 420 
9606.ENSP00000429562 9606.ENSP00000297661 0 0 0 0 0 0 254 254 
9606.ENSP00000429562 9606.ENSP00000351591 0 0 0 121 0 0 147 218 
