9606.ENSP00000313851 9606.ENSP00000333666 0 0 0 0 0 0 186 186 
9606.ENSP00000313851 9606.ENSP00000216180 0 0 0 0 0 0 309 309 
9606.ENSP00000313851 9606.ENSP00000351185 0 0 0 108 0 0 87 150 
9606.ENSP00000313851 9606.ENSP00000344562 0 0 0 0 0 0 151 151 
9606.ENSP00000313851 9606.ENSP00000427690 0 0 0 0 125 0 73 154 
9606.ENSP00000313851 9606.ENSP00000374280 0 0 0 198 0 0 55 210 
9606.ENSP00000313851 9606.ENSP00000302640 0 0 0 173 0 0 142 260 
9606.ENSP00000313851 9606.ENSP00000291582 0 0 0 107 0 0 204 258 
9606.ENSP00000313851 9606.ENSP00000377969 0 0 0 149 0 0 95 197 
9606.ENSP00000313851 9606.ENSP00000216124 0 0 0 0 0 0 585 585 
9606.ENSP00000313851 9606.ENSP00000345571 0 0 0 145 0 0 51 153 
9606.ENSP00000313851 9606.ENSP00000382863 0 0 0 176 0 0 104 231 
9606.ENSP00000313851 9606.ENSP00000352264 0 0 0 104 0 0 191 244 
9606.ENSP00000313851 9606.ENSP00000448054 0 0 0 68 0 900 0 902 
9606.ENSP00000313851 9606.ENSP00000377036 0 0 0 0 0 0 237 237 
9606.ENSP00000313851 9606.ENSP00000364737 0 0 0 0 0 900 0 900 
9606.ENSP00000313851 9606.ENSP00000311429 0 0 0 51 0 900 74 904 
9606.ENSP00000313851 9606.ENSP00000315006 0 0 0 0 0 0 185 185 
9606.ENSP00000313851 9606.ENSP00000357189 0 0 0 81 0 0 277 307 
9606.ENSP00000313851 9606.ENSP00000278412 0 0 0 248 0 0 66 268 
9606.ENSP00000313851 9606.ENSP00000393139 0 0 0 83 64 0 244 294 
9606.ENSP00000313851 9606.ENSP00000290776 0 0 0 51 0 0 160 168 
9606.ENSP00000313851 9606.ENSP00000228284 0 0 0 171 0 0 0 171 
9606.ENSP00000313851 9606.ENSP00000296582 0 0 0 0 0 0 213 213 
9606.ENSP00000313851 9606.ENSP00000386135 0 0 0 61 0 0 141 158 
9606.ENSP00000313851 9606.ENSP00000307288 0 0 0 319 0 0 123 377 
9606.ENSP00000313851 9606.ENSP00000434359 0 0 0 172 0 0 0 172 
9606.ENSP00000313851 9606.ENSP00000025008 0 0 0 107 0 0 104 167 
9606.ENSP00000313851 9606.ENSP00000317971 0 0 0 88 0 0 110 153 
9606.ENSP00000313851 9606.ENSP00000402084 0 0 0 64 0 0 130 151 
9606.ENSP00000313851 9606.ENSP00000358374 0 0 0 220 0 0 0 220 
9606.ENSP00000313851 9606.ENSP00000358160 0 0 0 62 0 0 137 156 
9606.ENSP00000313851 9606.ENSP00000295256 0 0 0 0 0 0 216 216 
9606.ENSP00000313851 9606.ENSP00000378974 0 0 0 51 0 0 172 180 
9606.ENSP00000313851 9606.ENSP00000358755 0 0 0 0 0 0 171 171 
9606.ENSP00000313851 9606.ENSP00000377686 0 0 0 158 0 0 0 158 
9606.ENSP00000313851 9606.ENSP00000283006 0 0 0 0 0 900 50 900 
9606.ENSP00000313851 9606.ENSP00000343966 0 0 0 198 0 0 73 225 
9606.ENSP00000313851 9606.ENSP00000362110 0 0 0 437 0 0 0 437 
9606.ENSP00000313851 9606.ENSP00000381231 0 0 0 0 0 0 277 277 
9606.ENSP00000313851 9606.ENSP00000378699 0 0 0 63 0 900 221 920 
9606.ENSP00000313851 9606.ENSP00000369784 0 0 0 64 64 0 110 152 
9606.ENSP00000313851 9606.ENSP00000260197 0 0 0 64 0 0 184 203 
9606.ENSP00000313851 9606.ENSP00000441953 0 0 0 222 0 0 0 222 
9606.ENSP00000313851 9606.ENSP00000380820 0 0 0 232 0 0 0 232 
9606.ENSP00000313851 9606.ENSP00000243563 0 0 0 229 0 0 0 229 
9606.ENSP00000313851 9606.ENSP00000480421 0 0 0 202 0 0 0 202 
9606.ENSP00000313851 9606.ENSP00000217939 0 0 0 0 0 0 152 152 
9606.ENSP00000313851 9606.ENSP00000362814 0 0 0 61 0 0 154 171 
9606.ENSP00000313851 9606.ENSP00000444029 0 0 0 153 0 0 0 153 
9606.ENSP00000313851 9606.ENSP00000296702 0 0 0 236 0 0 0 236 
9606.ENSP00000313851 9606.ENSP00000351740 0 0 0 0 0 0 272 272 
9606.ENSP00000313851 9606.ENSP00000229266 0 0 0 0 0 0 165 165 
9606.ENSP00000313851 9606.ENSP00000282074 0 0 0 147 0 900 0 911 
9606.ENSP00000313851 9606.ENSP00000256442 0 0 0 85 58 900 213 923 
9606.ENSP00000313851 9606.ENSP00000265709 0 0 0 55 176 0 49 194 
9606.ENSP00000313851 9606.ENSP00000025301 0 0 0 203 0 0 0 203 
9606.ENSP00000313851 9606.ENSP00000345347 0 0 0 220 0 0 63 238 
9606.ENSP00000313851 9606.ENSP00000447378 0 0 0 0 0 0 213 213 
9606.ENSP00000313851 9606.ENSP00000252506 0 0 0 0 0 0 584 584 
9606.ENSP00000313851 9606.ENSP00000482835 0 0 0 61 0 0 133 151 
9606.ENSP00000313851 9606.ENSP00000439856 0 0 0 179 0 0 0 179 
9606.ENSP00000313851 9606.ENSP00000316512 0 0 0 173 0 0 0 173 
9606.ENSP00000313851 9606.ENSP00000482271 0 0 0 62 0 0 139 158 
9606.ENSP00000313851 9606.ENSP00000354497 0 0 0 153 0 0 0 153 
9606.ENSP00000313851 9606.ENSP00000355599 0 0 0 0 0 0 161 161 
9606.ENSP00000313851 9606.ENSP00000219097 0 0 0 117 0 0 90 162 
9606.ENSP00000313851 9606.ENSP00000369146 0 0 0 0 0 0 212 212 
9606.ENSP00000313851 9606.ENSP00000446093 0 0 0 514 0 0 0 514 
9606.ENSP00000313851 9606.ENSP00000234420 0 0 0 278 0 0 64 295 
9606.ENSP00000313851 9606.ENSP00000483345 0 0 0 199 0 0 131 274 
9606.ENSP00000313851 9606.ENSP00000379911 0 0 0 62 0 900 0 902 
9606.ENSP00000313851 9606.ENSP00000259818 0 0 0 62 57 0 228 257 
9606.ENSP00000313851 9606.ENSP00000239882 0 0 0 273 0 0 0 273 
9606.ENSP00000313851 9606.ENSP00000341947 0 0 0 307 0 0 0 307 
9606.ENSP00000313851 9606.ENSP00000265849 0 0 0 148 0 0 517 571 
9606.ENSP00000313851 9606.ENSP00000267064 0 0 0 143 0 0 86 183 
9606.ENSP00000313851 9606.ENSP00000289316 0 0 0 0 186 0 68 208 
9606.ENSP00000313851 9606.ENSP00000233468 0 0 0 126 0 0 107 186 
9606.ENSP00000313851 9606.ENSP00000307786 0 0 0 0 0 0 150 150 
9606.ENSP00000313851 9606.ENSP00000360623 0 0 0 146 0 0 48 152 
9606.ENSP00000313851 9606.ENSP00000318635 0 0 0 63 109 0 86 170 
9606.ENSP00000313851 9606.ENSP00000349313 0 0 0 0 0 0 235 235 
9606.ENSP00000313851 9606.ENSP00000457466 0 0 0 113 0 0 90 158 
9606.ENSP00000313851 9606.ENSP00000254730 0 0 0 94 0 0 412 445 
9606.ENSP00000313851 9606.ENSP00000479322 0 0 0 63 0 900 0 902 
9606.ENSP00000313851 9606.ENSP00000356355 0 0 0 80 80 0 108 179 
9606.ENSP00000313851 9606.ENSP00000438886 0 0 0 0 0 0 223 223 
9606.ENSP00000313851 9606.ENSP00000364289 0 0 0 226 0 0 176 336 
9606.ENSP00000313851 9606.ENSP00000340820 0 0 0 0 0 0 180 180 
9606.ENSP00000313851 9606.ENSP00000307272 0 0 0 113 0 0 98 165 
9606.ENSP00000313851 9606.ENSP00000359216 0 0 0 129 0 0 87 171 
9606.ENSP00000313851 9606.ENSP00000363228 0 0 0 316 0 0 0 316 
9606.ENSP00000313851 9606.ENSP00000366999 0 0 0 62 0 0 138 157 
9606.ENSP00000313851 9606.ENSP00000335044 0 0 0 259 0 0 0 259 
9606.ENSP00000313851 9606.ENSP00000443988 0 0 0 153 0 0 59 168 
9606.ENSP00000313851 9606.ENSP00000308622 0 0 0 228 0 0 0 228 
9606.ENSP00000313851 9606.ENSP00000373772 0 0 0 214 0 0 0 214 
9606.ENSP00000313851 9606.ENSP00000438455 0 0 0 0 0 0 161 161 
9606.ENSP00000313851 9606.ENSP00000477907 0 0 0 0 185 0 0 185 
9606.ENSP00000313851 9606.ENSP00000406581 0 0 0 113 0 0 90 158 
9606.ENSP00000313851 9606.ENSP00000223528 0 0 0 0 0 0 461 461 
9606.ENSP00000313851 9606.ENSP00000369666 0 0 0 134 0 0 86 174 
9606.ENSP00000313851 9606.ENSP00000481850 0 0 0 86 0 0 154 193 
9606.ENSP00000313851 9606.ENSP00000337641 0 0 0 117 62 900 64 912 
9606.ENSP00000313851 9606.ENSP00000264637 0 0 0 0 0 0 217 217 
9606.ENSP00000313851 9606.ENSP00000481091 0 0 0 175 0 0 0 175 
9606.ENSP00000313851 9606.ENSP00000297347 0 0 0 183 0 0 0 183 
9606.ENSP00000313851 9606.ENSP00000326366 0 0 0 42 0 0 153 154 
9606.ENSP00000313851 9606.ENSP00000216122 0 0 0 268 0 0 50 275 
9606.ENSP00000313851 9606.ENSP00000359300 0 0 0 0 0 0 186 186 
9606.ENSP00000313851 9606.ENSP00000275230 0 0 0 0 187 0 0 187 
9606.ENSP00000313851 9606.ENSP00000307208 0 0 0 219 79 0 105 300 
9606.ENSP00000313851 9606.ENSP00000302144 0 0 0 0 0 0 411 411 
9606.ENSP00000313851 9606.ENSP00000343054 0 0 0 121 0 0 114 188 
9606.ENSP00000313851 9606.ENSP00000371364 0 0 0 0 0 0 268 268 
9606.ENSP00000313851 9606.ENSP00000225983 0 0 0 68 128 0 62 171 
9606.ENSP00000313851 9606.ENSP00000466834 0 0 0 77 0 0 151 183 
9606.ENSP00000313851 9606.ENSP00000350708 0 0 0 95 79 0 77 163 
9606.ENSP00000313851 9606.ENSP00000383059 0 0 0 164 0 0 0 164 
9606.ENSP00000313851 9606.ENSP00000381234 0 0 0 0 0 0 277 277 
9606.ENSP00000313851 9606.ENSP00000358159 0 0 0 63 0 0 203 221 
9606.ENSP00000313851 9606.ENSP00000264156 0 0 0 218 0 0 66 239 
9606.ENSP00000313851 9606.ENSP00000216297 0 0 0 206 0 0 98 253 
9606.ENSP00000313851 9606.ENSP00000363676 0 0 0 181 0 0 0 181 
9606.ENSP00000313851 9606.ENSP00000348089 0 0 0 174 0 0 90 216 
9606.ENSP00000313851 9606.ENSP00000485457 0 0 0 85 54 0 178 226 
9606.ENSP00000313851 9606.ENSP00000454322 0 0 0 0 0 0 163 163 
9606.ENSP00000313851 9606.ENSP00000278935 0 0 0 0 138 0 56 151 
9606.ENSP00000313851 9606.ENSP00000265271 0 0 0 234 0 0 0 234 
9606.ENSP00000313851 9606.ENSP00000370508 0 0 0 0 0 0 221 221 
9606.ENSP00000313851 9606.ENSP00000313950 0 0 0 84 52 900 285 929 
9606.ENSP00000313851 9606.ENSP00000346986 0 0 0 135 0 0 89 179 
9606.ENSP00000313851 9606.ENSP00000376765 0 0 0 65 89 0 148 210 
9606.ENSP00000313851 9606.ENSP00000281513 0 0 0 0 0 0 171 171 
9606.ENSP00000313851 9606.ENSP00000262519 0 0 0 215 0 0 242 380 
9606.ENSP00000313851 9606.ENSP00000366135 0 0 0 149 0 0 85 188 
9606.ENSP00000313851 9606.ENSP00000411532 0 0 0 286 149 0 405 607 
9606.ENSP00000313851 9606.ENSP00000260810 0 0 0 218 0 0 64 236 
9606.ENSP00000313851 9606.ENSP00000297431 0 0 0 199 0 0 0 199 
9606.ENSP00000313851 9606.ENSP00000302630 0 0 0 0 177 0 83 213 
9606.ENSP00000313851 9606.ENSP00000358151 0 0 0 0 186 0 53 196 
9606.ENSP00000313851 9606.ENSP00000206595 0 0 0 69 0 0 163 187 
9606.ENSP00000313851 9606.ENSP00000261597 0 0 0 224 0 900 115 925 
9606.ENSP00000313851 9606.ENSP00000263205 0 0 0 169 0 0 100 220 
9606.ENSP00000313851 9606.ENSP00000263377 0 0 0 146 58 0 43 163 
9606.ENSP00000313851 9606.ENSP00000268919 0 0 0 108 0 900 0 906 
9606.ENSP00000313851 9606.ENSP00000352257 0 0 0 201 0 0 61 219 
9606.ENSP00000313851 9606.ENSP00000450864 0 0 0 197 0 0 0 197 
9606.ENSP00000313851 9606.ENSP00000373354 0 0 0 229 0 0 63 246 
9606.ENSP00000313851 9606.ENSP00000296452 0 0 0 177 0 0 0 177 
9606.ENSP00000313851 9606.ENSP00000255120 0 0 0 195 0 0 0 195 
9606.ENSP00000313851 9606.ENSP00000356410 0 0 0 0 0 0 150 150 
9606.ENSP00000313851 9606.ENSP00000435210 0 0 0 202 0 0 91 243 
9606.ENSP00000313851 9606.ENSP00000295897 0 0 0 0 0 0 256 256 
9606.ENSP00000313851 9606.ENSP00000200691 0 0 0 0 0 0 219 219 
9606.ENSP00000313851 9606.ENSP00000357292 0 0 0 101 79 0 117 205 
9606.ENSP00000313851 9606.ENSP00000388878 0 0 0 171 0 0 0 171 
9606.ENSP00000313851 9606.ENSP00000382628 0 0 0 0 0 0 235 235 
9606.ENSP00000313851 9606.ENSP00000406490 0 0 0 129 0 0 201 274 
9606.ENSP00000313851 9606.ENSP00000301585 0 0 0 61 0 0 246 262 
9606.ENSP00000313851 9606.ENSP00000280871 0 0 0 0 323 0 0 323 
9606.ENSP00000313851 9606.ENSP00000369703 0 0 0 62 57 0 183 214 
9606.ENSP00000313851 9606.ENSP00000233121 0 0 0 63 77 0 357 396 
9606.ENSP00000313851 9606.ENSP00000347184 0 0 0 62 0 0 155 173 
9606.ENSP00000313851 9606.ENSP00000263278 0 0 0 0 0 0 241 241 
9606.ENSP00000313851 9606.ENSP00000380414 0 0 0 352 90 0 0 385 
9606.ENSP00000313851 9606.ENSP00000346886 0 0 0 225 0 0 0 225 
9606.ENSP00000313851 9606.ENSP00000269601 0 0 0 48 0 0 231 237 
9606.ENSP00000313851 9606.ENSP00000318861 0 0 0 201 0 0 0 201 
9606.ENSP00000313851 9606.ENSP00000261584 0 0 0 0 288 0 466 604 
9606.ENSP00000313851 9606.ENSP00000396301 0 0 0 159 0 0 0 159 
9606.ENSP00000313851 9606.ENSP00000269305 0 0 0 0 0 0 237 237 
9606.ENSP00000313851 9606.ENSP00000348168 0 0 0 274 0 0 0 274 
9606.ENSP00000313851 9606.ENSP00000316779 0 0 0 0 0 0 158 158 
9606.ENSP00000313851 9606.ENSP00000325905 0 0 0 135 0 0 88 178 
9606.ENSP00000313851 9606.ENSP00000426359 0 0 0 62 0 0 493 504 
9606.ENSP00000313851 9606.ENSP00000296257 0 0 0 87 94 0 61 155 
9606.ENSP00000313851 9606.ENSP00000387006 0 0 0 155 0 0 0 155 
9606.ENSP00000313851 9606.ENSP00000263181 0 0 0 143 52 900 67 914 
9606.ENSP00000313851 9606.ENSP00000265728 0 0 0 63 0 0 258 275 
9606.ENSP00000313851 9606.ENSP00000240316 0 0 0 152 0 0 0 152 
9606.ENSP00000313851 9606.ENSP00000247219 0 0 0 62 0 0 646 654 
9606.ENSP00000313851 9606.ENSP00000416534 0 0 0 157 0 0 0 157 
9606.ENSP00000313851 9606.ENSP00000387699 0 0 0 176 0 0 0 176 
9606.ENSP00000313851 9606.ENSP00000298630 0 0 0 0 0 0 222 222 
9606.ENSP00000313851 9606.ENSP00000390778 0 0 0 158 0 0 0 158 
9606.ENSP00000313851 9606.ENSP00000415579 0 0 0 59 0 0 154 170 
9606.ENSP00000313851 9606.ENSP00000457810 0 0 0 52 0 900 50 902 
9606.ENSP00000313851 9606.ENSP00000481622 0 0 0 0 185 0 62 202 
9606.ENSP00000313851 9606.ENSP00000362018 0 0 0 62 0 900 169 915 
9606.ENSP00000313851 9606.ENSP00000339992 0 0 0 63 0 0 161 180 
9606.ENSP00000313851 9606.ENSP00000375942 0 0 0 62 0 0 337 351 
9606.ENSP00000313851 9606.ENSP00000326767 0 0 0 183 0 0 0 183 
9606.ENSP00000313851 9606.ENSP00000262415 0 0 0 237 0 0 0 237 
9606.ENSP00000313851 9606.ENSP00000322716 0 0 0 105 0 0 131 189 
9606.ENSP00000313851 9606.ENSP00000319851 0 0 0 0 0 0 282 282 
9606.ENSP00000313851 9606.ENSP00000378917 0 0 0 123 0 0 224 291 
9606.ENSP00000313851 9606.ENSP00000436679 0 0 0 170 0 0 0 170 
9606.ENSP00000313851 9606.ENSP00000365019 0 0 0 107 0 0 151 210 
9606.ENSP00000313851 9606.ENSP00000337289 0 0 0 0 0 900 46 900 
9606.ENSP00000313851 9606.ENSP00000483903 0 0 0 0 186 0 0 186 
9606.ENSP00000313851 9606.ENSP00000308583 0 0 0 0 0 900 43 900 
9606.ENSP00000313851 9606.ENSP00000217026 0 0 0 63 0 0 161 180 
9606.ENSP00000313851 9606.ENSP00000354532 0 0 0 0 0 0 184 184 
9606.ENSP00000313851 9606.ENSP00000333433 0 0 0 62 0 900 0 902 
9606.ENSP00000313851 9606.ENSP00000409666 0 0 0 63 109 0 86 170 
9606.ENSP00000313851 9606.ENSP00000307850 0 0 0 95 0 0 160 207 
9606.ENSP00000313851 9606.ENSP00000457243 0 0 0 0 0 0 215 215 
9606.ENSP00000313851 9606.ENSP00000260327 0 0 0 165 0 0 0 165 
9606.ENSP00000313851 9606.ENSP00000361076 0 0 0 0 0 0 167 167 
9606.ENSP00000313851 9606.ENSP00000282466 0 0 0 0 0 0 478 478 
9606.ENSP00000313851 9606.ENSP00000405965 0 0 0 63 109 0 86 170 
9606.ENSP00000313851 9606.ENSP00000300249 0 0 0 63 77 0 168 217 
9606.ENSP00000313851 9606.ENSP00000350447 0 0 0 63 0 900 103 908 
9606.ENSP00000313851 9606.ENSP00000302967 0 0 0 87 169 0 97 255 
9606.ENSP00000313851 9606.ENSP00000401470 0 0 0 129 0 900 56 910 
9606.ENSP00000313851 9606.ENSP00000265295 0 0 0 0 0 900 151 911 
9606.ENSP00000313851 9606.ENSP00000265070 0 0 0 0 0 0 238 238 
9606.ENSP00000313851 9606.ENSP00000362441 0 0 0 213 0 0 277 407 
9606.ENSP00000313851 9606.ENSP00000480499 0 0 0 62 0 0 151 169 
9606.ENSP00000313851 9606.ENSP00000345895 0 0 0 247 0 0 0 247 
9606.ENSP00000313851 9606.ENSP00000219905 0 0 0 162 0 0 0 162 
9606.ENSP00000313851 9606.ENSP00000377390 0 0 0 76 0 0 128 160 
9606.ENSP00000313851 9606.ENSP00000322570 0 0 0 572 0 0 70 585 
9606.ENSP00000313851 9606.ENSP00000219162 0 0 0 0 0 0 219 219 
9606.ENSP00000313851 9606.ENSP00000230640 0 0 0 296 0 0 0 296 
9606.ENSP00000313851 9606.ENSP00000431800 0 0 0 62 0 0 196 214 
9606.ENSP00000313851 9606.ENSP00000271640 0 0 0 229 0 0 63 247 
9606.ENSP00000313851 9606.ENSP00000336842 0 0 0 50 0 0 307 313 
9606.ENSP00000313851 9606.ENSP00000328251 0 0 0 105 0 0 187 241 
9606.ENSP00000313851 9606.ENSP00000296417 0 0 0 63 0 0 174 193 
9606.ENSP00000313851 9606.ENSP00000476136 0 0 0 0 185 0 68 207 
9606.ENSP00000313851 9606.ENSP00000460871 0 0 0 67 0 0 192 215 
9606.ENSP00000313851 9606.ENSP00000369497 0 0 0 116 397 0 752 856 
9606.ENSP00000313851 9606.ENSP00000261434 0 0 0 0 0 0 377 377 
9606.ENSP00000313851 9606.ENSP00000465676 0 0 0 65 89 0 148 210 
9606.ENSP00000313851 9606.ENSP00000261973 0 0 0 362 0 0 0 362 
9606.ENSP00000313851 9606.ENSP00000382328 0 0 0 157 0 0 0 157 
9606.ENSP00000313851 9606.ENSP00000329360 0 0 0 0 0 0 293 293 
9606.ENSP00000313851 9606.ENSP00000379051 0 0 0 0 0 0 156 156 
9606.ENSP00000313851 9606.ENSP00000358896 0 0 0 0 0 0 466 466 
9606.ENSP00000313851 9606.ENSP00000378830 0 0 0 201 0 0 0 201 
9606.ENSP00000313851 9606.ENSP00000317872 0 0 0 112 0 0 97 165 
9606.ENSP00000313851 9606.ENSP00000269385 0 0 0 0 0 0 205 205 
9606.ENSP00000313851 9606.ENSP00000242057 0 0 0 0 0 0 207 207 
9606.ENSP00000313851 9606.ENSP00000264982 0 0 0 0 0 0 244 244 
9606.ENSP00000313851 9606.ENSP00000361095 0 0 0 0 0 0 250 250 
9606.ENSP00000313851 9606.ENSP00000416739 0 0 0 158 0 0 51 167 
9606.ENSP00000313851 9606.ENSP00000333982 0 0 0 61 0 900 0 902 
9606.ENSP00000313851 9606.ENSP00000240423 0 0 0 313 0 0 309 505 
9606.ENSP00000313851 9606.ENSP00000360162 0 0 0 113 0 0 170 232 
9606.ENSP00000313851 9606.ENSP00000406598 0 0 0 183 0 0 0 183 
9606.ENSP00000313851 9606.ENSP00000368965 0 0 0 0 0 0 551 551 
9606.ENSP00000313851 9606.ENSP00000288985 0 0 0 174 0 0 90 216 
9606.ENSP00000313851 9606.ENSP00000377007 0 0 0 51 0 900 0 901 
9606.ENSP00000313851 9606.ENSP00000361993 0 0 0 0 0 0 365 365 
9606.ENSP00000313851 9606.ENSP00000367028 0 0 0 158 0 0 74 186 
9606.ENSP00000313851 9606.ENSP00000441786 0 0 0 163 0 0 0 163 
9606.ENSP00000313851 9606.ENSP00000360431 0 0 0 0 0 0 185 185 
9606.ENSP00000313851 9606.ENSP00000313983 0 0 0 176 0 0 63 194 
9606.ENSP00000313851 9606.ENSP00000217961 0 0 0 0 0 0 221 221 
9606.ENSP00000313851 9606.ENSP00000351575 0 0 0 214 0 0 0 214 
9606.ENSP00000313851 9606.ENSP00000336994 0 0 0 61 0 0 562 571 
9606.ENSP00000313851 9606.ENSP00000355922 0 0 0 0 0 900 59 901 
9606.ENSP00000313851 9606.ENSP00000361170 0 0 0 171 0 0 0 171 
9606.ENSP00000313851 9606.ENSP00000381216 0 0 0 262 0 0 47 267 
9606.ENSP00000313851 9606.ENSP00000423550 0 0 0 174 0 0 90 216 
9606.ENSP00000313851 9606.ENSP00000282908 0 0 0 0 0 0 457 457 
9606.ENSP00000313851 9606.ENSP00000378402 0 0 0 246 0 0 73 271 
9606.ENSP00000313851 9606.ENSP00000263382 0 0 0 115 0 0 116 184 
9606.ENSP00000313851 9606.ENSP00000298767 0 0 0 223 992 900 746 999 
9606.ENSP00000313851 9606.ENSP00000376306 0 0 0 129 63 0 50 156 
9606.ENSP00000313851 9606.ENSP00000326563 0 0 0 235 0 0 57 248 
9606.ENSP00000313851 9606.ENSP00000329102 0 0 0 233 0 0 64 251 
9606.ENSP00000313851 9606.ENSP00000307706 0 0 0 0 0 0 241 241 
9606.ENSP00000313851 9606.ENSP00000419471 0 0 0 63 0 0 136 155 
9606.ENSP00000313851 9606.ENSP00000218089 0 0 0 651 569 900 584 992 
9606.ENSP00000313851 9606.ENSP00000272427 0 0 0 62 0 0 353 367 
9606.ENSP00000313851 9606.ENSP00000378307 0 0 0 300 79 0 89 361 
9606.ENSP00000313851 9606.ENSP00000380308 0 0 0 64 0 900 130 911 
9606.ENSP00000313851 9606.ENSP00000261819 0 0 0 156 0 0 283 369 
9606.ENSP00000313851 9606.ENSP00000326042 0 0 0 61 64 0 128 166 
9606.ENSP00000313851 9606.ENSP00000339328 0 0 0 0 0 0 160 160 
9606.ENSP00000313851 9606.ENSP00000376077 0 0 0 92 96 0 86 184 
9606.ENSP00000313851 9606.ENSP00000362702 0 0 0 80 80 0 92 164 
9606.ENSP00000313851 9606.ENSP00000359740 0 0 0 82 0 0 310 340 
9606.ENSP00000313851 9606.ENSP00000358813 0 0 0 311 53 0 102 363 
9606.ENSP00000313851 9606.ENSP00000300291 0 0 0 126 0 0 134 211 
9606.ENSP00000313851 9606.ENSP00000340274 0 0 0 52 0 0 164 174 
9606.ENSP00000313851 9606.ENSP00000238112 0 0 0 178 0 0 0 178 
9606.ENSP00000313851 9606.ENSP00000392617 0 0 0 183 0 0 107 239 
9606.ENSP00000313851 9606.ENSP00000354720 0 0 0 763 927 900 784 999 
9606.ENSP00000313851 9606.ENSP00000323046 0 0 0 132 0 0 228 301 
9606.ENSP00000313851 9606.ENSP00000357047 0 0 0 304 0 0 0 304 
9606.ENSP00000313851 9606.ENSP00000335321 0 0 0 343 0 0 0 343 
9606.ENSP00000313851 9606.ENSP00000308541 0 0 0 0 0 0 167 167 
9606.ENSP00000313851 9606.ENSP00000264010 0 0 0 186 0 0 265 376 
9606.ENSP00000313851 9606.ENSP00000353549 0 0 0 81 64 0 283 330 
9606.ENSP00000313851 9606.ENSP00000450607 0 0 0 464 0 0 128 512 
9606.ENSP00000313851 9606.ENSP00000295297 0 0 0 0 0 0 171 171 
9606.ENSP00000313851 9606.ENSP00000411584 0 0 0 0 0 0 250 250 
9606.ENSP00000313851 9606.ENSP00000338785 0 0 0 0 0 0 174 174 
9606.ENSP00000313851 9606.ENSP00000355500 0 0 0 124 0 0 228 294 
9606.ENSP00000313851 9606.ENSP00000361471 0 0 0 0 0 0 171 171 
9606.ENSP00000313851 9606.ENSP00000264956 0 0 0 0 0 0 211 211 
9606.ENSP00000313851 9606.ENSP00000264639 0 0 0 68 0 0 362 380 
9606.ENSP00000313851 9606.ENSP00000363157 0 0 0 0 0 0 386 386 
9606.ENSP00000313851 9606.ENSP00000282007 0 0 0 224 0 0 0 224 
9606.ENSP00000313851 9606.ENSP00000267812 0 0 0 163 0 0 52 172 
9606.ENSP00000313851 9606.ENSP00000466248 0 0 0 257 157 0 131 408 
9606.ENSP00000313851 9606.ENSP00000245934 0 0 0 191 0 0 61 207 
9606.ENSP00000313851 9606.ENSP00000257408 0 0 0 0 0 0 222 222 
9606.ENSP00000313851 9606.ENSP00000387187 0 0 0 272 0 0 0 272 
9606.ENSP00000313851 9606.ENSP00000295757 0 0 0 68 128 0 62 171 
9606.ENSP00000313851 9606.ENSP00000386284 0 0 0 0 0 0 163 163 
9606.ENSP00000313851 9606.ENSP00000363512 0 0 0 0 0 0 492 492 
9606.ENSP00000313851 9606.ENSP00000355167 0 0 0 0 0 0 203 203 
9606.ENSP00000313851 9606.ENSP00000372689 0 0 0 524 983 900 620 999 
9606.ENSP00000313851 9606.ENSP00000339145 0 0 0 75 0 0 131 162 
9606.ENSP00000313851 9606.ENSP00000353401 0 0 0 69 177 0 0 201 
9606.ENSP00000313851 9606.ENSP00000430432 0 0 0 114 169 0 101 281 
9606.ENSP00000313851 9606.ENSP00000376184 0 0 0 0 0 0 420 420 
9606.ENSP00000313851 9606.ENSP00000479169 0 0 0 0 186 0 62 203 
9606.ENSP00000313851 9606.ENSP00000481203 0 0 0 0 0 0 151 151 
9606.ENSP00000313851 9606.ENSP00000445633 0 0 0 0 186 0 56 198 
9606.ENSP00000313851 9606.ENSP00000296509 0 0 0 98 85 900 64 912 
9606.ENSP00000313851 9606.ENSP00000352208 0 0 0 42 0 0 228 228 
9606.ENSP00000313851 9606.ENSP00000305480 0 0 0 158 0 0 0 158 
9606.ENSP00000313851 9606.ENSP00000368349 0 0 0 680 0 0 111 703 
9606.ENSP00000313851 9606.ENSP00000265081 0 0 0 167 0 0 54 179 
9606.ENSP00000313851 9606.ENSP00000377747 0 0 0 120 0 0 90 165 
9606.ENSP00000313851 9606.ENSP00000394791 0 0 0 113 94 0 61 179 
9606.ENSP00000313851 9606.ENSP00000262367 0 0 0 140 58 0 72 183 
9606.ENSP00000313851 9606.ENSP00000229595 0 0 0 128 0 0 189 263 
9606.ENSP00000313851 9606.ENSP00000315700 0 0 0 193 0 0 162 295 
9606.ENSP00000313851 9606.ENSP00000482546 0 0 0 151 709 0 494 864 
9606.ENSP00000313851 9606.ENSP00000267328 0 0 0 0 0 0 293 293 
9606.ENSP00000313851 9606.ENSP00000357812 0 0 0 0 0 0 551 551 
9606.ENSP00000313851 9606.ENSP00000353793 0 0 0 246 55 0 245 415 
9606.ENSP00000313851 9606.ENSP00000355759 0 0 0 94 0 0 116 165 
9606.ENSP00000313851 9606.ENSP00000356475 0 0 0 128 0 0 90 173 
9606.ENSP00000313851 9606.ENSP00000354723 0 0 0 0 185 0 0 185 
9606.ENSP00000313851 9606.ENSP00000422626 0 0 0 245 0 0 0 245 
9606.ENSP00000313851 9606.ENSP00000483237 0 0 0 0 186 0 56 198 
9606.ENSP00000313851 9606.ENSP00000348527 0 0 0 63 0 900 0 902 
9606.ENSP00000313851 9606.ENSP00000484841 0 0 0 121 0 0 137 210 
9606.ENSP00000313851 9606.ENSP00000247001 0 0 0 156 0 0 92 200 
9606.ENSP00000313851 9606.ENSP00000221130 0 0 0 0 64 0 296 312 
9606.ENSP00000313851 9606.ENSP00000374566 0 0 0 143 52 0 67 175 
9606.ENSP00000313851 9606.ENSP00000361232 0 0 0 84 0 0 116 156 
9606.ENSP00000313851 9606.ENSP00000479904 0 0 0 168 0 0 0 168 
9606.ENSP00000313851 9606.ENSP00000370055 0 0 0 78 0 0 189 221 
9606.ENSP00000313851 9606.ENSP00000364721 0 0 0 100 77 900 133 918 
9606.ENSP00000313851 9606.ENSP00000260363 0 0 0 258 0 0 49 264 
9606.ENSP00000313851 9606.ENSP00000362146 0 0 0 55 0 900 121 909 
9606.ENSP00000313851 9606.ENSP00000243326 0 0 0 247 0 0 0 247 
9606.ENSP00000313851 9606.ENSP00000254480 0 0 0 166 0 0 55 178 
9606.ENSP00000313851 9606.ENSP00000337976 0 0 0 229 0 0 63 246 
9606.ENSP00000313851 9606.ENSP00000394417 0 0 0 149 0 0 139 236 
9606.ENSP00000313851 9606.ENSP00000200135 0 0 0 82 0 900 49 905 
9606.ENSP00000313851 9606.ENSP00000367721 0 0 0 153 0 900 0 911 
9606.ENSP00000313851 9606.ENSP00000283131 0 0 0 219 0 0 210 357 
9606.ENSP00000313851 9606.ENSP00000266970 0 0 0 100 0 0 130 184 
9606.ENSP00000313851 9606.ENSP00000377508 0 0 0 0 64 0 141 162 
9606.ENSP00000313851 9606.ENSP00000343706 0 0 0 0 0 0 463 463 
9606.ENSP00000313851 9606.ENSP00000299290 0 0 0 0 0 0 177 177 
9606.ENSP00000313851 9606.ENSP00000251413 0 0 0 93 57 0 192 249 
9606.ENSP00000313851 9606.ENSP00000360034 0 0 0 174 0 0 204 315 
9606.ENSP00000313851 9606.ENSP00000484658 0 0 0 62 0 0 138 157 
9606.ENSP00000313851 9606.ENSP00000478501 0 0 0 182 0 0 0 182 
9606.ENSP00000313851 9606.ENSP00000323720 0 0 0 183 0 0 0 183 
9606.ENSP00000313851 9606.ENSP00000270225 0 0 0 197 0 0 0 197 
9606.ENSP00000313851 9606.ENSP00000378529 0 0 0 92 0 0 132 178 
9606.ENSP00000313851 9606.ENSP00000269127 0 0 0 113 0 0 90 158 
9606.ENSP00000313851 9606.ENSP00000465432 0 0 0 183 0 0 0 183 
9606.ENSP00000313851 9606.ENSP00000273130 0 0 0 53 0 900 64 903 
9606.ENSP00000313851 9606.ENSP00000336606 0 0 0 111 0 0 132 196 
9606.ENSP00000313851 9606.ENSP00000361486 0 0 0 137 0 0 162 246 
9606.ENSP00000313851 9606.ENSP00000316335 0 0 0 65 0 0 173 193 
9606.ENSP00000313851 9606.ENSP00000423897 0 0 0 63 0 0 132 151 
9606.ENSP00000313851 9606.ENSP00000209728 0 0 0 170 0 0 136 252 
9606.ENSP00000313851 9606.ENSP00000317985 0 0 0 126 63 0 110 208 
9606.ENSP00000313851 9606.ENSP00000453153 0 0 0 0 288 0 0 288 
9606.ENSP00000313851 9606.ENSP00000370109 0 0 0 196 0 0 137 277 
9606.ENSP00000313851 9606.ENSP00000328228 0 0 0 0 0 0 203 203 
9606.ENSP00000313851 9606.ENSP00000405726 0 0 0 240 288 0 54 444 
9606.ENSP00000313851 9606.ENSP00000295622 0 0 0 0 0 0 186 186 
9606.ENSP00000313851 9606.ENSP00000269214 0 0 0 94 376 900 685 979 
9606.ENSP00000313851 9606.ENSP00000434412 0 0 0 0 0 0 409 409 
9606.ENSP00000313851 9606.ENSP00000346997 0 0 0 229 0 0 63 246 
9606.ENSP00000313851 9606.ENSP00000377192 0 0 0 0 0 0 222 222 
9606.ENSP00000313851 9606.ENSP00000367623 0 0 0 155 0 0 44 157 
9606.ENSP00000313851 9606.ENSP00000366604 0 0 0 172 0 0 87 211 
9606.ENSP00000313851 9606.ENSP00000483408 0 0 0 178 0 0 0 178 
9606.ENSP00000313851 9606.ENSP00000385334 0 0 0 207 84 900 48 921 
9606.ENSP00000313851 9606.ENSP00000294016 0 0 0 62 0 0 201 218 
9606.ENSP00000313851 9606.ENSP00000265056 0 0 0 175 0 0 109 234 
9606.ENSP00000313851 9606.ENSP00000311032 0 0 0 0 0 0 150 150 
9606.ENSP00000313851 9606.ENSP00000358918 0 0 0 0 0 0 208 208 
9606.ENSP00000313851 9606.ENSP00000287437 0 0 0 0 390 0 49 395 
9606.ENSP00000313851 9606.ENSP00000239444 0 0 0 0 0 0 187 187 
9606.ENSP00000313851 9606.ENSP00000401145 0 0 0 64 0 0 155 175 
9606.ENSP00000313851 9606.ENSP00000334061 0 0 0 68 128 0 62 171 
9606.ENSP00000313851 9606.ENSP00000328236 0 0 0 81 0 900 71 907 
9606.ENSP00000313851 9606.ENSP00000457703 0 0 0 104 79 0 57 153 
9606.ENSP00000313851 9606.ENSP00000417963 0 0 0 84 62 900 64 908 
9606.ENSP00000313851 9606.ENSP00000358019 0 0 0 64 0 0 132 153 
9606.ENSP00000313851 9606.ENSP00000267425 0 0 0 181 0 0 0 181 
9606.ENSP00000313851 9606.ENSP00000430711 0 0 0 64 0 0 238 256 
9606.ENSP00000313851 9606.ENSP00000393631 0 0 0 0 0 0 321 321 
9606.ENSP00000313851 9606.ENSP00000358770 0 0 0 163 0 0 0 163 
9606.ENSP00000313851 9606.ENSP00000260600 0 0 0 62 0 0 218 235 
9606.ENSP00000313851 9606.ENSP00000352463 0 0 0 94 0 0 117 166 
9606.ENSP00000313851 9606.ENSP00000367787 0 0 0 224 0 0 80 255 
9606.ENSP00000313851 9606.ENSP00000369131 0 0 0 142 0 0 93 188 
9606.ENSP00000313851 9606.ENSP00000255448 0 0 0 64 0 0 361 377 
9606.ENSP00000313851 9606.ENSP00000156109 0 0 0 170 0 0 0 170 
9606.ENSP00000313851 9606.ENSP00000354522 0 0 0 121 0 0 88 165 
9606.ENSP00000313851 9606.ENSP00000362469 0 0 0 0 187 0 0 187 
9606.ENSP00000313851 9606.ENSP00000357858 0 0 0 104 55 900 280 931 
9606.ENSP00000313851 9606.ENSP00000358497 0 0 0 176 0 0 0 176 
9606.ENSP00000313851 9606.ENSP00000253363 0 0 0 237 0 0 0 237 
9606.ENSP00000313851 9606.ENSP00000401371 0 0 0 154 0 0 57 169 
9606.ENSP00000313851 9606.ENSP00000337701 0 0 0 0 0 0 445 445 
9606.ENSP00000313851 9606.ENSP00000478425 0 0 0 0 0 0 297 297 
9606.ENSP00000313851 9606.ENSP00000396704 0 0 0 301 149 0 338 572 
9606.ENSP00000313851 9606.ENSP00000376135 0 0 0 0 0 0 245 245 
9606.ENSP00000313851 9606.ENSP00000245919 0 0 0 0 0 0 204 204 
9606.ENSP00000313851 9606.ENSP00000339495 0 0 0 168 0 0 0 168 
9606.ENSP00000313851 9606.ENSP00000316578 0 0 0 186 0 0 74 214 
9606.ENSP00000313851 9606.ENSP00000480186 0 0 0 190 0 0 103 243 
9606.ENSP00000313851 9606.ENSP00000365625 0 0 0 178 0 0 0 178 
9606.ENSP00000313851 9606.ENSP00000330221 0 0 0 0 0 0 331 331 
9606.ENSP00000313851 9606.ENSP00000352216 0 0 0 0 187 0 0 187 
9606.ENSP00000313851 9606.ENSP00000472969 0 0 0 61 0 0 194 210 
9606.ENSP00000313851 9606.ENSP00000308022 0 0 0 175 0 0 0 175 
9606.ENSP00000313851 9606.ENSP00000372088 0 0 0 63 288 0 233 443 
9606.ENSP00000313851 9606.ENSP00000379571 0 0 0 0 0 0 163 163 
9606.ENSP00000313851 9606.ENSP00000413098 0 0 0 235 0 0 0 235 
9606.ENSP00000313851 9606.ENSP00000356379 0 0 0 149 0 0 168 261 
9606.ENSP00000313851 9606.ENSP00000366396 0 0 0 150 0 0 0 150 
9606.ENSP00000313851 9606.ENSP00000265459 0 0 0 0 0 0 204 204 
9606.ENSP00000313851 9606.ENSP00000216367 0 0 0 202 0 0 0 202 
9606.ENSP00000313851 9606.ENSP00000265069 0 0 0 207 0 0 0 207 
9606.ENSP00000313851 9606.ENSP00000222345 0 0 0 54 0 0 151 162 
9606.ENSP00000313851 9606.ENSP00000348965 0 0 0 52 0 900 0 901 
9606.ENSP00000313851 9606.ENSP00000349595 0 0 0 0 0 0 154 154 
9606.ENSP00000313851 9606.ENSP00000426654 0 0 0 226 0 0 0 226 
9606.ENSP00000313851 9606.ENSP00000484288 0 0 0 158 0 0 80 192 
9606.ENSP00000313851 9606.ENSP00000362330 0 0 0 113 0 0 90 158 
9606.ENSP00000313851 9606.ENSP00000368976 0 0 0 172 0 0 42 172 
9606.ENSP00000313851 9606.ENSP00000300093 0 0 0 257 164 900 375 956 
9606.ENSP00000313851 9606.ENSP00000355205 0 0 0 181 0 0 311 412 
9606.ENSP00000313851 9606.ENSP00000216271 0 0 0 68 128 0 62 171 
9606.ENSP00000313851 9606.ENSP00000302530 0 0 0 269 52 900 299 944 
9606.ENSP00000313851 9606.ENSP00000353463 0 0 0 148 0 0 77 180 
9606.ENSP00000313851 9606.ENSP00000318197 0 0 0 61 64 0 128 166 
9606.ENSP00000313851 9606.ENSP00000360540 0 0 0 0 0 0 227 227 
9606.ENSP00000313851 9606.ENSP00000351644 0 0 0 0 313 0 0 313 
9606.ENSP00000313851 9606.ENSP00000248437 0 0 0 61 64 0 231 265 
9606.ENSP00000313851 9606.ENSP00000360613 0 0 0 118 81 0 49 162 
9606.ENSP00000313851 9606.ENSP00000275815 0 0 0 0 63 0 184 202 
9606.ENSP00000313851 9606.ENSP00000462116 0 0 0 183 0 0 0 183 
9606.ENSP00000313851 9606.ENSP00000311677 0 0 0 181 0 0 48 186 
9606.ENSP00000313851 9606.ENSP00000368100 0 0 0 157 0 0 86 196 
9606.ENSP00000313851 9606.ENSP00000378074 0 0 0 0 0 0 152 152 
9606.ENSP00000313851 9606.ENSP00000455507 0 0 0 61 0 0 420 432 
9606.ENSP00000313851 9606.ENSP00000429633 0 0 0 63 0 0 161 180 
9606.ENSP00000313851 9606.ENSP00000394394 0 0 0 153 0 0 0 153 
9606.ENSP00000313851 9606.ENSP00000298875 0 0 0 194 0 0 0 194 
9606.ENSP00000313851 9606.ENSP00000384863 0 0 0 115 0 900 59 909 
9606.ENSP00000313851 9606.ENSP00000355778 0 0 0 201 0 0 127 273 
9606.ENSP00000313851 9606.ENSP00000473233 0 0 0 183 0 0 0 183 
9606.ENSP00000313851 9606.ENSP00000378165 0 0 0 197 0 0 0 197 
9606.ENSP00000313851 9606.ENSP00000368458 0 0 0 79 401 0 99 460 
9606.ENSP00000313851 9606.ENSP00000251496 0 0 0 467 51 0 502 726 
9606.ENSP00000313851 9606.ENSP00000381857 0 0 0 0 0 0 165 165 
9606.ENSP00000313851 9606.ENSP00000404179 0 0 0 98 0 0 168 217 
9606.ENSP00000313851 9606.ENSP00000417518 0 0 0 152 0 900 0 911 
9606.ENSP00000313851 9606.ENSP00000347119 0 0 0 0 185 0 0 185 
9606.ENSP00000313851 9606.ENSP00000340823 0 0 0 163 0 0 0 163 
9606.ENSP00000313851 9606.ENSP00000349430 0 0 0 0 185 0 62 202 
9606.ENSP00000313851 9606.ENSP00000378356 0 0 0 255 0 0 129 323 
9606.ENSP00000313851 9606.ENSP00000343002 0 0 0 78 0 0 135 168 
9606.ENSP00000313851 9606.ENSP00000349961 0 0 0 650 194 0 584 872 
9606.ENSP00000313851 9606.ENSP00000373979 0 0 0 169 0 0 104 223 
9606.ENSP00000313851 9606.ENSP00000264108 0 0 0 163 0 0 0 163 
9606.ENSP00000313851 9606.ENSP00000359454 0 0 0 63 0 0 203 221 
9606.ENSP00000313851 9606.ENSP00000326603 0 0 0 231 0 0 157 324 
9606.ENSP00000313851 9606.ENSP00000254719 0 0 0 229 0 0 76 258 
9606.ENSP00000313851 9606.ENSP00000363124 0 0 0 64 0 0 133 154 
9606.ENSP00000313851 9606.ENSP00000262719 0 0 0 62 0 0 135 153 
9606.ENSP00000313851 9606.ENSP00000352252 0 0 0 62 0 0 137 156 
9606.ENSP00000313851 9606.ENSP00000355961 0 0 0 75 0 0 168 197 
9606.ENSP00000313851 9606.ENSP00000348020 0 0 0 101 0 0 155 207 
9606.ENSP00000313851 9606.ENSP00000355013 0 0 0 315 0 0 56 326 
9606.ENSP00000313851 9606.ENSP00000386458 0 0 0 261 0 0 42 261 
9606.ENSP00000313851 9606.ENSP00000483667 0 0 0 214 0 0 90 254 
9606.ENSP00000313851 9606.ENSP00000364678 0 0 0 263 0 0 63 280 
9606.ENSP00000313851 9606.ENSP00000241052 0 0 0 0 0 0 302 302 
9606.ENSP00000313851 9606.ENSP00000446688 0 0 0 0 0 0 300 300 
9606.ENSP00000313851 9606.ENSP00000320485 0 0 0 132 0 0 67 156 
9606.ENSP00000313851 9606.ENSP00000351697 0 0 0 183 0 0 0 183 
9606.ENSP00000313851 9606.ENSP00000389810 0 0 0 51 0 900 52 902 
9606.ENSP00000313851 9606.ENSP00000474182 0 0 0 179 0 0 0 179 
9606.ENSP00000313851 9606.ENSP00000265465 0 0 0 248 0 0 0 248 
9606.ENSP00000313851 9606.ENSP00000483283 0 0 0 62 0 0 137 156 
9606.ENSP00000313851 9606.ENSP00000418447 0 0 0 53 0 900 82 905 
9606.ENSP00000313851 9606.ENSP00000245544 0 0 0 42 0 900 136 910 
9606.ENSP00000313851 9606.ENSP00000356448 0 0 0 296 0 0 0 296 
9606.ENSP00000313851 9606.ENSP00000355050 0 0 0 218 0 0 0 218 
9606.ENSP00000313851 9606.ENSP00000279147 0 0 0 0 0 0 150 150 
9606.ENSP00000313851 9606.ENSP00000388638 0 0 0 246 0 0 0 246 
9606.ENSP00000313851 9606.ENSP00000373312 0 0 0 54 0 900 0 901 
9606.ENSP00000313851 9606.ENSP00000238146 0 0 0 179 0 0 0 179 
9606.ENSP00000313851 9606.ENSP00000296526 0 0 0 0 0 0 167 167 
9606.ENSP00000313851 9606.ENSP00000282516 0 0 0 653 381 900 761 994 
9606.ENSP00000313851 9606.ENSP00000303058 0 0 0 165 0 0 105 220 
9606.ENSP00000313851 9606.ENSP00000273853 0 0 0 89 0 900 64 907 
9606.ENSP00000313851 9606.ENSP00000286398 0 0 0 472 194 0 330 690 
9606.ENSP00000313851 9606.ENSP00000245185 0 0 0 0 0 0 225 225 
9606.ENSP00000313851 9606.ENSP00000433681 0 0 0 108 0 0 309 357 
9606.ENSP00000313851 9606.ENSP00000221265 0 0 0 82 0 0 269 301 
9606.ENSP00000313851 9606.ENSP00000262188 0 0 0 146 0 0 107 204 
9606.ENSP00000313851 9606.ENSP00000261405 0 0 0 62 0 0 173 191 
9606.ENSP00000313851 9606.ENSP00000260970 0 0 0 125 0 0 69 151 
9606.ENSP00000313851 9606.ENSP00000215574 0 0 0 108 81 0 49 153 
9606.ENSP00000313851 9606.ENSP00000262065 0 0 0 0 0 0 530 530 
9606.ENSP00000313851 9606.ENSP00000378414 0 0 0 170 0 0 107 227 
9606.ENSP00000313851 9606.ENSP00000360532 0 0 0 331 0 0 79 358 
9606.ENSP00000313851 9606.ENSP00000324792 0 0 0 202 96 0 86 283 
9606.ENSP00000313851 9606.ENSP00000229179 0 0 0 155 0 900 0 911 
9606.ENSP00000313851 9606.ENSP00000401112 0 0 0 49 0 0 178 185 
9606.ENSP00000313851 9606.ENSP00000266679 0 0 0 187 0 0 0 187 
9606.ENSP00000313851 9606.ENSP00000294413 0 0 0 0 0 0 163 163 
9606.ENSP00000313851 9606.ENSP00000245838 0 0 0 135 0 0 85 176 
9606.ENSP00000313851 9606.ENSP00000216277 0 0 0 154 0 0 0 154 
9606.ENSP00000313851 9606.ENSP00000336687 0 0 0 80 0 0 204 237 
9606.ENSP00000313851 9606.ENSP00000260731 0 0 0 504 0 0 42 504 
9606.ENSP00000313851 9606.ENSP00000361275 0 0 0 257 164 0 203 461 
9606.ENSP00000313851 9606.ENSP00000320130 0 0 0 64 0 900 121 910 
9606.ENSP00000313851 9606.ENSP00000297440 0 0 0 134 0 0 95 183 
9606.ENSP00000313851 9606.ENSP00000299140 0 0 0 0 0 0 186 186 
9606.ENSP00000313851 9606.ENSP00000326806 0 0 0 175 0 0 0 175 
9606.ENSP00000313851 9606.ENSP00000484095 0 0 0 62 0 0 137 156 
9606.ENSP00000313851 9606.ENSP00000329219 0 0 0 224 0 0 0 224 
9606.ENSP00000313851 9606.ENSP00000266070 0 0 0 173 0 0 86 212 
9606.ENSP00000313851 9606.ENSP00000305918 0 0 0 156 58 0 51 180 
9606.ENSP00000313851 9606.ENSP00000335029 0 0 0 63 0 0 132 151 
9606.ENSP00000313851 9606.ENSP00000424896 0 0 0 105 0 0 108 167 
9606.ENSP00000313851 9606.ENSP00000399518 0 0 0 61 0 0 277 292 
9606.ENSP00000313851 9606.ENSP00000344909 0 0 0 0 0 0 418 418 
9606.ENSP00000313851 9606.ENSP00000262904 0 0 0 145 0 0 56 158 
9606.ENSP00000313851 9606.ENSP00000369050 0 0 0 0 0 0 171 171 
9606.ENSP00000313851 9606.ENSP00000471191 0 0 0 222 0 0 0 222 
9606.ENSP00000313851 9606.ENSP00000412698 0 0 0 64 0 0 405 420 
9606.ENSP00000313851 9606.ENSP00000368876 0 0 0 114 0 0 147 212 
9606.ENSP00000313851 9606.ENSP00000412566 0 0 0 239 0 0 0 239 
9606.ENSP00000313851 9606.ENSP00000404092 0 0 0 375 194 0 411 677 
9606.ENSP00000313851 9606.ENSP00000481110 0 0 0 0 0 0 162 162 
9606.ENSP00000313851 9606.ENSP00000263753 0 0 0 61 361 900 392 958 
9606.ENSP00000313851 9606.ENSP00000360966 0 0 0 0 187 0 0 187 
9606.ENSP00000313851 9606.ENSP00000317310 0 0 0 0 0 0 569 569 
9606.ENSP00000313851 9606.ENSP00000475615 0 0 0 193 0 0 0 193 
9606.ENSP00000313851 9606.ENSP00000373752 0 0 0 0 0 0 175 175 
9606.ENSP00000313851 9606.ENSP00000464036 0 0 0 187 0 0 0 187 
9606.ENSP00000313851 9606.ENSP00000370697 0 0 0 0 0 0 282 282 
9606.ENSP00000313851 9606.ENSP00000347602 0 0 0 99 0 0 96 150 
9606.ENSP00000313851 9606.ENSP00000362643 0 0 0 0 0 0 351 351 
9606.ENSP00000313851 9606.ENSP00000336868 0 0 0 62 0 900 156 913 
9606.ENSP00000313851 9606.ENSP00000336799 0 0 0 61 64 0 153 190 
9606.ENSP00000313851 9606.ENSP00000377995 0 0 0 0 0 0 243 243 
9606.ENSP00000313851 9606.ENSP00000325326 0 0 0 0 0 0 163 163 
9606.ENSP00000313851 9606.ENSP00000249636 0 0 0 65 89 0 148 210 
9606.ENSP00000313851 9606.ENSP00000382800 0 0 0 0 0 0 208 208 
9606.ENSP00000313851 9606.ENSP00000238789 0 0 0 181 0 0 50 189 
9606.ENSP00000313851 9606.ENSP00000482313 0 0 0 145 0 0 185 274 
9606.ENSP00000313851 9606.ENSP00000312981 0 0 0 171 0 0 0 171 
9606.ENSP00000313851 9606.ENSP00000387361 0 0 0 158 0 0 0 158 
9606.ENSP00000313851 9606.ENSP00000080059 0 0 0 74 128 0 62 177 
9606.ENSP00000313851 9606.ENSP00000429615 0 0 0 62 0 0 135 154 
9606.ENSP00000313851 9606.ENSP00000445366 0 0 0 62 0 0 180 197 
9606.ENSP00000313851 9606.ENSP00000339566 0 0 0 184 0 0 62 201 
9606.ENSP00000313851 9606.ENSP00000361298 0 0 0 108 0 900 137 916 
9606.ENSP00000313851 9606.ENSP00000273286 0 0 0 0 0 0 303 303 
9606.ENSP00000313851 9606.ENSP00000362592 0 0 0 98 0 0 143 194 
9606.ENSP00000313851 9606.ENSP00000359042 0 0 0 152 0 0 0 152 
9606.ENSP00000313851 9606.ENSP00000392094 0 0 0 191 0 0 0 191 
9606.ENSP00000313851 9606.ENSP00000363055 0 0 0 61 0 900 0 902 
9606.ENSP00000313851 9606.ENSP00000373696 0 0 0 244 0 0 176 350 
9606.ENSP00000313851 9606.ENSP00000402527 0 0 0 140 157 0 159 337 
9606.ENSP00000313851 9606.ENSP00000262518 0 0 0 117 0 0 90 162 
9606.ENSP00000313851 9606.ENSP00000393596 0 0 0 151 81 0 63 205 
9606.ENSP00000313851 9606.ENSP00000350162 0 0 0 0 0 0 292 292 
9606.ENSP00000313851 9606.ENSP00000361540 0 0 0 92 0 900 158 916 
9606.ENSP00000313851 9606.ENSP00000278616 0 0 0 144 0 0 169 258 
9606.ENSP00000313851 9606.ENSP00000261868 0 0 0 69 0 0 142 167 
9606.ENSP00000313851 9606.ENSP00000385479 0 0 0 140 0 0 127 217 
9606.ENSP00000313851 9606.ENSP00000261167 0 0 0 205 0 0 0 205 
9606.ENSP00000313851 9606.ENSP00000234296 0 0 0 140 0 0 63 160 
9606.ENSP00000313851 9606.ENSP00000233146 0 0 0 418 0 0 50 423 
9606.ENSP00000313851 9606.ENSP00000261726 0 0 0 0 177 0 0 177 
9606.ENSP00000313851 9606.ENSP00000262315 0 0 0 204 0 0 362 470 
9606.ENSP00000313851 9606.ENSP00000419692 0 0 0 183 0 0 0 183 
9606.ENSP00000313851 9606.ENSP00000231498 0 0 0 163 0 0 0 163 
9606.ENSP00000313851 9606.ENSP00000337443 0 0 0 0 0 0 161 161 
9606.ENSP00000313851 9606.ENSP00000257789 0 0 0 291 0 0 0 291 
9606.ENSP00000313851 9606.ENSP00000221138 0 0 0 53 0 900 82 905 
9606.ENSP00000313851 9606.ENSP00000412324 0 0 0 80 62 900 64 908 
9606.ENSP00000313851 9606.ENSP00000310670 0 0 0 217 0 0 75 245 
9606.ENSP00000313851 9606.ENSP00000303427 0 0 0 279 959 900 63 996 
9606.ENSP00000313851 9606.ENSP00000416429 0 0 0 0 0 0 392 392 
9606.ENSP00000313851 9606.ENSP00000246548 0 0 0 357 0 0 0 357 
9606.ENSP00000313851 9606.ENSP00000325863 0 0 0 159 0 0 95 207 
9606.ENSP00000313851 9606.ENSP00000341779 0 0 0 61 0 900 81 906 
9606.ENSP00000313851 9606.ENSP00000367406 0 0 0 166 0 0 42 167 
9606.ENSP00000313851 9606.ENSP00000263274 0 0 0 263 50 0 134 341 
9606.ENSP00000313851 9606.ENSP00000364585 0 0 0 133 0 900 64 911 
9606.ENSP00000313851 9606.ENSP00000258443 0 0 0 0 0 0 196 196 
9606.ENSP00000313851 9606.ENSP00000288466 0 0 0 61 0 0 137 154 
9606.ENSP00000313851 9606.ENSP00000258772 0 0 0 87 0 0 230 267 
9606.ENSP00000313851 9606.ENSP00000382982 0 0 0 61 64 0 128 166 
9606.ENSP00000313851 9606.ENSP00000376276 0 0 0 303 0 0 79 331 
9606.ENSP00000313851 9606.ENSP00000242776 0 0 0 270 0 0 0 270 
9606.ENSP00000313851 9606.ENSP00000347719 0 0 0 0 82 0 391 417 
9606.ENSP00000313851 9606.ENSP00000477310 0 0 0 0 0 900 42 900 
9606.ENSP00000313851 9606.ENSP00000271452 0 0 0 94 0 900 0 905 
9606.ENSP00000313851 9606.ENSP00000351141 0 0 0 162 0 0 0 162 
9606.ENSP00000313851 9606.ENSP00000406046 0 0 0 305 0 0 0 305 
9606.ENSP00000313851 9606.ENSP00000334538 0 0 0 241 0 0 0 241 
9606.ENSP00000313851 9606.ENSP00000370803 0 0 0 154 0 0 0 154 
9606.ENSP00000313851 9606.ENSP00000327077 0 0 0 253 0 0 0 253 
9606.ENSP00000313851 9606.ENSP00000341483 0 0 0 156 0 0 0 156 
9606.ENSP00000313851 9606.ENSP00000335463 0 0 0 61 0 900 57 903 
9606.ENSP00000313851 9606.ENSP00000303424 0 0 0 64 0 0 863 866 
9606.ENSP00000313851 9606.ENSP00000261881 0 0 0 128 0 0 140 218 
9606.ENSP00000313851 9606.ENSP00000381840 0 0 0 69 0 0 127 153 
9606.ENSP00000313851 9606.ENSP00000355077 0 0 0 95 0 0 139 187 
9606.ENSP00000313851 9606.ENSP00000386759 0 0 0 179 0 0 73 207 
9606.ENSP00000313851 9606.ENSP00000286835 0 0 0 183 0 0 0 183 
9606.ENSP00000313851 9606.ENSP00000384211 0 0 0 64 0 0 339 355 
9606.ENSP00000313851 9606.ENSP00000386200 0 0 0 0 0 0 203 203 
9606.ENSP00000313851 9606.ENSP00000355465 0 0 0 250 0 900 0 921 
9606.ENSP00000313851 9606.ENSP00000408295 0 0 0 126 0 0 149 226 
9606.ENSP00000313851 9606.ENSP00000358571 0 0 0 77 0 0 207 236 
9606.ENSP00000313851 9606.ENSP00000306999 0 0 0 94 376 900 726 982 
9606.ENSP00000313851 9606.ENSP00000331310 0 0 0 159 0 0 77 190 
9606.ENSP00000313851 9606.ENSP00000462664 0 0 0 81 195 0 503 600 
9606.ENSP00000313851 9606.ENSP00000261396 0 0 0 84 0 900 68 907 
9606.ENSP00000313851 9606.ENSP00000322915 0 0 0 177 0 0 0 177 
9606.ENSP00000313851 9606.ENSP00000328992 0 0 0 154 0 0 0 154 
9606.ENSP00000313851 9606.ENSP00000361092 0 0 0 95 0 0 103 153 
9606.ENSP00000313851 9606.ENSP00000348056 0 0 0 61 129 0 138 233 
9606.ENSP00000313851 9606.ENSP00000216117 0 0 0 0 0 0 254 254 
9606.ENSP00000313851 9606.ENSP00000261778 0 0 0 67 0 0 143 166 
9606.ENSP00000313851 9606.ENSP00000199320 0 0 0 154 0 0 48 160 
9606.ENSP00000313851 9606.ENSP00000485022 0 0 0 166 0 0 74 195 
9606.ENSP00000313851 9606.ENSP00000254193 0 0 0 164 0 0 0 164 
9606.ENSP00000313851 9606.ENSP00000181839 0 0 0 126 0 0 155 230 
9606.ENSP00000313851 9606.ENSP00000262815 0 0 0 200 0 900 718 975 
9606.ENSP00000313851 9606.ENSP00000299633 0 0 0 79 0 0 131 165 
9606.ENSP00000313851 9606.ENSP00000451828 0 0 0 0 63 0 171 190 
9606.ENSP00000313851 9606.ENSP00000427108 0 0 0 161 0 0 0 161 
9606.ENSP00000313851 9606.ENSP00000399805 0 0 0 0 0 0 151 151 
9606.ENSP00000313851 9606.ENSP00000274764 0 0 0 0 185 0 68 207 
9606.ENSP00000313851 9606.ENSP00000365576 0 0 0 73 79 0 193 252 
9606.ENSP00000313851 9606.ENSP00000217133 0 0 0 62 57 0 131 164 
9606.ENSP00000313851 9606.ENSP00000275034 0 0 0 178 0 0 44 181 
9606.ENSP00000313851 9606.ENSP00000355396 0 0 0 84 0 0 159 196 
9606.ENSP00000313851 9606.ENSP00000301332 0 0 0 171 0 0 0 171 
9606.ENSP00000313851 9606.ENSP00000265872 0 0 0 167 0 0 118 235 
9606.ENSP00000313851 9606.ENSP00000216832 0 0 0 289 0 0 0 289 
9606.ENSP00000313851 9606.ENSP00000416951 0 0 0 232 0 0 0 232 
9606.ENSP00000313851 9606.ENSP00000355944 0 0 0 62 0 900 0 902 
9606.ENSP00000313851 9606.ENSP00000300651 0 0 0 185 0 0 0 185 
9606.ENSP00000313851 9606.ENSP00000484532 0 0 0 61 0 900 63 904 
9606.ENSP00000313851 9606.ENSP00000372351 0 0 0 176 0 0 63 194 
9606.ENSP00000313851 9606.ENSP00000229239 0 0 0 0 0 0 211 211 
9606.ENSP00000313851 9606.ENSP00000417235 0 0 0 63 0 0 174 192 
9606.ENSP00000313851 9606.ENSP00000253048 0 0 0 191 0 0 0 191 
9606.ENSP00000313851 9606.ENSP00000319664 0 0 0 42 0 900 169 913 
9606.ENSP00000313851 9606.ENSP00000477973 0 0 0 483 357 0 462 805 
9606.ENSP00000313851 9606.ENSP00000476141 0 0 0 0 0 0 197 197 
9606.ENSP00000313851 9606.ENSP00000324804 0 0 0 62 0 900 0 902 
9606.ENSP00000313851 9606.ENSP00000362206 0 0 0 63 0 0 132 151 
9606.ENSP00000313851 9606.ENSP00000381064 0 0 0 164 0 0 0 164 
9606.ENSP00000313851 9606.ENSP00000317123 0 0 0 137 0 0 115 203 
9606.ENSP00000313851 9606.ENSP00000401867 0 0 0 0 0 0 227 227 
9606.ENSP00000313851 9606.ENSP00000252602 0 0 0 55 0 0 246 257 
9606.ENSP00000313851 9606.ENSP00000262887 0 0 0 157 0 0 0 157 
9606.ENSP00000313851 9606.ENSP00000363092 0 0 0 0 0 0 158 158 
9606.ENSP00000313851 9606.ENSP00000265433 0 0 0 145 0 0 91 190 
9606.ENSP00000313851 9606.ENSP00000216639 0 0 0 285 0 0 65 303 
9606.ENSP00000313851 9606.ENSP00000169298 0 0 0 0 0 0 255 255 
9606.ENSP00000313851 9606.ENSP00000349508 0 0 0 198 0 0 215 344 
9606.ENSP00000313851 9606.ENSP00000360310 0 0 0 110 372 0 446 663 
9606.ENSP00000313851 9606.ENSP00000434614 0 0 0 187 0 0 122 256 
9606.ENSP00000313851 9606.ENSP00000358262 0 0 0 103 0 0 170 223 
9606.ENSP00000313851 9606.ENSP00000264914 0 0 0 0 0 0 515 515 
9606.ENSP00000313851 9606.ENSP00000352516 0 0 0 150 0 0 65 172 
9606.ENSP00000313851 9606.ENSP00000361310 0 0 0 81 262 0 447 592 
9606.ENSP00000313851 9606.ENSP00000352400 0 0 0 252 0 0 56 264 
9606.ENSP00000313851 9606.ENSP00000265148 0 0 0 143 50 900 204 926 
9606.ENSP00000313851 9606.ENSP00000261303 0 0 0 91 0 0 198 240 
9606.ENSP00000313851 9606.ENSP00000396843 0 0 0 0 0 0 238 238 
9606.ENSP00000313851 9606.ENSP00000156471 0 0 0 189 0 0 0 189 
9606.ENSP00000313851 9606.ENSP00000248846 0 0 0 212 0 0 0 212 
9606.ENSP00000313851 9606.ENSP00000393963 0 0 0 189 0 0 42 190 
9606.ENSP00000313851 9606.ENSP00000430338 0 0 0 128 0 0 103 185 
9606.ENSP00000313851 9606.ENSP00000358616 0 0 0 221 0 0 0 221 
9606.ENSP00000313851 9606.ENSP00000262450 0 0 0 129 0 0 283 349 
9606.ENSP00000313851 9606.ENSP00000351214 0 0 0 0 0 0 173 173 
9606.ENSP00000313851 9606.ENSP00000301633 0 0 0 64 0 900 49 903 
9606.ENSP00000313851 9606.ENSP00000300738 0 0 0 170 0 0 86 208 
9606.ENSP00000313851 9606.ENSP00000389168 0 0 0 183 0 0 0 183 
9606.ENSP00000313851 9606.ENSP00000346175 0 0 0 146 0 0 63 165 
9606.ENSP00000313851 9606.ENSP00000377793 0 0 0 343 0 0 138 409 
9606.ENSP00000313851 9606.ENSP00000158762 0 0 0 81 0 0 137 173 
9606.ENSP00000313851 9606.ENSP00000443926 0 0 0 62 0 0 144 163 
9606.ENSP00000313851 9606.ENSP00000263980 0 0 0 0 0 0 231 231 
9606.ENSP00000313851 9606.ENSP00000268231 0 0 0 62 155 0 57 187 
9606.ENSP00000313851 9606.ENSP00000390331 0 0 0 0 0 0 207 207 
9606.ENSP00000313851 9606.ENSP00000274289 0 0 0 257 164 0 203 461 
9606.ENSP00000313851 9606.ENSP00000262971 0 0 0 65 89 0 148 210 
9606.ENSP00000313851 9606.ENSP00000363463 0 0 0 0 0 0 234 234 
9606.ENSP00000313851 9606.ENSP00000477527 0 0 0 114 186 0 62 264 
9606.ENSP00000313851 9606.ENSP00000171111 0 0 0 64 0 0 180 199 
9606.ENSP00000313851 9606.ENSP00000313171 0 0 0 149 267 0 358 564 
9606.ENSP00000313851 9606.ENSP00000292431 0 0 0 154 0 0 0 154 
9606.ENSP00000313851 9606.ENSP00000296490 0 0 0 163 0 0 0 163 
9606.ENSP00000313851 9606.ENSP00000376297 0 0 0 0 0 900 46 900 
9606.ENSP00000313851 9606.ENSP00000329097 0 0 0 105 0 0 104 164 
9606.ENSP00000313851 9606.ENSP00000405620 0 0 0 204 0 0 0 204 
9606.ENSP00000313851 9606.ENSP00000398824 0 0 0 107 0 0 257 308 
9606.ENSP00000313851 9606.ENSP00000261211 0 0 0 63 0 0 204 222 
9606.ENSP00000313851 9606.ENSP00000371475 0 0 0 120 0 0 93 168 
9606.ENSP00000313851 9606.ENSP00000377655 0 0 0 106 147 0 127 276 
9606.ENSP00000313851 9606.ENSP00000263187 0 0 0 103 0 0 93 151 
9606.ENSP00000313851 9606.ENSP00000299821 0 0 0 188 0 0 47 193 
9606.ENSP00000313851 9606.ENSP00000343741 0 0 0 145 0 0 204 291 
9606.ENSP00000313851 9606.ENSP00000386346 0 0 0 0 0 0 173 173 
9606.ENSP00000313851 9606.ENSP00000408617 0 0 0 68 128 0 62 171 
9606.ENSP00000313851 9606.ENSP00000220764 0 0 0 0 0 0 258 258 
9606.ENSP00000313851 9606.ENSP00000377015 0 0 0 0 79 0 157 190 
9606.ENSP00000313851 9606.ENSP00000334675 0 0 0 187 0 900 90 919 
9606.ENSP00000313851 9606.ENSP00000457539 0 0 0 0 0 0 418 418 
9606.ENSP00000313851 9606.ENSP00000378350 0 0 0 120 0 0 202 268 
9606.ENSP00000313851 9606.ENSP00000327197 0 0 0 87 94 0 61 155 
9606.ENSP00000313851 9606.ENSP00000325017 0 0 0 651 0 0 364 769 
9606.ENSP00000313851 9606.ENSP00000362937 0 0 0 145 0 0 58 160 
9606.ENSP00000313851 9606.ENSP00000313420 0 0 0 109 0 0 421 463 
9606.ENSP00000313851 9606.ENSP00000355045 0 0 0 154 0 0 75 185 
9606.ENSP00000313851 9606.ENSP00000417980 0 0 0 249 0 0 63 266 
9606.ENSP00000313851 9606.ENSP00000216911 0 0 0 84 52 0 184 230 
9606.ENSP00000313851 9606.ENSP00000356405 0 0 0 232 0 0 109 286 
9606.ENSP00000313851 9606.ENSP00000360133 0 0 0 61 0 900 0 902 
9606.ENSP00000313851 9606.ENSP00000420161 0 0 0 0 0 0 206 206 
9606.ENSP00000313851 9606.ENSP00000372335 0 0 0 206 0 0 0 206 
9606.ENSP00000313851 9606.ENSP00000385000 0 0 0 108 0 900 0 906 
9606.ENSP00000313851 9606.ENSP00000246912 0 0 0 0 0 0 213 213 
9606.ENSP00000313851 9606.ENSP00000263773 0 0 0 247 0 0 0 247 
9606.ENSP00000313851 9606.ENSP00000465075 0 0 0 62 0 900 0 902 
9606.ENSP00000313851 9606.ENSP00000383682 0 0 0 0 0 0 232 232 
9606.ENSP00000313851 9606.ENSP00000379643 0 0 0 71 0 900 0 903 
9606.ENSP00000313851 9606.ENSP00000317902 0 0 0 64 0 0 472 485 
9606.ENSP00000313851 9606.ENSP00000160827 0 0 0 146 50 0 67 177 
9606.ENSP00000313851 9606.ENSP00000418960 0 0 0 81 0 0 124 160 
9606.ENSP00000313851 9606.ENSP00000241436 0 0 0 63 163 0 115 245 
9606.ENSP00000313851 9606.ENSP00000363822 0 0 0 0 0 0 197 197 
9606.ENSP00000313851 9606.ENSP00000229416 0 0 0 0 0 0 230 230 
9606.ENSP00000313851 9606.ENSP00000400467 0 0 0 45 0 0 173 176 
9606.ENSP00000313851 9606.ENSP00000335082 0 0 0 171 0 0 0 171 
9606.ENSP00000313851 9606.ENSP00000376924 0 0 0 94 0 0 372 406 
9606.ENSP00000313851 9606.ENSP00000265986 0 0 0 91 0 0 199 241 
9606.ENSP00000313851 9606.ENSP00000457411 0 0 0 155 0 0 76 186 
9606.ENSP00000313851 9606.ENSP00000255305 0 0 0 56 0 0 175 188 
9606.ENSP00000313851 9606.ENSP00000395654 0 0 0 212 0 0 109 269 
9606.ENSP00000313851 9606.ENSP00000288207 0 0 0 80 58 900 243 925 
9606.ENSP00000313851 9606.ENSP00000288167 0 0 0 0 0 0 238 238 
9606.ENSP00000313851 9606.ENSP00000342962 0 0 0 62 0 0 141 160 
9606.ENSP00000313851 9606.ENSP00000311778 0 0 0 63 85 0 129 188 
9606.ENSP00000313851 9606.ENSP00000264606 0 0 0 68 128 0 62 171 
9606.ENSP00000313851 9606.ENSP00000371786 0 0 0 0 177 0 51 185 
9606.ENSP00000313851 9606.ENSP00000308405 0 0 0 128 0 0 167 242 
9606.ENSP00000313851 9606.ENSP00000432768 0 0 0 135 50 900 113 917 
9606.ENSP00000313851 9606.ENSP00000164133 0 0 0 62 62 900 64 906 
9606.ENSP00000313851 9606.ENSP00000366962 0 0 0 0 186 0 56 198 
9606.ENSP00000313851 9606.ENSP00000324403 0 0 0 107 0 0 204 258 
9606.ENSP00000313851 9606.ENSP00000266732 0 0 0 286 0 0 0 286 
9606.ENSP00000313851 9606.ENSP00000301071 0 0 0 61 64 0 128 166 
9606.ENSP00000313851 9606.ENSP00000237264 0 0 0 112 0 0 178 239 
9606.ENSP00000313851 9606.ENSP00000349124 0 0 0 180 0 0 0 180 
9606.ENSP00000313851 9606.ENSP00000285298 0 0 0 0 0 0 207 207 
9606.ENSP00000313851 9606.ENSP00000370713 0 0 0 0 0 0 162 162 
9606.ENSP00000313851 9606.ENSP00000320949 0 0 0 219 0 0 0 219 
9606.ENSP00000313851 9606.ENSP00000357555 0 0 0 79 0 900 0 903 
9606.ENSP00000313851 9606.ENSP00000296328 0 0 0 126 0 0 108 187 
9606.ENSP00000313851 9606.ENSP00000257934 0 0 0 437 0 900 695 981 
9606.ENSP00000313851 9606.ENSP00000476046 0 0 0 162 0 0 42 163 
9606.ENSP00000313851 9606.ENSP00000371321 0 0 0 154 185 0 225 419 
9606.ENSP00000313851 9606.ENSP00000370625 0 0 0 133 0 0 164 244 
9606.ENSP00000313851 9606.ENSP00000395929 0 0 0 176 0 0 63 194 
9606.ENSP00000313851 9606.ENSP00000361043 0 0 0 111 0 0 90 156 
9606.ENSP00000313851 9606.ENSP00000379975 0 0 0 0 0 0 338 338 
9606.ENSP00000313851 9606.ENSP00000297540 0 0 0 152 0 0 0 152 
9606.ENSP00000313851 9606.ENSP00000466399 0 0 0 63 0 0 150 169 
9606.ENSP00000313851 9606.ENSP00000418770 0 0 0 0 0 0 217 217 
9606.ENSP00000313851 9606.ENSP00000346725 0 0 0 108 267 0 125 377 
9606.ENSP00000313851 9606.ENSP00000328848 0 0 0 184 0 0 49 190 
9606.ENSP00000313851 9606.ENSP00000247986 0 0 0 171 0 0 0 171 
9606.ENSP00000313851 9606.ENSP00000380378 0 0 0 83 0 900 59 906 
9606.ENSP00000313851 9606.ENSP00000314029 0 0 0 104 94 0 61 171 
9606.ENSP00000313851 9606.ENSP00000295240 0 0 0 0 0 0 642 642 
9606.ENSP00000313851 9606.ENSP00000370125 0 0 0 69 0 0 185 209 
9606.ENSP00000313851 9606.ENSP00000258201 0 0 0 0 0 0 155 155 
9606.ENSP00000313851 9606.ENSP00000362063 0 0 0 341 0 0 50 347 
9606.ENSP00000313851 9606.ENSP00000356814 0 0 0 88 0 0 187 226 
9606.ENSP00000313851 9606.ENSP00000258648 0 0 0 309 0 0 0 309 
9606.ENSP00000313851 9606.ENSP00000326261 0 0 0 244 0 0 50 251 
9606.ENSP00000313851 9606.ENSP00000361875 0 0 0 0 242 0 107 294 
9606.ENSP00000313851 9606.ENSP00000271715 0 0 0 201 0 0 0 201 
9606.ENSP00000313851 9606.ENSP00000311344 0 0 0 62 0 900 0 902 
9606.ENSP00000313851 9606.ENSP00000262041 0 0 0 0 0 0 173 173 
9606.ENSP00000313851 9606.ENSP00000387007 0 0 0 359 0 0 444 628 
9606.ENSP00000313851 9606.ENSP00000275517 0 0 0 55 564 900 612 981 
9606.ENSP00000313851 9606.ENSP00000291386 0 0 0 187 0 0 69 210 
9606.ENSP00000313851 9606.ENSP00000479284 0 0 0 0 185 0 62 202 
9606.ENSP00000313851 9606.ENSP00000321656 0 0 0 62 0 0 158 177 
9606.ENSP00000313851 9606.ENSP00000258428 0 0 0 108 163 0 115 282 
9606.ENSP00000313851 9606.ENSP00000363794 0 0 0 0 0 0 191 191 
9606.ENSP00000313851 9606.ENSP00000314879 0 0 0 0 0 0 201 201 
9606.ENSP00000313851 9606.ENSP00000265260 0 0 0 171 0 0 0 171 
9606.ENSP00000313851 9606.ENSP00000480987 0 0 0 324 50 0 167 419 
9606.ENSP00000313851 9606.ENSP00000436901 0 0 0 159 0 0 0 159 
9606.ENSP00000313851 9606.ENSP00000323421 0 0 0 668 932 900 768 999 
9606.ENSP00000313851 9606.ENSP00000379346 0 0 0 192 0 0 0 192 
9606.ENSP00000313851 9606.ENSP00000346634 0 0 0 184 0 0 0 184 
9606.ENSP00000313851 9606.ENSP00000251871 0 0 0 181 0 0 0 181 
9606.ENSP00000313851 9606.ENSP00000479618 0 0 0 0 99 0 213 260 
9606.ENSP00000313851 9606.ENSP00000391723 0 0 0 165 50 0 0 173 
9606.ENSP00000313851 9606.ENSP00000261965 0 0 0 186 0 0 0 186 
9606.ENSP00000313851 9606.ENSP00000334474 0 0 0 133 85 0 129 248 
9606.ENSP00000313851 9606.ENSP00000359804 0 0 0 264 0 0 0 264 
9606.ENSP00000313851 9606.ENSP00000445831 0 0 0 82 186 0 58 234 
9606.ENSP00000313851 9606.ENSP00000262105 0 0 0 375 0 0 50 381 
9606.ENSP00000313851 9606.ENSP00000393559 0 0 0 0 0 0 163 163 
9606.ENSP00000313851 9606.ENSP00000464050 0 0 0 88 0 0 123 165 
9606.ENSP00000313851 9606.ENSP00000478783 0 0 0 177 0 0 70 201 
9606.ENSP00000313851 9606.ENSP00000435770 0 0 0 0 0 0 521 521 
9606.ENSP00000313851 9606.ENSP00000382071 0 0 0 0 0 0 419 419 
9606.ENSP00000313851 9606.ENSP00000359552 0 0 0 189 0 0 0 189 
9606.ENSP00000313851 9606.ENSP00000318077 0 0 0 64 0 0 130 150 
9606.ENSP00000313851 9606.ENSP00000356825 0 0 0 112 0 0 207 265 
9606.ENSP00000313851 9606.ENSP00000296503 0 0 0 201 0 0 0 201 
9606.ENSP00000313851 9606.ENSP00000484789 0 0 0 119 0 0 75 150 
9606.ENSP00000313851 9606.ENSP00000362649 0 0 0 293 169 0 97 423 
9606.ENSP00000313851 9606.ENSP00000355899 0 0 0 100 0 0 515 544 
9606.ENSP00000313851 9606.ENSP00000340454 0 0 0 0 0 0 480 480 
9606.ENSP00000313851 9606.ENSP00000204615 0 0 0 0 0 0 222 222 
9606.ENSP00000313851 9606.ENSP00000358464 0 0 0 0 0 0 223 223 
9606.ENSP00000313851 9606.ENSP00000304327 0 0 0 0 0 0 249 249 
9606.ENSP00000313851 9606.ENSP00000310129 0 0 0 0 0 0 231 231 
9606.ENSP00000313851 9606.ENSP00000473290 0 0 0 207 0 0 0 207 
9606.ENSP00000313851 9606.ENSP00000472998 0 0 0 91 0 0 227 267 
9606.ENSP00000313851 9606.ENSP00000354957 0 0 0 448 194 0 454 736 
9606.ENSP00000313851 9606.ENSP00000363193 0 0 0 133 0 0 178 257 
9606.ENSP00000313851 9606.ENSP00000359518 0 0 0 107 0 0 170 227 
9606.ENSP00000313851 9606.ENSP00000431391 0 0 0 319 0 0 0 319 
9606.ENSP00000313851 9606.ENSP00000324827 0 0 0 120 0 0 382 432 
9606.ENSP00000313851 9606.ENSP00000295321 0 0 0 159 0 0 49 166 
9606.ENSP00000313851 9606.ENSP00000325290 0 0 0 93 0 0 347 382 
9606.ENSP00000313851 9606.ENSP00000407193 0 0 0 0 0 0 173 173 
9606.ENSP00000313851 9606.ENSP00000348924 0 0 0 0 186 0 56 198 
9606.ENSP00000313851 9606.ENSP00000321744 0 0 0 0 186 0 56 198 
9606.ENSP00000313851 9606.ENSP00000351137 0 0 0 239 0 0 43 241 
9606.ENSP00000313851 9606.ENSP00000287152 0 0 0 144 50 0 67 175 
9606.ENSP00000313851 9606.ENSP00000258770 0 0 0 47 0 0 151 157 
9606.ENSP00000313851 9606.ENSP00000415049 0 0 0 0 0 0 229 229 
9606.ENSP00000313851 9606.ENSP00000247153 0 0 0 87 0 0 169 209 
9606.ENSP00000313851 9606.ENSP00000442924 0 0 0 189 0 0 224 343 
9606.ENSP00000313851 9606.ENSP00000283195 0 0 0 93 0 900 43 905 
9606.ENSP00000313851 9606.ENSP00000281453 0 0 0 0 0 900 0 900 
9606.ENSP00000313851 9606.ENSP00000263694 0 0 0 157 0 0 0 157 
9606.ENSP00000313851 9606.ENSP00000465992 0 0 0 143 52 0 139 240 
9606.ENSP00000313851 9606.ENSP00000244520 0 0 0 157 0 0 0 157 
9606.ENSP00000313851 9606.ENSP00000263239 0 0 0 180 0 0 219 332 
9606.ENSP00000313851 9606.ENSP00000478179 0 0 0 147 0 0 49 154 
9606.ENSP00000313851 9606.ENSP00000364263 0 0 0 0 0 0 159 159 
9606.ENSP00000313851 9606.ENSP00000377601 0 0 0 80 0 0 242 273 
9606.ENSP00000313851 9606.ENSP00000476960 0 0 0 62 0 0 288 303 
9606.ENSP00000313851 9606.ENSP00000378295 0 0 0 61 0 900 149 913 
9606.ENSP00000313851 9606.ENSP00000265990 0 0 0 222 0 0 313 443 
9606.ENSP00000313851 9606.ENSP00000320147 0 0 0 64 0 0 157 177 
9606.ENSP00000313851 9606.ENSP00000480826 0 0 0 62 111 0 137 218 
9606.ENSP00000313851 9606.ENSP00000362674 0 0 0 68 169 0 283 396 
9606.ENSP00000313851 9606.ENSP00000265773 0 0 0 145 0 0 90 188 
9606.ENSP00000313851 9606.ENSP00000323967 0 0 0 187 0 0 104 240 
9606.ENSP00000313851 9606.ENSP00000425634 0 0 0 62 0 0 224 240 
9606.ENSP00000313851 9606.ENSP00000216267 0 0 0 108 0 0 130 190 
9606.ENSP00000313851 9606.ENSP00000288071 0 0 0 165 0 0 0 165 
9606.ENSP00000313851 9606.ENSP00000262460 0 0 0 144 0 0 49 151 
9606.ENSP00000313851 9606.ENSP00000261461 0 0 0 63 62 900 86 908 
9606.ENSP00000313851 9606.ENSP00000482674 0 0 0 0 186 0 0 186 
9606.ENSP00000313851 9606.ENSP00000287598 0 0 0 269 52 900 341 948 
9606.ENSP00000313851 9606.ENSP00000337445 0 0 0 172 0 0 0 172 
9606.ENSP00000313851 9606.ENSP00000298815 0 0 0 0 0 0 163 163 
9606.ENSP00000313851 9606.ENSP00000405574 0 0 0 140 0 0 86 180 
9606.ENSP00000313851 9606.ENSP00000263710 0 0 0 107 0 900 0 906 
9606.ENSP00000313851 9606.ENSP00000278949 0 0 0 0 0 0 401 401 
9606.ENSP00000313851 9606.ENSP00000391397 0 0 0 0 0 0 223 223 
9606.ENSP00000313851 9606.ENSP00000376840 0 0 0 0 0 0 194 194 
9606.ENSP00000313851 9606.ENSP00000450444 0 0 0 0 0 0 151 151 
9606.ENSP00000313851 9606.ENSP00000215793 0 0 0 420 0 0 0 420 
9606.ENSP00000313851 9606.ENSP00000380692 0 0 0 129 0 0 86 169 
9606.ENSP00000313851 9606.ENSP00000255324 0 0 0 96 0 0 136 185 
9606.ENSP00000313851 9606.ENSP00000334998 0 0 0 0 0 0 243 243 
9606.ENSP00000313851 9606.ENSP00000458130 0 0 0 0 0 0 163 163 
9606.ENSP00000313851 9606.ENSP00000419185 0 0 0 0 177 0 51 185 
9606.ENSP00000313851 9606.ENSP00000386414 0 0 0 151 732 0 532 884 
9606.ENSP00000313851 9606.ENSP00000438527 0 0 0 154 0 0 0 154 
9606.ENSP00000313851 9606.ENSP00000350036 0 0 0 266 300 0 445 690 
9606.ENSP00000313851 9606.ENSP00000285116 0 0 0 113 0 900 85 911 
9606.ENSP00000313851 9606.ENSP00000440402 0 0 0 85 56 0 365 403 
9606.ENSP00000313851 9606.ENSP00000370214 0 0 0 0 0 900 0 900 
9606.ENSP00000313851 9606.ENSP00000366618 0 0 0 0 186 0 56 198 
9606.ENSP00000313851 9606.ENSP00000319501 0 0 0 0 0 0 156 156 
9606.ENSP00000313851 9606.ENSP00000297338 0 0 0 398 934 900 708 998 
9606.ENSP00000313851 9606.ENSP00000369716 0 0 0 156 0 0 204 299 
9606.ENSP00000313851 9606.ENSP00000257181 0 0 0 166 0 0 0 166 
9606.ENSP00000313851 9606.ENSP00000348596 0 0 0 144 0 0 514 566 
9606.ENSP00000313851 9606.ENSP00000255087 0 0 0 307 0 0 0 307 
9606.ENSP00000313851 9606.ENSP00000471683 0 0 0 0 0 0 422 422 
9606.ENSP00000313851 9606.ENSP00000362763 0 0 0 63 0 0 138 157 
9606.ENSP00000313851 9606.ENSP00000338475 0 0 0 0 0 0 284 284 
9606.ENSP00000313851 9606.ENSP00000319104 0 0 0 167 0 0 0 167 
9606.ENSP00000313851 9606.ENSP00000261716 0 0 0 88 0 900 0 904 
9606.ENSP00000313851 9606.ENSP00000484638 0 0 0 62 0 0 136 155 
9606.ENSP00000313851 9606.ENSP00000420306 0 0 0 189 0 0 0 189 
9606.ENSP00000313851 9606.ENSP00000376658 0 0 0 0 0 0 205 205 
9606.ENSP00000313851 9606.ENSP00000347232 0 0 0 197 0 0 81 230 
9606.ENSP00000313851 9606.ENSP00000375081 0 0 0 55 0 0 144 156 
9606.ENSP00000313851 9606.ENSP00000243578 0 0 0 0 0 900 0 900 
9606.ENSP00000313851 9606.ENSP00000319788 0 0 0 0 0 0 186 186 
9606.ENSP00000313851 9606.ENSP00000359258 0 0 0 0 0 0 247 247 
9606.ENSP00000313851 9606.ENSP00000271732 0 0 0 0 0 0 177 177 
9606.ENSP00000313851 9606.ENSP00000392028 0 0 0 113 0 0 189 250 
9606.ENSP00000313851 9606.ENSP00000254942 0 0 0 145 0 0 102 199 
9606.ENSP00000313851 9606.ENSP00000342262 0 0 0 73 0 900 0 903 
9606.ENSP00000313851 9606.ENSP00000416015 0 0 0 61 0 0 380 393 
9606.ENSP00000313851 9606.ENSP00000367038 0 0 0 61 0 0 167 184 
9606.ENSP00000313851 9606.ENSP00000261867 0 0 0 0 185 0 0 185 
9606.ENSP00000313851 9606.ENSP00000261531 0 0 0 201 0 0 0 201 
9606.ENSP00000313851 9606.ENSP00000446271 0 0 0 183 0 0 0 183 
9606.ENSP00000313851 9606.ENSP00000484105 0 0 0 152 0 0 0 152 
9606.ENSP00000313851 9606.ENSP00000369411 0 0 0 120 0 0 251 313 
9606.ENSP00000313851 9606.ENSP00000301072 0 0 0 65 64 0 128 171 
9606.ENSP00000313851 9606.ENSP00000345412 0 0 0 178 0 0 0 178 
9606.ENSP00000313851 9606.ENSP00000378784 0 0 0 82 0 0 118 155 
9606.ENSP00000313851 9606.ENSP00000270861 0 0 0 257 157 0 138 413 
9606.ENSP00000313851 9606.ENSP00000322180 0 0 0 182 64 0 100 250 
9606.ENSP00000313851 9606.ENSP00000334872 0 0 0 0 0 0 229 229 
9606.ENSP00000313851 9606.ENSP00000371811 0 0 0 181 0 0 0 181 
9606.ENSP00000313851 9606.ENSP00000382717 0 0 0 0 0 0 158 158 
9606.ENSP00000313851 9606.ENSP00000258962 0 0 0 90 0 0 165 208 
9606.ENSP00000313851 9606.ENSP00000366798 0 0 0 113 0 0 215 274 
9606.ENSP00000313851 9606.ENSP00000429084 0 0 0 237 0 0 57 250 
9606.ENSP00000313851 9606.ENSP00000369424 0 0 0 133 0 0 111 196 
9606.ENSP00000313851 9606.ENSP00000261427 0 0 0 72 81 0 117 181 
9606.ENSP00000313851 9606.ENSP00000480158 0 0 0 157 0 0 143 247 
9606.ENSP00000313851 9606.ENSP00000215980 0 0 0 0 0 900 0 900 
9606.ENSP00000313851 9606.ENSP00000231790 0 0 0 169 0 0 350 437 
9606.ENSP00000313851 9606.ENSP00000384197 0 0 0 0 0 0 492 492 
9606.ENSP00000313851 9606.ENSP00000477590 0 0 0 66 0 0 244 265 
9606.ENSP00000313851 9606.ENSP00000347767 0 0 0 63 0 0 163 182 
9606.ENSP00000313851 9606.ENSP00000370741 0 0 0 152 0 0 0 152 
9606.ENSP00000313851 9606.ENSP00000336741 0 0 0 203 0 0 0 203 
9606.ENSP00000313851 9606.ENSP00000360793 0 0 0 255 0 0 100 301 
9606.ENSP00000313851 9606.ENSP00000313829 0 0 0 182 0 0 187 307 
9606.ENSP00000313851 9606.ENSP00000408411 0 0 0 0 386 0 0 386 
9606.ENSP00000313851 9606.ENSP00000298139 0 0 0 188 0 0 81 221 
9606.ENSP00000313851 9606.ENSP00000385215 0 0 0 81 0 0 144 179 
9606.ENSP00000313851 9606.ENSP00000261900 0 0 0 180 0 0 0 180 
9606.ENSP00000313851 9606.ENSP00000358727 0 0 0 0 0 0 167 167 
9606.ENSP00000313851 9606.ENSP00000309555 0 0 0 154 0 0 0 154 
9606.ENSP00000313851 9606.ENSP00000382697 0 0 0 88 63 0 105 168 
9606.ENSP00000313851 9606.ENSP00000283875 0 0 0 273 0 0 0 273 
9606.ENSP00000313851 9606.ENSP00000258198 0 0 0 61 0 900 47 902 
9606.ENSP00000313851 9606.ENSP00000330587 0 0 0 0 0 0 236 236 
9606.ENSP00000313851 9606.ENSP00000347648 0 0 0 0 0 0 163 163 
