9606.ENSP00000255608 9606.ENSP00000419153 0 0 0 0 109 0 183 240 
9606.ENSP00000255608 9606.ENSP00000357226 0 0 0 0 0 0 354 354 
9606.ENSP00000255608 9606.ENSP00000263182 0 0 0 0 0 0 245 245 
9606.ENSP00000255608 9606.ENSP00000355279 0 0 0 0 0 0 462 462 
9606.ENSP00000255608 9606.ENSP00000264595 0 0 0 61 0 0 373 386 
9606.ENSP00000255608 9606.ENSP00000248929 0 0 0 84 0 0 284 316 
9606.ENSP00000255608 9606.ENSP00000291182 0 0 0 0 109 0 211 266 
9606.ENSP00000255608 9606.ENSP00000250896 0 5 0 84 0 0 264 298 
9606.ENSP00000255608 9606.ENSP00000386135 0 0 0 0 158 0 0 158 
9606.ENSP00000255608 9606.ENSP00000319192 0 0 0 0 158 0 0 158 
9606.ENSP00000255608 9606.ENSP00000344989 0 0 0 0 0 0 428 428 
9606.ENSP00000255608 9606.ENSP00000281708 0 0 0 55 0 540 44 548 
9606.ENSP00000255608 9606.ENSP00000265094 0 0 0 63 0 540 0 550 
9606.ENSP00000255608 9606.ENSP00000431512 0 0 0 97 0 0 98 150 
9606.ENSP00000255608 9606.ENSP00000318480 0 0 0 0 0 0 181 181 
9606.ENSP00000255608 9606.ENSP00000416750 0 0 0 0 158 0 0 158 
9606.ENSP00000255608 9606.ENSP00000294119 0 0 0 0 165 0 0 165 
9606.ENSP00000255608 9606.ENSP00000318770 0 0 0 0 0 0 153 153 
9606.ENSP00000255608 9606.ENSP00000210313 0 0 0 0 167 0 0 167 
9606.ENSP00000255608 9606.ENSP00000379566 0 0 0 64 0 0 134 155 
9606.ENSP00000255608 9606.ENSP00000407545 0 0 0 87 109 0 0 151 
9606.ENSP00000255608 9606.ENSP00000331682 0 0 0 91 0 0 163 207 
9606.ENSP00000255608 9606.ENSP00000346240 0 0 0 64 0 540 0 551 
9606.ENSP00000255608 9606.ENSP00000379612 0 0 0 0 0 0 223 223 
9606.ENSP00000255608 9606.ENSP00000361524 0 0 0 0 219 0 0 219 
9606.ENSP00000255608 9606.ENSP00000435412 0 0 0 63 0 0 396 410 
9606.ENSP00000255608 9606.ENSP00000428205 0 0 0 51 0 540 0 544 
9606.ENSP00000255608 9606.ENSP00000343325 0 0 0 154 0 0 0 154 
9606.ENSP00000255608 9606.ENSP00000263207 0 0 0 88 0 0 129 171 
9606.ENSP00000255608 9606.ENSP00000343899 0 0 0 0 0 0 415 415 
9606.ENSP00000255608 9606.ENSP00000433146 0 0 0 61 0 540 0 549 
9606.ENSP00000255608 9606.ENSP00000369666 0 0 0 137 0 540 0 586 
9606.ENSP00000255608 9606.ENSP00000372274 0 0 0 0 0 540 0 540 
9606.ENSP00000255608 9606.ENSP00000170168 0 0 0 151 0 0 558 609 
9606.ENSP00000255608 9606.ENSP00000263674 0 0 0 95 0 0 107 157 
9606.ENSP00000255608 9606.ENSP00000384886 0 0 0 0 0 0 169 169 
9606.ENSP00000255608 9606.ENSP00000441726 0 0 0 0 0 0 694 694 
9606.ENSP00000255608 9606.ENSP00000468032 0 0 0 79 0 0 122 157 
9606.ENSP00000255608 9606.ENSP00000369777 0 0 0 102 109 0 0 165 
9606.ENSP00000255608 9606.ENSP00000232974 0 0 0 88 109 0 0 152 
9606.ENSP00000255608 9606.ENSP00000206595 0 0 0 0 0 0 202 202 
9606.ENSP00000255608 9606.ENSP00000356641 0 0 0 0 166 0 117 232 
9606.ENSP00000255608 9606.ENSP00000385616 0 0 0 106 0 0 227 280 
9606.ENSP00000255608 9606.ENSP00000349860 0 0 0 0 0 0 210 210 
9606.ENSP00000255608 9606.ENSP00000381698 0 0 0 219 0 0 0 219 
9606.ENSP00000255608 9606.ENSP00000230122 0 0 0 0 109 0 227 281 
9606.ENSP00000255608 9606.ENSP00000255120 0 0 0 0 0 0 317 317 
9606.ENSP00000255608 9606.ENSP00000427695 0 0 0 64 0 0 213 231 
9606.ENSP00000255608 9606.ENSP00000343930 0 0 0 96 0 0 187 234 
9606.ENSP00000255608 9606.ENSP00000355658 0 0 0 69 0 0 188 211 
9606.ENSP00000255608 9606.ENSP00000334840 0 0 0 0 0 0 173 173 
9606.ENSP00000255608 9606.ENSP00000221086 0 0 0 0 0 0 210 210 
9606.ENSP00000255608 9606.ENSP00000394484 0 0 0 0 158 0 0 158 
9606.ENSP00000255608 9606.ENSP00000405699 0 0 0 89 109 0 0 153 
9606.ENSP00000255608 9606.ENSP00000343126 0 0 0 0 0 0 161 161 
9606.ENSP00000255608 9606.ENSP00000340736 0 0 0 0 0 0 173 173 
9606.ENSP00000255608 9606.ENSP00000356652 0 0 0 0 0 360 0 360 
9606.ENSP00000255608 9606.ENSP00000478557 0 0 0 96 109 0 0 160 
9606.ENSP00000255608 9606.ENSP00000277554 0 0 0 68 109 0 204 281 
9606.ENSP00000255608 9606.ENSP00000406261 0 0 0 61 0 0 175 192 
9606.ENSP00000255608 9606.ENSP00000418751 0 0 0 55 0 540 75 562 
9606.ENSP00000255608 9606.ENSP00000311684 0 0 0 60 159 0 0 175 
9606.ENSP00000255608 9606.ENSP00000232744 0 0 0 87 0 540 312 686 
9606.ENSP00000255608 9606.ENSP00000228820 0 0 0 0 0 0 226 226 
9606.ENSP00000255608 9606.ENSP00000354206 0 0 0 76 109 0 294 367 
9606.ENSP00000255608 9606.ENSP00000259239 0 0 0 0 0 0 315 315 
9606.ENSP00000255608 9606.ENSP00000451000 0 0 0 49 109 0 207 269 
9606.ENSP00000255608 9606.ENSP00000364864 0 0 0 0 0 0 211 211 
9606.ENSP00000255608 9606.ENSP00000339299 0 0 0 0 158 0 0 158 
9606.ENSP00000255608 9606.ENSP00000198767 0 0 0 0 0 0 173 173 
9606.ENSP00000255608 9606.ENSP00000308318 0 0 0 0 0 0 173 173 
9606.ENSP00000255608 9606.ENSP00000462269 0 0 0 0 109 0 131 192 
9606.ENSP00000255608 9606.ENSP00000465676 0 0 0 0 0 0 175 175 
9606.ENSP00000255608 9606.ENSP00000350512 0 0 0 62 827 0 0 830 
9606.ENSP00000255608 9606.ENSP00000482749 0 0 0 0 109 0 212 267 
9606.ENSP00000255608 9606.ENSP00000359489 0 0 0 0 0 0 193 193 
9606.ENSP00000255608 9606.ENSP00000365961 0 0 0 0 0 540 0 540 
9606.ENSP00000255608 9606.ENSP00000259486 0 0 0 61 0 0 165 182 
9606.ENSP00000255608 9606.ENSP00000280098 0 0 0 62 0 540 0 550 
9606.ENSP00000255608 9606.ENSP00000250974 0 0 0 157 0 0 0 157 
9606.ENSP00000255608 9606.ENSP00000262293 0 0 0 0 0 0 173 173 
9606.ENSP00000255608 9606.ENSP00000313582 0 0 0 0 109 0 171 230 
9606.ENSP00000255608 9606.ENSP00000442973 0 0 0 89 159 0 0 201 
9606.ENSP00000255608 9606.ENSP00000261891 0 0 0 0 158 0 0 158 
9606.ENSP00000255608 9606.ENSP00000252744 0 0 0 0 0 0 375 375 
9606.ENSP00000255608 9606.ENSP00000356224 0 0 0 0 0 0 173 173 
9606.ENSP00000255608 9606.ENSP00000370196 0 0 0 151 0 0 0 151 
9606.ENSP00000255608 9606.ENSP00000294964 0 0 0 62 0 0 389 403 
9606.ENSP00000255608 9606.ENSP00000346340 0 0 0 0 823 0 0 823 
9606.ENSP00000255608 9606.ENSP00000369440 0 0 0 0 0 0 468 468 
9606.ENSP00000255608 9606.ENSP00000381717 0 0 0 61 0 0 527 536 
9606.ENSP00000255608 9606.ENSP00000469089 0 0 0 88 109 0 0 152 
9606.ENSP00000255608 9606.ENSP00000281623 0 0 0 0 0 540 0 540 
9606.ENSP00000255608 9606.ENSP00000297988 0 0 0 0 0 0 300 300 
9606.ENSP00000255608 9606.ENSP00000286713 0 0 0 0 0 0 165 165 
9606.ENSP00000255608 9606.ENSP00000480401 0 0 0 107 109 0 0 170 
9606.ENSP00000255608 9606.ENSP00000338671 0 0 0 0 0 0 223 223 
9606.ENSP00000255608 9606.ENSP00000380524 0 0 0 0 158 0 0 158 
9606.ENSP00000255608 9606.ENSP00000264639 0 0 0 69 0 0 199 222 
9606.ENSP00000255608 9606.ENSP00000367638 0 0 0 0 0 0 173 173 
9606.ENSP00000255608 9606.ENSP00000417686 0 0 0 0 0 0 169 169 
9606.ENSP00000255608 9606.ENSP00000367440 0 0 0 0 309 0 0 309 
9606.ENSP00000255608 9606.ENSP00000351132 0 0 0 0 0 0 209 209 
9606.ENSP00000255608 9606.ENSP00000373905 0 0 0 69 0 0 218 241 
9606.ENSP00000255608 9606.ENSP00000326804 0 0 0 62 0 540 198 623 
9606.ENSP00000255608 9606.ENSP00000466907 0 0 0 88 109 0 0 152 
9606.ENSP00000255608 9606.ENSP00000388864 0 0 0 0 109 0 188 245 
9606.ENSP00000255608 9606.ENSP00000302961 0 0 0 0 0 0 263 263 
9606.ENSP00000255608 9606.ENSP00000301956 0 0 0 0 0 0 205 205 
9606.ENSP00000255608 9606.ENSP00000424198 0 0 0 0 0 0 208 208 
9606.ENSP00000255608 9606.ENSP00000369373 0 0 0 0 313 0 904 931 
9606.ENSP00000255608 9606.ENSP00000331305 0 0 0 64 0 0 226 244 
9606.ENSP00000255608 9606.ENSP00000257749 0 0 0 0 0 0 309 309 
9606.ENSP00000255608 9606.ENSP00000385995 0 0 0 0 0 0 194 194 
9606.ENSP00000255608 9606.ENSP00000423897 0 0 0 0 0 0 198 198 
9606.ENSP00000255608 9606.ENSP00000386959 0 0 0 0 158 0 0 158 
9606.ENSP00000255608 9606.ENSP00000309794 0 0 0 73 0 0 152 181 
9606.ENSP00000255608 9606.ENSP00000370555 0 0 0 0 0 0 173 173 
9606.ENSP00000255608 9606.ENSP00000292180 0 0 0 0 0 0 309 309 
9606.ENSP00000255608 9606.ENSP00000384160 0 0 0 0 0 0 398 398 
9606.ENSP00000255608 9606.ENSP00000280758 0 0 0 0 0 540 0 540 
9606.ENSP00000255608 9606.ENSP00000484343 0 0 0 0 0 0 171 171 
9606.ENSP00000255608 9606.ENSP00000255448 0 0 0 0 158 0 0 158 
9606.ENSP00000255608 9606.ENSP00000354522 0 0 0 0 379 0 922 949 
9606.ENSP00000255608 9606.ENSP00000354238 0 0 0 61 0 0 175 192 
9606.ENSP00000255608 9606.ENSP00000427926 0 0 0 76 0 0 223 251 
9606.ENSP00000255608 9606.ENSP00000484912 0 0 0 0 158 0 0 158 
9606.ENSP00000255608 9606.ENSP00000291041 0 0 0 69 159 0 0 183 
9606.ENSP00000255608 9606.ENSP00000353904 0 0 0 59 0 0 203 217 
9606.ENSP00000255608 9606.ENSP00000338345 0 0 0 61 0 0 144 161 
9606.ENSP00000255608 9606.ENSP00000216225 0 0 0 0 0 540 248 639 
9606.ENSP00000255608 9606.ENSP00000298352 0 0 0 0 159 0 0 159 
9606.ENSP00000255608 9606.ENSP00000304102 0 0 0 61 828 0 0 831 
9606.ENSP00000255608 9606.ENSP00000263381 0 0 0 88 109 0 0 152 
9606.ENSP00000255608 9606.ENSP00000481185 0 0 0 0 0 0 355 355 
9606.ENSP00000255608 9606.ENSP00000269701 0 0 0 0 0 0 335 335 
9606.ENSP00000255608 9606.ENSP00000484288 0 0 0 0 0 0 311 311 
9606.ENSP00000255608 9606.ENSP00000295934 0 0 0 0 0 0 271 271 
9606.ENSP00000255608 9606.ENSP00000293805 0 0 0 0 109 0 264 316 
9606.ENSP00000255608 9606.ENSP00000471536 0 0 0 0 0 0 334 334 
9606.ENSP00000255608 9606.ENSP00000275815 0 0 0 0 0 0 242 242 
9606.ENSP00000255608 9606.ENSP00000329033 0 0 0 0 0 0 224 224 
9606.ENSP00000255608 9606.ENSP00000455507 0 0 0 66 159 0 0 180 
9606.ENSP00000255608 9606.ENSP00000369299 0 0 0 0 0 0 412 412 
9606.ENSP00000255608 9606.ENSP00000405950 0 0 0 65 159 0 0 180 
9606.ENSP00000255608 9606.ENSP00000282356 0 0 0 0 158 0 0 158 
9606.ENSP00000255608 9606.ENSP00000437621 0 0 0 0 0 0 264 264 
9606.ENSP00000255608 9606.ENSP00000370671 0 0 0 0 0 0 300 300 
9606.ENSP00000255608 9606.ENSP00000455215 0 0 0 0 0 0 244 244 
9606.ENSP00000255608 9606.ENSP00000309141 0 0 0 0 0 0 230 230 
9606.ENSP00000255608 9606.ENSP00000332325 0 0 0 70 0 0 230 253 
9606.ENSP00000255608 9606.ENSP00000256460 0 0 0 0 158 0 0 158 
9606.ENSP00000255608 9606.ENSP00000359206 0 0 0 63 0 540 0 550 
9606.ENSP00000255608 9606.ENSP00000478121 0 0 0 0 0 0 167 167 
9606.ENSP00000255608 9606.ENSP00000311196 0 0 0 0 0 0 161 161 
9606.ENSP00000255608 9606.ENSP00000286398 0 0 0 0 0 0 336 336 
9606.ENSP00000255608 9606.ENSP00000369335 0 0 0 0 0 540 0 540 
9606.ENSP00000255608 9606.ENSP00000258873 0 0 0 0 0 0 207 207 
9606.ENSP00000255608 9606.ENSP00000483921 0 0 0 0 0 0 250 250 
9606.ENSP00000255608 9606.ENSP00000384115 0 0 0 78 0 0 195 226 
9606.ENSP00000255608 9606.ENSP00000216277 0 0 0 0 0 0 225 225 
9606.ENSP00000255608 9606.ENSP00000478212 0 0 0 57 0 0 206 219 
9606.ENSP00000255608 9606.ENSP00000433102 0 0 0 201 0 0 83 236 
9606.ENSP00000255608 9606.ENSP00000264389 0 0 0 0 165 0 0 165 
9606.ENSP00000255608 9606.ENSP00000321848 0 0 0 0 109 0 151 211 
9606.ENSP00000255608 9606.ENSP00000219782 0 0 0 102 109 0 0 165 
9606.ENSP00000255608 9606.ENSP00000472305 0 0 0 156 109 0 0 216 
9606.ENSP00000255608 9606.ENSP00000247706 0 0 0 171 0 0 0 171 
9606.ENSP00000255608 9606.ENSP00000475615 0 0 0 0 0 0 250 250 
9606.ENSP00000255608 9606.ENSP00000359149 0 0 0 51 0 540 0 544 
9606.ENSP00000255608 9606.ENSP00000310686 0 0 0 0 0 360 0 360 
9606.ENSP00000255608 9606.ENSP00000355374 0 0 0 0 280 0 0 280 
9606.ENSP00000255608 9606.ENSP00000364677 0 0 0 99 109 0 0 162 
9606.ENSP00000255608 9606.ENSP00000293771 0 0 0 112 109 0 0 174 
9606.ENSP00000255608 9606.ENSP00000262752 0 0 0 62 0 0 168 186 
9606.ENSP00000255608 9606.ENSP00000253079 0 0 0 78 0 0 175 206 
9606.ENSP00000255608 9606.ENSP00000273480 0 0 0 0 0 540 0 540 
9606.ENSP00000255608 9606.ENSP00000415106 0 0 0 0 0 540 0 540 
9606.ENSP00000255608 9606.ENSP00000302194 0 0 0 63 0 0 151 170 
9606.ENSP00000255608 9606.ENSP00000263904 0 0 0 0 0 0 335 335 
9606.ENSP00000255608 9606.ENSP00000448955 0 0 0 0 0 0 167 167 
9606.ENSP00000255608 9606.ENSP00000363162 0 0 0 0 0 0 150 150 
9606.ENSP00000255608 9606.ENSP00000335261 0 0 0 0 0 0 250 250 
9606.ENSP00000255608 9606.ENSP00000244426 0 0 0 0 0 540 0 540 
9606.ENSP00000255608 9606.ENSP00000359042 0 0 0 0 0 0 195 195 
9606.ENSP00000255608 9606.ENSP00000250916 0 0 0 98 109 0 0 161 
9606.ENSP00000255608 9606.ENSP00000387078 0 0 0 55 0 0 686 690 
9606.ENSP00000255608 9606.ENSP00000251507 0 0 0 50 0 0 176 183 
9606.ENSP00000255608 9606.ENSP00000467423 0 0 0 0 0 0 308 308 
9606.ENSP00000255608 9606.ENSP00000462099 0 0 0 0 0 0 232 232 
9606.ENSP00000255608 9606.ENSP00000347834 0 0 0 61 0 540 0 549 
9606.ENSP00000255608 9606.ENSP00000253008 0 0 0 0 0 0 328 328 
9606.ENSP00000255608 9606.ENSP00000215368 0 0 0 0 0 0 301 301 
9606.ENSP00000255608 9606.ENSP00000268717 0 0 0 0 825 0 0 825 
9606.ENSP00000255608 9606.ENSP00000364976 0 0 0 0 0 540 0 540 
9606.ENSP00000255608 9606.ENSP00000377001 0 0 0 62 0 540 47 552 
9606.ENSP00000255608 9606.ENSP00000483236 0 0 0 0 0 0 163 163 
9606.ENSP00000255608 9606.ENSP00000450337 0 0 0 49 0 0 399 404 
9606.ENSP00000255608 9606.ENSP00000376035 0 0 0 0 109 0 439 479 
9606.ENSP00000255608 9606.ENSP00000418001 0 0 0 63 0 0 167 186 
9606.ENSP00000255608 9606.ENSP00000326581 0 0 0 0 109 0 138 199 
9606.ENSP00000255608 9606.ENSP00000356480 0 0 0 0 0 0 198 198 
9606.ENSP00000255608 9606.ENSP00000380702 0 0 0 0 0 0 322 322 
9606.ENSP00000255608 9606.ENSP00000009105 0 0 0 0 158 0 0 158 
9606.ENSP00000255608 9606.ENSP00000415430 0 0 0 0 0 0 154 154 
9606.ENSP00000255608 9606.ENSP00000483333 0 0 0 0 0 0 347 347 
9606.ENSP00000255608 9606.ENSP00000267294 0 0 0 0 109 0 105 168 
9606.ENSP00000255608 9606.ENSP00000344242 0 0 0 0 0 0 203 203 
9606.ENSP00000255608 9606.ENSP00000238667 0 0 0 0 0 0 155 155 
9606.ENSP00000255608 9606.ENSP00000365944 0 0 0 0 0 540 0 540 
9606.ENSP00000255608 9606.ENSP00000262306 0 0 0 0 0 0 191 191 
9606.ENSP00000255608 9606.ENSP00000353332 0 0 0 76 0 0 480 499 
9606.ENSP00000255608 9606.ENSP00000345292 0 0 0 0 0 0 301 301 
9606.ENSP00000255608 9606.ENSP00000469591 0 0 0 98 109 0 0 161 
9606.ENSP00000255608 9606.ENSP00000276616 0 0 0 0 158 0 0 158 
9606.ENSP00000255608 9606.ENSP00000295756 0 0 0 0 0 0 293 293 
9606.ENSP00000255608 9606.ENSP00000420270 0 0 0 0 158 0 0 158 
9606.ENSP00000255608 9606.ENSP00000339764 0 0 0 0 109 0 143 203 
9606.ENSP00000255608 9606.ENSP00000263955 0 0 0 0 158 0 0 158 
9606.ENSP00000255608 9606.ENSP00000205402 0 0 0 0 0 0 211 211 
9606.ENSP00000255608 9606.ENSP00000338157 0 0 0 0 321 0 185 423 
9606.ENSP00000255608 9606.ENSP00000263256 0 0 0 64 168 0 0 187 
9606.ENSP00000255608 9606.ENSP00000258399 0 0 0 0 0 0 219 219 
9606.ENSP00000255608 9606.ENSP00000312778 0 0 0 0 0 0 389 389 
9606.ENSP00000255608 9606.ENSP00000445359 0 0 0 62 0 0 196 214 
9606.ENSP00000255608 9606.ENSP00000216554 0 0 0 0 0 0 235 235 
9606.ENSP00000255608 9606.ENSP00000224862 0 0 0 75 0 540 0 556 
9606.ENSP00000255608 9606.ENSP00000442464 0 0 0 0 0 0 416 416 
9606.ENSP00000255608 9606.ENSP00000306124 0 0 0 60 0 0 247 262 
9606.ENSP00000255608 9606.ENSP00000382004 0 0 0 0 0 0 223 223 
9606.ENSP00000255608 9606.ENSP00000361634 0 0 0 161 0 0 0 161 
9606.ENSP00000255608 9606.ENSP00000364265 0 0 0 0 0 0 227 227 
9606.ENSP00000255608 9606.ENSP00000254436 0 0 0 0 0 0 296 296 
9606.ENSP00000255608 9606.ENSP00000252804 0 0 0 0 0 0 190 190 
9606.ENSP00000255608 9606.ENSP00000310841 0 0 0 65 0 540 0 551 
9606.ENSP00000255608 9606.ENSP00000285737 0 0 0 0 0 0 451 451 
9606.ENSP00000255608 9606.ENSP00000272348 0 0 0 0 0 0 224 224 
9606.ENSP00000255608 9606.ENSP00000334448 0 0 0 0 0 0 239 239 
9606.ENSP00000255608 9606.ENSP00000345024 0 0 0 123 109 0 0 185 
9606.ENSP00000255608 9606.ENSP00000378288 0 0 0 0 158 0 0 158 
9606.ENSP00000255608 9606.ENSP00000439534 0 0 0 0 0 0 221 221 
9606.ENSP00000255608 9606.ENSP00000477706 0 0 0 98 109 0 0 161 
9606.ENSP00000255608 9606.ENSP00000222792 0 0 0 49 0 0 458 462 
9606.ENSP00000255608 9606.ENSP00000274643 0 0 0 0 158 0 0 158 
9606.ENSP00000255608 9606.ENSP00000303887 0 0 0 0 158 0 0 158 
9606.ENSP00000255608 9606.ENSP00000356476 0 0 0 0 0 0 398 398 
9606.ENSP00000255608 9606.ENSP00000346916 0 0 0 0 0 0 470 470 
9606.ENSP00000255608 9606.ENSP00000292431 0 0 0 96 109 0 0 160 
9606.ENSP00000255608 9606.ENSP00000386710 0 0 0 65 0 0 204 223 
9606.ENSP00000255608 9606.ENSP00000386741 0 0 0 49 0 0 165 171 
9606.ENSP00000255608 9606.ENSP00000302189 0 0 0 0 0 0 178 178 
9606.ENSP00000255608 9606.ENSP00000478874 0 0 0 0 158 0 0 158 
9606.ENSP00000255608 9606.ENSP00000261875 0 0 0 0 0 0 406 406 
9606.ENSP00000255608 9606.ENSP00000368984 0 0 0 0 0 0 151 151 
9606.ENSP00000255608 9606.ENSP00000393316 0 0 0 0 0 0 551 551 
9606.ENSP00000255608 9606.ENSP00000295824 0 0 0 0 158 0 0 158 
9606.ENSP00000255608 9606.ENSP00000305422 0 0 0 0 0 0 166 166 
9606.ENSP00000255608 9606.ENSP00000362937 0 0 0 61 0 0 256 271 
9606.ENSP00000255608 9606.ENSP00000365162 0 0 0 0 158 0 0 158 
9606.ENSP00000255608 9606.ENSP00000483134 0 0 0 148 109 0 0 208 
9606.ENSP00000255608 9606.ENSP00000423630 0 0 0 0 0 540 0 540 
9606.ENSP00000255608 9606.ENSP00000323670 0 0 0 78 109 0 55 156 
9606.ENSP00000255608 9606.ENSP00000401802 0 0 0 0 0 0 163 163 
9606.ENSP00000255608 9606.ENSP00000369318 0 0 0 0 0 0 203 203 
9606.ENSP00000255608 9606.ENSP00000313034 0 0 0 165 0 540 0 599 
9606.ENSP00000255608 9606.ENSP00000444596 0 0 0 0 0 0 202 202 
9606.ENSP00000255608 9606.ENSP00000311778 0 0 0 87 0 0 174 213 
9606.ENSP00000255608 9606.ENSP00000384015 0 0 0 62 0 0 132 151 
9606.ENSP00000255608 9606.ENSP00000355938 0 0 0 0 0 0 155 155 
9606.ENSP00000255608 9606.ENSP00000274255 0 0 0 50 0 540 86 565 
9606.ENSP00000255608 9606.ENSP00000305777 0 0 0 59 0 0 203 217 
9606.ENSP00000255608 9606.ENSP00000264414 0 0 0 63 373 0 437 640 
9606.ENSP00000255608 9606.ENSP00000299871 0 0 0 0 109 0 193 250 
9606.ENSP00000255608 9606.ENSP00000257951 0 0 0 0 0 0 347 347 
9606.ENSP00000255608 9606.ENSP00000393795 0 0 0 88 138 0 0 180 
9606.ENSP00000255608 9606.ENSP00000417601 0 0 0 0 0 540 0 540 
9606.ENSP00000255608 9606.ENSP00000292853 0 0 0 0 0 540 0 540 
9606.ENSP00000255608 9606.ENSP00000376337 0 0 0 67 0 540 79 570 
9606.ENSP00000255608 9606.ENSP00000338774 0 0 0 0 109 0 120 183 
9606.ENSP00000255608 9606.ENSP00000363603 0 0 0 0 0 0 158 158 
9606.ENSP00000255608 9606.ENSP00000334474 0 0 0 0 0 0 339 339 
9606.ENSP00000255608 9606.ENSP00000299259 0 0 0 0 828 0 0 828 
9606.ENSP00000255608 9606.ENSP00000259806 0 0 0 0 0 0 187 187 
9606.ENSP00000255608 9606.ENSP00000262895 0 0 0 69 0 0 154 179 
9606.ENSP00000255608 9606.ENSP00000384537 0 0 0 0 0 0 165 165 
9606.ENSP00000255608 9606.ENSP00000293677 0 0 0 151 0 0 0 151 
9606.ENSP00000255608 9606.ENSP00000355613 0 0 0 63 0 0 281 297 
9606.ENSP00000255608 9606.ENSP00000367938 0 0 0 0 0 0 229 229 
9606.ENSP00000255608 9606.ENSP00000384371 0 0 0 0 109 0 105 168 
9606.ENSP00000255608 9606.ENSP00000421326 0 0 0 62 0 0 212 230 
9606.ENSP00000255608 9606.ENSP00000222254 0 0 0 160 0 0 0 160 
9606.ENSP00000255608 9606.ENSP00000247930 0 0 0 98 109 0 0 161 
9606.ENSP00000255608 9606.ENSP00000298288 0 0 0 0 0 0 215 215 
9606.ENSP00000255608 9606.ENSP00000314608 0 0 0 0 0 540 149 591 
9606.ENSP00000255608 9606.ENSP00000280187 0 0 0 0 0 0 228 228 
9606.ENSP00000255608 9606.ENSP00000348849 0 0 0 0 0 0 193 193 
9606.ENSP00000255608 9606.ENSP00000370419 0 0 0 0 0 0 175 175 
9606.ENSP00000255608 9606.ENSP00000456868 0 0 0 0 0 0 221 221 
9606.ENSP00000255608 9606.ENSP00000452552 0 0 0 0 109 0 88 152 
9606.ENSP00000255608 9606.ENSP00000410157 0 0 0 0 0 540 0 540 
9606.ENSP00000255608 9606.ENSP00000344866 0 0 0 0 0 540 0 540 
9606.ENSP00000255608 9606.ENSP00000414055 0 0 0 83 0 0 573 592 
9606.ENSP00000255608 9606.ENSP00000446335 0 0 0 65 109 0 359 419 
9606.ENSP00000255608 9606.ENSP00000266087 0 0 0 0 0 540 0 540 
9606.ENSP00000255608 9606.ENSP00000349156 0 0 0 0 0 0 269 269 
9606.ENSP00000255608 9606.ENSP00000233078 0 0 0 62 0 0 283 298 
9606.ENSP00000255608 9606.ENSP00000305204 0 0 0 0 0 0 194 194 
9606.ENSP00000255608 9606.ENSP00000367939 0 0 0 0 0 0 242 242 
9606.ENSP00000255608 9606.ENSP00000283025 0 0 0 0 0 0 306 306 
9606.ENSP00000255608 9606.ENSP00000321386 0 0 0 0 0 540 0 540 
9606.ENSP00000255608 9606.ENSP00000341324 0 0 0 0 0 0 567 567 
9606.ENSP00000255608 9606.ENSP00000444856 0 0 0 51 0 0 206 214 
9606.ENSP00000255608 9606.ENSP00000422947 0 0 0 0 0 0 470 470 
9606.ENSP00000255608 9606.ENSP00000292852 0 0 0 0 0 540 0 540 
9606.ENSP00000255608 9606.ENSP00000419195 0 0 0 0 158 0 0 158 
9606.ENSP00000255608 9606.ENSP00000452877 0 0 0 0 109 0 426 466 
9606.ENSP00000255608 9606.ENSP00000364929 0 0 0 0 0 0 163 163 
9606.ENSP00000255608 9606.ENSP00000368884 0 0 0 62 0 0 168 186 
9606.ENSP00000255608 9606.ENSP00000475686 0 0 0 59 0 0 203 217 
9606.ENSP00000255608 9606.ENSP00000359393 0 0 0 0 0 0 247 247 
9606.ENSP00000255608 9606.ENSP00000255641 0 0 0 118 0 0 439 484 
9606.ENSP00000255608 9606.ENSP00000380256 0 0 0 0 0 540 0 540 
9606.ENSP00000255608 9606.ENSP00000264474 0 0 0 0 0 0 171 171 
9606.ENSP00000255608 9606.ENSP00000231487 0 0 0 61 0 540 61 559 
9606.ENSP00000255608 9606.ENSP00000384545 0 0 0 0 0 540 43 541 
9606.ENSP00000255608 9606.ENSP00000261721 0 0 0 0 821 540 60 915 
9606.ENSP00000255608 9606.ENSP00000311083 0 0 0 0 0 540 0 540 
