9606.ENSP00000431162 9606.ENSP00000483667 0 0 0 0 0 0 154 154 
9606.ENSP00000431162 9606.ENSP00000346027 0 0 0 0 278 0 0 278 
9606.ENSP00000431162 9606.ENSP00000364678 0 0 0 0 0 0 197 197 
9606.ENSP00000431162 9606.ENSP00000379704 0 0 0 51 0 0 173 181 
9606.ENSP00000431162 9606.ENSP00000315017 0 0 0 0 0 0 197 197 
9606.ENSP00000431162 9606.ENSP00000360162 0 0 0 61 0 0 268 283 
9606.ENSP00000431162 9606.ENSP00000382177 0 0 0 0 183 0 0 183 
9606.ENSP00000431162 9606.ENSP00000375073 0 0 0 61 0 0 340 354 
9606.ENSP00000431162 9606.ENSP00000418082 0 0 0 0 278 0 0 278 
9606.ENSP00000431162 9606.ENSP00000405424 0 0 0 61 0 0 202 219 
9606.ENSP00000431162 9606.ENSP00000345571 0 0 0 0 0 0 223 223 
9606.ENSP00000431162 9606.ENSP00000356150 0 0 0 0 131 0 86 171 
9606.ENSP00000431162 9606.ENSP00000355904 0 0 0 0 0 0 243 243 
9606.ENSP00000431162 9606.ENSP00000369080 0 0 0 0 0 0 344 344 
9606.ENSP00000431162 9606.ENSP00000429089 0 0 0 0 0 0 361 361 
9606.ENSP00000431162 9606.ENSP00000350223 0 0 0 51 0 0 194 202 
9606.ENSP00000431162 9606.ENSP00000332643 0 0 0 62 237 0 348 492 
9606.ENSP00000431162 9606.ENSP00000440864 0 0 0 0 0 0 161 161 
9606.ENSP00000431162 9606.ENSP00000354660 0 0 0 0 0 0 160 160 
9606.ENSP00000431162 9606.ENSP00000355747 0 0 0 0 0 0 233 233 
9606.ENSP00000431162 9606.ENSP00000380466 0 0 0 0 0 0 212 212 
9606.ENSP00000431162 9606.ENSP00000321455 0 0 0 0 0 0 209 209 
9606.ENSP00000431162 9606.ENSP00000303058 0 0 0 0 0 0 165 165 
9606.ENSP00000431162 9606.ENSP00000246912 0 0 0 0 0 0 195 195 
9606.ENSP00000431162 9606.ENSP00000369335 0 0 0 0 0 0 157 157 
9606.ENSP00000431162 9606.ENSP00000376822 0 0 0 0 0 0 193 193 
9606.ENSP00000431162 9606.ENSP00000263063 0 0 0 0 190 0 0 190 
9606.ENSP00000431162 9606.ENSP00000385312 0 0 0 0 0 0 171 171 
9606.ENSP00000431162 9606.ENSP00000225916 0 0 0 0 336 0 80 363 
9606.ENSP00000431162 9606.ENSP00000353344 0 0 0 0 0 0 287 287 
9606.ENSP00000431162 9606.ENSP00000473093 0 0 0 0 0 0 165 165 
9606.ENSP00000431162 9606.ENSP00000308548 0 0 0 0 0 0 173 173 
9606.ENSP00000431162 9606.ENSP00000343204 0 0 0 0 278 0 0 278 
9606.ENSP00000431162 9606.ENSP00000358374 0 0 0 0 278 0 0 278 
9606.ENSP00000431162 9606.ENSP00000350673 0 0 0 0 0 0 226 226 
9606.ENSP00000431162 9606.ENSP00000268182 0 0 0 0 278 0 0 278 
9606.ENSP00000431162 9606.ENSP00000447000 0 0 0 61 0 0 519 529 
9606.ENSP00000431162 9606.ENSP00000363822 0 0 0 0 0 0 389 389 
9606.ENSP00000431162 9606.ENSP00000434516 0 0 0 0 0 0 366 366 
9606.ENSP00000431162 9606.ENSP00000423313 0 0 0 0 0 0 186 186 
9606.ENSP00000431162 9606.ENSP00000399403 0 0 0 0 179 0 0 179 
9606.ENSP00000431162 9606.ENSP00000419266 0 0 0 0 0 0 150 150 
9606.ENSP00000431162 9606.ENSP00000364295 0 0 0 0 0 0 160 160 
9606.ENSP00000431162 9606.ENSP00000231509 0 0 0 0 0 0 211 211 
9606.ENSP00000431162 9606.ENSP00000265967 0 0 0 0 0 0 171 171 
9606.ENSP00000431162 9606.ENSP00000254227 0 0 0 0 336 0 527 672 
9606.ENSP00000431162 9606.ENSP00000356331 0 0 0 0 0 0 164 164 
9606.ENSP00000431162 9606.ENSP00000335029 0 0 0 0 278 0 0 278 
9606.ENSP00000431162 9606.ENSP00000212015 0 0 0 0 0 0 173 173 
9606.ENSP00000431162 9606.ENSP00000364209 0 0 0 0 226 0 0 226 
9606.ENSP00000431162 9606.ENSP00000221930 0 0 0 0 0 0 250 250 
9606.ENSP00000431162 9606.ENSP00000296424 0 0 0 0 188 0 0 188 
9606.ENSP00000431162 9606.ENSP00000399968 0 0 0 0 336 0 0 336 
9606.ENSP00000431162 9606.ENSP00000379612 0 0 0 0 0 0 202 202 
9606.ENSP00000431162 9606.ENSP00000332973 0 0 0 0 0 0 288 288 
9606.ENSP00000431162 9606.ENSP00000407586 0 0 0 0 0 0 230 230 
9606.ENSP00000431162 9606.ENSP00000347602 0 0 0 0 379 0 0 379 
9606.ENSP00000431162 9606.ENSP00000264414 0 0 0 61 0 0 151 169 
9606.ENSP00000431162 9606.ENSP00000315064 0 0 0 61 227 0 396 523 
9606.ENSP00000431162 9606.ENSP00000219097 0 0 0 0 0 0 209 209 
9606.ENSP00000431162 9606.ENSP00000362352 0 0 0 0 0 0 266 266 
9606.ENSP00000431162 9606.ENSP00000220853 0 0 0 0 0 0 241 241 
9606.ENSP00000431162 9606.ENSP00000262160 0 0 0 0 0 0 295 295 
9606.ENSP00000431162 9606.ENSP00000326879 0 0 0 0 0 0 222 222 
9606.ENSP00000431162 9606.ENSP00000364847 0 0 0 62 0 0 488 499 
9606.ENSP00000431162 9606.ENSP00000328187 0 0 0 0 294 0 425 576 
9606.ENSP00000431162 9606.ENSP00000479106 0 0 0 0 336 0 126 394 
9606.ENSP00000431162 9606.ENSP00000306625 0 0 0 0 0 0 190 190 
9606.ENSP00000431162 9606.ENSP00000256319 0 0 0 0 0 0 267 267 
9606.ENSP00000431162 9606.ENSP00000261854 0 0 0 0 0 0 279 279 
9606.ENSP00000431162 9606.ENSP00000365280 0 0 0 0 0 0 188 188 
9606.ENSP00000431162 9606.ENSP00000261180 0 0 0 0 0 0 172 172 
9606.ENSP00000431162 9606.ENSP00000400057 0 0 0 0 0 0 268 268 
9606.ENSP00000431162 9606.ENSP00000253024 0 0 0 0 0 0 257 257 
9606.ENSP00000431162 9606.ENSP00000251250 0 0 0 0 0 0 416 416 
9606.ENSP00000431162 9606.ENSP00000430432 0 0 0 0 0 0 216 216 
9606.ENSP00000431162 9606.ENSP00000326804 0 0 0 0 134 0 97 185 
9606.ENSP00000431162 9606.ENSP00000263253 0 0 0 0 379 0 375 595 
9606.ENSP00000431162 9606.ENSP00000399700 0 0 0 0 0 0 259 259 
9606.ENSP00000431162 9606.ENSP00000376615 0 0 0 0 0 0 177 177 
9606.ENSP00000431162 9606.ENSP00000284476 0 0 0 0 278 0 0 278 
9606.ENSP00000431162 9606.ENSP00000297459 0 0 0 0 0 0 292 292 
9606.ENSP00000431162 9606.ENSP00000312987 0 0 0 0 0 0 198 198 
9606.ENSP00000431162 9606.ENSP00000264935 0 0 0 0 0 0 164 164 
9606.ENSP00000431162 9606.ENSP00000479618 0 0 0 0 0 0 230 230 
9606.ENSP00000431162 9606.ENSP00000357905 0 0 0 0 278 0 86 311 
9606.ENSP00000431162 9606.ENSP00000222728 0 0 0 0 0 0 236 236 
9606.ENSP00000431162 9606.ENSP00000262367 0 0 0 0 379 0 325 563 
9606.ENSP00000431162 9606.ENSP00000405330 0 0 0 0 0 0 191 191 
9606.ENSP00000431162 9606.ENSP00000433459 0 0 0 0 0 0 233 233 
9606.ENSP00000431162 9606.ENSP00000435619 0 0 0 0 0 0 718 718 
9606.ENSP00000431162 9606.ENSP00000276659 0 0 0 0 0 0 160 160 
9606.ENSP00000431162 9606.ENSP00000318352 0 0 0 83 0 0 400 426 
9606.ENSP00000431162 9606.ENSP00000366582 0 0 0 0 0 0 165 165 
9606.ENSP00000431162 9606.ENSP00000438293 0 0 0 0 0 0 211 211 
9606.ENSP00000431162 9606.ENSP00000377001 0 0 0 61 0 0 139 157 
9606.ENSP00000431162 9606.ENSP00000471457 0 0 0 0 167 0 0 167 
9606.ENSP00000431162 9606.ENSP00000317564 0 0 0 0 0 0 448 448 
9606.ENSP00000431162 9606.ENSP00000389445 0 0 0 0 0 0 174 174 
9606.ENSP00000431162 9606.ENSP00000364721 0 0 0 0 0 0 191 191 
9606.ENSP00000431162 9606.ENSP00000369286 0 0 0 0 0 0 268 268 
9606.ENSP00000431162 9606.ENSP00000337976 0 0 0 0 0 0 154 154 
9606.ENSP00000431162 9606.ENSP00000394417 0 0 0 64 0 0 303 320 
9606.ENSP00000431162 9606.ENSP00000326366 0 0 0 0 0 0 166 166 
9606.ENSP00000431162 9606.ENSP00000362649 0 0 0 0 0 0 240 240 
9606.ENSP00000431162 9606.ENSP00000416797 0 0 0 0 278 0 0 278 
9606.ENSP00000431162 9606.ENSP00000266970 0 0 0 0 0 0 284 284 
9606.ENSP00000431162 9606.ENSP00000345873 0 0 0 0 0 0 244 244 
9606.ENSP00000431162 9606.ENSP00000219837 0 0 0 0 0 0 269 269 
9606.ENSP00000431162 9606.ENSP00000250003 0 0 0 0 0 0 469 469 
9606.ENSP00000431162 9606.ENSP00000343706 0 0 0 0 227 0 50 234 
9606.ENSP00000431162 9606.ENSP00000342392 0 0 0 0 0 0 205 205 
9606.ENSP00000431162 9606.ENSP00000370297 0 0 0 0 0 0 209 209 
9606.ENSP00000431162 9606.ENSP00000419786 0 0 0 0 0 0 175 175 
9606.ENSP00000431162 9606.ENSP00000354957 0 0 0 0 0 0 384 384 
9606.ENSP00000431162 9606.ENSP00000338283 0 0 0 0 0 0 173 173 
9606.ENSP00000431162 9606.ENSP00000370517 0 0 0 0 278 0 74 302 
9606.ENSP00000431162 9606.ENSP00000418748 0 0 0 0 0 0 196 196 
9606.ENSP00000431162 9606.ENSP00000361186 0 0 0 0 0 0 165 165 
9606.ENSP00000431162 9606.ENSP00000044462 0 0 0 0 0 0 224 224 
9606.ENSP00000431162 9606.ENSP00000303373 0 0 0 0 336 0 42 336 
9606.ENSP00000431162 9606.ENSP00000368304 0 0 0 0 0 0 167 167 
9606.ENSP00000431162 9606.ENSP00000360821 0 0 0 0 177 0 0 177 
9606.ENSP00000431162 9606.ENSP00000482364 0 0 0 0 0 0 227 227 
9606.ENSP00000431162 9606.ENSP00000263754 0 0 0 0 0 0 152 152 
9606.ENSP00000431162 9606.ENSP00000362457 0 0 0 0 0 0 220 220 
9606.ENSP00000431162 9606.ENSP00000324693 0 0 0 0 0 0 231 231 
9606.ENSP00000431162 9606.ENSP00000261208 0 0 0 0 0 0 151 151 
9606.ENSP00000431162 9606.ENSP00000246024 0 0 0 61 0 0 199 215 
9606.ENSP00000431162 9606.ENSP00000369127 0 0 0 0 278 0 0 278 
9606.ENSP00000431162 9606.ENSP00000477848 0 0 0 0 0 0 170 170 
9606.ENSP00000431162 9606.ENSP00000418693 0 0 0 0 0 0 252 252 
9606.ENSP00000431162 9606.ENSP00000324527 0 0 0 0 392 0 0 392 
9606.ENSP00000431162 9606.ENSP00000252655 0 0 0 0 0 0 161 161 
9606.ENSP00000431162 9606.ENSP00000244096 0 0 0 0 0 0 173 173 
9606.ENSP00000431162 9606.ENSP00000341551 0 0 0 0 0 0 298 298 
9606.ENSP00000431162 9606.ENSP00000265044 0 0 0 0 0 0 171 171 
9606.ENSP00000431162 9606.ENSP00000478035 0 0 0 0 0 0 211 211 
9606.ENSP00000431162 9606.ENSP00000220849 0 0 0 64 0 0 143 163 
9606.ENSP00000431162 9606.ENSP00000331310 0 0 0 98 0 0 180 228 
9606.ENSP00000431162 9606.ENSP00000480637 0 0 0 0 0 0 377 377 
9606.ENSP00000431162 9606.ENSP00000217260 0 0 0 0 0 0 150 150 
9606.ENSP00000431162 9606.ENSP00000288955 0 0 0 0 0 0 226 226 
9606.ENSP00000431162 9606.ENSP00000366404 0 0 0 0 379 0 273 529 
9606.ENSP00000431162 9606.ENSP00000278780 0 0 0 0 0 0 234 234 
9606.ENSP00000431162 9606.ENSP00000300057 0 0 0 0 0 0 175 175 
9606.ENSP00000431162 9606.ENSP00000480826 0 0 0 0 336 0 0 336 
9606.ENSP00000431162 9606.ENSP00000444211 0 0 0 0 0 0 162 162 
9606.ENSP00000431162 9606.ENSP00000358019 0 0 0 0 0 0 457 457 
9606.ENSP00000431162 9606.ENSP00000435210 0 0 0 77 0 0 148 180 
9606.ENSP00000431162 9606.ENSP00000482674 0 0 0 0 336 0 0 336 
9606.ENSP00000431162 9606.ENSP00000257904 0 0 0 0 0 0 345 345 
9606.ENSP00000431162 9606.ENSP00000296327 0 0 0 0 0 0 160 160 
9606.ENSP00000431162 9606.ENSP00000384222 0 0 0 0 0 0 208 208 
9606.ENSP00000431162 9606.ENSP00000325091 0 0 0 61 0 0 252 267 
9606.ENSP00000431162 9606.ENSP00000160373 0 0 0 61 0 0 173 190 
9606.ENSP00000431162 9606.ENSP00000222374 0 0 0 61 0 0 161 178 
9606.ENSP00000431162 9606.ENSP00000290378 0 0 0 0 0 0 410 410 
9606.ENSP00000431162 9606.ENSP00000258149 0 0 0 0 472 0 298 613 
9606.ENSP00000431162 9606.ENSP00000262133 0 0 0 0 0 0 154 154 
9606.ENSP00000431162 9606.ENSP00000251808 0 0 0 0 0 0 245 245 
9606.ENSP00000431162 9606.ENSP00000256509 0 0 0 0 0 0 158 158 
9606.ENSP00000431162 9606.ENSP00000329933 0 0 0 0 0 0 178 178 
9606.ENSP00000431162 9606.ENSP00000450909 0 0 0 0 278 0 0 278 
9606.ENSP00000431162 9606.ENSP00000362768 0 0 0 0 0 0 266 266 
9606.ENSP00000431162 9606.ENSP00000269305 0 0 0 0 0 0 216 216 
9606.ENSP00000431162 9606.ENSP00000216225 0 0 0 74 0 0 165 194 
9606.ENSP00000431162 9606.ENSP00000362690 0 0 0 0 0 0 222 222 
9606.ENSP00000431162 9606.ENSP00000290231 0 0 0 0 0 0 285 285 
9606.ENSP00000431162 9606.ENSP00000479494 0 0 0 0 412 0 314 579 
9606.ENSP00000431162 9606.ENSP00000307833 0 0 0 0 0 0 187 187 
9606.ENSP00000431162 9606.ENSP00000352272 0 0 0 0 0 0 212 212 
9606.ENSP00000431162 9606.ENSP00000327943 0 0 0 0 0 0 197 197 
9606.ENSP00000431162 9606.ENSP00000445688 0 0 0 0 0 0 269 269 
9606.ENSP00000431162 9606.ENSP00000347358 0 0 0 0 0 0 299 299 
9606.ENSP00000431162 9606.ENSP00000349085 0 0 0 0 227 0 145 310 
9606.ENSP00000431162 9606.ENSP00000344446 0 0 0 0 0 0 178 178 
9606.ENSP00000431162 9606.ENSP00000284981 0 0 0 0 0 0 239 239 
9606.ENSP00000431162 9606.ENSP00000377148 0 0 0 0 0 0 212 212 
9606.ENSP00000431162 9606.ENSP00000267163 0 0 0 0 379 0 197 480 
9606.ENSP00000431162 9606.ENSP00000356959 0 0 0 0 0 0 167 167 
9606.ENSP00000431162 9606.ENSP00000293805 0 0 0 0 0 0 168 168 
9606.ENSP00000431162 9606.ENSP00000440222 0 0 0 0 0 0 171 171 
9606.ENSP00000431162 9606.ENSP00000250495 0 0 0 0 0 0 167 167 
9606.ENSP00000431162 9606.ENSP00000265651 0 0 0 76 0 0 170 200 
9606.ENSP00000431162 9606.ENSP00000352572 0 0 0 0 278 0 0 278 
9606.ENSP00000431162 9606.ENSP00000284674 0 0 0 0 0 0 186 186 
9606.ENSP00000431162 9606.ENSP00000426191 0 0 0 0 0 0 250 250 
9606.ENSP00000431162 9606.ENSP00000321835 0 0 0 0 0 0 158 158 
9606.ENSP00000431162 9606.ENSP00000337632 0 0 0 62 0 0 535 545 
9606.ENSP00000431162 9606.ENSP00000361158 0 0 0 0 278 0 0 278 
9606.ENSP00000431162 9606.ENSP00000300249 0 0 0 61 0 0 569 578 
9606.ENSP00000431162 9606.ENSP00000311436 0 0 0 0 0 0 259 259 
9606.ENSP00000431162 9606.ENSP00000387356 0 0 0 0 0 0 534 534 
9606.ENSP00000431162 9606.ENSP00000336528 0 0 0 0 0 0 180 180 
9606.ENSP00000431162 9606.ENSP00000366915 0 0 0 0 0 0 171 171 
9606.ENSP00000431162 9606.ENSP00000340691 0 0 0 0 516 0 0 516 
9606.ENSP00000431162 9606.ENSP00000256594 0 0 0 0 0 0 155 155 
9606.ENSP00000431162 9606.ENSP00000352173 0 0 0 0 0 0 284 284 
9606.ENSP00000431162 9606.ENSP00000391249 0 0 0 51 0 0 292 300 
9606.ENSP00000431162 9606.ENSP00000319739 0 0 0 116 278 0 0 335 
9606.ENSP00000431162 9606.ENSP00000301645 0 0 0 0 0 0 161 161 
9606.ENSP00000431162 9606.ENSP00000433433 0 0 0 0 0 0 351 351 
9606.ENSP00000431162 9606.ENSP00000405738 0 0 0 0 0 0 223 223 
9606.ENSP00000431162 9606.ENSP00000295131 0 0 0 0 0 0 173 173 
9606.ENSP00000431162 9606.ENSP00000263629 0 0 0 0 0 0 414 414 
9606.ENSP00000431162 9606.ENSP00000231487 0 0 0 107 0 0 156 214 
9606.ENSP00000431162 9606.ENSP00000330694 0 0 0 0 0 0 171 171 
9606.ENSP00000431162 9606.ENSP00000333769 0 0 0 0 0 0 308 308 
