9606.ENSP00000427793 9606.ENSP00000442318 0 0 0 77 0 0 316 342 
9606.ENSP00000427793 9606.ENSP00000392411 0 0 0 63 173 0 47 197 
9606.ENSP00000427793 9606.ENSP00000363993 0 0 0 52 0 900 67 903 
9606.ENSP00000427793 9606.ENSP00000478474 0 0 0 0 80 900 129 912 
9606.ENSP00000427793 9606.ENSP00000280190 0 0 0 84 77 0 129 199 
9606.ENSP00000427793 9606.ENSP00000232564 0 0 0 63 157 0 59 191 
9606.ENSP00000427793 9606.ENSP00000348886 0 0 0 0 0 0 218 218 
9606.ENSP00000427793 9606.ENSP00000350698 0 0 0 0 80 0 138 173 
9606.ENSP00000427793 9606.ENSP00000332369 0 0 0 61 160 0 0 177 
9606.ENSP00000427793 9606.ENSP00000429089 0 0 0 0 154 0 77 185 
9606.ENSP00000427793 9606.ENSP00000310572 0 0 0 0 85 900 131 913 
9606.ENSP00000427793 9606.ENSP00000373713 0 0 0 110 77 0 80 179 
9606.ENSP00000427793 9606.ENSP00000467579 0 0 0 63 429 0 455 683 
9606.ENSP00000427793 9606.ENSP00000025008 0 0 0 159 0 0 59 175 
9606.ENSP00000427793 9606.ENSP00000249269 0 0 0 0 0 0 243 243 
9606.ENSP00000427793 9606.ENSP00000369217 0 0 0 61 0 0 219 236 
9606.ENSP00000427793 9606.ENSP00000396068 0 0 0 88 0 0 214 252 
9606.ENSP00000427793 9606.ENSP00000281708 0 0 0 64 0 900 451 944 
9606.ENSP00000427793 9606.ENSP00000420487 0 0 0 0 170 0 96 217 
9606.ENSP00000427793 9606.ENSP00000265094 0 0 0 64 129 900 57 912 
9606.ENSP00000427793 9606.ENSP00000256935 0 0 0 61 0 0 209 225 
9606.ENSP00000427793 9606.ENSP00000331487 0 0 0 64 0 0 162 182 
9606.ENSP00000427793 9606.ENSP00000284551 0 0 0 51 50 900 65 904 
9606.ENSP00000427793 9606.ENSP00000360493 0 0 0 0 406 0 412 636 
9606.ENSP00000427793 9606.ENSP00000350052 0 0 0 0 178 0 98 226 
9606.ENSP00000427793 9606.ENSP00000426503 0 0 0 50 0 900 92 906 
9606.ENSP00000427793 9606.ENSP00000231509 0 0 0 0 57 900 63 904 
9606.ENSP00000427793 9606.ENSP00000340648 0 0 0 89 77 900 184 922 
9606.ENSP00000427793 9606.ENSP00000262395 0 0 0 59 131 0 66 171 
9606.ENSP00000427793 9606.ENSP00000387246 0 0 0 63 85 0 255 306 
9606.ENSP00000427793 9606.ENSP00000331682 0 0 0 48 0 900 0 900 
9606.ENSP00000427793 9606.ENSP00000383118 0 0 0 61 84 0 164 218 
9606.ENSP00000427793 9606.ENSP00000221930 0 0 0 0 80 900 230 922 
9606.ENSP00000427793 9606.ENSP00000438085 0 0 0 62 185 0 140 285 
9606.ENSP00000427793 9606.ENSP00000385892 0 0 0 0 0 0 152 152 
9606.ENSP00000427793 9606.ENSP00000264350 0 0 0 0 0 900 65 902 
9606.ENSP00000427793 9606.ENSP00000346240 0 0 0 0 0 900 59 901 
9606.ENSP00000427793 9606.ENSP00000385571 0 0 0 63 86 0 196 251 
9606.ENSP00000427793 9606.ENSP00000369855 0 0 0 51 84 900 0 905 
9606.ENSP00000427793 9606.ENSP00000274457 0 0 0 51 80 0 213 253 
9606.ENSP00000427793 9606.ENSP00000368818 0 0 0 62 129 0 69 172 
9606.ENSP00000427793 9606.ENSP00000236671 0 0 0 62 185 0 81 236 
9606.ENSP00000427793 9606.ENSP00000279387 0 0 0 45 71 0 126 157 
9606.ENSP00000427793 9606.ENSP00000428205 0 0 0 0 0 900 69 902 
9606.ENSP00000427793 9606.ENSP00000348714 0 0 0 86 64 900 165 919 
9606.ENSP00000427793 9606.ENSP00000371770 0 0 0 0 0 0 364 364 
9606.ENSP00000427793 9606.ENSP00000215659 0 0 0 0 185 0 75 214 
9606.ENSP00000427793 9606.ENSP00000391211 0 0 0 0 85 900 94 909 
9606.ENSP00000427793 9606.ENSP00000380746 0 0 0 62 0 900 44 902 
9606.ENSP00000427793 9606.ENSP00000373648 0 0 0 0 153 0 0 153 
9606.ENSP00000427793 9606.ENSP00000235345 0 0 0 0 0 0 167 167 
9606.ENSP00000427793 9606.ENSP00000345772 0 0 0 0 266 0 55 276 
9606.ENSP00000427793 9606.ENSP00000347188 0 0 0 62 0 900 58 903 
9606.ENSP00000427793 9606.ENSP00000289528 0 0 0 51 0 0 203 211 
9606.ENSP00000427793 9606.ENSP00000327255 0 0 0 77 133 0 139 251 
9606.ENSP00000427793 9606.ENSP00000460348 0 0 0 124 80 0 0 159 
9606.ENSP00000427793 9606.ENSP00000330237 0 0 0 0 80 0 165 199 
9606.ENSP00000427793 9606.ENSP00000194130 0 0 0 62 157 0 0 175 
9606.ENSP00000427793 9606.ENSP00000296411 0 0 0 0 59 0 313 325 
9606.ENSP00000427793 9606.ENSP00000245923 0 0 0 0 0 0 191 191 
9606.ENSP00000427793 9606.ENSP00000426909 0 0 0 61 0 0 162 180 
9606.ENSP00000427793 9606.ENSP00000384109 0 0 0 91 80 0 226 296 
9606.ENSP00000427793 9606.ENSP00000341219 0 0 0 61 54 0 157 186 
9606.ENSP00000427793 9606.ENSP00000326031 0 0 0 62 128 0 83 184 
9606.ENSP00000427793 9606.ENSP00000379290 0 0 0 0 0 0 169 169 
9606.ENSP00000427793 9606.ENSP00000316357 0 0 0 82 121 0 312 396 
9606.ENSP00000427793 9606.ENSP00000362680 0 0 0 0 96 0 222 266 
9606.ENSP00000427793 9606.ENSP00000378217 0 0 0 64 0 0 131 152 
9606.ENSP00000427793 9606.ENSP00000257575 0 0 0 0 131 0 82 168 
9606.ENSP00000427793 9606.ENSP00000294724 0 0 0 98 0 0 180 229 
9606.ENSP00000427793 9606.ENSP00000253693 0 0 0 90 64 0 113 178 
9606.ENSP00000427793 9606.ENSP00000005386 0 0 0 77 85 0 95 168 
9606.ENSP00000427793 9606.ENSP00000275230 0 0 0 0 164 0 43 165 
9606.ENSP00000427793 9606.ENSP00000414398 0 0 0 60 102 0 80 156 
9606.ENSP00000427793 9606.ENSP00000269856 0 0 0 51 80 0 172 214 
9606.ENSP00000427793 9606.ENSP00000263857 0 0 0 63 124 0 57 158 
9606.ENSP00000427793 9606.ENSP00000003302 0 0 0 82 262 0 389 550 
9606.ENSP00000427793 9606.ENSP00000362480 0 0 0 51 57 0 213 234 
9606.ENSP00000427793 9606.ENSP00000403802 0 0 0 0 0 900 0 900 
9606.ENSP00000427793 9606.ENSP00000296786 0 0 0 61 185 0 131 276 
9606.ENSP00000427793 9606.ENSP00000267970 0 0 0 0 0 0 469 469 
9606.ENSP00000427793 9606.ENSP00000433623 0 0 0 59 472 0 228 583 
9606.ENSP00000427793 9606.ENSP00000458075 0 0 0 112 182 0 51 250 
9606.ENSP00000427793 9606.ENSP00000363054 0 0 0 61 77 0 138 187 
9606.ENSP00000427793 9606.ENSP00000276925 0 0 0 51 84 0 138 185 
9606.ENSP00000427793 9606.ENSP00000382508 0 0 0 0 186 0 221 338 
9606.ENSP00000427793 9606.ENSP00000447730 0 0 0 0 0 0 190 190 
9606.ENSP00000427793 9606.ENSP00000330878 0 0 0 62 92 0 90 157 
9606.ENSP00000427793 9606.ENSP00000383421 0 0 0 50 157 0 0 164 
9606.ENSP00000427793 9606.ENSP00000398698 0 0 0 0 0 0 221 221 
9606.ENSP00000427793 9606.ENSP00000311827 0 0 0 47 0 0 310 314 
9606.ENSP00000427793 9606.ENSP00000262519 0 0 0 49 185 0 0 191 
9606.ENSP00000427793 9606.ENSP00000419425 0 0 0 0 170 0 58 185 
9606.ENSP00000427793 9606.ENSP00000260810 0 0 0 84 0 0 116 156 
9606.ENSP00000427793 9606.ENSP00000366306 0 0 0 0 173 0 71 199 
9606.ENSP00000427793 9606.ENSP00000206595 0 0 0 61 107 0 138 214 
9606.ENSP00000427793 9606.ENSP00000277458 0 0 0 51 84 900 0 905 
9606.ENSP00000427793 9606.ENSP00000358147 0 0 0 63 100 0 85 160 
9606.ENSP00000427793 9606.ENSP00000293879 0 0 0 59 0 0 212 226 
9606.ENSP00000427793 9606.ENSP00000258418 0 0 0 0 0 0 208 208 
9606.ENSP00000427793 9606.ENSP00000402033 0 0 0 0 157 0 59 172 
9606.ENSP00000427793 9606.ENSP00000361990 0 0 0 96 126 900 218 929 
9606.ENSP00000427793 9606.ENSP00000219789 0 0 0 60 132 0 57 163 
9606.ENSP00000427793 9606.ENSP00000370258 0 0 0 64 58 0 186 219 
9606.ENSP00000427793 9606.ENSP00000339186 0 0 0 0 125 0 98 177 
9606.ENSP00000427793 9606.ENSP00000349076 0 0 0 63 313 0 535 674 
9606.ENSP00000427793 9606.ENSP00000251968 0 0 0 63 0 0 600 609 
9606.ENSP00000427793 9606.ENSP00000384164 0 0 0 79 87 0 105 181 
9606.ENSP00000427793 9606.ENSP00000344220 0 0 0 61 173 0 67 212 
9606.ENSP00000427793 9606.ENSP00000357292 0 0 0 57 191 0 99 252 
9606.ENSP00000427793 9606.ENSP00000317955 0 0 0 62 55 0 130 161 
9606.ENSP00000427793 9606.ENSP00000451575 0 0 0 51 84 900 0 905 
9606.ENSP00000427793 9606.ENSP00000237654 0 0 0 0 181 0 251 360 
9606.ENSP00000427793 9606.ENSP00000261712 0 0 0 50 0 900 114 908 
9606.ENSP00000427793 9606.ENSP00000366475 0 0 0 144 0 0 165 255 
9606.ENSP00000427793 9606.ENSP00000259605 0 0 0 61 54 0 177 205 
9606.ENSP00000427793 9606.ENSP00000372155 0 0 0 49 0 900 0 900 
9606.ENSP00000427793 9606.ENSP00000005340 0 0 0 0 424 0 123 474 
9606.ENSP00000427793 9606.ENSP00000311427 0 0 0 78 133 0 42 167 
9606.ENSP00000427793 9606.ENSP00000377681 0 0 0 0 106 0 149 206 
9606.ENSP00000427793 9606.ENSP00000388723 0 0 0 0 0 900 0 900 
9606.ENSP00000427793 9606.ENSP00000394484 0 0 0 50 59 0 127 151 
9606.ENSP00000427793 9606.ENSP00000328203 0 0 0 0 0 900 0 900 
9606.ENSP00000427793 9606.ENSP00000307833 0 0 0 0 0 900 0 900 
9606.ENSP00000427793 9606.ENSP00000316329 0 0 0 60 0 0 158 174 
9606.ENSP00000427793 9606.ENSP00000380998 0 0 0 61 0 0 247 262 
9606.ENSP00000427793 9606.ENSP00000472836 0 0 0 0 299 0 0 299 
9606.ENSP00000427793 9606.ENSP00000439189 0 0 0 0 178 0 98 226 
9606.ENSP00000427793 9606.ENSP00000289013 0 0 0 62 186 0 121 270 
9606.ENSP00000427793 9606.ENSP00000368698 0 0 0 50 68 0 292 318 
9606.ENSP00000427793 9606.ENSP00000298630 0 0 0 63 127 0 49 154 
9606.ENSP00000427793 9606.ENSP00000264033 0 0 0 63 268 0 252 442 
9606.ENSP00000427793 9606.ENSP00000282412 0 0 0 63 133 0 44 155 
9606.ENSP00000427793 9606.ENSP00000261537 0 0 0 55 84 0 180 228 
9606.ENSP00000427793 9606.ENSP00000312455 0 0 0 61 123 0 218 299 
9606.ENSP00000427793 9606.ENSP00000341549 0 0 0 0 0 0 363 363 
9606.ENSP00000427793 9606.ENSP00000037243 0 0 0 62 169 0 102 239 
9606.ENSP00000427793 9606.ENSP00000337691 0 0 0 0 185 0 57 199 
9606.ENSP00000427793 9606.ENSP00000298910 0 0 0 81 131 0 43 168 
9606.ENSP00000427793 9606.ENSP00000375978 0 0 0 0 148 0 50 155 
9606.ENSP00000427793 9606.ENSP00000306752 0 0 0 112 182 0 51 250 
9606.ENSP00000427793 9606.ENSP00000264758 0 0 0 0 157 0 135 239 
9606.ENSP00000427793 9606.ENSP00000357087 0 0 0 61 183 0 0 200 
9606.ENSP00000427793 9606.ENSP00000479216 0 0 0 62 158 0 57 190 
9606.ENSP00000427793 9606.ENSP00000352956 0 0 0 62 0 0 213 230 
9606.ENSP00000427793 9606.ENSP00000357879 0 0 0 50 193 900 251 934 
9606.ENSP00000427793 9606.ENSP00000290541 0 0 0 0 267 900 49 924 
9606.ENSP00000427793 9606.ENSP00000379842 0 0 0 142 177 0 59 277 
9606.ENSP00000427793 9606.ENSP00000285667 0 0 0 0 156 0 0 156 
9606.ENSP00000427793 9606.ENSP00000260264 0 0 0 0 55 0 139 151 
9606.ENSP00000427793 9606.ENSP00000275493 0 0 0 0 76 600 265 704 
9606.ENSP00000427793 9606.ENSP00000305260 0 0 0 63 157 0 59 191 
9606.ENSP00000427793 9606.ENSP00000312066 0 0 0 63 0 0 136 155 
9606.ENSP00000427793 9606.ENSP00000385450 0 0 0 0 88 0 362 394 
9606.ENSP00000427793 9606.ENSP00000480499 0 0 0 63 129 900 67 913 
9606.ENSP00000427793 9606.ENSP00000324806 0 0 0 61 96 0 96 165 
9606.ENSP00000427793 9606.ENSP00000318629 0 0 0 62 0 0 273 288 
9606.ENSP00000427793 9606.ENSP00000432481 0 0 0 0 180 0 128 254 
9606.ENSP00000427793 9606.ENSP00000369996 0 0 0 49 0 0 186 192 
9606.ENSP00000427793 9606.ENSP00000457230 0 0 0 0 0 0 182 182 
9606.ENSP00000427793 9606.ENSP00000302100 0 0 0 0 0 0 189 189 
9606.ENSP00000427793 9606.ENSP00000394794 0 0 0 0 81 0 350 377 
9606.ENSP00000427793 9606.ENSP00000465676 0 0 0 62 182 0 75 228 
9606.ENSP00000427793 9606.ENSP00000363322 0 0 0 0 0 900 0 900 
9606.ENSP00000427793 9606.ENSP00000317872 0 0 0 61 0 900 57 903 
9606.ENSP00000427793 9606.ENSP00000350512 0 0 0 82 56 0 220 265 
9606.ENSP00000427793 9606.ENSP00000454926 0 0 0 0 0 0 290 290 
9606.ENSP00000427793 9606.ENSP00000410396 0 0 0 0 161 0 0 161 
9606.ENSP00000427793 9606.ENSP00000416683 0 0 0 102 0 0 133 188 
9606.ENSP00000427793 9606.ENSP00000227451 0 0 0 0 179 0 224 335 
9606.ENSP00000427793 9606.ENSP00000274140 0 0 0 63 0 0 184 202 
9606.ENSP00000427793 9606.ENSP00000351575 0 0 0 61 0 0 153 171 
9606.ENSP00000427793 9606.ENSP00000295888 0 0 0 142 52 0 44 154 
9606.ENSP00000427793 9606.ENSP00000442793 0 0 0 0 167 0 0 167 
9606.ENSP00000427793 9606.ENSP00000363970 0 0 0 62 298 0 43 314 
9606.ENSP00000427793 9606.ENSP00000378402 0 0 0 86 87 0 177 253 
9606.ENSP00000427793 9606.ENSP00000347548 0 0 0 0 0 900 0 900 
9606.ENSP00000427793 9606.ENSP00000385586 0 0 0 0 284 0 0 284 
9606.ENSP00000427793 9606.ENSP00000379182 0 0 0 0 167 0 43 168 
9606.ENSP00000427793 9606.ENSP00000244061 0 0 0 61 0 900 0 902 
9606.ENSP00000427793 9606.ENSP00000354775 0 0 0 107 54 900 127 916 
9606.ENSP00000427793 9606.ENSP00000225174 0 0 0 0 266 0 48 271 
9606.ENSP00000427793 9606.ENSP00000225577 0 0 0 114 127 0 59 209 
9606.ENSP00000427793 9606.ENSP00000376077 0 0 0 56 0 0 169 182 
9606.ENSP00000427793 9606.ENSP00000365312 0 0 0 0 0 0 177 177 
9606.ENSP00000427793 9606.ENSP00000380432 0 0 0 0 0 0 168 168 
9606.ENSP00000427793 9606.ENSP00000343535 0 0 0 84 172 0 288 413 
9606.ENSP00000427793 9606.ENSP00000369440 0 0 0 51 50 0 160 177 
9606.ENSP00000427793 9606.ENSP00000309570 0 0 0 50 68 0 146 178 
9606.ENSP00000427793 9606.ENSP00000480853 0 0 0 50 185 0 45 196 
9606.ENSP00000427793 9606.ENSP00000370719 0 0 0 62 53 0 415 435 
9606.ENSP00000427793 9606.ENSP00000472109 0 0 0 0 266 0 55 276 
9606.ENSP00000427793 9606.ENSP00000348216 0 0 0 51 50 900 0 901 
9606.ENSP00000427793 9606.ENSP00000428646 0 0 0 61 0 900 0 902 
9606.ENSP00000427793 9606.ENSP00000392395 0 0 0 54 131 0 73 171 
9606.ENSP00000427793 9606.ENSP00000281623 0 0 0 0 0 900 50 900 
9606.ENSP00000427793 9606.ENSP00000353549 0 0 0 61 0 900 78 905 
9606.ENSP00000427793 9606.ENSP00000453872 0 0 0 61 54 900 529 952 
9606.ENSP00000427793 9606.ENSP00000401010 0 0 0 0 71 0 230 254 
9606.ENSP00000427793 9606.ENSP00000284154 0 0 0 0 125 0 166 239 
9606.ENSP00000427793 9606.ENSP00000332973 0 0 0 0 560 0 406 727 
9606.ENSP00000427793 9606.ENSP00000392718 0 0 0 0 178 0 98 226 
9606.ENSP00000427793 9606.ENSP00000327025 0 0 0 0 187 0 0 187 
9606.ENSP00000427793 9606.ENSP00000211287 0 0 0 0 185 0 50 192 
9606.ENSP00000427793 9606.ENSP00000362734 0 0 0 0 186 0 102 237 
9606.ENSP00000427793 9606.ENSP00000324729 0 0 0 0 87 0 114 157 
9606.ENSP00000427793 9606.ENSP00000262160 0 0 0 61 560 0 480 766 
9606.ENSP00000427793 9606.ENSP00000301764 0 0 0 62 0 0 158 176 
9606.ENSP00000427793 9606.ENSP00000378364 0 0 0 61 85 0 132 189 
9606.ENSP00000427793 9606.ENSP00000331201 0 0 0 62 76 0 312 352 
9606.ENSP00000427793 9606.ENSP00000389870 0 0 0 0 0 0 395 395 
9606.ENSP00000427793 9606.ENSP00000356243 0 0 0 60 312 0 69 345 
9606.ENSP00000427793 9606.ENSP00000463057 0 0 0 0 170 0 42 170 
9606.ENSP00000427793 9606.ENSP00000227868 0 0 0 0 50 0 255 262 
9606.ENSP00000427793 9606.ENSP00000274376 0 0 0 55 261 0 77 300 
9606.ENSP00000427793 9606.ENSP00000229135 0 0 0 0 0 0 185 185 
9606.ENSP00000427793 9606.ENSP00000343001 0 0 0 148 113 0 357 471 
9606.ENSP00000427793 9606.ENSP00000349596 0 0 0 51 50 0 258 273 
9606.ENSP00000427793 9606.ENSP00000406209 0 0 0 64 89 0 159 220 
9606.ENSP00000427793 9606.ENSP00000369531 0 0 0 57 191 0 58 218 
9606.ENSP00000427793 9606.ENSP00000306330 0 0 0 0 153 0 89 195 
9606.ENSP00000427793 9606.ENSP00000484525 0 0 0 62 193 0 89 250 
9606.ENSP00000427793 9606.ENSP00000386212 0 0 0 0 87 900 62 906 
9606.ENSP00000427793 9606.ENSP00000405330 0 0 0 0 57 900 172 915 
9606.ENSP00000427793 9606.ENSP00000347942 0 0 0 0 181 0 0 181 
9606.ENSP00000427793 9606.ENSP00000468002 0 0 0 51 80 0 179 220 
9606.ENSP00000427793 9606.ENSP00000356475 0 0 0 109 82 0 50 155 
9606.ENSP00000427793 9606.ENSP00000260408 0 0 0 63 50 0 224 248 
9606.ENSP00000427793 9606.ENSP00000279027 0 0 0 63 173 0 50 199 
9606.ENSP00000427793 9606.ENSP00000275532 0 0 0 62 0 900 0 902 
9606.ENSP00000427793 9606.ENSP00000424198 0 7 0 48 0 900 67 903 
9606.ENSP00000427793 9606.ENSP00000363001 0 0 0 63 140 0 131 238 
9606.ENSP00000427793 9606.ENSP00000216218 0 0 0 88 0 0 284 319 
9606.ENSP00000427793 9606.ENSP00000354201 0 0 0 60 188 900 92 921 
9606.ENSP00000427793 9606.ENSP00000295709 0 0 0 61 157 0 90 216 
9606.ENSP00000427793 9606.ENSP00000357470 0 0 0 0 254 0 0 254 
9606.ENSP00000427793 9606.ENSP00000452414 0 0 0 0 213 0 0 213 
9606.ENSP00000427793 9606.ENSP00000303434 0 0 0 0 0 0 222 222 
9606.ENSP00000427793 9606.ENSP00000261479 0 0 0 0 87 900 56 906 
9606.ENSP00000427793 9606.ENSP00000413520 0 0 0 59 298 0 44 313 
9606.ENSP00000427793 9606.ENSP00000354621 0 0 0 54 0 900 137 911 
9606.ENSP00000427793 9606.ENSP00000262193 0 0 0 0 87 900 56 906 
9606.ENSP00000427793 9606.ENSP00000450524 0 0 0 62 169 0 43 188 
9606.ENSP00000427793 9606.ENSP00000378529 0 0 0 80 85 900 47 909 
9606.ENSP00000427793 9606.ENSP00000353010 0 0 0 144 0 0 309 383 
9606.ENSP00000427793 9606.ENSP00000351905 0 0 0 0 96 900 46 906 
9606.ENSP00000427793 9606.ENSP00000435370 0 0 0 61 300 0 94 352 
9606.ENSP00000427793 9606.ENSP00000209728 0 0 0 0 84 0 127 166 
9606.ENSP00000427793 9606.ENSP00000404705 0 0 0 0 141 0 68 165 
9606.ENSP00000427793 9606.ENSP00000259371 0 0 0 55 50 0 239 257 
9606.ENSP00000427793 9606.ENSP00000307023 0 0 0 50 185 0 365 466 
9606.ENSP00000427793 9606.ENSP00000335655 0 0 0 0 165 0 321 409 
9606.ENSP00000427793 9606.ENSP00000220763 0 0 0 0 141 0 68 165 
9606.ENSP00000427793 9606.ENSP00000344115 0 0 0 0 54 0 222 232 
9606.ENSP00000427793 9606.ENSP00000477792 0 0 0 0 0 900 0 900 
9606.ENSP00000427793 9606.ENSP00000316152 0 0 0 0 358 0 0 358 
9606.ENSP00000427793 9606.ENSP00000313422 0 0 0 0 0 0 201 201 
9606.ENSP00000427793 9606.ENSP00000358247 0 0 0 62 0 900 44 902 
9606.ENSP00000427793 9606.ENSP00000157812 0 0 0 0 85 900 164 916 
9606.ENSP00000427793 9606.ENSP00000264501 0 0 0 159 261 0 0 351 
9606.ENSP00000427793 9606.ENSP00000362116 0 0 0 62 185 0 81 236 
9606.ENSP00000427793 9606.ENSP00000262294 0 0 0 51 50 900 95 907 
9606.ENSP00000427793 9606.ENSP00000310094 0 0 0 55 126 0 58 154 
9606.ENSP00000427793 9606.ENSP00000400906 0 0 0 60 789 0 603 914 
9606.ENSP00000427793 9606.ENSP00000478672 0 0 0 0 0 0 254 254 
9606.ENSP00000427793 9606.ENSP00000377664 0 0 0 107 158 0 58 229 
9606.ENSP00000427793 9606.ENSP00000340944 0 0 0 0 195 0 45 198 
9606.ENSP00000427793 9606.ENSP00000225724 0 0 0 63 0 0 199 217 
9606.ENSP00000427793 9606.ENSP00000256443 0 0 0 50 160 0 54 179 
9606.ENSP00000427793 9606.ENSP00000322343 0 0 0 50 160 0 54 179 
9606.ENSP00000427793 9606.ENSP00000369131 0 0 0 86 87 0 86 170 
9606.ENSP00000427793 9606.ENSP00000379822 0 0 0 0 157 0 43 158 
9606.ENSP00000427793 9606.ENSP00000296464 0 0 0 0 156 0 0 156 
9606.ENSP00000427793 9606.ENSP00000362469 0 0 0 0 164 0 62 182 
9606.ENSP00000427793 9606.ENSP00000262577 0 0 0 71 178 0 43 205 
9606.ENSP00000427793 9606.ENSP00000404381 0 0 0 100 102 0 68 180 
9606.ENSP00000427793 9606.ENSP00000276416 0 0 0 0 186 0 63 204 
9606.ENSP00000427793 9606.ENSP00000386857 0 0 0 0 178 0 98 226 
9606.ENSP00000427793 9606.ENSP00000261601 0 0 0 0 127 0 356 414 
9606.ENSP00000427793 9606.ENSP00000338345 0 0 0 0 0 0 228 228 
9606.ENSP00000427793 9606.ENSP00000480186 0 0 0 0 0 0 201 201 
9606.ENSP00000427793 9606.ENSP00000359385 0 0 0 0 0 900 0 900 
9606.ENSP00000427793 9606.ENSP00000356687 0 0 0 0 156 0 0 156 
9606.ENSP00000427793 9606.ENSP00000352216 0 0 0 0 164 0 43 165 
9606.ENSP00000427793 9606.ENSP00000316589 0 0 0 129 86 0 210 316 
9606.ENSP00000427793 9606.ENSP00000426255 0 0 0 64 160 0 74 208 
9606.ENSP00000427793 9606.ENSP00000356602 0 0 0 50 0 0 151 158 
9606.ENSP00000427793 9606.ENSP00000342385 0 0 0 0 0 0 204 204 
9606.ENSP00000427793 9606.ENSP00000333657 0 0 0 64 167 0 60 203 
9606.ENSP00000427793 9606.ENSP00000384851 0 0 0 0 57 900 0 901 
9606.ENSP00000427793 9606.ENSP00000364133 0 0 0 0 170 900 330 939 
9606.ENSP00000427793 9606.ENSP00000254963 0 0 0 0 156 0 0 156 
9606.ENSP00000427793 9606.ENSP00000222402 0 0 0 60 386 900 343 957 
9606.ENSP00000427793 9606.ENSP00000484288 0 0 0 61 0 0 296 310 
9606.ENSP00000427793 9606.ENSP00000310110 0 0 0 0 193 0 0 193 
9606.ENSP00000427793 9606.ENSP00000378624 0 0 0 62 0 900 134 911 
9606.ENSP00000427793 9606.ENSP00000464087 0 0 0 0 0 900 62 902 
9606.ENSP00000427793 9606.ENSP00000292090 0 0 0 0 171 0 0 171 
9606.ENSP00000427793 9606.ENSP00000402515 0 0 0 112 182 0 65 262 
9606.ENSP00000427793 9606.ENSP00000268035 0 0 0 0 96 600 149 665 
9606.ENSP00000427793 9606.ENSP00000391592 0 0 0 0 169 0 0 169 
9606.ENSP00000427793 9606.ENSP00000270112 0 0 0 62 185 0 56 215 
9606.ENSP00000427793 9606.ENSP00000360613 0 0 0 60 188 900 131 924 
9606.ENSP00000427793 9606.ENSP00000312397 0 7 0 48 0 900 0 900 
9606.ENSP00000427793 9606.ENSP00000321927 0 0 0 62 0 900 44 902 
9606.ENSP00000427793 9606.ENSP00000323687 0 0 0 60 188 900 193 930 
9606.ENSP00000427793 9606.ENSP00000315152 0 0 0 0 59 0 313 325 
9606.ENSP00000427793 9606.ENSP00000468280 0 0 0 63 127 0 49 154 
9606.ENSP00000427793 9606.ENSP00000369299 0 0 0 51 50 0 141 158 
9606.ENSP00000427793 9606.ENSP00000311135 0 0 0 62 168 0 0 186 
9606.ENSP00000427793 9606.ENSP00000418695 0 0 0 50 0 900 97 906 
9606.ENSP00000427793 9606.ENSP00000384863 0 0 0 129 0 0 117 198 
9606.ENSP00000427793 9606.ENSP00000343701 0 0 0 62 92 0 90 157 
9606.ENSP00000427793 9606.ENSP00000357552 0 0 0 62 92 0 90 157 
9606.ENSP00000427793 9606.ENSP00000364502 0 0 0 0 345 0 0 345 
9606.ENSP00000427793 9606.ENSP00000378193 0 0 0 50 138 0 50 154 
9606.ENSP00000427793 9606.ENSP00000325929 0 0 0 0 127 0 83 165 
9606.ENSP00000427793 9606.ENSP00000381490 0 0 0 63 298 0 0 314 
9606.ENSP00000427793 9606.ENSP00000275603 0 0 0 0 110 0 98 163 
9606.ENSP00000427793 9606.ENSP00000368169 0 0 0 0 111 0 105 170 
9606.ENSP00000427793 9606.ENSP00000359049 0 0 0 0 0 0 167 167 
9606.ENSP00000427793 9606.ENSP00000270223 0 0 0 62 77 0 127 178 
9606.ENSP00000427793 9606.ENSP00000370671 0 0 0 0 0 900 0 900 
9606.ENSP00000427793 9606.ENSP00000301962 0 0 0 61 63 0 175 211 
9606.ENSP00000427793 9606.ENSP00000340594 0 0 0 0 298 0 0 298 
9606.ENSP00000427793 9606.ENSP00000355013 0 0 0 64 85 0 98 160 
9606.ENSP00000427793 9606.ENSP00000386458 0 0 0 61 0 0 134 152 
9606.ENSP00000427793 9606.ENSP00000361458 0 0 0 0 124 900 0 908 
9606.ENSP00000427793 9606.ENSP00000443191 0 0 0 61 0 900 59 903 
9606.ENSP00000427793 9606.ENSP00000437550 0 0 0 61 527 0 430 725 
9606.ENSP00000427793 9606.ENSP00000372035 0 0 0 61 305 0 308 509 
9606.ENSP00000427793 9606.ENSP00000318884 0 0 0 64 132 0 50 160 
9606.ENSP00000427793 9606.ENSP00000361596 0 0 0 63 69 0 165 207 
9606.ENSP00000427793 9606.ENSP00000397453 0 0 0 95 188 900 57 921 
9606.ENSP00000427793 9606.ENSP00000405424 0 0 0 152 0 0 0 152 
9606.ENSP00000427793 9606.ENSP00000379364 0 0 0 0 112 0 247 302 
9606.ENSP00000427793 9606.ENSP00000438788 0 0 0 64 0 900 137 912 
9606.ENSP00000427793 9606.ENSP00000370395 0 0 0 0 266 0 50 272 
9606.ENSP00000427793 9606.ENSP00000359206 0 0 0 64 129 900 57 912 
9606.ENSP00000427793 9606.ENSP00000296161 0 0 0 0 0 900 57 901 
9606.ENSP00000427793 9606.ENSP00000478121 0 0 0 61 0 900 253 923 
9606.ENSP00000427793 9606.ENSP00000235329 0 0 0 144 167 0 57 268 
9606.ENSP00000427793 9606.ENSP00000341489 0 0 0 0 261 0 0 261 
9606.ENSP00000427793 9606.ENSP00000229795 0 0 0 0 185 0 93 229 
9606.ENSP00000427793 9606.ENSP00000430237 0 0 0 61 54 900 52 904 
9606.ENSP00000427793 9606.ENSP00000432016 0 0 0 61 182 0 49 205 
9606.ENSP00000427793 9606.ENSP00000359683 0 0 0 64 124 0 49 152 
9606.ENSP00000427793 9606.ENSP00000242719 0 0 0 61 415 0 492 697 
9606.ENSP00000427793 9606.ENSP00000362994 0 0 0 59 160 0 42 176 
9606.ENSP00000427793 9606.ENSP00000391311 0 0 0 61 180 0 0 197 
9606.ENSP00000427793 9606.ENSP00000256925 0 0 0 64 0 0 373 388 
9606.ENSP00000427793 9606.ENSP00000428209 0 0 0 88 52 900 61 908 
9606.ENSP00000427793 9606.ENSP00000381293 0 0 0 0 66 0 148 170 
9606.ENSP00000427793 9606.ENSP00000329219 0 0 0 64 187 0 94 250 
9606.ENSP00000427793 9606.ENSP00000290649 0 0 0 63 131 0 151 248 
9606.ENSP00000427793 9606.ENSP00000405575 0 0 0 62 54 0 197 225 
9606.ENSP00000427793 9606.ENSP00000368411 0 0 0 0 66 900 68 905 
9606.ENSP00000427793 9606.ENSP00000257290 0 0 0 0 90 600 48 623 
9606.ENSP00000427793 9606.ENSP00000371394 0 0 0 88 128 0 0 170 
9606.ENSP00000427793 9606.ENSP00000414359 0 0 0 0 87 900 56 906 
9606.ENSP00000427793 9606.ENSP00000366819 0 0 0 53 0 0 194 204 
9606.ENSP00000427793 9606.ENSP00000378400 0 0 0 0 64 0 253 271 
9606.ENSP00000427793 9606.ENSP00000441543 0 0 0 57 583 900 173 963 
9606.ENSP00000427793 9606.ENSP00000222330 0 0 0 61 96 0 96 165 
9606.ENSP00000427793 9606.ENSP00000359149 0 0 0 0 0 900 52 901 
9606.ENSP00000427793 9606.ENSP00000310686 0 0 0 61 0 900 92 907 
9606.ENSP00000427793 9606.ENSP00000393313 0 0 0 63 179 0 198 329 
9606.ENSP00000427793 9606.ENSP00000454207 0 0 0 59 123 0 56 153 
9606.ENSP00000427793 9606.ENSP00000310219 0 0 0 0 156 0 0 156 
9606.ENSP00000427793 9606.ENSP00000477980 0 0 0 61 160 0 0 177 
9606.ENSP00000427793 9606.ENSP00000454804 0 0 0 0 0 0 158 158 
9606.ENSP00000427793 9606.ENSP00000249636 0 0 0 62 182 0 198 331 
9606.ENSP00000427793 9606.ENSP00000273480 0 0 0 0 0 900 168 913 
9606.ENSP00000427793 9606.ENSP00000288840 0 0 0 0 683 0 389 798 
9606.ENSP00000427793 9606.ENSP00000334373 0 0 0 64 92 0 90 159 
9606.ENSP00000427793 9606.ENSP00000020673 0 0 0 77 293 0 0 320 
9606.ENSP00000427793 9606.ENSP00000357425 0 0 0 63 140 0 131 238 
9606.ENSP00000427793 9606.ENSP00000263904 0 0 0 63 127 0 111 209 
9606.ENSP00000427793 9606.ENSP00000459533 0 0 0 0 520 0 102 551 
9606.ENSP00000427793 9606.ENSP00000444357 0 0 0 61 0 0 314 329 
9606.ENSP00000427793 9606.ENSP00000377250 0 0 0 117 85 0 59 173 
9606.ENSP00000427793 9606.ENSP00000244426 0 0 0 62 0 900 52 903 
9606.ENSP00000427793 9606.ENSP00000322885 0 0 0 0 179 0 224 335 
9606.ENSP00000427793 9606.ENSP00000370938 0 0 0 61 249 0 161 357 
9606.ENSP00000427793 9606.ENSP00000320563 0 0 0 142 52 0 43 153 
9606.ENSP00000427793 9606.ENSP00000467423 0 0 0 52 263 0 0 271 
9606.ENSP00000427793 9606.ENSP00000373696 0 0 0 118 0 900 259 929 
9606.ENSP00000427793 9606.ENSP00000384620 0 0 0 0 0 900 109 907 
9606.ENSP00000427793 9606.ENSP00000393154 0 0 0 0 0 900 0 900 
9606.ENSP00000427793 9606.ENSP00000347834 0 0 0 62 0 900 44 902 
9606.ENSP00000427793 9606.ENSP00000363390 0 0 0 51 50 900 242 922 
9606.ENSP00000427793 9606.ENSP00000361540 0 0 0 80 85 900 66 910 
9606.ENSP00000427793 9606.ENSP00000264431 0 0 0 0 0 0 293 293 
9606.ENSP00000427793 9606.ENSP00000382239 0 0 0 63 185 0 0 203 
9606.ENSP00000427793 9606.ENSP00000398523 0 0 0 0 0 0 440 440 
9606.ENSP00000427793 9606.ENSP00000338844 0 0 0 63 186 0 137 284 
9606.ENSP00000427793 9606.ENSP00000354481 0 0 0 0 0 0 183 183 
9606.ENSP00000427793 9606.ENSP00000312411 0 0 0 62 133 0 48 158 
9606.ENSP00000427793 9606.ENSP00000259457 0 0 0 0 87 900 56 906 
9606.ENSP00000427793 9606.ENSP00000327959 0 0 0 0 369 0 86 399 
9606.ENSP00000427793 9606.ENSP00000485133 0 0 0 60 675 0 603 868 
9606.ENSP00000427793 9606.ENSP00000340347 0 0 0 0 0 0 150 150 
9606.ENSP00000427793 9606.ENSP00000379808 0 0 0 0 0 0 186 186 
9606.ENSP00000427793 9606.ENSP00000479153 0 0 0 0 0 0 150 150 
9606.ENSP00000427793 9606.ENSP00000288670 0 0 0 0 165 0 155 264 
9606.ENSP00000427793 9606.ENSP00000290949 0 0 0 61 0 0 151 168 
9606.ENSP00000427793 9606.ENSP00000428924 0 0 0 0 96 0 219 263 
9606.ENSP00000427793 9606.ENSP00000274811 0 0 0 61 54 0 133 162 
9606.ENSP00000427793 9606.ENSP00000251849 0 0 0 62 96 900 55 909 
9606.ENSP00000427793 9606.ENSP00000420525 0 0 0 0 141 0 68 165 
9606.ENSP00000427793 9606.ENSP00000234396 0 0 0 61 160 0 0 177 
9606.ENSP00000427793 9606.ENSP00000256474 0 0 0 0 0 900 186 915 
9606.ENSP00000427793 9606.ENSP00000376317 0 0 0 55 126 0 58 154 
9606.ENSP00000427793 9606.ENSP00000358211 0 0 0 0 157 0 41 156 
9606.ENSP00000427793 9606.ENSP00000385410 0 0 0 0 261 0 49 267 
9606.ENSP00000427793 9606.ENSP00000274026 0 0 0 0 154 0 44 156 
9606.ENSP00000427793 9606.ENSP00000369887 0 0 0 98 263 0 0 307 
9606.ENSP00000427793 9606.ENSP00000419465 0 0 0 0 0 0 300 300 
9606.ENSP00000427793 9606.ENSP00000328327 0 0 0 51 80 900 75 908 
9606.ENSP00000427793 9606.ENSP00000264607 0 0 0 51 84 900 0 905 
9606.ENSP00000427793 9606.ENSP00000369127 0 0 0 0 139 0 62 157 
9606.ENSP00000427793 9606.ENSP00000356042 0 0 0 0 398 0 114 444 
9606.ENSP00000427793 9606.ENSP00000384211 0 0 0 64 0 900 94 907 
9606.ENSP00000427793 9606.ENSP00000369154 0 0 0 0 380 0 165 460 
9606.ENSP00000427793 9606.ENSP00000260983 0 0 0 0 0 900 193 915 
9606.ENSP00000427793 9606.ENSP00000398789 0 0 0 80 160 0 42 195 
9606.ENSP00000427793 9606.ENSP00000470087 0 0 0 61 96 0 96 165 
9606.ENSP00000427793 9606.ENSP00000357631 0 0 0 62 185 0 44 205 
9606.ENSP00000427793 9606.ENSP00000366565 0 0 0 0 0 0 253 253 
9606.ENSP00000427793 9606.ENSP00000383199 0 0 0 62 195 900 162 928 
9606.ENSP00000427793 9606.ENSP00000322937 0 0 0 0 0 900 384 935 
9606.ENSP00000427793 9606.ENSP00000251268 0 0 0 62 0 0 173 191 
9606.ENSP00000427793 9606.ENSP00000321326 0 0 0 0 0 0 156 156 
9606.ENSP00000427793 9606.ENSP00000298510 0 0 0 0 82 0 364 391 
9606.ENSP00000427793 9606.ENSP00000233202 0 0 0 61 85 0 132 189 
9606.ENSP00000427793 9606.ENSP00000417706 0 0 0 0 0 0 222 222 
9606.ENSP00000427793 9606.ENSP00000351933 0 1 0 62 0 900 59 904 
9606.ENSP00000427793 9606.ENSP00000349785 0 0 0 62 169 0 43 188 
9606.ENSP00000427793 9606.ENSP00000476795 0 2 0 61 0 900 68 904 
9606.ENSP00000427793 9606.ENSP00000435585 0 0 0 0 266 0 0 266 
9606.ENSP00000427793 9606.ENSP00000264346 0 0 0 0 0 900 110 907 
9606.ENSP00000427793 9606.ENSP00000363708 0 0 0 56 96 0 194 252 
9606.ENSP00000427793 9606.ENSP00000253048 0 0 0 61 298 0 43 314 
9606.ENSP00000427793 9606.ENSP00000295065 0 0 0 61 0 0 204 221 
9606.ENSP00000427793 9606.ENSP00000365944 0 0 0 0 0 900 43 900 
9606.ENSP00000427793 9606.ENSP00000262306 0 0 0 0 0 900 118 908 
9606.ENSP00000427793 9606.ENSP00000351484 0 0 0 0 180 0 128 254 
9606.ENSP00000427793 9606.ENSP00000421842 0 0 0 0 0 900 47 900 
9606.ENSP00000427793 9606.ENSP00000257836 0 0 0 0 0 0 204 204 
9606.ENSP00000427793 9606.ENSP00000217173 0 0 0 136 113 900 94 921 
9606.ENSP00000427793 9606.ENSP00000376345 0 0 0 0 125 0 140 215 
9606.ENSP00000427793 9606.ENSP00000364802 0 0 0 0 157 0 56 170 
9606.ENSP00000427793 9606.ENSP00000205214 0 0 0 62 185 0 0 202 
9606.ENSP00000427793 9606.ENSP00000380159 0 0 0 0 0 0 293 293 
9606.ENSP00000427793 9606.ENSP00000371200 0 0 0 62 314 0 231 462 
9606.ENSP00000427793 9606.ENSP00000380921 0 0 0 61 157 0 161 277 
9606.ENSP00000427793 9606.ENSP00000338157 0 0 0 50 68 900 0 903 
9606.ENSP00000427793 9606.ENSP00000346148 0 0 0 62 82 0 99 156 
9606.ENSP00000427793 9606.ENSP00000442600 0 0 0 0 255 0 56 266 
9606.ENSP00000427793 9606.ENSP00000331268 0 0 0 0 156 0 0 156 
9606.ENSP00000427793 9606.ENSP00000263212 0 0 0 62 133 0 0 151 
9606.ENSP00000427793 9606.ENSP00000349957 0 0 0 0 0 900 158 912 
9606.ENSP00000427793 9606.ENSP00000336800 0 1 0 48 0 900 0 900 
9606.ENSP00000427793 9606.ENSP00000381535 0 0 0 63 127 0 49 154 
9606.ENSP00000427793 9606.ENSP00000393183 0 0 0 63 0 900 50 903 
9606.ENSP00000427793 9606.ENSP00000356370 0 0 0 0 186 0 102 237 
9606.ENSP00000427793 9606.ENSP00000254436 0 0 0 51 50 900 212 919 
9606.ENSP00000427793 9606.ENSP00000255465 0 0 0 0 154 0 44 156 
9606.ENSP00000427793 9606.ENSP00000368799 0 0 0 0 0 900 43 900 
9606.ENSP00000427793 9606.ENSP00000464060 0 0 0 0 186 0 102 237 
9606.ENSP00000427793 9606.ENSP00000353224 0 0 0 0 141 0 72 169 
9606.ENSP00000427793 9606.ENSP00000175091 0 0 0 0 192 0 0 192 
9606.ENSP00000427793 9606.ENSP00000358815 0 0 0 61 129 0 147 241 
9606.ENSP00000427793 9606.ENSP00000358081 0 0 0 0 0 0 230 230 
9606.ENSP00000427793 9606.ENSP00000393312 0 0 0 0 181 0 0 181 
9606.ENSP00000427793 9606.ENSP00000388648 0 0 0 62 52 0 120 150 
9606.ENSP00000427793 9606.ENSP00000204604 0 0 0 0 164 0 106 220 
9606.ENSP00000427793 9606.ENSP00000427802 0 0 0 0 180 0 55 191 
9606.ENSP00000427793 9606.ENSP00000392466 0 0 0 0 266 0 0 266 
9606.ENSP00000427793 9606.ENSP00000419923 0 0 0 50 68 0 340 365 
9606.ENSP00000427793 9606.ENSP00000262971 0 0 0 62 182 0 139 282 
9606.ENSP00000427793 9606.ENSP00000364403 0 0 0 109 0 900 97 912 
9606.ENSP00000427793 9606.ENSP00000171111 0 3 0 48 0 900 59 902 
9606.ENSP00000427793 9606.ENSP00000483453 0 0 0 63 126 0 154 246 
9606.ENSP00000427793 9606.ENSP00000477846 0 0 0 53 0 0 156 166 
9606.ENSP00000427793 9606.ENSP00000415434 0 0 0 82 172 0 101 256 
9606.ENSP00000427793 9606.ENSP00000372005 0 0 0 61 52 0 131 159 
9606.ENSP00000427793 9606.ENSP00000295025 0 0 0 0 0 0 275 275 
9606.ENSP00000427793 9606.ENSP00000371475 0 0 0 55 148 0 58 175 
9606.ENSP00000427793 9606.ENSP00000351777 0 0 0 50 104 0 182 243 
9606.ENSP00000427793 9606.ENSP00000385684 0 0 0 61 0 900 118 909 
9606.ENSP00000427793 9606.ENSP00000348769 0 0 0 0 0 900 65 902 
9606.ENSP00000427793 9606.ENSP00000377547 0 0 0 0 154 0 44 156 
9606.ENSP00000427793 9606.ENSP00000229214 0 0 0 0 123 0 78 156 
9606.ENSP00000427793 9606.ENSP00000312081 0 0 0 83 111 0 49 157 
9606.ENSP00000427793 9606.ENSP00000321309 0 0 0 0 0 0 224 224 
9606.ENSP00000427793 9606.ENSP00000264864 0 0 0 64 124 0 49 152 
9606.ENSP00000427793 9606.ENSP00000378350 0 0 0 64 0 900 44 902 
9606.ENSP00000427793 9606.ENSP00000402608 0 0 0 59 0 0 148 163 
9606.ENSP00000427793 9606.ENSP00000232165 0 0 0 63 0 900 254 924 
9606.ENSP00000427793 9606.ENSP00000354643 0 0 0 0 158 0 0 158 
9606.ENSP00000427793 9606.ENSP00000264658 0 0 0 61 0 900 77 905 
9606.ENSP00000427793 9606.ENSP00000381577 0 0 0 82 121 0 57 172 
9606.ENSP00000427793 9606.ENSP00000376457 0 0 0 0 85 0 141 180 
9606.ENSP00000427793 9606.ENSP00000273047 0 0 0 62 55 0 253 280 
9606.ENSP00000427793 9606.ENSP00000263773 0 0 0 0 0 0 161 161 
9606.ENSP00000427793 9606.ENSP00000357907 0 0 0 47 186 0 90 232 
9606.ENSP00000427793 9606.ENSP00000262643 0 0 0 0 154 0 77 185 
9606.ENSP00000427793 9606.ENSP00000401802 0 0 0 0 85 900 65 906 
9606.ENSP00000427793 9606.ENSP00000356705 0 0 0 64 263 0 90 317 
9606.ENSP00000427793 9606.ENSP00000389252 0 0 0 0 79 0 129 163 
9606.ENSP00000427793 9606.ENSP00000397435 0 0 0 0 64 0 206 225 
9606.ENSP00000427793 9606.ENSP00000457411 0 0 0 63 157 0 226 335 
9606.ENSP00000427793 9606.ENSP00000462521 0 0 0 62 604 0 211 681 
9606.ENSP00000427793 9606.ENSP00000288207 0 0 0 0 328 0 44 330 
9606.ENSP00000427793 9606.ENSP00000274255 0 0 0 0 0 900 352 932 
9606.ENSP00000427793 9606.ENSP00000212015 0 0 0 107 0 0 126 186 
9606.ENSP00000427793 9606.ENSP00000338413 0 0 0 63 0 900 415 940 
9606.ENSP00000427793 9606.ENSP00000390158 0 0 0 64 55 900 46 904 
9606.ENSP00000427793 9606.ENSP00000287727 0 0 0 0 0 0 170 170 
9606.ENSP00000427793 9606.ENSP00000358283 0 0 0 63 0 900 0 902 
9606.ENSP00000427793 9606.ENSP00000304051 0 0 0 0 131 0 73 159 
9606.ENSP00000427793 9606.ENSP00000406084 0 0 0 62 77 0 126 177 
9606.ENSP00000427793 9606.ENSP00000253814 0 0 0 0 267 0 347 501 
9606.ENSP00000427793 9606.ENSP00000357637 0 0 0 0 168 0 116 233 
9606.ENSP00000427793 9606.ENSP00000370625 0 0 0 84 193 0 43 230 
9606.ENSP00000427793 9606.ENSP00000222250 0 0 0 62 533 0 365 698 
9606.ENSP00000427793 9606.ENSP00000332454 0 0 0 51 161 0 43 171 
9606.ENSP00000427793 9606.ENSP00000379975 0 0 0 51 80 0 173 214 
9606.ENSP00000427793 9606.ENSP00000370208 0 0 0 107 185 0 104 291 
9606.ENSP00000427793 9606.ENSP00000245960 0 0 0 0 185 0 86 223 
9606.ENSP00000427793 9606.ENSP00000264414 0 0 0 79 100 900 353 939 
9606.ENSP00000427793 9606.ENSP00000288266 0 0 0 50 57 0 187 208 
9606.ENSP00000427793 9606.ENSP00000317468 0 0 0 0 0 0 286 286 
9606.ENSP00000427793 9606.ENSP00000382104 0 0 0 94 145 0 0 192 
9606.ENSP00000427793 9606.ENSP00000370022 0 0 0 0 168 0 116 233 
9606.ENSP00000427793 9606.ENSP00000217426 0 0 0 0 0 0 204 204 
9606.ENSP00000427793 9606.ENSP00000387739 0 0 0 0 50 0 241 248 
9606.ENSP00000427793 9606.ENSP00000482767 0 0 0 61 185 0 0 201 
9606.ENSP00000427793 9606.ENSP00000340409 0 0 0 63 140 0 94 206 
9606.ENSP00000427793 9606.ENSP00000388107 0 0 0 0 410 900 154 945 
9606.ENSP00000427793 9606.ENSP00000271715 0 0 0 50 68 0 171 202 
9606.ENSP00000427793 9606.ENSP00000284637 0 0 0 51 50 900 161 914 
9606.ENSP00000427793 9606.ENSP00000386788 0 0 0 60 312 900 108 934 
9606.ENSP00000427793 9606.ENSP00000355689 0 0 0 0 57 0 351 362 
9606.ENSP00000427793 9606.ENSP00000292853 0 0 0 0 0 900 43 900 
9606.ENSP00000427793 9606.ENSP00000294383 0 0 0 82 121 0 183 283 
9606.ENSP00000427793 9606.ENSP00000261667 0 0 0 64 92 0 90 159 
9606.ENSP00000427793 9606.ENSP00000356530 0 0 0 63 161 0 43 181 
9606.ENSP00000427793 9606.ENSP00000221566 0 0 0 0 266 0 50 272 
9606.ENSP00000427793 9606.ENSP00000311121 0 0 0 0 87 900 56 906 
9606.ENSP00000427793 9606.ENSP00000483814 0 0 0 0 0 0 173 173 
9606.ENSP00000427793 9606.ENSP00000344456 0 0 0 64 127 0 185 275 
9606.ENSP00000427793 9606.ENSP00000417303 0 0 0 50 68 0 148 180 
9606.ENSP00000427793 9606.ENSP00000369611 0 0 0 50 185 0 0 192 
9606.ENSP00000427793 9606.ENSP00000398131 0 0 0 0 129 0 83 167 
9606.ENSP00000427793 9606.ENSP00000322373 0 0 0 140 0 0 67 163 
9606.ENSP00000427793 9606.ENSP00000479618 0 0 0 0 85 0 251 285 
9606.ENSP00000427793 9606.ENSP00000267484 0 0 0 0 0 0 152 152 
9606.ENSP00000427793 9606.ENSP00000334474 0 0 0 62 133 0 66 174 
9606.ENSP00000427793 9606.ENSP00000368813 0 0 0 48 0 0 359 363 
9606.ENSP00000427793 9606.ENSP00000262903 0 0 0 86 80 900 110 915 
9606.ENSP00000427793 9606.ENSP00000355195 0 0 0 51 84 900 0 905 
9606.ENSP00000427793 9606.ENSP00000430945 0 0 0 0 0 0 386 386 
9606.ENSP00000427793 9606.ENSP00000427567 0 0 0 64 132 0 50 160 
9606.ENSP00000427793 9606.ENSP00000262320 0 0 0 49 50 0 183 198 
9606.ENSP00000427793 9606.ENSP00000324205 0 0 0 82 0 0 151 188 
9606.ENSP00000427793 9606.ENSP00000365692 0 0 0 62 82 0 156 210 
9606.ENSP00000427793 9606.ENSP00000379133 0 0 0 0 268 0 64 285 
9606.ENSP00000427793 9606.ENSP00000264436 0 0 0 0 157 0 51 165 
9606.ENSP00000427793 9606.ENSP00000340596 0 0 0 63 0 900 108 909 
9606.ENSP00000427793 9606.ENSP00000445383 0 0 0 0 0 0 329 329 
9606.ENSP00000427793 9606.ENSP00000419199 0 0 0 51 84 900 100 911 
9606.ENSP00000427793 9606.ENSP00000362649 0 0 0 63 0 0 143 163 
9606.ENSP00000427793 9606.ENSP00000229268 0 0 0 86 0 0 138 178 
9606.ENSP00000427793 9606.ENSP00000474823 0 0 0 62 54 0 198 226 
9606.ENSP00000427793 9606.ENSP00000439120 0 0 0 0 379 0 387 603 
9606.ENSP00000427793 9606.ENSP00000378199 0 0 0 0 157 0 56 170 
9606.ENSP00000427793 9606.ENSP00000320543 0 0 0 64 89 0 127 190 
9606.ENSP00000427793 9606.ENSP00000301607 0 0 0 0 64 0 138 158 
9606.ENSP00000427793 9606.ENSP00000383044 0 0 0 82 262 0 270 462 
9606.ENSP00000427793 9606.ENSP00000363318 0 0 0 0 254 0 0 254 
9606.ENSP00000427793 9606.ENSP00000376330 0 0 0 0 158 0 44 160 
9606.ENSP00000427793 9606.ENSP00000428338 0 0 0 0 0 900 0 900 
9606.ENSP00000427793 9606.ENSP00000366249 0 0 0 57 300 0 233 449 
9606.ENSP00000427793 9606.ENSP00000356104 0 0 0 0 187 0 171 297 
9606.ENSP00000427793 9606.ENSP00000309198 0 0 0 140 0 900 182 923 
9606.ENSP00000427793 9606.ENSP00000355028 0 0 0 61 54 900 202 919 
9606.ENSP00000427793 9606.ENSP00000285393 0 0 0 61 0 0 173 191 
9606.ENSP00000427793 9606.ENSP00000464265 0 0 0 57 399 0 127 462 
9606.ENSP00000427793 9606.ENSP00000283195 0 0 0 62 170 0 66 210 
9606.ENSP00000427793 9606.ENSP00000320171 0 0 0 0 194 0 0 194 
9606.ENSP00000427793 9606.ENSP00000433138 0 0 0 0 80 0 119 154 
9606.ENSP00000427793 9606.ENSP00000323913 0 0 0 51 50 0 389 401 
9606.ENSP00000427793 9606.ENSP00000356981 0 0 0 82 131 0 180 288 
9606.ENSP00000427793 9606.ENSP00000341551 0 0 0 61 515 0 415 711 
9606.ENSP00000427793 9606.ENSP00000420477 0 0 0 0 158 0 43 159 
9606.ENSP00000427793 9606.ENSP00000362222 0 0 0 62 82 0 132 187 
9606.ENSP00000427793 9606.ENSP00000314608 0 0 0 0 0 900 0 900 
9606.ENSP00000427793 9606.ENSP00000256999 0 0 0 0 180 0 128 254 
9606.ENSP00000427793 9606.ENSP00000381876 0 0 0 64 181 0 50 208 
9606.ENSP00000427793 9606.ENSP00000262043 0 0 0 63 159 0 0 178 
9606.ENSP00000427793 9606.ENSP00000365210 0 0 0 0 181 0 44 183 
9606.ENSP00000427793 9606.ENSP00000276390 0 0 0 61 160 0 0 177 
9606.ENSP00000427793 9606.ENSP00000384966 0 0 0 0 0 0 179 179 
9606.ENSP00000427793 9606.ENSP00000378324 0 0 0 0 139 0 62 157 
9606.ENSP00000427793 9606.ENSP00000321388 0 0 0 51 84 900 96 910 
9606.ENSP00000427793 9606.ENSP00000376258 0 0 0 56 0 900 0 901 
9606.ENSP00000427793 9606.ENSP00000424765 0 0 0 0 50 0 249 256 
9606.ENSP00000427793 9606.ENSP00000290378 0 0 0 0 178 0 98 226 
9606.ENSP00000427793 9606.ENSP00000339340 0 0 0 62 0 0 299 315 
9606.ENSP00000427793 9606.ENSP00000305255 0 0 0 0 63 0 143 162 
9606.ENSP00000427793 9606.ENSP00000339063 0 0 0 0 157 0 57 171 
9606.ENSP00000427793 9606.ENSP00000300061 0 0 0 0 266 900 85 926 
9606.ENSP00000427793 9606.ENSP00000302111 0 0 0 0 141 0 57 155 
9606.ENSP00000427793 9606.ENSP00000479861 0 0 0 61 180 0 0 197 
9606.ENSP00000427793 9606.ENSP00000360985 0 0 0 77 127 0 127 235 
9606.ENSP00000427793 9606.ENSP00000429744 0 0 0 98 86 0 56 153 
9606.ENSP00000427793 9606.ENSP00000355051 0 0 0 0 261 0 0 261 
9606.ENSP00000427793 9606.ENSP00000266087 0 0 0 0 0 900 0 900 
9606.ENSP00000427793 9606.ENSP00000353735 0 0 0 61 0 0 181 198 
9606.ENSP00000427793 9606.ENSP00000349156 0 0 0 0 0 900 193 915 
9606.ENSP00000427793 9606.ENSP00000384823 0 0 0 64 0 900 91 907 
9606.ENSP00000427793 9606.ENSP00000171887 0 0 0 62 111 0 70 156 
9606.ENSP00000427793 9606.ENSP00000387176 0 0 0 0 178 0 98 226 
9606.ENSP00000427793 9606.ENSP00000261716 0 0 0 62 126 0 65 167 
9606.ENSP00000427793 9606.ENSP00000215832 0 0 0 0 185 0 112 245 
9606.ENSP00000427793 9606.ENSP00000378028 0 0 0 62 0 900 168 915 
9606.ENSP00000427793 9606.ENSP00000314004 0 0 0 51 0 900 0 901 
9606.ENSP00000427793 9606.ENSP00000430955 0 0 0 0 131 0 73 159 
9606.ENSP00000427793 9606.ENSP00000248071 0 0 0 50 396 0 310 569 
9606.ENSP00000427793 9606.ENSP00000345667 0 0 0 0 187 0 0 187 
9606.ENSP00000427793 9606.ENSP00000361107 0 0 0 0 170 0 68 193 
9606.ENSP00000427793 9606.ENSP00000252542 0 0 0 52 263 0 45 274 
9606.ENSP00000427793 9606.ENSP00000267101 0 0 0 0 76 0 174 204 
9606.ENSP00000427793 9606.ENSP00000361467 0 0 0 0 156 0 0 156 
9606.ENSP00000427793 9606.ENSP00000301712 0 0 0 54 0 900 43 901 
9606.ENSP00000427793 9606.ENSP00000337510 0 0 0 0 0 900 0 900 
9606.ENSP00000427793 9606.ENSP00000351416 0 0 0 61 182 0 49 205 
9606.ENSP00000427793 9606.ENSP00000337060 0 0 0 0 0 0 152 152 
9606.ENSP00000427793 9606.ENSP00000360642 0 0 0 61 0 0 132 150 
9606.ENSP00000427793 9606.ENSP00000223321 0 0 0 0 0 900 114 907 
9606.ENSP00000427793 9606.ENSP00000352738 0 0 0 0 106 0 149 206 
9606.ENSP00000427793 9606.ENSP00000345751 0 0 0 0 133 900 54 910 
9606.ENSP00000427793 9606.ENSP00000429084 0 0 0 100 0 0 153 206 
9606.ENSP00000427793 9606.ENSP00000264552 0 0 0 60 188 900 438 951 
9606.ENSP00000427793 9606.ENSP00000263246 0 0 0 0 133 0 88 175 
9606.ENSP00000427793 9606.ENSP00000261427 0 0 0 99 261 900 608 970 
9606.ENSP00000427793 9606.ENSP00000359380 0 0 0 60 0 0 158 174 
9606.ENSP00000427793 9606.ENSP00000463419 0 0 0 0 170 0 42 170 
9606.ENSP00000427793 9606.ENSP00000239243 0 0 0 0 0 900 0 900 
9606.ENSP00000427793 9606.ENSP00000451261 0 0 0 60 188 900 118 923 
9606.ENSP00000427793 9606.ENSP00000477590 0 0 0 121 0 0 133 206 
9606.ENSP00000427793 9606.ENSP00000360475 0 0 0 62 533 0 490 757 
9606.ENSP00000427793 9606.ENSP00000360803 0 0 0 0 0 0 167 167 
9606.ENSP00000427793 9606.ENSP00000331127 0 0 0 112 182 0 51 250 
9606.ENSP00000427793 9606.ENSP00000255641 0 0 0 63 0 0 160 179 
9606.ENSP00000427793 9606.ENSP00000380256 0 0 0 0 154 900 44 912 
9606.ENSP00000427793 9606.ENSP00000441158 0 0 0 113 91 0 58 174 
9606.ENSP00000427793 9606.ENSP00000344277 0 0 0 0 0 0 191 191 
9606.ENSP00000427793 9606.ENSP00000261721 0 0 0 91 0 900 0 905 
9606.ENSP00000427793 9606.ENSP00000420617 0 0 0 144 167 0 57 268 
9606.ENSP00000427793 9606.ENSP00000262370 0 0 0 63 0 900 0 902 
9606.ENSP00000427793 9606.ENSP00000312150 0 0 0 62 82 0 99 156 
9606.ENSP00000427793 9606.ENSP00000324511 0 0 0 61 180 0 0 197 
9606.ENSP00000427793 9606.ENSP00000358242 0 0 0 58 298 0 0 310 
9606.ENSP00000427793 9606.ENSP00000380178 0 0 0 116 188 900 201 935 
9606.ENSP00000427793 9606.ENSP00000364907 0 0 0 0 96 0 212 257 
9606.ENSP00000427793 9606.ENSP00000352182 0 0 0 56 0 0 224 236 
9606.ENSP00000427793 9606.ENSP00000360266 0 0 0 0 132 0 259 329 
9606.ENSP00000427793 9606.ENSP00000263640 0 0 0 0 170 0 75 200 
9606.ENSP00000427793 9606.ENSP00000303830 0 0 0 0 96 0 125 175 
9606.ENSP00000427793 9606.ENSP00000365891 0 0 0 0 185 0 95 230 
9606.ENSP00000427793 9606.ENSP00000253083 0 0 0 64 189 0 139 289 
9606.ENSP00000427793 9606.ENSP00000356832 0 0 0 78 127 900 101 917 
9606.ENSP00000427793 9606.ENSP00000335357 0 0 0 61 183 0 0 200 
9606.ENSP00000427793 9606.ENSP00000263925 0 0 0 59 311 900 283 947 
9606.ENSP00000427793 9606.ENSP00000265138 0 0 0 62 533 0 458 742 
9606.ENSP00000427793 9606.ENSP00000341247 0 0 0 0 129 0 83 167 
9606.ENSP00000427793 9606.ENSP00000223023 0 0 0 0 236 0 95 279 
9606.ENSP00000427793 9606.ENSP00000318480 0 0 0 63 0 0 203 221 
9606.ENSP00000427793 9606.ENSP00000371805 0 0 0 0 269 900 0 923 
9606.ENSP00000427793 9606.ENSP00000417659 0 0 0 62 133 0 0 151 
9606.ENSP00000427793 9606.ENSP00000415151 0 0 0 0 0 900 0 900 
9606.ENSP00000427793 9606.ENSP00000348381 0 0 0 0 157 0 66 178 
9606.ENSP00000427793 9606.ENSP00000378974 0 0 0 61 0 0 238 254 
9606.ENSP00000427793 9606.ENSP00000210313 0 0 0 0 0 900 93 905 
9606.ENSP00000427793 9606.ENSP00000350331 0 0 0 51 84 900 50 906 
9606.ENSP00000427793 9606.ENSP00000401878 0 0 0 48 0 900 0 900 
9606.ENSP00000427793 9606.ENSP00000323348 0 0 0 0 0 900 0 900 
9606.ENSP00000427793 9606.ENSP00000313601 0 0 0 61 0 0 132 150 
9606.ENSP00000427793 9606.ENSP00000349298 0 0 0 0 0 900 0 900 
9606.ENSP00000427793 9606.ENSP00000362555 0 0 0 63 0 900 144 912 
9606.ENSP00000427793 9606.ENSP00000260197 0 0 0 129 54 0 57 155 
9606.ENSP00000427793 9606.ENSP00000321475 0 0 0 48 0 0 363 367 
9606.ENSP00000427793 9606.ENSP00000296702 0 0 0 62 298 0 50 319 
9606.ENSP00000427793 9606.ENSP00000371267 0 0 0 0 210 0 89 249 
9606.ENSP00000427793 9606.ENSP00000262613 0 0 0 0 127 0 75 157 
9606.ENSP00000427793 9606.ENSP00000256442 0 0 0 0 328 0 44 330 
9606.ENSP00000427793 9606.ENSP00000463092 0 0 0 0 0 0 151 151 
9606.ENSP00000427793 9606.ENSP00000264157 0 0 0 61 266 0 0 281 
9606.ENSP00000427793 9606.ENSP00000285407 0 0 0 50 85 0 221 263 
9606.ENSP00000427793 9606.ENSP00000262461 0 0 0 0 157 0 43 158 
9606.ENSP00000427793 9606.ENSP00000353794 0 0 0 62 0 900 44 902 
9606.ENSP00000427793 9606.ENSP00000316512 0 0 0 64 0 0 292 309 
9606.ENSP00000427793 9606.ENSP00000304670 0 0 0 0 131 0 82 168 
9606.ENSP00000427793 9606.ENSP00000381992 0 0 0 61 180 0 0 197 
9606.ENSP00000427793 9606.ENSP00000410294 0 0 0 0 181 600 0 658 
9606.ENSP00000427793 9606.ENSP00000347244 0 0 0 62 53 0 213 239 
9606.ENSP00000427793 9606.ENSP00000295113 0 0 0 0 64 0 200 219 
9606.ENSP00000427793 9606.ENSP00000324173 0 0 0 0 157 0 57 171 
9606.ENSP00000427793 9606.ENSP00000295797 0 0 0 0 129 0 109 190 
9606.ENSP00000427793 9606.ENSP00000376534 0 0 0 62 54 0 419 439 
9606.ENSP00000427793 9606.ENSP00000267064 0 0 0 61 185 0 42 202 
9606.ENSP00000427793 9606.ENSP00000361245 0 0 0 86 64 900 70 909 
9606.ENSP00000427793 9606.ENSP00000348602 0 0 0 0 186 0 63 204 
9606.ENSP00000427793 9606.ENSP00000296098 0 0 0 51 50 0 203 218 
9606.ENSP00000427793 9606.ENSP00000216455 0 0 0 0 87 900 56 906 
9606.ENSP00000427793 9606.ENSP00000308944 0 0 0 120 82 0 44 160 
9606.ENSP00000427793 9606.ENSP00000339109 0 0 0 62 0 900 57 903 
9606.ENSP00000427793 9606.ENSP00000306974 0 0 0 0 0 0 193 193 
9606.ENSP00000427793 9606.ENSP00000345195 0 0 0 92 191 0 86 270 
9606.ENSP00000427793 9606.ENSP00000349722 0 0 0 61 508 900 321 964 
9606.ENSP00000427793 9606.ENSP00000226730 0 0 0 0 0 0 222 222 
9606.ENSP00000427793 9606.ENSP00000363228 0 0 0 63 185 0 0 203 
9606.ENSP00000427793 9606.ENSP00000324810 0 0 0 0 0 0 183 183 
9606.ENSP00000427793 9606.ENSP00000249373 0 0 0 0 157 0 100 208 
9606.ENSP00000427793 9606.ENSP00000311609 0 0 0 0 0 900 0 900 
9606.ENSP00000427793 9606.ENSP00000433146 0 0 0 86 121 0 151 258 
9606.ENSP00000427793 9606.ENSP00000369666 0 0 0 64 82 900 82 910 
9606.ENSP00000427793 9606.ENSP00000307684 0 0 0 79 138 0 62 190 
9606.ENSP00000427793 9606.ENSP00000366746 0 0 0 63 127 0 210 297 
9606.ENSP00000427793 9606.ENSP00000365678 0 0 0 61 80 0 105 159 
9606.ENSP00000427793 9606.ENSP00000247970 0 0 0 0 193 0 203 329 
9606.ENSP00000427793 9606.ENSP00000220514 0 0 0 0 0 0 236 236 
9606.ENSP00000427793 9606.ENSP00000353414 0 0 0 0 86 0 122 163 
9606.ENSP00000427793 9606.ENSP00000307208 0 0 0 87 84 0 283 347 
9606.ENSP00000427793 9606.ENSP00000293362 0 0 0 49 0 900 99 906 
9606.ENSP00000427793 9606.ENSP00000317332 0 0 0 78 133 0 42 167 
9606.ENSP00000427793 9606.ENSP00000362334 0 0 0 0 87 900 69 907 
9606.ENSP00000427793 9606.ENSP00000464619 0 0 0 0 170 0 42 170 
9606.ENSP00000427793 9606.ENSP00000373702 0 0 0 62 133 0 0 151 
9606.ENSP00000427793 9606.ENSP00000350708 0 0 0 57 191 0 99 252 
9606.ENSP00000427793 9606.ENSP00000378416 0 0 0 61 160 0 0 177 
9606.ENSP00000427793 9606.ENSP00000296525 0 0 0 51 84 900 0 905 
9606.ENSP00000427793 9606.ENSP00000430073 0 0 0 0 0 0 238 238 
9606.ENSP00000427793 9606.ENSP00000311318 0 0 0 116 0 0 112 182 
9606.ENSP00000427793 9606.ENSP00000484492 0 0 0 0 0 0 400 400 
9606.ENSP00000427793 9606.ENSP00000346986 0 0 0 61 0 0 173 190 
9606.ENSP00000427793 9606.ENSP00000467024 0 0 0 57 191 0 74 231 
9606.ENSP00000427793 9606.ENSP00000376765 0 0 0 62 182 0 75 228 
9606.ENSP00000427793 9606.ENSP00000348565 0 0 0 55 0 900 62 903 
9606.ENSP00000427793 9606.ENSP00000217402 0 0 0 95 0 0 120 170 
9606.ENSP00000427793 9606.ENSP00000309474 0 0 0 64 138 900 57 913 
9606.ENSP00000427793 9606.ENSP00000338039 0 0 0 60 0 900 0 901 
9606.ENSP00000427793 9606.ENSP00000217958 0 0 0 51 80 900 44 905 
9606.ENSP00000427793 9606.ENSP00000355923 0 0 0 0 386 0 163 464 
9606.ENSP00000427793 9606.ENSP00000392025 0 0 0 61 94 0 190 251 
9606.ENSP00000427793 9606.ENSP00000245451 0 0 0 0 157 0 72 184 
9606.ENSP00000427793 9606.ENSP00000362574 0 0 0 0 0 0 169 169 
9606.ENSP00000427793 9606.ENSP00000280871 0 0 0 0 266 0 65 284 
9606.ENSP00000427793 9606.ENSP00000376808 0 0 0 64 80 900 150 917 
9606.ENSP00000427793 9606.ENSP00000340305 0 0 0 0 50 900 92 906 
9606.ENSP00000427793 9606.ENSP00000347184 0 0 0 50 0 0 160 168 
9606.ENSP00000427793 9606.ENSP00000261890 0 0 0 0 84 0 138 177 
9606.ENSP00000427793 9606.ENSP00000264335 0 0 0 0 153 0 89 195 
9606.ENSP00000427793 9606.ENSP00000269305 0 0 0 0 76 0 319 343 
9606.ENSP00000427793 9606.ENSP00000483688 0 0 0 0 87 900 56 906 
9606.ENSP00000427793 9606.ENSP00000480364 0 0 0 64 55 0 147 180 
9606.ENSP00000427793 9606.ENSP00000316779 0 0 0 0 186 0 77 217 
9606.ENSP00000427793 9606.ENSP00000301727 0 0 0 50 68 0 307 333 
9606.ENSP00000427793 9606.ENSP00000337838 0 0 0 0 379 0 113 425 
9606.ENSP00000427793 9606.ENSP00000297282 0 0 0 62 157 0 0 175 
9606.ENSP00000427793 9606.ENSP00000358674 0 0 0 57 300 0 67 330 
9606.ENSP00000427793 9606.ENSP00000371084 0 0 0 63 86 0 255 306 
9606.ENSP00000427793 9606.ENSP00000282572 0 0 0 0 181 0 44 183 
9606.ENSP00000427793 9606.ENSP00000378557 0 0 0 64 181 0 50 208 
9606.ENSP00000427793 9606.ENSP00000314499 0 0 0 64 111 0 74 162 
9606.ENSP00000427793 9606.ENSP00000306772 0 0 0 0 266 0 0 266 
9606.ENSP00000427793 9606.ENSP00000356425 0 0 0 61 0 0 331 345 
9606.ENSP00000427793 9606.ENSP00000340900 0 0 0 50 185 0 0 192 
9606.ENSP00000427793 9606.ENSP00000426103 0 0 0 59 84 900 155 917 
9606.ENSP00000427793 9606.ENSP00000315743 0 0 0 0 181 0 44 183 
9606.ENSP00000427793 9606.ENSP00000386532 0 0 0 51 84 900 0 905 
9606.ENSP00000427793 9606.ENSP00000259808 0 0 0 0 127 0 73 156 
9606.ENSP00000427793 9606.ENSP00000011619 0 0 0 129 86 0 118 237 
9606.ENSP00000427793 9606.ENSP00000352572 0 0 0 55 0 0 158 170 
9606.ENSP00000427793 9606.ENSP00000379287 0 0 0 0 153 0 89 195 
9606.ENSP00000427793 9606.ENSP00000242140 0 0 0 0 158 0 44 160 
9606.ENSP00000427793 9606.ENSP00000361021 0 0 0 62 363 0 229 499 
9606.ENSP00000427793 9606.ENSP00000270586 0 0 0 52 0 900 67 903 
9606.ENSP00000427793 9606.ENSP00000285199 0 0 0 79 87 0 92 169 
9606.ENSP00000427793 9606.ENSP00000481029 0 0 0 62 85 900 264 928 
9606.ENSP00000427793 9606.ENSP00000303394 0 0 0 0 80 0 211 243 
9606.ENSP00000427793 9606.ENSP00000360798 0 0 0 63 179 0 392 491 
9606.ENSP00000427793 9606.ENSP00000431376 0 0 0 0 175 0 0 175 
9606.ENSP00000427793 9606.ENSP00000201647 0 0 0 0 181 0 0 181 
9606.ENSP00000427793 9606.ENSP00000264834 0 0 0 50 68 0 135 167 
9606.ENSP00000427793 9606.ENSP00000485638 0 0 0 0 170 0 42 170 
9606.ENSP00000427793 9606.ENSP00000367830 0 0 0 0 129 0 89 172 
9606.ENSP00000427793 9606.ENSP00000355865 0 0 0 0 0 900 260 922 
9606.ENSP00000427793 9606.ENSP00000335091 0 0 0 52 0 900 49 901 
9606.ENSP00000427793 9606.ENSP00000284440 0 0 0 49 0 0 173 180 
9606.ENSP00000427793 9606.ENSP00000358795 0 0 0 61 129 0 147 241 
9606.ENSP00000427793 9606.ENSP00000295087 0 0 0 89 84 0 161 238 
9606.ENSP00000427793 9606.ENSP00000384103 0 0 0 0 0 0 244 244 
9606.ENSP00000427793 9606.ENSP00000397351 0 0 0 64 186 0 50 212 
9606.ENSP00000427793 9606.ENSP00000265560 0 0 0 62 0 0 142 161 
9606.ENSP00000427793 9606.ENSP00000348538 0 0 0 52 0 0 148 158 
9606.ENSP00000427793 9606.ENSP00000280377 0 0 0 62 0 0 323 338 
9606.ENSP00000427793 9606.ENSP00000365961 0 0 0 0 0 900 43 900 
9606.ENSP00000427793 9606.ENSP00000368699 0 0 0 57 300 0 168 402 
9606.ENSP00000427793 9606.ENSP00000255977 0 0 0 0 0 900 66 902 
9606.ENSP00000427793 9606.ENSP00000401023 0 0 0 0 0 900 66 902 
9606.ENSP00000427793 9606.ENSP00000356150 0 0 0 0 0 0 218 218 
9606.ENSP00000427793 9606.ENSP00000253794 0 0 0 0 0 0 205 205 
9606.ENSP00000427793 9606.ENSP00000238558 0 0 0 0 261 0 58 274 
9606.ENSP00000427793 9606.ENSP00000440485 0 0 0 0 0 900 0 900 
9606.ENSP00000427793 9606.ENSP00000309262 0 0 0 82 172 0 117 270 
9606.ENSP00000427793 9606.ENSP00000381216 0 0 0 0 0 0 152 152 
9606.ENSP00000427793 9606.ENSP00000400175 0 0 0 0 84 0 114 154 
9606.ENSP00000427793 9606.ENSP00000282908 0 0 0 63 127 0 64 168 
9606.ENSP00000427793 9606.ENSP00000260187 0 0 0 82 131 0 239 340 
9606.ENSP00000427793 9606.ENSP00000216160 0 0 0 62 133 0 203 295 
9606.ENSP00000427793 9606.ENSP00000383719 0 0 0 0 104 900 100 912 
9606.ENSP00000427793 9606.ENSP00000339484 0 0 0 61 300 0 67 333 
9606.ENSP00000427793 9606.ENSP00000378307 0 0 0 86 54 0 106 160 
9606.ENSP00000427793 9606.ENSP00000347997 0 0 0 57 191 0 58 218 
9606.ENSP00000427793 9606.ENSP00000261819 0 0 0 0 0 900 0 900 
9606.ENSP00000427793 9606.ENSP00000326813 0 0 0 62 0 0 319 334 
9606.ENSP00000427793 9606.ENSP00000276569 0 0 0 151 0 0 0 151 
9606.ENSP00000427793 9606.ENSP00000368758 0 0 0 0 0 0 167 167 
9606.ENSP00000427793 9606.ENSP00000415840 0 0 0 62 185 0 81 236 
9606.ENSP00000427793 9606.ENSP00000385610 0 0 0 0 0 900 83 904 
9606.ENSP00000427793 9606.ENSP00000414147 0 0 0 61 379 0 452 653 
9606.ENSP00000427793 9606.ENSP00000373272 0 0 0 51 50 900 0 901 
9606.ENSP00000427793 9606.ENSP00000358120 0 0 0 0 0 0 194 194 
9606.ENSP00000427793 9606.ENSP00000268933 0 0 0 64 89 0 127 190 
9606.ENSP00000427793 9606.ENSP00000356811 0 0 0 61 129 0 57 161 
9606.ENSP00000427793 9606.ENSP00000381717 0 0 0 61 508 900 438 970 
9606.ENSP00000427793 9606.ENSP00000340776 0 0 0 61 0 0 187 203 
9606.ENSP00000427793 9606.ENSP00000304697 0 0 0 57 399 900 129 944 
9606.ENSP00000427793 9606.ENSP00000296233 0 0 0 50 68 0 212 242 
9606.ENSP00000427793 9606.ENSP00000261845 0 0 0 0 185 0 82 220 
9606.ENSP00000427793 9606.ENSP00000217182 0 0 0 0 157 0 57 171 
9606.ENSP00000427793 9606.ENSP00000261609 0 0 0 64 55 900 92 908 
9606.ENSP00000427793 9606.ENSP00000361359 0 0 0 0 163 0 0 163 
9606.ENSP00000427793 9606.ENSP00000266458 0 0 0 62 169 0 99 236 
9606.ENSP00000427793 9606.ENSP00000427772 0 0 0 0 88 0 145 186 
9606.ENSP00000427793 9606.ENSP00000367545 0 0 0 0 137 0 146 231 
9606.ENSP00000427793 9606.ENSP00000303315 0 0 0 0 132 0 244 316 
9606.ENSP00000427793 9606.ENSP00000238682 0 0 0 0 80 900 47 904 
9606.ENSP00000427793 9606.ENSP00000361027 0 0 0 0 50 0 199 207 
9606.ENSP00000427793 9606.ENSP00000215071 0 0 0 50 0 900 107 907 
9606.ENSP00000427793 9606.ENSP00000264639 0 0 0 58 0 900 120 909 
9606.ENSP00000427793 9606.ENSP00000354085 0 0 0 61 182 0 49 205 
9606.ENSP00000427793 9606.ENSP00000282369 0 0 0 51 50 900 0 901 
9606.ENSP00000427793 9606.ENSP00000455064 0 0 0 0 77 0 144 176 
9606.ENSP00000427793 9606.ENSP00000312649 0 0 0 0 0 900 49 900 
9606.ENSP00000427793 9606.ENSP00000216802 0 0 0 49 0 900 0 900 
9606.ENSP00000427793 9606.ENSP00000268876 0 0 0 61 0 0 192 209 
9606.ENSP00000427793 9606.ENSP00000373905 0 0 0 64 263 0 111 333 
9606.ENSP00000427793 9606.ENSP00000326804 0 0 0 63 103 900 230 926 
9606.ENSP00000427793 9606.ENSP00000348442 0 0 0 0 58 900 67 904 
9606.ENSP00000427793 9606.ENSP00000302961 0 0 0 0 157 0 107 215 
9606.ENSP00000427793 9606.ENSP00000277541 0 0 0 0 472 0 237 581 
9606.ENSP00000427793 9606.ENSP00000351314 0 0 0 0 87 900 56 906 
9606.ENSP00000427793 9606.ENSP00000332353 0 0 0 0 432 0 132 487 
9606.ENSP00000427793 9606.ENSP00000262367 0 0 0 62 54 0 209 237 
9606.ENSP00000427793 9606.ENSP00000396467 0 0 0 61 0 0 167 184 
9606.ENSP00000427793 9606.ENSP00000335153 0 0 0 0 129 0 152 230 
9606.ENSP00000427793 9606.ENSP00000386488 0 0 0 0 178 0 43 179 
9606.ENSP00000427793 9606.ENSP00000263228 0 0 0 116 188 900 204 935 
9606.ENSP00000427793 9606.ENSP00000237163 0 0 0 94 145 0 0 192 
9606.ENSP00000427793 9606.ENSP00000318687 0 0 0 0 156 0 0 156 
9606.ENSP00000427793 9606.ENSP00000254480 0 0 0 61 185 0 42 202 
9606.ENSP00000427793 9606.ENSP00000476369 0 0 0 61 0 900 0 902 
9606.ENSP00000427793 9606.ENSP00000368797 0 0 0 61 0 900 43 902 
9606.ENSP00000427793 9606.ENSP00000396937 0 0 0 50 0 900 77 904 
9606.ENSP00000427793 9606.ENSP00000355014 0 0 0 61 54 900 58 905 
9606.ENSP00000427793 9606.ENSP00000266970 0 0 0 61 97 0 94 164 
9606.ENSP00000427793 9606.ENSP00000363046 0 0 0 62 0 0 152 171 
9606.ENSP00000427793 9606.ENSP00000366395 0 0 0 0 185 0 190 312 
9606.ENSP00000427793 9606.ENSP00000360609 0 0 0 0 119 0 97 171 
9606.ENSP00000427793 9606.ENSP00000271308 0 0 0 0 87 900 56 906 
9606.ENSP00000427793 9606.ENSP00000414922 0 0 0 82 172 0 101 256 
9606.ENSP00000427793 9606.ENSP00000478501 0 0 0 0 0 900 88 904 
9606.ENSP00000427793 9606.ENSP00000265171 0 0 0 0 54 0 205 215 
9606.ENSP00000427793 9606.ENSP00000421592 0 0 0 0 183 0 56 195 
9606.ENSP00000427793 9606.ENSP00000308413 0 0 0 80 127 0 59 178 
9606.ENSP00000427793 9606.ENSP00000480798 0 0 0 61 267 0 438 579 
9606.ENSP00000427793 9606.ENSP00000259915 0 0 0 0 129 0 257 325 
9606.ENSP00000427793 9606.ENSP00000263966 0 0 0 86 0 0 171 210 
9606.ENSP00000427793 9606.ENSP00000455229 0 0 0 0 193 0 0 193 
9606.ENSP00000427793 9606.ENSP00000233615 0 0 0 0 319 0 100 361 
9606.ENSP00000427793 9606.ENSP00000423897 0 4 0 48 0 900 0 900 
9606.ENSP00000427793 9606.ENSP00000438262 0 0 0 0 185 0 43 186 
9606.ENSP00000427793 9606.ENSP00000219313 0 0 0 0 56 900 95 907 
9606.ENSP00000427793 9606.ENSP00000229264 0 0 0 62 157 0 59 190 
9606.ENSP00000427793 9606.ENSP00000442656 0 0 0 0 170 0 94 216 
9606.ENSP00000427793 9606.ENSP00000332983 0 0 0 63 265 0 410 558 
9606.ENSP00000427793 9606.ENSP00000379721 0 0 0 116 131 0 399 498 
9606.ENSP00000427793 9606.ENSP00000287097 0 0 0 0 0 0 314 314 
9606.ENSP00000427793 9606.ENSP00000360200 0 0 0 0 157 0 50 164 
9606.ENSP00000427793 9606.ENSP00000367623 0 0 0 0 156 0 0 156 
9606.ENSP00000427793 9606.ENSP00000297524 0 0 0 63 77 0 190 238 
9606.ENSP00000427793 9606.ENSP00000318944 0 0 0 61 56 900 82 907 
9606.ENSP00000427793 9606.ENSP00000326531 0 0 0 0 0 0 213 213 
9606.ENSP00000427793 9606.ENSP00000327994 0 0 0 51 50 900 62 904 
9606.ENSP00000427793 9606.ENSP00000322898 0 0 0 0 168 0 116 233 
9606.ENSP00000427793 9606.ENSP00000482954 0 0 0 0 0 0 153 153 
9606.ENSP00000427793 9606.ENSP00000312631 0 0 0 0 156 0 0 156 
9606.ENSP00000427793 9606.ENSP00000430241 0 0 0 0 168 0 116 233 
9606.ENSP00000427793 9606.ENSP00000457703 0 0 0 57 191 0 58 218 
9606.ENSP00000427793 9606.ENSP00000292476 0 0 0 0 178 0 43 179 
9606.ENSP00000427793 9606.ENSP00000379217 0 0 0 0 127 0 108 187 
9606.ENSP00000427793 9606.ENSP00000349960 0 0 0 0 178 0 103 231 
9606.ENSP00000427793 9606.ENSP00000272317 0 0 0 57 554 900 115 957 
9606.ENSP00000427793 9606.ENSP00000431482 0 0 0 57 191 0 57 217 
9606.ENSP00000427793 9606.ENSP00000404079 0 0 0 0 102 0 129 184 
9606.ENSP00000427793 9606.ENSP00000270279 0 0 0 61 185 0 197 331 
9606.ENSP00000427793 9606.ENSP00000257515 0 0 0 0 232 0 0 232 
9606.ENSP00000427793 9606.ENSP00000280772 0 0 0 51 80 0 130 174 
9606.ENSP00000427793 9606.ENSP00000362728 0 0 0 62 92 0 90 157 
9606.ENSP00000427793 9606.ENSP00000281537 0 0 0 0 185 0 296 402 
9606.ENSP00000427793 9606.ENSP00000342755 0 0 0 59 56 900 296 929 
9606.ENSP00000427793 9606.ENSP00000361930 0 0 0 0 153 0 89 195 
9606.ENSP00000427793 9606.ENSP00000351395 0 0 0 0 0 0 221 221 
9606.ENSP00000427793 9606.ENSP00000216225 0 0 0 0 0 900 262 923 
9606.ENSP00000427793 9606.ENSP00000330221 0 0 0 0 0 900 0 900 
9606.ENSP00000427793 9606.ENSP00000343526 0 0 0 0 0 0 158 158 
9606.ENSP00000427793 9606.ENSP00000264867 0 0 0 0 0 900 0 900 
9606.ENSP00000427793 9606.ENSP00000229335 0 0 0 0 156 0 0 156 
9606.ENSP00000427793 9606.ENSP00000262394 0 0 0 59 0 900 0 901 
9606.ENSP00000427793 9606.ENSP00000432083 0 0 0 0 157 0 59 173 
9606.ENSP00000427793 9606.ENSP00000426654 0 0 0 0 0 900 65 902 
9606.ENSP00000427793 9606.ENSP00000264122 0 0 0 63 268 900 90 929 
9606.ENSP00000427793 9606.ENSP00000348838 0 0 0 60 188 900 160 927 
9606.ENSP00000427793 9606.ENSP00000247668 0 0 0 59 160 0 42 176 
9606.ENSP00000427793 9606.ENSP00000355205 0 0 0 115 82 0 44 155 
9606.ENSP00000427793 9606.ENSP00000247977 0 0 0 62 0 900 44 902 
9606.ENSP00000427793 9606.ENSP00000353292 0 0 0 0 360 900 61 934 
9606.ENSP00000427793 9606.ENSP00000221957 0 0 0 0 0 0 185 185 
9606.ENSP00000427793 9606.ENSP00000242261 0 0 0 0 0 900 47 900 
9606.ENSP00000427793 9606.ENSP00000381601 0 0 0 64 167 0 60 203 
9606.ENSP00000427793 9606.ENSP00000437409 0 0 0 0 125 0 98 177 
9606.ENSP00000427793 9606.ENSP00000479365 0 0 0 61 61 0 162 196 
9606.ENSP00000427793 9606.ENSP00000293414 0 0 0 51 84 900 0 905 
9606.ENSP00000427793 9606.ENSP00000382840 0 0 0 63 188 0 50 214 
9606.ENSP00000427793 9606.ENSP00000385824 0 0 0 61 0 0 156 173 
9606.ENSP00000427793 9606.ENSP00000402949 0 0 0 0 181 0 0 181 
9606.ENSP00000427793 9606.ENSP00000428968 0 0 0 98 0 900 140 915 
9606.ENSP00000427793 9606.ENSP00000379228 0 0 0 0 0 0 205 205 
9606.ENSP00000427793 9606.ENSP00000411848 0 0 0 63 0 0 153 172 
9606.ENSP00000427793 9606.ENSP00000386764 0 0 0 0 261 0 43 262 
9606.ENSP00000427793 9606.ENSP00000394394 0 0 0 0 0 900 82 904 
9606.ENSP00000427793 9606.ENSP00000371070 0 0 0 63 86 0 173 229 
9606.ENSP00000427793 9606.ENSP00000303706 0 0 0 0 185 0 86 223 
9606.ENSP00000427793 9606.ENSP00000351250 0 0 0 62 50 0 415 433 
9606.ENSP00000427793 9606.ENSP00000257600 0 0 0 0 179 0 224 335 
9606.ENSP00000427793 9606.ENSP00000313454 0 0 0 63 0 900 220 920 
9606.ENSP00000427793 9606.ENSP00000406220 0 0 0 63 173 0 47 197 
9606.ENSP00000427793 9606.ENSP00000354958 0 0 0 0 203 0 0 203 
9606.ENSP00000427793 9606.ENSP00000366915 0 0 0 50 396 0 477 674 
9606.ENSP00000427793 9606.ENSP00000227507 0 0 0 0 0 0 172 172 
9606.ENSP00000427793 9606.ENSP00000368104 0 0 0 0 157 0 159 261 
9606.ENSP00000427793 9606.ENSP00000276692 0 0 0 0 175 0 0 175 
9606.ENSP00000427793 9606.ENSP00000306881 0 0 0 63 186 0 137 284 
9606.ENSP00000427793 9606.ENSP00000341957 0 0 0 61 286 0 82 330 
9606.ENSP00000427793 9606.ENSP00000330341 0 0 0 0 0 900 41 900 
9606.ENSP00000427793 9606.ENSP00000451211 0 0 0 0 0 0 175 175 
9606.ENSP00000427793 9606.ENSP00000386541 0 0 0 0 56 900 162 914 
9606.ENSP00000427793 9606.ENSP00000344855 0 0 0 62 0 900 44 902 
9606.ENSP00000427793 9606.ENSP00000262158 0 0 0 0 690 900 499 983 
9606.ENSP00000427793 9606.ENSP00000221114 0 0 0 0 50 0 210 218 
9606.ENSP00000427793 9606.ENSP00000282561 0 0 0 0 329 0 121 385 
9606.ENSP00000427793 9606.ENSP00000306682 0 0 0 62 133 0 0 151 
9606.ENSP00000427793 9606.ENSP00000246794 0 0 0 0 124 0 257 321 
9606.ENSP00000427793 9606.ENSP00000483667 0 0 0 115 82 0 53 164 
9606.ENSP00000427793 9606.ENSP00000352926 0 0 0 0 266 0 101 312 
9606.ENSP00000427793 9606.ENSP00000468312 0 0 0 62 77 0 179 227 
9606.ENSP00000427793 9606.ENSP00000322457 0 0 0 0 0 900 297 926 
9606.ENSP00000427793 9606.ENSP00000354681 0 0 0 64 167 0 0 186 
9606.ENSP00000427793 9606.ENSP00000302768 0 0 0 90 79 0 111 190 
9606.ENSP00000427793 9606.ENSP00000259939 0 0 0 61 0 900 77 905 
9606.ENSP00000427793 9606.ENSP00000303709 0 0 0 60 312 900 168 939 
9606.ENSP00000427793 9606.ENSP00000326579 0 0 0 61 0 0 166 184 
9606.ENSP00000427793 9606.ENSP00000379500 0 0 0 63 0 0 165 184 
9606.ENSP00000427793 9606.ENSP00000261438 0 0 0 50 68 0 245 273 
9606.ENSP00000427793 9606.ENSP00000355645 0 0 0 0 178 0 98 226 
9606.ENSP00000427793 9606.ENSP00000360116 0 0 0 60 188 900 89 921 
9606.ENSP00000427793 9606.ENSP00000463650 0 0 0 61 54 900 215 920 
9606.ENSP00000427793 9606.ENSP00000215574 0 0 0 116 188 900 240 938 
9606.ENSP00000427793 9606.ENSP00000371875 0 0 0 0 0 900 68 902 
9606.ENSP00000427793 9606.ENSP00000430774 0 0 0 45 76 0 130 165 
9606.ENSP00000427793 9606.ENSP00000351475 0 0 0 62 163 0 44 183 
9606.ENSP00000427793 9606.ENSP00000266679 0 0 0 62 177 0 129 268 
9606.ENSP00000427793 9606.ENSP00000428480 0 0 0 0 0 900 0 900 
9606.ENSP00000427793 9606.ENSP00000468837 0 0 0 78 157 0 126 261 
9606.ENSP00000427793 9606.ENSP00000485259 0 0 0 0 186 0 102 237 
9606.ENSP00000427793 9606.ENSP00000266070 0 0 0 79 286 0 82 343 
9606.ENSP00000427793 9606.ENSP00000399518 0 0 0 0 0 0 177 177 
9606.ENSP00000427793 9606.ENSP00000339933 0 0 0 0 194 0 0 194 
9606.ENSP00000427793 9606.ENSP00000320893 0 0 0 51 84 900 0 905 
9606.ENSP00000427793 9606.ENSP00000328059 0 0 0 61 54 900 196 919 
9606.ENSP00000427793 9606.ENSP00000354558 0 0 0 114 262 0 166 407 
9606.ENSP00000427793 9606.ENSP00000374529 0 0 0 0 181 0 0 181 
9606.ENSP00000427793 9606.ENSP00000323879 0 0 0 62 0 900 56 903 
9606.ENSP00000427793 9606.ENSP00000323588 0 0 0 0 261 0 46 264 
9606.ENSP00000427793 9606.ENSP00000360966 0 0 0 0 164 0 43 165 
9606.ENSP00000427793 9606.ENSP00000377086 0 0 0 61 157 0 49 181 
9606.ENSP00000427793 9606.ENSP00000480971 0 0 0 51 58 0 134 158 
9606.ENSP00000427793 9606.ENSP00000282344 0 0 0 0 0 0 217 217 
9606.ENSP00000427793 9606.ENSP00000408292 0 0 0 51 50 900 125 910 
9606.ENSP00000427793 9606.ENSP00000355510 0 0 0 62 129 0 49 155 
9606.ENSP00000427793 9606.ENSP00000350078 0 0 0 63 0 0 195 213 
9606.ENSP00000427793 9606.ENSP00000292211 0 0 0 55 0 900 138 911 
9606.ENSP00000427793 9606.ENSP00000376410 0 0 0 64 132 0 50 160 
9606.ENSP00000427793 9606.ENSP00000248975 0 0 0 0 153 0 120 223 
9606.ENSP00000427793 9606.ENSP00000338348 0 0 0 63 124 900 178 923 
9606.ENSP00000427793 9606.ENSP00000322159 0 0 0 116 0 0 98 168 
9606.ENSP00000427793 9606.ENSP00000249442 0 0 0 0 0 0 182 182 
9606.ENSP00000427793 9606.ENSP00000238789 0 0 0 95 133 0 110 240 
9606.ENSP00000427793 9606.ENSP00000383234 0 0 0 0 185 0 50 192 
9606.ENSP00000427793 9606.ENSP00000415243 0 0 0 63 339 0 285 518 
9606.ENSP00000427793 9606.ENSP00000328187 0 0 0 0 0 900 0 900 
9606.ENSP00000427793 9606.ENSP00000423390 0 0 0 64 87 0 113 176 
9606.ENSP00000427793 9606.ENSP00000364389 0 0 0 62 194 0 50 219 
9606.ENSP00000427793 9606.ENSP00000429022 0 0 0 86 177 0 59 230 
9606.ENSP00000427793 9606.ENSP00000299736 0 0 0 0 0 0 201 201 
9606.ENSP00000427793 9606.ENSP00000386444 0 0 0 0 0 0 301 301 
9606.ENSP00000427793 9606.ENSP00000364016 0 0 0 0 87 900 163 916 
9606.ENSP00000427793 9606.ENSP00000257696 0 0 0 0 0 0 234 234 
9606.ENSP00000427793 9606.ENSP00000254260 0 0 0 62 186 0 121 270 
9606.ENSP00000427793 9606.ENSP00000356575 0 0 0 50 68 0 157 188 
9606.ENSP00000427793 9606.ENSP00000359910 0 0 0 0 87 900 56 906 
9606.ENSP00000427793 9606.ENSP00000263253 0 0 0 62 54 0 191 220 
9606.ENSP00000427793 9606.ENSP00000346437 0 0 0 62 0 900 102 908 
9606.ENSP00000427793 9606.ENSP00000310332 0 0 0 0 0 0 324 324 
9606.ENSP00000427793 9606.ENSP00000371000 0 0 0 63 54 900 146 914 
9606.ENSP00000427793 9606.ENSP00000420465 0 0 0 51 50 900 0 901 
9606.ENSP00000427793 9606.ENSP00000386331 0 0 0 63 81 0 123 179 
9606.ENSP00000427793 9606.ENSP00000438483 0 0 0 62 92 0 90 157 
9606.ENSP00000427793 9606.ENSP00000393596 0 0 0 60 262 0 119 336 
9606.ENSP00000427793 9606.ENSP00000333685 0 0 0 0 185 0 50 192 
9606.ENSP00000427793 9606.ENSP00000341051 0 0 0 53 0 0 156 166 
9606.ENSP00000427793 9606.ENSP00000268717 0 0 0 62 0 0 224 240 
9606.ENSP00000427793 9606.ENSP00000379457 0 0 0 62 158 0 57 190 
9606.ENSP00000427793 9606.ENSP00000435233 0 0 0 0 266 0 162 359 
9606.ENSP00000427793 9606.ENSP00000295951 0 0 0 63 85 0 91 152 
9606.ENSP00000427793 9606.ENSP00000258200 0 0 0 0 0 900 0 900 
9606.ENSP00000427793 9606.ENSP00000377001 0 0 0 62 101 0 153 224 
9606.ENSP00000427793 9606.ENSP00000364805 0 0 0 0 157 0 56 170 
9606.ENSP00000427793 9606.ENSP00000350651 0 0 0 0 0 0 159 159 
9606.ENSP00000427793 9606.ENSP00000356906 0 0 0 63 0 0 243 261 
9606.ENSP00000427793 9606.ENSP00000341779 0 0 0 107 128 0 66 210 
9606.ENSP00000427793 9606.ENSP00000377789 0 0 0 64 0 0 251 268 
9606.ENSP00000427793 9606.ENSP00000415556 0 0 0 59 0 0 285 298 
9606.ENSP00000427793 9606.ENSP00000287652 0 0 0 0 298 0 0 298 
9606.ENSP00000427793 9606.ENSP00000396755 0 0 0 0 181 0 44 183 
9606.ENSP00000427793 9606.ENSP00000448073 0 0 0 62 185 0 120 268 
9606.ENSP00000427793 9606.ENSP00000361446 0 0 0 63 124 0 57 158 
9606.ENSP00000427793 9606.ENSP00000461749 0 0 0 61 85 0 93 153 
9606.ENSP00000427793 9606.ENSP00000368989 0 0 0 0 0 0 163 163 
9606.ENSP00000427793 9606.ENSP00000044462 0 0 0 0 87 900 56 906 
9606.ENSP00000427793 9606.ENSP00000329418 0 0 0 0 0 900 50 900 
9606.ENSP00000427793 9606.ENSP00000367797 0 0 0 0 85 0 173 210 
9606.ENSP00000427793 9606.ENSP00000343925 0 0 0 0 389 0 0 389 
9606.ENSP00000427793 9606.ENSP00000296438 0 0 0 0 0 900 0 900 
9606.ENSP00000427793 9606.ENSP00000306866 0 0 0 62 169 0 59 202 
9606.ENSP00000427793 9606.ENSP00000397655 0 0 0 61 84 900 117 913 
9606.ENSP00000427793 9606.ENSP00000367299 0 0 0 64 49 0 295 318 
9606.ENSP00000427793 9606.ENSP00000243349 0 0 0 0 170 0 68 193 
9606.ENSP00000427793 9606.ENSP00000264731 0 0 0 0 441 900 262 955 
9606.ENSP00000427793 9606.ENSP00000352676 0 0 0 0 0 0 176 176 
9606.ENSP00000427793 9606.ENSP00000265562 0 0 0 63 286 0 177 401 
9606.ENSP00000427793 9606.ENSP00000341963 0 0 0 63 0 0 225 243 
9606.ENSP00000427793 9606.ENSP00000348056 0 0 0 60 188 0 252 379 
9606.ENSP00000427793 9606.ENSP00000341346 0 0 0 0 125 0 115 192 
9606.ENSP00000427793 9606.ENSP00000478927 0 0 0 0 160 0 144 250 
9606.ENSP00000427793 9606.ENSP00000257570 0 0 0 57 300 0 75 336 
9606.ENSP00000427793 9606.ENSP00000376945 0 0 0 61 0 900 0 902 
9606.ENSP00000427793 9606.ENSP00000451828 0 0 0 64 96 0 216 279 
9606.ENSP00000427793 9606.ENSP00000365576 0 0 0 57 191 0 114 265 
9606.ENSP00000427793 9606.ENSP00000268042 0 0 0 62 314 0 233 463 
9606.ENSP00000427793 9606.ENSP00000365844 0 0 0 51 50 900 105 908 
9606.ENSP00000427793 9606.ENSP00000433352 0 0 0 62 64 900 349 935 
9606.ENSP00000427793 9606.ENSP00000384136 0 0 0 62 71 0 103 151 
9606.ENSP00000427793 9606.ENSP00000384296 0 0 0 0 170 0 96 217 
9606.ENSP00000427793 9606.ENSP00000363661 0 0 0 61 0 0 138 155 
9606.ENSP00000427793 9606.ENSP00000229239 0 0 0 0 116 0 201 263 
9606.ENSP00000427793 9606.ENSP00000258149 0 0 0 61 0 0 377 389 
9606.ENSP00000427793 9606.ENSP00000256646 0 0 0 0 186 0 102 237 
9606.ENSP00000427793 9606.ENSP00000269571 0 0 0 0 76 0 267 294 
9606.ENSP00000427793 9606.ENSP00000359665 0 0 0 64 124 0 49 152 
9606.ENSP00000427793 9606.ENSP00000222598 0 0 0 0 0 900 49 900 
9606.ENSP00000427793 9606.ENSP00000382269 0 0 0 63 0 900 78 906 
9606.ENSP00000427793 9606.ENSP00000432279 0 0 0 61 0 0 214 230 
9606.ENSP00000427793 9606.ENSP00000328287 0 0 0 64 0 900 208 919 
9606.ENSP00000427793 9606.ENSP00000441954 0 0 0 0 528 0 237 624 
9606.ENSP00000427793 9606.ENSP00000234310 0 0 0 61 160 0 0 177 
9606.ENSP00000427793 9606.ENSP00000434614 0 0 0 0 85 900 0 904 
9606.ENSP00000427793 9606.ENSP00000292408 0 0 0 0 181 600 0 658 
9606.ENSP00000427793 9606.ENSP00000484176 0 0 0 53 0 0 156 166 
9606.ENSP00000427793 9606.ENSP00000334044 0 0 0 57 300 0 67 330 
9606.ENSP00000427793 9606.ENSP00000284142 0 0 0 0 0 900 0 900 
9606.ENSP00000427793 9606.ENSP00000340989 0 0 0 0 157 0 56 170 
9606.ENSP00000427793 9606.ENSP00000209884 0 7 0 56 0 900 105 908 
9606.ENSP00000427793 9606.ENSP00000261303 0 0 0 0 85 900 89 909 
9606.ENSP00000427793 9606.ENSP00000453019 0 0 0 0 151 0 0 151 
9606.ENSP00000427793 9606.ENSP00000363317 0 0 0 0 179 0 0 179 
9606.ENSP00000427793 9606.ENSP00000224862 0 0 0 62 264 900 96 929 
9606.ENSP00000427793 9606.ENSP00000466933 0 0 0 0 0 0 319 319 
9606.ENSP00000427793 9606.ENSP00000379025 0 0 0 61 0 900 0 902 
9606.ENSP00000427793 9606.ENSP00000306523 0 0 0 0 156 0 0 156 
9606.ENSP00000427793 9606.ENSP00000430684 0 0 0 61 96 0 158 223 
9606.ENSP00000427793 9606.ENSP00000250495 0 0 0 57 191 0 299 419 
9606.ENSP00000427793 9606.ENSP00000218348 0 0 0 62 0 0 250 266 
9606.ENSP00000427793 9606.ENSP00000428698 0 0 0 61 0 900 99 908 
9606.ENSP00000427793 9606.ENSP00000265339 0 0 0 61 188 900 193 930 
9606.ENSP00000427793 9606.ENSP00000429309 0 0 0 77 0 0 205 234 
9606.ENSP00000427793 9606.ENSP00000368924 0 0 0 0 254 0 0 254 
9606.ENSP00000427793 9606.ENSP00000344635 0 0 0 0 181 0 44 183 
9606.ENSP00000427793 9606.ENSP00000310841 0 0 0 0 0 900 0 900 
9606.ENSP00000427793 9606.ENSP00000254654 0 0 0 62 133 0 0 151 
9606.ENSP00000427793 9606.ENSP00000381775 0 0 0 0 0 0 153 153 
9606.ENSP00000427793 9606.ENSP00000297185 0 0 0 0 157 0 73 185 
9606.ENSP00000427793 9606.ENSP00000254958 0 0 0 0 185 0 136 266 
9606.ENSP00000427793 9606.ENSP00000479606 0 0 0 113 91 0 58 174 
9606.ENSP00000427793 9606.ENSP00000314030 0 0 0 0 139 0 62 157 
9606.ENSP00000427793 9606.ENSP00000340608 0 0 0 78 127 900 59 914 
9606.ENSP00000427793 9606.ENSP00000376024 0 0 0 78 133 0 115 231 
9606.ENSP00000427793 9606.ENSP00000342235 0 0 0 0 401 900 318 955 
9606.ENSP00000427793 9606.ENSP00000316176 0 0 0 94 312 900 302 950 
9606.ENSP00000427793 9606.ENSP00000261593 0 0 0 62 0 900 152 913 
9606.ENSP00000427793 9606.ENSP00000453177 0 0 0 51 50 900 43 902 
9606.ENSP00000427793 9606.ENSP00000386741 0 0 0 62 0 0 254 271 
9606.ENSP00000427793 9606.ENSP00000354916 0 0 0 62 194 0 50 219 
9606.ENSP00000427793 9606.ENSP00000237281 0 0 0 62 0 900 0 902 
9606.ENSP00000427793 9606.ENSP00000426568 0 0 0 0 560 0 170 619 
9606.ENSP00000427793 9606.ENSP00000252699 0 0 0 84 64 0 229 281 
9606.ENSP00000427793 9606.ENSP00000339824 0 0 0 0 181 600 0 658 
9606.ENSP00000427793 9606.ENSP00000460823 0 0 0 62 129 0 67 171 
9606.ENSP00000427793 9606.ENSP00000477341 0 0 0 62 133 0 0 151 
9606.ENSP00000427793 9606.ENSP00000366748 0 0 0 0 0 0 157 157 
9606.ENSP00000427793 9606.ENSP00000439444 0 0 0 0 170 0 42 170 
9606.ENSP00000427793 9606.ENSP00000384273 0 0 0 0 0 0 231 231 
9606.ENSP00000427793 9606.ENSP00000458162 0 0 0 0 178 0 98 226 
9606.ENSP00000427793 9606.ENSP00000219548 0 0 0 52 0 900 460 944 
9606.ENSP00000427793 9606.ENSP00000313420 0 0 0 112 182 0 51 250 
9606.ENSP00000427793 9606.ENSP00000478877 0 0 0 61 0 0 157 175 
9606.ENSP00000427793 9606.ENSP00000338533 0 0 0 0 185 0 50 192 
9606.ENSP00000427793 9606.ENSP00000423630 0 0 0 62 0 900 44 902 
9606.ENSP00000427793 9606.ENSP00000479134 0 0 0 77 266 0 62 309 
9606.ENSP00000427793 9606.ENSP00000413697 0 0 0 62 129 0 69 172 
9606.ENSP00000427793 9606.ENSP00000267938 0 0 0 57 0 900 249 923 
9606.ENSP00000427793 9606.ENSP00000356156 0 0 0 0 0 0 203 203 
9606.ENSP00000427793 9606.ENSP00000449089 0 0 0 64 185 0 68 226 
9606.ENSP00000427793 9606.ENSP00000263025 0 0 0 0 185 0 91 228 
9606.ENSP00000427793 9606.ENSP00000320869 0 0 0 51 50 900 48 902 
9606.ENSP00000427793 9606.ENSP00000313034 0 0 0 0 0 900 0 900 
9606.ENSP00000427793 9606.ENSP00000323889 0 0 0 51 50 0 222 237 
9606.ENSP00000427793 9606.ENSP00000272190 0 0 0 61 128 0 59 162 
9606.ENSP00000427793 9606.ENSP00000342778 0 0 0 0 133 0 121 205 
9606.ENSP00000427793 9606.ENSP00000267012 0 0 0 0 186 0 63 204 
9606.ENSP00000427793 9606.ENSP00000311778 0 0 0 62 133 0 66 174 
9606.ENSP00000427793 9606.ENSP00000264606 0 0 0 62 0 0 196 213 
9606.ENSP00000427793 9606.ENSP00000287156 0 0 0 60 188 900 110 923 
9606.ENSP00000427793 9606.ENSP00000378769 0 0 0 97 128 0 66 200 
9606.ENSP00000427793 9606.ENSP00000262215 0 0 0 212 127 0 127 347 
9606.ENSP00000427793 9606.ENSP00000263388 0 0 0 49 186 0 102 244 
9606.ENSP00000427793 9606.ENSP00000296328 0 0 0 81 124 0 178 280 
9606.ENSP00000427793 9606.ENSP00000356426 0 0 0 62 0 0 191 209 
9606.ENSP00000427793 9606.ENSP00000402000 0 0 0 61 180 0 0 197 
9606.ENSP00000427793 9606.ENSP00000364801 0 0 0 0 157 0 56 170 
9606.ENSP00000427793 9606.ENSP00000215794 0 0 0 82 172 0 101 256 
9606.ENSP00000427793 9606.ENSP00000478931 0 0 0 61 0 0 176 193 
9606.ENSP00000427793 9606.ENSP00000345672 0 0 0 0 0 0 156 156 
9606.ENSP00000427793 9606.ENSP00000298355 0 0 0 61 0 900 104 908 
9606.ENSP00000427793 9606.ENSP00000354340 0 0 0 62 0 900 77 905 
9606.ENSP00000427793 9606.ENSP00000019317 0 0 0 55 185 0 0 196 
9606.ENSP00000427793 9606.ENSP00000393845 0 0 0 0 170 0 42 170 
9606.ENSP00000427793 9606.ENSP00000424827 0 0 0 62 195 900 164 928 
9606.ENSP00000427793 9606.ENSP00000376337 0 0 0 91 0 900 0 905 
9606.ENSP00000427793 9606.ENSP00000321656 0 0 0 0 185 0 86 223 
9606.ENSP00000427793 9606.ENSP00000480150 0 0 0 0 156 0 0 156 
9606.ENSP00000427793 9606.ENSP00000402373 0 0 0 0 178 0 98 226 
9606.ENSP00000427793 9606.ENSP00000301178 0 0 0 0 96 0 148 197 
9606.ENSP00000427793 9606.ENSP00000220669 0 0 0 148 0 0 43 150 
9606.ENSP00000427793 9606.ENSP00000358820 0 0 0 0 181 0 0 181 
9606.ENSP00000427793 9606.ENSP00000400312 0 0 0 92 50 0 127 181 
9606.ENSP00000427793 9606.ENSP00000340507 0 0 0 51 50 0 183 199 
9606.ENSP00000427793 9606.ENSP00000365256 0 0 0 63 255 0 0 272 
9606.ENSP00000427793 9606.ENSP00000281172 0 0 0 0 266 0 0 266 
9606.ENSP00000427793 9606.ENSP00000262435 0 0 0 61 0 900 129 911 
9606.ENSP00000427793 9606.ENSP00000376419 0 2 0 48 0 0 343 348 
9606.ENSP00000427793 9606.ENSP00000478783 0 0 0 64 0 900 70 905 
9606.ENSP00000427793 9606.ENSP00000485206 0 0 0 0 170 0 42 170 
9606.ENSP00000427793 9606.ENSP00000361664 0 0 0 50 396 900 624 975 
9606.ENSP00000427793 9606.ENSP00000481878 0 0 0 63 157 0 59 191 
9606.ENSP00000427793 9606.ENSP00000320924 0 0 0 0 158 0 44 160 
9606.ENSP00000427793 9606.ENSP00000427684 0 0 0 0 0 0 167 167 
9606.ENSP00000427793 9606.ENSP00000448035 0 0 0 0 180 0 55 191 
9606.ENSP00000427793 9606.ENSP00000295704 0 0 0 0 0 900 79 903 
9606.ENSP00000427793 9606.ENSP00000336747 0 0 0 64 189 0 139 289 
9606.ENSP00000427793 9606.ENSP00000359378 0 0 0 0 0 0 153 153 
9606.ENSP00000427793 9606.ENSP00000310129 0 0 0 81 72 900 60 909 
9606.ENSP00000427793 9606.ENSP00000386884 0 0 0 51 94 0 190 242 
9606.ENSP00000427793 9606.ENSP00000358762 0 0 0 56 0 900 0 901 
9606.ENSP00000427793 9606.ENSP00000361306 0 0 0 117 0 0 99 170 
9606.ENSP00000427793 9606.ENSP00000359539 0 0 0 0 93 0 128 175 
9606.ENSP00000427793 9606.ENSP00000292363 0 0 0 61 54 900 155 914 
9606.ENSP00000427793 9606.ENSP00000223029 0 0 0 0 0 0 181 181 
9606.ENSP00000427793 9606.ENSP00000360821 0 0 0 0 0 900 174 913 
9606.ENSP00000427793 9606.ENSP00000387362 0 0 0 148 113 900 336 943 
9606.ENSP00000427793 9606.ENSP00000328169 0 0 0 0 185 0 132 262 
9606.ENSP00000427793 9606.ENSP00000442924 0 0 0 49 185 0 0 191 
9606.ENSP00000427793 9606.ENSP00000379621 0 0 0 64 80 0 660 681 
9606.ENSP00000427793 9606.ENSP00000261942 0 0 0 62 158 0 60 192 
9606.ENSP00000427793 9606.ENSP00000340505 0 0 0 63 0 0 326 341 
9606.ENSP00000427793 9606.ENSP00000347836 0 0 0 146 171 900 67 925 
9606.ENSP00000427793 9606.ENSP00000366886 0 1 0 48 0 900 0 900 
9606.ENSP00000427793 9606.ENSP00000333266 0 0 0 63 0 900 208 919 
9606.ENSP00000427793 9606.ENSP00000367220 0 0 0 0 260 0 86 294 
9606.ENSP00000427793 9606.ENSP00000298288 0 0 0 0 0 900 0 900 
9606.ENSP00000427793 9606.ENSP00000268607 0 0 0 62 169 0 43 188 
9606.ENSP00000427793 9606.ENSP00000391137 0 0 0 51 84 900 0 905 
9606.ENSP00000427793 9606.ENSP00000253023 0 0 0 0 132 900 161 920 
9606.ENSP00000427793 9606.ENSP00000477817 0 0 0 61 183 0 0 200 
9606.ENSP00000427793 9606.ENSP00000356489 0 0 0 57 111 0 94 174 
9606.ENSP00000427793 9606.ENSP00000253719 0 0 0 62 185 0 81 236 
9606.ENSP00000427793 9606.ENSP00000363019 0 0 0 60 508 900 403 968 
9606.ENSP00000427793 9606.ENSP00000344866 0 0 0 0 0 900 0 900 
9606.ENSP00000427793 9606.ENSP00000418734 0 0 0 64 157 0 153 273 
9606.ENSP00000427793 9606.ENSP00000381298 0 0 0 61 0 900 49 902 
9606.ENSP00000427793 9606.ENSP00000407818 0 0 0 0 0 0 203 203 
9606.ENSP00000427793 9606.ENSP00000411825 0 0 0 63 286 0 195 415 
9606.ENSP00000427793 9606.ENSP00000301463 0 0 0 129 86 0 97 218 
9606.ENSP00000427793 9606.ENSP00000256649 0 0 0 51 50 0 143 160 
9606.ENSP00000427793 9606.ENSP00000355325 0 0 0 0 87 900 83 908 
9606.ENSP00000427793 9606.ENSP00000321239 0 0 0 64 0 900 475 946 
9606.ENSP00000427793 9606.ENSP00000343900 0 0 0 0 178 0 43 179 
9606.ENSP00000427793 9606.ENSP00000364639 0 0 0 50 189 0 0 196 
9606.ENSP00000427793 9606.ENSP00000385957 0 0 0 48 0 0 373 377 
9606.ENSP00000427793 9606.ENSP00000348632 0 0 0 61 0 900 108 909 
9606.ENSP00000427793 9606.ENSP00000409581 0 0 0 0 0 0 169 169 
9606.ENSP00000427793 9606.ENSP00000358723 0 0 0 0 84 0 220 254 
9606.ENSP00000427793 9606.ENSP00000350911 0 0 0 62 185 0 81 236 
9606.ENSP00000427793 9606.ENSP00000362014 0 0 0 64 263 0 111 333 
9606.ENSP00000427793 9606.ENSP00000220751 0 0 0 0 96 0 396 430 
9606.ENSP00000427793 9606.ENSP00000263121 0 0 0 55 126 0 75 169 
9606.ENSP00000427793 9606.ENSP00000371607 0 0 0 62 0 0 150 169 
9606.ENSP00000427793 9606.ENSP00000377148 0 0 0 62 0 0 173 191 
9606.ENSP00000427793 9606.ENSP00000478257 0 0 0 0 181 0 44 183 
9606.ENSP00000427793 9606.ENSP00000481021 0 0 0 0 0 900 0 900 
9606.ENSP00000427793 9606.ENSP00000289104 0 0 0 0 84 0 218 253 
9606.ENSP00000427793 9606.ENSP00000284669 0 1 0 48 0 900 0 900 
9606.ENSP00000427793 9606.ENSP00000362578 0 0 0 63 85 0 105 165 
9606.ENSP00000427793 9606.ENSP00000401907 0 0 0 0 170 0 68 194 
9606.ENSP00000427793 9606.ENSP00000360290 0 0 0 62 405 0 99 453 
9606.ENSP00000427793 9606.ENSP00000319222 0 0 0 50 68 0 284 310 
9606.ENSP00000427793 9606.ENSP00000290650 0 0 0 96 126 900 239 931 
9606.ENSP00000427793 9606.ENSP00000456340 0 0 0 0 0 900 0 900 
9606.ENSP00000427793 9606.ENSP00000442129 0 0 0 63 0 0 167 186 
9606.ENSP00000427793 9606.ENSP00000444856 0 0 0 64 80 900 130 915 
9606.ENSP00000427793 9606.ENSP00000438399 0 0 0 61 0 0 174 191 
9606.ENSP00000427793 9606.ENSP00000378784 0 0 0 108 101 0 0 164 
9606.ENSP00000427793 9606.ENSP00000417914 0 0 0 51 84 900 0 905 
9606.ENSP00000427793 9606.ENSP00000292852 0 0 0 0 0 900 43 900 
9606.ENSP00000427793 9606.ENSP00000312709 0 0 0 62 0 0 132 151 
9606.ENSP00000427793 9606.ENSP00000352420 0 0 0 0 146 0 113 210 
9606.ENSP00000427793 9606.ENSP00000411506 0 0 0 0 0 0 171 171 
9606.ENSP00000427793 9606.ENSP00000369157 0 0 0 0 0 0 156 156 
9606.ENSP00000427793 9606.ENSP00000480158 0 0 0 88 268 0 222 435 
9606.ENSP00000427793 9606.ENSP00000345206 0 0 0 63 0 0 167 186 
9606.ENSP00000427793 9606.ENSP00000397927 0 0 0 0 183 0 56 195 
9606.ENSP00000427793 9606.ENSP00000264380 0 0 0 109 0 0 90 155 
9606.ENSP00000427793 9606.ENSP00000364589 0 0 0 91 80 0 204 277 
9606.ENSP00000427793 9606.ENSP00000311005 0 0 0 0 185 0 50 192 
9606.ENSP00000427793 9606.ENSP00000379931 0 0 0 60 312 900 136 936 
9606.ENSP00000427793 9606.ENSP00000354086 0 0 0 0 0 0 163 163 
9606.ENSP00000427793 9606.ENSP00000261900 0 0 0 61 266 0 0 281 
9606.ENSP00000427793 9606.ENSP00000382697 0 0 0 64 96 0 86 159 
9606.ENSP00000427793 9606.ENSP00000231487 0 0 0 0 50 900 213 918 
9606.ENSP00000427793 9606.ENSP00000361266 0 0 0 0 181 0 92 224 
9606.ENSP00000427793 9606.ENSP00000304292 0 0 0 107 158 0 58 229 
9606.ENSP00000427793 9606.ENSP00000408005 0 0 0 0 127 0 75 157 
9606.ENSP00000427793 9606.ENSP00000360108 0 0 0 61 111 0 69 154 
