9606.ENSP00000344162 9606.ENSP00000263182 0 0 0 60 0 0 209 224 
9606.ENSP00000344162 9606.ENSP00000282030 0 0 0 51 144 0 0 152 
9606.ENSP00000344162 9606.ENSP00000357189 0 0 0 0 186 0 0 186 
9606.ENSP00000344162 9606.ENSP00000251472 0 0 0 61 157 0 43 176 
9606.ENSP00000344162 9606.ENSP00000478533 0 0 0 0 0 0 177 177 
9606.ENSP00000344162 9606.ENSP00000473093 0 0 0 0 0 0 150 150 
9606.ENSP00000344162 9606.ENSP00000287169 0 0 0 0 52 0 330 337 
9606.ENSP00000344162 9606.ENSP00000378058 0 0 0 0 194 0 0 194 
9606.ENSP00000344162 9606.ENSP00000355388 0 0 0 42 173 0 0 173 
9606.ENSP00000344162 9606.ENSP00000229812 0 0 0 55 157 0 42 170 
9606.ENSP00000344162 9606.ENSP00000384629 0 0 0 64 144 0 0 164 
9606.ENSP00000344162 9606.ENSP00000483345 0 0 0 0 186 0 0 186 
9606.ENSP00000344162 9606.ENSP00000366488 0 0 0 78 132 0 49 172 
9606.ENSP00000344162 9606.ENSP00000416341 0 0 0 0 247 0 56 258 
9606.ENSP00000344162 9606.ENSP00000274031 0 0 0 51 164 0 0 172 
9606.ENSP00000344162 9606.ENSP00000355924 0 0 0 51 144 0 0 152 
9606.ENSP00000344162 9606.ENSP00000318635 0 0 0 0 185 0 0 185 
9606.ENSP00000344162 9606.ENSP00000355799 0 0 0 0 50 0 154 161 
9606.ENSP00000344162 9606.ENSP00000432561 0 0 0 0 0 0 629 629 
9606.ENSP00000344162 9606.ENSP00000369666 0 0 0 63 165 0 0 184 
9606.ENSP00000344162 9606.ENSP00000356234 0 0 0 0 185 0 0 185 
9606.ENSP00000344162 9606.ENSP00000307208 0 0 0 0 185 0 0 185 
9606.ENSP00000344162 9606.ENSP00000225983 0 0 0 0 150 0 43 151 
9606.ENSP00000344162 9606.ENSP00000262519 0 0 0 51 144 0 0 152 
9606.ENSP00000344162 9606.ENSP00000206595 0 0 0 51 144 0 0 152 
9606.ENSP00000344162 9606.ENSP00000382058 0 0 0 0 0 0 330 330 
9606.ENSP00000344162 9606.ENSP00000373354 0 0 0 51 144 0 0 152 
9606.ENSP00000344162 9606.ENSP00000301037 0 0 0 61 157 0 55 186 
9606.ENSP00000344162 9606.ENSP00000355658 0 0 0 55 64 0 162 194 
9606.ENSP00000344162 9606.ENSP00000368698 0 0 0 0 0 0 297 297 
9606.ENSP00000344162 9606.ENSP00000387982 0 0 0 0 186 0 0 186 
9606.ENSP00000344162 9606.ENSP00000261537 0 0 0 42 185 0 0 185 
9606.ENSP00000344162 9606.ENSP00000322716 0 0 0 0 186 0 0 186 
9606.ENSP00000344162 9606.ENSP00000262848 0 0 0 78 132 0 49 172 
9606.ENSP00000344162 9606.ENSP00000298910 0 0 0 62 132 0 0 151 
9606.ENSP00000344162 9606.ENSP00000437775 0 0 0 0 167 0 0 167 
9606.ENSP00000344162 9606.ENSP00000426103 0 0 0 42 185 0 0 185 
9606.ENSP00000344162 9606.ENSP00000409666 0 0 0 0 185 0 0 185 
9606.ENSP00000344162 9606.ENSP00000354206 0 0 0 0 0 0 179 179 
9606.ENSP00000344162 9606.ENSP00000405965 0 0 0 0 185 0 150 277 
9606.ENSP00000344162 9606.ENSP00000265351 0 0 0 62 157 0 0 175 
9606.ENSP00000344162 9606.ENSP00000302967 0 0 0 0 156 0 0 156 
9606.ENSP00000344162 9606.ENSP00000263360 0 0 0 0 192 0 64 211 
9606.ENSP00000344162 9606.ENSP00000271640 0 0 0 51 144 0 187 281 
9606.ENSP00000344162 9606.ENSP00000302100 0 0 0 0 63 0 527 537 
9606.ENSP00000344162 9606.ENSP00000398837 0 0 0 51 144 0 0 152 
9606.ENSP00000344162 9606.ENSP00000313983 0 0 0 51 144 0 0 152 
9606.ENSP00000344162 9606.ENSP00000378402 0 0 0 62 260 0 0 276 
9606.ENSP00000344162 9606.ENSP00000376077 0 0 0 0 185 0 41 185 
9606.ENSP00000344162 9606.ENSP00000304697 0 0 0 61 130 0 79 181 
9606.ENSP00000344162 9606.ENSP00000258168 0 0 0 0 0 0 216 216 
9606.ENSP00000344162 9606.ENSP00000469142 0 0 0 0 65 0 139 160 
9606.ENSP00000344162 9606.ENSP00000430432 0 0 0 0 156 0 0 156 
9606.ENSP00000344162 9606.ENSP00000366953 0 0 0 0 262 0 0 262 
9606.ENSP00000344162 9606.ENSP00000230321 0 0 0 0 152 0 0 152 
9606.ENSP00000344162 9606.ENSP00000268712 0 0 0 0 185 0 0 185 
9606.ENSP00000344162 9606.ENSP00000262144 0 0 0 0 261 0 43 262 
9606.ENSP00000344162 9606.ENSP00000302790 0 0 0 62 157 0 0 175 
9606.ENSP00000344162 9606.ENSP00000337976 0 0 0 51 144 0 0 152 
9606.ENSP00000344162 9606.ENSP00000483312 0 0 0 0 157 0 50 164 
9606.ENSP00000344162 9606.ENSP00000209728 0 0 0 55 132 0 56 158 
9606.ENSP00000344162 9606.ENSP00000262030 0 0 0 49 178 0 0 184 
9606.ENSP00000344162 9606.ENSP00000370109 0 0 0 0 186 0 0 186 
9606.ENSP00000344162 9606.ENSP00000346997 0 0 0 51 144 0 0 152 
9606.ENSP00000344162 9606.ENSP00000357345 0 0 0 61 134 0 0 152 
9606.ENSP00000344162 9606.ENSP00000367705 0 0 0 0 167 0 0 167 
9606.ENSP00000344162 9606.ENSP00000378306 0 0 0 64 131 0 57 165 
9606.ENSP00000344162 9606.ENSP00000358918 0 0 0 0 158 0 0 158 
9606.ENSP00000344162 9606.ENSP00000436786 0 0 0 51 144 0 0 152 
9606.ENSP00000344162 9606.ENSP00000334061 0 0 0 0 150 0 43 151 
9606.ENSP00000344162 9606.ENSP00000352463 0 0 0 51 144 0 0 152 
9606.ENSP00000344162 9606.ENSP00000367570 0 0 0 51 144 0 0 152 
9606.ENSP00000344162 9606.ENSP00000369131 0 0 0 62 260 0 0 276 
9606.ENSP00000344162 9606.ENSP00000262584 0 0 0 0 153 0 272 357 
9606.ENSP00000344162 9606.ENSP00000367203 0 0 0 0 186 0 49 192 
9606.ENSP00000344162 9606.ENSP00000216271 0 0 0 0 150 0 43 151 
9606.ENSP00000344162 9606.ENSP00000456782 0 0 0 0 52 0 352 359 
9606.ENSP00000344162 9606.ENSP00000296127 0 0 0 0 52 0 310 317 
9606.ENSP00000344162 9606.ENSP00000384863 0 0 0 62 157 0 0 175 
9606.ENSP00000344162 9606.ENSP00000262189 0 0 0 51 144 0 0 152 
9606.ENSP00000344162 9606.ENSP00000366527 0 0 0 0 0 0 168 168 
9606.ENSP00000344162 9606.ENSP00000409016 0 2 0 51 144 0 0 152 
9606.ENSP00000344162 9606.ENSP00000364678 0 0 0 51 144 0 0 152 
9606.ENSP00000344162 9606.ENSP00000376204 0 0 0 61 144 0 0 161 
9606.ENSP00000344162 9606.ENSP00000430774 0 0 0 50 172 0 62 197 
9606.ENSP00000344162 9606.ENSP00000324792 0 0 0 0 185 0 44 187 
9606.ENSP00000344162 9606.ENSP00000351475 0 0 0 61 157 0 43 176 
9606.ENSP00000344162 9606.ENSP00000336687 0 0 0 0 82 0 214 247 
9606.ENSP00000344162 9606.ENSP00000469205 0 0 0 0 0 0 189 189 
9606.ENSP00000344162 9606.ENSP00000377086 0 0 0 42 157 0 0 157 
9606.ENSP00000344162 9606.ENSP00000359719 0 0 0 78 132 0 49 172 
9606.ENSP00000344162 9606.ENSP00000080059 0 0 0 0 150 0 43 151 
9606.ENSP00000344162 9606.ENSP00000373684 0 0 0 55 157 0 42 170 
9606.ENSP00000344162 9606.ENSP00000378323 0 0 0 64 131 0 57 165 
9606.ENSP00000344162 9606.ENSP00000364550 0 0 0 0 185 0 0 185 
9606.ENSP00000344162 9606.ENSP00000362592 0 0 0 0 186 0 0 186 
9606.ENSP00000344162 9606.ENSP00000380878 0 0 0 64 131 0 57 165 
9606.ENSP00000344162 9606.ENSP00000339095 0 0 0 0 50 0 370 376 
9606.ENSP00000344162 9606.ENSP00000386759 0 0 0 51 144 0 0 152 
9606.ENSP00000344162 9606.ENSP00000299633 0 0 0 0 186 0 0 186 
9606.ENSP00000344162 9606.ENSP00000372351 0 0 0 51 144 0 0 152 
9606.ENSP00000344162 9606.ENSP00000362344 0 0 0 0 156 0 0 156 
9606.ENSP00000344162 9606.ENSP00000359531 0 0 0 0 127 0 73 156 
9606.ENSP00000344162 9606.ENSP00000393453 0 0 0 51 144 0 0 152 
9606.ENSP00000344162 9606.ENSP00000346175 0 0 0 51 144 0 0 152 
9606.ENSP00000344162 9606.ENSP00000374152 0 0 0 51 144 0 0 152 
9606.ENSP00000344162 9606.ENSP00000329097 0 0 0 51 144 0 0 152 
9606.ENSP00000344162 9606.ENSP00000240587 0 0 0 0 0 0 284 284 
9606.ENSP00000344162 9606.ENSP00000408617 0 0 0 0 150 0 43 151 
9606.ENSP00000344162 9606.ENSP00000333024 0 0 0 51 144 0 0 152 
9606.ENSP00000344162 9606.ENSP00000250076 0 0 0 0 0 0 174 174 
9606.ENSP00000344162 9606.ENSP00000373404 0 0 0 0 153 0 45 156 
9606.ENSP00000344162 9606.ENSP00000254846 0 0 0 0 186 0 49 192 
9606.ENSP00000344162 9606.ENSP00000417980 0 0 0 51 144 0 0 152 
9606.ENSP00000344162 9606.ENSP00000354660 0 0 0 0 0 0 210 210 
9606.ENSP00000344162 9606.ENSP00000376924 0 0 0 0 0 0 171 171 
9606.ENSP00000344162 9606.ENSP00000264606 0 0 0 0 150 0 43 151 
9606.ENSP00000344162 9606.ENSP00000395929 0 0 0 51 144 0 0 152 
9606.ENSP00000344162 9606.ENSP00000332454 0 0 0 56 170 0 0 182 
9606.ENSP00000344162 9606.ENSP00000388107 0 0 0 0 185 0 0 185 
9606.ENSP00000344162 9606.ENSP00000309591 0 0 0 78 132 0 49 172 
9606.ENSP00000344162 9606.ENSP00000356530 0 0 0 56 170 0 0 182 
9606.ENSP00000344162 9606.ENSP00000253024 0 0 0 55 157 900 250 932 
9606.ENSP00000344162 9606.ENSP00000304360 0 0 0 51 144 0 0 152 
9606.ENSP00000344162 9606.ENSP00000262903 0 0 0 51 159 0 0 167 
9606.ENSP00000344162 9606.ENSP00000394331 0 0 0 0 0 0 220 220 
9606.ENSP00000344162 9606.ENSP00000362649 0 0 0 0 156 0 0 156 
9606.ENSP00000344162 9606.ENSP00000442924 0 0 0 51 144 0 0 152 
9606.ENSP00000344162 9606.ENSP00000301067 0 0 0 51 144 0 0 152 
9606.ENSP00000344162 9606.ENSP00000320147 0 0 0 51 164 0 57 186 
9606.ENSP00000344162 9606.ENSP00000362674 0 0 0 0 156 0 0 156 
9606.ENSP00000344162 9606.ENSP00000457704 0 0 0 0 0 0 204 204 
9606.ENSP00000344162 9606.ENSP00000382688 0 0 0 0 185 0 0 185 
9606.ENSP00000344162 9606.ENSP00000384018 0 0 0 0 185 0 0 185 
9606.ENSP00000344162 9606.ENSP00000269289 0 0 0 51 144 0 0 152 
9606.ENSP00000344162 9606.ENSP00000341280 0 0 0 0 185 0 0 185 
9606.ENSP00000344162 9606.ENSP00000404658 0 0 0 51 164 0 57 186 
9606.ENSP00000344162 9606.ENSP00000419184 0 0 0 51 144 0 0 152 
9606.ENSP00000344162 9606.ENSP00000442129 0 0 0 0 186 0 0 186 
9606.ENSP00000344162 9606.ENSP00000369424 0 0 0 0 186 0 0 186 
9606.ENSP00000344162 9606.ENSP00000323074 0 0 0 51 144 0 0 152 
