9606.ENSP00000399518 9606.ENSP00000430497 0 0 0 0 0 0 159 159 
9606.ENSP00000399518 9606.ENSP00000396620 0 0 0 0 0 0 403 403 
9606.ENSP00000399518 9606.ENSP00000376134 0 0 0 0 0 0 227 227 
9606.ENSP00000399518 9606.ENSP00000406293 0 0 0 0 0 0 155 155 
9606.ENSP00000399518 9606.ENSP00000419153 0 0 0 77 81 0 185 248 
9606.ENSP00000399518 9606.ENSP00000401445 0 0 0 0 0 0 351 351 
9606.ENSP00000399518 9606.ENSP00000360266 0 0 0 0 127 0 211 281 
9606.ENSP00000399518 9606.ENSP00000397911 0 0 0 0 0 0 169 169 
9606.ENSP00000399518 9606.ENSP00000426120 0 0 0 0 0 0 158 158 
9606.ENSP00000399518 9606.ENSP00000382863 0 0 0 0 0 0 167 167 
9606.ENSP00000399518 9606.ENSP00000369014 0 0 0 0 0 0 257 257 
9606.ENSP00000399518 9606.ENSP00000083182 0 0 0 0 0 0 176 176 
9606.ENSP00000399518 9606.ENSP00000268489 0 0 0 0 0 0 231 231 
9606.ENSP00000399518 9606.ENSP00000310170 0 0 0 0 0 0 153 153 
9606.ENSP00000399518 9606.ENSP00000437256 0 0 0 0 0 0 161 161 
9606.ENSP00000399518 9606.ENSP00000420659 0 0 0 0 81 0 159 194 
9606.ENSP00000399518 9606.ENSP00000263401 0 0 0 0 0 0 229 229 
9606.ENSP00000399518 9606.ENSP00000348099 0 0 0 0 0 0 401 401 
9606.ENSP00000399518 9606.ENSP00000327048 0 0 0 61 0 0 390 402 
9606.ENSP00000399518 9606.ENSP00000360493 0 0 0 0 185 0 208 326 
9606.ENSP00000399518 9606.ENSP00000358755 0 0 0 0 0 0 211 211 
9606.ENSP00000399518 9606.ENSP00000272369 0 0 0 61 0 0 162 179 
9606.ENSP00000399518 9606.ENSP00000373895 0 0 0 60 0 0 155 171 
9606.ENSP00000399518 9606.ENSP00000389381 0 0 0 0 81 0 283 312 
9606.ENSP00000399518 9606.ENSP00000272937 0 0 0 0 0 0 482 482 
9606.ENSP00000399518 9606.ENSP00000387694 0 0 0 0 0 0 188 188 
9606.ENSP00000399518 9606.ENSP00000333919 0 0 0 0 0 0 203 203 
9606.ENSP00000399518 9606.ENSP00000222823 0 0 0 0 0 0 224 224 
9606.ENSP00000399518 9606.ENSP00000311127 0 0 0 0 0 0 167 167 
9606.ENSP00000399518 9606.ENSP00000312535 0 0 0 0 0 0 171 171 
9606.ENSP00000399518 9606.ENSP00000231454 0 0 0 0 0 0 296 296 
9606.ENSP00000399518 9606.ENSP00000177694 0 0 0 0 0 0 293 293 
9606.ENSP00000399518 9606.ENSP00000285407 0 0 0 0 81 0 150 186 
9606.ENSP00000399518 9606.ENSP00000332744 0 0 0 0 0 0 227 227 
9606.ENSP00000399518 9606.ENSP00000346879 0 0 0 0 0 0 252 252 
9606.ENSP00000399518 9606.ENSP00000254663 0 0 0 0 0 0 540 540 
9606.ENSP00000399518 9606.ENSP00000444198 0 0 0 0 0 0 158 158 
9606.ENSP00000399518 9606.ENSP00000427211 0 0 0 0 0 0 161 161 
9606.ENSP00000399518 9606.ENSP00000333292 0 0 0 0 0 0 156 156 
9606.ENSP00000399518 9606.ENSP00000363689 0 0 0 0 0 0 217 217 
9606.ENSP00000399518 9606.ENSP00000352941 0 0 0 0 0 0 173 173 
9606.ENSP00000399518 9606.ENSP00000376902 0 0 0 0 0 0 516 516 
9606.ENSP00000399518 9606.ENSP00000233954 0 0 0 0 0 0 165 165 
9606.ENSP00000399518 9606.ENSP00000011653 0 0 0 69 0 0 194 217 
9606.ENSP00000399518 9606.ENSP00000427793 0 0 0 0 0 0 177 177 
9606.ENSP00000399518 9606.ENSP00000394049 0 0 0 76 0 0 169 200 
9606.ENSP00000399518 9606.ENSP00000365858 0 0 0 0 0 0 440 440 
9606.ENSP00000399518 9606.ENSP00000226730 0 0 0 0 0 0 297 297 
9606.ENSP00000399518 9606.ENSP00000305355 0 0 0 91 0 0 111 158 
9606.ENSP00000399518 9606.ENSP00000364190 0 0 0 0 0 0 200 200 
9606.ENSP00000399518 9606.ENSP00000354960 0 0 0 0 0 0 214 214 
9606.ENSP00000399518 9606.ENSP00000361548 0 0 0 0 0 0 193 193 
9606.ENSP00000399518 9606.ENSP00000344871 0 0 0 0 0 0 205 205 
9606.ENSP00000399518 9606.ENSP00000323313 0 0 0 0 0 0 265 265 
9606.ENSP00000399518 9606.ENSP00000264972 0 0 0 0 0 0 197 197 
9606.ENSP00000399518 9606.ENSP00000448323 0 0 0 0 0 0 279 279 
9606.ENSP00000399518 9606.ENSP00000245923 0 0 0 0 0 0 200 200 
9606.ENSP00000399518 9606.ENSP00000323148 0 0 0 0 81 0 121 157 
9606.ENSP00000399518 9606.ENSP00000378782 0 0 0 0 212 0 0 212 
9606.ENSP00000399518 9606.ENSP00000355656 0 0 0 0 0 0 184 184 
9606.ENSP00000399518 9606.ENSP00000306245 0 0 0 0 0 0 236 236 
9606.ENSP00000399518 9606.ENSP00000337641 0 0 0 0 0 0 246 246 
9606.ENSP00000399518 9606.ENSP00000356234 0 0 0 51 0 0 157 165 
9606.ENSP00000399518 9606.ENSP00000462355 0 0 0 0 0 0 198 198 
9606.ENSP00000399518 9606.ENSP00000375919 0 0 0 64 0 0 158 178 
9606.ENSP00000399518 9606.ENSP00000478253 0 0 0 0 0 0 489 489 
9606.ENSP00000399518 9606.ENSP00000358478 0 0 0 0 221 0 0 221 
9606.ENSP00000399518 9606.ENSP00000236147 0 0 0 62 0 0 151 170 
9606.ENSP00000399518 9606.ENSP00000391806 0 0 0 0 0 0 158 158 
9606.ENSP00000399518 9606.ENSP00000312222 0 0 0 0 0 0 269 269 
9606.ENSP00000399518 9606.ENSP00000365380 0 0 0 0 127 0 653 684 
9606.ENSP00000399518 9606.ENSP00000398632 0 0 0 0 0 0 163 163 
9606.ENSP00000399518 9606.ENSP00000343288 0 0 0 0 0 0 167 167 
9606.ENSP00000399518 9606.ENSP00000379368 0 0 0 0 81 0 270 300 
9606.ENSP00000399518 9606.ENSP00000356840 0 0 0 0 0 0 167 167 
9606.ENSP00000399518 9606.ENSP00000252825 0 0 0 0 0 0 544 544 
9606.ENSP00000399518 9606.ENSP00000364034 0 0 0 0 0 0 158 158 
9606.ENSP00000399518 9606.ENSP00000292614 0 0 0 0 379 0 80 404 
9606.ENSP00000399518 9606.ENSP00000414019 0 0 0 0 0 0 152 152 
9606.ENSP00000399518 9606.ENSP00000314709 0 0 0 61 0 0 289 304 
9606.ENSP00000399518 9606.ENSP00000232974 0 0 0 0 81 0 126 162 
9606.ENSP00000399518 9606.ENSP00000281513 0 0 0 0 0 0 227 227 
9606.ENSP00000399518 9606.ENSP00000376765 0 0 0 0 347 0 0 347 
9606.ENSP00000399518 9606.ENSP00000374205 0 0 0 0 0 0 290 290 
9606.ENSP00000399518 9606.ENSP00000300305 0 0 0 0 185 0 156 282 
9606.ENSP00000399518 9606.ENSP00000365145 0 0 0 0 305 0 0 305 
9606.ENSP00000399518 9606.ENSP00000358151 0 0 0 0 0 0 168 168 
9606.ENSP00000399518 9606.ENSP00000222305 0 0 0 62 0 0 269 285 
9606.ENSP00000399518 9606.ENSP00000352185 0 0 0 0 0 0 220 220 
9606.ENSP00000399518 9606.ENSP00000360329 0 0 0 0 0 0 290 290 
9606.ENSP00000399518 9606.ENSP00000335578 0 0 0 61 0 0 195 212 
9606.ENSP00000399518 9606.ENSP00000262032 0 0 0 0 81 0 409 434 
9606.ENSP00000399518 9606.ENSP00000468782 0 0 0 0 81 0 247 278 
9606.ENSP00000399518 9606.ENSP00000357705 0 0 0 0 0 0 159 159 
9606.ENSP00000399518 9606.ENSP00000287380 0 0 0 0 0 0 155 155 
9606.ENSP00000399518 9606.ENSP00000269305 0 0 0 0 0 0 561 561 
9606.ENSP00000399518 9606.ENSP00000348168 0 0 0 0 0 0 172 172 
9606.ENSP00000399518 9606.ENSP00000316779 0 0 0 0 0 0 179 179 
9606.ENSP00000399518 9606.ENSP00000356058 0 0 0 62 0 0 132 151 
9606.ENSP00000399518 9606.ENSP00000345395 0 0 0 64 0 0 202 221 
9606.ENSP00000399518 9606.ENSP00000328181 0 0 0 0 0 0 207 207 
9606.ENSP00000399518 9606.ENSP00000387699 0 0 0 0 0 0 210 210 
9606.ENSP00000399518 9606.ENSP00000415579 0 0 0 55 81 0 303 342 
9606.ENSP00000399518 9606.ENSP00000484803 0 0 0 77 225 0 258 423 
9606.ENSP00000399518 9606.ENSP00000306772 0 0 0 0 0 0 286 286 
9606.ENSP00000399518 9606.ENSP00000307508 0 0 0 0 0 0 220 220 
9606.ENSP00000399518 9606.ENSP00000359357 0 0 0 0 81 0 266 296 
9606.ENSP00000399518 9606.ENSP00000365908 0 0 0 0 0 0 219 219 
9606.ENSP00000399518 9606.ENSP00000225737 0 0 0 0 0 0 281 281 
9606.ENSP00000399518 9606.ENSP00000475814 0 0 0 0 0 0 187 187 
9606.ENSP00000399518 9606.ENSP00000349723 0 0 0 62 81 0 354 394 
9606.ENSP00000399518 9606.ENSP00000328405 0 0 0 61 0 0 136 154 
9606.ENSP00000399518 9606.ENSP00000409666 0 0 0 0 0 900 254 922 
9606.ENSP00000399518 9606.ENSP00000361076 0 0 0 0 0 0 237 237 
9606.ENSP00000399518 9606.ENSP00000332194 0 0 0 0 0 0 169 169 
9606.ENSP00000399518 9606.ENSP00000361021 0 0 0 0 0 0 167 167 
9606.ENSP00000399518 9606.ENSP00000405965 0 0 0 0 0 900 216 918 
9606.ENSP00000399518 9606.ENSP00000275493 0 0 0 0 0 0 163 163 
9606.ENSP00000399518 9606.ENSP00000451000 0 0 0 0 81 0 116 153 
9606.ENSP00000399518 9606.ENSP00000354830 0 0 0 0 0 0 181 181 
9606.ENSP00000399518 9606.ENSP00000366934 0 0 0 0 0 0 182 182 
9606.ENSP00000399518 9606.ENSP00000362441 0 0 0 0 0 0 235 235 
9606.ENSP00000399518 9606.ENSP00000307199 0 0 0 0 0 0 192 192 
9606.ENSP00000399518 9606.ENSP00000264834 0 0 0 0 81 0 295 324 
9606.ENSP00000399518 9606.ENSP00000379644 0 0 0 0 0 0 392 392 
9606.ENSP00000399518 9606.ENSP00000296417 0 0 0 0 0 0 195 195 
9606.ENSP00000399518 9606.ENSP00000322804 0 0 0 0 0 0 480 480 
9606.ENSP00000399518 9606.ENSP00000262238 0 0 0 0 81 0 484 505 
9606.ENSP00000399518 9606.ENSP00000324890 0 0 0 62 0 0 213 230 
9606.ENSP00000399518 9606.ENSP00000476792 0 0 0 0 0 0 154 154 
9606.ENSP00000399518 9606.ENSP00000379658 0 0 0 0 0 0 161 161 
9606.ENSP00000399518 9606.ENSP00000360162 0 0 0 0 0 0 282 282 
9606.ENSP00000399518 9606.ENSP00000259486 0 0 0 0 0 0 226 226 
9606.ENSP00000399518 9606.ENSP00000380019 0 0 0 0 81 0 373 399 
9606.ENSP00000399518 9606.ENSP00000312625 0 0 0 0 0 0 386 386 
9606.ENSP00000399518 9606.ENSP00000347754 0 0 0 0 0 0 195 195 
9606.ENSP00000399518 9606.ENSP00000303939 0 0 0 0 0 0 309 309 
9606.ENSP00000399518 9606.ENSP00000353458 0 0 0 0 342 0 486 647 
9606.ENSP00000399518 9606.ENSP00000264563 0 0 0 0 0 0 240 240 
9606.ENSP00000399518 9606.ENSP00000310205 0 0 0 58 0 0 311 323 
9606.ENSP00000399518 9606.ENSP00000269141 0 0 0 0 0 0 170 170 
9606.ENSP00000399518 9606.ENSP00000216200 0 0 0 0 0 0 330 330 
9606.ENSP00000399518 9606.ENSP00000338207 0 0 0 0 0 0 197 197 
9606.ENSP00000399518 9606.ENSP00000417864 0 0 0 0 0 0 162 162 
9606.ENSP00000399518 9606.ENSP00000419417 0 0 0 0 0 0 179 179 
9606.ENSP00000399518 9606.ENSP00000378402 0 0 0 0 342 0 190 444 
9606.ENSP00000399518 9606.ENSP00000325546 0 0 0 0 81 0 304 333 
9606.ENSP00000399518 9606.ENSP00000287641 0 0 0 57 0 0 279 291 
9606.ENSP00000399518 9606.ENSP00000462667 0 0 0 0 0 0 198 198 
9606.ENSP00000399518 9606.ENSP00000403208 0 0 0 0 0 0 224 224 
9606.ENSP00000399518 9606.ENSP00000326813 0 0 0 0 0 0 302 302 
9606.ENSP00000399518 9606.ENSP00000373620 0 0 0 0 0 0 313 313 
9606.ENSP00000399518 9606.ENSP00000354775 0 0 0 0 0 0 200 200 
9606.ENSP00000399518 9606.ENSP00000384364 0 0 0 0 0 0 152 152 
9606.ENSP00000399518 9606.ENSP00000376077 0 0 0 0 348 900 207 943 
9606.ENSP00000399518 9606.ENSP00000315949 0 0 0 0 0 0 212 212 
9606.ENSP00000399518 9606.ENSP00000437940 0 0 0 0 0 0 297 297 
9606.ENSP00000399518 9606.ENSP00000262096 0 0 0 0 0 0 271 271 
9606.ENSP00000399518 9606.ENSP00000309570 0 0 0 0 81 0 226 259 
9606.ENSP00000399518 9606.ENSP00000384849 0 0 0 0 348 0 81 375 
9606.ENSP00000399518 9606.ENSP00000229307 0 0 0 0 0 0 282 282 
9606.ENSP00000399518 9606.ENSP00000357047 0 0 0 0 186 0 50 193 
9606.ENSP00000399518 9606.ENSP00000283268 0 0 0 0 81 0 433 456 
9606.ENSP00000399518 9606.ENSP00000264010 0 0 0 59 81 0 560 586 
9606.ENSP00000399518 9606.ENSP00000244537 0 0 0 0 0 0 198 198 
9606.ENSP00000399518 9606.ENSP00000244050 0 0 0 0 0 0 252 252 
9606.ENSP00000399518 9606.ENSP00000363668 0 0 0 0 0 0 166 166 
9606.ENSP00000399518 9606.ENSP00000332973 0 0 0 61 0 0 173 190 
9606.ENSP00000399518 9606.ENSP00000327025 0 0 0 0 0 0 203 203 
9606.ENSP00000399518 9606.ENSP00000290759 0 0 0 0 0 0 455 455 
9606.ENSP00000399518 9606.ENSP00000369293 0 0 0 0 0 0 254 254 
9606.ENSP00000399518 9606.ENSP00000262160 0 0 0 61 0 0 132 150 
9606.ENSP00000399518 9606.ENSP00000389870 0 0 0 52 0 0 148 157 
9606.ENSP00000399518 9606.ENSP00000308219 0 0 0 0 0 0 238 238 
9606.ENSP00000399518 9606.ENSP00000357581 0 0 0 0 0 0 200 200 
9606.ENSP00000399518 9606.ENSP00000469142 0 0 0 61 0 0 266 281 
9606.ENSP00000399518 9606.ENSP00000326630 0 0 0 0 81 0 214 246 
9606.ENSP00000399518 9606.ENSP00000344504 0 0 0 0 0 0 243 243 
9606.ENSP00000399518 9606.ENSP00000294339 0 0 0 0 379 0 92 412 
9606.ENSP00000399518 9606.ENSP00000353401 0 0 0 0 379 0 570 721 
9606.ENSP00000399518 9606.ENSP00000394954 0 0 0 0 0 0 376 376 
9606.ENSP00000399518 9606.ENSP00000430432 0 0 0 0 361 0 171 448 
9606.ENSP00000399518 9606.ENSP00000328813 0 0 0 71 0 0 153 179 
9606.ENSP00000399518 9606.ENSP00000386389 0 0 0 0 0 0 239 239 
9606.ENSP00000399518 9606.ENSP00000229135 0 0 0 0 0 0 214 214 
9606.ENSP00000399518 9606.ENSP00000326119 0 0 0 0 0 0 418 418 
9606.ENSP00000399518 9606.ENSP00000312987 0 0 0 0 0 0 154 154 
9606.ENSP00000399518 9606.ENSP00000261769 0 0 0 0 0 0 558 558 
9606.ENSP00000399518 9606.ENSP00000277541 0 0 0 0 0 0 294 294 
9606.ENSP00000399518 9606.ENSP00000268712 0 0 0 0 0 0 254 254 
9606.ENSP00000399518 9606.ENSP00000262367 0 0 0 0 0 0 250 250 
9606.ENSP00000399518 9606.ENSP00000479794 0 0 0 0 0 0 198 198 
9606.ENSP00000399518 9606.ENSP00000395535 0 0 0 0 0 0 274 274 
9606.ENSP00000399518 9606.ENSP00000405330 0 0 0 0 51 0 224 232 
9606.ENSP00000399518 9606.ENSP00000216037 0 0 0 0 0 0 169 169 
9606.ENSP00000399518 9606.ENSP00000357804 0 0 0 0 0 0 224 224 
9606.ENSP00000399518 9606.ENSP00000357789 0 0 0 0 0 0 161 161 
9606.ENSP00000399518 9606.ENSP00000245414 0 0 0 0 0 0 184 184 
9606.ENSP00000399518 9606.ENSP00000260408 0 0 0 0 0 0 192 192 
9606.ENSP00000399518 9606.ENSP00000482515 0 0 0 0 0 0 173 173 
9606.ENSP00000399518 9606.ENSP00000335153 0 0 0 0 173 0 50 180 
9606.ENSP00000399518 9606.ENSP00000355001 0 0 0 0 0 0 166 166 
9606.ENSP00000399518 9606.ENSP00000412869 0 0 0 0 81 0 229 261 
9606.ENSP00000399518 9606.ENSP00000479904 0 0 0 61 0 0 264 279 
9606.ENSP00000399518 9606.ENSP00000405890 0 0 0 0 0 0 273 273 
9606.ENSP00000399518 9606.ENSP00000370055 0 0 0 0 0 0 402 402 
9606.ENSP00000399518 9606.ENSP00000254480 0 0 0 0 0 0 169 169 
9606.ENSP00000399518 9606.ENSP00000268097 0 0 0 0 0 0 226 226 
9606.ENSP00000399518 9606.ENSP00000314129 0 0 0 62 0 0 180 198 
9606.ENSP00000399518 9606.ENSP00000354842 0 0 0 64 0 0 146 167 
9606.ENSP00000399518 9606.ENSP00000283131 0 0 0 0 342 0 415 598 
9606.ENSP00000399518 9606.ENSP00000377508 0 0 0 0 0 0 235 235 
9606.ENSP00000399518 9606.ENSP00000257749 0 0 0 62 0 0 172 190 
9606.ENSP00000399518 9606.ENSP00000358155 0 0 0 0 0 0 187 187 
9606.ENSP00000399518 9606.ENSP00000360609 0 0 0 0 173 0 50 180 
9606.ENSP00000399518 9606.ENSP00000209875 0 0 0 0 0 0 171 171 
9606.ENSP00000399518 9606.ENSP00000397552 0 0 0 0 0 0 166 166 
9606.ENSP00000399518 9606.ENSP00000360034 0 0 0 0 0 0 223 223 
9606.ENSP00000399518 9606.ENSP00000222718 0 0 0 0 0 0 250 250 
9606.ENSP00000399518 9606.ENSP00000259915 0 0 0 0 0 0 243 243 
9606.ENSP00000399518 9606.ENSP00000231449 0 0 0 0 0 0 286 286 
9606.ENSP00000399518 9606.ENSP00000360231 0 0 0 0 0 0 522 522 
9606.ENSP00000399518 9606.ENSP00000269214 0 0 0 0 0 0 175 175 
9606.ENSP00000399518 9606.ENSP00000348453 0 0 0 0 0 0 186 186 
9606.ENSP00000399518 9606.ENSP00000313851 0 0 0 61 0 0 277 292 
9606.ENSP00000399518 9606.ENSP00000228437 0 0 0 0 81 0 160 195 
9606.ENSP00000399518 9606.ENSP00000346206 0 0 0 0 0 0 158 158 
9606.ENSP00000399518 9606.ENSP00000325819 0 0 0 0 51 0 210 218 
9606.ENSP00000399518 9606.ENSP00000311032 0 0 0 0 0 0 163 163 
9606.ENSP00000399518 9606.ENSP00000327513 0 0 0 0 0 0 221 221 
9606.ENSP00000399518 9606.ENSP00000322898 0 0 0 0 0 0 371 371 
9606.ENSP00000399518 9606.ENSP00000263851 0 0 0 0 0 0 282 282 
9606.ENSP00000399518 9606.ENSP00000357283 0 0 0 0 0 0 265 265 
9606.ENSP00000399518 9606.ENSP00000289473 0 0 0 0 0 0 372 372 
9606.ENSP00000399518 9606.ENSP00000288955 0 0 0 0 0 0 187 187 
9606.ENSP00000399518 9606.ENSP00000412237 0 0 0 0 0 0 163 163 
9606.ENSP00000399518 9606.ENSP00000376703 0 0 0 0 0 0 264 264 
9606.ENSP00000399518 9606.ENSP00000205557 0 0 0 0 212 0 64 230 
9606.ENSP00000399518 9606.ENSP00000478672 0 0 0 0 0 0 167 167 
9606.ENSP00000399518 9606.ENSP00000261254 0 0 0 63 0 0 213 231 
9606.ENSP00000399518 9606.ENSP00000430711 0 0 0 0 0 0 178 178 
9606.ENSP00000399518 9606.ENSP00000349960 0 0 0 0 0 0 171 171 
9606.ENSP00000399518 9606.ENSP00000265164 0 0 0 0 379 900 373 957 
9606.ENSP00000399518 9606.ENSP00000399888 0 0 0 0 0 0 195 195 
9606.ENSP00000399518 9606.ENSP00000336790 0 0 0 62 186 0 259 385 
9606.ENSP00000399518 9606.ENSP00000362684 0 0 0 0 0 0 375 375 
9606.ENSP00000399518 9606.ENSP00000306397 0 0 0 0 0 0 221 221 
9606.ENSP00000399518 9606.ENSP00000364579 0 0 0 0 0 0 173 173 
9606.ENSP00000399518 9606.ENSP00000215057 0 0 0 0 81 0 374 400 
9606.ENSP00000399518 9606.ENSP00000362728 0 0 0 0 0 0 188 188 
9606.ENSP00000399518 9606.ENSP00000354346 0 0 0 0 0 0 183 183 
9606.ENSP00000399518 9606.ENSP00000389377 0 0 0 0 135 0 106 193 
9606.ENSP00000399518 9606.ENSP00000227155 0 0 0 0 0 0 167 167 
9606.ENSP00000399518 9606.ENSP00000369586 0 0 0 0 0 0 221 221 
9606.ENSP00000399518 9606.ENSP00000259324 0 0 0 0 0 0 235 235 
9606.ENSP00000399518 9606.ENSP00000309538 0 0 0 0 0 0 168 168 
9606.ENSP00000399518 9606.ENSP00000207157 0 0 0 0 0 0 230 230 
9606.ENSP00000399518 9606.ENSP00000229335 0 0 0 0 0 0 434 434 
9606.ENSP00000399518 9606.ENSP00000352272 0 0 0 0 0 0 216 216 
9606.ENSP00000399518 9606.ENSP00000392423 0 0 0 0 0 0 247 247 
9606.ENSP00000399518 9606.ENSP00000297504 0 0 0 0 0 0 175 175 
9606.ENSP00000399518 9606.ENSP00000356953 0 0 0 0 0 0 207 207 
9606.ENSP00000399518 9606.ENSP00000263381 0 0 0 0 81 0 156 191 
9606.ENSP00000399518 9606.ENSP00000362071 0 0 0 0 0 0 234 234 
9606.ENSP00000399518 9606.ENSP00000359575 0 0 0 0 0 0 173 173 
9606.ENSP00000399518 9606.ENSP00000355870 0 0 0 0 0 0 234 234 
9606.ENSP00000399518 9606.ENSP00000359225 0 0 0 0 0 0 153 153 
9606.ENSP00000399518 9606.ENSP00000349595 0 0 0 0 0 0 154 154 
9606.ENSP00000399518 9606.ENSP00000406286 0 0 0 0 81 0 323 351 
9606.ENSP00000399518 9606.ENSP00000370343 0 0 0 0 0 0 414 414 
9606.ENSP00000399518 9606.ENSP00000295934 0 0 0 0 0 0 177 177 
9606.ENSP00000399518 9606.ENSP00000367203 0 0 0 51 0 0 171 179 
9606.ENSP00000399518 9606.ENSP00000368632 0 0 0 0 379 0 726 822 
9606.ENSP00000399518 9606.ENSP00000377823 0 0 0 0 0 0 192 192 
9606.ENSP00000399518 9606.ENSP00000396052 0 0 0 0 0 0 242 242 
9606.ENSP00000399518 9606.ENSP00000253144 0 0 0 0 81 0 252 283 
9606.ENSP00000399518 9606.ENSP00000300134 0 0 0 0 0 0 323 323 
9606.ENSP00000399518 9606.ENSP00000242261 0 0 0 0 0 0 242 242 
9606.ENSP00000399518 9606.ENSP00000377721 0 0 0 0 51 0 192 200 
9606.ENSP00000399518 9606.ENSP00000341208 0 0 0 0 0 0 262 262 
9606.ENSP00000399518 9606.ENSP00000337451 0 0 0 55 0 0 139 152 
9606.ENSP00000399518 9606.ENSP00000382241 0 0 0 0 182 0 324 424 
9606.ENSP00000399518 9606.ENSP00000363804 0 0 0 0 81 0 293 322 
9606.ENSP00000399518 9606.ENSP00000460547 0 0 0 0 81 0 241 272 
9606.ENSP00000399518 9606.ENSP00000385824 0 0 0 0 0 0 205 205 
9606.ENSP00000399518 9606.ENSP00000299440 0 0 0 0 0 0 250 250 
9606.ENSP00000399518 9606.ENSP00000306261 0 0 0 0 0 0 154 154 
9606.ENSP00000399518 9606.ENSP00000396954 0 0 0 62 186 0 217 350 
9606.ENSP00000399518 9606.ENSP00000242480 0 0 0 0 81 0 160 195 
9606.ENSP00000399518 9606.ENSP00000379330 0 0 0 0 135 0 229 304 
9606.ENSP00000399518 9606.ENSP00000380948 0 0 0 0 0 0 160 160 
9606.ENSP00000399518 9606.ENSP00000257600 0 0 0 78 0 0 211 242 
9606.ENSP00000399518 9606.ENSP00000357552 0 0 0 0 0 0 154 154 
9606.ENSP00000399518 9606.ENSP00000366915 0 0 0 0 81 0 187 220 
9606.ENSP00000399518 9606.ENSP00000327054 0 0 0 0 0 0 267 267 
9606.ENSP00000399518 9606.ENSP00000227507 0 0 0 0 0 0 210 210 
9606.ENSP00000399518 9606.ENSP00000294638 0 0 0 0 0 0 355 355 
9606.ENSP00000399518 9606.ENSP00000331327 0 0 0 0 81 0 164 199 
9606.ENSP00000399518 9606.ENSP00000219070 0 0 0 0 0 0 197 197 
9606.ENSP00000399518 9606.ENSP00000340896 0 0 0 0 0 0 282 282 
9606.ENSP00000399518 9606.ENSP00000342356 0 0 0 0 0 0 170 170 
9606.ENSP00000399518 9606.ENSP00000234091 0 0 0 0 0 0 167 167 
9606.ENSP00000399518 9606.ENSP00000484656 0 0 0 0 0 0 325 325 
9606.ENSP00000399518 9606.ENSP00000309163 0 0 0 0 0 0 247 247 
9606.ENSP00000399518 9606.ENSP00000326603 0 0 0 0 0 0 264 264 
9606.ENSP00000399518 9606.ENSP00000246957 0 0 0 0 173 0 50 180 
9606.ENSP00000399518 9606.ENSP00000221114 0 0 0 0 0 0 233 233 
9606.ENSP00000399518 9606.ENSP00000361636 0 0 0 0 0 0 172 172 
9606.ENSP00000399518 9606.ENSP00000347168 0 0 0 0 0 0 198 198 
9606.ENSP00000399518 9606.ENSP00000261523 0 0 0 0 0 0 175 175 
9606.ENSP00000399518 9606.ENSP00000286301 0 0 0 62 0 0 291 306 
9606.ENSP00000399518 9606.ENSP00000361602 0 0 0 0 0 0 269 269 
9606.ENSP00000399518 9606.ENSP00000361087 0 0 0 0 0 0 225 225 
9606.ENSP00000399518 9606.ENSP00000302114 0 0 0 0 0 0 187 187 
9606.ENSP00000399518 9606.ENSP00000269143 0 0 0 0 0 0 203 203 
9606.ENSP00000399518 9606.ENSP00000262027 0 0 0 62 0 0 209 226 
9606.ENSP00000399518 9606.ENSP00000404100 0 0 0 0 0 0 193 193 
9606.ENSP00000399518 9606.ENSP00000379258 0 0 0 0 81 0 186 219 
9606.ENSP00000399518 9606.ENSP00000282516 0 0 0 0 0 0 366 366 
9606.ENSP00000399518 9606.ENSP00000360316 0 0 0 0 0 0 232 232 
9606.ENSP00000399518 9606.ENSP00000240662 0 0 0 0 0 0 156 156 
9606.ENSP00000399518 9606.ENSP00000355645 0 0 0 0 0 0 173 173 
9606.ENSP00000399518 9606.ENSP00000226284 0 0 0 0 0 0 238 238 
9606.ENSP00000399518 9606.ENSP00000308750 0 0 0 0 0 0 179 179 
9606.ENSP00000399518 9606.ENSP00000351926 0 0 0 0 0 0 218 218 
9606.ENSP00000399518 9606.ENSP00000243389 0 0 0 0 0 0 266 266 
9606.ENSP00000399518 9606.ENSP00000371875 0 0 0 0 0 0 158 158 
9606.ENSP00000399518 9606.ENSP00000337724 0 0 0 0 81 0 278 308 
9606.ENSP00000399518 9606.ENSP00000354394 0 0 0 0 0 0 197 197 
9606.ENSP00000399518 9606.ENSP00000357731 0 0 0 0 0 0 187 187 
9606.ENSP00000399518 9606.ENSP00000428480 0 0 0 52 0 0 275 284 
9606.ENSP00000399518 9606.ENSP00000378854 0 0 0 0 0 0 206 206 
9606.ENSP00000399518 9606.ENSP00000355354 0 0 0 0 0 0 185 185 
9606.ENSP00000399518 9606.ENSP00000268638 0 0 0 0 0 0 208 208 
9606.ENSP00000399518 9606.ENSP00000265431 0 0 0 0 0 0 167 167 
9606.ENSP00000399518 9606.ENSP00000293328 0 0 0 0 0 0 256 256 
9606.ENSP00000399518 9606.ENSP00000340874 0 0 0 79 0 0 355 381 
9606.ENSP00000399518 9606.ENSP00000262965 0 0 0 0 0 0 213 213 
9606.ENSP00000399518 9606.ENSP00000402935 0 0 0 0 0 0 594 594 
9606.ENSP00000399518 9606.ENSP00000328059 0 0 0 0 0 0 356 356 
9606.ENSP00000399518 9606.ENSP00000367972 0 0 0 0 0 0 173 173 
9606.ENSP00000399518 9606.ENSP00000323588 0 0 0 0 0 0 206 206 
9606.ENSP00000399518 9606.ENSP00000365253 0 0 0 0 0 0 225 225 
9606.ENSP00000399518 9606.ENSP00000443017 0 0 0 0 0 0 198 198 
9606.ENSP00000399518 9606.ENSP00000343619 0 0 0 0 0 0 163 163 
9606.ENSP00000399518 9606.ENSP00000357914 0 0 0 0 0 0 172 172 
9606.ENSP00000399518 9606.ENSP00000395012 0 0 0 0 81 0 159 194 
9606.ENSP00000399518 9606.ENSP00000278520 0 0 0 0 182 0 63 200 
9606.ENSP00000399518 9606.ENSP00000350078 0 0 0 0 0 0 168 168 
9606.ENSP00000399518 9606.ENSP00000249636 0 0 0 61 348 900 222 945 
9606.ENSP00000399518 9606.ENSP00000382800 0 0 0 0 185 0 211 330 
9606.ENSP00000399518 9606.ENSP00000358590 0 0 0 0 81 0 189 222 
9606.ENSP00000399518 9606.ENSP00000259050 0 0 0 0 0 0 208 208 
9606.ENSP00000399518 9606.ENSP00000415243 0 0 0 0 161 0 0 161 
9606.ENSP00000399518 9606.ENSP00000405032 0 0 0 0 0 0 224 224 
9606.ENSP00000399518 9606.ENSP00000324842 0 0 0 0 0 0 277 277 
9606.ENSP00000399518 9606.ENSP00000254801 0 0 0 0 0 0 181 181 
9606.ENSP00000399518 9606.ENSP00000359396 0 0 0 0 0 0 171 171 
9606.ENSP00000399518 9606.ENSP00000219409 0 0 0 0 0 0 152 152 
9606.ENSP00000399518 9606.ENSP00000448955 0 0 0 0 0 0 252 252 
9606.ENSP00000399518 9606.ENSP00000365851 0 0 0 0 0 0 225 225 
9606.ENSP00000399518 9606.ENSP00000422488 0 0 0 0 51 0 205 213 
9606.ENSP00000399518 9606.ENSP00000459533 0 0 0 0 0 0 171 171 
9606.ENSP00000399518 9606.ENSP00000263253 0 0 0 0 379 0 268 525 
9606.ENSP00000399518 9606.ENSP00000481486 0 0 0 0 0 0 198 198 
9606.ENSP00000399518 9606.ENSP00000318195 0 0 0 0 0 0 151 151 
9606.ENSP00000399518 9606.ENSP00000356954 0 0 0 0 0 0 530 530 
9606.ENSP00000399518 9606.ENSP00000265165 0 0 0 61 0 0 410 422 
9606.ENSP00000399518 9606.ENSP00000467423 0 0 0 0 0 0 605 605 
9606.ENSP00000399518 9606.ENSP00000244745 0 0 0 0 0 0 243 243 
9606.ENSP00000399518 9606.ENSP00000232905 0 0 0 0 0 0 268 268 
9606.ENSP00000399518 9606.ENSP00000295225 0 0 0 0 0 0 239 239 
9606.ENSP00000399518 9606.ENSP00000379457 0 0 0 0 0 0 173 173 
9606.ENSP00000399518 9606.ENSP00000261726 0 0 0 62 0 0 275 291 
9606.ENSP00000399518 9606.ENSP00000250448 0 0 0 81 98 0 235 310 
9606.ENSP00000399518 9606.ENSP00000331614 0 0 0 61 81 0 426 461 
9606.ENSP00000399518 9606.ENSP00000408695 0 0 0 59 0 0 296 309 
9606.ENSP00000399518 9606.ENSP00000340347 0 0 0 61 0 0 315 330 
9606.ENSP00000399518 9606.ENSP00000278823 0 0 0 0 371 0 73 392 
9606.ENSP00000399518 9606.ENSP00000423563 0 0 0 0 0 0 165 165 
9606.ENSP00000399518 9606.ENSP00000303427 0 0 0 51 0 0 188 197 
9606.ENSP00000399518 9606.ENSP00000290341 0 0 0 0 250 0 0 250 
9606.ENSP00000399518 9606.ENSP00000288670 0 0 0 0 0 0 206 206 
9606.ENSP00000399518 9606.ENSP00000411145 0 0 0 0 81 0 150 185 
9606.ENSP00000399518 9606.ENSP00000388620 0 0 0 0 0 0 257 257 
9606.ENSP00000399518 9606.ENSP00000304169 0 0 0 0 0 0 239 239 
9606.ENSP00000399518 9606.ENSP00000432786 0 0 0 0 0 0 157 157 
9606.ENSP00000399518 9606.ENSP00000341171 0 0 0 0 0 0 313 313 
9606.ENSP00000399518 9606.ENSP00000376035 0 0 0 0 81 0 119 156 
9606.ENSP00000399518 9606.ENSP00000343819 0 0 0 61 0 0 170 188 
9606.ENSP00000399518 9606.ENSP00000386896 0 0 0 0 0 0 163 163 
9606.ENSP00000399518 9606.ENSP00000367797 0 0 0 0 188 0 0 188 
9606.ENSP00000399518 9606.ENSP00000369887 0 0 0 0 0 0 242 242 
9606.ENSP00000399518 9606.ENSP00000264709 0 0 0 0 0 0 151 151 
9606.ENSP00000399518 9606.ENSP00000355637 0 0 0 0 0 0 459 459 
9606.ENSP00000399518 9606.ENSP00000351492 0 0 0 0 0 0 405 405 
9606.ENSP00000399518 9606.ENSP00000356480 0 0 0 0 0 0 171 171 
9606.ENSP00000399518 9606.ENSP00000368880 0 0 0 0 98 0 250 294 
9606.ENSP00000399518 9606.ENSP00000363018 0 0 0 0 0 0 212 212 
9606.ENSP00000399518 9606.ENSP00000282701 0 0 0 0 0 0 180 180 
9606.ENSP00000399518 9606.ENSP00000354686 0 0 0 0 81 0 187 220 
9606.ENSP00000399518 9606.ENSP00000323455 0 0 0 61 0 0 174 191 
9606.ENSP00000399518 9606.ENSP00000372170 0 0 0 0 0 0 228 228 
9606.ENSP00000399518 9606.ENSP00000256737 0 0 0 0 0 0 175 175 
9606.ENSP00000399518 9606.ENSP00000303325 0 0 0 0 0 0 157 157 
9606.ENSP00000399518 9606.ENSP00000356785 0 0 0 0 0 0 160 160 
9606.ENSP00000399518 9606.ENSP00000306999 0 0 0 0 0 0 284 284 
9606.ENSP00000399518 9606.ENSP00000348056 0 0 0 0 348 900 103 936 
9606.ENSP00000399518 9606.ENSP00000357000 0 0 0 62 0 0 154 173 
9606.ENSP00000399518 9606.ENSP00000361423 0 0 0 0 0 0 150 150 
9606.ENSP00000399518 9606.ENSP00000354483 0 0 0 0 0 0 415 415 
9606.ENSP00000399518 9606.ENSP00000477572 0 0 0 0 0 0 210 210 
9606.ENSP00000399518 9606.ENSP00000221996 0 0 0 61 0 0 135 153 
9606.ENSP00000399518 9606.ENSP00000342931 0 0 0 0 0 0 177 177 
9606.ENSP00000399518 9606.ENSP00000480960 0 0 0 0 0 0 198 198 
9606.ENSP00000399518 9606.ENSP00000451828 0 0 0 0 0 0 563 563 
9606.ENSP00000399518 9606.ENSP00000376786 0 0 0 0 0 0 167 167 
9606.ENSP00000399518 9606.ENSP00000225474 0 0 0 0 0 0 206 206 
9606.ENSP00000399518 9606.ENSP00000356213 0 0 0 0 0 0 178 178 
9606.ENSP00000399518 9606.ENSP00000437464 0 0 0 0 0 0 157 157 
9606.ENSP00000399518 9606.ENSP00000340125 0 0 0 0 0 0 432 432 
9606.ENSP00000399518 9606.ENSP00000451300 0 0 0 0 0 0 446 446 
9606.ENSP00000399518 9606.ENSP00000473391 0 0 0 0 0 0 229 229 
9606.ENSP00000399518 9606.ENSP00000229239 0 0 0 0 0 0 292 292 
9606.ENSP00000399518 9606.ENSP00000362395 0 0 0 87 0 0 163 204 
9606.ENSP00000399518 9606.ENSP00000241453 0 0 0 70 0 0 186 210 
9606.ENSP00000399518 9606.ENSP00000376436 0 0 0 0 0 0 335 335 
9606.ENSP00000399518 9606.ENSP00000269571 0 0 0 0 0 0 228 228 
9606.ENSP00000399518 9606.ENSP00000318177 0 0 0 0 0 0 187 187 
9606.ENSP00000399518 9606.ENSP00000222598 0 0 0 52 0 0 274 283 
9606.ENSP00000399518 9606.ENSP00000264657 0 0 0 0 0 0 221 221 
9606.ENSP00000399518 9606.ENSP00000465261 0 0 0 0 0 0 177 177 
9606.ENSP00000399518 9606.ENSP00000370408 0 0 0 0 0 0 441 441 
9606.ENSP00000399518 9606.ENSP00000230658 0 0 0 0 0 0 256 256 
9606.ENSP00000399518 9606.ENSP00000388940 0 0 0 0 0 0 206 206 
9606.ENSP00000399518 9606.ENSP00000323688 0 0 0 0 0 0 156 156 
9606.ENSP00000399518 9606.ENSP00000349508 0 0 0 0 0 0 177 177 
9606.ENSP00000399518 9606.ENSP00000369948 0 0 0 0 0 0 205 205 
9606.ENSP00000399518 9606.ENSP00000338157 0 0 0 0 81 0 163 198 
9606.ENSP00000399518 9606.ENSP00000352516 0 0 0 0 0 0 265 265 
9606.ENSP00000399518 9606.ENSP00000226247 0 0 0 0 264 0 73 288 
9606.ENSP00000399518 9606.ENSP00000427514 0 0 0 0 0 0 286 286 
9606.ENSP00000399518 9606.ENSP00000379097 0 0 0 0 0 0 153 153 
9606.ENSP00000399518 9606.ENSP00000336800 0 0 0 0 0 0 432 432 
9606.ENSP00000399518 9606.ENSP00000413418 0 0 0 0 0 0 166 166 
9606.ENSP00000399518 9606.ENSP00000344544 0 0 0 0 81 0 275 305 
9606.ENSP00000399518 9606.ENSP00000304331 0 0 0 0 0 0 184 184 
9606.ENSP00000399518 9606.ENSP00000297857 0 0 0 0 0 0 182 182 
9606.ENSP00000399518 9606.ENSP00000262450 0 0 0 0 0 0 217 217 
9606.ENSP00000399518 9606.ENSP00000216341 0 0 0 0 0 0 167 167 
9606.ENSP00000399518 9606.ENSP00000312946 0 0 0 65 0 0 293 310 
9606.ENSP00000399518 9606.ENSP00000265734 0 0 0 0 0 0 167 167 
9606.ENSP00000399518 9606.ENSP00000402861 0 0 0 69 0 0 148 173 
9606.ENSP00000399518 9606.ENSP00000297185 0 0 0 0 0 0 250 250 
9606.ENSP00000399518 9606.ENSP00000371230 0 0 0 0 0 0 158 158 
9606.ENSP00000399518 9606.ENSP00000334448 0 0 0 69 0 0 157 182 
9606.ENSP00000399518 9606.ENSP00000216807 0 0 0 0 0 0 229 229 
9606.ENSP00000399518 9606.ENSP00000263160 0 0 0 52 0 0 207 216 
9606.ENSP00000399518 9606.ENSP00000478289 0 0 0 0 0 0 270 270 
9606.ENSP00000399518 9606.ENSP00000392466 0 0 0 0 0 0 193 193 
9606.ENSP00000399518 9606.ENSP00000331172 0 0 0 63 0 0 534 544 
9606.ENSP00000399518 9606.ENSP00000231461 0 0 0 0 0 0 221 221 
9606.ENSP00000399518 9606.ENSP00000262971 0 0 0 0 347 0 0 347 
9606.ENSP00000399518 9606.ENSP00000226951 0 0 0 0 0 0 206 206 
9606.ENSP00000399518 9606.ENSP00000388910 0 0 0 0 0 0 286 286 
9606.ENSP00000399518 9606.ENSP00000238609 0 0 0 0 0 0 151 151 
9606.ENSP00000399518 9606.ENSP00000264428 0 0 0 0 0 0 347 347 
9606.ENSP00000399518 9606.ENSP00000355245 0 0 0 0 0 0 254 254 
9606.ENSP00000399518 9606.ENSP00000350718 0 0 0 0 0 0 310 310 
9606.ENSP00000399518 9606.ENSP00000368881 0 0 0 0 0 0 303 303 
9606.ENSP00000399518 9606.ENSP00000295025 0 0 0 0 0 0 153 153 
9606.ENSP00000399518 9606.ENSP00000282549 0 0 0 61 0 0 144 162 
9606.ENSP00000399518 9606.ENSP00000412302 0 0 0 0 0 0 241 241 
9606.ENSP00000399518 9606.ENSP00000299045 0 0 0 0 0 0 239 239 
9606.ENSP00000399518 9606.ENSP00000353238 0 0 0 0 0 0 380 380 
9606.ENSP00000399518 9606.ENSP00000234198 0 0 0 52 0 0 155 164 
9606.ENSP00000399518 9606.ENSP00000344192 0 0 0 0 0 0 150 150 
9606.ENSP00000399518 9606.ENSP00000394510 0 0 0 0 182 0 114 244 
9606.ENSP00000399518 9606.ENSP00000360216 0 0 0 0 0 0 186 186 
9606.ENSP00000399518 9606.ENSP00000350848 0 0 0 0 0 0 258 258 
9606.ENSP00000399518 9606.ENSP00000466714 0 0 0 0 81 0 210 243 
9606.ENSP00000399518 9606.ENSP00000360526 0 0 0 0 81 0 432 456 
9606.ENSP00000399518 9606.ENSP00000454157 0 0 0 69 0 0 268 289 
9606.ENSP00000399518 9606.ENSP00000305422 0 0 0 0 0 0 161 161 
9606.ENSP00000399518 9606.ENSP00000254846 0 0 0 51 0 0 302 309 
9606.ENSP00000399518 9606.ENSP00000310036 0 0 0 0 0 0 248 248 
9606.ENSP00000399518 9606.ENSP00000455897 0 0 0 0 0 0 426 426 
9606.ENSP00000399518 9606.ENSP00000261416 0 0 0 0 0 0 364 364 
9606.ENSP00000399518 9606.ENSP00000479134 0 0 0 0 203 0 0 203 
9606.ENSP00000399518 9606.ENSP00000219345 0 0 0 0 0 0 163 163 
9606.ENSP00000399518 9606.ENSP00000439244 0 0 0 0 0 0 608 608 
9606.ENSP00000399518 9606.ENSP00000354478 0 0 0 52 0 0 211 220 
9606.ENSP00000399518 9606.ENSP00000440288 0 0 0 0 0 0 175 175 
9606.ENSP00000399518 9606.ENSP00000272771 0 0 0 0 0 0 232 232 
9606.ENSP00000399518 9606.ENSP00000353344 0 0 0 0 0 0 276 276 
9606.ENSP00000399518 9606.ENSP00000306190 0 0 0 0 0 0 187 187 
9606.ENSP00000399518 9606.ENSP00000249499 0 0 0 0 0 0 198 198 
9606.ENSP00000399518 9606.ENSP00000304689 0 0 0 0 0 0 152 152 
9606.ENSP00000399518 9606.ENSP00000418960 0 0 0 0 0 0 161 161 
9606.ENSP00000399518 9606.ENSP00000326371 0 0 0 0 199 0 0 199 
9606.ENSP00000399518 9606.ENSP00000363822 0 0 0 0 51 0 166 174 
9606.ENSP00000399518 9606.ENSP00000257566 0 0 0 0 0 0 251 251 
9606.ENSP00000399518 9606.ENSP00000227163 0 0 0 60 0 0 350 362 
9606.ENSP00000399518 9606.ENSP00000395654 0 0 0 0 0 0 376 376 
9606.ENSP00000399518 9606.ENSP00000288912 0 0 0 0 0 0 374 374 
9606.ENSP00000399518 9606.ENSP00000334996 0 0 0 0 0 0 203 203 
9606.ENSP00000399518 9606.ENSP00000370256 0 0 0 0 211 0 0 211 
9606.ENSP00000399518 9606.ENSP00000328547 0 0 0 0 0 0 170 170 
9606.ENSP00000399518 9606.ENSP00000212015 0 0 0 0 379 0 477 661 
9606.ENSP00000399518 9606.ENSP00000328207 0 0 0 0 0 0 167 167 
9606.ENSP00000399518 9606.ENSP00000404121 0 0 0 0 0 0 188 188 
9606.ENSP00000399518 9606.ENSP00000257934 0 0 0 0 0 0 159 159 
9606.ENSP00000399518 9606.ENSP00000296871 0 0 0 0 0 0 201 201 
9606.ENSP00000399518 9606.ENSP00000288266 0 0 0 0 0 0 188 188 
9606.ENSP00000399518 9606.ENSP00000362588 0 0 0 0 0 0 169 169 
9606.ENSP00000399518 9606.ENSP00000345420 0 0 0 0 0 0 175 175 
9606.ENSP00000399518 9606.ENSP00000369129 0 0 0 0 0 0 151 151 
9606.ENSP00000399518 9606.ENSP00000335247 0 0 0 0 0 0 203 203 
9606.ENSP00000399518 9606.ENSP00000228682 0 0 0 0 81 0 113 150 
9606.ENSP00000399518 9606.ENSP00000298355 0 0 0 0 0 0 278 278 
9606.ENSP00000399518 9606.ENSP00000345702 0 0 0 0 0 0 464 464 
9606.ENSP00000399518 9606.ENSP00000354487 0 0 0 0 0 0 240 240 
9606.ENSP00000399518 9606.ENSP00000479106 0 0 0 0 0 0 198 198 
9606.ENSP00000399518 9606.ENSP00000367034 0 0 0 0 0 0 198 198 
9606.ENSP00000399518 9606.ENSP00000385269 0 0 0 0 0 0 213 213 
9606.ENSP00000399518 9606.ENSP00000357922 0 0 0 0 0 0 220 220 
9606.ENSP00000399518 9606.ENSP00000337825 0 0 0 62 0 0 212 229 
9606.ENSP00000399518 9606.ENSP00000350676 0 0 0 0 0 0 329 329 
9606.ENSP00000399518 9606.ENSP00000463154 0 0 0 0 0 0 414 414 
9606.ENSP00000399518 9606.ENSP00000380034 0 0 0 0 0 0 165 165 
9606.ENSP00000399518 9606.ENSP00000327694 0 0 0 0 0 0 421 421 
9606.ENSP00000399518 9606.ENSP00000408792 0 0 0 0 81 0 161 196 
9606.ENSP00000399518 9606.ENSP00000350928 0 0 0 62 0 0 189 207 
9606.ENSP00000399518 9606.ENSP00000344456 0 0 0 0 379 0 268 525 
9606.ENSP00000399518 9606.ENSP00000439513 0 0 0 61 0 0 138 156 
9606.ENSP00000399518 9606.ENSP00000157600 0 0 0 0 0 0 214 214 
9606.ENSP00000399518 9606.ENSP00000398273 0 0 0 0 0 0 275 275 
9606.ENSP00000399518 9606.ENSP00000338774 0 0 0 84 81 0 164 235 
9606.ENSP00000399518 9606.ENSP00000323421 0 0 0 0 0 0 164 164 
9606.ENSP00000399518 9606.ENSP00000453793 0 0 0 61 0 0 206 223 
9606.ENSP00000399518 9606.ENSP00000340507 0 0 0 0 0 0 177 177 
9606.ENSP00000399518 9606.ENSP00000319118 0 0 0 0 0 0 229 229 
9606.ENSP00000399518 9606.ENSP00000479618 0 0 0 0 0 0 643 643 
9606.ENSP00000399518 9606.ENSP00000267484 0 0 0 90 0 0 154 197 
9606.ENSP00000399518 9606.ENSP00000334474 0 0 0 0 361 0 0 361 
9606.ENSP00000399518 9606.ENSP00000477437 0 0 0 0 0 0 158 158 
9606.ENSP00000399518 9606.ENSP00000431603 0 0 0 0 0 0 230 230 
9606.ENSP00000399518 9606.ENSP00000239938 0 0 0 0 81 0 188 221 
9606.ENSP00000399518 9606.ENSP00000427114 0 0 0 61 0 0 180 197 
9606.ENSP00000399518 9606.ENSP00000377782 0 0 0 0 0 0 168 168 
9606.ENSP00000399518 9606.ENSP00000385675 0 0 0 0 0 0 161 161 
9606.ENSP00000399518 9606.ENSP00000484789 0 0 0 0 0 0 198 198 
9606.ENSP00000399518 9606.ENSP00000261366 0 0 0 0 0 0 345 345 
9606.ENSP00000399518 9606.ENSP00000362649 0 0 0 0 397 0 354 594 
9606.ENSP00000399518 9606.ENSP00000369419 0 0 0 0 0 0 156 156 
9606.ENSP00000399518 9606.ENSP00000439120 0 0 0 0 0 0 183 183 
9606.ENSP00000399518 9606.ENSP00000362717 0 0 0 0 0 0 223 223 
9606.ENSP00000399518 9606.ENSP00000471921 0 0 0 0 0 0 612 612 
9606.ENSP00000399518 9606.ENSP00000384371 0 0 0 0 81 0 224 256 
9606.ENSP00000399518 9606.ENSP00000222753 0 0 0 0 0 0 157 157 
9606.ENSP00000399518 9606.ENSP00000363193 0 0 0 0 0 0 180 180 
9606.ENSP00000399518 9606.ENSP00000376330 0 0 0 0 0 0 161 161 
9606.ENSP00000399518 9606.ENSP00000283179 0 0 0 0 0 0 541 541 
9606.ENSP00000399518 9606.ENSP00000282308 0 0 0 0 81 0 151 186 
9606.ENSP00000399518 9606.ENSP00000477213 0 0 0 0 0 0 165 165 
9606.ENSP00000399518 9606.ENSP00000411355 0 0 0 62 0 0 257 273 
9606.ENSP00000399518 9606.ENSP00000359212 0 0 0 0 0 0 173 173 
9606.ENSP00000399518 9606.ENSP00000263754 0 0 0 0 379 0 189 474 
9606.ENSP00000399518 9606.ENSP00000268704 0 0 0 0 0 0 207 207 
9606.ENSP00000399518 9606.ENSP00000246657 0 0 0 62 0 0 164 182 
9606.ENSP00000399518 9606.ENSP00000380120 0 0 0 0 81 0 124 160 
9606.ENSP00000399518 9606.ENSP00000377298 0 0 0 0 0 0 242 242 
9606.ENSP00000399518 9606.ENSP00000351742 0 0 0 62 0 0 147 166 
9606.ENSP00000399518 9606.ENSP00000348385 0 0 0 0 0 0 191 191 
9606.ENSP00000399518 9606.ENSP00000336866 0 0 0 0 0 0 192 192 
9606.ENSP00000399518 9606.ENSP00000242159 0 0 0 0 0 0 229 229 
9606.ENSP00000399518 9606.ENSP00000366974 0 0 0 0 0 0 198 198 
9606.ENSP00000399518 9606.ENSP00000346389 0 0 0 56 0 0 206 218 
9606.ENSP00000399518 9606.ENSP00000341551 0 0 0 0 0 0 226 226 
9606.ENSP00000399518 9606.ENSP00000479461 0 0 0 0 0 0 198 198 
9606.ENSP00000399518 9606.ENSP00000261800 0 0 0 0 0 0 235 235 
9606.ENSP00000399518 9606.ENSP00000328777 0 0 0 0 0 0 345 345 
9606.ENSP00000399518 9606.ENSP00000476960 0 0 0 0 0 0 265 265 
9606.ENSP00000399518 9606.ENSP00000386559 0 0 0 0 0 0 237 237 
9606.ENSP00000399518 9606.ENSP00000441875 0 0 0 0 0 0 173 173 
9606.ENSP00000399518 9606.ENSP00000320147 0 0 0 0 0 0 297 297 
9606.ENSP00000399518 9606.ENSP00000265773 0 0 0 0 0 0 180 180 
9606.ENSP00000399518 9606.ENSP00000246229 0 0 0 0 81 0 266 296 
9606.ENSP00000399518 9606.ENSP00000437955 0 0 0 62 0 0 162 181 
9606.ENSP00000399518 9606.ENSP00000394316 0 0 0 0 0 0 173 173 
9606.ENSP00000399518 9606.ENSP00000269397 0 0 0 0 348 0 301 525 
9606.ENSP00000399518 9606.ENSP00000357556 0 0 0 0 0 0 203 203 
9606.ENSP00000399518 9606.ENSP00000340998 0 0 0 0 0 0 186 186 
9606.ENSP00000399518 9606.ENSP00000400142 0 0 0 0 0 0 179 179 
9606.ENSP00000399518 9606.ENSP00000358532 0 0 0 0 0 0 269 269 
9606.ENSP00000399518 9606.ENSP00000304915 0 0 0 0 0 0 267 267 
9606.ENSP00000399518 9606.ENSP00000268058 0 0 0 0 379 0 105 421 
9606.ENSP00000399518 9606.ENSP00000296870 0 0 0 0 0 0 191 191 
9606.ENSP00000399518 9606.ENSP00000317895 0 0 0 0 0 0 223 223 
9606.ENSP00000399518 9606.ENSP00000366271 0 0 0 0 0 0 173 173 
9606.ENSP00000399518 9606.ENSP00000380692 0 0 0 0 0 0 194 194 
9606.ENSP00000399518 9606.ENSP00000267116 0 0 0 0 0 0 203 203 
9606.ENSP00000399518 9606.ENSP00000371905 0 0 0 0 0 0 163 163 
9606.ENSP00000399518 9606.ENSP00000376930 0 0 0 0 0 0 173 173 
9606.ENSP00000399518 9606.ENSP00000240328 0 0 0 0 0 0 167 167 
9606.ENSP00000399518 9606.ENSP00000362195 0 0 0 0 0 0 163 163 
9606.ENSP00000399518 9606.ENSP00000378712 0 0 0 0 347 0 0 347 
9606.ENSP00000399518 9606.ENSP00000353735 0 0 0 0 348 0 49 353 
9606.ENSP00000399518 9606.ENSP00000266269 0 0 0 0 81 0 503 523 
9606.ENSP00000399518 9606.ENSP00000297338 0 0 0 0 0 0 161 161 
9606.ENSP00000399518 9606.ENSP00000369716 0 0 0 0 342 0 136 407 
9606.ENSP00000399518 9606.ENSP00000329662 0 0 0 0 0 0 323 323 
9606.ENSP00000399518 9606.ENSP00000340609 0 0 0 0 0 0 367 367 
9606.ENSP00000399518 9606.ENSP00000272418 0 0 0 0 0 0 252 252 
9606.ENSP00000399518 9606.ENSP00000263121 0 0 0 0 0 0 442 442 
9606.ENSP00000399518 9606.ENSP00000347721 0 0 0 0 0 0 156 156 
9606.ENSP00000399518 9606.ENSP00000311290 0 0 0 0 0 0 258 258 
9606.ENSP00000399518 9606.ENSP00000358092 0 0 0 0 0 0 212 212 
9606.ENSP00000399518 9606.ENSP00000377854 0 0 0 0 0 0 443 443 
9606.ENSP00000399518 9606.ENSP00000341280 0 0 0 51 0 0 209 217 
9606.ENSP00000399518 9606.ENSP00000361650 0 0 0 0 0 0 226 226 
9606.ENSP00000399518 9606.ENSP00000400341 0 0 0 81 0 0 149 184 
9606.ENSP00000399518 9606.ENSP00000404658 0 0 0 0 0 0 189 189 
9606.ENSP00000399518 9606.ENSP00000248071 0 0 0 0 81 0 185 219 
9606.ENSP00000399518 9606.ENSP00000357255 0 0 0 0 0 0 213 213 
9606.ENSP00000399518 9606.ENSP00000309945 0 0 0 0 0 0 156 156 
9606.ENSP00000399518 9606.ENSP00000479617 0 0 0 0 0 0 157 157 
9606.ENSP00000399518 9606.ENSP00000385808 0 0 0 65 0 0 168 188 
9606.ENSP00000399518 9606.ENSP00000252542 0 0 0 0 0 0 420 420 
9606.ENSP00000399518 9606.ENSP00000339004 0 0 0 0 98 0 146 196 
9606.ENSP00000399518 9606.ENSP00000329170 0 0 0 0 0 0 242 242 
9606.ENSP00000399518 9606.ENSP00000362151 0 0 0 0 0 0 197 197 
9606.ENSP00000399518 9606.ENSP00000337060 0 0 0 0 0 0 171 171 
9606.ENSP00000399518 9606.ENSP00000366347 0 0 0 0 0 0 174 174 
9606.ENSP00000399518 9606.ENSP00000262962 0 0 0 0 0 0 254 254 
9606.ENSP00000399518 9606.ENSP00000333994 0 0 0 71 0 0 138 165 
9606.ENSP00000399518 9606.ENSP00000380053 0 0 0 61 0 0 172 189 
9606.ENSP00000399518 9606.ENSP00000339115 0 0 0 0 0 0 405 405 
9606.ENSP00000399518 9606.ENSP00000402460 0 0 0 0 0 0 222 222 
9606.ENSP00000399518 9606.ENSP00000429084 0 0 0 0 319 0 0 319 
9606.ENSP00000399518 9606.ENSP00000366956 0 0 0 0 0 0 198 198 
9606.ENSP00000399518 9606.ENSP00000345206 0 0 0 0 98 0 164 213 
9606.ENSP00000399518 9606.ENSP00000290921 0 0 0 0 379 0 538 700 
9606.ENSP00000399518 9606.ENSP00000301587 0 0 0 0 0 0 214 214 
9606.ENSP00000399518 9606.ENSP00000345681 0 0 0 0 0 0 258 258 
9606.ENSP00000399518 9606.ENSP00000282249 0 0 0 0 0 0 340 340 
9606.ENSP00000399518 9606.ENSP00000344218 0 0 0 0 0 0 165 165 
9606.ENSP00000399518 9606.ENSP00000216605 0 0 0 0 0 0 342 342 
9606.ENSP00000399518 9606.ENSP00000221485 0 0 0 52 0 0 164 173 
9606.ENSP00000399518 9606.ENSP00000350844 0 0 0 0 0 0 348 348 
9606.ENSP00000399518 9606.ENSP00000245816 0 0 0 0 0 0 467 467 
9606.ENSP00000399518 9606.ENSP00000254166 0 0 0 0 81 0 137 172 
9606.ENSP00000399518 9606.ENSP00000258424 0 0 0 0 0 0 366 366 
9606.ENSP00000399518 9606.ENSP00000361162 0 0 0 0 237 0 0 237 
9606.ENSP00000399518 9606.ENSP00000258106 0 0 0 0 0 0 208 208 
9606.ENSP00000399518 9606.ENSP00000412130 0 0 0 0 0 0 346 346 
