9606.ENSP00000332875 9606.ENSP00000398064 0 0 0 0 0 0 173 173 
9606.ENSP00000332875 9606.ENSP00000458986 0 0 0 0 0 0 204 204 
9606.ENSP00000332875 9606.ENSP00000345771 0 0 0 0 0 0 203 203 
9606.ENSP00000332875 9606.ENSP00000483154 0 0 0 61 0 0 535 544 
9606.ENSP00000332875 9606.ENSP00000301039 0 0 0 0 0 0 223 223 
9606.ENSP00000332875 9606.ENSP00000261749 0 0 0 0 0 0 408 408 
9606.ENSP00000332875 9606.ENSP00000338927 0 0 0 0 0 0 410 410 
9606.ENSP00000332875 9606.ENSP00000363985 0 0 0 0 0 0 161 161 
9606.ENSP00000332875 9606.ENSP00000300190 0 0 0 65 0 0 522 533 
9606.ENSP00000332875 9606.ENSP00000332674 0 0 0 0 0 0 173 173 
9606.ENSP00000332875 9606.ENSP00000421339 0 0 0 0 0 0 224 224 
9606.ENSP00000332875 9606.ENSP00000392105 0 0 0 0 0 0 412 412 
9606.ENSP00000332875 9606.ENSP00000398617 0 0 0 0 0 0 223 223 
9606.ENSP00000332875 9606.ENSP00000371221 0 0 0 0 0 0 373 373 
9606.ENSP00000332875 9606.ENSP00000274643 0 0 0 0 0 0 173 173 
9606.ENSP00000332875 9606.ENSP00000268099 0 0 0 0 0 0 368 368 
9606.ENSP00000332875 9606.ENSP00000254624 0 0 0 0 0 0 173 173 
9606.ENSP00000332875 9606.ENSP00000237937 0 0 0 0 0 0 177 177 
9606.ENSP00000332875 9606.ENSP00000180173 0 0 0 0 0 0 161 161 
9606.ENSP00000332875 9606.ENSP00000345656 0 0 0 0 0 0 224 224 
