9606.ENSP00000296233 9606.ENSP00000310928 0 0 0 62 111 0 213 286 
9606.ENSP00000296233 9606.ENSP00000294312 0 0 0 0 53 0 180 190 
9606.ENSP00000296233 9606.ENSP00000340292 0 0 0 0 50 0 266 272 
9606.ENSP00000296233 9606.ENSP00000396620 0 0 0 64 162 0 79 215 
9606.ENSP00000296233 9606.ENSP00000357881 0 0 0 0 0 0 167 167 
9606.ENSP00000296233 9606.ENSP00000342828 0 0 0 0 59 0 244 258 
9606.ENSP00000296233 9606.ENSP00000357189 0 0 0 0 186 0 0 186 
9606.ENSP00000296233 9606.ENSP00000350815 0 0 0 62 111 0 153 232 
9606.ENSP00000296233 9606.ENSP00000383063 0 0 0 0 0 0 227 227 
9606.ENSP00000296233 9606.ENSP00000252818 0 0 0 0 95 0 101 152 
9606.ENSP00000296233 9606.ENSP00000296506 0 0 0 0 0 0 165 165 
9606.ENSP00000296233 9606.ENSP00000343633 0 0 0 0 108 0 88 151 
9606.ENSP00000296233 9606.ENSP00000360493 0 0 0 0 54 0 225 235 
9606.ENSP00000296233 9606.ENSP00000256495 0 0 0 0 68 0 342 360 
9606.ENSP00000296233 9606.ENSP00000231509 0 0 0 0 111 0 473 511 
9606.ENSP00000296233 9606.ENSP00000072644 0 0 0 0 0 0 167 167 
9606.ENSP00000296233 9606.ENSP00000345393 0 0 0 0 0 0 197 197 
9606.ENSP00000296233 9606.ENSP00000355388 0 0 0 42 173 0 0 173 
9606.ENSP00000296233 9606.ENSP00000229812 0 0 0 55 157 0 42 170 
9606.ENSP00000296233 9606.ENSP00000384629 0 0 0 64 144 0 0 164 
9606.ENSP00000296233 9606.ENSP00000244289 0 0 0 62 77 0 269 312 
9606.ENSP00000296233 9606.ENSP00000483345 0 0 0 0 186 0 0 186 
9606.ENSP00000296233 9606.ENSP00000422607 0 0 0 63 69 0 126 171 
9606.ENSP00000296233 9606.ENSP00000376902 0 0 0 0 77 0 117 150 
9606.ENSP00000296233 9606.ENSP00000451207 0 0 0 0 58 0 292 304 
9606.ENSP00000296233 9606.ENSP00000427793 0 0 0 50 68 0 212 242 
9606.ENSP00000296233 9606.ENSP00000362244 0 0 0 0 73 0 152 180 
9606.ENSP00000296233 9606.ENSP00000428205 0 0 0 0 0 0 458 458 
9606.ENSP00000296233 9606.ENSP00000360293 0 0 0 76 69 0 225 275 
9606.ENSP00000296233 9606.ENSP00000355924 0 0 0 51 144 0 0 152 
9606.ENSP00000296233 9606.ENSP00000358888 0 0 0 82 0 0 129 167 
9606.ENSP00000296233 9606.ENSP00000365858 0 0 0 0 78 0 144 177 
9606.ENSP00000296233 9606.ENSP00000352565 0 0 0 0 53 0 269 278 
9606.ENSP00000296233 9606.ENSP00000228027 0 0 0 63 0 0 204 222 
9606.ENSP00000296233 9606.ENSP00000366898 0 0 0 0 65 0 232 251 
9606.ENSP00000296233 9606.ENSP00000337641 0 0 0 0 237 0 0 237 
9606.ENSP00000296233 9606.ENSP00000356234 0 0 0 0 185 0 0 185 
9606.ENSP00000296233 9606.ENSP00000359837 0 0 0 0 0 0 173 173 
9606.ENSP00000296233 9606.ENSP00000376708 0 0 0 0 269 0 0 269 
9606.ENSP00000296233 9606.ENSP00000003302 0 0 0 0 128 0 67 151 
9606.ENSP00000296233 9606.ENSP00000355627 0 0 0 98 50 0 371 414 
9606.ENSP00000296233 9606.ENSP00000457593 0 0 0 0 0 0 264 264 
9606.ENSP00000296233 9606.ENSP00000215582 0 0 0 0 0 0 208 208 
9606.ENSP00000296233 9606.ENSP00000414019 0 0 0 0 0 0 217 217 
9606.ENSP00000296233 9606.ENSP00000226319 0 0 0 0 87 0 244 280 
9606.ENSP00000296233 9606.ENSP00000304592 0 0 0 63 0 0 255 272 
9606.ENSP00000296233 9606.ENSP00000398698 0 0 0 0 84 0 168 205 
9606.ENSP00000296233 9606.ENSP00000262519 0 0 0 51 144 0 0 152 
9606.ENSP00000296233 9606.ENSP00000300305 0 0 0 0 54 0 206 216 
9606.ENSP00000296233 9606.ENSP00000302630 0 0 0 0 64 0 129 150 
9606.ENSP00000296233 9606.ENSP00000206595 0 0 0 51 144 0 0 152 
9606.ENSP00000296233 9606.ENSP00000356641 0 0 0 0 81 0 206 239 
9606.ENSP00000296233 9606.ENSP00000258829 0 0 0 0 59 0 309 321 
9606.ENSP00000296233 9606.ENSP00000362817 0 0 0 61 50 0 133 159 
9606.ENSP00000296233 9606.ENSP00000280614 0 0 0 0 83 0 346 375 
9606.ENSP00000296233 9606.ENSP00000373354 0 0 0 51 144 0 0 152 
9606.ENSP00000296233 9606.ENSP00000261195 0 0 0 63 0 0 184 202 
9606.ENSP00000296233 9606.ENSP00000263278 0 0 0 0 63 0 448 460 
9606.ENSP00000296233 9606.ENSP00000346886 0 0 0 0 64 0 288 305 
9606.ENSP00000296233 9606.ENSP00000301037 0 0 0 61 157 0 55 186 
9606.ENSP00000296233 9606.ENSP00000008527 0 0 0 0 73 0 236 261 
9606.ENSP00000296233 9606.ENSP00000347847 0 0 0 0 64 0 146 166 
9606.ENSP00000296233 9606.ENSP00000368698 0 0 0 0 0 0 296 296 
9606.ENSP00000296233 9606.ENSP00000481581 0 0 0 0 108 0 172 230 
9606.ENSP00000296233 9606.ENSP00000261537 0 0 0 42 185 0 0 185 
9606.ENSP00000296233 9606.ENSP00000339992 0 0 0 0 124 0 131 206 
9606.ENSP00000296233 9606.ENSP00000322716 0 0 0 0 186 0 0 186 
9606.ENSP00000296233 9606.ENSP00000262848 0 0 0 78 132 0 49 172 
9606.ENSP00000296233 9606.ENSP00000298910 0 0 0 62 132 0 0 151 
9606.ENSP00000296233 9606.ENSP00000264758 0 0 0 0 0 0 230 230 
9606.ENSP00000296233 9606.ENSP00000437775 0 0 0 0 167 0 0 167 
9606.ENSP00000296233 9606.ENSP00000246672 0 0 0 62 50 0 222 246 
9606.ENSP00000296233 9606.ENSP00000409666 0 0 0 0 185 0 68 207 
9606.ENSP00000296233 9606.ENSP00000368678 0 0 0 0 0 0 227 227 
9606.ENSP00000296233 9606.ENSP00000320935 0 0 0 62 0 0 488 499 
9606.ENSP00000296233 9606.ENSP00000265351 0 0 0 62 157 0 66 196 
9606.ENSP00000296233 9606.ENSP00000302967 0 0 0 0 156 0 0 156 
9606.ENSP00000296233 9606.ENSP00000314193 0 0 0 52 0 0 185 194 
9606.ENSP00000296233 9606.ENSP00000263360 0 0 0 0 192 0 56 204 
9606.ENSP00000296233 9606.ENSP00000254101 0 0 0 0 163 0 0 163 
9606.ENSP00000296233 9606.ENSP00000431800 0 0 0 0 0 0 265 265 
9606.ENSP00000296233 9606.ENSP00000301645 0 0 0 62 50 0 449 467 
9606.ENSP00000296233 9606.ENSP00000398837 0 0 0 51 144 0 52 162 
9606.ENSP00000296233 9606.ENSP00000217233 0 0 0 61 85 0 93 153 
9606.ENSP00000296233 9606.ENSP00000323246 0 0 0 0 65 0 176 197 
9606.ENSP00000296233 9606.ENSP00000242057 0 0 0 0 0 0 217 217 
9606.ENSP00000296233 9606.ENSP00000216797 0 0 0 42 123 0 151 224 
9606.ENSP00000296233 9606.ENSP00000313983 0 0 0 51 144 0 0 152 
9606.ENSP00000296233 9606.ENSP00000447149 0 0 0 63 111 0 160 239 
9606.ENSP00000296233 9606.ENSP00000438209 0 0 0 0 0 0 156 156 
9606.ENSP00000296233 9606.ENSP00000378402 0 0 0 62 260 0 412 556 
9606.ENSP00000296233 9606.ENSP00000225577 0 0 0 0 81 0 141 177 
9606.ENSP00000296233 9606.ENSP00000376077 0 0 0 0 185 0 0 185 
9606.ENSP00000296233 9606.ENSP00000380432 0 0 0 0 0 0 670 670 
9606.ENSP00000296233 9606.ENSP00000254227 0 0 0 63 111 0 175 252 
9606.ENSP00000296233 9606.ENSP00000424015 0 0 0 0 0 0 349 349 
9606.ENSP00000296233 9606.ENSP00000309570 0 0 0 0 0 0 187 187 
9606.ENSP00000296233 9606.ENSP00000463287 0 0 0 0 0 0 180 180 
9606.ENSP00000296233 9606.ENSP00000345147 0 0 0 0 59 0 345 358 
9606.ENSP00000296233 9606.ENSP00000345629 0 0 0 0 64 0 260 278 
9606.ENSP00000296233 9606.ENSP00000332973 0 0 0 0 86 0 200 237 
9606.ENSP00000296233 9606.ENSP00000332139 0 0 0 61 0 0 154 171 
9606.ENSP00000296233 9606.ENSP00000313953 0 0 0 0 0 0 161 161 
9606.ENSP00000296233 9606.ENSP00000340494 0 0 0 0 0 0 269 269 
9606.ENSP00000296233 9606.ENSP00000262160 0 0 0 0 86 0 135 175 
9606.ENSP00000296233 9606.ENSP00000430706 0 0 0 0 81 0 122 158 
9606.ENSP00000296233 9606.ENSP00000356470 0 0 0 0 0 0 159 159 
9606.ENSP00000296233 9606.ENSP00000344352 0 0 0 0 73 0 245 270 
9606.ENSP00000296233 9606.ENSP00000430432 0 0 0 0 157 0 73 185 
9606.ENSP00000296233 9606.ENSP00000376184 0 0 0 0 0 0 465 465 
9606.ENSP00000296233 9606.ENSP00000268712 0 0 0 0 185 0 173 297 
9606.ENSP00000296233 9606.ENSP00000405330 0 0 0 0 111 0 151 212 
9606.ENSP00000296233 9606.ENSP00000262144 0 0 0 0 261 0 43 262 
9606.ENSP00000296233 9606.ENSP00000337976 0 0 0 51 146 0 0 155 
9606.ENSP00000296233 9606.ENSP00000348069 0 0 0 61 59 0 409 432 
9606.ENSP00000296233 9606.ENSP00000358677 0 0 0 0 63 0 132 151 
9606.ENSP00000296233 9606.ENSP00000369927 0 0 0 55 62 0 148 178 
9606.ENSP00000296233 9606.ENSP00000323720 0 0 0 0 122 0 279 340 
9606.ENSP00000296233 9606.ENSP00000209728 0 0 0 55 132 0 56 158 
9606.ENSP00000296233 9606.ENSP00000262030 0 0 0 49 178 0 0 184 
9606.ENSP00000296233 9606.ENSP00000370109 0 0 0 0 186 0 0 186 
9606.ENSP00000296233 9606.ENSP00000360231 0 0 0 0 63 0 362 377 
9606.ENSP00000296233 9606.ENSP00000307023 0 0 0 0 0 0 234 234 
9606.ENSP00000296233 9606.ENSP00000378306 0 0 0 64 131 0 57 165 
9606.ENSP00000296233 9606.ENSP00000436786 0 0 0 51 144 0 0 152 
9606.ENSP00000296233 9606.ENSP00000477707 0 0 0 63 111 0 148 229 
9606.ENSP00000296233 9606.ENSP00000482093 0 0 0 0 60 0 201 217 
9606.ENSP00000296233 9606.ENSP00000258888 0 0 0 0 0 0 161 161 
9606.ENSP00000296233 9606.ENSP00000367570 0 0 0 51 144 0 0 152 
9606.ENSP00000296233 9606.ENSP00000369131 0 0 0 62 260 0 203 398 
9606.ENSP00000296233 9606.ENSP00000337701 0 0 0 62 0 0 235 251 
9606.ENSP00000296233 9606.ENSP00000269051 0 0 0 84 80 0 81 158 
9606.ENSP00000296233 9606.ENSP00000263734 0 0 0 0 65 0 234 253 
9606.ENSP00000296233 9606.ENSP00000364831 0 0 0 0 0 0 711 711 
9606.ENSP00000296233 9606.ENSP00000310721 0 0 0 62 50 0 166 192 
9606.ENSP00000296233 9606.ENSP00000265641 0 0 0 61 0 0 164 181 
9606.ENSP00000296233 9606.ENSP00000207157 0 0 0 0 63 0 339 354 
9606.ENSP00000296233 9606.ENSP00000302625 0 0 0 0 50 0 173 181 
9606.ENSP00000296233 9606.ENSP00000356953 0 0 0 0 0 0 246 246 
9606.ENSP00000296233 9606.ENSP00000384851 0 0 0 0 111 0 96 161 
9606.ENSP00000296233 9606.ENSP00000329353 0 0 0 0 0 0 292 292 
9606.ENSP00000296233 9606.ENSP00000309270 0 0 0 76 0 0 172 202 
9606.ENSP00000296233 9606.ENSP00000378624 0 0 0 61 68 0 215 253 
9606.ENSP00000296233 9606.ENSP00000368632 0 0 0 0 78 0 247 276 
9606.ENSP00000296233 9606.ENSP00000294740 0 0 0 0 0 0 174 174 
9606.ENSP00000296233 9606.ENSP00000268035 0 0 0 55 80 0 147 194 
9606.ENSP00000296233 9606.ENSP00000216271 0 0 0 0 150 0 43 151 
9606.ENSP00000296233 9606.ENSP00000377721 0 0 0 0 111 0 186 245 
9606.ENSP00000296233 9606.ENSP00000360613 0 0 0 0 85 0 117 158 
9606.ENSP00000296233 9606.ENSP00000480998 0 0 0 0 63 0 150 170 
9606.ENSP00000296233 9606.ENSP00000363804 0 0 0 0 0 0 199 199 
9606.ENSP00000296233 9606.ENSP00000299155 0 0 0 0 0 0 382 382 
9606.ENSP00000296233 9606.ENSP00000396954 0 0 0 0 43 0 162 164 
9606.ENSP00000296233 9606.ENSP00000455426 0 0 0 69 0 0 216 239 
9606.ENSP00000296233 9606.ENSP00000384863 0 0 0 62 157 0 0 175 
9606.ENSP00000296233 9606.ENSP00000473233 0 0 0 0 85 0 218 253 
9606.ENSP00000296233 9606.ENSP00000300055 0 0 0 62 0 0 212 229 
9606.ENSP00000296233 9606.ENSP00000234091 0 0 0 0 64 0 133 154 
9606.ENSP00000296233 9606.ENSP00000307746 0 0 0 0 0 0 154 154 
9606.ENSP00000296233 9606.ENSP00000361458 0 0 0 63 50 0 383 403 
9606.ENSP00000296233 9606.ENSP00000386041 0 0 0 56 50 0 138 159 
9606.ENSP00000296233 9606.ENSP00000320485 0 0 0 0 62 0 426 439 
9606.ENSP00000296233 9606.ENSP00000361596 0 0 0 0 53 0 210 220 
9606.ENSP00000296233 9606.ENSP00000229795 0 0 0 0 140 0 143 231 
9606.ENSP00000296233 9606.ENSP00000360660 0 0 0 0 64 0 156 176 
9606.ENSP00000296233 9606.ENSP00000376204 0 0 0 51 144 0 0 152 
9606.ENSP00000296233 9606.ENSP00000262187 0 0 0 0 83 0 202 237 
9606.ENSP00000296233 9606.ENSP00000354394 0 0 0 0 64 0 170 190 
9606.ENSP00000296233 9606.ENSP00000345282 0 0 0 63 0 0 168 187 
9606.ENSP00000296233 9606.ENSP00000485452 0 0 0 0 58 0 266 279 
9606.ENSP00000296233 9606.ENSP00000451145 0 0 0 0 125 0 72 153 
9606.ENSP00000296233 9606.ENSP00000340874 0 0 0 0 84 0 189 226 
9606.ENSP00000296233 9606.ENSP00000005178 0 0 0 64 57 0 285 314 
9606.ENSP00000296233 9606.ENSP00000444810 0 0 0 0 58 0 267 279 
9606.ENSP00000296233 9606.ENSP00000357914 0 0 0 42 123 0 133 207 
9606.ENSP00000296233 9606.ENSP00000316842 0 0 0 0 64 0 134 154 
9606.ENSP00000296233 9606.ENSP00000356529 0 0 0 0 50 0 205 212 
9606.ENSP00000296233 9606.ENSP00000360412 0 0 0 0 80 0 663 677 
9606.ENSP00000296233 9606.ENSP00000373684 0 0 0 55 157 0 42 170 
9606.ENSP00000296233 9606.ENSP00000362592 0 0 0 0 186 0 0 186 
9606.ENSP00000296233 9606.ENSP00000373696 0 0 0 50 68 0 232 260 
9606.ENSP00000296233 9606.ENSP00000380878 0 0 0 64 131 0 57 165 
9606.ENSP00000296233 9606.ENSP00000347834 0 0 0 63 58 0 117 153 
9606.ENSP00000296233 9606.ENSP00000363390 0 0 0 55 64 0 418 440 
9606.ENSP00000296233 9606.ENSP00000420612 0 0 0 0 0 0 170 170 
9606.ENSP00000296233 9606.ENSP00000419692 0 0 0 0 111 0 99 164 
9606.ENSP00000296233 9606.ENSP00000187762 0 0 0 0 0 0 163 163 
9606.ENSP00000296233 9606.ENSP00000340347 0 0 0 0 130 0 167 245 
9606.ENSP00000296233 9606.ENSP00000295633 0 0 0 0 0 0 165 165 
9606.ENSP00000296233 9606.ENSP00000304169 0 0 0 0 79 0 161 194 
9606.ENSP00000296233 9606.ENSP00000314441 0 0 0 49 0 0 154 161 
9606.ENSP00000296233 9606.ENSP00000360054 0 0 0 0 81 0 140 176 
9606.ENSP00000296233 9606.ENSP00000358414 0 0 0 64 0 0 162 182 
9606.ENSP00000296233 9606.ENSP00000386759 0 0 0 51 144 0 0 152 
9606.ENSP00000296233 9606.ENSP00000368880 0 0 0 0 108 0 433 473 
9606.ENSP00000296233 9606.ENSP00000384211 0 0 0 0 0 0 176 176 
9606.ENSP00000296233 9606.ENSP00000307911 0 0 0 0 0 0 155 155 
9606.ENSP00000296233 9606.ENSP00000377504 0 0 0 0 0 0 210 210 
9606.ENSP00000296233 9606.ENSP00000221996 0 0 0 0 64 0 139 160 
9606.ENSP00000296233 9606.ENSP00000347152 0 0 0 0 0 0 224 224 
9606.ENSP00000296233 9606.ENSP00000299633 0 0 0 0 186 0 0 186 
9606.ENSP00000296233 9606.ENSP00000246080 0 0 0 0 53 0 194 204 
9606.ENSP00000296233 9606.ENSP00000380093 0 0 0 69 125 0 45 154 
9606.ENSP00000296233 9606.ENSP00000311010 0 0 0 0 52 0 332 339 
9606.ENSP00000296233 9606.ENSP00000372351 0 0 0 51 144 0 0 152 
9606.ENSP00000296233 9606.ENSP00000282326 0 0 0 0 0 0 243 243 
9606.ENSP00000296233 9606.ENSP00000338157 0 0 0 61 0 0 168 186 
9606.ENSP00000296233 9606.ENSP00000252486 0 0 0 97 0 0 132 183 
9606.ENSP00000296233 9606.ENSP00000260645 0 0 0 63 56 0 129 163 
9606.ENSP00000296233 9606.ENSP00000396843 0 0 0 0 63 0 144 163 
9606.ENSP00000296233 9606.ENSP00000323740 0 0 0 0 0 0 174 174 
9606.ENSP00000296233 9606.ENSP00000365255 0 0 0 42 123 0 93 171 
9606.ENSP00000296233 9606.ENSP00000434241 0 0 0 61 50 0 155 180 
9606.ENSP00000296233 9606.ENSP00000359531 0 0 0 0 127 0 135 213 
9606.ENSP00000296233 9606.ENSP00000350681 0 0 0 0 64 0 305 321 
9606.ENSP00000296233 9606.ENSP00000419923 0 0 0 0 0 0 205 205 
9606.ENSP00000296233 9606.ENSP00000421853 0 0 0 76 0 0 132 163 
9606.ENSP00000296233 9606.ENSP00000388910 0 0 0 0 0 0 206 206 
9606.ENSP00000296233 9606.ENSP00000249396 0 0 0 0 64 0 137 157 
9606.ENSP00000296233 9606.ENSP00000385684 0 0 0 61 68 0 150 191 
9606.ENSP00000296233 9606.ENSP00000333024 0 0 0 51 144 0 0 152 
9606.ENSP00000296233 9606.ENSP00000289004 0 0 0 63 0 0 155 174 
9606.ENSP00000296233 9606.ENSP00000360526 0 0 0 0 0 0 151 151 
9606.ENSP00000296233 9606.ENSP00000363149 0 0 0 0 50 0 192 199 
9606.ENSP00000296233 9606.ENSP00000417980 0 0 0 51 144 0 86 192 
9606.ENSP00000296233 9606.ENSP00000264634 0 0 0 0 84 0 159 196 
9606.ENSP00000296233 9606.ENSP00000353344 0 0 0 0 64 0 372 387 
9606.ENSP00000296233 9606.ENSP00000366897 0 0 0 61 0 0 198 215 
9606.ENSP00000296233 9606.ENSP00000377061 0 0 0 0 0 0 625 625 
9606.ENSP00000296233 9606.ENSP00000309913 0 0 0 0 63 0 165 184 
9606.ENSP00000296233 9606.ENSP00000376924 0 0 0 0 101 0 96 152 
9606.ENSP00000296233 9606.ENSP00000356331 0 0 0 62 64 0 116 156 
9606.ENSP00000296233 9606.ENSP00000266304 0 0 0 76 64 0 240 285 
9606.ENSP00000296233 9606.ENSP00000212015 0 0 0 0 64 0 205 224 
9606.ENSP00000296233 9606.ENSP00000357622 0 0 0 0 0 0 183 183 
9606.ENSP00000296233 9606.ENSP00000262999 0 0 0 0 0 0 295 295 
9606.ENSP00000296233 9606.ENSP00000387882 0 0 0 0 0 0 162 162 
9606.ENSP00000296233 9606.ENSP00000332454 0 0 0 56 170 0 0 182 
9606.ENSP00000296233 9606.ENSP00000379975 0 0 0 42 123 0 73 153 
9606.ENSP00000296233 9606.ENSP00000288266 0 0 0 0 191 0 0 191 
9606.ENSP00000296233 9606.ENSP00000254657 0 0 0 62 60 0 189 222 
9606.ENSP00000296233 9606.ENSP00000382518 0 0 0 0 0 0 209 209 
9606.ENSP00000296233 9606.ENSP00000301921 0 0 0 0 125 0 77 158 
9606.ENSP00000296233 9606.ENSP00000388107 0 0 0 0 185 0 0 185 
9606.ENSP00000296233 9606.ENSP00000309591 0 0 0 78 132 0 49 172 
9606.ENSP00000296233 9606.ENSP00000331698 0 0 0 0 0 0 223 223 
9606.ENSP00000296233 9606.ENSP00000264183 0 0 0 0 124 0 186 256 
9606.ENSP00000296233 9606.ENSP00000314606 0 0 0 0 0 0 198 198 
9606.ENSP00000296233 9606.ENSP00000377040 0 0 0 63 0 0 272 289 
9606.ENSP00000296233 9606.ENSP00000356530 0 0 0 56 170 0 113 244 
9606.ENSP00000296233 9606.ENSP00000344456 0 0 0 0 84 0 143 181 
9606.ENSP00000296233 9606.ENSP00000417303 0 0 0 0 0 0 212 212 
9606.ENSP00000296233 9606.ENSP00000334458 0 0 0 0 78 0 478 498 
9606.ENSP00000296233 9606.ENSP00000311280 0 0 0 0 52 0 210 219 
9606.ENSP00000296233 9606.ENSP00000251871 0 0 0 0 55 0 228 240 
9606.ENSP00000296233 9606.ENSP00000479618 0 0 0 0 57 0 214 227 
9606.ENSP00000296233 9606.ENSP00000304360 0 0 0 51 144 0 0 152 
9606.ENSP00000296233 9606.ENSP00000262903 0 0 0 51 159 0 0 167 
9606.ENSP00000296233 9606.ENSP00000352900 0 0 0 83 111 0 146 244 
9606.ENSP00000296233 9606.ENSP00000343581 0 0 0 0 0 0 171 171 
9606.ENSP00000296233 9606.ENSP00000255381 0 0 0 56 50 0 132 153 
9606.ENSP00000296233 9606.ENSP00000362649 0 0 0 0 157 0 123 229 
9606.ENSP00000296233 9606.ENSP00000369419 0 0 0 63 0 0 155 175 
9606.ENSP00000296233 9606.ENSP00000471921 0 0 0 0 50 0 228 235 
9606.ENSP00000296233 9606.ENSP00000383044 0 0 0 0 128 0 119 199 
9606.ENSP00000296233 9606.ENSP00000285018 0 0 0 0 84 0 120 160 
9606.ENSP00000296233 9606.ENSP00000481127 0 0 0 77 0 0 167 198 
9606.ENSP00000296233 9606.ENSP00000320886 0 0 0 62 64 0 167 205 
9606.ENSP00000296233 9606.ENSP00000374447 0 0 0 0 53 0 149 159 
9606.ENSP00000296233 9606.ENSP00000266077 0 0 0 0 0 0 206 206 
9606.ENSP00000296233 9606.ENSP00000341243 0 0 0 0 64 0 137 158 
9606.ENSP00000296233 9606.ENSP00000365651 0 0 0 0 0 0 155 155 
9606.ENSP00000296233 9606.ENSP00000308741 0 0 0 0 57 900 276 925 
9606.ENSP00000296233 9606.ENSP00000346389 0 0 0 0 84 0 347 376 
9606.ENSP00000296233 9606.ENSP00000440331 0 0 0 0 0 0 309 309 
9606.ENSP00000296233 9606.ENSP00000384517 0 0 0 0 57 900 451 943 
9606.ENSP00000296233 9606.ENSP00000308610 0 0 0 64 0 0 152 173 
9606.ENSP00000296233 9606.ENSP00000301067 0 0 0 51 144 0 49 159 
9606.ENSP00000296233 9606.ENSP00000476295 0 0 0 62 127 0 106 203 
9606.ENSP00000296233 9606.ENSP00000347924 0 0 0 0 0 0 188 188 
9606.ENSP00000296233 9606.ENSP00000373328 0 0 0 62 0 0 212 230 
9606.ENSP00000296233 9606.ENSP00000410257 0 0 0 0 54 0 170 182 
9606.ENSP00000296233 9606.ENSP00000304676 0 0 0 84 63 0 263 313 
9606.ENSP00000296233 9606.ENSP00000382688 0 0 0 0 185 0 0 185 
9606.ENSP00000296233 9606.ENSP00000384018 0 0 0 0 185 0 192 314 
9606.ENSP00000296233 9606.ENSP00000269289 0 0 0 51 144 0 0 152 
9606.ENSP00000296233 9606.ENSP00000444688 0 0 0 50 50 0 141 157 
9606.ENSP00000296233 9606.ENSP00000215832 0 0 0 0 140 0 93 186 
9606.ENSP00000296233 9606.ENSP00000361721 0 0 0 0 57 0 153 167 
9606.ENSP00000296233 9606.ENSP00000341280 0 0 0 0 185 0 0 185 
9606.ENSP00000296233 9606.ENSP00000272233 0 0 0 0 83 0 113 152 
9606.ENSP00000296233 9606.ENSP00000358404 0 0 0 0 130 0 212 285 
9606.ENSP00000296233 9606.ENSP00000248071 0 0 0 0 0 0 190 190 
9606.ENSP00000296233 9606.ENSP00000356105 0 0 0 0 0 0 169 169 
9606.ENSP00000296233 9606.ENSP00000282111 0 0 0 0 130 0 185 260 
9606.ENSP00000296233 9606.ENSP00000262741 0 0 0 0 513 0 44 514 
9606.ENSP00000296233 9606.ENSP00000287820 0 0 0 0 111 0 671 696 
9606.ENSP00000296233 9606.ENSP00000312652 0 0 0 0 81 0 268 298 
9606.ENSP00000296233 9606.ENSP00000337510 0 0 0 0 0 0 159 159 
9606.ENSP00000296233 9606.ENSP00000078445 0 0 0 62 0 0 246 263 
9606.ENSP00000296233 9606.ENSP00000376989 0 0 0 0 0 0 203 203 
9606.ENSP00000296233 9606.ENSP00000342307 0 0 0 0 108 0 175 233 
9606.ENSP00000296233 9606.ENSP00000297161 0 0 0 0 0 0 244 244 
9606.ENSP00000296233 9606.ENSP00000307305 0 0 0 0 0 0 520 520 
9606.ENSP00000296233 9606.ENSP00000261427 0 0 0 63 85 0 102 163 
9606.ENSP00000296233 9606.ENSP00000359380 0 0 0 63 0 0 212 230 
9606.ENSP00000296233 9606.ENSP00000290921 0 0 0 0 82 0 235 268 
9606.ENSP00000296233 9606.ENSP00000323074 0 0 0 51 144 0 105 209 
9606.ENSP00000296233 9606.ENSP00000482504 0 0 0 0 111 0 84 151 
9606.ENSP00000296233 9606.ENSP00000216180 0 0 0 55 0 0 168 180 
9606.ENSP00000296233 9606.ENSP00000218548 0 0 0 50 50 0 202 216 
9606.ENSP00000296233 9606.ENSP00000360266 0 0 0 0 95 0 226 270 
9606.ENSP00000296233 9606.ENSP00000322991 0 0 0 0 0 0 742 742 
9606.ENSP00000296233 9606.ENSP00000282030 0 0 0 51 144 0 0 152 
9606.ENSP00000296233 9606.ENSP00000039007 0 0 0 63 0 0 444 457 
9606.ENSP00000296233 9606.ENSP00000251472 0 0 0 61 157 0 113 236 
9606.ENSP00000296233 9606.ENSP00000346173 0 0 0 0 0 0 167 167 
9606.ENSP00000296233 9606.ENSP00000356729 0 0 0 64 0 0 213 232 
9606.ENSP00000296233 9606.ENSP00000356832 0 0 0 0 81 0 173 208 
9606.ENSP00000296233 9606.ENSP00000437256 0 0 0 0 126 0 85 166 
9606.ENSP00000296233 9606.ENSP00000348381 0 0 0 0 345 0 0 345 
9606.ENSP00000296233 9606.ENSP00000378974 0 0 0 0 71 0 163 189 
9606.ENSP00000296233 9606.ENSP00000386433 0 0 0 0 0 0 217 217 
9606.ENSP00000296233 9606.ENSP00000458065 0 0 0 0 58 0 290 302 
9606.ENSP00000296233 9606.ENSP00000479101 0 0 0 0 57 0 187 201 
9606.ENSP00000296233 9606.ENSP00000177694 0 0 0 0 63 0 159 178 
9606.ENSP00000296233 9606.ENSP00000285407 0 0 0 0 0 0 197 197 
9606.ENSP00000296233 9606.ENSP00000295113 0 0 0 0 76 0 207 236 
9606.ENSP00000296233 9606.ENSP00000364946 0 0 0 59 62 0 450 472 
9606.ENSP00000296233 9606.ENSP00000366488 0 0 0 78 132 0 49 172 
9606.ENSP00000296233 9606.ENSP00000274031 0 0 0 51 164 0 0 172 
9606.ENSP00000296233 9606.ENSP00000318635 0 0 0 0 185 0 0 185 
9606.ENSP00000296233 9606.ENSP00000393762 0 0 0 53 0 0 164 174 
9606.ENSP00000296233 9606.ENSP00000300574 0 0 0 0 513 0 0 513 
9606.ENSP00000296233 9606.ENSP00000245479 0 0 0 0 125 0 127 203 
9606.ENSP00000296233 9606.ENSP00000323568 0 0 0 61 0 0 132 150 
9606.ENSP00000296233 9606.ENSP00000432561 0 0 0 0 0 0 444 444 
9606.ENSP00000296233 9606.ENSP00000380252 0 0 0 0 0 0 159 159 
9606.ENSP00000296233 9606.ENSP00000369666 0 0 0 63 165 0 0 184 
9606.ENSP00000296233 9606.ENSP00000306245 0 0 0 0 73 0 167 194 
9606.ENSP00000296233 9606.ENSP00000264637 0 0 0 62 111 0 200 274 
9606.ENSP00000296233 9606.ENSP00000265354 0 0 0 0 84 0 198 233 
9606.ENSP00000296233 9606.ENSP00000322568 0 0 0 0 125 0 138 213 
9606.ENSP00000296233 9606.ENSP00000307208 0 0 0 0 185 0 0 185 
9606.ENSP00000296233 9606.ENSP00000451411 0 0 0 0 58 0 266 279 
9606.ENSP00000296233 9606.ENSP00000413720 0 0 0 0 64 0 152 173 
9606.ENSP00000296233 9606.ENSP00000225983 0 0 0 0 150 0 54 162 
9606.ENSP00000296233 9606.ENSP00000371587 0 0 0 0 80 0 194 227 
9606.ENSP00000296233 9606.ENSP00000347586 0 0 0 0 0 0 345 345 
9606.ENSP00000296233 9606.ENSP00000365016 0 0 0 0 78 0 172 203 
9606.ENSP00000296233 9606.ENSP00000262424 0 0 0 0 0 0 212 212 
9606.ENSP00000296233 9606.ENSP00000365145 0 0 0 0 108 0 155 214 
9606.ENSP00000296233 9606.ENSP00000349577 0 0 0 77 0 0 211 240 
9606.ENSP00000296233 9606.ENSP00000397908 0 0 0 77 59 0 167 213 
9606.ENSP00000296233 9606.ENSP00000230122 0 0 0 0 131 0 66 154 
9606.ENSP00000296233 9606.ENSP00000358983 0 0 0 42 123 0 178 249 
9606.ENSP00000296233 9606.ENSP00000366330 0 0 0 64 0 0 161 181 
9606.ENSP00000296233 9606.ENSP00000245451 0 0 0 0 54 0 186 197 
9606.ENSP00000296233 9606.ENSP00000345359 0 0 0 0 0 0 800 800 
9606.ENSP00000296233 9606.ENSP00000316924 0 0 0 61 78 0 192 240 
9606.ENSP00000296233 9606.ENSP00000287380 0 0 0 0 0 0 150 150 
9606.ENSP00000296233 9606.ENSP00000298295 0 0 0 63 0 0 281 298 
9606.ENSP00000296233 9606.ENSP00000269305 0 0 0 0 56 0 186 198 
9606.ENSP00000296233 9606.ENSP00000419124 0 0 0 88 0 0 173 213 
9606.ENSP00000296233 9606.ENSP00000362068 0 0 0 0 63 0 164 183 
9606.ENSP00000296233 9606.ENSP00000387699 0 0 0 0 55 0 267 277 
9606.ENSP00000296233 9606.ENSP00000387982 0 0 0 0 186 0 0 186 
9606.ENSP00000296233 9606.ENSP00000305372 0 0 0 0 50 0 163 171 
9606.ENSP00000296233 9606.ENSP00000484803 0 0 0 0 108 0 121 182 
9606.ENSP00000296233 9606.ENSP00000267163 0 0 0 0 125 0 72 153 
9606.ENSP00000296233 9606.ENSP00000262623 0 0 0 50 50 0 336 348 
9606.ENSP00000296233 9606.ENSP00000302665 0 0 0 0 0 0 256 256 
9606.ENSP00000296233 9606.ENSP00000264716 0 0 0 0 73 0 147 175 
9606.ENSP00000296233 9606.ENSP00000426103 0 0 0 42 185 0 0 185 
9606.ENSP00000296233 9606.ENSP00000386532 0 0 0 42 123 0 227 294 
9606.ENSP00000296233 9606.ENSP00000379287 0 0 0 0 128 0 71 156 
9606.ENSP00000296233 9606.ENSP00000354206 0 0 0 0 0 0 338 338 
9606.ENSP00000296233 9606.ENSP00000242140 0 0 0 0 73 0 166 194 
9606.ENSP00000296233 9606.ENSP00000295731 0 0 0 0 85 0 164 202 
9606.ENSP00000296233 9606.ENSP00000405965 0 0 0 0 185 0 0 185 
9606.ENSP00000296233 9606.ENSP00000359871 0 0 0 62 59 0 132 167 
9606.ENSP00000296233 9606.ENSP00000264834 0 0 0 0 0 0 194 194 
9606.ENSP00000296233 9606.ENSP00000327758 0 0 0 0 59 0 247 261 
9606.ENSP00000296233 9606.ENSP00000379644 0 0 0 0 125 0 121 197 
9606.ENSP00000296233 9606.ENSP00000271640 0 0 0 51 144 0 0 152 
9606.ENSP00000296233 9606.ENSP00000341815 0 0 0 0 125 0 124 201 
9606.ENSP00000296233 9606.ENSP00000421048 0 0 0 0 0 0 167 167 
9606.ENSP00000296233 9606.ENSP00000379658 0 0 0 0 52 0 227 235 
9606.ENSP00000296233 9606.ENSP00000355533 0 0 0 67 60 0 138 177 
9606.ENSP00000296233 9606.ENSP00000482027 0 0 0 55 63 0 316 341 
9606.ENSP00000296233 9606.ENSP00000405327 0 0 0 0 64 0 301 317 
9606.ENSP00000296233 9606.ENSP00000239223 0 0 0 0 73 0 151 179 
9606.ENSP00000296233 9606.ENSP00000226574 0 0 0 42 123 0 182 252 
9606.ENSP00000296233 9606.ENSP00000320089 0 0 0 0 59 0 335 348 
9606.ENSP00000296233 9606.ENSP00000326305 0 0 0 0 0 0 152 152 
9606.ENSP00000296233 9606.ENSP00000282908 0 0 0 0 81 0 145 180 
9606.ENSP00000296233 9606.ENSP00000260187 0 0 0 71 50 0 130 166 
9606.ENSP00000296233 9606.ENSP00000223095 0 0 0 0 50 0 145 153 
9606.ENSP00000296233 9606.ENSP00000379008 0 0 0 0 0 0 197 197 
9606.ENSP00000296233 9606.ENSP00000357047 0 0 0 0 0 0 250 250 
9606.ENSP00000296233 9606.ENSP00000261377 0 0 0 0 0 0 199 199 
9606.ENSP00000296233 9606.ENSP00000261845 0 0 0 0 140 0 200 283 
9606.ENSP00000296233 9606.ENSP00000232424 0 0 0 0 68 0 133 157 
9606.ENSP00000296233 9606.ENSP00000293549 0 0 0 0 84 0 111 150 
9606.ENSP00000296233 9606.ENSP00000350549 0 0 0 0 126 0 84 165 
9606.ENSP00000296233 9606.ENSP00000302456 0 0 0 0 0 0 184 184 
9606.ENSP00000296233 9606.ENSP00000296420 0 0 0 0 0 0 194 194 
9606.ENSP00000296233 9606.ENSP00000367197 0 0 0 0 80 0 140 175 
9606.ENSP00000296233 9606.ENSP00000312649 0 0 0 0 0 0 351 351 
9606.ENSP00000296233 9606.ENSP00000406549 0 0 0 61 84 0 126 183 
9606.ENSP00000296233 9606.ENSP00000452871 0 0 0 0 126 0 92 172 
9606.ENSP00000296233 9606.ENSP00000268876 0 0 0 63 50 0 170 197 
9606.ENSP00000296233 9606.ENSP00000256104 0 0 0 0 50 0 399 404 
9606.ENSP00000296233 9606.ENSP00000366953 0 0 0 0 262 0 0 262 
9606.ENSP00000296233 9606.ENSP00000216513 0 0 0 0 64 0 241 259 
9606.ENSP00000296233 9606.ENSP00000312987 0 0 0 62 0 0 192 209 
9606.ENSP00000296233 9606.ENSP00000277541 0 0 0 0 50 0 151 158 
9606.ENSP00000296233 9606.ENSP00000301061 0 0 0 0 84 0 135 174 
9606.ENSP00000296233 9606.ENSP00000356920 0 0 0 0 73 0 136 165 
9606.ENSP00000296233 9606.ENSP00000262367 0 0 0 0 126 0 169 243 
9606.ENSP00000296233 9606.ENSP00000241651 0 0 0 0 0 0 211 211 
9606.ENSP00000296233 9606.ENSP00000302790 0 0 0 62 157 0 0 175 
9606.ENSP00000296233 9606.ENSP00000418379 0 0 0 61 84 0 127 183 
9606.ENSP00000296233 9606.ENSP00000314129 0 0 0 0 89 0 140 183 
9606.ENSP00000296233 9606.ENSP00000250003 0 0 0 0 0 0 335 335 
9606.ENSP00000296233 9606.ENSP00000272286 0 0 0 63 56 0 129 163 
9606.ENSP00000296233 9606.ENSP00000382770 0 0 0 0 64 0 168 187 
9606.ENSP00000296233 9606.ENSP00000284000 0 0 0 0 64 0 275 292 
9606.ENSP00000296233 9606.ENSP00000447173 0 0 0 0 111 0 110 174 
9606.ENSP00000296233 9606.ENSP00000483312 0 0 0 0 157 0 50 164 
9606.ENSP00000296233 9606.ENSP00000365720 0 0 0 0 126 0 73 155 
9606.ENSP00000296233 9606.ENSP00000346997 0 0 0 51 144 0 0 152 
9606.ENSP00000296233 9606.ENSP00000329137 0 0 0 0 0 0 435 435 
9606.ENSP00000296233 9606.ENSP00000379616 0 0 0 56 50 0 153 174 
9606.ENSP00000296233 9606.ENSP00000367705 0 0 0 0 167 0 139 252 
9606.ENSP00000296233 9606.ENSP00000325819 0 0 0 0 111 0 139 202 
9606.ENSP00000296233 9606.ENSP00000265056 0 0 0 0 64 0 155 175 
9606.ENSP00000296233 9606.ENSP00000362061 0 0 0 0 0 0 150 150 
9606.ENSP00000296233 9606.ENSP00000301286 0 0 0 85 0 0 146 185 
9606.ENSP00000296233 9606.ENSP00000322898 0 0 0 0 124 0 340 397 
9606.ENSP00000296233 9606.ENSP00000358918 0 0 0 0 158 0 0 158 
9606.ENSP00000296233 9606.ENSP00000312631 0 0 0 0 0 0 163 163 
9606.ENSP00000296233 9606.ENSP00000334061 0 0 0 0 150 0 43 151 
9606.ENSP00000296233 9606.ENSP00000430241 0 0 0 0 124 0 202 271 
9606.ENSP00000296233 9606.ENSP00000286201 0 0 0 0 76 0 155 186 
9606.ENSP00000296233 9606.ENSP00000407726 0 0 0 0 0 0 150 150 
9606.ENSP00000296233 9606.ENSP00000341843 0 0 0 0 52 0 296 304 
9606.ENSP00000296233 9606.ENSP00000349960 0 0 0 61 85 0 108 166 
9606.ENSP00000296233 9606.ENSP00000352463 0 0 0 51 144 0 0 152 
9606.ENSP00000296233 9606.ENSP00000255448 0 0 0 83 80 0 108 183 
9606.ENSP00000296233 9606.ENSP00000216268 0 0 0 0 52 0 157 166 
9606.ENSP00000296233 9606.ENSP00000385523 0 0 0 64 111 0 228 301 
9606.ENSP00000296233 9606.ENSP00000319814 0 0 0 63 0 0 237 255 
9606.ENSP00000296233 9606.ENSP00000262584 0 0 0 0 152 0 0 152 
9606.ENSP00000296233 9606.ENSP00000420040 0 0 0 69 80 0 491 526 
9606.ENSP00000296233 9606.ENSP00000264867 0 0 0 61 64 0 269 301 
9606.ENSP00000296233 9606.ENSP00000421294 0 0 0 0 54 0 167 178 
9606.ENSP00000296233 9606.ENSP00000445306 0 0 0 50 50 0 241 255 
9606.ENSP00000296233 9606.ENSP00000370253 0 0 0 0 59 0 261 275 
9606.ENSP00000296233 9606.ENSP00000222122 0 0 0 0 64 0 152 172 
9606.ENSP00000296233 9606.ENSP00000425979 0 0 0 0 126 0 78 160 
9606.ENSP00000296233 9606.ENSP00000367203 0 0 0 0 186 0 49 192 
9606.ENSP00000296233 9606.ENSP00000351642 0 0 0 0 0 0 153 153 
9606.ENSP00000296233 9606.ENSP00000304502 0 0 0 0 64 0 161 181 
9606.ENSP00000296233 9606.ENSP00000335147 0 0 0 42 123 0 104 181 
9606.ENSP00000296233 9606.ENSP00000341208 0 0 0 0 64 0 147 168 
9606.ENSP00000296233 9606.ENSP00000228644 0 0 0 0 0 0 160 160 
9606.ENSP00000296233 9606.ENSP00000293894 0 0 0 77 125 0 0 157 
9606.ENSP00000296233 9606.ENSP00000261980 0 0 0 0 50 0 147 155 
9606.ENSP00000296233 9606.ENSP00000321835 0 0 0 0 64 0 253 271 
9606.ENSP00000296233 9606.ENSP00000385824 0 0 0 0 108 0 309 357 
9606.ENSP00000296233 9606.ENSP00000242480 0 0 0 0 0 0 184 184 
9606.ENSP00000296233 9606.ENSP00000262189 0 0 0 51 144 0 41 152 
9606.ENSP00000296233 9606.ENSP00000313454 0 0 0 0 52 0 167 177 
9606.ENSP00000296233 9606.ENSP00000366915 0 0 0 0 0 0 220 220 
9606.ENSP00000296233 9606.ENSP00000383516 0 0 0 0 126 0 135 211 
9606.ENSP00000296233 9606.ENSP00000227507 0 0 0 0 50 0 162 169 
9606.ENSP00000296233 9606.ENSP00000368104 0 0 0 0 54 0 167 178 
9606.ENSP00000296233 9606.ENSP00000216780 0 0 0 61 0 0 274 289 
9606.ENSP00000296233 9606.ENSP00000409016 0 0 0 51 144 0 92 197 
9606.ENSP00000296233 9606.ENSP00000364678 0 0 0 51 144 0 63 172 
9606.ENSP00000296233 9606.ENSP00000301068 0 0 0 0 83 0 128 167 
9606.ENSP00000296233 9606.ENSP00000261523 0 0 0 0 51 0 226 234 
9606.ENSP00000296233 9606.ENSP00000288065 0 0 0 0 0 0 161 161 
9606.ENSP00000296233 9606.ENSP00000317128 0 0 0 0 0 0 670 670 
9606.ENSP00000296233 9606.ENSP00000221515 0 0 0 0 0 0 169 169 
9606.ENSP00000296233 9606.ENSP00000398930 0 0 0 0 0 0 177 177 
9606.ENSP00000296233 9606.ENSP00000311825 0 0 0 0 82 0 176 211 
9606.ENSP00000296233 9606.ENSP00000321330 0 0 0 0 50 0 201 209 
9606.ENSP00000296233 9606.ENSP00000380379 0 0 0 0 84 0 116 155 
9606.ENSP00000296233 9606.ENSP00000240662 0 0 0 0 0 0 193 193 
9606.ENSP00000296233 9606.ENSP00000261438 0 0 0 0 0 0 238 238 
9606.ENSP00000296233 9606.ENSP00000304895 0 0 0 61 78 0 201 248 
9606.ENSP00000296233 9606.ENSP00000371875 0 0 0 0 59 0 325 338 
9606.ENSP00000296233 9606.ENSP00000430774 0 0 0 50 172 0 62 197 
9606.ENSP00000296233 9606.ENSP00000324792 0 0 0 0 185 0 0 185 
9606.ENSP00000296233 9606.ENSP00000351475 0 0 0 61 157 0 43 176 
9606.ENSP00000296233 9606.ENSP00000311538 0 0 0 0 125 0 130 206 
9606.ENSP00000296233 9606.ENSP00000355354 0 0 0 0 125 0 135 211 
9606.ENSP00000296233 9606.ENSP00000262753 0 0 0 0 0 0 162 162 
9606.ENSP00000296233 9606.ENSP00000296271 0 0 0 57 50 0 185 206 
9606.ENSP00000296233 9606.ENSP00000268638 0 0 0 0 56 0 146 159 
9606.ENSP00000296233 9606.ENSP00000354558 0 0 0 55 78 0 211 253 
9606.ENSP00000296233 9606.ENSP00000219782 0 0 0 0 0 0 316 316 
9606.ENSP00000296233 9606.ENSP00000401678 0 0 0 0 81 0 287 316 
9606.ENSP00000296233 9606.ENSP00000323588 0 0 0 0 125 0 127 204 
9606.ENSP00000296233 9606.ENSP00000377086 0 0 0 42 157 0 47 163 
9606.ENSP00000296233 9606.ENSP00000359719 0 0 0 78 132 0 49 172 
9606.ENSP00000296233 9606.ENSP00000375067 0 0 0 0 0 0 222 222 
9606.ENSP00000296233 9606.ENSP00000408292 0 0 0 55 64 0 137 170 
9606.ENSP00000296233 9606.ENSP00000354207 0 0 0 55 80 0 106 155 
9606.ENSP00000296233 9606.ENSP00000383234 0 0 0 77 140 0 0 172 
9606.ENSP00000296233 9606.ENSP00000415243 0 0 0 0 56 0 144 157 
9606.ENSP00000296233 9606.ENSP00000435835 0 0 0 0 52 0 223 232 
9606.ENSP00000296233 9606.ENSP00000080059 0 0 0 0 150 0 65 172 
9606.ENSP00000296233 9606.ENSP00000386444 0 0 0 0 125 0 83 163 
9606.ENSP00000296233 9606.ENSP00000254260 0 0 0 0 128 0 134 213 
9606.ENSP00000296233 9606.ENSP00000349503 0 0 0 0 0 0 178 178 
9606.ENSP00000296233 9606.ENSP00000356575 0 0 0 0 0 0 155 155 
9606.ENSP00000296233 9606.ENSP00000263253 0 0 0 0 434 0 266 566 
9606.ENSP00000296233 9606.ENSP00000378323 0 0 0 64 131 0 57 165 
9606.ENSP00000296233 9606.ENSP00000364550 0 0 0 0 185 0 0 185 
9606.ENSP00000296233 9606.ENSP00000356954 0 0 0 0 0 0 578 578 
9606.ENSP00000296233 9606.ENSP00000265165 0 0 0 0 130 0 97 180 
9606.ENSP00000296233 9606.ENSP00000250916 0 0 0 62 0 0 145 164 
9606.ENSP00000296233 9606.ENSP00000244745 0 0 0 0 125 0 90 169 
9606.ENSP00000296233 9606.ENSP00000333685 0 0 0 0 140 0 64 160 
9606.ENSP00000296233 9606.ENSP00000368683 0 0 0 0 0 0 211 211 
9606.ENSP00000296233 9606.ENSP00000442050 0 0 0 61 0 0 154 171 
9606.ENSP00000296233 9606.ENSP00000250448 0 0 0 0 108 0 96 159 
9606.ENSP00000296233 9606.ENSP00000335677 0 0 0 0 108 0 101 163 
9606.ENSP00000296233 9606.ENSP00000286628 0 0 0 0 64 0 334 350 
9606.ENSP00000296233 9606.ENSP00000461749 0 0 0 0 53 0 179 189 
9606.ENSP00000296233 9606.ENSP00000262186 0 0 0 0 0 0 197 197 
9606.ENSP00000296233 9606.ENSP00000332771 0 0 0 0 0 0 713 713 
9606.ENSP00000296233 9606.ENSP00000379865 0 0 0 82 51 0 109 156 
9606.ENSP00000296233 9606.ENSP00000341108 0 0 0 0 126 0 134 210 
9606.ENSP00000296233 9606.ENSP00000330381 0 0 0 0 85 0 212 248 
9606.ENSP00000296233 9606.ENSP00000451828 0 0 0 55 80 0 267 307 
9606.ENSP00000296233 9606.ENSP00000247182 0 0 0 0 64 0 337 353 
9606.ENSP00000296233 9606.ENSP00000353518 0 0 0 42 554 0 0 555 
9606.ENSP00000296233 9606.ENSP00000345436 0 0 0 76 123 0 59 171 
9606.ENSP00000296233 9606.ENSP00000362344 0 0 0 0 156 0 0 156 
9606.ENSP00000296233 9606.ENSP00000389814 0 0 0 0 0 0 281 281 
9606.ENSP00000296233 9606.ENSP00000229239 0 0 0 0 50 0 243 250 
9606.ENSP00000296233 9606.ENSP00000376436 0 0 0 0 64 0 227 246 
9606.ENSP00000296233 9606.ENSP00000362159 0 0 0 61 0 0 190 207 
9606.ENSP00000296233 9606.ENSP00000264657 0 0 0 0 524 0 147 577 
9606.ENSP00000296233 9606.ENSP00000441954 0 0 0 0 86 0 141 181 
9606.ENSP00000296233 9606.ENSP00000427514 0 0 0 62 64 0 416 442 
9606.ENSP00000296233 9606.ENSP00000250495 0 0 0 50 130 0 68 163 
9606.ENSP00000296233 9606.ENSP00000384524 0 0 0 0 64 0 286 304 
9606.ENSP00000296233 9606.ENSP00000265339 0 0 0 0 85 0 117 157 
9606.ENSP00000296233 9606.ENSP00000345708 0 0 0 0 0 0 162 162 
9606.ENSP00000296233 9606.ENSP00000450980 0 0 0 0 0 0 155 155 
9606.ENSP00000296233 9606.ENSP00000368924 0 0 0 0 0 0 195 195 
9606.ENSP00000296233 9606.ENSP00000357175 0 0 0 0 64 0 305 321 
9606.ENSP00000296233 9606.ENSP00000393453 0 0 0 62 144 0 131 241 
9606.ENSP00000296233 9606.ENSP00000346175 0 0 0 51 144 0 0 152 
9606.ENSP00000296233 9606.ENSP00000158762 0 0 0 0 50 0 179 186 
9606.ENSP00000296233 9606.ENSP00000402257 0 0 0 0 63 0 170 189 
9606.ENSP00000296233 9606.ENSP00000375892 0 0 0 55 80 0 173 218 
9606.ENSP00000296233 9606.ENSP00000338217 0 0 0 0 0 0 176 176 
9606.ENSP00000296233 9606.ENSP00000274853 0 0 0 0 0 0 242 242 
9606.ENSP00000296233 9606.ENSP00000325120 0 0 0 0 111 0 135 198 
9606.ENSP00000296233 9606.ENSP00000326888 0 0 0 63 64 0 116 157 
9606.ENSP00000296233 9606.ENSP00000374152 0 0 0 51 144 0 0 152 
9606.ENSP00000296233 9606.ENSP00000453399 0 0 0 0 0 0 196 196 
9606.ENSP00000296233 9606.ENSP00000329097 0 0 0 51 144 0 0 152 
9606.ENSP00000296233 9606.ENSP00000366563 0 0 0 48 78 0 116 156 
9606.ENSP00000296233 9606.ENSP00000220429 0 0 0 42 123 0 134 208 
9606.ENSP00000296233 9606.ENSP00000309757 0 0 0 65 0 0 203 222 
9606.ENSP00000296233 9606.ENSP00000408617 0 0 0 0 150 0 65 172 
9606.ENSP00000296233 9606.ENSP00000372191 0 0 0 57 64 0 461 482 
9606.ENSP00000296233 9606.ENSP00000477341 0 0 0 61 73 0 211 253 
9606.ENSP00000296233 9606.ENSP00000373404 0 0 0 0 153 0 45 156 
9606.ENSP00000296233 9606.ENSP00000305422 0 0 0 61 64 0 425 451 
9606.ENSP00000296233 9606.ENSP00000254846 0 0 0 0 186 0 49 192 
9606.ENSP00000296233 9606.ENSP00000440864 0 0 0 0 63 0 213 231 
9606.ENSP00000296233 9606.ENSP00000206513 0 0 0 0 64 0 134 155 
9606.ENSP00000296233 9606.ENSP00000263025 0 0 0 0 140 0 138 226 
9606.ENSP00000296233 9606.ENSP00000352069 0 0 0 50 68 0 132 164 
9606.ENSP00000296233 9606.ENSP00000363081 0 0 0 62 0 0 136 155 
9606.ENSP00000296233 9606.ENSP00000231061 0 0 0 0 261 0 99 305 
9606.ENSP00000296233 9606.ENSP00000326371 0 0 0 0 108 0 117 179 
9606.ENSP00000296233 9606.ENSP00000338927 0 0 0 0 0 0 385 385 
9606.ENSP00000296233 9606.ENSP00000363822 0 0 0 0 111 0 106 171 
9606.ENSP00000296233 9606.ENSP00000227163 0 0 0 0 50 0 191 199 
9606.ENSP00000296233 9606.ENSP00000264606 0 0 0 0 150 0 121 221 
9606.ENSP00000296233 9606.ENSP00000263817 0 0 0 63 54 0 143 174 
9606.ENSP00000296233 9606.ENSP00000253801 0 0 0 63 0 0 218 236 
9606.ENSP00000296233 9606.ENSP00000262430 0 0 0 62 0 0 151 170 
9606.ENSP00000296233 9606.ENSP00000395929 0 0 0 51 144 0 0 152 
9606.ENSP00000296233 9606.ENSP00000462729 0 0 0 0 64 0 139 160 
9606.ENSP00000296233 9606.ENSP00000386165 0 0 0 0 64 0 429 442 
9606.ENSP00000296233 9606.ENSP00000380888 0 0 0 0 123 0 109 185 
9606.ENSP00000296233 9606.ENSP00000314420 0 0 0 63 60 0 123 160 
9606.ENSP00000296233 9606.ENSP00000379904 0 0 0 84 111 0 281 364 
9606.ENSP00000296233 9606.ENSP00000253727 0 0 0 61 111 0 85 169 
9606.ENSP00000296233 9606.ENSP00000274629 0 0 0 0 0 0 208 208 
9606.ENSP00000296233 9606.ENSP00000312029 0 0 0 0 0 0 159 159 
9606.ENSP00000296233 9606.ENSP00000481149 0 0 0 42 123 0 187 257 
9606.ENSP00000296233 9606.ENSP00000365256 0 0 0 0 0 0 211 211 
9606.ENSP00000296233 9606.ENSP00000304769 0 0 0 0 0 0 169 169 
9606.ENSP00000296233 9606.ENSP00000342840 0 0 0 0 0 0 284 284 
9606.ENSP00000296233 9606.ENSP00000403302 0 0 0 42 123 0 144 218 
9606.ENSP00000296233 9606.ENSP00000361664 0 0 0 0 0 0 414 414 
9606.ENSP00000296233 9606.ENSP00000377782 0 0 0 0 52 0 162 171 
9606.ENSP00000296233 9606.ENSP00000385675 0 0 0 0 0 0 161 161 
9606.ENSP00000296233 9606.ENSP00000427684 0 0 0 0 0 0 150 150 
9606.ENSP00000296233 9606.ENSP00000338283 0 0 0 0 57 900 272 925 
9606.ENSP00000296233 9606.ENSP00000253382 0 0 0 61 78 0 193 241 
9606.ENSP00000296233 9606.ENSP00000263754 0 0 0 61 434 0 174 522 
9606.ENSP00000296233 9606.ENSP00000463151 0 0 0 0 0 0 212 212 
9606.ENSP00000296233 9606.ENSP00000242728 0 0 0 0 68 0 191 214 
9606.ENSP00000296233 9606.ENSP00000442924 0 0 0 51 144 0 0 152 
9606.ENSP00000296233 9606.ENSP00000344749 0 0 0 0 50 0 800 801 
9606.ENSP00000296233 9606.ENSP00000260950 0 0 0 0 54 0 316 325 
9606.ENSP00000296233 9606.ENSP00000320147 0 0 0 51 164 0 0 172 
9606.ENSP00000296233 9606.ENSP00000391137 0 0 0 42 123 0 94 172 
9606.ENSP00000296233 9606.ENSP00000362674 0 0 0 0 156 0 0 156 
9606.ENSP00000296233 9606.ENSP00000403701 0 0 0 0 125 0 69 150 
9606.ENSP00000296233 9606.ENSP00000426033 0 0 0 0 68 0 193 215 
9606.ENSP00000296233 9606.ENSP00000448665 0 0 0 55 64 0 303 330 
9606.ENSP00000296233 9606.ENSP00000306894 0 0 0 0 64 0 182 202 
9606.ENSP00000296233 9606.ENSP00000405574 0 0 0 0 81 0 123 160 
9606.ENSP00000296233 9606.ENSP00000354490 0 0 0 84 50 0 141 187 
9606.ENSP00000296233 9606.ENSP00000381298 0 0 0 0 0 0 164 164 
9606.ENSP00000296233 9606.ENSP00000365529 0 0 0 61 0 0 159 176 
9606.ENSP00000296233 9606.ENSP00000376930 0 0 0 0 0 0 800 800 
9606.ENSP00000296233 9606.ENSP00000363377 0 0 0 61 108 0 94 175 
9606.ENSP00000296233 9606.ENSP00000357625 0 0 0 61 0 0 153 170 
9606.ENSP00000296233 9606.ENSP00000409581 0 0 0 0 125 0 69 151 
9606.ENSP00000296233 9606.ENSP00000453969 0 0 0 0 0 0 248 248 
9606.ENSP00000296233 9606.ENSP00000360762 0 0 0 42 123 0 74 154 
9606.ENSP00000296233 9606.ENSP00000366317 0 0 0 0 0 0 163 163 
9606.ENSP00000296233 9606.ENSP00000376800 0 0 0 42 123 0 140 214 
9606.ENSP00000296233 9606.ENSP00000400341 0 0 0 0 108 0 145 205 
9606.ENSP00000296233 9606.ENSP00000404658 0 0 0 51 164 0 0 172 
9606.ENSP00000296233 9606.ENSP00000245503 0 0 0 56 50 0 139 160 
9606.ENSP00000296233 9606.ENSP00000419184 0 0 0 51 144 0 0 152 
9606.ENSP00000296233 9606.ENSP00000339004 0 0 0 0 108 0 246 299 
9606.ENSP00000296233 9606.ENSP00000427123 0 0 0 42 123 0 152 226 
9606.ENSP00000296233 9606.ENSP00000442129 0 0 0 0 186 0 0 186 
9606.ENSP00000296233 9606.ENSP00000366347 0 0 0 0 59 0 243 257 
9606.ENSP00000296233 9606.ENSP00000445381 0 0 0 48 78 0 176 213 
9606.ENSP00000296233 9606.ENSP00000378405 0 0 0 64 57 0 219 250 
9606.ENSP00000296233 9606.ENSP00000411506 0 0 0 0 0 0 161 161 
9606.ENSP00000296233 9606.ENSP00000369424 0 0 0 0 186 0 0 186 
9606.ENSP00000296233 9606.ENSP00000479669 0 0 0 0 57 0 206 219 
9606.ENSP00000296233 9606.ENSP00000345681 0 0 0 0 78 0 431 453 
9606.ENSP00000296233 9606.ENSP00000325355 0 0 0 69 123 0 181 274 
9606.ENSP00000296233 9606.ENSP00000311005 0 0 0 0 140 0 145 233 
9606.ENSP00000296233 9606.ENSP00000298428 0 0 0 0 60 0 158 175 
9606.ENSP00000296233 9606.ENSP00000296003 0 0 0 61 0 0 171 188 
9606.ENSP00000296233 9606.ENSP00000354476 0 0 0 50 59 0 154 178 
9606.ENSP00000296233 9606.ENSP00000316786 0 0 0 0 0 0 165 165 
