9606.ENSP00000456405 9606.ENSP00000361672 0 0 0 0 0 0 177 177 
9606.ENSP00000456405 9606.ENSP00000376134 0 0 0 0 0 0 231 231 
9606.ENSP00000456405 9606.ENSP00000312244 0 0 0 61 157 0 0 174 
9606.ENSP00000456405 9606.ENSP00000285071 0 0 0 0 64 0 669 677 
9606.ENSP00000456405 9606.ENSP00000363993 0 0 0 229 0 0 122 294 
9606.ENSP00000456405 9606.ENSP00000358423 0 0 0 61 50 900 656 965 
9606.ENSP00000456405 9606.ENSP00000295688 0 0 0 0 194 0 0 194 
9606.ENSP00000456405 9606.ENSP00000218548 0 0 0 0 127 0 126 205 
9606.ENSP00000456405 9606.ENSP00000418915 0 0 0 62 188 0 169 312 
9606.ENSP00000456405 9606.ENSP00000360266 0 0 0 0 0 0 221 221 
9606.ENSP00000456405 9606.ENSP00000362716 0 0 0 0 0 0 237 237 
9606.ENSP00000456405 9606.ENSP00000381932 0 0 0 0 0 0 150 150 
9606.ENSP00000456405 9606.ENSP00000243924 0 0 0 0 0 0 309 309 
9606.ENSP00000456405 9606.ENSP00000232564 0 0 175 61 0 0 77 223 
9606.ENSP00000456405 9606.ENSP00000377036 0 0 0 129 0 0 573 612 
9606.ENSP00000456405 9606.ENSP00000454836 0 0 180 171 0 0 0 291 
9606.ENSP00000456405 9606.ENSP00000317382 0 0 0 61 0 0 386 398 
9606.ENSP00000456405 9606.ENSP00000373347 0 0 0 0 165 0 0 165 
9606.ENSP00000456405 9606.ENSP00000336721 0 0 0 0 0 0 235 235 
9606.ENSP00000456405 9606.ENSP00000293883 0 0 0 93 79 0 198 272 
9606.ENSP00000456405 9606.ENSP00000310572 0 0 0 242 0 0 0 242 
9606.ENSP00000456405 9606.ENSP00000296792 0 0 399 64 0 0 0 413 
9606.ENSP00000456405 9606.ENSP00000342056 0 0 0 0 50 0 167 175 
9606.ENSP00000456405 9606.ENSP00000356832 0 0 0 55 185 900 764 979 
9606.ENSP00000456405 9606.ENSP00000025008 0 0 0 0 0 900 458 943 
9606.ENSP00000456405 9606.ENSP00000317971 0 0 0 0 0 0 171 171 
9606.ENSP00000456405 9606.ENSP00000281708 0 0 406 64 0 0 260 552 
9606.ENSP00000456405 9606.ENSP00000271234 0 0 0 0 165 0 0 165 
9606.ENSP00000456405 9606.ENSP00000265094 0 0 188 61 0 0 0 205 
9606.ENSP00000456405 9606.ENSP00000431512 0 0 0 84 50 900 74 908 
9606.ENSP00000456405 9606.ENSP00000225665 0 0 0 208 0 0 104 260 
9606.ENSP00000456405 9606.ENSP00000308472 0 0 0 49 85 0 421 452 
9606.ENSP00000456405 9606.ENSP00000381185 0 0 0 0 0 0 159 159 
9606.ENSP00000456405 9606.ENSP00000295256 0 0 0 0 0 0 209 209 
9606.ENSP00000456405 9606.ENSP00000378974 0 0 0 0 0 0 242 242 
9606.ENSP00000456405 9606.ENSP00000350052 0 0 0 55 0 0 190 202 
9606.ENSP00000456405 9606.ENSP00000384367 0 0 0 0 0 0 152 152 
9606.ENSP00000456405 9606.ENSP00000350331 0 0 0 62 188 0 99 253 
9606.ENSP00000456405 9606.ENSP00000263370 0 0 0 0 0 0 226 226 
9606.ENSP00000456405 9606.ENSP00000339017 0 0 0 154 0 0 0 154 
9606.ENSP00000456405 9606.ENSP00000377353 0 0 0 0 0 0 167 167 
9606.ENSP00000456405 9606.ENSP00000072644 0 0 0 64 0 0 187 206 
9606.ENSP00000456405 9606.ENSP00000378699 0 0 0 62 0 0 210 227 
9606.ENSP00000456405 9606.ENSP00000266542 0 0 0 63 80 0 97 153 
9606.ENSP00000456405 9606.ENSP00000303452 0 0 0 0 0 0 161 161 
9606.ENSP00000456405 9606.ENSP00000308122 0 0 0 49 0 0 194 201 
9606.ENSP00000456405 9606.ENSP00000380074 0 0 0 62 0 900 425 941 
9606.ENSP00000456405 9606.ENSP00000383118 0 0 0 0 0 0 192 192 
9606.ENSP00000456405 9606.ENSP00000342793 0 0 0 0 0 0 242 242 
9606.ENSP00000456405 9606.ENSP00000355388 0 0 0 62 188 0 99 253 
9606.ENSP00000456405 9606.ENSP00000391826 0 0 0 0 0 0 164 164 
9606.ENSP00000456405 9606.ENSP00000423881 0 0 0 0 0 0 203 203 
9606.ENSP00000456405 9606.ENSP00000438085 0 0 0 64 0 0 173 192 
9606.ENSP00000456405 9606.ENSP00000455265 0 0 0 0 0 0 173 173 
9606.ENSP00000456405 9606.ENSP00000371267 0 0 0 0 0 900 174 913 
9606.ENSP00000456405 9606.ENSP00000287878 0 0 0 61 0 900 110 909 
9606.ENSP00000456405 9606.ENSP00000255882 0 0 0 0 349 0 128 408 
9606.ENSP00000456405 9606.ENSP00000265709 0 0 0 62 165 0 63 202 
9606.ENSP00000456405 9606.ENSP00000177694 0 0 0 0 0 0 260 260 
9606.ENSP00000456405 9606.ENSP00000311665 0 0 204 50 0 0 0 211 
9606.ENSP00000456405 9606.ENSP00000297837 0 0 0 62 188 0 99 253 
9606.ENSP00000456405 9606.ENSP00000482228 0 0 0 0 0 0 157 157 
9606.ENSP00000456405 9606.ENSP00000224140 0 0 0 55 131 0 67 166 
9606.ENSP00000456405 9606.ENSP00000258439 0 0 0 0 0 0 163 163 
9606.ENSP00000456405 9606.ENSP00000472469 0 0 0 0 0 0 327 327 
9606.ENSP00000456405 9606.ENSP00000369855 0 0 0 62 188 0 99 253 
9606.ENSP00000456405 9606.ENSP00000274457 0 0 0 62 165 0 63 202 
9606.ENSP00000456405 9606.ENSP00000477455 0 0 0 0 0 0 252 252 
9606.ENSP00000456405 9606.ENSP00000279387 0 0 0 62 168 0 99 235 
9606.ENSP00000456405 9606.ENSP00000370571 0 0 0 0 0 0 279 279 
9606.ENSP00000456405 9606.ENSP00000352925 0 0 0 0 349 0 408 598 
9606.ENSP00000456405 9606.ENSP00000011653 0 0 0 0 0 0 186 186 
9606.ENSP00000456405 9606.ENSP00000435412 0 0 0 0 0 0 481 481 
9606.ENSP00000456405 9606.ENSP00000479860 0 0 0 0 0 0 615 615 
9606.ENSP00000456405 9606.ENSP00000428205 0 0 0 0 0 0 191 191 
9606.ENSP00000456405 9606.ENSP00000307786 0 0 0 0 0 0 222 222 
9606.ENSP00000456405 9606.ENSP00000270517 0 0 0 152 0 0 0 152 
9606.ENSP00000456405 9606.ENSP00000317159 0 0 0 202 0 0 0 202 
9606.ENSP00000456405 9606.ENSP00000215659 0 0 0 108 0 0 142 202 
9606.ENSP00000456405 9606.ENSP00000283290 0 0 0 0 0 0 245 245 
9606.ENSP00000456405 9606.ENSP00000365858 0 0 0 0 177 0 89 218 
9606.ENSP00000456405 9606.ENSP00000391211 0 0 0 163 0 0 0 163 
9606.ENSP00000456405 9606.ENSP00000368887 0 0 391 0 0 0 0 391 
9606.ENSP00000456405 9606.ENSP00000341071 0 0 0 0 0 0 187 187 
9606.ENSP00000456405 9606.ENSP00000479322 0 0 0 0 127 900 62 910 
9606.ENSP00000456405 9606.ENSP00000226730 0 0 0 0 0 0 185 185 
9606.ENSP00000456405 9606.ENSP00000235090 0 0 295 62 0 0 50 316 
9606.ENSP00000456405 9606.ENSP00000424183 0 0 0 0 0 900 398 937 
9606.ENSP00000456405 9606.ENSP00000262288 0 0 0 0 262 0 0 262 
9606.ENSP00000456405 9606.ENSP00000364190 0 0 0 0 0 0 223 223 
9606.ENSP00000456405 9606.ENSP00000399970 0 0 0 86 0 0 151 191 
9606.ENSP00000456405 9606.ENSP00000325074 0 0 0 86 0 0 127 168 
9606.ENSP00000456405 9606.ENSP00000307272 0 0 0 63 948 900 968 999 
9606.ENSP00000456405 9606.ENSP00000438615 0 0 0 63 80 0 124 179 
9606.ENSP00000456405 9606.ENSP00000396308 0 0 0 0 191 0 41 191 
9606.ENSP00000456405 9606.ENSP00000393762 0 0 0 0 0 0 307 307 
9606.ENSP00000456405 9606.ENSP00000370373 0 0 0 61 133 0 328 405 
9606.ENSP00000456405 9606.ENSP00000278671 0 0 0 64 0 900 635 962 
9606.ENSP00000456405 9606.ENSP00000350954 0 0 319 61 0 0 50 339 
9606.ENSP00000456405 9606.ENSP00000227524 0 0 320 88 0 0 110 400 
9606.ENSP00000456405 9606.ENSP00000330237 0 0 0 0 0 0 156 156 
9606.ENSP00000456405 9606.ENSP00000338703 0 0 0 0 0 0 163 163 
9606.ENSP00000456405 9606.ENSP00000481321 0 0 0 0 0 0 386 386 
9606.ENSP00000456405 9606.ENSP00000349612 0 0 0 62 188 0 99 253 
9606.ENSP00000456405 9606.ENSP00000462154 0 0 0 63 0 0 458 471 
9606.ENSP00000456405 9606.ENSP00000298307 0 0 0 0 64 0 131 151 
9606.ENSP00000456405 9606.ENSP00000339795 0 0 0 0 0 0 202 202 
9606.ENSP00000456405 9606.ENSP00000440045 0 0 0 0 260 0 43 262 
9606.ENSP00000456405 9606.ENSP00000373772 0 0 0 0 311 0 0 311 
9606.ENSP00000456405 9606.ENSP00000426909 0 0 195 61 0 0 105 265 
9606.ENSP00000456405 9606.ENSP00000377768 0 0 0 0 191 0 0 191 
9606.ENSP00000456405 9606.ENSP00000341219 0 0 0 167 0 0 68 190 
9606.ENSP00000456405 9606.ENSP00000349588 0 0 0 62 165 0 63 202 
9606.ENSP00000456405 9606.ENSP00000326031 0 0 0 98 168 0 77 246 
9606.ENSP00000456405 9606.ENSP00000258281 0 0 200 63 50 0 49 233 
9606.ENSP00000456405 9606.ENSP00000256707 0 0 0 62 165 0 63 202 
9606.ENSP00000456405 9606.ENSP00000315644 0 0 0 0 261 0 0 261 
9606.ENSP00000456405 9606.ENSP00000362680 0 0 0 0 0 0 232 232 
9606.ENSP00000456405 9606.ENSP00000306245 0 0 0 61 0 0 137 155 
9606.ENSP00000456405 9606.ENSP00000262948 0 0 0 157 0 0 88 198 
9606.ENSP00000456405 9606.ENSP00000337641 0 0 0 0 133 0 75 163 
9606.ENSP00000456405 9606.ENSP00000417418 0 0 0 145 0 0 64 165 
9606.ENSP00000456405 9606.ENSP00000307260 0 0 380 0 0 0 50 385 
9606.ENSP00000456405 9606.ENSP00000354871 0 0 0 62 168 0 77 216 
9606.ENSP00000456405 9606.ENSP00000372274 0 0 0 0 0 0 202 202 
9606.ENSP00000456405 9606.ENSP00000234111 0 0 0 0 0 0 167 167 
9606.ENSP00000456405 9606.ENSP00000322396 0 0 0 0 0 0 446 446 
9606.ENSP00000456405 9606.ENSP00000269856 0 0 0 97 165 0 63 231 
9606.ENSP00000456405 9606.ENSP00000388713 0 0 0 0 0 0 173 173 
9606.ENSP00000456405 9606.ENSP00000296786 0 0 0 161 0 0 0 161 
9606.ENSP00000456405 9606.ENSP00000403077 0 0 0 62 185 0 0 202 
9606.ENSP00000456405 9606.ENSP00000438468 0 0 0 0 0 0 277 277 
9606.ENSP00000456405 9606.ENSP00000296525 0 0 0 62 188 0 99 253 
9606.ENSP00000456405 9606.ENSP00000458075 0 0 0 55 705 0 336 798 
9606.ENSP00000456405 9606.ENSP00000262302 0 0 0 256 0 0 0 256 
9606.ENSP00000456405 9606.ENSP00000298048 0 0 0 0 193 0 109 251 
9606.ENSP00000456405 9606.ENSP00000363054 0 0 0 0 0 0 221 221 
9606.ENSP00000456405 9606.ENSP00000311318 0 0 0 62 182 0 123 268 
9606.ENSP00000456405 9606.ENSP00000276925 0 0 0 62 188 0 123 274 
9606.ENSP00000456405 9606.ENSP00000365380 0 0 0 0 0 0 194 194 
9606.ENSP00000456405 9606.ENSP00000309714 0 0 0 0 349 0 128 408 
9606.ENSP00000456405 9606.ENSP00000365016 0 0 0 0 0 0 243 243 
9606.ENSP00000456405 9606.ENSP00000375872 0 0 163 62 0 0 131 259 
9606.ENSP00000456405 9606.ENSP00000377958 0 0 0 0 156 0 0 156 
9606.ENSP00000456405 9606.ENSP00000408576 0 0 0 62 0 0 477 488 
9606.ENSP00000456405 9606.ENSP00000265140 0 0 0 62 188 0 173 315 
9606.ENSP00000456405 9606.ENSP00000200652 0 0 0 0 175 0 0 175 
9606.ENSP00000456405 9606.ENSP00000215941 0 0 0 62 188 0 99 253 
9606.ENSP00000456405 9606.ENSP00000351446 0 0 183 87 0 0 0 223 
9606.ENSP00000456405 9606.ENSP00000467024 0 0 0 139 0 0 92 184 
9606.ENSP00000456405 9606.ENSP00000222305 0 0 0 0 65 0 177 197 
9606.ENSP00000456405 9606.ENSP00000277458 0 0 0 62 188 0 99 253 
9606.ENSP00000456405 9606.ENSP00000420387 0 0 0 0 127 0 73 157 
9606.ENSP00000456405 9606.ENSP00000258418 0 0 0 66 0 0 156 178 
9606.ENSP00000456405 9606.ENSP00000345575 0 0 0 145 0 0 64 165 
9606.ENSP00000456405 9606.ENSP00000358810 0 0 0 0 157 0 113 220 
9606.ENSP00000456405 9606.ENSP00000176183 0 0 0 0 0 0 163 163 
9606.ENSP00000456405 9606.ENSP00000261015 0 0 374 64 0 0 0 389 
9606.ENSP00000456405 9606.ENSP00000397908 0 0 0 0 0 0 224 224 
9606.ENSP00000456405 9606.ENSP00000217958 0 0 0 62 165 0 63 202 
9606.ENSP00000456405 9606.ENSP00000254322 0 0 0 308 0 0 87 341 
9606.ENSP00000456405 9606.ENSP00000384848 0 0 0 61 107 900 868 987 
9606.ENSP00000456405 9606.ENSP00000358983 0 0 0 62 188 0 99 253 
9606.ENSP00000456405 9606.ENSP00000387164 0 0 0 0 185 0 0 185 
9606.ENSP00000456405 9606.ENSP00000344431 0 0 0 308 0 0 64 324 
9606.ENSP00000456405 9606.ENSP00000363745 0 0 0 0 157 0 0 157 
9606.ENSP00000456405 9606.ENSP00000344220 0 0 0 0 318 0 577 699 
9606.ENSP00000456405 9606.ENSP00000295897 0 0 0 0 0 0 171 171 
9606.ENSP00000456405 9606.ENSP00000387307 0 0 0 0 132 0 71 159 
9606.ENSP00000456405 9606.ENSP00000295600 0 0 0 0 65 0 201 221 
9606.ENSP00000456405 9606.ENSP00000280871 0 0 0 0 185 0 0 185 
9606.ENSP00000456405 9606.ENSP00000451575 0 0 0 62 188 0 99 253 
9606.ENSP00000456405 9606.ENSP00000292539 0 0 0 85 165 0 63 221 
9606.ENSP00000456405 9606.ENSP00000355601 0 0 0 0 191 0 0 191 
9606.ENSP00000456405 9606.ENSP00000347184 0 0 0 0 0 0 269 269 
9606.ENSP00000456405 9606.ENSP00000366475 0 0 0 0 0 0 177 177 
9606.ENSP00000456405 9606.ENSP00000264335 0 0 0 0 0 900 161 912 
9606.ENSP00000456405 9606.ENSP00000354432 0 0 0 62 188 0 99 253 
9606.ENSP00000456405 9606.ENSP00000262291 0 0 0 0 0 0 240 240 
9606.ENSP00000456405 9606.ENSP00000469613 0 0 0 0 0 0 298 298 
9606.ENSP00000456405 9606.ENSP00000464813 0 0 0 0 0 0 226 226 
9606.ENSP00000456405 9606.ENSP00000269305 0 0 0 0 0 0 298 298 
9606.ENSP00000456405 9606.ENSP00000264255 0 0 0 0 57 0 213 226 
9606.ENSP00000456405 9606.ENSP00000319096 0 0 0 0 0 0 252 252 
9606.ENSP00000456405 9606.ENSP00000280154 0 0 0 0 0 0 235 235 
9606.ENSP00000456405 9606.ENSP00000364742 0 0 0 0 64 0 131 151 
9606.ENSP00000456405 9606.ENSP00000380998 0 0 0 208 0 0 0 208 
9606.ENSP00000456405 9606.ENSP00000203407 0 0 0 172 0 0 0 172 
9606.ENSP00000456405 9606.ENSP00000298552 0 0 0 0 99 900 712 971 
9606.ENSP00000456405 9606.ENSP00000439189 0 0 0 55 0 0 179 190 
9606.ENSP00000456405 9606.ENSP00000410758 0 0 0 62 57 0 227 256 
9606.ENSP00000456405 9606.ENSP00000470252 0 0 0 0 339 0 0 339 
9606.ENSP00000456405 9606.ENSP00000362135 0 0 0 0 0 0 405 405 
9606.ENSP00000456405 9606.ENSP00000298630 0 0 0 63 185 0 268 392 
9606.ENSP00000456405 9606.ENSP00000457991 0 0 0 82 0 0 233 265 
9606.ENSP00000456405 9606.ENSP00000261537 0 0 0 62 188 0 101 255 
9606.ENSP00000456405 9606.ENSP00000374424 0 0 0 0 0 0 225 225 
9606.ENSP00000456405 9606.ENSP00000337946 0 0 0 0 0 0 412 412 
9606.ENSP00000456405 9606.ENSP00000262623 0 0 0 0 127 0 126 205 
9606.ENSP00000456405 9606.ENSP00000303525 0 0 0 0 0 0 225 225 
9606.ENSP00000456405 9606.ENSP00000368982 0 0 157 85 0 0 0 196 
9606.ENSP00000456405 9606.ENSP00000302665 0 0 0 0 0 0 440 440 
9606.ENSP00000456405 9606.ENSP00000037243 0 0 0 0 0 0 289 289 
9606.ENSP00000456405 9606.ENSP00000469689 0 0 0 62 188 0 173 315 
9606.ENSP00000456405 9606.ENSP00000331462 0 0 0 0 0 0 173 173 
9606.ENSP00000456405 9606.ENSP00000306752 0 0 0 55 705 0 336 798 
9606.ENSP00000456405 9606.ENSP00000267973 0 0 195 61 0 0 0 212 
9606.ENSP00000456405 9606.ENSP00000286788 0 0 0 0 157 0 53 167 
9606.ENSP00000456405 9606.ENSP00000426103 0 0 0 62 188 0 101 255 
9606.ENSP00000456405 9606.ENSP00000446830 0 0 0 145 0 0 64 165 
9606.ENSP00000456405 9606.ENSP00000377971 0 0 0 62 165 0 63 202 
9606.ENSP00000456405 9606.ENSP00000386532 0 0 0 62 188 0 99 253 
9606.ENSP00000456405 9606.ENSP00000232744 0 0 0 115 165 0 63 247 
9606.ENSP00000456405 9606.ENSP00000384442 0 0 0 0 0 0 227 227 
9606.ENSP00000456405 9606.ENSP00000288368 0 0 0 0 0 0 348 348 
9606.ENSP00000456405 9606.ENSP00000357879 0 0 0 284 0 0 41 284 
9606.ENSP00000456405 9606.ENSP00000325827 0 0 0 0 0 0 163 163 
9606.ENSP00000456405 9606.ENSP00000011619 0 0 0 0 0 0 440 440 
9606.ENSP00000456405 9606.ENSP00000379842 0 0 0 55 185 0 460 548 
9606.ENSP00000456405 9606.ENSP00000379287 0 0 0 0 0 900 161 912 
9606.ENSP00000456405 9606.ENSP00000232978 0 0 0 0 60 0 332 345 
9606.ENSP00000456405 9606.ENSP00000368678 0 0 0 77 0 0 189 219 
9606.ENSP00000456405 9606.ENSP00000361021 0 0 0 61 0 0 583 592 
9606.ENSP00000456405 9606.ENSP00000270586 0 0 0 229 0 0 231 381 
9606.ENSP00000456405 9606.ENSP00000320935 0 0 0 0 0 0 169 169 
9606.ENSP00000456405 9606.ENSP00000275493 0 0 0 0 0 0 311 311 
9606.ENSP00000456405 9606.ENSP00000305260 0 0 181 195 0 0 78 340 
9606.ENSP00000456405 9606.ENSP00000364204 0 0 0 0 0 0 169 169 
9606.ENSP00000456405 9606.ENSP00000354830 0 0 0 0 0 0 161 161 
9606.ENSP00000456405 9606.ENSP00000265070 0 0 0 0 0 0 258 258 
9606.ENSP00000456405 9606.ENSP00000376167 0 0 0 210 0 0 55 222 
9606.ENSP00000456405 9606.ENSP00000302486 0 0 0 0 0 0 210 210 
9606.ENSP00000456405 9606.ENSP00000425658 0 0 0 62 188 0 99 253 
9606.ENSP00000456405 9606.ENSP00000358854 0 0 192 63 50 0 49 225 
9606.ENSP00000456405 9606.ENSP00000468354 0 0 0 62 188 0 99 253 
9606.ENSP00000456405 9606.ENSP00000324806 0 0 0 51 0 0 229 237 
9606.ENSP00000456405 9606.ENSP00000377390 0 0 0 0 64 0 163 183 
9606.ENSP00000456405 9606.ENSP00000249071 0 0 0 0 0 0 368 368 
9606.ENSP00000456405 9606.ENSP00000481029 0 0 0 419 0 0 0 419 
9606.ENSP00000456405 9606.ENSP00000302150 0 0 0 0 0 0 163 163 
9606.ENSP00000456405 9606.ENSP00000254101 0 0 0 61 0 900 137 911 
9606.ENSP00000456405 9606.ENSP00000349041 0 0 0 62 165 0 66 205 
9606.ENSP00000456405 9606.ENSP00000307863 0 0 0 88 262 0 58 310 
9606.ENSP00000456405 9606.ENSP00000468367 0 0 0 167 0 0 68 190 
9606.ENSP00000456405 9606.ENSP00000374309 0 0 0 0 0 0 225 225 
9606.ENSP00000456405 9606.ENSP00000367059 0 0 0 62 188 0 128 277 
9606.ENSP00000456405 9606.ENSP00000431800 0 0 0 79 0 0 447 469 
9606.ENSP00000456405 9606.ENSP00000198767 0 0 0 0 0 900 155 911 
9606.ENSP00000456405 9606.ENSP00000262238 0 0 0 0 0 900 254 922 
9606.ENSP00000456405 9606.ENSP00000392812 0 0 0 0 0 0 162 162 
9606.ENSP00000456405 9606.ENSP00000263923 0 0 0 0 0 0 153 153 
9606.ENSP00000456405 9606.ENSP00000395538 0 0 0 63 0 0 176 194 
9606.ENSP00000456405 9606.ENSP00000356015 0 0 0 0 359 0 0 359 
9606.ENSP00000456405 9606.ENSP00000338990 0 0 0 104 0 900 328 934 
9606.ENSP00000456405 9606.ENSP00000325677 0 0 0 0 311 0 0 311 
9606.ENSP00000456405 9606.ENSP00000230792 0 0 0 62 188 0 99 253 
9606.ENSP00000456405 9606.ENSP00000348708 0 0 0 0 0 0 167 167 
9606.ENSP00000456405 9606.ENSP00000012443 0 0 0 89 168 0 77 239 
9606.ENSP00000456405 9606.ENSP00000222803 0 0 0 0 157 0 90 200 
9606.ENSP00000456405 9606.ENSP00000348129 0 0 175 50 0 0 0 182 
9606.ENSP00000456405 9606.ENSP00000356545 0 0 0 0 0 0 225 225 
9606.ENSP00000456405 9606.ENSP00000392147 0 0 0 150 168 0 475 597 
9606.ENSP00000456405 9606.ENSP00000256644 0 0 0 61 0 900 355 934 
9606.ENSP00000456405 9606.ENSP00000398861 0 0 0 64 0 0 271 288 
9606.ENSP00000456405 9606.ENSP00000357288 0 0 0 62 0 900 400 938 
9606.ENSP00000456405 9606.ENSP00000265970 0 0 0 0 349 0 168 435 
9606.ENSP00000456405 9606.ENSP00000413156 0 0 0 0 129 0 66 151 
9606.ENSP00000456405 9606.ENSP00000226574 0 0 0 62 188 0 99 253 
9606.ENSP00000456405 9606.ENSP00000377170 0 0 0 62 188 0 99 253 
9606.ENSP00000456405 9606.ENSP00000345341 0 0 0 151 0 0 0 151 
9606.ENSP00000456405 9606.ENSP00000302843 0 0 0 145 0 0 64 165 
9606.ENSP00000456405 9606.ENSP00000333837 0 0 0 151 0 0 0 151 
9606.ENSP00000456405 9606.ENSP00000216797 0 0 0 62 188 0 99 253 
9606.ENSP00000456405 9606.ENSP00000305924 0 0 0 0 133 0 86 173 
9606.ENSP00000456405 9606.ENSP00000440485 0 0 0 0 0 0 177 177 
9606.ENSP00000456405 9606.ENSP00000361009 0 0 0 0 0 0 366 366 
9606.ENSP00000456405 9606.ENSP00000400175 0 0 0 0 0 0 231 231 
9606.ENSP00000456405 9606.ENSP00000269216 0 0 0 0 177 0 90 219 
9606.ENSP00000456405 9606.ENSP00000352121 0 0 0 0 349 0 240 484 
9606.ENSP00000456405 9606.ENSP00000282908 0 0 0 0 185 0 268 377 
9606.ENSP00000456405 9606.ENSP00000363970 0 0 0 0 0 0 213 213 
9606.ENSP00000456405 9606.ENSP00000418287 0 0 412 98 0 0 0 446 
9606.ENSP00000456405 9606.ENSP00000292807 0 0 0 188 0 0 0 188 
9606.ENSP00000456405 9606.ENSP00000360195 0 0 0 62 165 0 63 202 
9606.ENSP00000456405 9606.ENSP00000263202 0 0 0 231 0 0 0 231 
9606.ENSP00000456405 9606.ENSP00000464893 0 0 0 48 353 0 195 461 
9606.ENSP00000456405 9606.ENSP00000283928 0 0 0 0 300 0 109 349 
9606.ENSP00000456405 9606.ENSP00000379182 0 0 391 63 0 0 0 404 
9606.ENSP00000456405 9606.ENSP00000386398 0 0 0 62 188 0 99 253 
9606.ENSP00000456405 9606.ENSP00000262209 0 0 0 62 165 0 63 202 
9606.ENSP00000456405 9606.ENSP00000294008 0 0 0 0 0 0 280 280 
9606.ENSP00000456405 9606.ENSP00000265062 0 0 0 0 0 0 231 231 
9606.ENSP00000456405 9606.ENSP00000296511 0 0 0 0 0 0 163 163 
9606.ENSP00000456405 9606.ENSP00000454380 0 0 0 159 0 0 0 159 
9606.ENSP00000456405 9606.ENSP00000299300 0 0 0 0 201 0 0 201 
9606.ENSP00000456405 9606.ENSP00000384364 0 0 0 0 0 0 252 252 
9606.ENSP00000456405 9606.ENSP00000225577 0 0 0 62 185 900 813 983 
9606.ENSP00000456405 9606.ENSP00000363313 0 0 188 77 0 0 0 218 
9606.ENSP00000456405 9606.ENSP00000286234 0 0 0 0 348 900 907 993 
9606.ENSP00000456405 9606.ENSP00000380432 0 0 0 0 0 0 520 520 
9606.ENSP00000456405 9606.ENSP00000258416 0 0 0 61 0 0 194 211 
9606.ENSP00000456405 9606.ENSP00000384849 0 0 0 0 0 0 163 163 
9606.ENSP00000456405 9606.ENSP00000352282 0 0 0 0 64 0 131 151 
9606.ENSP00000456405 9606.ENSP00000353549 0 0 0 0 0 0 161 161 
9606.ENSP00000456405 9606.ENSP00000391950 0 0 0 62 188 0 99 253 
9606.ENSP00000456405 9606.ENSP00000263635 0 0 0 62 188 0 99 253 
9606.ENSP00000456405 9606.ENSP00000216330 0 0 0 61 131 0 227 314 
9606.ENSP00000456405 9606.ENSP00000382779 0 0 0 54 0 0 364 373 
9606.ENSP00000456405 9606.ENSP00000371451 0 0 0 145 0 0 64 165 
9606.ENSP00000456405 9606.ENSP00000263087 0 0 0 0 0 0 290 290 
9606.ENSP00000456405 9606.ENSP00000386862 0 0 0 0 0 0 270 270 
9606.ENSP00000456405 9606.ENSP00000332973 0 0 0 0 0 0 187 187 
9606.ENSP00000456405 9606.ENSP00000392718 0 0 0 55 0 0 179 190 
9606.ENSP00000456405 9606.ENSP00000266458 0 0 0 0 0 0 314 314 
9606.ENSP00000456405 9606.ENSP00000376139 0 0 0 0 0 0 241 241 
9606.ENSP00000456405 9606.ENSP00000249344 0 0 0 0 157 0 66 178 
9606.ENSP00000456405 9606.ENSP00000340494 0 0 0 0 0 0 552 552 
9606.ENSP00000456405 9606.ENSP00000361471 0 0 0 0 0 0 392 392 
9606.ENSP00000456405 9606.ENSP00000215071 0 0 0 189 0 0 0 189 
9606.ENSP00000456405 9606.ENSP00000264639 0 0 0 373 0 0 0 373 
9606.ENSP00000456405 9606.ENSP00000327214 0 0 0 76 127 0 71 185 
9606.ENSP00000456405 9606.ENSP00000323867 0 0 0 61 0 900 125 910 
9606.ENSP00000456405 9606.ENSP00000429015 0 0 0 62 165 0 63 202 
9606.ENSP00000456405 9606.ENSP00000261622 0 0 0 0 0 0 238 238 
9606.ENSP00000456405 9606.ENSP00000354085 0 0 0 62 188 0 99 253 
9606.ENSP00000456405 9606.ENSP00000370003 0 0 0 0 0 0 165 165 
9606.ENSP00000456405 9606.ENSP00000367440 0 0 0 0 0 0 192 192 
9606.ENSP00000456405 9606.ENSP00000307197 0 0 0 145 0 0 64 165 
9606.ENSP00000456405 9606.ENSP00000306625 0 0 0 183 0 0 0 183 
9606.ENSP00000456405 9606.ENSP00000302564 0 0 0 0 0 0 218 218 
9606.ENSP00000456405 9606.ENSP00000384092 0 0 0 0 0 0 227 227 
9606.ENSP00000456405 9606.ENSP00000262457 0 0 0 62 188 0 99 253 
9606.ENSP00000456405 9606.ENSP00000460380 0 0 0 0 0 0 187 187 
9606.ENSP00000456405 9606.ENSP00000356470 0 0 0 0 156 0 0 156 
9606.ENSP00000456405 9606.ENSP00000290429 0 0 0 65 0 0 166 186 
9606.ENSP00000456405 9606.ENSP00000404854 0 0 0 0 0 0 225 225 
9606.ENSP00000456405 9606.ENSP00000326340 0 0 356 61 0 0 94 404 
9606.ENSP00000456405 9606.ENSP00000265440 0 0 0 0 82 0 422 447 
9606.ENSP00000456405 9606.ENSP00000311579 0 0 0 62 165 0 63 202 
9606.ENSP00000456405 9606.ENSP00000326804 0 0 0 109 0 0 127 188 
9606.ENSP00000456405 9606.ENSP00000348442 0 0 0 129 0 0 256 324 
9606.ENSP00000456405 9606.ENSP00000285208 0 0 0 0 132 0 71 159 
9606.ENSP00000456405 9606.ENSP00000229135 0 0 0 0 0 0 185 185 
9606.ENSP00000456405 9606.ENSP00000362381 0 0 0 62 0 0 173 191 
9606.ENSP00000456405 9606.ENSP00000334140 0 0 0 0 64 0 451 464 
9606.ENSP00000456405 9606.ENSP00000302961 0 0 0 63 0 0 213 231 
9606.ENSP00000456405 9606.ENSP00000306330 0 0 0 0 0 900 161 912 
9606.ENSP00000456405 9606.ENSP00000351314 0 0 0 189 0 0 67 210 
9606.ENSP00000456405 9606.ENSP00000353717 0 0 0 62 188 0 99 253 
9606.ENSP00000456405 9606.ENSP00000399259 0 0 0 0 194 0 0 194 
9606.ENSP00000456405 9606.ENSP00000290573 0 0 0 0 0 0 174 174 
9606.ENSP00000456405 9606.ENSP00000475727 0 0 0 0 0 0 530 530 
9606.ENSP00000456405 9606.ENSP00000468002 0 0 0 62 165 0 89 224 
9606.ENSP00000456405 9606.ENSP00000353793 0 0 0 0 0 0 236 236 
9606.ENSP00000456405 9606.ENSP00000216037 0 0 0 0 0 0 150 150 
9606.ENSP00000456405 9606.ENSP00000233616 0 0 0 0 300 0 47 304 
9606.ENSP00000456405 9606.ENSP00000335153 0 0 0 0 0 0 217 217 
9606.ENSP00000456405 9606.ENSP00000262144 0 0 0 62 50 0 358 378 
9606.ENSP00000456405 9606.ENSP00000263026 0 0 0 0 0 0 449 449 
9606.ENSP00000456405 9606.ENSP00000302790 0 0 0 0 323 0 0 323 
9606.ENSP00000456405 9606.ENSP00000375809 0 0 0 95 0 0 99 150 
9606.ENSP00000456405 9606.ENSP00000476369 0 0 341 55 0 0 0 350 
9606.ENSP00000456405 9606.ENSP00000348069 0 0 0 0 0 900 291 926 
9606.ENSP00000456405 9606.ENSP00000394417 0 0 0 61 157 0 0 174 
9606.ENSP00000456405 9606.ENSP00000289153 0 0 0 0 349 0 247 488 
9606.ENSP00000456405 9606.ENSP00000339881 0 0 0 51 79 0 351 383 
9606.ENSP00000456405 9606.ENSP00000314129 0 0 0 0 65 0 237 256 
9606.ENSP00000456405 9606.ENSP00000379339 0 0 0 0 0 0 327 327 
9606.ENSP00000456405 9606.ENSP00000332247 0 0 0 49 0 0 204 211 
9606.ENSP00000456405 9606.ENSP00000386502 0 0 0 62 165 0 63 202 
9606.ENSP00000456405 9606.ENSP00000266970 0 0 0 61 0 0 229 245 
9606.ENSP00000456405 9606.ENSP00000363046 0 0 0 61 0 0 413 425 
9606.ENSP00000456405 9606.ENSP00000323302 0 0 191 61 0 0 0 208 
9606.ENSP00000456405 9606.ENSP00000428223 0 0 0 0 0 0 175 175 
9606.ENSP00000456405 9606.ENSP00000271308 0 0 0 217 0 0 0 217 
9606.ENSP00000456405 9606.ENSP00000446917 0 0 0 0 183 0 0 183 
9606.ENSP00000456405 9606.ENSP00000385995 0 0 0 0 258 0 0 258 
9606.ENSP00000456405 9606.ENSP00000450524 0 0 0 0 0 0 249 249 
9606.ENSP00000456405 9606.ENSP00000358022 0 0 0 0 0 0 171 171 
9606.ENSP00000456405 9606.ENSP00000421592 0 0 0 52 0 0 168 178 
9606.ENSP00000456405 9606.ENSP00000265171 0 0 0 0 0 0 236 236 
9606.ENSP00000456405 9606.ENSP00000262850 0 0 0 63 51 900 726 972 
9606.ENSP00000456405 9606.ENSP00000378529 0 0 349 79 0 0 50 381 
9606.ENSP00000456405 9606.ENSP00000308413 0 0 0 62 185 600 610 864 
9606.ENSP00000456405 9606.ENSP00000349877 0 0 0 98 127 0 159 279 
9606.ENSP00000456405 9606.ENSP00000479762 0 0 0 0 0 0 211 211 
9606.ENSP00000456405 9606.ENSP00000387593 0 0 0 62 188 0 99 253 
9606.ENSP00000456405 9606.ENSP00000231449 0 0 0 63 50 0 449 466 
9606.ENSP00000456405 9606.ENSP00000349205 0 0 0 0 0 0 330 330 
9606.ENSP00000456405 9606.ENSP00000260947 0 0 0 62 188 0 99 253 
9606.ENSP00000456405 9606.ENSP00000386722 0 0 0 0 194 0 0 194 
9606.ENSP00000456405 9606.ENSP00000483312 0 0 185 78 0 0 47 221 
9606.ENSP00000456405 9606.ENSP00000219313 0 0 0 147 0 0 62 165 
9606.ENSP00000456405 9606.ENSP00000229264 0 0 176 61 0 0 78 224 
9606.ENSP00000456405 9606.ENSP00000355920 0 0 0 0 175 0 0 175 
9606.ENSP00000456405 9606.ENSP00000381198 0 0 0 0 133 0 86 173 
9606.ENSP00000456405 9606.ENSP00000318944 0 0 256 79 0 0 0 285 
9606.ENSP00000456405 9606.ENSP00000263967 0 0 0 0 349 0 318 537 
9606.ENSP00000456405 9606.ENSP00000378306 0 0 0 62 168 0 77 216 
9606.ENSP00000456405 9606.ENSP00000326531 0 0 0 163 0 0 0 163 
9606.ENSP00000456405 9606.ENSP00000311032 0 0 0 0 0 0 237 237 
9606.ENSP00000456405 9606.ENSP00000478639 0 0 0 0 0 0 311 311 
9606.ENSP00000456405 9606.ENSP00000261837 0 0 179 51 0 0 79 220 
9606.ENSP00000456405 9606.ENSP00000157812 0 0 0 444 0 0 0 444 
9606.ENSP00000456405 9606.ENSP00000202967 0 0 0 0 0 0 241 241 
9606.ENSP00000456405 9606.ENSP00000478672 0 0 0 0 0 0 243 243 
9606.ENSP00000456405 9606.ENSP00000417963 0 0 0 0 133 0 75 163 
9606.ENSP00000456405 9606.ENSP00000362314 0 0 0 49 130 0 479 531 
9606.ENSP00000456405 9606.ENSP00000292476 0 0 0 0 0 0 239 239 
9606.ENSP00000456405 9606.ENSP00000379217 0 0 0 161 0 0 0 161 
9606.ENSP00000456405 9606.ENSP00000217964 0 0 201 78 0 0 44 235 
9606.ENSP00000456405 9606.ENSP00000377664 0 0 0 62 165 0 63 202 
9606.ENSP00000456405 9606.ENSP00000349960 0 0 0 55 0 0 219 230 
9606.ENSP00000456405 9606.ENSP00000358770 0 0 0 0 0 0 211 211 
9606.ENSP00000456405 9606.ENSP00000378914 0 0 0 0 0 900 383 935 
9606.ENSP00000456405 9606.ENSP00000384434 0 0 0 0 177 0 85 214 
9606.ENSP00000456405 9606.ENSP00000257904 0 0 0 49 0 0 158 165 
9606.ENSP00000456405 9606.ENSP00000314556 0 0 0 62 165 0 63 202 
9606.ENSP00000456405 9606.ENSP00000267257 0 0 0 0 0 0 403 403 
9606.ENSP00000456405 9606.ENSP00000336790 0 0 0 0 0 0 188 188 
9606.ENSP00000456405 9606.ENSP00000471455 0 0 0 161 0 0 0 161 
9606.ENSP00000456405 9606.ENSP00000404079 0 0 0 308 0 0 64 324 
9606.ENSP00000456405 9606.ENSP00000263634 0 0 0 62 188 0 99 253 
9606.ENSP00000456405 9606.ENSP00000437402 0 0 0 0 192 0 0 192 
9606.ENSP00000456405 9606.ENSP00000357858 0 0 334 84 0 0 0 363 
9606.ENSP00000456405 9606.ENSP00000306397 0 0 0 61 0 0 228 244 
9606.ENSP00000456405 9606.ENSP00000404381 0 0 0 145 0 0 64 165 
9606.ENSP00000456405 9606.ENSP00000280772 0 0 0 62 165 0 63 202 
9606.ENSP00000456405 9606.ENSP00000386857 0 0 0 55 0 0 179 190 
9606.ENSP00000456405 9606.ENSP00000261601 0 0 0 188 0 0 57 201 
9606.ENSP00000456405 9606.ENSP00000345719 0 0 0 62 0 0 279 294 
9606.ENSP00000456405 9606.ENSP00000361930 0 0 0 0 0 900 161 912 
9606.ENSP00000456405 9606.ENSP00000454770 0 0 0 62 188 0 99 253 
9606.ENSP00000456405 9606.ENSP00000348019 0 0 0 0 0 0 390 390 
9606.ENSP00000456405 9606.ENSP00000413152 0 0 0 0 157 0 109 217 
9606.ENSP00000456405 9606.ENSP00000359385 0 0 0 0 0 0 197 197 
9606.ENSP00000456405 9606.ENSP00000369757 0 0 0 0 0 0 775 775 
9606.ENSP00000456405 9606.ENSP00000467740 0 0 0 62 188 0 99 253 
9606.ENSP00000456405 9606.ENSP00000264867 0 0 0 0 0 900 232 919 
9606.ENSP00000456405 9606.ENSP00000253792 0 0 0 0 0 0 153 153 
9606.ENSP00000456405 9606.ENSP00000316589 0 0 0 0 0 0 646 646 
9606.ENSP00000456405 9606.ENSP00000356807 0 0 0 0 50 0 295 302 
9606.ENSP00000456405 9606.ENSP00000347802 0 0 0 62 165 0 63 202 
9606.ENSP00000456405 9606.ENSP00000262394 0 0 184 50 0 0 0 191 
9606.ENSP00000456405 9606.ENSP00000384851 0 0 0 59 0 0 311 323 
9606.ENSP00000456405 9606.ENSP00000361562 0 0 0 0 185 0 51 193 
9606.ENSP00000456405 9606.ENSP00000264246 0 0 0 0 0 0 231 231 
9606.ENSP00000456405 9606.ENSP00000349595 0 0 0 0 260 0 42 260 
9606.ENSP00000456405 9606.ENSP00000312988 0 0 0 62 188 0 99 253 
9606.ENSP00000456405 9606.ENSP00000368632 0 0 0 0 177 0 230 340 
9606.ENSP00000456405 9606.ENSP00000234313 0 0 0 0 0 0 440 440 
9606.ENSP00000456405 9606.ENSP00000402515 0 0 0 55 705 0 635 889 
9606.ENSP00000456405 9606.ENSP00000268035 0 0 0 0 0 0 324 324 
9606.ENSP00000456405 9606.ENSP00000356951 0 0 0 0 0 0 150 150 
9606.ENSP00000456405 9606.ENSP00000335147 0 0 0 62 188 0 99 253 
9606.ENSP00000456405 9606.ENSP00000363638 0 0 0 61 204 0 0 220 
9606.ENSP00000456405 9606.ENSP00000442046 0 0 0 64 58 0 209 241 
9606.ENSP00000456405 9606.ENSP00000363939 0 0 0 0 0 0 234 234 
9606.ENSP00000456405 9606.ENSP00000476117 0 0 228 118 0 0 247 443 
9606.ENSP00000456405 9606.ENSP00000384259 0 0 0 77 191 0 136 299 
9606.ENSP00000456405 9606.ENSP00000230895 0 0 0 0 0 0 171 171 
9606.ENSP00000456405 9606.ENSP00000309830 0 0 0 0 0 0 323 323 
9606.ENSP00000456405 9606.ENSP00000468280 0 0 0 0 185 0 268 377 
9606.ENSP00000456405 9606.ENSP00000293414 0 0 0 62 188 0 99 253 
9606.ENSP00000456405 9606.ENSP00000302896 0 0 0 0 418 0 0 418 
9606.ENSP00000456405 9606.ENSP00000385824 0 0 0 0 0 0 475 475 
9606.ENSP00000456405 9606.ENSP00000297325 0 0 0 0 0 0 175 175 
9606.ENSP00000456405 9606.ENSP00000463188 0 0 0 0 0 0 295 295 
9606.ENSP00000456405 9606.ENSP00000349790 0 0 0 0 0 0 384 384 
9606.ENSP00000456405 9606.ENSP00000258091 0 0 0 62 201 0 0 219 
9606.ENSP00000456405 9606.ENSP00000001008 0 0 0 65 96 0 90 163 
9606.ENSP00000456405 9606.ENSP00000445675 0 0 0 0 183 0 0 183 
9606.ENSP00000456405 9606.ENSP00000429931 0 0 0 0 0 0 426 426 
9606.ENSP00000456405 9606.ENSP00000343405 0 0 0 0 123 0 156 228 
9606.ENSP00000456405 9606.ENSP00000303570 0 0 0 62 165 0 63 202 
9606.ENSP00000456405 9606.ENSP00000227507 0 0 0 63 0 0 310 325 
9606.ENSP00000456405 9606.ENSP00000328923 0 0 0 62 165 0 63 202 
9606.ENSP00000456405 9606.ENSP00000306881 0 0 0 0 87 0 158 199 
9606.ENSP00000456405 9606.ENSP00000357869 0 0 0 0 349 0 128 408 
9606.ENSP00000456405 9606.ENSP00000275603 0 0 0 62 186 0 55 215 
9606.ENSP00000456405 9606.ENSP00000382610 0 0 0 62 188 0 99 253 
9606.ENSP00000456405 9606.ENSP00000471252 0 0 0 62 165 0 63 202 
9606.ENSP00000456405 9606.ENSP00000265333 0 0 0 0 0 0 435 435 
9606.ENSP00000456405 9606.ENSP00000275300 0 0 0 0 175 0 0 175 
9606.ENSP00000456405 9606.ENSP00000263629 0 0 0 81 0 0 137 172 
9606.ENSP00000456405 9606.ENSP00000267339 0 0 0 62 188 0 99 253 
9606.ENSP00000456405 9606.ENSP00000304586 0 0 0 62 188 0 99 253 
9606.ENSP00000456405 9606.ENSP00000392270 0 0 198 63 0 0 44 219 
9606.ENSP00000456405 9606.ENSP00000262719 0 0 0 0 0 0 309 309 
9606.ENSP00000456405 9606.ENSP00000422753 0 0 0 217 0 0 49 224 
9606.ENSP00000456405 9606.ENSP00000427015 0 0 0 0 0 0 325 325 
9606.ENSP00000456405 9606.ENSP00000376943 0 0 0 0 0 0 185 185 
9606.ENSP00000456405 9606.ENSP00000301068 0 0 0 0 0 0 315 315 
9606.ENSP00000456405 9606.ENSP00000241052 0 0 0 0 0 0 175 175 
9606.ENSP00000456405 9606.ENSP00000359045 0 0 0 0 165 0 0 165 
9606.ENSP00000456405 9606.ENSP00000418447 0 0 0 63 317 0 213 452 
9606.ENSP00000456405 9606.ENSP00000368144 0 0 0 0 522 900 659 982 
9606.ENSP00000456405 9606.ENSP00000359206 0 0 185 61 0 0 60 219 
9606.ENSP00000456405 9606.ENSP00000370395 0 0 0 176 58 0 0 190 
9606.ENSP00000456405 9606.ENSP00000373312 0 0 304 63 132 0 826 888 
9606.ENSP00000456405 9606.ENSP00000386239 0 0 0 62 188 0 99 253 
9606.ENSP00000456405 9606.ENSP00000351015 0 0 0 0 0 0 216 216 
9606.ENSP00000456405 9606.ENSP00000375711 0 0 0 107 800 900 882 997 
9606.ENSP00000456405 9606.ENSP00000374455 0 0 0 0 354 0 269 507 
9606.ENSP00000456405 9606.ENSP00000479919 0 0 0 0 0 0 204 204 
9606.ENSP00000456405 9606.ENSP00000229795 0 0 0 63 0 0 204 222 
9606.ENSP00000456405 9606.ENSP00000394085 0 0 0 55 157 0 46 173 
9606.ENSP00000456405 9606.ENSP00000432016 0 0 0 62 188 0 99 253 
9606.ENSP00000456405 9606.ENSP00000326579 0 0 0 64 0 0 140 160 
9606.ENSP00000456405 9606.ENSP00000379065 0 0 0 0 177 0 85 214 
9606.ENSP00000456405 9606.ENSP00000369538 0 0 0 0 262 0 62 278 
9606.ENSP00000456405 9606.ENSP00000432412 0 0 0 0 0 900 686 967 
9606.ENSP00000456405 9606.ENSP00000355645 0 0 0 55 0 0 180 192 
9606.ENSP00000456405 9606.ENSP00000301522 0 0 0 0 0 0 267 267 
9606.ENSP00000456405 9606.ENSP00000476815 0 0 0 0 0 0 189 189 
9606.ENSP00000456405 9606.ENSP00000308772 0 0 0 62 188 0 99 253 
9606.ENSP00000456405 9606.ENSP00000304895 0 0 0 0 0 900 527 950 
9606.ENSP00000456405 9606.ENSP00000260970 0 0 0 0 60 0 157 173 
9606.ENSP00000456405 9606.ENSP00000243389 0 0 0 61 0 0 381 393 
9606.ENSP00000456405 9606.ENSP00000215574 0 0 0 96 0 0 133 183 
9606.ENSP00000456405 9606.ENSP00000367123 0 0 0 60 0 0 171 187 
9606.ENSP00000456405 9606.ENSP00000286918 0 0 0 62 188 0 99 253 
9606.ENSP00000456405 9606.ENSP00000262187 0 0 0 63 800 900 892 997 
9606.ENSP00000456405 9606.ENSP00000484732 0 0 0 0 0 0 250 250 
9606.ENSP00000456405 9606.ENSP00000430774 0 0 0 63 297 0 135 380 
9606.ENSP00000456405 9606.ENSP00000354394 0 0 0 0 313 0 62 328 
9606.ENSP00000456405 9606.ENSP00000324856 0 0 0 0 57 0 490 499 
9606.ENSP00000456405 9606.ENSP00000383003 0 0 0 61 133 0 768 795 
9606.ENSP00000456405 9606.ENSP00000264649 0 0 0 49 0 0 204 211 
9606.ENSP00000456405 9606.ENSP00000375717 0 0 0 139 0 0 100 191 
9606.ENSP00000456405 9606.ENSP00000405111 0 0 0 0 0 0 491 491 
9606.ENSP00000456405 9606.ENSP00000429240 0 0 0 0 0 0 225 225 
9606.ENSP00000456405 9606.ENSP00000359693 0 0 0 61 133 0 344 419 
9606.ENSP00000456405 9606.ENSP00000381070 0 0 0 0 0 0 267 267 
9606.ENSP00000456405 9606.ENSP00000459943 0 0 0 62 188 0 99 253 
9606.ENSP00000456405 9606.ENSP00000280551 0 0 0 0 123 0 86 164 
9606.ENSP00000456405 9606.ENSP00000320893 0 0 0 62 188 0 99 253 
9606.ENSP00000456405 9606.ENSP00000394560 0 0 0 0 0 0 250 250 
9606.ENSP00000456405 9606.ENSP00000318297 0 0 0 64 0 0 156 176 
9606.ENSP00000456405 9606.ENSP00000354558 0 0 0 60 978 900 949 999 
9606.ENSP00000456405 9606.ENSP00000380109 0 0 0 62 188 0 99 253 
9606.ENSP00000456405 9606.ENSP00000323879 0 0 0 0 336 0 126 395 
9606.ENSP00000456405 9606.ENSP00000377086 0 0 0 82 185 0 76 248 
9606.ENSP00000456405 9606.ENSP00000464036 0 0 0 0 0 0 228 228 
9606.ENSP00000456405 9606.ENSP00000222330 0 0 0 51 0 0 173 181 
9606.ENSP00000456405 9606.ENSP00000407586 0 0 0 77 0 0 271 299 
9606.ENSP00000456405 9606.ENSP00000310686 0 0 0 55 0 0 153 165 
9606.ENSP00000456405 9606.ENSP00000347602 0 0 0 61 157 0 0 174 
9606.ENSP00000456405 9606.ENSP00000430985 0 0 0 62 188 0 99 253 
9606.ENSP00000456405 9606.ENSP00000387286 0 0 0 0 0 0 158 158 
9606.ENSP00000456405 9606.ENSP00000471417 0 0 0 62 165 0 63 202 
9606.ENSP00000456405 9606.ENSP00000357914 0 0 0 62 165 0 63 202 
9606.ENSP00000456405 9606.ENSP00000384290 0 0 0 0 209 0 0 209 
9606.ENSP00000456405 9606.ENSP00000355510 0 0 0 61 139 0 0 156 
9606.ENSP00000456405 9606.ENSP00000248975 0 0 0 0 0 900 161 912 
9606.ENSP00000456405 9606.ENSP00000164227 0 0 0 62 188 0 99 253 
9606.ENSP00000456405 9606.ENSP00000322159 0 0 0 0 182 0 88 222 
9606.ENSP00000456405 9606.ENSP00000362688 0 0 346 63 50 0 0 367 
9606.ENSP00000456405 9606.ENSP00000293831 0 0 0 0 0 0 368 368 
9606.ENSP00000456405 9606.ENSP00000449751 0 0 0 0 157 0 90 200 
9606.ENSP00000456405 9606.ENSP00000293441 0 0 0 62 188 0 173 315 
9606.ENSP00000456405 9606.ENSP00000265960 0 0 0 57 975 900 917 999 
9606.ENSP00000456405 9606.ENSP00000383105 0 0 0 0 50 0 383 388 
9606.ENSP00000456405 9606.ENSP00000246792 0 0 0 0 0 0 398 398 
9606.ENSP00000456405 9606.ENSP00000429022 0 0 0 55 185 0 420 515 
9606.ENSP00000456405 9606.ENSP00000408025 0 0 0 0 267 0 63 283 
9606.ENSP00000456405 9606.ENSP00000388806 0 0 0 0 0 0 582 582 
9606.ENSP00000456405 9606.ENSP00000364016 0 0 0 144 0 0 94 191 
9606.ENSP00000456405 9606.ENSP00000177742 0 0 0 160 0 0 0 160 
9606.ENSP00000456405 9606.ENSP00000416255 0 0 0 0 63 0 551 561 
9606.ENSP00000456405 9606.ENSP00000378323 0 0 0 62 168 0 77 216 
9606.ENSP00000456405 9606.ENSP00000346437 0 0 0 64 0 0 440 453 
9606.ENSP00000456405 9606.ENSP00000233627 0 0 0 173 0 0 0 173 
9606.ENSP00000456405 9606.ENSP00000403644 0 0 0 0 0 0 163 163 
9606.ENSP00000456405 9606.ENSP00000306129 0 0 0 0 0 0 167 167 
9606.ENSP00000456405 9606.ENSP00000362592 0 0 287 63 0 0 50 309 
9606.ENSP00000456405 9606.ENSP00000377051 0 0 0 62 188 0 99 253 
9606.ENSP00000456405 9606.ENSP00000290943 0 0 0 62 188 0 99 253 
9606.ENSP00000456405 9606.ENSP00000245407 0 0 0 0 175 0 0 175 
9606.ENSP00000456405 9606.ENSP00000387078 0 0 394 55 0 0 0 402 
9606.ENSP00000456405 9606.ENSP00000355231 0 0 0 0 0 0 377 377 
9606.ENSP00000456405 9606.ENSP00000480090 0 0 0 62 0 0 134 152 
9606.ENSP00000456405 9606.ENSP00000380878 0 0 0 62 168 0 77 216 
9606.ENSP00000456405 9606.ENSP00000333685 0 0 0 63 0 0 246 263 
9606.ENSP00000456405 9606.ENSP00000361540 0 0 424 60 0 0 56 444 
9606.ENSP00000456405 9606.ENSP00000356155 0 0 0 0 349 0 148 422 
9606.ENSP00000456405 9606.ENSP00000384183 0 0 0 0 0 0 309 309 
9606.ENSP00000456405 9606.ENSP00000278616 0 0 0 0 0 0 453 453 
9606.ENSP00000456405 9606.ENSP00000218249 0 0 0 0 0 0 189 189 
9606.ENSP00000456405 9606.ENSP00000295951 0 0 0 0 156 0 0 156 
9606.ENSP00000456405 9606.ENSP00000252997 0 0 0 0 177 0 90 219 
9606.ENSP00000456405 9606.ENSP00000259457 0 0 0 189 0 0 97 236 
9606.ENSP00000456405 9606.ENSP00000221138 0 0 0 63 317 0 173 424 
9606.ENSP00000456405 9606.ENSP00000412324 0 0 0 0 133 0 75 163 
9606.ENSP00000456405 9606.ENSP00000408695 0 0 0 0 0 900 385 935 
9606.ENSP00000456405 9606.ENSP00000366233 0 0 0 0 0 0 353 353 
9606.ENSP00000456405 9606.ENSP00000357928 0 0 262 90 0 0 0 299 
9606.ENSP00000456405 9606.ENSP00000478396 0 0 0 0 0 0 165 165 
9606.ENSP00000456405 9606.ENSP00000290341 0 0 0 0 0 0 204 204 
9606.ENSP00000456405 9606.ENSP00000341779 0 0 0 62 168 0 91 229 
9606.ENSP00000456405 9606.ENSP00000251849 0 0 0 0 0 0 199 199 
9606.ENSP00000456405 9606.ENSP00000424417 0 0 407 109 0 0 0 449 
9606.ENSP00000456405 9606.ENSP00000358072 0 0 0 62 0 0 461 473 
9606.ENSP00000456405 9606.ENSP00000362092 0 0 0 61 50 900 705 970 
9606.ENSP00000456405 9606.ENSP00000388620 0 0 0 0 0 0 313 313 
9606.ENSP00000456405 9606.ENSP00000234396 0 0 0 0 185 0 225 341 
9606.ENSP00000456405 9606.ENSP00000265686 0 0 0 49 0 0 172 179 
9606.ENSP00000456405 9606.ENSP00000277865 0 0 0 0 262 0 56 273 
9606.ENSP00000456405 9606.ENSP00000477695 0 0 0 62 188 0 99 253 
9606.ENSP00000456405 9606.ENSP00000044462 0 0 0 224 0 0 0 224 
9606.ENSP00000456405 9606.ENSP00000296782 0 0 0 0 917 900 974 999 
9606.ENSP00000456405 9606.ENSP00000338019 0 0 0 145 0 0 64 165 
9606.ENSP00000456405 9606.ENSP00000328327 0 0 0 62 165 0 63 202 
9606.ENSP00000456405 9606.ENSP00000307142 0 0 0 0 0 0 165 165 
9606.ENSP00000456405 9606.ENSP00000361042 0 0 0 55 0 0 251 262 
9606.ENSP00000456405 9606.ENSP00000264607 0 0 0 62 188 0 99 253 
9606.ENSP00000456405 9606.ENSP00000433664 0 0 0 0 60 0 142 159 
9606.ENSP00000456405 9606.ENSP00000368880 0 0 0 0 0 0 433 433 
9606.ENSP00000456405 9606.ENSP00000306866 0 0 0 0 0 0 177 177 
9606.ENSP00000456405 9606.ENSP00000397655 0 0 0 62 188 0 99 253 
9606.ENSP00000456405 9606.ENSP00000328079 0 0 228 0 0 0 0 228 
9606.ENSP00000456405 9606.ENSP00000476755 0 0 0 62 165 0 63 202 
9606.ENSP00000456405 9606.ENSP00000356599 0 0 0 62 0 0 173 191 
9606.ENSP00000456405 9606.ENSP00000315774 0 0 0 168 0 0 0 168 
9606.ENSP00000456405 9606.ENSP00000413625 0 0 0 0 165 0 0 165 
9606.ENSP00000456405 9606.ENSP00000315680 0 0 358 64 0 0 0 373 
9606.ENSP00000456405 9606.ENSP00000220849 0 0 0 0 0 0 232 232 
9606.ENSP00000456405 9606.ENSP00000470087 0 0 0 51 0 0 173 181 
9606.ENSP00000456405 9606.ENSP00000331310 0 0 0 62 186 0 0 203 
9606.ENSP00000456405 9606.ENSP00000357000 0 0 0 0 65 0 177 197 
9606.ENSP00000456405 9606.ENSP00000330381 0 0 189 50 0 0 0 196 
9606.ENSP00000456405 9606.ENSP00000299824 0 0 0 62 165 0 63 202 
9606.ENSP00000456405 9606.ENSP00000383199 0 0 0 0 0 0 252 252 
9606.ENSP00000456405 9606.ENSP00000349891 0 0 0 62 188 0 99 253 
9606.ENSP00000456405 9606.ENSP00000414202 0 0 0 65 64 0 157 198 
9606.ENSP00000456405 9606.ENSP00000451828 0 0 0 104 0 900 715 972 
9606.ENSP00000456405 9606.ENSP00000371985 0 0 0 0 0 0 311 311 
9606.ENSP00000456405 9606.ENSP00000360806 0 0 0 0 0 0 226 226 
9606.ENSP00000456405 9606.ENSP00000419162 0 0 363 55 0 0 0 372 
9606.ENSP00000456405 9606.ENSP00000366826 0 0 0 62 188 0 99 253 
9606.ENSP00000456405 9606.ENSP00000399547 0 0 0 62 188 0 99 253 
9606.ENSP00000456405 9606.ENSP00000353518 0 0 0 62 165 0 63 202 
9606.ENSP00000456405 9606.ENSP00000369291 0 0 0 57 0 0 184 198 
9606.ENSP00000456405 9606.ENSP00000377224 0 0 0 62 188 0 99 253 
9606.ENSP00000456405 9606.ENSP00000360473 0 0 0 0 87 0 223 260 
9606.ENSP00000456405 9606.ENSP00000321971 0 0 0 140 0 0 74 169 
9606.ENSP00000456405 9606.ENSP00000160373 0 0 0 62 165 0 63 202 
9606.ENSP00000456405 9606.ENSP00000287859 0 0 0 0 0 0 173 173 
9606.ENSP00000456405 9606.ENSP00000378563 0 0 0 65 79 0 94 151 
9606.ENSP00000456405 9606.ENSP00000363661 0 0 0 63 186 800 579 927 
9606.ENSP00000456405 9606.ENSP00000345436 0 0 0 62 165 0 63 202 
9606.ENSP00000456405 9606.ENSP00000229239 0 0 0 87 0 0 245 281 
9606.ENSP00000456405 9606.ENSP00000392709 0 0 0 0 171 0 0 171 
9606.ENSP00000456405 9606.ENSP00000258149 0 0 0 0 0 0 224 224 
9606.ENSP00000456405 9606.ENSP00000324804 0 0 0 82 157 0 133 271 
9606.ENSP00000456405 9606.ENSP00000269571 0 0 0 0 0 0 211 211 
9606.ENSP00000456405 9606.ENSP00000432279 0 0 0 207 0 0 0 207 
9606.ENSP00000456405 9606.ENSP00000367631 0 0 0 62 165 0 63 202 
9606.ENSP00000456405 9606.ENSP00000397133 0 0 0 55 0 900 122 909 
9606.ENSP00000456405 9606.ENSP00000264657 0 0 0 0 0 0 198 198 
9606.ENSP00000456405 9606.ENSP00000478303 0 0 0 212 0 0 0 212 
9606.ENSP00000456405 9606.ENSP00000376345 0 0 0 0 0 0 168 168 
9606.ENSP00000456405 9606.ENSP00000320117 0 0 0 0 165 0 0 165 
9606.ENSP00000456405 9606.ENSP00000445688 0 0 0 62 165 0 63 202 
9606.ENSP00000456405 9606.ENSP00000233813 0 0 0 0 0 0 203 203 
9606.ENSP00000456405 9606.ENSP00000377047 0 0 0 0 0 0 230 230 
9606.ENSP00000456405 9606.ENSP00000264914 0 0 0 0 0 0 204 204 
9606.ENSP00000456405 9606.ENSP00000346148 0 0 0 48 57 900 155 914 
9606.ENSP00000456405 9606.ENSP00000321976 0 0 0 62 165 0 63 202 
9606.ENSP00000456405 9606.ENSP00000340989 0 0 0 0 0 900 140 910 
9606.ENSP00000456405 9606.ENSP00000261303 0 0 0 430 0 0 0 430 
9606.ENSP00000456405 9606.ENSP00000369436 0 0 0 62 188 0 99 253 
9606.ENSP00000456405 9606.ENSP00000294179 0 0 0 165 0 0 0 165 
9606.ENSP00000456405 9606.ENSP00000444408 0 0 0 0 0 0 159 159 
9606.ENSP00000456405 9606.ENSP00000381793 0 0 0 0 0 0 370 370 
9606.ENSP00000456405 9606.ENSP00000305995 0 0 0 0 269 0 0 269 
9606.ENSP00000456405 9606.ENSP00000365255 0 0 0 62 165 0 63 202 
9606.ENSP00000456405 9606.ENSP00000337797 0 0 0 145 165 0 63 272 
9606.ENSP00000456405 9606.ENSP00000381535 0 0 0 0 185 0 268 377 
9606.ENSP00000456405 9606.ENSP00000355511 0 0 0 0 185 0 49 191 
9606.ENSP00000456405 9606.ENSP00000361634 0 0 0 135 0 0 147 231 
9606.ENSP00000456405 9606.ENSP00000295666 0 0 0 0 0 0 232 232 
9606.ENSP00000456405 9606.ENSP00000361666 0 0 0 0 175 0 0 175 
9606.ENSP00000456405 9606.ENSP00000219476 0 0 0 136 0 900 864 987 
9606.ENSP00000456405 9606.ENSP00000268719 0 0 0 0 0 0 241 241 
9606.ENSP00000456405 9606.ENSP00000262139 0 0 0 0 51 0 308 315 
9606.ENSP00000456405 9606.ENSP00000348215 0 0 0 0 349 0 128 408 
9606.ENSP00000456405 9606.ENSP00000380559 0 0 0 0 157 0 90 200 
9606.ENSP00000456405 9606.ENSP00000389168 0 0 0 62 165 0 74 212 
9606.ENSP00000456405 9606.ENSP00000357175 0 0 0 0 183 0 0 183 
9606.ENSP00000456405 9606.ENSP00000362547 0 0 0 63 60 900 833 983 
9606.ENSP00000456405 9606.ENSP00000282272 0 0 0 62 188 0 99 253 
9606.ENSP00000456405 9606.ENSP00000409131 0 0 207 50 0 0 0 215 
9606.ENSP00000456405 9606.ENSP00000331313 0 0 292 62 0 0 155 390 
9606.ENSP00000456405 9606.ENSP00000358081 0 0 0 0 0 0 174 174 
9606.ENSP00000456405 9606.ENSP00000356076 0 0 0 0 0 0 167 167 
9606.ENSP00000456405 9606.ENSP00000261799 0 0 0 0 0 0 206 206 
9606.ENSP00000456405 9606.ENSP00000427882 0 0 0 62 165 0 63 202 
9606.ENSP00000456405 9606.ENSP00000324105 0 0 0 0 192 0 0 192 
9606.ENSP00000456405 9606.ENSP00000282185 0 0 0 0 0 0 210 210 
9606.ENSP00000456405 9606.ENSP00000388648 0 0 0 0 75 0 235 262 
9606.ENSP00000456405 9606.ENSP00000263791 0 0 0 63 0 0 368 382 
9606.ENSP00000456405 9606.ENSP00000378046 0 0 0 0 185 0 171 295 
9606.ENSP00000456405 9606.ENSP00000375892 0 0 0 0 0 900 436 941 
9606.ENSP00000456405 9606.ENSP00000313756 0 0 0 62 188 0 99 253 
9606.ENSP00000456405 9606.ENSP00000340608 0 0 0 55 185 0 363 466 
9606.ENSP00000456405 9606.ENSP00000340691 0 0 0 62 864 900 814 997 
9606.ENSP00000456405 9606.ENSP00000354859 0 0 0 0 0 0 171 171 
9606.ENSP00000456405 9606.ENSP00000171111 0 0 0 64 138 0 200 298 
9606.ENSP00000456405 9606.ENSP00000343118 0 0 0 61 0 900 473 946 
9606.ENSP00000456405 9606.ENSP00000258534 0 0 0 0 0 0 167 167 
9606.ENSP00000456405 9606.ENSP00000292431 0 0 0 88 0 0 558 580 
9606.ENSP00000456405 9606.ENSP00000249396 0 0 0 0 0 0 234 234 
9606.ENSP00000456405 9606.ENSP00000296490 0 0 392 80 0 0 0 416 
9606.ENSP00000456405 9606.ENSP00000376297 0 0 0 0 0 0 223 223 
9606.ENSP00000456405 9606.ENSP00000421985 0 0 0 0 0 0 347 347 
9606.ENSP00000456405 9606.ENSP00000386710 0 0 0 60 0 0 195 211 
9606.ENSP00000456405 9606.ENSP00000284629 0 0 0 62 188 0 99 253 
9606.ENSP00000456405 9606.ENSP00000420927 0 0 0 0 0 0 491 491 
9606.ENSP00000456405 9606.ENSP00000366563 0 0 0 0 349 0 149 422 
9606.ENSP00000456405 9606.ENSP00000351777 0 0 0 163 0 0 0 163 
9606.ENSP00000456405 9606.ENSP00000343741 0 0 0 0 349 0 243 486 
9606.ENSP00000456405 9606.ENSP00000312741 0 0 0 0 0 0 360 360 
9606.ENSP00000456405 9606.ENSP00000425107 0 0 0 0 0 0 280 280 
9606.ENSP00000456405 9606.ENSP00000220429 0 0 0 62 165 0 63 202 
9606.ENSP00000456405 9606.ENSP00000477776 0 0 0 0 165 0 0 165 
9606.ENSP00000456405 9606.ENSP00000430846 0 0 0 0 0 0 173 173 
9606.ENSP00000456405 9606.ENSP00000405577 0 0 0 0 189 0 85 226 
9606.ENSP00000456405 9606.ENSP00000482325 0 0 0 62 188 0 99 253 
9606.ENSP00000456405 9606.ENSP00000355330 0 0 0 0 0 0 256 256 
9606.ENSP00000456405 9606.ENSP00000372191 0 0 0 0 0 0 207 207 
9606.ENSP00000456405 9606.ENSP00000480279 0 0 0 62 188 0 99 253 
9606.ENSP00000456405 9606.ENSP00000477341 0 0 0 0 0 0 167 167 
9606.ENSP00000456405 9606.ENSP00000344192 0 0 0 0 0 0 186 186 
9606.ENSP00000456405 9606.ENSP00000363308 0 0 396 0 0 0 174 479 
9606.ENSP00000456405 9606.ENSP00000458162 0 0 0 55 0 0 196 207 
9606.ENSP00000456405 9606.ENSP00000219548 0 0 0 163 0 0 45 166 
9606.ENSP00000456405 9606.ENSP00000311449 0 0 0 0 132 0 76 164 
9606.ENSP00000456405 9606.ENSP00000313420 0 0 0 55 705 0 448 832 
9606.ENSP00000456405 9606.ENSP00000362413 0 0 0 0 269 0 66 288 
9606.ENSP00000456405 9606.ENSP00000431926 0 0 0 61 0 0 363 377 
9606.ENSP00000456405 9606.ENSP00000478877 0 0 0 231 0 0 0 231 
9606.ENSP00000456405 9606.ENSP00000338533 0 0 0 159 58 0 0 173 
9606.ENSP00000456405 9606.ENSP00000394071 0 0 0 0 262 0 62 278 
9606.ENSP00000456405 9606.ENSP00000384651 0 0 0 0 305 0 59 318 
9606.ENSP00000456405 9606.ENSP00000217109 0 0 285 64 0 0 0 302 
9606.ENSP00000456405 9606.ENSP00000448165 0 0 133 55 0 0 50 154 
9606.ENSP00000456405 9606.ENSP00000441927 0 0 0 0 0 360 232 487 
9606.ENSP00000456405 9606.ENSP00000353072 0 0 0 0 260 0 42 260 
9606.ENSP00000456405 9606.ENSP00000471730 0 0 0 62 168 0 77 216 
9606.ENSP00000456405 9606.ENSP00000385751 0 0 0 0 0 0 268 268 
9606.ENSP00000456405 9606.ENSP00000201979 0 0 0 0 0 0 201 201 
9606.ENSP00000456405 9606.ENSP00000362608 0 0 0 0 57 0 166 180 
9606.ENSP00000456405 9606.ENSP00000440005 0 0 0 0 0 0 160 160 
9606.ENSP00000456405 9606.ENSP00000265097 0 0 418 63 0 0 0 431 
9606.ENSP00000456405 9606.ENSP00000225916 0 0 0 198 0 0 145 285 
9606.ENSP00000456405 9606.ENSP00000362639 0 0 0 0 64 0 131 151 
9606.ENSP00000456405 9606.ENSP00000348455 0 0 0 0 0 0 223 223 
9606.ENSP00000456405 9606.ENSP00000247178 0 0 0 0 0 0 327 327 
9606.ENSP00000456405 9606.ENSP00000401802 0 0 0 178 0 0 46 182 
9606.ENSP00000456405 9606.ENSP00000376827 0 0 0 0 0 0 314 314 
9606.ENSP00000456405 9606.ENSP00000263025 0 0 0 129 0 0 346 406 
9606.ENSP00000456405 9606.ENSP00000385035 0 0 0 63 80 0 149 203 
9606.ENSP00000456405 9606.ENSP00000256689 0 0 0 62 0 0 172 190 
9606.ENSP00000456405 9606.ENSP00000263881 0 0 0 0 0 0 298 298 
9606.ENSP00000456405 9606.ENSP00000318604 0 0 0 140 0 900 147 920 
9606.ENSP00000456405 9606.ENSP00000377954 0 0 0 55 0 0 455 462 
9606.ENSP00000456405 9606.ENSP00000256682 0 0 0 0 0 0 192 192 
9606.ENSP00000456405 9606.ENSP00000255305 0 0 0 0 323 0 0 323 
9606.ENSP00000456405 9606.ENSP00000440396 0 0 0 62 165 0 63 202 
9606.ENSP00000456405 9606.ENSP00000265038 0 0 274 0 0 0 107 324 
9606.ENSP00000456405 9606.ENSP00000324560 0 0 0 0 313 900 585 969 
9606.ENSP00000456405 9606.ENSP00000310241 0 0 0 0 175 0 0 175 
9606.ENSP00000456405 9606.ENSP00000199389 0 0 0 63 0 0 179 198 
9606.ENSP00000456405 9606.ENSP00000356990 0 0 0 0 64 0 131 151 
9606.ENSP00000456405 9606.ENSP00000212015 0 0 0 0 0 0 243 243 
9606.ENSP00000456405 9606.ENSP00000164133 0 0 0 0 133 0 84 171 
9606.ENSP00000456405 9606.ENSP00000336655 0 0 0 0 0 0 225 225 
9606.ENSP00000456405 9606.ENSP00000378769 0 0 0 62 168 0 77 216 
9606.ENSP00000456405 9606.ENSP00000348933 0 0 0 62 0 0 198 215 
9606.ENSP00000456405 9606.ENSP00000234038 0 0 0 210 0 0 64 228 
9606.ENSP00000456405 9606.ENSP00000301738 0 0 0 0 0 0 172 172 
9606.ENSP00000456405 9606.ENSP00000228872 0 0 0 0 0 0 203 203 
9606.ENSP00000456405 9606.ENSP00000236959 0 0 0 0 0 0 246 246 
9606.ENSP00000456405 9606.ENSP00000335193 0 0 0 0 0 0 314 314 
9606.ENSP00000456405 9606.ENSP00000257934 0 0 0 0 339 0 46 342 
9606.ENSP00000456405 9606.ENSP00000305071 0 0 0 97 165 0 63 231 
9606.ENSP00000456405 9606.ENSP00000478570 0 0 0 0 0 0 288 288 
9606.ENSP00000456405 9606.ENSP00000296785 0 0 0 62 165 0 63 202 
9606.ENSP00000456405 9606.ENSP00000364490 0 0 0 69 50 0 130 164 
9606.ENSP00000456405 9606.ENSP00000332454 0 0 0 62 188 0 99 253 
9606.ENSP00000456405 9606.ENSP00000307940 0 0 0 65 64 0 391 420 
9606.ENSP00000456405 9606.ENSP00000379975 0 0 0 62 165 0 276 384 
9606.ENSP00000456405 9606.ENSP00000359688 0 0 0 63 159 0 0 178 
9606.ENSP00000456405 9606.ENSP00000462729 0 0 0 0 305 0 58 317 
9606.ENSP00000456405 9606.ENSP00000311899 0 0 177 64 0 0 0 197 
9606.ENSP00000456405 9606.ENSP00000286719 0 0 0 62 168 0 77 216 
9606.ENSP00000456405 9606.ENSP00000370208 0 0 0 62 165 0 63 202 
9606.ENSP00000456405 9606.ENSP00000381823 0 0 0 0 157 0 68 180 
9606.ENSP00000456405 9606.ENSP00000322439 0 0 0 166 0 0 0 166 
9606.ENSP00000456405 9606.ENSP00000380378 0 0 191 0 0 0 66 212 
9606.ENSP00000456405 9606.ENSP00000256078 0 0 0 49 0 0 247 253 
9606.ENSP00000456405 9606.ENSP00000225729 0 0 0 171 0 0 0 171 
9606.ENSP00000456405 9606.ENSP00000262662 0 0 0 62 188 0 99 253 
9606.ENSP00000456405 9606.ENSP00000250457 0 0 0 0 186 0 0 186 
9606.ENSP00000456405 9606.ENSP00000249356 0 0 0 145 0 0 64 165 
9606.ENSP00000456405 9606.ENSP00000238256 0 0 0 0 96 0 127 177 
9606.ENSP00000456405 9606.ENSP00000425561 0 0 0 0 0 900 793 978 
9606.ENSP00000456405 9606.ENSP00000264228 0 0 0 62 0 0 198 215 
9606.ENSP00000456405 9606.ENSP00000311344 0 0 0 0 157 0 104 212 
9606.ENSP00000456405 9606.ENSP00000264183 0 0 0 61 157 0 0 174 
9606.ENSP00000456405 9606.ENSP00000459615 0 0 0 0 165 0 0 165 
9606.ENSP00000456405 9606.ENSP00000232888 0 0 415 89 0 0 0 444 
9606.ENSP00000456405 9606.ENSP00000356530 0 0 0 62 165 0 85 220 
9606.ENSP00000456405 9606.ENSP00000359424 0 0 0 0 0 0 406 406 
9606.ENSP00000456405 9606.ENSP00000221566 0 0 0 216 58 0 0 230 
9606.ENSP00000456405 9606.ENSP00000331103 0 0 0 61 0 0 271 286 
9606.ENSP00000456405 9606.ENSP00000253024 0 0 0 152 0 0 45 155 
9606.ENSP00000456405 9606.ENSP00000483814 0 0 0 79 0 0 348 374 
9606.ENSP00000456405 9606.ENSP00000469686 0 0 0 0 191 0 0 191 
9606.ENSP00000456405 9606.ENSP00000263125 0 0 0 0 0 0 259 259 
9606.ENSP00000456405 9606.ENSP00000334458 0 0 0 0 177 0 85 214 
9606.ENSP00000456405 9606.ENSP00000337332 0 0 0 65 0 0 210 229 
9606.ENSP00000456405 9606.ENSP00000346959 0 0 0 62 0 0 156 175 
9606.ENSP00000456405 9606.ENSP00000317334 0 0 0 0 157 0 56 170 
9606.ENSP00000456405 9606.ENSP00000402373 0 0 0 55 0 0 179 190 
9606.ENSP00000456405 9606.ENSP00000464814 0 0 0 97 0 0 101 154 
9606.ENSP00000456405 9606.ENSP00000400312 0 0 0 0 0 0 286 286 
9606.ENSP00000456405 9606.ENSP00000325895 0 0 0 62 165 0 63 202 
9606.ENSP00000456405 9606.ENSP00000327589 0 0 0 0 262 0 0 262 
9606.ENSP00000456405 9606.ENSP00000479618 0 0 0 0 0 0 347 347 
9606.ENSP00000456405 9606.ENSP00000282878 0 0 0 0 791 0 0 791 
9606.ENSP00000456405 9606.ENSP00000481149 0 0 0 62 188 0 99 253 
9606.ENSP00000456405 9606.ENSP00000259806 0 0 0 0 177 0 49 183 
9606.ENSP00000456405 9606.ENSP00000262903 0 0 0 62 165 0 92 226 
9606.ENSP00000456405 9606.ENSP00000355195 0 0 0 62 188 0 99 253 
9606.ENSP00000456405 9606.ENSP00000393559 0 0 0 0 0 0 172 172 
9606.ENSP00000456405 9606.ENSP00000428564 0 0 0 0 157 0 97 206 
9606.ENSP00000456405 9606.ENSP00000477654 0 0 0 55 0 0 163 175 
9606.ENSP00000456405 9606.ENSP00000396747 0 0 0 62 165 0 63 202 
9606.ENSP00000456405 9606.ENSP00000403302 0 0 0 62 188 0 99 253 
9606.ENSP00000456405 9606.ENSP00000481878 0 0 176 61 0 0 82 228 
9606.ENSP00000456405 9606.ENSP00000365692 0 0 0 0 57 0 179 193 
9606.ENSP00000456405 9606.ENSP00000369654 0 0 0 0 0 0 151 151 
9606.ENSP00000456405 9606.ENSP00000359552 0 0 0 0 0 0 160 160 
9606.ENSP00000456405 9606.ENSP00000345555 0 0 0 0 187 0 0 187 
9606.ENSP00000456405 9606.ENSP00000373169 0 0 0 0 0 0 186 186 
9606.ENSP00000456405 9606.ENSP00000358548 0 0 0 49 0 0 156 163 
9606.ENSP00000456405 9606.ENSP00000419199 0 0 0 62 188 0 99 253 
9606.ENSP00000456405 9606.ENSP00000229268 0 0 0 150 0 0 0 150 
9606.ENSP00000456405 9606.ENSP00000376609 0 0 0 0 0 0 168 168 
9606.ENSP00000456405 9606.ENSP00000463784 0 0 0 0 0 0 264 264 
9606.ENSP00000456405 9606.ENSP00000368030 0 0 0 151 0 0 0 151 
9606.ENSP00000456405 9606.ENSP00000397925 0 0 0 0 260 0 42 260 
9606.ENSP00000456405 9606.ENSP00000361306 0 0 0 0 191 0 166 296 
9606.ENSP00000456405 9606.ENSP00000342295 0 0 0 62 188 0 99 253 
9606.ENSP00000456405 9606.ENSP00000329466 0 0 0 0 0 0 212 212 
9606.ENSP00000456405 9606.ENSP00000402653 0 0 183 98 0 0 0 232 
9606.ENSP00000456405 9606.ENSP00000306163 0 0 0 62 188 0 99 253 
9606.ENSP00000456405 9606.ENSP00000386134 0 0 0 0 0 0 553 553 
9606.ENSP00000456405 9606.ENSP00000482032 0 0 0 62 0 0 271 286 
9606.ENSP00000456405 9606.ENSP00000484144 0 0 0 61 50 0 317 337 
9606.ENSP00000456405 9606.ENSP00000307298 0 0 0 62 165 0 63 202 
9606.ENSP00000456405 9606.ENSP00000383402 0 0 0 0 133 0 86 173 
9606.ENSP00000456405 9606.ENSP00000263754 0 0 0 178 0 0 116 242 
9606.ENSP00000456405 9606.ENSP00000449629 0 0 0 62 165 0 63 202 
9606.ENSP00000456405 9606.ENSP00000253063 0 0 0 0 0 360 308 538 
9606.ENSP00000456405 9606.ENSP00000351742 0 0 0 61 65 0 448 473 
9606.ENSP00000456405 9606.ENSP00000285393 0 0 0 62 0 0 154 172 
9606.ENSP00000456405 9606.ENSP00000421326 0 0 0 0 260 0 42 260 
9606.ENSP00000456405 9606.ENSP00000351100 0 0 221 0 0 0 0 221 
9606.ENSP00000456405 9606.ENSP00000222254 0 0 0 69 0 0 194 218 
9606.ENSP00000456405 9606.ENSP00000263116 0 0 0 0 129 0 66 151 
9606.ENSP00000456405 9606.ENSP00000473172 0 0 0 157 0 0 98 208 
9606.ENSP00000456405 9606.ENSP00000232501 0 0 0 62 0 0 416 429 
9606.ENSP00000456405 9606.ENSP00000263694 0 0 183 66 0 0 51 213 
9606.ENSP00000456405 9606.ENSP00000326381 0 0 0 0 0 0 353 353 
9606.ENSP00000456405 9606.ENSP00000275015 0 0 0 62 188 0 99 253 
9606.ENSP00000456405 9606.ENSP00000420477 0 0 0 0 0 0 252 252 
9606.ENSP00000456405 9606.ENSP00000260386 0 0 0 0 0 0 154 154 
9606.ENSP00000456405 9606.ENSP00000296484 0 0 200 62 0 0 0 218 
9606.ENSP00000456405 9606.ENSP00000353796 0 0 0 62 165 0 63 202 
9606.ENSP00000456405 9606.ENSP00000328777 0 0 0 0 0 0 343 343 
9606.ENSP00000456405 9606.ENSP00000476767 0 0 0 76 358 0 535 701 
9606.ENSP00000456405 9606.ENSP00000383274 0 0 0 0 63 0 175 194 
9606.ENSP00000456405 9606.ENSP00000353245 0 0 0 0 0 0 187 187 
9606.ENSP00000456405 9606.ENSP00000478290 0 0 0 0 165 0 0 165 
9606.ENSP00000456405 9606.ENSP00000386559 0 0 0 0 0 0 229 229 
9606.ENSP00000456405 9606.ENSP00000441875 0 0 0 188 0 0 0 188 
9606.ENSP00000456405 9606.ENSP00000268607 0 0 0 0 0 0 273 273 
9606.ENSP00000456405 9606.ENSP00000327191 0 0 0 62 255 0 0 271 
9606.ENSP00000456405 9606.ENSP00000391137 0 0 0 62 188 0 99 253 
9606.ENSP00000456405 9606.ENSP00000360850 0 0 0 162 0 0 0 162 
9606.ENSP00000456405 9606.ENSP00000437955 0 0 0 0 0 0 230 230 
9606.ENSP00000456405 9606.ENSP00000252996 0 0 0 0 0 0 272 272 
9606.ENSP00000456405 9606.ENSP00000261461 0 0 0 0 133 0 75 163 
9606.ENSP00000456405 9606.ENSP00000287598 0 0 0 0 0 0 154 154 
9606.ENSP00000456405 9606.ENSP00000276066 0 0 0 0 132 0 71 159 
9606.ENSP00000456405 9606.ENSP00000351875 0 0 0 62 188 0 99 253 
9606.ENSP00000456405 9606.ENSP00000448665 0 0 0 0 0 0 181 181 
9606.ENSP00000456405 9606.ENSP00000276390 0 0 0 0 185 0 231 346 
9606.ENSP00000456405 9606.ENSP00000357682 0 0 0 62 188 0 99 253 
9606.ENSP00000456405 9606.ENSP00000321388 0 0 0 62 188 0 99 253 
9606.ENSP00000456405 9606.ENSP00000405574 0 0 201 78 0 0 44 235 
9606.ENSP00000456405 9606.ENSP00000382379 0 0 0 62 188 0 167 310 
9606.ENSP00000456405 9606.ENSP00000322450 0 0 0 177 0 0 0 177 
9606.ENSP00000456405 9606.ENSP00000476228 0 0 0 0 0 0 211 211 
9606.ENSP00000456405 9606.ENSP00000268058 0 0 0 0 0 900 0 900 
9606.ENSP00000456405 9606.ENSP00000262177 0 0 0 145 0 0 64 165 
9606.ENSP00000456405 9606.ENSP00000358089 0 0 0 0 0 0 159 159 
9606.ENSP00000456405 9606.ENSP00000369899 0 0 0 63 51 900 719 971 
9606.ENSP00000456405 9606.ENSP00000290378 0 0 0 55 0 0 179 190 
9606.ENSP00000456405 9606.ENSP00000466379 0 0 0 183 0 0 0 183 
9606.ENSP00000456405 9606.ENSP00000347198 0 0 0 0 165 0 0 165 
9606.ENSP00000456405 9606.ENSP00000317232 0 0 0 0 157 0 132 236 
9606.ENSP00000456405 9606.ENSP00000301463 0 0 0 0 0 0 329 329 
9606.ENSP00000456405 9606.ENSP00000346964 0 0 0 0 0 0 418 418 
9606.ENSP00000456405 9606.ENSP00000267116 0 0 0 62 188 0 99 253 
9606.ENSP00000456405 9606.ENSP00000360998 0 0 0 62 188 0 99 253 
9606.ENSP00000456405 9606.ENSP00000355325 0 0 0 144 0 0 97 193 
9606.ENSP00000456405 9606.ENSP00000350102 0 0 0 62 0 0 173 191 
9606.ENSP00000456405 9606.ENSP00000358635 0 0 0 0 157 0 0 157 
9606.ENSP00000456405 9606.ENSP00000363377 0 0 0 54 0 0 194 205 
9606.ENSP00000456405 9606.ENSP00000357625 0 0 0 0 0 0 237 237 
9606.ENSP00000456405 9606.ENSP00000353452 0 0 0 0 0 0 226 226 
9606.ENSP00000456405 9606.ENSP00000360762 0 0 0 62 188 0 99 253 
9606.ENSP00000456405 9606.ENSP00000419945 0 0 0 0 0 0 254 254 
9606.ENSP00000456405 9606.ENSP00000334148 0 0 0 90 0 0 136 180 
9606.ENSP00000456405 9606.ENSP00000413572 0 0 199 64 0 0 65 238 
9606.ENSP00000456405 9606.ENSP00000321679 0 0 0 62 188 0 99 253 
9606.ENSP00000456405 9606.ENSP00000478417 0 0 0 0 64 0 157 177 
9606.ENSP00000456405 9606.ENSP00000171887 0 0 0 49 0 0 473 478 
9606.ENSP00000456405 9606.ENSP00000387176 0 0 0 55 0 0 179 190 
9606.ENSP00000456405 9606.ENSP00000471683 0 0 0 62 0 0 145 163 
9606.ENSP00000456405 9606.ENSP00000263826 0 0 0 0 0 900 427 940 
9606.ENSP00000456405 9606.ENSP00000339577 0 0 0 0 0 0 218 218 
9606.ENSP00000456405 9606.ENSP00000376800 0 0 0 62 165 0 63 202 
9606.ENSP00000456405 9606.ENSP00000215832 0 0 0 63 0 0 262 279 
9606.ENSP00000456405 9606.ENSP00000229328 0 0 0 61 0 900 137 911 
9606.ENSP00000456405 9606.ENSP00000285021 0 0 0 0 0 0 167 167 
9606.ENSP00000456405 9606.ENSP00000359799 0 0 0 308 0 0 64 324 
9606.ENSP00000456405 9606.ENSP00000262301 0 0 0 0 0 0 160 160 
9606.ENSP00000456405 9606.ENSP00000263932 0 0 0 0 0 0 221 221 
9606.ENSP00000456405 9606.ENSP00000234590 0 0 0 64 192 0 217 356 
9606.ENSP00000456405 9606.ENSP00000248450 0 0 400 84 0 0 0 427 
9606.ENSP00000456405 9606.ENSP00000262741 0 0 0 0 0 0 152 152 
9606.ENSP00000456405 9606.ENSP00000339004 0 0 0 0 0 0 156 156 
9606.ENSP00000456405 9606.ENSP00000261867 0 0 0 0 173 0 0 173 
9606.ENSP00000456405 9606.ENSP00000262039 0 0 0 51 349 0 646 762 
9606.ENSP00000456405 9606.ENSP00000312652 0 0 0 0 0 0 222 222 
9606.ENSP00000456405 9606.ENSP00000479104 0 0 0 62 131 0 0 150 
9606.ENSP00000456405 9606.ENSP00000301712 0 0 0 0 185 0 86 223 
9606.ENSP00000456405 9606.ENSP00000427123 0 0 0 62 165 0 63 202 
9606.ENSP00000456405 9606.ENSP00000360290 0 0 0 48 57 900 408 939 
9606.ENSP00000456405 9606.ENSP00000351416 0 0 0 62 188 0 99 253 
9606.ENSP00000456405 9606.ENSP00000245304 0 0 0 0 0 0 161 161 
9606.ENSP00000456405 9606.ENSP00000377027 0 0 0 0 0 0 169 169 
9606.ENSP00000456405 9606.ENSP00000346839 0 0 0 0 0 0 186 186 
9606.ENSP00000456405 9606.ENSP00000417914 0 0 0 62 188 0 99 253 
9606.ENSP00000456405 9606.ENSP00000477725 0 0 0 62 165 0 63 202 
9606.ENSP00000456405 9606.ENSP00000261368 0 0 0 62 188 0 99 253 
9606.ENSP00000456405 9606.ENSP00000428056 0 0 0 0 0 0 225 225 
9606.ENSP00000456405 9606.ENSP00000325663 0 0 0 62 188 0 99 253 
9606.ENSP00000456405 9606.ENSP00000339115 0 0 0 62 188 0 99 253 
9606.ENSP00000456405 9606.ENSP00000445381 0 0 0 0 349 0 148 422 
9606.ENSP00000456405 9606.ENSP00000364486 0 0 0 0 267 0 63 283 
9606.ENSP00000456405 9606.ENSP00000307305 0 0 0 60 0 0 441 452 
9606.ENSP00000456405 9606.ENSP00000378405 0 0 0 153 0 0 81 188 
9606.ENSP00000456405 9606.ENSP00000301740 0 0 0 0 0 0 222 222 
9606.ENSP00000456405 9606.ENSP00000368884 0 0 0 0 0 0 323 323 
9606.ENSP00000456405 9606.ENSP00000397927 0 0 0 0 0 0 317 317 
9606.ENSP00000456405 9606.ENSP00000345681 0 0 0 0 177 0 85 214 
9606.ENSP00000456405 9606.ENSP00000325355 0 0 0 80 165 0 63 217 
9606.ENSP00000456405 9606.ENSP00000331065 0 0 0 62 165 0 63 202 
9606.ENSP00000456405 9606.ENSP00000408411 0 0 0 0 0 0 226 226 
9606.ENSP00000456405 9606.ENSP00000331127 0 0 0 55 705 0 336 798 
9606.ENSP00000456405 9606.ENSP00000263433 0 0 0 62 165 0 73 211 
9606.ENSP00000456405 9606.ENSP00000427687 0 0 155 62 0 0 0 173 
9606.ENSP00000456405 9606.ENSP00000215375 0 0 0 179 0 0 0 179 
9606.ENSP00000456405 9606.ENSP00000362109 0 0 0 0 0 0 153 153 
9606.ENSP00000456405 9606.ENSP00000259339 0 0 0 62 0 0 279 294 
9606.ENSP00000456405 9606.ENSP00000350386 0 0 0 0 185 0 49 191 
9606.ENSP00000456405 9606.ENSP00000245816 0 0 0 144 0 0 53 154 
9606.ENSP00000456405 9606.ENSP00000360689 0 0 0 62 165 0 63 202 
9606.ENSP00000456405 9606.ENSP00000323714 0 0 0 0 0 0 270 270 
9606.ENSP00000456405 9606.ENSP00000411152 0 0 0 0 0 0 445 445 
9606.ENSP00000456405 9606.ENSP00000304226 0 0 0 0 0 0 193 193 
9606.ENSP00000456405 9606.ENSP00000439250 0 0 0 0 157 0 90 200 
9606.ENSP00000456405 9606.ENSP00000431971 0 0 0 180 0 0 0 180 
9606.ENSP00000456405 9606.ENSP00000262319 0 0 0 145 261 900 553 968 
9606.ENSP00000456405 9606.ENSP00000304292 0 0 0 62 165 0 63 202 
9606.ENSP00000456405 9606.ENSP00000288828 0 0 0 0 51 0 226 234 
