9606.ENSP00000258439 9606.ENSP00000312244 0 0 0 0 0 0 154 154 
9606.ENSP00000258439 9606.ENSP00000240423 0 0 0 0 0 0 269 269 
9606.ENSP00000258439 9606.ENSP00000285071 0 0 0 0 0 0 163 163 
9606.ENSP00000258439 9606.ENSP00000264932 0 0 0 0 0 0 790 790 
9606.ENSP00000258439 9606.ENSP00000430548 0 0 0 0 0 0 278 278 
9606.ENSP00000258439 9606.ENSP00000372035 0 0 0 0 0 0 254 254 
9606.ENSP00000258439 9606.ENSP00000450842 0 0 0 0 0 0 325 325 
9606.ENSP00000258439 9606.ENSP00000377170 0 0 0 0 0 0 420 420 
9606.ENSP00000258439 9606.ENSP00000269582 0 0 0 0 0 0 442 442 
9606.ENSP00000258439 9606.ENSP00000351015 0 0 0 0 0 0 735 735 
9606.ENSP00000258439 9606.ENSP00000356405 0 0 0 0 0 0 206 206 
9606.ENSP00000258439 9606.ENSP00000380044 0 0 0 61 0 0 255 270 
9606.ENSP00000258439 9606.ENSP00000388942 0 0 0 0 0 0 296 296 
9606.ENSP00000258439 9606.ENSP00000219833 0 0 0 0 0 0 386 386 
9606.ENSP00000258439 9606.ENSP00000355121 0 0 0 0 0 0 581 581 
9606.ENSP00000258439 9606.ENSP00000267377 0 0 0 0 0 0 163 163 
9606.ENSP00000258439 9606.ENSP00000355518 0 0 0 0 0 0 433 433 
9606.ENSP00000258439 9606.ENSP00000418287 0 0 0 0 0 0 754 754 
9606.ENSP00000258439 9606.ENSP00000242719 0 0 0 0 0 0 436 436 
9606.ENSP00000258439 9606.ENSP00000281708 0 0 0 0 0 0 173 173 
9606.ENSP00000258439 9606.ENSP00000376776 0 0 0 0 0 0 190 190 
9606.ENSP00000258439 9606.ENSP00000252603 0 0 0 0 0 0 732 732 
9606.ENSP00000258439 9606.ENSP00000287641 0 0 0 0 0 0 209 209 
9606.ENSP00000258439 9606.ENSP00000292385 0 0 0 0 0 0 157 157 
9606.ENSP00000258439 9606.ENSP00000421180 0 0 0 0 0 0 234 234 
9606.ENSP00000258439 9606.ENSP00000366275 0 0 0 0 0 0 267 267 
9606.ENSP00000258439 9606.ENSP00000444596 0 0 0 0 0 0 159 159 
9606.ENSP00000258439 9606.ENSP00000243776 0 0 0 0 0 0 158 158 
9606.ENSP00000258439 9606.ENSP00000331746 0 0 0 0 0 0 227 227 
9606.ENSP00000258439 9606.ENSP00000378974 0 0 0 0 0 0 153 153 
9606.ENSP00000258439 9606.ENSP00000343674 0 0 0 0 0 0 245 245 
9606.ENSP00000258439 9606.ENSP00000385610 0 0 0 0 0 0 260 260 
9606.ENSP00000258439 9606.ENSP00000356057 0 0 0 0 0 0 269 269 
9606.ENSP00000258439 9606.ENSP00000225577 0 0 0 0 0 0 354 354 
9606.ENSP00000258439 9606.ENSP00000337088 0 0 0 0 0 0 544 544 
9606.ENSP00000258439 9606.ENSP00000296859 0 0 0 0 0 0 179 179 
9606.ENSP00000258439 9606.ENSP00000387246 0 0 0 0 0 0 321 321 
9606.ENSP00000258439 9606.ENSP00000324464 0 0 0 63 0 0 516 527 
9606.ENSP00000258439 9606.ENSP00000456405 0 0 0 0 0 0 163 163 
9606.ENSP00000258439 9606.ENSP00000376349 0 0 0 0 0 0 454 454 
9606.ENSP00000258439 9606.ENSP00000233379 0 0 0 0 0 0 311 311 
9606.ENSP00000258439 9606.ENSP00000327070 0 0 0 0 0 0 453 453 
9606.ENSP00000258439 9606.ENSP00000387549 0 0 0 0 0 0 165 165 
9606.ENSP00000258439 9606.ENSP00000228872 0 0 0 0 0 0 187 187 
9606.ENSP00000258439 9606.ENSP00000354558 0 0 0 0 0 0 213 213 
9606.ENSP00000258439 9606.ENSP00000356280 0 0 0 0 0 0 398 398 
9606.ENSP00000258439 9606.ENSP00000391950 0 0 0 0 0 0 377 377 
9606.ENSP00000258439 9606.ENSP00000387784 0 0 0 0 0 0 313 313 
9606.ENSP00000258439 9606.ENSP00000331897 0 0 0 0 0 0 243 243 
9606.ENSP00000258439 9606.ENSP00000478570 0 0 0 0 0 0 163 163 
9606.ENSP00000258439 9606.ENSP00000417653 0 0 0 0 0 0 494 494 
9606.ENSP00000258439 9606.ENSP00000379612 0 0 0 0 0 0 402 402 
9606.ENSP00000258439 9606.ENSP00000464258 0 0 0 0 0 0 190 190 
9606.ENSP00000258439 9606.ENSP00000407586 0 0 0 0 0 0 351 351 
9606.ENSP00000258439 9606.ENSP00000347602 0 0 0 0 0 0 331 331 
9606.ENSP00000258439 9606.ENSP00000480971 0 0 0 0 0 0 165 165 
9606.ENSP00000258439 9606.ENSP00000350078 0 0 0 0 0 0 268 268 
9606.ENSP00000258439 9606.ENSP00000370571 0 0 0 0 0 0 163 163 
9606.ENSP00000258439 9606.ENSP00000250457 0 0 0 51 0 0 329 336 
9606.ENSP00000258439 9606.ENSP00000358140 0 0 0 0 0 0 198 198 
9606.ENSP00000258439 9606.ENSP00000264183 0 0 0 0 0 0 493 493 
9606.ENSP00000258439 9606.ENSP00000352157 0 0 0 0 0 0 178 178 
9606.ENSP00000258439 9606.ENSP00000281187 0 0 0 0 0 0 171 171 
9606.ENSP00000258439 9606.ENSP00000298892 0 0 0 0 0 0 183 183 
9606.ENSP00000258439 9606.ENSP00000216492 0 0 0 0 0 0 408 408 
9606.ENSP00000258439 9606.ENSP00000398597 0 0 0 0 0 0 506 506 
9606.ENSP00000258439 9606.ENSP00000481762 0 0 0 0 0 0 208 208 
9606.ENSP00000258439 9606.ENSP00000364649 0 0 0 0 0 0 795 795 
9606.ENSP00000258439 9606.ENSP00000343435 0 0 0 0 0 0 225 225 
9606.ENSP00000258439 9606.ENSP00000469686 0 0 0 62 0 0 270 285 
9606.ENSP00000258439 9606.ENSP00000351490 0 0 0 0 0 0 714 714 
9606.ENSP00000258439 9606.ENSP00000431418 0 0 0 0 0 0 151 151 
9606.ENSP00000258439 9606.ENSP00000404991 0 0 0 0 0 0 220 220 
9606.ENSP00000258439 9606.ENSP00000366098 0 0 0 0 0 0 480 480 
9606.ENSP00000258439 9606.ENSP00000347942 0 0 0 0 0 0 788 788 
9606.ENSP00000258439 9606.ENSP00000264431 0 0 0 0 0 0 480 480 
9606.ENSP00000258439 9606.ENSP00000367942 0 0 0 0 0 0 174 174 
9606.ENSP00000258439 9606.ENSP00000403302 0 0 0 0 0 0 267 267 
9606.ENSP00000258439 9606.ENSP00000394417 0 0 0 0 0 0 154 154 
9606.ENSP00000258439 9606.ENSP00000429896 0 0 0 0 0 0 451 451 
9606.ENSP00000258439 9606.ENSP00000390265 0 0 0 0 0 0 321 321 
9606.ENSP00000258439 9606.ENSP00000358464 0 0 0 0 0 0 223 223 
9606.ENSP00000258439 9606.ENSP00000417955 0 0 0 0 0 0 286 286 
9606.ENSP00000258439 9606.ENSP00000347427 0 0 0 0 0 0 303 303 
9606.ENSP00000258439 9606.ENSP00000365433 0 0 0 0 0 0 286 286 
9606.ENSP00000258439 9606.ENSP00000256474 0 0 0 0 0 0 398 398 
9606.ENSP00000258439 9606.ENSP00000216442 0 0 0 0 0 0 579 579 
9606.ENSP00000258439 9606.ENSP00000414982 0 0 0 0 0 0 165 165 
9606.ENSP00000258439 9606.ENSP00000410470 0 0 0 0 0 0 475 475 
9606.ENSP00000258439 9606.ENSP00000263934 0 0 0 0 0 0 670 670 
9606.ENSP00000258439 9606.ENSP00000290399 0 0 0 0 0 0 158 158 
9606.ENSP00000258439 9606.ENSP00000293897 0 0 0 0 0 0 165 165 
9606.ENSP00000258439 9606.ENSP00000297375 0 0 0 0 0 0 372 372 
9606.ENSP00000258439 9606.ENSP00000433295 0 0 0 0 0 0 156 156 
9606.ENSP00000258439 9606.ENSP00000368165 0 0 0 0 0 0 473 473 
9606.ENSP00000258439 9606.ENSP00000485487 0 0 0 0 0 0 309 309 
9606.ENSP00000258439 9606.ENSP00000318585 0 0 0 0 0 0 578 578 
9606.ENSP00000258439 9606.ENSP00000409007 0 0 0 0 0 0 351 351 
9606.ENSP00000258439 9606.ENSP00000345344 0 0 0 0 0 0 351 351 
9606.ENSP00000258439 9606.ENSP00000331310 0 0 0 0 0 0 154 154 
9606.ENSP00000258439 9606.ENSP00000305449 0 0 0 0 0 0 358 358 
9606.ENSP00000258439 9606.ENSP00000301067 0 0 0 0 0 0 277 277 
9606.ENSP00000258439 9606.ENSP00000289228 0 0 0 0 0 0 163 163 
9606.ENSP00000258439 9606.ENSP00000295201 0 0 0 0 0 0 161 161 
9606.ENSP00000258439 9606.ENSP00000451828 0 0 0 50 0 0 231 238 
9606.ENSP00000258439 9606.ENSP00000400839 0 0 0 0 0 0 286 286 
9606.ENSP00000258439 9606.ENSP00000364699 0 0 0 0 0 0 860 860 
9606.ENSP00000258439 9606.ENSP00000467262 0 0 0 0 0 0 230 230 
9606.ENSP00000258439 9606.ENSP00000392025 0 0 0 0 0 0 249 249 
9606.ENSP00000258439 9606.ENSP00000355601 0 0 0 61 0 0 644 651 
9606.ENSP00000258439 9606.ENSP00000253363 0 0 0 0 0 0 167 167 
9606.ENSP00000258439 9606.ENSP00000262428 0 0 0 0 0 0 157 157 
9606.ENSP00000258439 9606.ENSP00000328088 0 0 0 0 0 0 370 370 
9606.ENSP00000258439 9606.ENSP00000261758 0 0 0 0 0 0 291 291 
9606.ENSP00000258439 9606.ENSP00000222673 0 0 0 0 0 0 165 165 
9606.ENSP00000258439 9606.ENSP00000263734 0 0 0 0 0 0 670 670 
9606.ENSP00000258439 9606.ENSP00000350198 0 0 0 0 0 0 190 190 
9606.ENSP00000258439 9606.ENSP00000269305 0 0 0 0 0 0 186 186 
9606.ENSP00000258439 9606.ENSP00000289371 0 0 0 0 0 0 169 169 
9606.ENSP00000258439 9606.ENSP00000317123 0 0 0 0 0 0 257 257 
9606.ENSP00000258439 9606.ENSP00000362690 0 0 0 0 0 0 222 222 
9606.ENSP00000258439 9606.ENSP00000376475 0 0 0 0 0 0 223 223 
9606.ENSP00000258439 9606.ENSP00000399511 0 0 0 0 0 0 269 269 
9606.ENSP00000258439 9606.ENSP00000295208 0 0 0 0 0 0 269 269 
9606.ENSP00000258439 9606.ENSP00000354927 0 0 0 0 0 0 588 588 
9606.ENSP00000258439 9606.ENSP00000315476 0 0 0 0 0 0 224 224 
9606.ENSP00000258439 9606.ENSP00000403323 0 0 0 0 0 0 484 484 
9606.ENSP00000258439 9606.ENSP00000356953 0 0 0 0 0 0 709 709 
9606.ENSP00000258439 9606.ENSP00000460971 0 0 0 0 0 0 199 199 
9606.ENSP00000258439 9606.ENSP00000424191 0 0 0 0 0 0 330 330 
9606.ENSP00000258439 9606.ENSP00000457991 0 0 0 0 0 0 282 282 
9606.ENSP00000258439 9606.ENSP00000272418 0 0 0 0 0 0 163 163 
9606.ENSP00000258439 9606.ENSP00000311122 0 0 0 0 0 0 237 237 
9606.ENSP00000258439 9606.ENSP00000321679 0 0 0 0 0 0 256 256 
9606.ENSP00000258439 9606.ENSP00000272395 0 0 0 0 0 0 211 211 
9606.ENSP00000258439 9606.ENSP00000384690 0 0 0 0 0 0 161 161 
9606.ENSP00000258439 9606.ENSP00000380659 0 0 0 0 0 0 167 167 
9606.ENSP00000258439 9606.ENSP00000343658 0 0 0 0 0 0 173 173 
9606.ENSP00000258439 9606.ENSP00000271277 0 0 0 0 0 0 323 323 
9606.ENSP00000258439 9606.ENSP00000301761 0 0 0 0 0 0 895 895 
9606.ENSP00000258439 9606.ENSP00000298910 0 0 0 0 0 0 163 163 
9606.ENSP00000258439 9606.ENSP00000361483 0 0 0 0 0 0 167 167 
9606.ENSP00000258439 9606.ENSP00000266068 0 0 0 0 0 0 360 360 
9606.ENSP00000258439 9606.ENSP00000292246 0 0 0 0 0 0 152 152 
9606.ENSP00000258439 9606.ENSP00000219476 0 0 0 0 0 0 169 169 
9606.ENSP00000258439 9606.ENSP00000295206 0 0 0 0 0 0 169 169 
9606.ENSP00000258439 9606.ENSP00000346560 0 0 0 0 0 0 594 594 
9606.ENSP00000258439 9606.ENSP00000306220 0 0 0 0 0 0 197 197 
9606.ENSP00000258439 9606.ENSP00000426948 0 0 0 0 0 0 179 179 
9606.ENSP00000258439 9606.ENSP00000315635 0 0 0 0 0 0 440 440 
9606.ENSP00000258439 9606.ENSP00000361021 0 0 0 0 0 0 150 150 
9606.ENSP00000258439 9606.ENSP00000358815 0 0 0 0 0 0 206 206 
9606.ENSP00000258439 9606.ENSP00000255008 0 0 0 0 0 0 193 193 
9606.ENSP00000258439 9606.ENSP00000263233 0 0 0 0 0 0 195 195 
9606.ENSP00000258439 9606.ENSP00000362441 0 0 0 0 0 0 286 286 
9606.ENSP00000258439 9606.ENSP00000375682 0 0 0 0 0 0 224 224 
9606.ENSP00000258439 9606.ENSP00000319009 0 0 0 0 0 0 163 163 
9606.ENSP00000258439 9606.ENSP00000288943 0 0 0 0 0 0 309 309 
9606.ENSP00000258439 9606.ENSP00000338030 0 0 0 0 0 0 270 270 
9606.ENSP00000258439 9606.ENSP00000252677 0 0 0 0 0 0 228 228 
9606.ENSP00000258439 9606.ENSP00000381104 0 0 0 0 0 0 196 196 
9606.ENSP00000258439 9606.ENSP00000340691 0 0 0 0 0 0 382 382 
9606.ENSP00000258439 9606.ENSP00000366280 0 0 0 0 0 0 307 307 
9606.ENSP00000258439 9606.ENSP00000323096 0 0 0 61 0 0 160 177 
9606.ENSP00000258439 9606.ENSP00000331327 0 0 0 0 0 0 222 222 
9606.ENSP00000258439 9606.ENSP00000301057 0 0 0 0 0 0 243 243 
9606.ENSP00000258439 9606.ENSP00000264444 0 0 0 0 0 0 384 384 
9606.ENSP00000258439 9606.ENSP00000401946 0 0 0 0 0 0 175 175 
9606.ENSP00000258439 9606.ENSP00000262719 0 0 0 0 0 0 230 230 
