9606.ENSP00000418868 9606.ENSP00000417378 0 0 0 251 0 0 0 251 
9606.ENSP00000418868 9606.ENSP00000452909 0 0 0 980 799 900 620 999 
9606.ENSP00000418868 9606.ENSP00000295688 0 0 0 298 0 0 0 298 
9606.ENSP00000418868 9606.ENSP00000360266 0 0 0 0 186 0 0 186 
9606.ENSP00000418868 9606.ENSP00000356541 0 0 0 267 0 0 0 267 
9606.ENSP00000418868 9606.ENSP00000199447 0 0 0 145 0 0 52 154 
9606.ENSP00000418868 9606.ENSP00000435954 0 0 0 229 331 0 62 473 
9606.ENSP00000418868 9606.ENSP00000467266 0 0 0 205 0 0 42 205 
9606.ENSP00000418868 9606.ENSP00000367196 0 0 0 0 0 0 196 196 
9606.ENSP00000418868 9606.ENSP00000357189 0 0 0 85 0 0 195 232 
9606.ENSP00000418868 9606.ENSP00000371253 0 0 0 443 0 0 0 443 
9606.ENSP00000418868 9606.ENSP00000367498 0 0 0 94 0 0 126 174 
9606.ENSP00000418868 9606.ENSP00000310572 0 0 0 439 140 0 0 496 
9606.ENSP00000418868 9606.ENSP00000368455 0 0 0 0 301 0 0 301 
9606.ENSP00000418868 9606.ENSP00000300403 0 0 0 65 0 0 197 217 
9606.ENSP00000418868 9606.ENSP00000346173 0 0 0 114 0 0 198 259 
9606.ENSP00000418868 9606.ENSP00000239906 0 0 0 0 0 0 264 264 
9606.ENSP00000418868 9606.ENSP00000399457 0 0 0 76 0 900 0 903 
9606.ENSP00000418868 9606.ENSP00000434359 0 0 0 134 0 0 79 168 
9606.ENSP00000418868 9606.ENSP00000393241 0 0 0 993 960 900 665 999 
9606.ENSP00000418868 9606.ENSP00000371420 0 0 0 0 0 0 187 187 
9606.ENSP00000418868 9606.ENSP00000322419 0 0 0 961 943 900 511 999 
9606.ENSP00000418868 9606.ENSP00000443216 0 0 0 674 0 0 0 674 
9606.ENSP00000418868 9606.ENSP00000326981 0 0 0 597 713 0 173 896 
9606.ENSP00000418868 9606.ENSP00000341247 0 0 0 63 364 900 0 935 
9606.ENSP00000418868 9606.ENSP00000286428 0 0 0 203 0 0 0 203 
9606.ENSP00000418868 9606.ENSP00000358374 0 0 0 71 0 0 136 163 
9606.ENSP00000418868 9606.ENSP00000362744 0 0 0 991 981 900 440 999 
9606.ENSP00000418868 9606.ENSP00000237530 0 0 0 65 0 900 0 902 
9606.ENSP00000418868 9606.ENSP00000294119 0 0 0 152 0 0 0 152 
9606.ENSP00000418868 9606.ENSP00000053468 0 0 0 593 713 0 266 907 
9606.ENSP00000418868 9606.ENSP00000307889 0 0 0 982 957 900 539 999 
9606.ENSP00000418868 9606.ENSP00000225792 0 0 0 81 131 0 0 167 
9606.ENSP00000418868 9606.ENSP00000325376 0 0 0 200 0 0 44 203 
9606.ENSP00000418868 9606.ENSP00000350052 0 0 0 60 0 0 349 362 
9606.ENSP00000418868 9606.ENSP00000249299 0 0 0 220 0 0 0 220 
9606.ENSP00000418868 9606.ENSP00000306117 0 0 0 288 0 0 0 288 
9606.ENSP00000418868 9606.ENSP00000378294 0 0 0 353 458 0 90 653 
9606.ENSP00000418868 9606.ENSP00000278715 0 0 0 83 0 0 319 348 
9606.ENSP00000418868 9606.ENSP00000360525 0 0 0 170 0 900 0 913 
9606.ENSP00000418868 9606.ENSP00000332604 0 0 0 300 0 900 62 928 
9606.ENSP00000418868 9606.ENSP00000362060 0 0 0 180 0 0 0 180 
9606.ENSP00000418868 9606.ENSP00000449253 0 0 0 229 331 0 62 473 
9606.ENSP00000418868 9606.ENSP00000312734 0 0 0 0 0 0 400 400 
9606.ENSP00000418868 9606.ENSP00000334051 0 0 0 0 0 0 216 216 
9606.ENSP00000418868 9606.ENSP00000240922 0 0 0 289 0 0 0 289 
9606.ENSP00000418868 9606.ENSP00000243563 0 0 0 291 0 0 0 291 
9606.ENSP00000418868 9606.ENSP00000361626 0 0 0 316 0 0 119 372 
9606.ENSP00000418868 9606.ENSP00000337393 0 0 0 158 0 0 0 158 
9606.ENSP00000418868 9606.ENSP00000312535 0 0 0 0 0 0 180 180 
9606.ENSP00000418868 9606.ENSP00000287878 0 0 0 0 262 0 82 293 
9606.ENSP00000418868 9606.ENSP00000463092 0 0 0 0 0 0 206 206 
9606.ENSP00000418868 9606.ENSP00000301788 0 0 0 115 0 0 107 175 
9606.ENSP00000418868 9606.ENSP00000436897 0 0 0 0 0 0 315 315 
9606.ENSP00000418868 9606.ENSP00000444136 0 0 0 0 0 0 269 269 
9606.ENSP00000418868 9606.ENSP00000346046 0 0 0 935 960 900 514 999 
9606.ENSP00000418868 9606.ENSP00000243253 0 0 0 81 671 900 0 967 
9606.ENSP00000418868 9606.ENSP00000221543 0 0 0 0 0 0 173 173 
9606.ENSP00000418868 9606.ENSP00000449026 0 0 0 0 0 0 424 424 
9606.ENSP00000418868 9606.ENSP00000221444 0 0 0 229 331 0 62 473 
9606.ENSP00000418868 9606.ENSP00000371514 0 0 0 229 331 0 62 473 
9606.ENSP00000418868 9606.ENSP00000472469 0 0 0 980 960 900 574 999 
9606.ENSP00000418868 9606.ENSP00000262213 0 0 0 0 0 900 0 900 
9606.ENSP00000418868 9606.ENSP00000302886 0 0 0 346 414 0 0 600 
9606.ENSP00000418868 9606.ENSP00000263657 0 0 0 312 0 0 152 391 
9606.ENSP00000418868 9606.ENSP00000278572 0 0 0 989 934 900 707 999 
9606.ENSP00000418868 9606.ENSP00000216455 0 0 0 303 0 0 0 303 
9606.ENSP00000418868 9606.ENSP00000353741 0 0 0 285 731 900 0 979 
9606.ENSP00000418868 9606.ENSP00000318635 0 0 0 145 79 0 0 178 
9606.ENSP00000418868 9606.ENSP00000420714 0 0 0 639 715 0 177 908 
9606.ENSP00000418868 9606.ENSP00000345195 0 0 0 214 355 0 50 476 
9606.ENSP00000418868 9606.ENSP00000391211 0 0 0 503 0 0 0 503 
9606.ENSP00000418868 9606.ENSP00000368887 0 0 0 77 0 0 195 226 
9606.ENSP00000418868 9606.ENSP00000254730 0 0 0 92 0 900 0 905 
9606.ENSP00000418868 9606.ENSP00000222247 0 0 0 994 960 900 393 999 
9606.ENSP00000418868 9606.ENSP00000378163 0 0 0 979 960 900 681 999 
9606.ENSP00000418868 9606.ENSP00000364289 0 0 0 118 0 900 0 908 
9606.ENSP00000418868 9606.ENSP00000235090 0 0 0 206 0 0 0 206 
9606.ENSP00000418868 9606.ENSP00000373648 0 0 0 229 331 0 62 473 
9606.ENSP00000418868 9606.ENSP00000362820 0 0 0 198 0 0 72 224 
9606.ENSP00000418868 9606.ENSP00000325074 0 0 0 49 0 900 97 906 
9606.ENSP00000418868 9606.ENSP00000378548 0 0 0 0 0 0 222 222 
9606.ENSP00000418868 9606.ENSP00000377936 0 0 0 0 0 0 150 150 
9606.ENSP00000418868 9606.ENSP00000230340 0 0 0 144 0 0 244 325 
9606.ENSP00000418868 9606.ENSP00000376889 0 0 0 739 0 0 50 742 
9606.ENSP00000418868 9606.ENSP00000370373 0 0 0 461 0 0 0 461 
9606.ENSP00000418868 9606.ENSP00000386636 0 0 0 270 0 0 0 270 
9606.ENSP00000418868 9606.ENSP00000366156 0 0 0 166 0 0 172 280 
9606.ENSP00000418868 9606.ENSP00000330488 0 0 0 56 0 0 267 278 
9606.ENSP00000418868 9606.ENSP00000308275 0 0 0 96 0 0 104 156 
9606.ENSP00000418868 9606.ENSP00000296411 0 0 0 69 267 0 0 289 
9606.ENSP00000418868 9606.ENSP00000355315 0 0 0 938 960 900 775 999 
9606.ENSP00000418868 9606.ENSP00000339795 0 0 0 967 957 900 601 999 
9606.ENSP00000418868 9606.ENSP00000431040 0 0 0 476 555 0 116 776 
9606.ENSP00000418868 9606.ENSP00000438455 0 0 0 307 0 0 0 307 
9606.ENSP00000418868 9606.ENSP00000426909 0 0 0 961 960 0 285 998 
9606.ENSP00000418868 9606.ENSP00000451080 0 0 0 223 0 0 0 223 
9606.ENSP00000418868 9606.ENSP00000371201 0 0 0 0 0 0 334 334 
9606.ENSP00000418868 9606.ENSP00000351422 0 0 0 62 0 0 308 323 
9606.ENSP00000418868 9606.ENSP00000377710 0 0 0 0 0 0 256 256 
9606.ENSP00000418868 9606.ENSP00000417196 0 0 0 0 0 0 266 266 
9606.ENSP00000418868 9606.ENSP00000361704 0 0 0 288 0 0 0 288 
9606.ENSP00000418868 9606.ENSP00000359128 0 0 0 188 0 0 0 188 
9606.ENSP00000418868 9606.ENSP00000325508 0 0 0 0 0 0 222 222 
9606.ENSP00000418868 9606.ENSP00000478310 0 0 0 369 0 900 56 935 
9606.ENSP00000418868 9606.ENSP00000369965 0 0 0 640 387 0 0 770 
9606.ENSP00000418868 9606.ENSP00000298556 0 0 0 0 0 0 164 164 
9606.ENSP00000418868 9606.ENSP00000005386 0 0 0 181 0 0 55 192 
9606.ENSP00000418868 9606.ENSP00000263672 0 0 0 0 0 900 0 900 
9606.ENSP00000418868 9606.ENSP00000220514 0 0 0 68 0 0 186 209 
9606.ENSP00000418868 9606.ENSP00000359300 0 0 0 46 0 0 385 388 
9606.ENSP00000418868 9606.ENSP00000275230 0 0 0 0 158 0 87 198 
9606.ENSP00000418868 9606.ENSP00000293362 0 0 0 144 0 0 64 164 
9606.ENSP00000418868 9606.ENSP00000322396 0 0 0 136 190 0 0 270 
9606.ENSP00000418868 9606.ENSP00000323856 0 0 0 639 734 0 168 913 
9606.ENSP00000418868 9606.ENSP00000312999 0 0 0 51 0 0 187 196 
9606.ENSP00000418868 9606.ENSP00000386655 0 0 0 694 791 0 62 934 
9606.ENSP00000418868 9606.ENSP00000378191 0 0 0 200 0 0 50 208 
9606.ENSP00000418868 9606.ENSP00000362334 0 0 0 192 0 0 100 241 
9606.ENSP00000418868 9606.ENSP00000268533 0 0 0 0 297 0 0 297 
9606.ENSP00000418868 9606.ENSP00000346050 0 0 0 992 991 900 343 999 
9606.ENSP00000418868 9606.ENSP00000350708 0 0 0 280 355 0 50 520 
9606.ENSP00000418868 9606.ENSP00000378416 0 0 0 0 0 0 354 354 
9606.ENSP00000418868 9606.ENSP00000253108 0 0 0 636 0 900 140 966 
9606.ENSP00000418868 9606.ENSP00000278060 0 0 0 0 365 0 68 382 
9606.ENSP00000418868 9606.ENSP00000363676 0 0 0 988 960 900 740 999 
9606.ENSP00000418868 9606.ENSP00000367542 0 0 0 0 0 0 189 189 
9606.ENSP00000418868 9606.ENSP00000308897 0 0 0 585 709 0 228 898 
9606.ENSP00000418868 9606.ENSP00000423673 0 0 0 181 0 0 0 181 
9606.ENSP00000418868 9606.ENSP00000361923 0 0 0 170 0 0 0 170 
9606.ENSP00000418868 9606.ENSP00000377958 0 0 0 474 0 0 0 474 
9606.ENSP00000418868 9606.ENSP00000292614 0 0 0 162 0 0 0 162 
9606.ENSP00000418868 9606.ENSP00000408576 0 0 0 0 0 0 156 156 
9606.ENSP00000418868 9606.ENSP00000388337 0 0 0 847 758 900 0 995 
9606.ENSP00000418868 9606.ENSP00000427463 0 0 0 0 0 900 0 900 
9606.ENSP00000418868 9606.ENSP00000204566 0 0 0 71 0 0 164 190 
9606.ENSP00000418868 9606.ENSP00000346986 0 0 0 0 0 0 192 192 
9606.ENSP00000418868 9606.ENSP00000380427 0 0 0 137 0 0 86 177 
9606.ENSP00000418868 9606.ENSP00000467024 0 0 0 218 355 0 50 479 
9606.ENSP00000418868 9606.ENSP00000478035 0 0 0 180 0 0 267 373 
9606.ENSP00000418868 9606.ENSP00000366135 0 0 0 69 0 900 79 906 
9606.ENSP00000418868 9606.ENSP00000419425 0 0 0 126 0 0 104 183 
9606.ENSP00000418868 9606.ENSP00000350090 0 0 0 77 0 0 128 161 
9606.ENSP00000418868 9606.ENSP00000430494 0 0 0 218 0 0 0 218 
9606.ENSP00000418868 9606.ENSP00000338573 0 0 0 108 261 0 0 312 
9606.ENSP00000418868 9606.ENSP00000259711 0 0 0 0 0 0 209 209 
9606.ENSP00000418868 9606.ENSP00000300688 0 0 0 260 0 0 0 260 
9606.ENSP00000418868 9606.ENSP00000181796 0 0 0 0 0 0 358 358 
9606.ENSP00000418868 9606.ENSP00000309474 0 0 0 274 0 0 0 274 
9606.ENSP00000418868 9606.ENSP00000261015 0 0 0 147 0 900 50 911 
9606.ENSP00000418868 9606.ENSP00000338039 0 0 0 0 0 0 154 154 
9606.ENSP00000418868 9606.ENSP00000352257 0 0 0 167 0 0 0 167 
9606.ENSP00000418868 9606.ENSP00000410083 0 0 0 0 0 0 198 198 
9606.ENSP00000418868 9606.ENSP00000454370 0 0 0 442 557 0 68 749 
9606.ENSP00000418868 9606.ENSP00000339186 0 0 0 0 0 0 224 224 
9606.ENSP00000418868 9606.ENSP00000250498 0 0 0 168 0 0 0 168 
9606.ENSP00000418868 9606.ENSP00000363745 0 0 0 286 0 0 0 286 
9606.ENSP00000418868 9606.ENSP00000344220 0 0 0 45 148 0 50 159 
9606.ENSP00000418868 9606.ENSP00000218176 0 0 0 229 331 0 62 473 
9606.ENSP00000418868 9606.ENSP00000357292 0 0 0 263 355 0 50 509 
9606.ENSP00000418868 9606.ENSP00000392025 0 0 0 0 0 0 151 151 
9606.ENSP00000418868 9606.ENSP00000247003 0 0 0 64 131 0 0 151 
9606.ENSP00000418868 9606.ENSP00000301585 0 0 0 64 0 0 396 411 
9606.ENSP00000418868 9606.ENSP00000258739 0 0 0 61 0 0 209 226 
9606.ENSP00000418868 9606.ENSP00000280871 0 0 0 0 260 0 0 260 
9606.ENSP00000418868 9606.ENSP00000261712 0 0 0 271 0 0 0 271 
9606.ENSP00000418868 9606.ENSP00000326491 0 0 0 0 0 0 340 340 
9606.ENSP00000418868 9606.ENSP00000461930 0 0 0 109 0 0 193 251 
9606.ENSP00000418868 9606.ENSP00000346001 0 0 0 965 947 900 716 999 
9606.ENSP00000418868 9606.ENSP00000363574 0 0 0 176 651 0 435 823 
9606.ENSP00000418868 9606.ENSP00000334840 0 0 0 0 0 900 0 900 
9606.ENSP00000418868 9606.ENSP00000261681 0 0 0 0 0 0 156 156 
9606.ENSP00000418868 9606.ENSP00000413436 0 0 0 979 763 900 271 999 
9606.ENSP00000418868 9606.ENSP00000464813 0 0 0 981 960 900 726 999 
9606.ENSP00000418868 9606.ENSP00000330074 0 0 0 0 0 0 173 173 
9606.ENSP00000418868 9606.ENSP00000339844 0 0 0 260 0 0 0 260 
9606.ENSP00000418868 9606.ENSP00000269305 0 0 0 59 0 0 210 225 
9606.ENSP00000418868 9606.ENSP00000483688 0 0 0 168 0 0 47 173 
9606.ENSP00000418868 9606.ENSP00000287490 0 0 0 461 0 0 0 461 
9606.ENSP00000418868 9606.ENSP00000362329 0 0 0 150 0 0 0 150 
9606.ENSP00000418868 9606.ENSP00000260443 0 0 0 661 713 0 683 966 
9606.ENSP00000418868 9606.ENSP00000265969 0 0 0 229 331 0 62 473 
9606.ENSP00000418868 9606.ENSP00000337838 0 0 0 0 0 0 175 175 
9606.ENSP00000418868 9606.ENSP00000276689 0 0 0 174 0 0 50 183 
9606.ENSP00000418868 9606.ENSP00000308717 0 0 0 69 0 0 164 188 
9606.ENSP00000418868 9606.ENSP00000319240 0 0 0 109 0 900 0 907 
9606.ENSP00000418868 9606.ENSP00000415178 0 0 0 0 0 0 218 218 
9606.ENSP00000418868 9606.ENSP00000379475 0 0 0 204 131 0 0 278 
9606.ENSP00000418868 9606.ENSP00000386935 0 0 0 0 0 0 353 353 
9606.ENSP00000418868 9606.ENSP00000358674 0 0 0 214 406 0 50 518 
9606.ENSP00000418868 9606.ENSP00000375942 0 0 0 0 0 0 285 285 
9606.ENSP00000418868 9606.ENSP00000373215 0 0 0 0 0 0 209 209 
9606.ENSP00000418868 9606.ENSP00000292475 0 0 0 216 0 0 0 216 
9606.ENSP00000418868 9606.ENSP00000262848 0 0 0 0 0 0 189 189 
9606.ENSP00000418868 9606.ENSP00000485401 0 0 0 175 0 0 0 175 
9606.ENSP00000418868 9606.ENSP00000432660 0 0 0 180 0 0 0 180 
9606.ENSP00000418868 9606.ENSP00000375978 0 0 0 157 0 0 0 157 
9606.ENSP00000418868 9606.ENSP00000267973 0 0 0 55 651 0 0 656 
9606.ENSP00000418868 9606.ENSP00000286788 0 0 0 377 0 0 390 603 
9606.ENSP00000418868 9606.ENSP00000364794 0 0 0 145 0 0 76 176 
9606.ENSP00000418868 9606.ENSP00000357879 0 0 0 183 0 0 0 183 
9606.ENSP00000418868 9606.ENSP00000221419 0 0 0 247 0 0 49 253 
9606.ENSP00000418868 9606.ENSP00000290541 0 0 0 224 0 0 59 238 
9606.ENSP00000418868 9606.ENSP00000357823 0 0 0 137 0 0 94 184 
9606.ENSP00000418868 9606.ENSP00000409666 0 0 0 145 79 0 0 178 
9606.ENSP00000418868 9606.ENSP00000327179 0 0 0 81 0 0 165 201 
9606.ENSP00000418868 9606.ENSP00000261813 0 0 0 278 0 0 0 278 
9606.ENSP00000418868 9606.ENSP00000356967 0 0 0 63 0 0 170 189 
9606.ENSP00000418868 9606.ENSP00000361076 0 0 0 984 990 900 433 999 
9606.ENSP00000418868 9606.ENSP00000450565 0 0 0 0 0 0 216 216 
9606.ENSP00000418868 9606.ENSP00000270586 0 0 0 291 0 0 0 291 
9606.ENSP00000418868 9606.ENSP00000405965 0 0 0 166 79 0 0 199 
9606.ENSP00000418868 9606.ENSP00000365174 0 0 0 0 301 0 0 301 
9606.ENSP00000418868 9606.ENSP00000230048 0 0 0 0 0 0 157 157 
9606.ENSP00000418868 9606.ENSP00000401470 0 0 0 287 0 0 0 287 
9606.ENSP00000418868 9606.ENSP00000366934 0 0 0 0 0 900 0 900 
9606.ENSP00000418868 9606.ENSP00000457723 0 0 0 84 0 900 0 904 
9606.ENSP00000418868 9606.ENSP00000378588 0 0 0 526 0 0 0 526 
9606.ENSP00000418868 9606.ENSP00000312066 0 0 0 113 809 900 0 981 
9606.ENSP00000418868 9606.ENSP00000425759 0 0 0 271 0 0 50 278 
9606.ENSP00000418868 9606.ENSP00000321584 0 0 0 282 0 0 95 322 
9606.ENSP00000418868 9606.ENSP00000481029 0 0 0 201 0 0 0 201 
9606.ENSP00000418868 9606.ENSP00000302150 0 0 0 0 0 0 202 202 
9606.ENSP00000418868 9606.ENSP00000276201 0 0 0 48 0 900 0 900 
9606.ENSP00000418868 9606.ENSP00000295702 0 0 0 163 0 900 0 912 
9606.ENSP00000418868 9606.ENSP00000307863 0 0 0 203 0 0 0 203 
9606.ENSP00000418868 9606.ENSP00000256079 0 0 0 0 263 0 87 298 
9606.ENSP00000418868 9606.ENSP00000230640 0 0 0 84 263 900 0 926 
9606.ENSP00000418868 9606.ENSP00000373715 0 0 0 0 297 0 0 297 
9606.ENSP00000418868 9606.ENSP00000431800 0 0 0 568 0 900 187 961 
9606.ENSP00000418868 9606.ENSP00000313007 0 0 0 456 0 900 121 948 
9606.ENSP00000418868 9606.ENSP00000420008 0 0 0 0 0 0 280 280 
9606.ENSP00000418868 9606.ENSP00000417602 0 0 0 87 0 0 344 375 
9606.ENSP00000418868 9606.ENSP00000424737 0 0 0 0 0 0 228 228 
9606.ENSP00000418868 9606.ENSP00000460871 0 0 0 172 0 0 100 223 
9606.ENSP00000418868 9606.ENSP00000246868 0 0 0 45 0 0 565 567 
9606.ENSP00000418868 9606.ENSP00000360626 0 0 0 229 331 0 62 473 
9606.ENSP00000418868 9606.ENSP00000243997 0 0 0 533 0 0 0 533 
9606.ENSP00000418868 9606.ENSP00000376886 0 0 0 717 0 0 50 719 
9606.ENSP00000418868 9606.ENSP00000348708 0 0 0 112 0 900 49 908 
9606.ENSP00000418868 9606.ENSP00000296577 0 0 0 218 731 0 0 780 
9606.ENSP00000418868 9606.ENSP00000438349 0 0 0 179 0 0 0 179 
9606.ENSP00000418868 9606.ENSP00000346027 0 0 0 992 990 900 656 999 
9606.ENSP00000418868 9606.ENSP00000368699 0 0 0 214 355 0 50 476 
9606.ENSP00000418868 9606.ENSP00000354499 0 0 0 68 0 0 378 396 
9606.ENSP00000418868 9606.ENSP00000361993 0 0 0 307 0 0 0 307 
9606.ENSP00000418868 9606.ENSP00000425040 0 0 0 0 0 0 194 194 
9606.ENSP00000418868 9606.ENSP00000382250 0 0 0 131 0 0 146 226 
9606.ENSP00000418868 9606.ENSP00000360431 0 0 0 0 0 0 151 151 
9606.ENSP00000418868 9606.ENSP00000391504 0 0 0 0 0 0 234 234 
9606.ENSP00000418868 9606.ENSP00000333837 0 0 0 215 0 0 0 215 
9606.ENSP00000418868 9606.ENSP00000365439 0 0 0 229 110 0 0 284 
9606.ENSP00000418868 9606.ENSP00000354125 0 0 0 377 0 900 140 941 
9606.ENSP00000418868 9606.ENSP00000386717 0 0 0 972 809 900 706 999 
9606.ENSP00000418868 9606.ENSP00000380466 0 0 0 215 0 0 268 401 
9606.ENSP00000418868 9606.ENSP00000377033 0 0 0 194 0 0 0 194 
9606.ENSP00000418868 9606.ENSP00000381216 0 0 0 183 0 0 0 183 
9606.ENSP00000418868 9606.ENSP00000267884 0 0 0 187 877 900 43 989 
9606.ENSP00000418868 9606.ENSP00000324124 0 0 0 492 0 0 159 555 
9606.ENSP00000418868 9606.ENSP00000345055 0 0 0 229 331 0 62 473 
9606.ENSP00000418868 9606.ENSP00000402338 0 0 0 141 0 0 92 187 
9606.ENSP00000418868 9606.ENSP00000476119 0 0 0 0 301 0 0 301 
9606.ENSP00000418868 9606.ENSP00000348107 0 0 0 0 0 900 41 900 
9606.ENSP00000418868 9606.ENSP00000379182 0 0 0 49 0 0 150 157 
9606.ENSP00000418868 9606.ENSP00000339484 0 0 0 214 355 0 82 493 
9606.ENSP00000418868 9606.ENSP00000347997 0 0 0 214 355 0 50 476 
9606.ENSP00000418868 9606.ENSP00000379619 0 0 0 0 269 0 0 269 
9606.ENSP00000418868 9606.ENSP00000373620 0 0 0 160 0 0 78 193 
9606.ENSP00000418868 9606.ENSP00000225698 0 0 0 165 0 0 0 165 
9606.ENSP00000418868 9606.ENSP00000361433 0 0 0 137 0 900 0 910 
9606.ENSP00000418868 9606.ENSP00000317376 0 0 0 647 713 0 225 914 
9606.ENSP00000418868 9606.ENSP00000299300 0 0 0 387 0 0 0 387 
9606.ENSP00000418868 9606.ENSP00000168216 0 0 0 132 0 0 104 190 
9606.ENSP00000418868 9606.ENSP00000295082 0 0 0 229 331 0 62 473 
9606.ENSP00000418868 9606.ENSP00000265753 0 0 0 287 0 900 0 925 
9606.ENSP00000418868 9606.ENSP00000376077 0 0 0 162 77 0 0 194 
9606.ENSP00000418868 9606.ENSP00000315654 0 0 0 229 331 0 62 473 
9606.ENSP00000418868 9606.ENSP00000478305 0 0 0 0 365 0 68 382 
9606.ENSP00000418868 9606.ENSP00000255674 0 0 0 288 0 0 0 288 
9606.ENSP00000418868 9606.ENSP00000311486 0 0 0 173 0 0 0 173 
9606.ENSP00000418868 9606.ENSP00000260102 0 0 0 595 713 0 56 880 
9606.ENSP00000418868 9606.ENSP00000356811 0 0 0 77 414 0 123 484 
9606.ENSP00000418868 9606.ENSP00000258416 0 0 0 139 0 0 174 258 
9606.ENSP00000418868 9606.ENSP00000323046 0 0 0 118 0 900 0 908 
9606.ENSP00000418868 9606.ENSP00000304697 0 0 0 242 355 0 50 495 
9606.ENSP00000418868 9606.ENSP00000419628 0 0 0 81 297 0 0 326 
9606.ENSP00000418868 9606.ENSP00000355890 0 0 0 449 458 0 175 732 
9606.ENSP00000418868 9606.ENSP00000259365 0 0 0 0 0 0 193 193 
9606.ENSP00000418868 9606.ENSP00000216330 0 0 0 476 0 0 0 476 
9606.ENSP00000418868 9606.ENSP00000217182 0 0 0 79 364 0 101 427 
9606.ENSP00000418868 9606.ENSP00000365773 0 0 0 61 0 0 147 164 
9606.ENSP00000418868 9606.ENSP00000284154 0 0 0 72 0 0 225 250 
9606.ENSP00000418868 9606.ENSP00000297145 0 0 0 0 0 0 171 171 
9606.ENSP00000418868 9606.ENSP00000303315 0 0 0 68 125 0 53 160 
9606.ENSP00000418868 9606.ENSP00000340494 0 0 0 0 0 0 181 181 
9606.ENSP00000418868 9606.ENSP00000215071 0 0 0 173 0 0 0 173 
9606.ENSP00000418868 9606.ENSP00000264639 0 0 0 183 0 0 0 183 
9606.ENSP00000418868 9606.ENSP00000267812 0 0 0 186 0 0 0 186 
9606.ENSP00000418868 9606.ENSP00000333441 0 0 0 0 0 0 280 280 
9606.ENSP00000418868 9606.ENSP00000323867 0 0 0 0 262 0 82 293 
9606.ENSP00000418868 9606.ENSP00000346012 0 0 0 715 791 900 259 995 
9606.ENSP00000418868 9606.ENSP00000430706 0 0 0 636 367 0 134 783 
9606.ENSP00000418868 9606.ENSP00000407323 0 0 0 230 0 0 59 245 
9606.ENSP00000418868 9606.ENSP00000387187 0 0 0 189 0 0 0 189 
9606.ENSP00000418868 9606.ENSP00000328023 0 0 0 53 0 900 46 901 
9606.ENSP00000418868 9606.ENSP00000377640 0 0 0 960 960 900 600 999 
9606.ENSP00000418868 9606.ENSP00000381859 0 0 0 171 0 0 0 171 
9606.ENSP00000418868 9606.ENSP00000332198 0 0 0 668 0 0 246 739 
9606.ENSP00000418868 9606.ENSP00000357547 0 0 0 62 0 0 450 462 
9606.ENSP00000418868 9606.ENSP00000328511 0 0 0 229 331 0 62 473 
9606.ENSP00000418868 9606.ENSP00000342374 0 0 0 760 0 0 96 774 
9606.ENSP00000418868 9606.ENSP00000253039 0 0 0 308 0 900 0 927 
9606.ENSP00000418868 9606.ENSP00000450281 0 0 0 183 0 0 0 183 
9606.ENSP00000418868 9606.ENSP00000398597 0 0 0 70 0 900 46 903 
9606.ENSP00000418868 9606.ENSP00000339145 0 0 0 78 118 0 0 152 
9606.ENSP00000418868 9606.ENSP00000364448 0 0 0 0 0 900 83 904 
9606.ENSP00000418868 9606.ENSP00000362773 0 0 0 140 0 0 94 187 
9606.ENSP00000418868 9606.ENSP00000421076 0 0 0 232 0 0 0 232 
9606.ENSP00000418868 9606.ENSP00000348442 0 0 0 219 0 0 0 219 
9606.ENSP00000418868 9606.ENSP00000405514 0 0 0 428 0 0 0 428 
9606.ENSP00000418868 9606.ENSP00000366953 0 0 0 0 269 0 0 269 
9606.ENSP00000418868 9606.ENSP00000322730 0 0 0 0 0 0 229 229 
9606.ENSP00000418868 9606.ENSP00000377344 0 0 0 0 263 0 0 263 
9606.ENSP00000418868 9606.ENSP00000382595 0 0 0 328 0 0 0 328 
9606.ENSP00000418868 9606.ENSP00000274311 0 0 0 48 651 0 0 653 
9606.ENSP00000418868 9606.ENSP00000418803 0 0 0 0 0 0 171 171 
9606.ENSP00000418868 9606.ENSP00000302961 0 0 0 200 0 0 80 233 
9606.ENSP00000418868 9606.ENSP00000477141 0 0 0 0 734 0 0 734 
9606.ENSP00000418868 9606.ENSP00000369531 0 0 0 214 355 0 50 476 
9606.ENSP00000418868 9606.ENSP00000367878 0 0 0 0 0 0 242 242 
9606.ENSP00000418868 9606.ENSP00000346067 0 0 0 942 979 900 479 999 
9606.ENSP00000418868 9606.ENSP00000296102 0 0 0 165 0 0 0 165 
9606.ENSP00000418868 9606.ENSP00000416050 0 0 0 0 0 0 180 180 
9606.ENSP00000418868 9606.ENSP00000400591 0 0 0 304 0 0 0 304 
9606.ENSP00000418868 9606.ENSP00000370377 0 0 0 0 76 0 196 225 
9606.ENSP00000418868 9606.ENSP00000268668 0 0 0 206 0 0 0 206 
9606.ENSP00000418868 9606.ENSP00000425133 0 0 0 60 77 900 0 905 
9606.ENSP00000418868 9606.ENSP00000325448 0 0 0 269 0 0 141 345 
9606.ENSP00000418868 9606.ENSP00000216252 0 0 0 247 0 0 0 247 
9606.ENSP00000418868 9606.ENSP00000335153 0 0 0 169 793 0 124 836 
9606.ENSP00000418868 9606.ENSP00000478754 0 0 0 112 131 0 0 195 
9606.ENSP00000418868 9606.ENSP00000394417 0 0 0 185 0 0 56 197 
9606.ENSP00000418868 9606.ENSP00000379339 0 0 0 988 805 900 611 999 
9606.ENSP00000418868 9606.ENSP00000354525 0 0 0 544 616 0 367 879 
9606.ENSP00000418868 9606.ENSP00000261479 0 0 0 272 0 0 95 313 
9606.ENSP00000418868 9606.ENSP00000428223 0 0 0 833 798 900 502 998 
9606.ENSP00000418868 9606.ENSP00000360609 0 0 0 180 0 0 93 224 
9606.ENSP00000418868 9606.ENSP00000271308 0 0 0 306 0 0 0 306 
9606.ENSP00000418868 9606.ENSP00000262193 0 0 0 188 0 0 72 215 
9606.ENSP00000418868 9606.ENSP00000209875 0 0 0 0 0 0 403 403 
9606.ENSP00000418868 9606.ENSP00000397552 0 0 0 146 0 0 62 165 
9606.ENSP00000418868 9606.ENSP00000360034 0 0 0 368 800 0 114 878 
9606.ENSP00000418868 9606.ENSP00000346015 0 0 0 989 957 900 462 999 
9606.ENSP00000418868 9606.ENSP00000384474 0 0 0 204 0 0 0 204 
9606.ENSP00000418868 9606.ENSP00000421592 0 0 0 165 0 0 89 207 
9606.ENSP00000418868 9606.ENSP00000370589 0 0 0 160 85 0 0 198 
9606.ENSP00000418868 9606.ENSP00000438748 0 0 0 44 0 900 0 900 
9606.ENSP00000418868 9606.ENSP00000377878 0 0 0 198 0 0 0 198 
9606.ENSP00000418868 9606.ENSP00000325312 0 0 0 105 267 0 0 315 
9606.ENSP00000418868 9606.ENSP00000234831 0 0 0 0 0 0 163 163 
9606.ENSP00000418868 9606.ENSP00000259915 0 0 0 0 224 0 0 224 
9606.ENSP00000418868 9606.ENSP00000465432 0 0 0 196 0 0 0 196 
9606.ENSP00000418868 9606.ENSP00000435370 0 0 0 935 958 900 295 999 
9606.ENSP00000418868 9606.ENSP00000338191 0 0 0 183 0 0 0 183 
9606.ENSP00000418868 9606.ENSP00000215754 0 0 0 158 0 0 0 158 
9606.ENSP00000418868 9606.ENSP00000224073 0 0 0 303 0 0 455 604 
9606.ENSP00000418868 9606.ENSP00000316335 0 0 0 46 0 0 167 171 
9606.ENSP00000418868 9606.ENSP00000451818 0 0 0 82 960 900 108 996 
9606.ENSP00000418868 9606.ENSP00000307705 0 0 0 61 0 0 354 367 
9606.ENSP00000418868 9606.ENSP00000417763 0 0 0 339 0 0 0 339 
9606.ENSP00000418868 9606.ENSP00000274606 0 0 0 438 403 0 127 682 
9606.ENSP00000418868 9606.ENSP00000389103 0 0 0 993 991 900 625 999 
9606.ENSP00000418868 9606.ENSP00000355261 0 0 0 49 77 900 0 904 
9606.ENSP00000418868 9606.ENSP00000316152 0 0 0 0 0 0 180 180 
9606.ENSP00000418868 9606.ENSP00000157812 0 0 0 457 0 0 0 457 
9606.ENSP00000418868 9606.ENSP00000252321 0 0 0 229 331 0 62 473 
9606.ENSP00000418868 9606.ENSP00000405289 0 0 0 0 106 0 168 224 
9606.ENSP00000418868 9606.ENSP00000311430 0 0 0 943 989 900 603 999 
9606.ENSP00000418868 9606.ENSP00000457703 0 0 0 309 355 0 50 540 
9606.ENSP00000418868 9606.ENSP00000428085 0 0 0 972 958 900 827 999 
9606.ENSP00000418868 9606.ENSP00000446215 0 0 0 251 0 0 0 251 
9606.ENSP00000418868 9606.ENSP00000329471 0 0 0 65 0 0 174 195 
9606.ENSP00000418868 9606.ENSP00000414321 0 0 0 992 881 900 694 999 
9606.ENSP00000418868 9606.ENSP00000376352 0 0 0 0 0 0 161 161 
9606.ENSP00000418868 9606.ENSP00000349960 0 0 0 79 0 0 391 416 
9606.ENSP00000418868 9606.ENSP00000346120 0 0 0 89 189 0 90 269 
9606.ENSP00000418868 9606.ENSP00000272317 0 0 0 940 958 900 344 999 
9606.ENSP00000418868 9606.ENSP00000253099 0 0 0 528 602 0 287 854 
9606.ENSP00000418868 9606.ENSP00000469836 0 0 0 0 0 0 168 168 
9606.ENSP00000418868 9606.ENSP00000431482 0 0 0 214 355 0 50 476 
9606.ENSP00000418868 9606.ENSP00000467262 0 0 0 703 0 0 0 703 
9606.ENSP00000418868 9606.ENSP00000471455 0 0 0 199 0 0 0 199 
9606.ENSP00000418868 9606.ENSP00000362469 0 0 0 0 157 0 0 157 
9606.ENSP00000418868 9606.ENSP00000215570 0 0 0 686 0 0 0 686 
9606.ENSP00000418868 9606.ENSP00000351646 0 0 0 151 0 0 96 200 
9606.ENSP00000418868 9606.ENSP00000349679 0 0 0 198 0 0 0 198 
9606.ENSP00000418868 9606.ENSP00000258169 0 0 0 78 0 900 0 903 
9606.ENSP00000418868 9606.ENSP00000259469 0 0 0 990 957 900 735 999 
9606.ENSP00000418868 9606.ENSP00000362728 0 0 0 289 0 0 58 301 
9606.ENSP00000418868 9606.ENSP00000304229 0 0 0 296 0 0 0 296 
9606.ENSP00000418868 9606.ENSP00000262584 0 0 0 994 990 900 640 999 
9606.ENSP00000418868 9606.ENSP00000318646 0 0 0 991 991 900 193 999 
9606.ENSP00000418868 9606.ENSP00000420311 0 0 0 992 960 900 490 999 
9606.ENSP00000418868 9606.ENSP00000338345 0 0 0 0 0 0 386 386 
9606.ENSP00000418868 9606.ENSP00000369757 0 0 0 985 986 900 736 999 
9606.ENSP00000418868 9606.ENSP00000354346 0 0 0 153 0 0 0 153 
9606.ENSP00000418868 9606.ENSP00000377411 0 0 0 398 0 0 0 398 
9606.ENSP00000418868 9606.ENSP00000352216 0 0 0 0 157 0 0 157 
9606.ENSP00000418868 9606.ENSP00000331019 0 0 0 820 760 900 414 997 
9606.ENSP00000418868 9606.ENSP00000323047 0 0 0 0 261 0 0 261 
9606.ENSP00000418868 9606.ENSP00000383145 0 0 0 0 0 0 163 163 
9606.ENSP00000418868 9606.ENSP00000294507 0 0 0 0 0 0 441 441 
9606.ENSP00000418868 9606.ENSP00000413098 0 0 0 80 0 0 162 196 
9606.ENSP00000418868 9606.ENSP00000383866 0 0 0 169 0 0 0 169 
9606.ENSP00000418868 9606.ENSP00000428619 0 0 0 0 0 0 266 266 
9606.ENSP00000418868 9606.ENSP00000424870 0 0 0 148 943 900 146 995 
9606.ENSP00000418868 9606.ENSP00000432083 0 0 0 235 0 0 64 253 
9606.ENSP00000418868 9606.ENSP00000350757 0 0 0 72 0 0 151 179 
9606.ENSP00000418868 9606.ENSP00000296543 0 0 0 155 0 0 0 155 
9606.ENSP00000418868 9606.ENSP00000281871 0 0 0 158 0 0 0 158 
9606.ENSP00000418868 9606.ENSP00000216190 0 0 0 420 0 900 224 951 
9606.ENSP00000418868 9606.ENSP00000435777 0 0 0 992 960 900 501 999 
9606.ENSP00000418868 9606.ENSP00000466214 0 0 0 259 0 0 0 259 
9606.ENSP00000418868 9606.ENSP00000298283 0 0 0 818 947 900 304 999 
9606.ENSP00000418868 9606.ENSP00000263073 0 0 0 79 77 900 0 907 
9606.ENSP00000418868 9606.ENSP00000348838 0 0 0 95 57 0 105 169 
9606.ENSP00000418868 9606.ENSP00000464342 0 0 0 984 960 900 650 999 
9606.ENSP00000418868 9606.ENSP00000402515 0 0 0 60 0 900 0 901 
9606.ENSP00000418868 9606.ENSP00000323858 0 0 0 69 131 0 0 156 
9606.ENSP00000418868 9606.ENSP00000254940 0 0 0 156 0 0 514 573 
9606.ENSP00000418868 9606.ENSP00000358400 0 0 0 0 0 0 189 189 
9606.ENSP00000418868 9606.ENSP00000468633 0 0 0 0 0 900 0 900 
9606.ENSP00000418868 9606.ENSP00000437409 0 0 0 0 0 0 224 224 
9606.ENSP00000418868 9606.ENSP00000341826 0 0 0 366 0 0 125 421 
9606.ENSP00000418868 9606.ENSP00000307567 0 0 0 553 458 0 200 789 
9606.ENSP00000418868 9606.ENSP00000380353 0 0 0 0 0 0 242 242 
9606.ENSP00000418868 9606.ENSP00000264645 0 0 0 0 0 900 0 900 
9606.ENSP00000418868 9606.ENSP00000476117 0 0 0 139 0 900 0 910 
9606.ENSP00000418868 9606.ENSP00000338788 0 0 0 307 0 0 0 307 
9606.ENSP00000418868 9606.ENSP00000364037 0 0 0 57 0 900 0 901 
9606.ENSP00000418868 9606.ENSP00000323687 0 0 0 53 105 0 134 202 
9606.ENSP00000418868 9606.ENSP00000315152 0 0 0 62 267 0 0 283 
9606.ENSP00000418868 9606.ENSP00000309830 0 0 0 962 991 900 799 999 
9606.ENSP00000418868 9606.ENSP00000221801 0 0 0 276 58 0 136 359 
9606.ENSP00000418868 9606.ENSP00000256383 0 0 0 529 0 900 61 951 
9606.ENSP00000418868 9606.ENSP00000302896 0 0 0 960 960 900 680 999 
9606.ENSP00000418868 9606.ENSP00000382840 0 0 0 180 325 0 52 429 
9606.ENSP00000418868 9606.ENSP00000385824 0 0 0 0 0 0 158 158 
9606.ENSP00000418868 9606.ENSP00000355011 0 0 0 272 0 0 0 272 
9606.ENSP00000418868 9606.ENSP00000286070 0 0 0 0 0 0 154 154 
9606.ENSP00000418868 9606.ENSP00000395772 0 0 0 117 261 0 147 395 
9606.ENSP00000418868 9606.ENSP00000258091 0 0 0 521 0 0 0 521 
9606.ENSP00000418868 9606.ENSP00000455106 0 0 0 86 0 900 179 918 
9606.ENSP00000418868 9606.ENSP00000418695 0 0 0 77 0 0 173 204 
9606.ENSP00000418868 9606.ENSP00000361705 0 0 0 63 0 0 246 264 
9606.ENSP00000418868 9606.ENSP00000296127 0 0 0 0 0 0 229 229 
9606.ENSP00000418868 9606.ENSP00000384863 0 0 0 211 0 0 106 264 
9606.ENSP00000418868 9606.ENSP00000364543 0 0 0 0 651 0 0 651 
9606.ENSP00000418868 9606.ENSP00000240185 0 0 0 183 0 0 0 183 
9606.ENSP00000418868 9606.ENSP00000429931 0 0 0 410 0 900 96 942 
9606.ENSP00000418868 9606.ENSP00000470560 0 0 0 249 0 0 118 309 
9606.ENSP00000418868 9606.ENSP00000404179 0 0 0 727 736 0 312 946 
9606.ENSP00000418868 9606.ENSP00000356989 0 0 0 364 0 0 0 364 
9606.ENSP00000418868 9606.ENSP00000340823 0 0 0 245 0 0 0 245 
9606.ENSP00000418868 9606.ENSP00000452454 0 0 0 63 0 0 167 186 
9606.ENSP00000418868 9606.ENSP00000209873 0 0 0 71 0 0 186 211 
9606.ENSP00000418868 9606.ENSP00000388169 0 0 0 145 0 0 86 185 
9606.ENSP00000418868 9606.ENSP00000357869 0 0 0 0 0 0 197 197 
9606.ENSP00000418868 9606.ENSP00000470142 0 0 0 183 0 900 243 932 
9606.ENSP00000418868 9606.ENSP00000366997 0 0 0 0 0 900 0 900 
9606.ENSP00000418868 9606.ENSP00000275603 0 0 0 274 0 0 86 308 
9606.ENSP00000418868 9606.ENSP00000380241 0 0 0 69 297 0 0 317 
9606.ENSP00000418868 9606.ENSP00000386541 0 0 0 190 0 0 0 190 
9606.ENSP00000418868 9606.ENSP00000244763 0 0 0 81 0 900 131 913 
9606.ENSP00000418868 9606.ENSP00000254508 0 0 0 62 0 0 271 286 
9606.ENSP00000418868 9606.ENSP00000261700 0 0 0 200 0 0 0 200 
9606.ENSP00000418868 9606.ENSP00000263629 0 0 0 0 325 0 0 325 
9606.ENSP00000418868 9606.ENSP00000483484 0 0 0 640 713 0 125 901 
9606.ENSP00000418868 9606.ENSP00000401564 0 0 0 322 0 0 0 322 
9606.ENSP00000418868 9606.ENSP00000392270 0 0 0 173 0 0 0 173 
9606.ENSP00000418868 9606.ENSP00000337907 0 0 0 0 0 0 334 334 
9606.ENSP00000418868 9606.ENSP00000386458 0 0 0 144 0 0 87 185 
9606.ENSP00000418868 9606.ENSP00000419449 0 0 0 678 0 0 70 687 
9606.ENSP00000418868 9606.ENSP00000401191 0 0 0 93 0 0 138 184 
9606.ENSP00000418868 9606.ENSP00000254442 0 0 0 0 269 0 0 269 
9606.ENSP00000418868 9606.ENSP00000315017 0 0 0 525 704 0 132 867 
9606.ENSP00000418868 9606.ENSP00000469468 0 0 0 163 0 0 0 163 
9606.ENSP00000418868 9606.ENSP00000418401 0 0 0 45 0 900 0 900 
9606.ENSP00000418868 9606.ENSP00000418082 0 0 0 945 965 900 812 999 
9606.ENSP00000418868 9606.ENSP00000332887 0 0 0 743 0 0 0 743 
9606.ENSP00000418868 9606.ENSP00000475027 0 0 0 809 958 0 254 993 
9606.ENSP00000418868 9606.ENSP00000302768 0 0 0 0 0 0 167 167 
9606.ENSP00000418868 9606.ENSP00000370808 0 0 0 249 0 0 187 364 
9606.ENSP00000418868 9606.ENSP00000392330 0 0 0 0 0 0 218 218 
9606.ENSP00000418868 9606.ENSP00000418447 0 0 0 88 0 900 0 904 
9606.ENSP00000418868 9606.ENSP00000358563 0 0 0 148 0 0 200 290 
9606.ENSP00000418868 9606.ENSP00000355050 0 0 0 156 0 0 0 156 
9606.ENSP00000418868 9606.ENSP00000264279 0 0 0 95 130 0 0 179 
9606.ENSP00000418868 9606.ENSP00000388638 0 0 0 153 0 0 0 153 
9606.ENSP00000418868 9606.ENSP00000364320 0 0 0 445 713 0 287 876 
9606.ENSP00000418868 9606.ENSP00000238146 0 0 0 60 131 0 55 160 
9606.ENSP00000418868 9606.ENSP00000478121 0 0 0 175 0 0 0 175 
9606.ENSP00000418868 9606.ENSP00000384952 0 0 0 606 709 0 57 882 
9606.ENSP00000418868 9606.ENSP00000262027 0 0 0 165 0 0 0 165 
9606.ENSP00000418868 9606.ENSP00000299638 0 0 0 0 0 0 458 458 
9606.ENSP00000418868 9606.ENSP00000215829 0 0 0 300 0 0 0 300 
9606.ENSP00000418868 9606.ENSP00000387471 0 0 0 203 0 0 0 203 
9606.ENSP00000418868 9606.ENSP00000298832 0 0 0 0 0 0 159 159 
9606.ENSP00000418868 9606.ENSP00000231572 0 0 0 179 0 0 0 179 
9606.ENSP00000418868 9606.ENSP00000361777 0 0 0 177 0 0 53 188 
9606.ENSP00000418868 9606.ENSP00000369335 0 0 0 0 0 0 167 167 
9606.ENSP00000418868 9606.ENSP00000292907 0 0 0 152 0 0 0 152 
9606.ENSP00000418868 9606.ENSP00000284727 0 0 0 160 0 0 0 160 
9606.ENSP00000418868 9606.ENSP00000362687 0 0 0 58 131 0 54 157 
9606.ENSP00000418868 9606.ENSP00000287042 0 0 0 229 331 0 62 473 
9606.ENSP00000418868 9606.ENSP00000301522 0 0 0 86 0 0 133 174 
9606.ENSP00000418868 9606.ENSP00000357564 0 0 0 0 0 0 406 406 
9606.ENSP00000418868 9606.ENSP00000280557 0 0 0 233 0 0 0 233 
9606.ENSP00000418868 9606.ENSP00000318158 0 0 0 78 0 0 297 324 
9606.ENSP00000418868 9606.ENSP00000346694 0 0 0 185 0 0 49 191 
9606.ENSP00000418868 9606.ENSP00000281087 0 0 0 175 0 0 0 175 
9606.ENSP00000418868 9606.ENSP00000428209 0 0 0 183 0 0 0 183 
9606.ENSP00000418868 9606.ENSP00000364965 0 0 0 0 0 900 0 900 
9606.ENSP00000418868 9606.ENSP00000324792 0 0 0 117 77 0 0 150 
9606.ENSP00000418868 9606.ENSP00000266679 0 0 0 169 0 0 0 169 
9606.ENSP00000418868 9606.ENSP00000352035 0 0 0 229 331 0 62 473 
9606.ENSP00000418868 9606.ENSP00000336687 0 0 0 95 0 0 117 167 
9606.ENSP00000418868 9606.ENSP00000419117 0 0 0 973 960 900 857 999 
9606.ENSP00000418868 9606.ENSP00000383003 0 0 0 461 0 0 58 470 
9606.ENSP00000418868 9606.ENSP00000242257 0 0 0 52 0 0 169 179 
9606.ENSP00000418868 9606.ENSP00000326806 0 0 0 77 0 900 0 903 
9606.ENSP00000418868 9606.ENSP00000312129 0 0 0 229 331 0 62 473 
9606.ENSP00000418868 9606.ENSP00000321804 0 0 0 0 0 0 255 255 
9606.ENSP00000418868 9606.ENSP00000353048 0 0 0 61 0 0 235 250 
9606.ENSP00000418868 9606.ENSP00000359693 0 0 0 461 0 0 108 498 
9606.ENSP00000418868 9606.ENSP00000264995 0 0 0 166 616 0 218 727 
9606.ENSP00000418868 9606.ENSP00000464411 0 0 0 655 771 0 227 933 
9606.ENSP00000418868 9606.ENSP00000296674 0 0 0 980 991 900 216 999 
9606.ENSP00000418868 9606.ENSP00000259983 0 0 0 0 0 0 390 390 
9606.ENSP00000418868 9606.ENSP00000376349 0 0 0 0 297 0 0 297 
9606.ENSP00000418868 9606.ENSP00000233057 0 0 0 288 0 0 0 288 
9606.ENSP00000418868 9606.ENSP00000417240 0 0 0 812 797 0 403 975 
9606.ENSP00000418868 9606.ENSP00000215565 0 0 0 186 0 0 0 186 
9606.ENSP00000418868 9606.ENSP00000414359 0 0 0 303 0 0 0 303 
9606.ENSP00000418868 9606.ENSP00000445683 0 0 0 0 0 0 194 194 
9606.ENSP00000418868 9606.ENSP00000318297 0 0 0 408 0 0 44 409 
9606.ENSP00000418868 9606.ENSP00000363071 0 0 0 0 386 0 0 386 
9606.ENSP00000418868 9606.ENSP00000412566 0 0 0 261 0 0 0 261 
9606.ENSP00000418868 9606.ENSP00000005178 0 0 0 0 0 0 232 232 
9606.ENSP00000418868 9606.ENSP00000265866 0 0 0 165 0 0 0 165 
9606.ENSP00000418868 9606.ENSP00000451291 0 0 0 187 0 0 0 187 
9606.ENSP00000418868 9606.ENSP00000219479 0 0 0 176 0 0 50 183 
9606.ENSP00000418868 9606.ENSP00000246802 0 0 0 225 0 0 206 358 
9606.ENSP00000418868 9606.ENSP00000351108 0 0 0 157 0 0 0 157 
9606.ENSP00000418868 9606.ENSP00000362153 0 0 0 0 261 0 64 279 
9606.ENSP00000418868 9606.ENSP00000362918 0 0 0 234 0 0 0 234 
9606.ENSP00000418868 9606.ENSP00000360966 0 0 0 0 157 0 0 157 
9606.ENSP00000418868 9606.ENSP00000441543 0 0 0 214 355 0 72 488 
9606.ENSP00000418868 9606.ENSP00000416959 0 0 0 155 0 0 0 155 
9606.ENSP00000418868 9606.ENSP00000362730 0 0 0 0 0 0 313 313 
9606.ENSP00000418868 9606.ENSP00000368927 0 0 0 194 0 900 0 915 
9606.ENSP00000418868 9606.ENSP00000424838 0 0 0 0 295 0 0 295 
9606.ENSP00000418868 9606.ENSP00000302936 0 0 0 169 0 0 0 169 
9606.ENSP00000418868 9606.ENSP00000336799 0 0 0 72 0 0 156 183 
9606.ENSP00000418868 9606.ENSP00000244534 0 0 0 0 0 0 315 315 
9606.ENSP00000418868 9606.ENSP00000297990 0 0 0 86 0 0 145 185 
9606.ENSP00000418868 9606.ENSP00000262752 0 0 0 0 0 0 200 200 
9606.ENSP00000418868 9606.ENSP00000473036 0 0 0 63 92 0 162 225 
9606.ENSP00000418868 9606.ENSP00000362688 0 0 0 602 0 900 303 969 
9606.ENSP00000418868 9606.ENSP00000334373 0 0 0 153 0 0 58 168 
9606.ENSP00000418868 9606.ENSP00000358140 0 0 0 336 0 900 127 936 
9606.ENSP00000418868 9606.ENSP00000293831 0 0 0 332 131 900 302 954 
9606.ENSP00000418868 9606.ENSP00000306614 0 0 0 122 0 0 122 197 
9606.ENSP00000418868 9606.ENSP00000429615 0 0 0 0 0 900 0 900 
9606.ENSP00000418868 9606.ENSP00000329715 0 0 0 309 0 0 0 309 
9606.ENSP00000418868 9606.ENSP00000223641 0 0 0 517 731 900 46 985 
9606.ENSP00000418868 9606.ENSP00000388806 0 0 0 103 387 900 105 944 
9606.ENSP00000418868 9606.ENSP00000302194 0 0 0 188 0 0 0 188 
9606.ENSP00000418868 9606.ENSP00000310117 0 0 0 172 0 0 189 300 
9606.ENSP00000418868 9606.ENSP00000177742 0 0 0 177 0 0 0 177 
9606.ENSP00000418868 9606.ENSP00000339566 0 0 0 66 0 0 173 194 
9606.ENSP00000418868 9606.ENSP00000416255 0 0 0 184 0 900 121 922 
9606.ENSP00000418868 9606.ENSP00000454746 0 0 0 731 736 0 0 925 
9606.ENSP00000418868 9606.ENSP00000359910 0 0 0 298 0 0 0 298 
9606.ENSP00000418868 9606.ENSP00000380759 0 0 0 0 0 0 150 150 
9606.ENSP00000418868 9606.ENSP00000404375 0 0 0 739 956 900 282 999 
9606.ENSP00000418868 9606.ENSP00000302728 0 0 0 0 0 0 315 315 
9606.ENSP00000418868 9606.ENSP00000363162 0 0 0 205 0 0 0 205 
9606.ENSP00000418868 9606.ENSP00000365806 0 0 0 0 412 0 0 412 
9606.ENSP00000418868 9606.ENSP00000302586 0 0 0 0 0 0 249 249 
9606.ENSP00000418868 9606.ENSP00000318195 0 0 0 129 0 0 140 219 
9606.ENSP00000418868 9606.ENSP00000304127 0 0 0 229 331 0 62 473 
9606.ENSP00000418868 9606.ENSP00000392094 0 0 0 125 413 0 57 473 
9606.ENSP00000418868 9606.ENSP00000387078 0 0 0 0 269 0 0 269 
9606.ENSP00000418868 9606.ENSP00000265191 0 0 0 145 0 0 50 153 
9606.ENSP00000418868 9606.ENSP00000369042 0 0 0 49 263 0 56 280 
9606.ENSP00000418868 9606.ENSP00000388920 0 0 0 183 0 0 0 183 
9606.ENSP00000418868 9606.ENSP00000452773 0 0 0 92 0 0 115 162 
9606.ENSP00000418868 9606.ENSP00000232905 0 0 0 809 0 0 0 809 
9606.ENSP00000418868 9606.ENSP00000358716 0 0 0 71 131 0 0 158 
9606.ENSP00000418868 9606.ENSP00000346080 0 0 0 817 742 900 566 997 
9606.ENSP00000418868 9606.ENSP00000226299 0 0 0 0 412 0 0 412 
9606.ENSP00000418868 9606.ENSP00000264028 0 0 0 303 0 0 0 303 
9606.ENSP00000418868 9606.ENSP00000305426 0 0 0 0 0 0 218 218 
9606.ENSP00000418868 9606.ENSP00000260184 0 0 0 0 263 0 0 263 
9606.ENSP00000418868 9606.ENSP00000261868 0 0 0 81 0 900 0 904 
9606.ENSP00000418868 9606.ENSP00000303222 0 0 0 0 0 0 323 323 
9606.ENSP00000418868 9606.ENSP00000287474 0 0 0 0 734 0 0 734 
9606.ENSP00000418868 9606.ENSP00000357688 0 0 0 183 0 0 0 183 
9606.ENSP00000418868 9606.ENSP00000352438 0 0 0 289 0 0 68 309 
9606.ENSP00000418868 9606.ENSP00000420076 0 0 0 203 0 0 117 266 
9606.ENSP00000418868 9606.ENSP00000259457 0 0 0 349 0 0 0 349 
9606.ENSP00000418868 9606.ENSP00000397843 0 0 0 870 0 0 0 870 
9606.ENSP00000418868 9606.ENSP00000389445 0 0 0 183 0 0 52 192 
9606.ENSP00000418868 9606.ENSP00000331849 0 0 0 98 0 0 114 167 
9606.ENSP00000418868 9606.ENSP00000237283 0 0 0 0 0 0 211 211 
9606.ENSP00000418868 9606.ENSP00000303427 0 0 0 147 0 0 60 163 
9606.ENSP00000418868 9606.ENSP00000416429 0 0 0 967 992 900 534 999 
9606.ENSP00000418868 9606.ENSP00000246548 0 0 0 130 0 0 126 207 
9606.ENSP00000418868 9606.ENSP00000269349 0 0 0 201 131 900 0 924 
9606.ENSP00000418868 9606.ENSP00000349428 0 0 0 301 0 0 59 314 
9606.ENSP00000418868 9606.ENSP00000258772 0 0 0 87 153 0 0 194 
9606.ENSP00000418868 9606.ENSP00000242776 0 0 0 118 131 0 0 200 
9606.ENSP00000418868 9606.ENSP00000416658 0 0 0 145 0 0 50 153 
9606.ENSP00000418868 9606.ENSP00000380322 0 0 0 163 0 0 0 163 
9606.ENSP00000418868 9606.ENSP00000377944 0 0 0 170 0 0 342 430 
9606.ENSP00000418868 9606.ENSP00000385410 0 0 0 160 130 0 0 238 
9606.ENSP00000418868 9606.ENSP00000319052 0 0 0 0 0 0 475 475 
9606.ENSP00000418868 9606.ENSP00000280326 0 0 0 387 0 0 0 387 
9606.ENSP00000418868 9606.ENSP00000044462 0 0 0 250 0 0 0 250 
9606.ENSP00000418868 9606.ENSP00000464780 0 0 0 62 0 0 186 203 
9606.ENSP00000418868 9606.ENSP00000306362 0 0 0 171 0 0 0 171 
9606.ENSP00000418868 9606.ENSP00000374354 0 0 0 62 0 900 90 907 
9606.ENSP00000418868 9606.ENSP00000339095 0 0 0 996 960 900 131 999 
9606.ENSP00000418868 9606.ENSP00000267103 0 0 0 66 0 0 216 237 
9606.ENSP00000418868 9606.ENSP00000326708 0 0 0 0 0 0 186 186 
9606.ENSP00000418868 9606.ENSP00000358312 0 0 0 0 0 0 167 167 
9606.ENSP00000418868 9606.ENSP00000360664 0 0 0 470 0 0 0 470 
9606.ENSP00000418868 9606.ENSP00000300151 0 0 0 357 458 0 90 655 
9606.ENSP00000418868 9606.ENSP00000221233 0 0 0 169 0 900 0 913 
9606.ENSP00000418868 9606.ENSP00000253697 0 0 0 92 0 0 115 162 
9606.ENSP00000418868 9606.ENSP00000351492 0 0 0 169 0 0 0 169 
9606.ENSP00000418868 9606.ENSP00000433664 0 0 0 182 0 0 50 189 
9606.ENSP00000418868 9606.ENSP00000363018 0 0 0 991 990 900 459 999 
9606.ENSP00000418868 9606.ENSP00000370882 0 0 0 0 0 0 339 339 
9606.ENSP00000418868 9606.ENSP00000428259 0 0 0 0 0 0 361 361 
9606.ENSP00000418868 9606.ENSP00000388137 0 0 0 0 0 0 167 167 
9606.ENSP00000418868 9606.ENSP00000309142 0 0 0 152 0 0 0 152 
9606.ENSP00000418868 9606.ENSP00000265044 0 0 0 0 0 900 0 900 
9606.ENSP00000418868 9606.ENSP00000266263 0 0 0 78 0 0 245 274 
9606.ENSP00000418868 9606.ENSP00000220849 0 0 0 362 0 900 186 943 
9606.ENSP00000418868 9606.ENSP00000356785 0 0 0 145 0 0 50 153 
9606.ENSP00000418868 9606.ENSP00000331310 0 0 0 73 0 0 166 194 
9606.ENSP00000418868 9606.ENSP00000462664 0 0 0 0 0 0 239 239 
9606.ENSP00000418868 9606.ENSP00000383949 0 0 0 605 403 0 166 786 
9606.ENSP00000418868 9606.ENSP00000333496 0 0 0 229 331 0 62 473 
9606.ENSP00000418868 9606.ENSP00000305230 0 0 0 185 956 900 0 996 
9606.ENSP00000418868 9606.ENSP00000411827 0 0 0 0 0 0 152 152 
9606.ENSP00000418868 9606.ENSP00000485022 0 0 0 181 0 0 0 181 
9606.ENSP00000418868 9606.ENSP00000254193 0 0 0 306 0 0 108 354 
9606.ENSP00000418868 9606.ENSP00000436767 0 0 0 0 261 0 0 261 
9606.ENSP00000418868 9606.ENSP00000369328 0 0 0 0 0 0 199 199 
9606.ENSP00000418868 9606.ENSP00000435096 0 0 0 992 992 900 669 999 
9606.ENSP00000418868 9606.ENSP00000449884 0 0 0 92 0 0 307 344 
9606.ENSP00000418868 9606.ENSP00000257570 0 0 0 214 355 0 50 476 
9606.ENSP00000418868 9606.ENSP00000385958 0 0 0 993 960 900 770 999 
9606.ENSP00000418868 9606.ENSP00000370222 0 0 0 167 0 0 0 167 
9606.ENSP00000418868 9606.ENSP00000365576 0 0 0 272 355 0 50 515 
9606.ENSP00000418868 9606.ENSP00000371985 0 0 0 229 331 0 62 473 
9606.ENSP00000418868 9606.ENSP00000360806 0 0 0 229 331 0 62 473 
9606.ENSP00000418868 9606.ENSP00000360671 0 0 0 143 0 0 89 186 
9606.ENSP00000418868 9606.ENSP00000363944 0 0 0 0 0 900 0 900 
9606.ENSP00000418868 9606.ENSP00000432456 0 0 0 0 0 0 171 171 
9606.ENSP00000418868 9606.ENSP00000317780 0 0 0 126 0 0 88 170 
9606.ENSP00000418868 9606.ENSP00000379372 0 0 0 302 0 0 208 424 
9606.ENSP00000418868 9606.ENSP00000359345 0 0 0 989 979 900 753 999 
9606.ENSP00000418868 9606.ENSP00000360473 0 0 0 159 0 0 0 159 
9606.ENSP00000418868 9606.ENSP00000384296 0 0 0 0 0 0 203 203 
9606.ENSP00000418868 9606.ENSP00000378563 0 0 0 288 0 0 0 288 
9606.ENSP00000418868 9606.ENSP00000433109 0 0 0 229 331 0 62 473 
9606.ENSP00000418868 9606.ENSP00000418221 0 0 0 370 732 0 274 866 
9606.ENSP00000418868 9606.ENSP00000229239 0 0 0 213 198 0 305 523 
9606.ENSP00000418868 9606.ENSP00000319664 0 0 0 254 0 0 0 254 
9606.ENSP00000418868 9606.ENSP00000258149 0 0 0 0 0 0 246 246 
9606.ENSP00000418868 9606.ENSP00000324804 0 0 0 119 0 900 117 915 
9606.ENSP00000418868 9606.ENSP00000403852 0 0 0 230 0 0 0 230 
9606.ENSP00000418868 9606.ENSP00000262306 0 0 0 182 0 0 64 202 
9606.ENSP00000418868 9606.ENSP00000296277 0 0 0 801 742 900 559 997 
9606.ENSP00000418868 9606.ENSP00000309334 0 0 0 979 960 900 561 999 
9606.ENSP00000418868 9606.ENSP00000370745 0 0 0 160 131 0 0 238 
9606.ENSP00000418868 9606.ENSP00000359939 0 0 0 107 0 900 0 906 
9606.ENSP00000418868 9606.ENSP00000244051 0 0 0 0 0 0 174 174 
9606.ENSP00000418868 9606.ENSP00000397133 0 0 0 0 262 0 82 293 
9606.ENSP00000418868 9606.ENSP00000310042 0 0 0 106 414 0 100 487 
9606.ENSP00000418868 9606.ENSP00000376345 0 0 0 0 0 0 224 224 
9606.ENSP00000418868 9606.ENSP00000452697 0 0 0 0 0 900 0 900 
9606.ENSP00000418868 9606.ENSP00000400433 0 0 0 171 0 0 0 171 
9606.ENSP00000418868 9606.ENSP00000436049 0 0 0 379 0 900 67 937 
9606.ENSP00000418868 9606.ENSP00000334044 0 0 0 214 355 0 50 476 
9606.ENSP00000418868 9606.ENSP00000361310 0 0 0 0 0 0 179 179 
9606.ENSP00000418868 9606.ENSP00000223642 0 0 0 0 0 0 156 156 
9606.ENSP00000418868 9606.ENSP00000396673 0 0 0 61 0 0 145 162 
9606.ENSP00000418868 9606.ENSP00000261303 0 0 0 386 0 0 0 386 
9606.ENSP00000418868 9606.ENSP00000380251 0 0 0 0 297 0 0 297 
9606.ENSP00000418868 9606.ENSP00000216554 0 0 0 192 387 900 0 946 
9606.ENSP00000418868 9606.ENSP00000270066 0 0 0 71 0 900 0 903 
9606.ENSP00000418868 9606.ENSP00000251453 0 0 0 978 991 900 660 999 
9606.ENSP00000418868 9606.ENSP00000338352 0 0 0 0 301 0 0 301 
9606.ENSP00000418868 9606.ENSP00000392065 0 0 0 0 0 0 246 246 
9606.ENSP00000418868 9606.ENSP00000466718 0 0 0 113 0 0 243 300 
9606.ENSP00000418868 9606.ENSP00000309565 0 0 0 225 0 0 99 272 
9606.ENSP00000418868 9606.ENSP00000481495 0 0 0 0 131 0 67 154 
9606.ENSP00000418868 9606.ENSP00000248342 0 0 0 843 0 900 415 990 
9606.ENSP00000418868 9606.ENSP00000370950 0 0 0 370 732 0 274 866 
9606.ENSP00000418868 9606.ENSP00000361206 0 0 0 126 0 0 183 256 
9606.ENSP00000418868 9606.ENSP00000434241 0 0 0 229 331 0 62 473 
9606.ENSP00000418868 9606.ENSP00000250495 0 0 0 290 406 0 55 567 
9606.ENSP00000418868 9606.ENSP00000216038 0 0 0 159 0 0 0 159 
9606.ENSP00000418868 9606.ENSP00000454786 0 0 0 802 742 0 95 949 
9606.ENSP00000418868 9606.ENSP00000349168 0 0 0 228 0 0 0 228 
9606.ENSP00000418868 9606.ENSP00000428895 0 0 0 834 0 0 160 854 
9606.ENSP00000418868 9606.ENSP00000238823 0 0 0 154 0 0 0 154 
9606.ENSP00000418868 9606.ENSP00000342889 0 0 0 195 0 0 49 201 
9606.ENSP00000418868 9606.ENSP00000262715 0 0 0 0 269 0 0 269 
9606.ENSP00000418868 9606.ENSP00000301480 0 0 0 0 106 0 168 224 
9606.ENSP00000418868 9606.ENSP00000230050 0 0 0 992 992 900 91 999 
9606.ENSP00000418868 9606.ENSP00000359098 0 0 0 184 0 0 0 184 
9606.ENSP00000418868 9606.ENSP00000377793 0 0 0 61 0 0 185 202 
9606.ENSP00000418868 9606.ENSP00000158762 0 0 0 76 0 0 125 156 
9606.ENSP00000418868 9606.ENSP00000423399 0 0 0 86 0 0 223 259 
9606.ENSP00000418868 9606.ENSP00000272348 0 0 0 652 0 0 0 652 
9606.ENSP00000418868 9606.ENSP00000219169 0 0 0 197 0 0 0 197 
9606.ENSP00000418868 9606.ENSP00000263791 0 0 0 0 0 0 237 237 
9606.ENSP00000418868 9606.ENSP00000376732 0 0 0 126 0 0 606 641 
9606.ENSP00000418868 9606.ENSP00000427802 0 0 0 569 0 0 0 569 
9606.ENSP00000418868 9606.ENSP00000281030 0 0 0 0 0 0 183 183 
9606.ENSP00000418868 9606.ENSP00000364119 0 0 0 303 0 900 136 934 
9606.ENSP00000418868 9606.ENSP00000305107 0 0 0 0 0 0 167 167 
9606.ENSP00000418868 9606.ENSP00000358417 0 0 0 0 0 0 156 156 
9606.ENSP00000418868 9606.ENSP00000319739 0 0 0 183 0 0 0 183 
9606.ENSP00000418868 9606.ENSP00000361502 0 0 0 0 0 0 154 154 
9606.ENSP00000418868 9606.ENSP00000389649 0 0 0 379 0 0 0 379 
9606.ENSP00000418868 9606.ENSP00000481675 0 0 0 0 0 0 347 347 
9606.ENSP00000418868 9606.ENSP00000336702 0 0 0 729 367 0 134 838 
9606.ENSP00000418868 9606.ENSP00000429374 0 0 0 978 955 900 745 999 
9606.ENSP00000418868 9606.ENSP00000263579 0 0 0 66 0 0 163 186 
9606.ENSP00000418868 9606.ENSP00000346088 0 0 0 932 960 900 826 999 
9606.ENSP00000418868 9606.ENSP00000452780 0 0 0 0 0 0 284 284 
9606.ENSP00000418868 9606.ENSP00000420927 0 0 0 0 0 0 161 161 
9606.ENSP00000418868 9606.ENSP00000365160 0 0 0 0 301 0 0 301 
9606.ENSP00000418868 9606.ENSP00000341289 0 0 0 111 0 0 106 172 
9606.ENSP00000418868 9606.ENSP00000397798 0 0 0 979 990 900 227 999 
9606.ENSP00000418868 9606.ENSP00000389455 0 0 0 370 732 0 274 866 
9606.ENSP00000418868 9606.ENSP00000301891 0 0 0 0 0 0 188 188 
9606.ENSP00000418868 9606.ENSP00000329697 0 0 0 0 0 0 200 200 
9606.ENSP00000418868 9606.ENSP00000430846 0 0 0 229 331 0 62 473 
9606.ENSP00000418868 9606.ENSP00000363642 0 0 0 48 0 0 159 165 
9606.ENSP00000418868 9606.ENSP00000368984 0 0 0 74 0 900 49 904 
9606.ENSP00000418868 9606.ENSP00000345957 0 0 0 986 958 900 512 999 
9606.ENSP00000418868 9606.ENSP00000358747 0 0 0 0 0 0 221 221 
9606.ENSP00000418868 9606.ENSP00000264932 0 0 0 0 0 0 201 201 
9606.ENSP00000418868 9606.ENSP00000333667 0 0 0 112 0 0 122 187 
9606.ENSP00000418868 9606.ENSP00000363308 0 0 0 724 742 0 132 932 
9606.ENSP00000418868 9606.ENSP00000320688 0 0 0 0 0 0 176 176 
9606.ENSP00000418868 9606.ENSP00000232165 0 0 0 45 159 0 0 162 
9606.ENSP00000418868 9606.ENSP00000483491 0 0 0 116 0 0 247 305 
9606.ENSP00000418868 9606.ENSP00000449328 0 0 0 971 957 900 717 999 
9606.ENSP00000418868 9606.ENSP00000458162 0 0 0 82 0 0 365 392 
9606.ENSP00000418868 9606.ENSP00000373404 0 0 0 360 709 0 204 838 
9606.ENSP00000418868 9606.ENSP00000346037 0 0 0 964 992 900 659 999 
9606.ENSP00000418868 9606.ENSP00000362937 0 0 0 155 0 0 0 155 
9606.ENSP00000418868 9606.ENSP00000362413 0 0 0 65 0 0 239 258 
9606.ENSP00000418868 9606.ENSP00000449770 0 0 0 109 414 0 0 455 
9606.ENSP00000418868 9606.ENSP00000369897 0 0 0 464 0 0 0 464 
9606.ENSP00000418868 9606.ENSP00000478877 0 0 0 431 0 0 0 431 
9606.ENSP00000418868 9606.ENSP00000448165 0 0 0 0 269 0 0 269 
9606.ENSP00000418868 9606.ENSP00000379506 0 0 0 973 990 900 773 999 
9606.ENSP00000418868 9606.ENSP00000373918 0 0 0 87 0 0 119 161 
9606.ENSP00000418868 9606.ENSP00000417229 0 0 0 86 0 0 154 194 
9606.ENSP00000418868 9606.ENSP00000188312 0 0 0 0 0 0 205 205 
9606.ENSP00000418868 9606.ENSP00000302160 0 0 0 186 0 0 150 279 
9606.ENSP00000418868 9606.ENSP00000401802 0 0 0 173 0 0 0 173 
9606.ENSP00000418868 9606.ENSP00000354739 0 0 0 989 990 900 654 999 
9606.ENSP00000418868 9606.ENSP00000305556 0 0 0 295 0 0 135 364 
9606.ENSP00000418868 9606.ENSP00000397435 0 0 0 0 0 0 243 243 
9606.ENSP00000418868 9606.ENSP00000400467 0 0 0 991 990 900 604 999 
9606.ENSP00000418868 9606.ENSP00000273550 0 0 0 0 0 0 157 157 
9606.ENSP00000418868 9606.ENSP00000377954 0 0 0 73 0 0 218 244 
9606.ENSP00000418868 9606.ENSP00000457411 0 0 0 169 0 0 0 169 
9606.ENSP00000418868 9606.ENSP00000361745 0 0 0 0 0 0 224 224 
9606.ENSP00000418868 9606.ENSP00000300935 0 0 0 0 0 0 224 224 
9606.ENSP00000418868 9606.ENSP00000422431 0 0 0 0 0 0 303 303 
9606.ENSP00000418868 9606.ENSP00000379888 0 0 0 988 959 900 455 999 
9606.ENSP00000418868 9606.ENSP00000362456 0 0 0 341 0 0 0 341 
9606.ENSP00000418868 9606.ENSP00000216121 0 0 0 0 0 0 170 170 
9606.ENSP00000418868 9606.ENSP00000306396 0 0 0 0 0 0 221 221 
9606.ENSP00000418868 9606.ENSP00000404121 0 0 0 305 324 0 0 510 
9606.ENSP00000418868 9606.ENSP00000348933 0 0 0 152 0 0 0 152 
9606.ENSP00000418868 9606.ENSP00000320949 0 0 0 159 0 0 0 159 
9606.ENSP00000418868 9606.ENSP00000432614 0 0 0 188 0 0 0 188 
9606.ENSP00000418868 9606.ENSP00000385968 0 0 0 229 331 0 62 473 
9606.ENSP00000418868 9606.ENSP00000357555 0 0 0 984 949 900 721 999 
9606.ENSP00000418868 9606.ENSP00000236959 0 0 0 222 0 0 0 222 
9606.ENSP00000418868 9606.ENSP00000476046 0 0 0 89 0 900 45 905 
9606.ENSP00000418868 9606.ENSP00000282611 0 0 0 0 0 0 171 171 
9606.ENSP00000418868 9606.ENSP00000295822 0 0 0 521 367 0 68 692 
9606.ENSP00000418868 9606.ENSP00000264705 0 0 0 170 0 0 0 170 
9606.ENSP00000418868 9606.ENSP00000307940 0 0 0 490 956 900 149 997 
9606.ENSP00000418868 9606.ENSP00000419038 0 0 0 79 413 0 57 445 
9606.ENSP00000418868 9606.ENSP00000480715 0 0 0 0 0 0 211 211 
9606.ENSP00000418868 9606.ENSP00000280684 0 0 0 229 331 0 62 473 
9606.ENSP00000418868 9606.ENSP00000276062 0 0 0 223 0 0 0 223 
9606.ENSP00000418868 9606.ENSP00000418770 0 0 0 86 314 0 0 346 
9606.ENSP00000418868 9606.ENSP00000346725 0 0 0 110 0 900 57 908 
9606.ENSP00000418868 9606.ENSP00000341082 0 0 0 145 0 0 358 427 
9606.ENSP00000418868 9606.ENSP00000389745 0 0 0 0 0 0 223 223 
9606.ENSP00000418868 9606.ENSP00000348395 0 0 0 0 412 0 0 412 
9606.ENSP00000418868 9606.ENSP00000342181 0 0 0 75 0 900 0 903 
9606.ENSP00000418868 9606.ENSP00000375730 0 0 0 989 957 900 517 999 
9606.ENSP00000418868 9606.ENSP00000314029 0 0 0 53 84 900 0 905 
9606.ENSP00000418868 9606.ENSP00000217426 0 0 0 307 0 0 0 307 
9606.ENSP00000418868 9606.ENSP00000463058 0 0 0 86 0 900 0 904 
9606.ENSP00000418868 9606.ENSP00000367323 0 0 0 0 0 0 180 180 
9606.ENSP00000418868 9606.ENSP00000225729 0 0 0 307 0 0 0 307 
9606.ENSP00000418868 9606.ENSP00000362063 0 0 0 167 0 0 44 170 
9606.ENSP00000418868 9606.ENSP00000447942 0 0 0 451 0 0 46 454 
9606.ENSP00000418868 9606.ENSP00000273390 0 0 0 0 0 0 436 436 
9606.ENSP00000418868 9606.ENSP00000388107 0 0 0 931 960 900 340 999 
9606.ENSP00000418868 9606.ENSP00000481646 0 0 0 983 958 900 655 999 
9606.ENSP00000418868 9606.ENSP00000425561 0 0 0 65 0 900 240 922 
9606.ENSP00000418868 9606.ENSP00000284637 0 0 0 0 0 0 221 221 
9606.ENSP00000418868 9606.ENSP00000273859 0 0 0 0 55 0 259 270 
9606.ENSP00000418868 9606.ENSP00000447001 0 0 0 968 957 900 662 999 
9606.ENSP00000418868 9606.ENSP00000385269 0 0 0 270 0 0 0 270 
9606.ENSP00000418868 9606.ENSP00000232888 0 0 0 159 0 0 51 168 
9606.ENSP00000418868 9606.ENSP00000303758 0 0 0 0 0 0 189 189 
9606.ENSP00000418868 9606.ENSP00000357679 0 0 0 175 0 0 0 175 
9606.ENSP00000418868 9606.ENSP00000376337 0 0 0 0 0 0 212 212 
9606.ENSP00000418868 9606.ENSP00000376056 0 0 0 923 0 0 223 937 
9606.ENSP00000418868 9606.ENSP00000383042 0 0 0 0 365 0 58 376 
9606.ENSP00000418868 9606.ENSP00000478606 0 0 0 0 0 0 188 188 
9606.ENSP00000418868 9606.ENSP00000261714 0 0 0 0 379 0 0 379 
9606.ENSP00000418868 9606.ENSP00000317334 0 0 0 287 0 0 71 310 
9606.ENSP00000418868 9606.ENSP00000398131 0 0 0 105 364 900 0 938 
9606.ENSP00000418868 9606.ENSP00000356903 0 0 0 0 0 0 353 353 
9606.ENSP00000418868 9606.ENSP00000362931 0 0 0 156 0 0 0 156 
9606.ENSP00000418868 9606.ENSP00000266735 0 0 0 488 0 0 135 539 
9606.ENSP00000418868 9606.ENSP00000309186 0 0 0 0 0 0 167 167 
9606.ENSP00000418868 9606.ENSP00000378187 0 0 0 0 0 0 235 235 
9606.ENSP00000418868 9606.ENSP00000362036 0 0 0 143 0 0 53 154 
9606.ENSP00000418868 9606.ENSP00000479618 0 0 0 87 0 0 126 168 
9606.ENSP00000418868 9606.ENSP00000391723 0 0 0 104 0 0 294 340 
9606.ENSP00000418868 9606.ENSP00000344547 0 0 0 138 0 0 166 250 
9606.ENSP00000418868 9606.ENSP00000296930 0 0 0 205 150 0 123 355 
9606.ENSP00000418868 9606.ENSP00000359804 0 0 0 271 0 0 0 271 
9606.ENSP00000418868 9606.ENSP00000255631 0 0 0 353 458 0 90 653 
9606.ENSP00000418868 9606.ENSP00000299259 0 0 0 84 0 0 145 183 
9606.ENSP00000418868 9606.ENSP00000261893 0 0 0 0 0 0 290 290 
9606.ENSP00000418868 9606.ENSP00000304769 0 0 0 0 73 0 122 151 
9606.ENSP00000418868 9606.ENSP00000317331 0 0 0 203 0 900 0 916 
9606.ENSP00000418868 9606.ENSP00000229379 0 0 0 231 0 0 87 268 
9606.ENSP00000418868 9606.ENSP00000387365 0 0 0 272 0 0 0 272 
9606.ENSP00000418868 9606.ENSP00000464050 0 0 0 62 131 0 0 150 
9606.ENSP00000418868 9606.ENSP00000356275 0 0 0 0 0 0 217 217 
9606.ENSP00000418868 9606.ENSP00000258105 0 0 0 77 0 0 293 319 
9606.ENSP00000418868 9606.ENSP00000225430 0 0 0 992 957 900 532 999 
9606.ENSP00000418868 9606.ENSP00000377275 0 0 0 0 0 0 153 153 
9606.ENSP00000418868 9606.ENSP00000311747 0 0 0 192 0 0 0 192 
9606.ENSP00000418868 9606.ENSP00000356825 0 0 0 0 0 0 156 156 
9606.ENSP00000418868 9606.ENSP00000222005 0 0 0 155 0 0 0 155 
9606.ENSP00000418868 9606.ENSP00000448035 0 0 0 741 0 0 0 741 
9606.ENSP00000418868 9606.ENSP00000419004 0 0 0 62 651 0 320 758 
9606.ENSP00000418868 9606.ENSP00000300413 0 0 0 236 0 0 123 302 
9606.ENSP00000418868 9606.ENSP00000296255 0 0 0 0 731 900 0 971 
9606.ENSP00000418868 9606.ENSP00000463784 0 0 0 977 960 900 695 999 
9606.ENSP00000418868 9606.ENSP00000310129 0 0 0 273 0 0 0 273 
9606.ENSP00000418868 9606.ENSP00000281031 0 0 0 188 0 0 0 188 
9606.ENSP00000418868 9606.ENSP00000301021 0 0 0 67 0 0 220 241 
9606.ENSP00000418868 9606.ENSP00000472998 0 0 0 188 0 0 89 229 
9606.ENSP00000418868 9606.ENSP00000473383 0 0 0 148 57 0 0 163 
9606.ENSP00000418868 9606.ENSP00000155840 0 0 0 229 331 0 62 473 
9606.ENSP00000418868 9606.ENSP00000336712 0 0 0 307 0 0 0 307 
9606.ENSP00000418868 9606.ENSP00000310275 0 0 0 219 0 0 0 219 
9606.ENSP00000418868 9606.ENSP00000216714 0 0 0 161 0 0 0 161 
9606.ENSP00000418868 9606.ENSP00000268206 0 0 0 79 413 0 65 450 
9606.ENSP00000418868 9606.ENSP00000366249 0 0 0 214 355 0 50 476 
9606.ENSP00000418868 9606.ENSP00000223029 0 0 0 201 0 0 0 201 
9606.ENSP00000418868 9606.ENSP00000350336 0 0 0 0 0 0 213 213 
9606.ENSP00000418868 9606.ENSP00000351596 0 0 0 0 651 0 0 651 
9606.ENSP00000418868 9606.ENSP00000458770 0 0 0 209 0 0 0 209 
9606.ENSP00000418868 9606.ENSP00000485567 0 0 0 213 0 0 425 528 
9606.ENSP00000418868 9606.ENSP00000448182 0 0 0 0 0 0 173 173 
9606.ENSP00000418868 9606.ENSP00000358786 0 0 0 229 331 0 62 473 
9606.ENSP00000418868 9606.ENSP00000481697 0 0 0 726 736 0 91 928 
9606.ENSP00000418868 9606.ENSP00000464265 0 0 0 214 355 0 50 476 
9606.ENSP00000418868 9606.ENSP00000477781 0 0 0 592 0 0 94 615 
9606.ENSP00000418868 9606.ENSP00000481842 0 0 0 193 0 0 0 193 
9606.ENSP00000418868 9606.ENSP00000362208 0 0 0 650 713 0 140 906 
9606.ENSP00000418868 9606.ENSP00000473172 0 0 0 303 0 0 42 303 
9606.ENSP00000418868 9606.ENSP00000349669 0 0 0 0 0 0 177 177 
9606.ENSP00000418868 9606.ENSP00000252622 0 0 0 156 0 0 0 156 
9606.ENSP00000418868 9606.ENSP00000244520 0 0 0 174 0 0 85 211 
9606.ENSP00000418868 9606.ENSP00000326381 0 0 0 61 131 900 172 923 
9606.ENSP00000418868 9606.ENSP00000263239 0 0 0 118 131 0 66 223 
9606.ENSP00000418868 9606.ENSP00000365962 0 0 0 0 0 0 173 173 
9606.ENSP00000418868 9606.ENSP00000275015 0 0 0 0 0 0 153 153 
9606.ENSP00000418868 9606.ENSP00000420477 0 0 0 512 0 0 0 512 
9606.ENSP00000418868 9606.ENSP00000476767 0 0 0 86 0 0 116 158 
9606.ENSP00000418868 9606.ENSP00000428402 0 0 0 0 0 0 153 153 
9606.ENSP00000418868 9606.ENSP00000268607 0 0 0 169 0 0 58 183 
9606.ENSP00000418868 9606.ENSP00000327821 0 0 0 49 0 0 182 188 
9606.ENSP00000418868 9606.ENSP00000457513 0 0 0 162 0 0 0 162 
9606.ENSP00000418868 9606.ENSP00000290158 0 0 0 343 0 0 105 387 
9606.ENSP00000418868 9606.ENSP00000485663 0 0 0 259 0 900 62 924 
9606.ENSP00000418868 9606.ENSP00000246554 0 0 0 286 0 0 103 332 
9606.ENSP00000418868 9606.ENSP00000348849 0 0 0 977 991 900 717 999 
9606.ENSP00000418868 9606.ENSP00000360850 0 0 0 486 557 0 68 769 
9606.ENSP00000418868 9606.ENSP00000319591 0 0 0 229 331 0 62 473 
9606.ENSP00000418868 9606.ENSP00000300504 0 0 0 0 0 0 173 173 
9606.ENSP00000418868 9606.ENSP00000386918 0 0 0 0 0 0 207 207 
9606.ENSP00000418868 9606.ENSP00000333725 0 0 0 0 73 0 254 278 
9606.ENSP00000418868 9606.ENSP00000421172 0 0 0 0 0 0 153 153 
9606.ENSP00000418868 9606.ENSP00000394316 0 0 0 181 0 0 0 181 
9606.ENSP00000418868 9606.ENSP00000301396 0 0 0 83 0 900 0 904 
9606.ENSP00000418868 9606.ENSP00000357633 0 0 0 185 0 0 0 185 
9606.ENSP00000418868 9606.ENSP00000354972 0 0 0 167 0 0 0 167 
9606.ENSP00000418868 9606.ENSP00000245539 0 0 0 600 742 0 149 904 
9606.ENSP00000418868 9606.ENSP00000400142 0 0 0 100 118 0 62 191 
9606.ENSP00000418868 9606.ENSP00000352601 0 0 0 0 0 0 248 248 
9606.ENSP00000418868 9606.ENSP00000331901 0 0 0 579 0 0 136 621 
9606.ENSP00000418868 9606.ENSP00000374332 0 0 0 88 0 0 108 152 
9606.ENSP00000418868 9606.ENSP00000358089 0 0 0 120 0 0 251 313 
9606.ENSP00000418868 9606.ENSP00000359645 0 0 0 183 0 0 0 183 
9606.ENSP00000418868 9606.ENSP00000290378 0 0 0 0 0 0 162 162 
9606.ENSP00000418868 9606.ENSP00000328854 0 0 0 177 387 0 0 473 
9606.ENSP00000418868 9606.ENSP00000361084 0 0 0 100 0 0 271 315 
9606.ENSP00000418868 9606.ENSP00000339063 0 0 0 417 364 900 266 969 
9606.ENSP00000418868 9606.ENSP00000358840 0 0 0 201 0 0 68 224 
9606.ENSP00000418868 9606.ENSP00000289371 0 0 0 182 651 900 116 971 
9606.ENSP00000418868 9606.ENSP00000406162 0 0 0 143 0 0 63 163 
9606.ENSP00000418868 9606.ENSP00000358635 0 0 0 388 0 0 0 388 
9606.ENSP00000418868 9606.ENSP00000226796 0 0 0 179 0 0 0 179 
9606.ENSP00000418868 9606.ENSP00000266126 0 0 0 110 0 0 103 168 
9606.ENSP00000418868 9606.ENSP00000395196 0 0 0 445 458 0 161 725 
9606.ENSP00000418868 9606.ENSP00000233893 0 0 0 197 0 0 64 216 
9606.ENSP00000418868 9606.ENSP00000478982 0 0 0 524 403 0 91 719 
9606.ENSP00000418868 9606.ENSP00000315476 0 0 0 160 0 900 0 912 
9606.ENSP00000418868 9606.ENSP00000262916 0 0 0 229 331 0 62 473 
9606.ENSP00000418868 9606.ENSP00000323424 0 0 0 0 0 900 49 900 
9606.ENSP00000418868 9606.ENSP00000274242 0 0 0 922 960 900 643 999 
9606.ENSP00000418868 9606.ENSP00000307694 0 0 0 229 331 0 62 473 
9606.ENSP00000418868 9606.ENSP00000368477 0 0 0 232 0 0 43 233 
9606.ENSP00000418868 9606.ENSP00000272418 0 0 0 478 710 0 212 870 
9606.ENSP00000418868 9606.ENSP00000348596 0 0 0 69 85 0 112 177 
9606.ENSP00000418868 9606.ENSP00000355572 0 0 0 219 0 0 0 219 
9606.ENSP00000418868 9606.ENSP00000246071 0 0 0 180 0 0 0 180 
9606.ENSP00000418868 9606.ENSP00000367359 0 0 0 0 0 0 243 243 
9606.ENSP00000418868 9606.ENSP00000380033 0 0 0 73 131 0 0 159 
9606.ENSP00000418868 9606.ENSP00000367939 0 0 0 741 0 0 0 741 
9606.ENSP00000418868 9606.ENSP00000485478 0 0 0 0 0 0 159 159 
9606.ENSP00000418868 9606.ENSP00000337180 0 0 0 63 0 0 149 168 
9606.ENSP00000418868 9606.ENSP00000341885 0 0 0 948 984 900 757 999 
9606.ENSP00000418868 9606.ENSP00000319169 0 0 0 298 0 0 0 298 
9606.ENSP00000418868 9606.ENSP00000425261 0 0 0 0 0 0 504 504 
9606.ENSP00000418868 9606.ENSP00000265245 0 0 0 49 651 0 0 653 
9606.ENSP00000418868 9606.ENSP00000259667 0 0 0 196 0 0 54 207 
9606.ENSP00000418868 9606.ENSP00000219302 0 0 0 145 0 0 50 153 
9606.ENSP00000418868 9606.ENSP00000265564 0 0 0 229 0 900 196 932 
9606.ENSP00000418868 9606.ENSP00000254616 0 0 0 516 0 0 0 516 
9606.ENSP00000418868 9606.ENSP00000357076 0 0 0 85 0 0 132 173 
9606.ENSP00000418868 9606.ENSP00000358742 0 0 0 61 0 0 313 328 
9606.ENSP00000418868 9606.ENSP00000234590 0 0 0 97 0 0 166 215 
9606.ENSP00000418868 9606.ENSP00000264230 0 0 0 0 261 0 0 261 
9606.ENSP00000418868 9606.ENSP00000300026 0 0 0 141 0 0 133 223 
9606.ENSP00000418868 9606.ENSP00000338862 0 0 0 93 0 0 160 206 
9606.ENSP00000418868 9606.ENSP00000301072 0 0 0 139 0 0 89 182 
9606.ENSP00000418868 9606.ENSP00000339720 0 0 0 398 0 0 0 398 
9606.ENSP00000418868 9606.ENSP00000351416 0 0 0 65 0 0 271 289 
9606.ENSP00000418868 9606.ENSP00000337060 0 0 0 717 0 0 50 719 
9606.ENSP00000418868 9606.ENSP00000257245 0 0 0 587 0 0 0 587 
9606.ENSP00000418868 9606.ENSP00000282486 0 0 0 179 0 0 0 179 
9606.ENSP00000418868 9606.ENSP00000223321 0 0 0 322 0 0 0 322 
9606.ENSP00000418868 9606.ENSP00000364813 0 0 0 170 0 0 41 170 
9606.ENSP00000418868 9606.ENSP00000244020 0 0 0 146 0 0 71 174 
9606.ENSP00000418868 9606.ENSP00000302478 0 0 0 156 0 0 0 156 
9606.ENSP00000418868 9606.ENSP00000306003 0 0 0 825 0 0 0 825 
9606.ENSP00000418868 9606.ENSP00000258962 0 0 0 199 0 0 44 202 
9606.ENSP00000418868 9606.ENSP00000470972 0 0 0 992 960 900 761 999 
9606.ENSP00000418868 9606.ENSP00000229270 0 0 0 145 0 0 93 191 
9606.ENSP00000418868 9606.ENSP00000378405 0 0 0 0 0 0 205 205 
9606.ENSP00000418868 9606.ENSP00000306548 0 0 0 567 713 0 356 913 
9606.ENSP00000418868 9606.ENSP00000439128 0 0 0 111 0 0 149 211 
9606.ENSP00000418868 9606.ENSP00000338030 0 0 0 47 0 0 147 152 
9606.ENSP00000418868 9606.ENSP00000367615 0 0 0 195 0 0 0 195 
9606.ENSP00000418868 9606.ENSP00000329915 0 0 0 213 0 0 0 213 
9606.ENSP00000418868 9606.ENSP00000312814 0 0 0 0 0 0 190 190 
9606.ENSP00000418868 9606.ENSP00000410059 0 0 0 644 0 0 50 647 
9606.ENSP00000418868 9606.ENSP00000480832 0 0 0 179 0 0 0 179 
9606.ENSP00000418868 9606.ENSP00000336741 0 0 0 181 0 0 0 181 
9606.ENSP00000418868 9606.ENSP00000419851 0 0 0 144 0 0 64 164 
9606.ENSP00000418868 9606.ENSP00000358272 0 0 0 156 0 0 0 156 
9606.ENSP00000418868 9606.ENSP00000467466 0 0 0 989 960 900 667 999 
9606.ENSP00000418868 9606.ENSP00000313829 0 0 0 288 0 0 0 288 
9606.ENSP00000418868 9606.ENSP00000354086 0 0 0 105 0 0 89 150 
9606.ENSP00000418868 9606.ENSP00000268661 0 0 0 373 747 900 389 989 
9606.ENSP00000418868 9606.ENSP00000298428 0 0 0 0 671 900 0 965 
9606.ENSP00000418868 9606.ENSP00000370968 0 0 0 160 0 0 50 167 
9606.ENSP00000418868 9606.ENSP00000370414 0 0 0 509 0 0 0 509 
9606.ENSP00000418868 9606.ENSP00000472985 0 0 0 993 960 900 481 999 
9606.ENSP00000418868 9606.ENSP00000358784 0 0 0 229 331 0 62 473 
9606.ENSP00000418868 9606.ENSP00000270625 0 0 0 993 960 900 398 999 
9606.ENSP00000418868 9606.ENSP00000412922 0 0 0 81 0 0 132 168 
9606.ENSP00000418868 9606.ENSP00000360498 0 0 0 92 0 0 166 210 
9606.ENSP00000418868 9606.ENSP00000365883 0 0 0 69 297 0 0 317 
9606.ENSP00000418868 9606.ENSP00000403172 0 0 0 989 972 900 681 999 
9606.ENSP00000418868 9606.ENSP00000258424 0 0 0 362 0 0 0 362 
9606.ENSP00000418868 9606.ENSP00000358802 0 0 0 229 331 0 62 473 
9606.ENSP00000418868 9606.ENSP00000463379 0 0 0 655 952 0 227 986 
9606.ENSP00000418868 9606.ENSP00000408005 0 0 0 0 386 0 0 386 
