9606.ENSP00000362463 9606.ENSP00000310928 0 0 0 0 70 0 164 190 
9606.ENSP00000362463 9606.ENSP00000294053 46 0 0 78 0 0 156 192 
9606.ENSP00000362463 9606.ENSP00000294312 0 0 0 0 0 0 250 250 
9606.ENSP00000362463 9606.ENSP00000299767 0 0 0 96 0 0 126 177 
9606.ENSP00000362463 9606.ENSP00000417378 0 0 0 0 0 0 172 172 
9606.ENSP00000362463 9606.ENSP00000288532 0 0 0 80 0 0 228 259 
9606.ENSP00000362463 9606.ENSP00000333666 0 0 0 60 0 0 310 324 
9606.ENSP00000362463 9606.ENSP00000303366 0 0 0 0 0 0 243 243 
9606.ENSP00000362463 9606.ENSP00000371728 0 0 0 0 0 0 198 198 
9606.ENSP00000362463 9606.ENSP00000392353 0 0 0 0 406 0 0 406 
9606.ENSP00000362463 9606.ENSP00000377486 175 0 0 122 0 0 90 283 
9606.ENSP00000362463 9606.ENSP00000295688 0 0 0 119 50 0 109 190 
9606.ENSP00000362463 9606.ENSP00000327801 0 0 0 82 0 0 467 490 
9606.ENSP00000362463 9606.ENSP00000364815 156 0 0 88 79 0 156 321 
9606.ENSP00000362463 9606.ENSP00000282841 70 0 0 85 63 0 415 472 
9606.ENSP00000362463 9606.ENSP00000256593 0 0 0 64 0 0 135 155 
9606.ENSP00000362463 9606.ENSP00000199447 0 0 0 157 0 0 183 281 
9606.ENSP00000362463 9606.ENSP00000312143 0 0 0 0 0 0 155 155 
9606.ENSP00000362463 9606.ENSP00000348886 0 0 0 118 0 0 96 169 
9606.ENSP00000362463 9606.ENSP00000478320 0 0 0 0 0 0 299 299 
9606.ENSP00000362463 9606.ENSP00000448054 0 0 0 203 0 0 0 203 
9606.ENSP00000362463 9606.ENSP00000350698 0 0 0 120 51 0 79 163 
9606.ENSP00000362463 9606.ENSP00000379472 0 0 0 0 0 0 334 334 
9606.ENSP00000362463 9606.ENSP00000426632 0 0 0 61 0 0 159 176 
9606.ENSP00000362463 9606.ENSP00000254759 140 0 0 212 77 0 0 320 
9606.ENSP00000362463 9606.ENSP00000263182 0 0 0 100 0 0 107 162 
9606.ENSP00000362463 9606.ENSP00000365131 0 0 0 0 0 0 276 276 
9606.ENSP00000362463 9606.ENSP00000039007 0 0 0 0 0 0 177 177 
9606.ENSP00000362463 9606.ENSP00000258317 70 0 0 0 0 0 176 200 
9606.ENSP00000362463 9606.ENSP00000351407 0 0 0 0 0 0 292 292 
9606.ENSP00000362463 9606.ENSP00000371253 0 0 0 65 0 0 162 182 
9606.ENSP00000362463 9606.ENSP00000284116 44 0 0 151 0 0 203 296 
9606.ENSP00000362463 9606.ENSP00000358106 0 0 0 0 413 0 85 439 
9606.ENSP00000362463 9606.ENSP00000362576 205 0 0 98 0 0 458 577 
9606.ENSP00000362463 9606.ENSP00000350815 0 0 0 0 70 0 132 159 
9606.ENSP00000362463 9606.ENSP00000259392 0 0 0 63 0 0 138 158 
9606.ENSP00000362463 9606.ENSP00000245206 0 0 0 130 84 0 145 259 
9606.ENSP00000362463 9606.ENSP00000346173 0 0 0 122 0 0 138 211 
9606.ENSP00000362463 9606.ENSP00000342056 0 0 0 0 0 0 345 345 
9606.ENSP00000362463 9606.ENSP00000370748 0 0 0 69 0 0 221 244 
9606.ENSP00000362463 9606.ENSP00000355518 89 0 0 138 0 0 477 554 
9606.ENSP00000362463 9606.ENSP00000242839 47 0 0 0 0 0 183 188 
9606.ENSP00000362463 9606.ENSP00000344989 60 0 0 62 0 0 120 156 
9606.ENSP00000362463 9606.ENSP00000399457 0 0 0 65 0 0 349 365 
9606.ENSP00000362463 9606.ENSP00000359991 0 0 0 197 419 0 284 637 
9606.ENSP00000362463 9606.ENSP00000393241 0 0 0 92 0 0 203 246 
9606.ENSP00000362463 9606.ENSP00000249269 0 0 0 218 0 0 118 282 
9606.ENSP00000362463 9606.ENSP00000383365 68 0 0 129 0 0 156 255 
9606.ENSP00000362463 9606.ENSP00000432568 0 0 0 0 0 0 227 227 
9606.ENSP00000362463 9606.ENSP00000317971 0 0 0 65 0 0 185 205 
9606.ENSP00000362463 9606.ENSP00000322419 0 0 0 0 0 0 173 173 
9606.ENSP00000362463 9606.ENSP00000309539 49 0 0 0 0 0 180 187 
9606.ENSP00000362463 9606.ENSP00000436318 45 0 0 0 102 0 131 189 
9606.ENSP00000362463 9606.ENSP00000332274 0 0 0 61 0 0 204 220 
9606.ENSP00000362463 9606.ENSP00000369456 52 0 0 62 387 0 163 482 
9606.ENSP00000362463 9606.ENSP00000420487 0 0 0 63 0 0 204 222 
9606.ENSP00000362463 9606.ENSP00000365388 70 0 0 80 50 0 130 198 
9606.ENSP00000362463 9606.ENSP00000364035 69 0 0 0 0 0 166 190 
9606.ENSP00000362463 9606.ENSP00000410452 0 0 0 62 0 0 138 156 
9606.ENSP00000362463 9606.ENSP00000285930 0 0 0 172 420 0 634 809 
9606.ENSP00000362463 9606.ENSP00000318480 78 0 0 131 0 0 130 242 
9606.ENSP00000362463 9606.ENSP00000328090 0 0 0 0 0 0 186 186 
9606.ENSP00000362463 9606.ENSP00000348381 43 0 0 64 0 0 132 154 
9606.ENSP00000362463 9606.ENSP00000325822 0 0 0 0 0 0 224 224 
9606.ENSP00000362463 9606.ENSP00000053468 0 0 0 100 0 0 160 211 
9606.ENSP00000362463 9606.ENSP00000295256 0 0 0 64 0 0 515 527 
9606.ENSP00000362463 9606.ENSP00000364986 0 0 0 63 0 0 159 178 
9606.ENSP00000362463 9606.ENSP00000378974 0 0 0 0 0 0 157 157 
9606.ENSP00000362463 9606.ENSP00000256495 0 0 0 0 0 0 230 230 
9606.ENSP00000362463 9606.ENSP00000231948 0 0 0 0 0 0 168 168 
9606.ENSP00000362463 9606.ENSP00000219252 0 0 0 64 0 0 167 186 
9606.ENSP00000362463 9606.ENSP00000377532 0 0 0 61 0 0 176 193 
9606.ENSP00000362463 9606.ENSP00000278715 0 0 0 65 0 0 231 250 
9606.ENSP00000362463 9606.ENSP00000381231 44 0 0 0 0 0 201 203 
9606.ENSP00000362463 9606.ENSP00000378699 0 0 0 154 0 0 0 154 
9606.ENSP00000362463 9606.ENSP00000360560 0 0 0 61 0 0 402 414 
9606.ENSP00000362463 9606.ENSP00000405708 0 0 0 0 0 0 409 409 
9606.ENSP00000362463 9606.ENSP00000461324 0 0 0 89 0 0 226 264 
9606.ENSP00000362463 9606.ENSP00000418008 0 0 0 154 0 0 0 154 
9606.ENSP00000362463 9606.ENSP00000349446 0 0 0 64 0 0 184 203 
9606.ENSP00000362463 9606.ENSP00000371267 0 0 0 180 0 0 167 288 
9606.ENSP00000362463 9606.ENSP00000348108 0 0 0 0 0 0 223 223 
9606.ENSP00000362463 9606.ENSP00000231454 0 0 0 0 0 0 185 185 
9606.ENSP00000362463 9606.ENSP00000345347 0 0 0 77 0 0 191 221 
9606.ENSP00000362463 9606.ENSP00000246062 0 0 0 62 50 0 125 152 
9606.ENSP00000362463 9606.ENSP00000331897 125 0 0 0 0 0 141 216 
9606.ENSP00000362463 9606.ENSP00000312021 0 0 0 0 0 0 157 157 
9606.ENSP00000362463 9606.ENSP00000447378 0 0 0 0 0 0 224 224 
9606.ENSP00000362463 9606.ENSP00000394624 0 0 0 0 0 0 335 335 
9606.ENSP00000362463 9606.ENSP00000290349 0 0 0 73 0 0 232 258 
9606.ENSP00000362463 9606.ENSP00000244137 0 0 0 62 0 0 270 286 
9606.ENSP00000362463 9606.ENSP00000447056 75 0 0 0 0 0 157 186 
9606.ENSP00000362463 9606.ENSP00000359956 0 0 0 61 0 0 284 299 
9606.ENSP00000362463 9606.ENSP00000263413 0 0 0 0 0 0 390 390 
9606.ENSP00000362463 9606.ENSP00000229812 0 0 0 0 0 0 172 172 
9606.ENSP00000362463 9606.ENSP00000361524 0 0 0 0 0 0 227 227 
9606.ENSP00000362463 9606.ENSP00000369146 0 0 0 63 0 0 167 186 
9606.ENSP00000362463 9606.ENSP00000324173 0 0 0 65 0 0 221 240 
9606.ENSP00000362463 9606.ENSP00000298198 44 0 0 64 0 0 131 154 
9606.ENSP00000362463 9606.ENSP00000358515 0 0 0 0 0 0 161 161 
9606.ENSP00000362463 9606.ENSP00000234420 0 0 0 97 0 0 231 276 
9606.ENSP00000362463 9606.ENSP00000236671 0 0 0 49 0 0 143 150 
9606.ENSP00000362463 9606.ENSP00000313432 111 0 0 86 416 900 226 956 
9606.ENSP00000362463 9606.ENSP00000320658 55 0 0 62 0 0 436 456 
9606.ENSP00000362463 9606.ENSP00000371393 44 0 0 64 0 0 623 633 
9606.ENSP00000362463 9606.ENSP00000390232 0 0 0 0 0 0 282 282 
9606.ENSP00000362463 9606.ENSP00000314380 0 0 0 63 0 0 148 168 
9606.ENSP00000362463 9606.ENSP00000278572 0 0 0 116 0 0 133 202 
9606.ENSP00000362463 9606.ENSP00000320184 0 0 0 150 0 0 0 150 
9606.ENSP00000362463 9606.ENSP00000307786 0 0 0 145 0 0 217 302 
9606.ENSP00000362463 9606.ENSP00000378408 0 0 0 62 0 0 286 302 
9606.ENSP00000362463 9606.ENSP00000216455 0 0 0 182 0 0 50 190 
9606.ENSP00000362463 9606.ENSP00000390011 179 0 0 0 0 0 0 179 
9606.ENSP00000362463 9606.ENSP00000283033 0 0 0 64 0 0 155 175 
9606.ENSP00000362463 9606.ENSP00000317159 0 0 0 89 0 0 154 197 
9606.ENSP00000362463 9606.ENSP00000364219 0 0 0 0 0 0 154 154 
9606.ENSP00000362463 9606.ENSP00000324648 0 0 0 0 0 0 224 224 
9606.ENSP00000362463 9606.ENSP00000302476 0 0 0 0 0 0 250 250 
9606.ENSP00000362463 9606.ENSP00000391211 60 0 0 193 0 0 99 257 
9606.ENSP00000362463 9606.ENSP00000364126 43 0 0 0 0 0 156 157 
9606.ENSP00000362463 9606.ENSP00000367992 147 0 0 135 0 0 742 793 
9606.ENSP00000362463 9606.ENSP00000418754 0 0 0 50 0 0 295 301 
9606.ENSP00000362463 9606.ENSP00000303077 0 0 0 0 84 0 114 153 
9606.ENSP00000362463 9606.ENSP00000222511 134 0 0 62 0 0 44 155 
9606.ENSP00000362463 9606.ENSP00000205194 0 0 0 0 0 0 185 185 
9606.ENSP00000362463 9606.ENSP00000382684 0 0 0 0 0 0 212 212 
9606.ENSP00000362463 9606.ENSP00000299299 0 0 0 108 0 0 106 169 
9606.ENSP00000362463 9606.ENSP00000396308 75 0 0 113 0 0 131 225 
9606.ENSP00000362463 9606.ENSP00000368140 50 0 0 0 0 0 150 157 
9606.ENSP00000362463 9606.ENSP00000284476 0 0 0 0 0 0 156 156 
9606.ENSP00000362463 9606.ENSP00000391481 0 0 0 70 363 0 334 571 
9606.ENSP00000362463 9606.ENSP00000377936 0 0 0 0 0 0 222 222 
9606.ENSP00000362463 9606.ENSP00000440246 44 0 0 0 0 0 213 215 
9606.ENSP00000362463 9606.ENSP00000262844 0 0 0 121 0 0 86 162 
9606.ENSP00000362463 9606.ENSP00000376889 0 0 0 304 0 0 123 364 
9606.ENSP00000362463 9606.ENSP00000370373 0 0 0 200 54 0 57 224 
9606.ENSP00000362463 9606.ENSP00000350954 0 0 0 0 64 0 158 178 
9606.ENSP00000362463 9606.ENSP00000366156 52 0 0 64 0 0 286 311 
9606.ENSP00000362463 9606.ENSP00000283871 0 0 0 0 0 0 208 208 
9606.ENSP00000362463 9606.ENSP00000416561 0 0 0 0 54 0 264 274 
9606.ENSP00000362463 9606.ENSP00000356134 77 0 0 77 0 0 148 210 
9606.ENSP00000362463 9606.ENSP00000440185 0 0 0 0 0 0 234 234 
9606.ENSP00000362463 9606.ENSP00000432561 0 0 0 0 0 0 196 196 
9606.ENSP00000362463 9606.ENSP00000481321 0 0 0 0 0 0 167 167 
9606.ENSP00000362463 9606.ENSP00000434364 0 0 0 0 79 0 126 160 
9606.ENSP00000362463 9606.ENSP00000296411 0 0 0 187 0 0 75 215 
9606.ENSP00000362463 9606.ENSP00000431040 0 0 0 97 0 0 100 152 
9606.ENSP00000362463 9606.ENSP00000380252 0 0 0 0 0 0 536 536 
9606.ENSP00000362463 9606.ENSP00000440045 0 0 0 0 0 0 213 213 
9606.ENSP00000362463 9606.ENSP00000483507 80 0 0 0 0 0 179 212 
9606.ENSP00000362463 9606.ENSP00000369314 0 0 0 113 0 0 439 481 
9606.ENSP00000362463 9606.ENSP00000426909 0 0 0 67 0 0 381 398 
9606.ENSP00000362463 9606.ENSP00000325681 0 0 0 0 0 0 214 214 
9606.ENSP00000362463 9606.ENSP00000451080 0 0 0 110 0 0 111 175 
9606.ENSP00000362463 9606.ENSP00000329200 0 0 0 0 0 0 163 163 
9606.ENSP00000362463 9606.ENSP00000261692 0 0 0 69 0 0 198 221 
9606.ENSP00000362463 9606.ENSP00000263774 51 0 0 174 0 0 90 224 
9606.ENSP00000362463 9606.ENSP00000315644 142 0 0 99 0 0 84 230 
9606.ENSP00000362463 9606.ENSP00000306245 0 0 0 0 134 0 116 201 
9606.ENSP00000362463 9606.ENSP00000363809 43 0 0 0 0 0 289 290 
9606.ENSP00000362463 9606.ENSP00000361704 120 0 0 82 0 0 62 176 
9606.ENSP00000362463 9606.ENSP00000478310 0 0 0 205 0 0 0 205 
9606.ENSP00000362463 9606.ENSP00000294724 0 0 0 63 387 0 63 414 
9606.ENSP00000362463 9606.ENSP00000369965 0 0 0 121 0 0 367 420 
9606.ENSP00000362463 9606.ENSP00000326366 0 0 0 0 0 0 207 207 
9606.ENSP00000362463 9606.ENSP00000365462 135 0 0 50 0 0 466 523 
9606.ENSP00000362463 9606.ENSP00000298556 106 0 0 184 0 0 0 240 
9606.ENSP00000362463 9606.ENSP00000315351 0 0 0 63 0 0 138 158 
9606.ENSP00000362463 9606.ENSP00000353362 0 0 0 0 0 0 299 299 
9606.ENSP00000362463 9606.ENSP00000412927 0 0 0 0 0 0 213 213 
9606.ENSP00000362463 9606.ENSP00000229329 0 0 0 144 0 0 79 177 
9606.ENSP00000362463 9606.ENSP00000419879 0 0 0 0 0 0 161 161 
9606.ENSP00000362463 9606.ENSP00000017003 0 0 0 0 0 0 155 155 
9606.ENSP00000362463 9606.ENSP00000439585 0 0 0 0 0 0 229 229 
9606.ENSP00000362463 9606.ENSP00000273590 0 0 0 0 0 0 395 395 
9606.ENSP00000362463 9606.ENSP00000215838 0 0 0 0 0 0 386 386 
9606.ENSP00000362463 9606.ENSP00000378191 51 0 0 94 0 0 163 217 
9606.ENSP00000362463 9606.ENSP00000362334 0 0 0 208 0 0 96 254 
9606.ENSP00000362463 9606.ENSP00000421725 0 0 0 0 0 0 347 347 
9606.ENSP00000362463 9606.ENSP00000374265 0 0 0 61 0 0 262 277 
9606.ENSP00000362463 9606.ENSP00000381234 44 0 0 0 0 0 201 203 
9606.ENSP00000362463 9606.ENSP00000259727 69 0 0 62 0 0 203 243 
9606.ENSP00000362463 9606.ENSP00000485525 42 0 0 142 0 0 94 190 
9606.ENSP00000362463 9606.ENSP00000264156 0 0 0 142 0 0 56 155 
9606.ENSP00000362463 9606.ENSP00000290765 0 0 0 64 79 0 153 206 
9606.ENSP00000362463 9606.ENSP00000323811 52 0 0 76 0 0 133 174 
9606.ENSP00000362463 9606.ENSP00000445175 59 0 0 162 0 0 293 394 
9606.ENSP00000362463 9606.ENSP00000245907 0 0 0 0 0 0 192 192 
9606.ENSP00000362463 9606.ENSP00000356840 0 0 0 0 0 0 258 258 
9606.ENSP00000362463 9606.ENSP00000358737 0 0 0 142 0 0 117 210 
9606.ENSP00000362463 9606.ENSP00000377958 0 0 0 173 50 0 105 236 
9606.ENSP00000362463 9606.ENSP00000414019 44 0 0 132 0 0 212 289 
9606.ENSP00000362463 9606.ENSP00000304592 0 0 0 0 190 0 170 299 
9606.ENSP00000362463 9606.ENSP00000403495 0 0 0 0 0 0 232 232 
9606.ENSP00000362463 9606.ENSP00000398698 0 0 0 0 0 0 185 185 
9606.ENSP00000362463 9606.ENSP00000333664 57 0 0 0 0 0 137 151 
9606.ENSP00000362463 9606.ENSP00000363641 0 0 0 266 0 0 438 570 
9606.ENSP00000362463 9606.ENSP00000366135 0 0 0 0 0 0 213 213 
9606.ENSP00000362463 9606.ENSP00000310260 0 0 0 0 0 0 162 162 
9606.ENSP00000362463 9606.ENSP00000411532 0 0 0 92 0 0 173 216 
9606.ENSP00000362463 9606.ENSP00000419425 0 0 0 112 57 0 106 187 
9606.ENSP00000362463 9606.ENSP00000379140 0 0 0 0 0 0 229 229 
9606.ENSP00000362463 9606.ENSP00000383840 0 0 0 0 0 0 224 224 
9606.ENSP00000362463 9606.ENSP00000417401 171 0 0 61 0 0 50 195 
9606.ENSP00000362463 9606.ENSP00000216392 0 0 0 49 0 0 146 154 
9606.ENSP00000362463 9606.ENSP00000309474 0 0 0 174 0 0 0 174 
9606.ENSP00000362463 9606.ENSP00000360688 0 0 0 65 0 0 293 310 
9606.ENSP00000362463 9606.ENSP00000261015 0 0 0 173 0 0 0 173 
9606.ENSP00000362463 9606.ENSP00000426638 0 0 0 64 0 0 164 184 
9606.ENSP00000362463 9606.ENSP00000480514 0 0 0 198 0 0 0 198 
9606.ENSP00000362463 9606.ENSP00000342026 0 0 0 217 419 0 323 665 
9606.ENSP00000362463 9606.ENSP00000219789 50 0 0 0 0 0 242 249 
9606.ENSP00000362463 9606.ENSP00000229829 0 0 0 0 0 0 256 256 
9606.ENSP00000362463 9606.ENSP00000217958 0 0 0 185 0 0 0 185 
9606.ENSP00000362463 9606.ENSP00000254322 0 0 0 64 0 0 225 243 
9606.ENSP00000362463 9606.ENSP00000264883 0 0 0 93 145 0 0 191 
9606.ENSP00000362463 9606.ENSP00000246337 135 0 0 63 0 0 232 323 
9606.ENSP00000362463 9606.ENSP00000367715 0 0 0 0 0 0 470 470 
9606.ENSP00000362463 9606.ENSP00000468969 0 0 0 117 0 0 103 174 
9606.ENSP00000362463 9606.ENSP00000356410 0 0 0 113 0 0 292 345 
9606.ENSP00000362463 9606.ENSP00000363745 0 0 0 104 0 0 102 160 
9606.ENSP00000362463 9606.ENSP00000295897 0 0 0 0 0 0 357 357 
9606.ENSP00000362463 9606.ENSP00000200691 0 0 0 63 0 0 166 185 
9606.ENSP00000362463 9606.ENSP00000387307 0 0 0 0 0 0 225 225 
9606.ENSP00000362463 9606.ENSP00000301585 43 0 0 0 0 0 163 164 
9606.ENSP00000362463 9606.ENSP00000439913 0 0 0 0 0 0 224 224 
9606.ENSP00000362463 9606.ENSP00000356382 0 0 0 0 0 0 448 448 
9606.ENSP00000362463 9606.ENSP00000265708 0 0 0 0 0 0 256 256 
9606.ENSP00000362463 9606.ENSP00000481109 0 0 0 0 0 0 237 237 
9606.ENSP00000362463 9606.ENSP00000355601 0 0 0 0 0 0 256 256 
9606.ENSP00000362463 9606.ENSP00000347184 0 0 0 0 0 0 185 185 
9606.ENSP00000362463 9606.ENSP00000305613 0 0 0 0 386 0 0 386 
9606.ENSP00000362463 9606.ENSP00000357705 0 0 0 0 0 0 254 254 
9606.ENSP00000362463 9606.ENSP00000263278 0 0 0 62 397 0 84 436 
9606.ENSP00000362463 9606.ENSP00000255192 0 0 0 0 0 0 273 273 
9606.ENSP00000362463 9606.ENSP00000450040 72 0 0 0 0 0 203 228 
9606.ENSP00000362463 9606.ENSP00000313243 0 0 0 59 0 0 502 512 
9606.ENSP00000362463 9606.ENSP00000264335 0 0 0 76 0 0 143 175 
9606.ENSP00000362463 9606.ENSP00000337040 0 0 0 0 0 0 317 317 
9606.ENSP00000362463 9606.ENSP00000300784 0 0 0 61 0 0 498 508 
9606.ENSP00000362463 9606.ENSP00000367446 0 0 0 0 0 0 157 157 
9606.ENSP00000362463 9606.ENSP00000356969 0 0 0 0 0 0 233 233 
9606.ENSP00000362463 9606.ENSP00000269159 0 0 0 0 418 0 0 418 
9606.ENSP00000362463 9606.ENSP00000269305 0 0 0 0 0 0 189 189 
9606.ENSP00000362463 9606.ENSP00000483688 0 0 0 90 0 0 168 210 
9606.ENSP00000362463 9606.ENSP00000287490 0 0 0 252 0 0 0 252 
9606.ENSP00000362463 9606.ENSP00000396452 111 0 0 57 0 0 135 211 
9606.ENSP00000362463 9606.ENSP00000362329 0 0 0 252 413 0 292 662 
9606.ENSP00000362463 9606.ENSP00000307900 53 0 0 64 0 0 396 418 
9606.ENSP00000362463 9606.ENSP00000312706 0 0 0 0 0 0 487 487 
9606.ENSP00000362463 9606.ENSP00000260443 0 0 0 152 0 0 0 152 
9606.ENSP00000362463 9606.ENSP00000385790 0 0 0 0 55 800 203 836 
9606.ENSP00000362463 9606.ENSP00000311343 0 0 0 55 0 0 373 382 
9606.ENSP00000362463 9606.ENSP00000306817 111 0 0 62 0 0 387 445 
9606.ENSP00000362463 9606.ENSP00000363533 59 0 0 64 0 0 188 223 
9606.ENSP00000362463 9606.ENSP00000203407 0 0 0 192 0 0 115 254 
9606.ENSP00000362463 9606.ENSP00000379563 54 0 0 121 0 0 79 167 
9606.ENSP00000362463 9606.ENSP00000223366 0 0 0 64 0 0 150 171 
9606.ENSP00000362463 9606.ENSP00000347032 0 0 0 0 0 0 177 177 
9606.ENSP00000362463 9606.ENSP00000276079 0 0 0 75 0 0 141 172 
9606.ENSP00000362463 9606.ENSP00000278618 0 0 0 111 0 0 101 167 
9606.ENSP00000362463 9606.ENSP00000355086 158 0 0 76 0 0 50 196 
9606.ENSP00000362463 9606.ENSP00000285379 0 0 0 0 0 0 195 195 
9606.ENSP00000362463 9606.ENSP00000356425 0 0 0 179 0 0 0 179 
9606.ENSP00000362463 9606.ENSP00000263035 0 0 0 63 0 0 140 159 
9606.ENSP00000362463 9606.ENSP00000359727 0 0 0 77 0 0 245 273 
9606.ENSP00000362463 9606.ENSP00000312286 0 0 0 0 0 0 194 194 
9606.ENSP00000362463 9606.ENSP00000358042 69 0 0 0 0 0 166 190 
9606.ENSP00000362463 9606.ENSP00000370213 50 0 0 0 0 0 220 227 
9606.ENSP00000362463 9606.ENSP00000366998 0 0 0 100 0 0 119 173 
9606.ENSP00000362463 9606.ENSP00000345096 69 0 0 62 0 0 203 243 
9606.ENSP00000362463 9606.ENSP00000418397 0 0 0 61 0 0 175 192 
9606.ENSP00000362463 9606.ENSP00000322716 43 0 0 55 0 0 439 448 
9606.ENSP00000362463 9606.ENSP00000430269 161 0 0 64 0 0 218 332 
9606.ENSP00000362463 9606.ENSP00000302665 0 0 0 0 0 0 189 189 
9606.ENSP00000362463 9606.ENSP00000443246 52 0 0 61 0 0 173 199 
9606.ENSP00000362463 9606.ENSP00000432660 0 0 0 74 0 0 168 198 
9606.ENSP00000362463 9606.ENSP00000380793 0 0 0 0 0 0 482 482 
9606.ENSP00000362463 9606.ENSP00000298910 0 0 0 61 0 0 252 267 
9606.ENSP00000362463 9606.ENSP00000309477 42 0 0 0 0 0 176 177 
9606.ENSP00000362463 9606.ENSP00000264758 43 0 0 64 0 0 132 154 
9606.ENSP00000362463 9606.ENSP00000376532 0 0 0 0 0 0 294 294 
9606.ENSP00000362463 9606.ENSP00000418751 0 0 0 0 0 0 537 537 
9606.ENSP00000362463 9606.ENSP00000267973 0 0 0 218 0 0 0 218 
9606.ENSP00000362463 9606.ENSP00000286788 0 0 0 155 0 0 0 155 
9606.ENSP00000362463 9606.ENSP00000317842 0 0 0 0 0 0 159 159 
9606.ENSP00000362463 9606.ENSP00000255390 0 0 0 42 0 0 194 194 
9606.ENSP00000362463 9606.ENSP00000436585 0 0 0 83 0 0 173 209 
9606.ENSP00000362463 9606.ENSP00000364794 0 0 0 186 0 0 44 188 
9606.ENSP00000362463 9606.ENSP00000379739 0 0 0 0 0 0 410 410 
9606.ENSP00000362463 9606.ENSP00000376623 0 0 0 0 0 0 226 226 
9606.ENSP00000362463 9606.ENSP00000354532 0 0 0 0 387 0 128 442 
9606.ENSP00000362463 9606.ENSP00000261514 50 0 0 0 0 0 220 227 
9606.ENSP00000362463 9606.ENSP00000290541 0 0 0 121 0 0 148 219 
9606.ENSP00000362463 9606.ENSP00000419270 0 0 0 0 0 0 176 176 
9606.ENSP00000362463 9606.ENSP00000409666 0 0 0 114 0 0 128 194 
9606.ENSP00000362463 9606.ENSP00000379287 0 0 0 88 0 0 130 172 
9606.ENSP00000362463 9606.ENSP00000384869 0 0 0 0 0 0 167 167 
9606.ENSP00000362463 9606.ENSP00000390020 0 0 0 0 0 0 238 238 
9606.ENSP00000362463 9606.ENSP00000378760 0 0 0 0 0 0 200 200 
9606.ENSP00000362463 9606.ENSP00000308938 0 0 0 0 54 0 237 247 
9606.ENSP00000362463 9606.ENSP00000374562 0 0 0 0 0 0 167 167 
9606.ENSP00000362463 9606.ENSP00000482548 0 0 0 0 0 0 177 177 
9606.ENSP00000362463 9606.ENSP00000361021 0 0 0 0 0 0 223 223 
9606.ENSP00000362463 9606.ENSP00000405965 0 0 0 98 0 0 98 151 
9606.ENSP00000362463 9606.ENSP00000420686 0 0 0 0 0 0 187 187 
9606.ENSP00000362463 9606.ENSP00000320935 44 0 0 63 0 0 140 162 
9606.ENSP00000362463 9606.ENSP00000275493 0 0 0 0 0 0 185 185 
9606.ENSP00000362463 9606.ENSP00000230048 77 0 0 103 0 0 531 578 
9606.ENSP00000362463 9606.ENSP00000359871 0 0 0 135 0 0 259 332 
9606.ENSP00000362463 9606.ENSP00000257549 0 0 0 0 55 800 203 836 
9606.ENSP00000362463 9606.ENSP00000356354 0 0 0 139 0 0 57 153 
9606.ENSP00000362463 9606.ENSP00000362946 0 0 0 64 0 0 188 208 
9606.ENSP00000362463 9606.ENSP00000250018 0 0 0 0 0 0 194 194 
9606.ENSP00000362463 9606.ENSP00000321584 69 0 0 156 0 0 203 319 
9606.ENSP00000362463 9606.ENSP00000369814 0 0 0 129 96 0 109 237 
9606.ENSP00000362463 9606.ENSP00000219162 0 0 0 63 0 0 171 190 
9606.ENSP00000362463 9606.ENSP00000303394 0 0 0 0 0 0 228 228 
9606.ENSP00000362463 9606.ENSP00000309542 0 0 0 49 0 0 749 751 
9606.ENSP00000362463 9606.ENSP00000220058 127 0 0 0 0 0 112 191 
9606.ENSP00000362463 9606.ENSP00000306459 0 0 0 0 0 0 157 157 
9606.ENSP00000362463 9606.ENSP00000272252 0 0 0 0 0 0 189 189 
9606.ENSP00000362463 9606.ENSP00000377311 0 0 0 77 0 0 159 190 
9606.ENSP00000362463 9606.ENSP00000265395 43 0 0 91 0 0 394 427 
9606.ENSP00000362463 9606.ENSP00000420211 0 0 0 0 0 0 297 297 
9606.ENSP00000362463 9606.ENSP00000296417 0 0 0 201 0 0 49 208 
9606.ENSP00000362463 9606.ENSP00000357787 0 0 0 0 0 0 169 169 
9606.ENSP00000362463 9606.ENSP00000298248 44 0 0 0 0 0 178 180 
9606.ENSP00000362463 9606.ENSP00000276590 49 0 0 155 0 0 310 397 
9606.ENSP00000362463 9606.ENSP00000296412 59 0 0 120 0 0 229 306 
9606.ENSP00000362463 9606.ENSP00000381607 0 0 0 64 0 0 253 270 
9606.ENSP00000362463 9606.ENSP00000269466 42 0 0 63 0 0 141 161 
9606.ENSP00000362463 9606.ENSP00000355865 0 0 0 0 0 0 230 230 
9606.ENSP00000362463 9606.ENSP00000246868 0 0 0 66 0 0 138 160 
9606.ENSP00000362463 9606.ENSP00000378360 0 0 0 112 0 0 105 171 
9606.ENSP00000362463 9606.ENSP00000263341 0 0 0 0 0 0 185 185 
9606.ENSP00000362463 9606.ENSP00000284440 0 0 0 62 85 0 94 154 
9606.ENSP00000362463 9606.ENSP00000356015 57 0 0 160 0 0 137 257 
9606.ENSP00000362463 9606.ENSP00000269980 52 0 0 61 0 0 236 261 
9606.ENSP00000362463 9606.ENSP00000349486 0 0 0 61 0 0 159 176 
9606.ENSP00000362463 9606.ENSP00000363817 0 0 0 0 70 0 239 262 
9606.ENSP00000362463 9606.ENSP00000367923 70 0 0 114 0 0 101 195 
9606.ENSP00000362463 9606.ENSP00000363500 0 0 0 96 0 0 104 155 
9606.ENSP00000362463 9606.ENSP00000370718 75 0 0 77 0 0 85 150 
9606.ENSP00000362463 9606.ENSP00000376886 0 0 0 255 0 0 123 319 
9606.ENSP00000362463 9606.ENSP00000356853 0 0 0 81 0 0 267 298 
9606.ENSP00000362463 9606.ENSP00000387219 0 0 0 163 0 0 68 186 
9606.ENSP00000362463 9606.ENSP00000350512 0 0 0 211 0 0 0 211 
9606.ENSP00000362463 9606.ENSP00000296577 0 0 0 161 0 0 0 161 
9606.ENSP00000362463 9606.ENSP00000275016 0 0 0 0 0 0 200 200 
9606.ENSP00000362463 9606.ENSP00000379386 59 0 0 119 0 0 316 384 
9606.ENSP00000362463 9606.ENSP00000360124 50 0 0 64 0 0 749 757 
9606.ENSP00000362463 9606.ENSP00000308720 0 0 0 0 54 0 178 189 
9606.ENSP00000362463 9606.ENSP00000265605 46 0 0 62 0 0 151 174 
9606.ENSP00000362463 9606.ENSP00000370966 45 0 0 109 0 0 112 178 
9606.ENSP00000362463 9606.ENSP00000365757 0 0 0 0 0 0 177 177 
9606.ENSP00000362463 9606.ENSP00000272067 176 0 0 96 0 0 447 552 
9606.ENSP00000362463 9606.ENSP00000345728 47 0 0 0 0 0 178 183 
9606.ENSP00000362463 9606.ENSP00000351805 0 0 0 0 0 0 217 217 
9606.ENSP00000362463 9606.ENSP00000454071 0 0 0 0 0 0 186 186 
9606.ENSP00000362463 9606.ENSP00000428982 0 0 0 151 0 0 0 151 
9606.ENSP00000362463 9606.ENSP00000317904 0 0 0 62 50 0 154 180 
9606.ENSP00000362463 9606.ENSP00000270792 0 0 0 0 0 0 210 210 
9606.ENSP00000362463 9606.ENSP00000329614 156 0 0 0 0 0 50 163 
9606.ENSP00000362463 9606.ENSP00000473348 43 0 0 112 0 0 399 445 
9606.ENSP00000362463 9606.ENSP00000474560 44 0 0 90 0 0 185 229 
9606.ENSP00000362463 9606.ENSP00000333837 0 0 0 92 0 0 127 173 
9606.ENSP00000362463 9606.ENSP00000357535 0 0 0 178 0 0 115 241 
9606.ENSP00000362463 9606.ENSP00000217961 0 0 0 61 0 0 256 271 
9606.ENSP00000362463 9606.ENSP00000265707 0 0 0 0 0 0 222 222 
9606.ENSP00000362463 9606.ENSP00000295899 0 0 0 172 0 0 0 172 
9606.ENSP00000362463 9606.ENSP00000345055 0 0 0 0 0 0 420 420 
9606.ENSP00000362463 9606.ENSP00000420914 47 0 0 97 0 0 164 218 
9606.ENSP00000362463 9606.ENSP00000307706 0 0 0 63 0 0 165 184 
9606.ENSP00000362463 9606.ENSP00000419665 59 0 0 160 81 0 0 210 
9606.ENSP00000362463 9606.ENSP00000231238 0 0 0 82 0 0 210 244 
9606.ENSP00000362463 9606.ENSP00000414330 0 0 0 0 0 0 173 173 
9606.ENSP00000362463 9606.ENSP00000434516 161 0 0 209 0 0 359 537 
9606.ENSP00000362463 9606.ENSP00000373620 0 0 0 199 50 0 216 351 
9606.ENSP00000362463 9606.ENSP00000439012 0 0 0 105 0 0 124 183 
9606.ENSP00000362463 9606.ENSP00000276569 0 0 0 65 0 0 251 269 
9606.ENSP00000362463 9606.ENSP00000368305 44 0 0 98 0 0 106 161 
9606.ENSP00000362463 9606.ENSP00000225698 0 0 0 203 145 0 0 289 
9606.ENSP00000362463 9606.ENSP00000296511 0 0 0 83 0 0 149 186 
9606.ENSP00000362463 9606.ENSP00000225573 0 0 0 0 0 0 204 204 
9606.ENSP00000362463 9606.ENSP00000264870 0 0 0 0 0 0 499 499 
9606.ENSP00000362463 9606.ENSP00000299300 0 0 0 263 50 0 128 336 
9606.ENSP00000362463 9606.ENSP00000168216 0 0 0 161 0 0 75 191 
9606.ENSP00000362463 9606.ENSP00000362803 0 0 0 150 57 0 190 295 
9606.ENSP00000362463 9606.ENSP00000380432 0 0 0 0 0 0 313 313 
9606.ENSP00000362463 9606.ENSP00000360262 60 0 0 0 0 0 148 164 
9606.ENSP00000362463 9606.ENSP00000309524 0 0 0 0 0 0 226 226 
9606.ENSP00000362463 9606.ENSP00000238112 0 0 0 157 0 0 49 164 
9606.ENSP00000362463 9606.ENSP00000225519 60 0 0 0 0 0 148 164 
9606.ENSP00000362463 9606.ENSP00000281156 0 0 0 0 0 0 332 332 
9606.ENSP00000362463 9606.ENSP00000355890 77 0 0 148 0 0 104 233 
9606.ENSP00000362463 9606.ENSP00000396688 0 0 0 0 0 0 388 388 
9606.ENSP00000362463 9606.ENSP00000327070 59 0 0 113 0 0 208 282 
9606.ENSP00000362463 9606.ENSP00000291700 0 0 0 0 0 0 242 242 
9606.ENSP00000362463 9606.ENSP00000320043 110 0 0 88 0 0 71 180 
9606.ENSP00000362463 9606.ENSP00000235382 0 0 0 0 0 0 160 160 
9606.ENSP00000362463 9606.ENSP00000370254 0 0 0 129 96 0 254 362 
9606.ENSP00000362463 9606.ENSP00000314544 0 0 0 0 0 0 214 214 
9606.ENSP00000362463 9606.ENSP00000352706 0 0 0 96 0 0 222 266 
9606.ENSP00000362463 9606.ENSP00000344223 0 0 0 59 0 0 168 183 
9606.ENSP00000362463 9606.ENSP00000239830 0 0 0 0 0 0 285 285 
9606.ENSP00000362463 9606.ENSP00000216330 0 0 0 253 54 0 57 275 
9606.ENSP00000362463 9606.ENSP00000261845 0 0 0 90 0 0 122 167 
9606.ENSP00000362463 9606.ENSP00000356381 60 0 0 77 0 0 99 150 
9606.ENSP00000362463 9606.ENSP00000292301 0 0 0 0 0 0 187 187 
9606.ENSP00000362463 9606.ENSP00000420418 0 0 0 0 0 0 315 315 
9606.ENSP00000362463 9606.ENSP00000354280 0 0 0 0 54 0 178 189 
9606.ENSP00000362463 9606.ENSP00000445920 0 0 0 0 0 0 203 203 
9606.ENSP00000362463 9606.ENSP00000256854 0 0 0 111 0 0 96 163 
9606.ENSP00000362463 9606.ENSP00000215071 0 0 0 104 0 0 132 190 
9606.ENSP00000362463 9606.ENSP00000317636 0 0 0 0 0 0 241 241 
9606.ENSP00000362463 9606.ENSP00000216416 0 0 0 180 0 0 48 185 
9606.ENSP00000362463 9606.ENSP00000360541 0 0 0 0 0 0 223 223 
9606.ENSP00000362463 9606.ENSP00000301764 0 0 0 42 0 0 174 175 
9606.ENSP00000362463 9606.ENSP00000337623 0 0 0 0 0 0 158 158 
9606.ENSP00000362463 9606.ENSP00000378364 0 0 0 0 0 0 173 173 
9606.ENSP00000362463 9606.ENSP00000354923 0 0 0 0 0 0 186 186 
9606.ENSP00000362463 9606.ENSP00000367309 0 0 0 0 0 800 133 819 
9606.ENSP00000362463 9606.ENSP00000367440 0 0 0 0 0 0 416 416 
9606.ENSP00000362463 9606.ENSP00000367239 0 0 0 0 0 0 250 250 
9606.ENSP00000362463 9606.ENSP00000303129 45 0 0 109 0 0 112 178 
9606.ENSP00000362463 9606.ENSP00000483494 0 0 0 0 0 0 243 243 
9606.ENSP00000362463 9606.ENSP00000381859 0 0 0 159 0 0 0 159 
9606.ENSP00000362463 9606.ENSP00000278353 75 0 0 63 0 0 202 247 
9606.ENSP00000362463 9606.ENSP00000386284 174 0 0 62 0 0 318 425 
9606.ENSP00000362463 9606.ENSP00000480313 0 0 0 63 0 0 174 193 
9606.ENSP00000362463 9606.ENSP00000216951 0 0 0 87 0 0 338 370 
9606.ENSP00000362463 9606.ENSP00000384092 0 0 0 0 0 0 220 220 
9606.ENSP00000362463 9606.ENSP00000351990 0 0 0 209 0 0 67 231 
9606.ENSP00000362463 9606.ENSP00000385828 0 0 0 109 0 0 145 205 
9606.ENSP00000362463 9606.ENSP00000342374 0 0 0 118 0 0 117 189 
9606.ENSP00000362463 9606.ENSP00000290429 0 0 0 64 0 0 158 178 
9606.ENSP00000362463 9606.ENSP00000355536 0 0 0 0 0 0 413 413 
9606.ENSP00000362463 9606.ENSP00000227868 0 0 0 98 0 0 106 159 
9606.ENSP00000362463 9606.ENSP00000276651 49 0 0 0 0 0 228 234 
9606.ENSP00000362463 9606.ENSP00000448059 0 0 0 0 0 0 220 220 
9606.ENSP00000362463 9606.ENSP00000272647 0 0 0 121 0 0 86 162 
9606.ENSP00000362463 9606.ENSP00000361512 0 0 0 121 0 0 116 190 
9606.ENSP00000362463 9606.ENSP00000259037 0 0 0 213 0 0 0 213 
9606.ENSP00000362463 9606.ENSP00000229135 0 0 0 0 0 0 185 185 
9606.ENSP00000362463 9606.ENSP00000296509 0 0 0 179 0 0 0 179 
9606.ENSP00000362463 9606.ENSP00000365533 0 0 0 0 0 0 234 234 
9606.ENSP00000362463 9606.ENSP00000387123 46 0 0 61 0 0 189 210 
9606.ENSP00000362463 9606.ENSP00000382595 56 0 0 195 0 0 73 234 
9606.ENSP00000362463 9606.ENSP00000305480 43 0 0 110 0 0 151 214 
9606.ENSP00000362463 9606.ENSP00000302961 0 0 0 105 0 0 256 305 
9606.ENSP00000362463 9606.ENSP00000377396 0 0 0 0 0 0 165 165 
9606.ENSP00000362463 9606.ENSP00000259632 0 0 0 0 0 0 205 205 
9606.ENSP00000362463 9606.ENSP00000225969 170 0 0 208 0 0 63 330 
9606.ENSP00000362463 9606.ENSP00000277541 0 0 0 0 0 0 214 214 
9606.ENSP00000362463 9606.ENSP00000306330 0 0 0 0 0 0 249 249 
9606.ENSP00000362463 9606.ENSP00000346067 0 0 0 46 0 0 194 198 
9606.ENSP00000362463 9606.ENSP00000400591 0 0 0 141 0 0 58 156 
9606.ENSP00000362463 9606.ENSP00000264029 0 0 0 189 65 0 222 358 
9606.ENSP00000362463 9606.ENSP00000378743 0 0 0 86 0 0 166 206 
9606.ENSP00000362463 9606.ENSP00000337688 0 0 0 63 0 0 304 320 
9606.ENSP00000362463 9606.ENSP00000290573 0 0 0 64 0 0 161 182 
9606.ENSP00000362463 9606.ENSP00000268668 0 0 0 820 0 0 112 834 
9606.ENSP00000362463 9606.ENSP00000359172 44 0 0 0 0 0 180 182 
9606.ENSP00000362463 9606.ENSP00000422626 0 0 0 49 0 0 148 155 
9606.ENSP00000362463 9606.ENSP00000382327 0 0 0 64 0 0 167 186 
9606.ENSP00000362463 9606.ENSP00000363216 0 0 0 63 0 0 166 185 
9606.ENSP00000362463 9606.ENSP00000260408 0 0 0 0 0 0 171 171 
9606.ENSP00000362463 9606.ENSP00000335153 0 0 0 108 0 0 240 294 
9606.ENSP00000362463 9606.ENSP00000411821 46 0 0 90 0 0 269 309 
9606.ENSP00000362463 9606.ENSP00000219439 75 0 0 63 0 0 111 162 
9606.ENSP00000362463 9606.ENSP00000361140 0 0 0 177 128 0 441 564 
9606.ENSP00000362463 9606.ENSP00000349359 0 0 0 0 0 0 302 302 
9606.ENSP00000362463 9606.ENSP00000221130 68 0 209 172 0 0 784 850 
9606.ENSP00000362463 9606.ENSP00000233055 0 0 0 0 64 0 153 173 
9606.ENSP00000362463 9606.ENSP00000482437 0 0 0 0 0 0 393 393 
9606.ENSP00000362463 9606.ENSP00000394417 0 0 0 183 0 0 0 183 
9606.ENSP00000362463 9606.ENSP00000314776 49 0 0 108 0 0 321 374 
9606.ENSP00000362463 9606.ENSP00000355014 0 0 0 109 221 0 50 283 
9606.ENSP00000362463 9606.ENSP00000345873 45 0 0 0 0 0 219 222 
9606.ENSP00000362463 9606.ENSP00000362353 0 0 0 0 0 0 256 256 
9606.ENSP00000362463 9606.ENSP00000261479 0 0 0 141 0 0 50 150 
9606.ENSP00000362463 9606.ENSP00000369927 0 0 0 129 96 0 157 278 
9606.ENSP00000362463 9606.ENSP00000360609 0 0 0 118 0 0 164 232 
9606.ENSP00000362463 9606.ENSP00000271308 0 0 0 174 0 0 81 209 
9606.ENSP00000362463 9606.ENSP00000397552 0 0 0 155 0 0 63 175 
9606.ENSP00000362463 9606.ENSP00000360034 0 0 0 152 0 0 143 242 
9606.ENSP00000362463 9606.ENSP00000335060 78 0 0 0 0 0 134 167 
9606.ENSP00000362463 9606.ENSP00000264167 0 0 0 63 0 0 164 183 
9606.ENSP00000362463 9606.ENSP00000270225 0 0 0 145 0 0 83 183 
9606.ENSP00000362463 9606.ENSP00000265171 0 0 0 0 0 0 185 185 
9606.ENSP00000362463 9606.ENSP00000262982 0 0 0 173 0 0 41 173 
9606.ENSP00000362463 9606.ENSP00000325312 0 0 0 123 0 0 329 387 
9606.ENSP00000362463 9606.ENSP00000268053 0 0 0 0 0 0 204 204 
9606.ENSP00000362463 9606.ENSP00000380402 0 0 0 109 0 0 205 261 
9606.ENSP00000362463 9606.ENSP00000231449 0 0 0 0 0 0 185 185 
9606.ENSP00000362463 9606.ENSP00000215754 0 0 0 252 0 0 188 366 
9606.ENSP00000362463 9606.ENSP00000451818 185 0 0 107 0 0 50 248 
9606.ENSP00000362463 9606.ENSP00000380467 0 0 0 0 0 0 155 155 
9606.ENSP00000362463 9606.ENSP00000226253 0 0 0 61 385 0 175 482 
9606.ENSP00000362463 9606.ENSP00000290299 43 0 0 162 0 0 93 209 
9606.ENSP00000362463 9606.ENSP00000414786 0 0 0 173 0 0 0 173 
9606.ENSP00000362463 9606.ENSP00000369238 0 0 0 0 0 0 497 497 
9606.ENSP00000362463 9606.ENSP00000244769 0 0 0 0 0 0 366 366 
9606.ENSP00000362463 9606.ENSP00000262030 50 0 0 100 0 0 150 210 
9606.ENSP00000362463 9606.ENSP00000219313 0 0 0 158 0 0 0 158 
9606.ENSP00000362463 9606.ENSP00000339067 0 0 0 0 0 0 191 191 
9606.ENSP00000362463 9606.ENSP00000261208 167 0 0 0 0 0 248 347 
9606.ENSP00000362463 9606.ENSP00000346997 0 0 0 0 0 0 217 217 
9606.ENSP00000362463 9606.ENSP00000377192 0 0 0 109 0 0 447 487 
9606.ENSP00000362463 9606.ENSP00000340684 0 0 0 0 0 800 189 831 
9606.ENSP00000362463 9606.ENSP00000264451 70 0 0 89 0 0 117 186 
9606.ENSP00000362463 9606.ENSP00000401720 60 0 0 0 0 0 333 346 
9606.ENSP00000362463 9606.ENSP00000351737 0 0 0 151 0 0 0 151 
9606.ENSP00000362463 9606.ENSP00000260665 0 0 0 179 0 0 0 179 
9606.ENSP00000362463 9606.ENSP00000366672 75 0 0 0 0 0 198 226 
9606.ENSP00000362463 9606.ENSP00000261733 46 0 0 62 0 0 143 166 
9606.ENSP00000362463 9606.ENSP00000306512 0 0 0 0 0 0 185 185 
9606.ENSP00000362463 9606.ENSP00000311032 0 0 0 60 0 0 203 219 
9606.ENSP00000362463 9606.ENSP00000333157 0 0 0 0 0 0 278 278 
9606.ENSP00000362463 9606.ENSP00000325919 0 0 0 156 0 0 0 156 
9606.ENSP00000362463 9606.ENSP00000362116 0 0 0 49 0 0 429 433 
9606.ENSP00000362463 9606.ENSP00000292180 0 0 0 0 0 0 175 175 
9606.ENSP00000362463 9606.ENSP00000287394 60 0 0 77 0 0 99 150 
9606.ENSP00000362463 9606.ENSP00000355471 77 0 0 135 0 0 148 260 
9606.ENSP00000362463 9606.ENSP00000305449 0 0 0 0 0 0 169 169 
9606.ENSP00000362463 9606.ENSP00000311430 0 0 0 100 0 0 95 150 
9606.ENSP00000362463 9606.ENSP00000358903 0 0 0 0 0 0 208 208 
9606.ENSP00000362463 9606.ENSP00000428085 0 0 0 163 0 0 0 163 
9606.ENSP00000362463 9606.ENSP00000446215 0 0 0 236 0 0 0 236 
9606.ENSP00000362463 9606.ENSP00000270776 45 0 0 112 111 0 629 683 
9606.ENSP00000362463 9606.ENSP00000265594 135 0 0 50 0 0 331 402 
9606.ENSP00000362463 9606.ENSP00000407375 0 0 0 61 0 0 353 366 
9606.ENSP00000362463 9606.ENSP00000423822 0 0 0 61 0 0 285 299 
9606.ENSP00000362463 9606.ENSP00000346120 0 0 0 136 51 0 57 159 
9606.ENSP00000362463 9606.ENSP00000349960 0 0 0 53 0 0 176 187 
9606.ENSP00000362463 9606.ENSP00000381567 0 0 0 0 0 0 154 154 
9606.ENSP00000362463 9606.ENSP00000261381 0 0 0 0 0 0 155 155 
9606.ENSP00000362463 9606.ENSP00000367787 0 0 0 0 0 0 193 193 
9606.ENSP00000362463 9606.ENSP00000257264 0 0 0 0 0 0 250 250 
9606.ENSP00000362463 9606.ENSP00000363397 0 0 0 0 50 0 161 169 
9606.ENSP00000362463 9606.ENSP00000320295 0 0 0 57 0 0 314 326 
9606.ENSP00000362463 9606.ENSP00000437402 81 0 0 55 0 0 224 267 
9606.ENSP00000362463 9606.ENSP00000351646 0 0 0 69 363 0 170 465 
9606.ENSP00000362463 9606.ENSP00000306397 0 0 0 158 0 0 0 158 
9606.ENSP00000362463 9606.ENSP00000360002 0 0 0 64 0 0 136 156 
9606.ENSP00000362463 9606.ENSP00000339161 0 0 0 0 0 0 242 242 
9606.ENSP00000362463 9606.ENSP00000478425 0 0 0 63 0 0 160 179 
9606.ENSP00000362463 9606.ENSP00000304229 46 0 0 250 0 0 205 382 
9606.ENSP00000362463 9606.ENSP00000262584 0 0 0 102 0 0 206 257 
9606.ENSP00000362463 9606.ENSP00000396704 0 0 0 88 0 0 188 228 
9606.ENSP00000362463 9606.ENSP00000358695 0 0 0 62 0 0 223 240 
9606.ENSP00000362463 9606.ENSP00000261601 0 0 0 241 0 0 0 241 
9606.ENSP00000362463 9606.ENSP00000263734 0 0 0 0 0 0 284 284 
9606.ENSP00000362463 9606.ENSP00000338345 0 0 0 0 0 0 214 214 
9606.ENSP00000362463 9606.ENSP00000292147 49 0 0 82 0 0 517 542 
9606.ENSP00000362463 9606.ENSP00000361930 0 0 0 0 0 0 215 215 
9606.ENSP00000362463 9606.ENSP00000352401 80 0 0 84 0 0 134 207 
9606.ENSP00000362463 9606.ENSP00000291577 0 0 0 63 0 0 172 191 
9606.ENSP00000362463 9606.ENSP00000398744 0 0 0 62 0 0 131 150 
9606.ENSP00000362463 9606.ENSP00000413152 0 0 0 63 69 0 174 217 
9606.ENSP00000362463 9606.ENSP00000353295 0 0 0 63 0 0 160 179 
9606.ENSP00000362463 9606.ENSP00000264867 0 0 0 0 0 0 152 152 
9606.ENSP00000362463 9606.ENSP00000253792 70 0 0 97 0 0 101 179 
9606.ENSP00000362463 9606.ENSP00000426255 0 0 0 0 0 0 203 203 
9606.ENSP00000362463 9606.ENSP00000372088 0 0 0 64 0 0 138 158 
9606.ENSP00000362463 9606.ENSP00000371554 0 0 0 173 54 0 131 261 
9606.ENSP00000362463 9606.ENSP00000383145 0 0 0 0 0 0 250 250 
9606.ENSP00000362463 9606.ENSP00000311469 0 0 0 64 0 0 198 217 
9606.ENSP00000362463 9606.ENSP00000393887 0 0 0 0 0 0 267 267 
9606.ENSP00000362463 9606.ENSP00000356953 49 0 0 112 0 0 83 157 
9606.ENSP00000362463 9606.ENSP00000432083 0 0 0 104 0 0 236 286 
9606.ENSP00000362463 9606.ENSP00000439170 0 462 0 87 0 0 0 488 
9606.ENSP00000362463 9606.ENSP00000424191 0 0 0 0 0 0 354 354 
9606.ENSP00000362463 9606.ENSP00000369081 0 0 0 91 0 0 113 160 
9606.ENSP00000362463 9606.ENSP00000268261 0 0 0 61 0 0 136 154 
9606.ENSP00000362463 9606.ENSP00000353165 0 0 0 0 0 0 231 231 
9606.ENSP00000362463 9606.ENSP00000425809 44 0 0 137 403 0 739 854 
9606.ENSP00000362463 9606.ENSP00000435777 71 0 0 63 0 0 142 188 
9606.ENSP00000362463 9606.ENSP00000466214 0 0 0 163 0 0 83 200 
9606.ENSP00000362463 9606.ENSP00000364782 0 0 0 0 0 0 177 177 
9606.ENSP00000362463 9606.ENSP00000336701 0 0 0 157 0 0 114 222 
9606.ENSP00000362463 9606.ENSP00000364945 0 0 0 0 0 0 224 224 
9606.ENSP00000362463 9606.ENSP00000468057 0 0 0 61 0 0 249 264 
9606.ENSP00000362463 9606.ENSP00000367203 75 0 0 0 0 0 156 185 
9606.ENSP00000362463 9606.ENSP00000349078 70 0 0 107 50 0 130 222 
9606.ENSP00000362463 9606.ENSP00000173527 101 0 0 175 0 0 101 275 
9606.ENSP00000362463 9606.ENSP00000299198 0 0 0 0 0 0 201 201 
9606.ENSP00000362463 9606.ENSP00000327251 0 0 0 62 0 0 260 276 
9606.ENSP00000362463 9606.ENSP00000267890 0 0 0 0 0 0 252 252 
9606.ENSP00000362463 9606.ENSP00000297494 0 0 0 62 0 0 299 315 
9606.ENSP00000362463 9606.ENSP00000234313 0 0 0 0 0 0 325 325 
9606.ENSP00000362463 9606.ENSP00000268035 0 0 0 50 0 0 188 196 
9606.ENSP00000362463 9606.ENSP00000363634 0 0 0 88 0 0 138 180 
9606.ENSP00000362463 9606.ENSP00000309092 0 0 0 61 66 0 167 205 
9606.ENSP00000362463 9606.ENSP00000384949 68 0 0 98 0 0 79 158 
9606.ENSP00000362463 9606.ENSP00000321810 0 0 0 0 0 0 163 163 
9606.ENSP00000362463 9606.ENSP00000377696 0 0 0 135 0 0 59 151 
9606.ENSP00000362463 9606.ENSP00000300658 0 0 0 0 0 0 225 225 
9606.ENSP00000362463 9606.ENSP00000238721 45 0 0 109 0 0 112 178 
9606.ENSP00000362463 9606.ENSP00000351706 60 0 0 0 0 0 212 227 
9606.ENSP00000362463 9606.ENSP00000216420 0 0 0 0 0 0 173 173 
9606.ENSP00000362463 9606.ENSP00000373399 0 0 0 0 0 0 177 177 
9606.ENSP00000362463 9606.ENSP00000341826 0 0 0 102 363 0 0 403 
9606.ENSP00000362463 9606.ENSP00000407546 0 0 0 0 0 0 181 181 
9606.ENSP00000362463 9606.ENSP00000322192 0 0 0 49 0 0 367 372 
9606.ENSP00000362463 9606.ENSP00000339435 0 0 0 0 50 0 178 186 
9606.ENSP00000362463 9606.ENSP00000476672 80 0 0 61 0 0 128 180 
9606.ENSP00000362463 9606.ENSP00000329033 0 0 0 0 0 0 195 195 
9606.ENSP00000362463 9606.ENSP00000360149 0 0 0 77 0 0 410 432 
9606.ENSP00000362463 9606.ENSP00000276571 0 0 0 0 0 0 189 189 
9606.ENSP00000362463 9606.ENSP00000345774 46 0 0 90 0 0 269 309 
9606.ENSP00000362463 9606.ENSP00000355011 0 0 0 163 0 0 0 163 
9606.ENSP00000362463 9606.ENSP00000371388 0 0 0 148 0 0 89 190 
9606.ENSP00000362463 9606.ENSP00000264954 42 0 0 66 0 0 245 266 
9606.ENSP00000362463 9606.ENSP00000386377 0 0 0 0 0 0 443 443 
9606.ENSP00000362463 9606.ENSP00000258091 0 0 0 161 50 0 104 223 
9606.ENSP00000362463 9606.ENSP00000241337 0 0 0 64 0 0 151 172 
9606.ENSP00000362463 9606.ENSP00000343200 0 0 0 0 0 0 307 307 
9606.ENSP00000362463 9606.ENSP00000001008 0 0 0 96 54 0 162 221 
9606.ENSP00000362463 9606.ENSP00000368458 0 0 0 173 0 0 50 181 
9606.ENSP00000362463 9606.ENSP00000240185 0 0 0 0 0 0 164 164 
9606.ENSP00000362463 9606.ENSP00000343885 0 0 0 126 0 0 140 216 
9606.ENSP00000362463 9606.ENSP00000363064 0 0 0 0 0 0 163 163 
9606.ENSP00000362463 9606.ENSP00000379042 0 0 0 67 0 0 287 307 
9606.ENSP00000362463 9606.ENSP00000358033 70 0 0 80 50 0 130 198 
9606.ENSP00000362463 9606.ENSP00000261558 0 0 0 63 0 0 569 579 
9606.ENSP00000362463 9606.ENSP00000256594 0 0 0 64 0 0 320 337 
9606.ENSP00000362463 9606.ENSP00000337972 44 0 0 132 0 0 262 334 
9606.ENSP00000362463 9606.ENSP00000308430 0 0 0 107 0 0 103 164 
9606.ENSP00000362463 9606.ENSP00000391249 0 0 0 0 0 0 354 354 
9606.ENSP00000362463 9606.ENSP00000415941 0 0 0 0 0 0 254 254 
9606.ENSP00000362463 9606.ENSP00000481732 0 0 0 54 0 0 197 208 
9606.ENSP00000362463 9606.ENSP00000325136 57 0 0 0 0 0 137 151 
9606.ENSP00000362463 9606.ENSP00000275603 0 0 0 165 50 0 104 227 
9606.ENSP00000362463 9606.ENSP00000282356 0 0 0 0 0 0 169 169 
9606.ENSP00000362463 9606.ENSP00000280605 0 0 0 64 0 0 131 151 
9606.ENSP00000362463 9606.ENSP00000386541 0 0 0 197 0 0 0 197 
9606.ENSP00000362463 9606.ENSP00000407685 0 0 0 0 0 0 217 217 
9606.ENSP00000362463 9606.ENSP00000359680 70 0 0 0 0 0 176 200 
9606.ENSP00000362463 9606.ENSP00000265333 0 0 0 195 0 0 49 202 
9606.ENSP00000362463 9606.ENSP00000263629 71 0 0 107 0 0 73 164 
9606.ENSP00000362463 9606.ENSP00000385478 185 0 0 54 0 0 0 196 
9606.ENSP00000362463 9606.ENSP00000243662 0 0 0 0 0 0 258 258 
9606.ENSP00000362463 9606.ENSP00000320815 44 0 0 132 0 0 203 280 
9606.ENSP00000362463 9606.ENSP00000321259 75 0 0 240 0 0 535 644 
9606.ENSP00000362463 9606.ENSP00000366843 0 0 0 0 0 0 290 290 
9606.ENSP00000362463 9606.ENSP00000237014 0 0 0 64 0 0 138 159 
9606.ENSP00000362463 9606.ENSP00000302393 59 0 0 63 0 0 172 206 
9606.ENSP00000362463 9606.ENSP00000307722 0 0 0 0 0 0 169 169 
9606.ENSP00000362463 9606.ENSP00000340330 0 0 0 0 0 0 185 185 
9606.ENSP00000362463 9606.ENSP00000476384 0 0 0 0 0 0 163 163 
9606.ENSP00000362463 9606.ENSP00000253496 0 0 0 0 54 0 454 461 
9606.ENSP00000362463 9606.ENSP00000379704 0 0 0 0 0 0 219 219 
9606.ENSP00000362463 9606.ENSP00000241052 0 0 0 114 0 0 711 733 
9606.ENSP00000362463 9606.ENSP00000334611 0 0 0 0 54 0 218 229 
9606.ENSP00000362463 9606.ENSP00000261523 0 0 0 0 0 0 188 188 
9606.ENSP00000362463 9606.ENSP00000322457 0 0 0 0 0 0 313 313 
9606.ENSP00000362463 9606.ENSP00000373477 0 0 0 61 0 0 243 259 
9606.ENSP00000362463 9606.ENSP00000366617 0 0 0 63 0 0 174 193 
9606.ENSP00000362463 9606.ENSP00000288022 122 0 0 49 0 0 226 297 
9606.ENSP00000362463 9606.ENSP00000385385 0 0 0 157 0 0 89 199 
9606.ENSP00000362463 9606.ENSP00000347872 45 0 0 96 0 0 112 166 
9606.ENSP00000362463 9606.ENSP00000370808 0 0 0 0 0 0 198 198 
9606.ENSP00000362463 9606.ENSP00000256460 0 0 0 0 0 0 177 177 
9606.ENSP00000362463 9606.ENSP00000418447 43 0 0 160 64 0 45 185 
9606.ENSP00000362463 9606.ENSP00000381654 75 0 0 61 69 0 188 255 
9606.ENSP00000362463 9606.ENSP00000408581 0 0 0 0 0 0 161 161 
9606.ENSP00000362463 9606.ENSP00000345974 0 0 0 0 0 0 204 204 
9606.ENSP00000362463 9606.ENSP00000296125 0 0 0 0 0 0 229 229 
9606.ENSP00000362463 9606.ENSP00000388638 0 0 0 64 0 0 222 240 
9606.ENSP00000362463 9606.ENSP00000359211 78 0 0 63 0 0 157 208 
9606.ENSP00000362463 9606.ENSP00000478121 0 0 0 128 0 0 290 354 
9606.ENSP00000362463 9606.ENSP00000382731 0 0 0 62 0 0 131 150 
9606.ENSP00000362463 9606.ENSP00000262027 85 0 0 104 79 0 224 336 
9606.ENSP00000362463 9606.ENSP00000269143 78 0 0 62 0 0 130 181 
9606.ENSP00000362463 9606.ENSP00000477639 0 0 0 0 95 0 126 176 
9606.ENSP00000362463 9606.ENSP00000215829 0 0 0 106 0 0 251 303 
9606.ENSP00000362463 9606.ENSP00000231572 60 0 0 130 0 0 120 217 
9606.ENSP00000362463 9606.ENSP00000384387 0 0 0 0 0 0 351 351 
9606.ENSP00000362463 9606.ENSP00000360316 0 0 0 108 0 0 155 214 
9606.ENSP00000362463 9606.ENSP00000360644 0 0 0 140 0 0 56 153 
9606.ENSP00000362463 9606.ENSP00000361777 0 0 0 153 0 0 174 271 
9606.ENSP00000362463 9606.ENSP00000322706 0 0 0 84 0 0 113 152 
9606.ENSP00000362463 9606.ENSP00000264718 0 0 0 213 0 0 41 213 
9606.ENSP00000362463 9606.ENSP00000368646 0 0 0 116 0 0 323 376 
9606.ENSP00000362463 9606.ENSP00000374353 49 0 0 108 0 0 299 354 
9606.ENSP00000362463 9606.ENSP00000245185 0 0 0 63 0 0 142 161 
9606.ENSP00000362463 9606.ENSP00000379500 59 0 0 63 0 0 125 161 
9606.ENSP00000362463 9606.ENSP00000377494 0 0 0 0 0 0 251 251 
9606.ENSP00000362463 9606.ENSP00000369538 0 0 0 139 0 0 63 159 
9606.ENSP00000362463 9606.ENSP00000301522 0 0 0 91 0 0 324 359 
9606.ENSP00000362463 9606.ENSP00000258873 0 0 0 0 0 0 173 173 
9606.ENSP00000362463 9606.ENSP00000372667 0 0 0 88 0 0 138 180 
9606.ENSP00000362463 9606.ENSP00000432282 0 0 0 0 0 0 211 211 
9606.ENSP00000362463 9606.ENSP00000364482 0 0 0 0 0 0 229 229 
9606.ENSP00000362463 9606.ENSP00000264613 0 0 0 49 0 0 175 182 
9606.ENSP00000362463 9606.ENSP00000315397 0 0 0 0 0 0 230 230 
9606.ENSP00000362463 9606.ENSP00000312326 0 0 0 0 0 800 136 820 
9606.ENSP00000362463 9606.ENSP00000262065 0 0 0 63 0 0 232 249 
9606.ENSP00000362463 9606.ENSP00000428209 0 0 0 155 0 0 0 155 
9606.ENSP00000362463 9606.ENSP00000320219 0 0 0 0 0 0 293 293 
9606.ENSP00000362463 9606.ENSP00000430774 43 0 0 138 64 0 58 175 
9606.ENSP00000362463 9606.ENSP00000301329 0 0 0 57 419 0 487 694 
9606.ENSP00000362463 9606.ENSP00000265441 0 0 0 0 0 0 163 163 
9606.ENSP00000362463 9606.ENSP00000479488 0 0 0 109 0 0 211 268 
9606.ENSP00000362463 9606.ENSP00000352035 0 0 0 0 0 0 154 154 
9606.ENSP00000362463 9606.ENSP00000383003 0 0 0 220 54 0 57 243 
9606.ENSP00000362463 9606.ENSP00000378854 46 0 0 0 0 0 191 195 
9606.ENSP00000362463 9606.ENSP00000345282 0 0 0 62 0 0 227 244 
9606.ENSP00000362463 9606.ENSP00000362271 0 0 0 61 0 0 615 623 
9606.ENSP00000362463 9606.ENSP00000266070 0 0 0 0 0 0 225 225 
9606.ENSP00000362463 9606.ENSP00000359693 0 0 0 200 54 0 109 266 
9606.ENSP00000362463 9606.ENSP00000264995 0 0 0 277 0 0 59 290 
9606.ENSP00000362463 9606.ENSP00000466090 0 0 0 0 54 0 196 207 
9606.ENSP00000362463 9606.ENSP00000414359 0 0 0 166 0 0 59 182 
9606.ENSP00000362463 9606.ENSP00000366819 0 0 0 119 106 0 0 179 
9606.ENSP00000362463 9606.ENSP00000355827 0 0 0 77 0 0 207 236 
9606.ENSP00000362463 9606.ENSP00000412566 0 0 0 147 0 0 77 180 
9606.ENSP00000362463 9606.ENSP00000363988 0 0 0 61 75 0 264 305 
9606.ENSP00000362463 9606.ENSP00000377086 146 0 0 0 0 0 50 154 
9606.ENSP00000362463 9606.ENSP00000407586 0 0 0 0 0 0 185 185 
9606.ENSP00000362463 9606.ENSP00000385746 52 0 0 129 0 0 158 244 
9606.ENSP00000362463 9606.ENSP00000458663 0 0 0 0 0 0 222 222 
9606.ENSP00000362463 9606.ENSP00000222381 0 0 0 0 0 0 161 161 
9606.ENSP00000362463 9606.ENSP00000362730 0 0 0 76 0 0 181 211 
9606.ENSP00000362463 9606.ENSP00000389060 0 0 0 199 0 0 227 354 
9606.ENSP00000362463 9606.ENSP00000322524 74 0 0 104 0 0 110 197 
9606.ENSP00000362463 9606.ENSP00000480004 46 0 0 64 0 0 242 264 
9606.ENSP00000362463 9606.ENSP00000239940 0 0 0 69 0 0 140 165 
9606.ENSP00000362463 9606.ENSP00000263593 0 0 0 0 0 0 209 209 
9606.ENSP00000362463 9606.ENSP00000377995 0 0 0 63 0 0 152 171 
9606.ENSP00000362463 9606.ENSP00000263519 0 0 0 0 0 0 523 523 
9606.ENSP00000362463 9606.ENSP00000284031 0 0 0 62 0 0 189 206 
9606.ENSP00000362463 9606.ENSP00000364076 0 0 0 0 0 0 213 213 
9606.ENSP00000362463 9606.ENSP00000238789 84 0 0 62 0 0 107 165 
9606.ENSP00000362463 9606.ENSP00000473036 60 0 0 58 0 0 169 199 
9606.ENSP00000362463 9606.ENSP00000477949 0 0 0 0 54 0 265 275 
9606.ENSP00000362463 9606.ENSP00000324944 0 0 0 0 0 0 258 258 
9606.ENSP00000362463 9606.ENSP00000389289 0 0 0 172 513 0 179 640 
9606.ENSP00000362463 9606.ENSP00000306561 155 0 0 91 0 0 104 251 
9606.ENSP00000362463 9606.ENSP00000428864 0 0 0 0 0 0 151 151 
9606.ENSP00000362463 9606.ENSP00000281456 0 0 0 0 0 0 234 234 
9606.ENSP00000362463 9606.ENSP00000329715 0 0 0 161 0 0 0 161 
9606.ENSP00000362463 9606.ENSP00000446743 0 0 0 64 0 0 225 243 
9606.ENSP00000362463 9606.ENSP00000408025 0 0 0 62 0 0 237 254 
9606.ENSP00000362463 9606.ENSP00000261386 44 0 0 132 0 0 203 280 
9606.ENSP00000362463 9606.ENSP00000369134 0 0 0 123 0 0 108 185 
9606.ENSP00000362463 9606.ENSP00000302194 0 0 0 0 0 0 185 185 
9606.ENSP00000362463 9606.ENSP00000364586 0 0 0 0 0 0 254 254 
9606.ENSP00000362463 9606.ENSP00000331662 0 0 0 0 0 0 153 153 
9606.ENSP00000362463 9606.ENSP00000353575 0 0 0 103 66 0 184 257 
9606.ENSP00000362463 9606.ENSP00000337804 0 0 0 0 0 0 344 344 
9606.ENSP00000362463 9606.ENSP00000359910 0 0 0 102 0 0 124 180 
9606.ENSP00000362463 9606.ENSP00000358554 0 0 0 77 0 0 130 163 
9606.ENSP00000362463 9606.ENSP00000263253 0 0 0 50 129 0 213 291 
9606.ENSP00000362463 9606.ENSP00000364935 0 0 0 89 0 0 350 382 
9606.ENSP00000362463 9606.ENSP00000204726 0 0 0 0 0 0 260 260 
9606.ENSP00000362463 9606.ENSP00000380929 0 0 0 0 0 0 386 386 
9606.ENSP00000362463 9606.ENSP00000384363 44 0 0 151 0 0 277 362 
9606.ENSP00000362463 9606.ENSP00000302586 0 0 0 0 0 0 162 162 
9606.ENSP00000362463 9606.ENSP00000291539 0 0 0 0 0 0 202 202 
9606.ENSP00000362463 9606.ENSP00000337697 0 0 0 0 0 0 290 290 
9606.ENSP00000362463 9606.ENSP00000438483 0 0 0 176 0 0 0 176 
9606.ENSP00000362463 9606.ENSP00000450540 0 0 0 0 0 0 206 206 
9606.ENSP00000362463 9606.ENSP00000347834 0 0 0 0 0 0 180 180 
9606.ENSP00000362463 9606.ENSP00000260952 0 0 0 165 0 0 50 173 
9606.ENSP00000362463 9606.ENSP00000392398 0 0 0 61 0 0 268 283 
9606.ENSP00000362463 9606.ENSP00000381213 0 0 0 0 0 0 251 251 
9606.ENSP00000362463 9606.ENSP00000359925 0 0 0 61 0 0 563 572 
9606.ENSP00000362463 9606.ENSP00000468690 0 0 0 64 0 0 167 186 
9606.ENSP00000362463 9606.ENSP00000261636 0 0 0 77 0 0 164 195 
9606.ENSP00000362463 9606.ENSP00000226299 72 0 0 0 0 0 126 154 
9606.ENSP00000362463 9606.ENSP00000333946 59 0 0 0 0 0 157 172 
9606.ENSP00000362463 9606.ENSP00000284719 105 0 0 112 0 0 167 280 
9606.ENSP00000362463 9606.ENSP00000368683 0 0 0 0 0 0 158 158 
9606.ENSP00000362463 9606.ENSP00000278616 0 0 0 0 0 0 152 152 
9606.ENSP00000362463 9606.ENSP00000355889 0 0 0 190 0 0 44 193 
9606.ENSP00000362463 9606.ENSP00000312673 0 0 0 0 0 0 278 278 
9606.ENSP00000362463 9606.ENSP00000262746 0 0 0 165 0 0 289 381 
9606.ENSP00000362463 9606.ENSP00000233146 0 0 0 126 0 0 228 296 
9606.ENSP00000362463 9606.ENSP00000343657 135 0 0 61 0 0 200 293 
9606.ENSP00000362463 9606.ENSP00000419692 0 0 0 0 70 0 133 159 
9606.ENSP00000362463 9606.ENSP00000454038 69 0 0 62 0 0 203 243 
9606.ENSP00000362463 9606.ENSP00000356465 0 0 0 0 0 0 171 171 
9606.ENSP00000362463 9606.ENSP00000368066 80 0 0 0 0 0 198 231 
9606.ENSP00000362463 9606.ENSP00000257248 0 0 0 0 0 0 222 222 
9606.ENSP00000362463 9606.ENSP00000453129 0 0 0 61 0 0 138 155 
9606.ENSP00000362463 9606.ENSP00000446252 71 0 0 151 0 0 436 516 
9606.ENSP00000362463 9606.ENSP00000478479 0 0 0 0 0 0 164 164 
9606.ENSP00000362463 9606.ENSP00000364412 75 0 0 63 0 0 111 162 
9606.ENSP00000362463 9606.ENSP00000246548 0 0 0 140 0 0 67 163 
9606.ENSP00000362463 9606.ENSP00000341779 43 0 0 151 64 0 0 173 
9606.ENSP00000362463 9606.ENSP00000222286 60 0 0 58 0 0 169 199 
9606.ENSP00000362463 9606.ENSP00000354581 0 0 0 61 0 0 286 301 
9606.ENSP00000362463 9606.ENSP00000264193 0 0 0 78 0 0 159 191 
9606.ENSP00000362463 9606.ENSP00000390265 125 0 0 70 0 0 326 404 
9606.ENSP00000362463 9606.ENSP00000417955 0 0 0 0 0 0 277 277 
9606.ENSP00000362463 9606.ENSP00000464327 0 0 0 82 0 0 365 392 
9606.ENSP00000362463 9606.ENSP00000379191 0 0 0 0 0 0 153 153 
9606.ENSP00000362463 9606.ENSP00000265462 0 0 0 64 0 0 266 283 
9606.ENSP00000362463 9606.ENSP00000370737 0 0 0 61 0 0 300 315 
9606.ENSP00000362463 9606.ENSP00000256474 0 0 0 0 0 0 311 311 
9606.ENSP00000362463 9606.ENSP00000421828 0 0 0 0 0 0 179 179 
9606.ENSP00000362463 9606.ENSP00000347719 50 0 0 0 0 0 176 183 
9606.ENSP00000362463 9606.ENSP00000477310 0 0 0 64 0 0 188 208 
9606.ENSP00000362463 9606.ENSP00000300051 0 0 0 63 0 0 349 364 
9606.ENSP00000362463 9606.ENSP00000349142 44 0 0 193 0 0 58 210 
9606.ENSP00000362463 9606.ENSP00000406197 0 0 0 63 0 0 140 160 
9606.ENSP00000362463 9606.ENSP00000369739 46 0 0 102 0 0 95 157 
9606.ENSP00000362463 9606.ENSP00000280326 0 0 0 141 50 0 128 227 
9606.ENSP00000362463 9606.ENSP00000277865 58 0 0 86 0 0 271 318 
9606.ENSP00000362463 9606.ENSP00000256255 0 0 0 0 0 0 187 187 
9606.ENSP00000362463 9606.ENSP00000221486 177 0 0 65 0 0 0 197 
9606.ENSP00000362463 9606.ENSP00000380024 0 0 0 0 0 0 311 311 
9606.ENSP00000362463 9606.ENSP00000044462 0 0 0 187 0 0 50 195 
9606.ENSP00000362463 9606.ENSP00000329858 0 0 0 0 0 0 187 187 
9606.ENSP00000362463 9606.ENSP00000221132 0 0 0 0 0 0 163 163 
9606.ENSP00000362463 9606.ENSP00000354961 156 0 0 0 0 0 0 156 
9606.ENSP00000362463 9606.ENSP00000359691 53 0 0 64 0 0 192 221 
9606.ENSP00000362463 9606.ENSP00000331879 43 0 0 118 64 0 85 181 
9606.ENSP00000362463 9606.ENSP00000418001 60 0 0 0 0 0 148 164 
9606.ENSP00000362463 9606.ENSP00000264717 0 0 0 0 0 0 223 223 
9606.ENSP00000362463 9606.ENSP00000416066 0 0 0 0 0 0 176 176 
9606.ENSP00000362463 9606.ENSP00000360664 0 0 0 86 0 0 227 263 
9606.ENSP00000362463 9606.ENSP00000389399 110 0 0 0 0 0 175 234 
9606.ENSP00000362463 9606.ENSP00000367391 0 0 0 49 0 0 304 309 
9606.ENSP00000362463 9606.ENSP00000369127 0 0 0 65 0 0 231 251 
9606.ENSP00000362463 9606.ENSP00000363018 0 0 0 89 0 0 130 174 
9606.ENSP00000362463 9606.ENSP00000378176 0 0 0 0 0 0 171 171 
9606.ENSP00000362463 9606.ENSP00000363827 0 0 0 0 0 0 220 220 
9606.ENSP00000362463 9606.ENSP00000265382 0 0 0 0 0 0 177 177 
9606.ENSP00000362463 9606.ENSP00000315774 163 0 0 62 0 0 197 315 
9606.ENSP00000362463 9606.ENSP00000399415 0 0 0 62 0 0 133 151 
9606.ENSP00000362463 9606.ENSP00000326671 69 0 0 64 0 0 127 172 
9606.ENSP00000362463 9606.ENSP00000379865 52 0 0 61 0 0 347 368 
9606.ENSP00000362463 9606.ENSP00000483333 0 0 0 0 0 0 224 224 
9606.ENSP00000362463 9606.ENSP00000258052 0 0 0 0 0 0 550 550 
9606.ENSP00000362463 9606.ENSP00000319531 0 0 0 154 0 0 237 328 
9606.ENSP00000362463 9606.ENSP00000216117 0 0 0 0 0 0 173 173 
9606.ENSP00000362463 9606.ENSP00000199320 77 0 0 0 0 0 148 179 
9606.ENSP00000362463 9606.ENSP00000219481 0 0 0 62 0 0 232 248 
9606.ENSP00000362463 9606.ENSP00000355046 89 0 0 0 0 0 115 159 
9606.ENSP00000362463 9606.ENSP00000305230 0 0 0 282 0 0 138 355 
9606.ENSP00000362463 9606.ENSP00000254193 0 0 0 157 0 0 0 157 
9606.ENSP00000362463 9606.ENSP00000449884 0 0 0 234 0 0 0 234 
9606.ENSP00000362463 9606.ENSP00000483300 59 0 0 64 0 0 127 163 
9606.ENSP00000362463 9606.ENSP00000451828 0 0 0 63 0 0 217 235 
9606.ENSP00000362463 9606.ENSP00000298510 0 0 0 233 0 0 165 333 
9606.ENSP00000362463 9606.ENSP00000399805 45 0 0 144 0 0 115 214 
9606.ENSP00000362463 9606.ENSP00000233202 0 0 0 0 0 0 237 237 
9606.ENSP00000362463 9606.ENSP00000283646 0 0 0 63 0 0 201 219 
9606.ENSP00000362463 9606.ENSP00000355506 43 0 0 94 0 0 131 181 
9606.ENSP00000362463 9606.ENSP00000333363 0 0 0 0 0 0 400 400 
9606.ENSP00000362463 9606.ENSP00000360671 0 0 0 153 0 0 174 270 
9606.ENSP00000362463 9606.ENSP00000354511 0 0 0 0 0 0 405 405 
9606.ENSP00000362463 9606.ENSP00000085068 101 0 0 154 0 0 101 256 
9606.ENSP00000362463 9606.ENSP00000261783 0 0 0 64 0 0 166 186 
9606.ENSP00000362463 9606.ENSP00000360473 0 0 0 108 0 0 146 206 
9606.ENSP00000362463 9606.ENSP00000330918 0 0 0 64 865 0 197 890 
9606.ENSP00000362463 9606.ENSP00000477999 0 0 0 62 0 0 144 163 
9606.ENSP00000362463 9606.ENSP00000384296 0 0 0 63 400 0 332 592 
9606.ENSP00000362463 9606.ENSP00000216500 0 0 0 62 0 0 169 187 
9606.ENSP00000362463 9606.ENSP00000363661 0 0 0 66 387 0 0 402 
9606.ENSP00000362463 9606.ENSP00000389814 0 0 0 0 0 0 161 161 
9606.ENSP00000362463 9606.ENSP00000178640 0 0 0 0 0 0 345 345 
9606.ENSP00000362463 9606.ENSP00000482396 0 0 0 0 0 0 393 393 
9606.ENSP00000362463 9606.ENSP00000229239 60 0 0 105 0 0 390 442 
9606.ENSP00000362463 9606.ENSP00000356107 0 0 0 0 0 0 237 237 
9606.ENSP00000362463 9606.ENSP00000476141 0 0 0 63 0 0 171 190 
9606.ENSP00000362463 9606.ENSP00000380514 49 0 0 143 0 900 969 997 
9606.ENSP00000362463 9606.ENSP00000262306 0 0 0 58 0 0 220 233 
9606.ENSP00000362463 9606.ENSP00000377617 54 0 0 211 0 0 94 264 
9606.ENSP00000362463 9606.ENSP00000353332 50 0 0 0 0 0 147 155 
9606.ENSP00000362463 9606.ENSP00000273541 0 0 0 0 0 0 326 326 
9606.ENSP00000362463 9606.ENSP00000309334 0 0 0 193 0 0 0 193 
9606.ENSP00000362463 9606.ENSP00000370745 0 0 0 326 51 0 57 344 
9606.ENSP00000362463 9606.ENSP00000361883 0 0 0 0 0 0 169 169 
9606.ENSP00000362463 9606.ENSP00000358223 0 0 0 0 0 0 230 230 
9606.ENSP00000362463 9606.ENSP00000231004 0 0 0 0 0 0 237 237 
9606.ENSP00000362463 9606.ENSP00000416293 44 0 0 63 0 0 168 190 
9606.ENSP00000362463 9606.ENSP00000313490 162 0 0 0 0 0 41 161 
9606.ENSP00000362463 9606.ENSP00000305334 0 0 0 0 0 0 157 157 
9606.ENSP00000362463 9606.ENSP00000230461 0 0 0 62 0 0 164 182 
9606.ENSP00000362463 9606.ENSP00000205214 56 0 0 0 0 0 223 235 
9606.ENSP00000362463 9606.ENSP00000364802 0 0 0 0 0 0 236 236 
9606.ENSP00000362463 9606.ENSP00000354813 89 0 0 0 0 0 115 159 
9606.ENSP00000362463 9606.ENSP00000400433 0 0 0 65 0 0 159 180 
9606.ENSP00000362463 9606.ENSP00000205402 68 0 0 176 0 0 441 533 
9606.ENSP00000362463 9606.ENSP00000267814 178 0 0 64 0 0 439 530 
9606.ENSP00000362463 9606.ENSP00000373674 0 0 0 0 0 0 155 155 
9606.ENSP00000362463 9606.ENSP00000473990 46 0 0 90 0 0 269 309 
9606.ENSP00000362463 9606.ENSP00000233813 0 0 0 0 0 0 222 222 
9606.ENSP00000362463 9606.ENSP00000252486 0 0 0 0 0 0 210 210 
9606.ENSP00000362463 9606.ENSP00000387710 42 0 0 127 0 0 102 183 
9606.ENSP00000362463 9606.ENSP00000333821 0 0 0 0 0 0 222 222 
9606.ENSP00000362463 9606.ENSP00000261303 60 0 0 82 0 0 99 154 
9606.ENSP00000362463 9606.ENSP00000263702 45 0 0 96 0 0 112 166 
9606.ENSP00000362463 9606.ENSP00000369038 0 0 0 204 79 0 128 305 
9606.ENSP00000362463 9606.ENSP00000414303 0 0 0 0 0 0 177 177 
9606.ENSP00000362463 9606.ENSP00000358719 44 0 0 0 0 0 207 210 
9606.ENSP00000362463 9606.ENSP00000382120 51 0 0 0 0 0 204 212 
9606.ENSP00000362463 9606.ENSP00000305995 59 0 0 86 0 0 257 305 
9606.ENSP00000362463 9606.ENSP00000260508 0 0 0 62 0 0 133 151 
9606.ENSP00000362463 9606.ENSP00000360687 0 0 0 0 0 0 179 179 
9606.ENSP00000362463 9606.ENSP00000298375 0 0 0 129 96 0 109 237 
9606.ENSP00000362463 9606.ENSP00000281154 0 0 0 0 0 0 173 173 
9606.ENSP00000362463 9606.ENSP00000430684 0 0 0 50 0 0 221 228 
9606.ENSP00000362463 9606.ENSP00000250495 0 0 0 155 0 0 0 155 
9606.ENSP00000362463 9606.ENSP00000261486 0 0 0 0 0 0 408 408 
9606.ENSP00000362463 9606.ENSP00000297857 0 0 0 0 0 0 164 164 
9606.ENSP00000362463 9606.ENSP00000429309 0 0 0 0 0 0 189 189 
9606.ENSP00000362463 9606.ENSP00000360268 49 0 0 76 0 0 186 222 
9606.ENSP00000362463 9606.ENSP00000365777 72 0 0 0 0 0 256 280 
9606.ENSP00000362463 9606.ENSP00000284061 0 0 0 0 0 0 240 240 
9606.ENSP00000362463 9606.ENSP00000481046 0 0 0 0 0 0 167 167 
9606.ENSP00000362463 9606.ENSP00000366641 44 0 0 63 0 0 134 157 
9606.ENSP00000362463 9606.ENSP00000401018 0 0 0 0 0 0 180 180 
9606.ENSP00000362463 9606.ENSP00000344635 0 0 0 154 0 0 0 154 
9606.ENSP00000362463 9606.ENSP00000230050 0 0 0 0 0 0 367 367 
9606.ENSP00000362463 9606.ENSP00000290332 0 0 0 62 0 0 157 175 
9606.ENSP00000362463 9606.ENSP00000216465 0 0 0 64 79 0 229 278 
9606.ENSP00000362463 9606.ENSP00000297185 0 0 0 147 0 0 181 271 
9606.ENSP00000362463 9606.ENSP00000175091 0 0 0 63 0 0 205 223 
9606.ENSP00000362463 9606.ENSP00000295887 0 0 0 0 0 0 161 161 
9606.ENSP00000362463 9606.ENSP00000269373 0 0 0 61 0 0 202 218 
9606.ENSP00000362463 9606.ENSP00000450353 75 0 0 62 0 0 184 230 
9606.ENSP00000362463 9606.ENSP00000423399 0 0 0 170 0 0 48 176 
9606.ENSP00000362463 9606.ENSP00000371230 0 0 0 61 0 0 137 154 
9606.ENSP00000362463 9606.ENSP00000219169 0 0 0 88 103 0 129 225 
9606.ENSP00000362463 9606.ENSP00000324105 81 0 0 61 0 0 254 300 
9606.ENSP00000362463 9606.ENSP00000378046 0 0 0 63 85 0 96 157 
9606.ENSP00000362463 9606.ENSP00000479606 0 0 0 65 0 0 172 192 
9606.ENSP00000362463 9606.ENSP00000376732 0 0 0 180 0 0 128 254 
9606.ENSP00000362463 9606.ENSP00000268231 0 0 0 0 0 0 173 173 
9606.ENSP00000362463 9606.ENSP00000258774 0 0 0 0 0 0 215 215 
9606.ENSP00000362463 9606.ENSP00000364119 0 0 0 182 0 0 0 182 
9606.ENSP00000362463 9606.ENSP00000350136 0 0 0 0 0 0 173 173 
9606.ENSP00000362463 9606.ENSP00000442478 0 0 0 61 0 0 133 151 
9606.ENSP00000362463 9606.ENSP00000358417 72 0 0 69 0 0 190 239 
9606.ENSP00000362463 9606.ENSP00000304908 0 0 0 88 0 0 138 180 
9606.ENSP00000362463 9606.ENSP00000171111 0 0 0 0 0 0 177 177 
9606.ENSP00000362463 9606.ENSP00000389649 0 0 0 186 0 0 83 222 
9606.ENSP00000362463 9606.ENSP00000263321 0 0 0 0 0 0 230 230 
9606.ENSP00000362463 9606.ENSP00000280346 0 0 0 107 0 0 106 168 
9606.ENSP00000362463 9606.ENSP00000336702 0 0 0 69 0 0 216 239 
9606.ENSP00000362463 9606.ENSP00000429374 0 0 0 64 0 0 168 187 
9606.ENSP00000362463 9606.ENSP00000263579 0 0 0 144 0 0 74 173 
9606.ENSP00000362463 9606.ENSP00000371886 0 0 0 0 0 0 173 173 
9606.ENSP00000362463 9606.ENSP00000341044 59 0 0 64 0 0 127 163 
9606.ENSP00000362463 9606.ENSP00000357516 0 0 0 63 0 0 200 219 
9606.ENSP00000362463 9606.ENSP00000249396 58 0 0 62 0 0 122 156 
9606.ENSP00000362463 9606.ENSP00000419087 0 0 0 110 0 0 107 172 
9606.ENSP00000362463 9606.ENSP00000307959 0 0 0 0 0 0 289 289 
9606.ENSP00000362463 9606.ENSP00000452780 0 0 0 0 0 0 216 216 
9606.ENSP00000362463 9606.ENSP00000376297 0 0 0 99 0 0 140 192 
9606.ENSP00000362463 9606.ENSP00000379873 0 0 0 0 0 0 527 527 
9606.ENSP00000362463 9606.ENSP00000344942 0 0 0 0 0 0 188 188 
9606.ENSP00000362463 9606.ENSP00000478874 0 0 0 0 0 0 323 323 
9606.ENSP00000362463 9606.ENSP00000329558 42 0 0 60 0 0 177 194 
9606.ENSP00000362463 9606.ENSP00000351777 0 0 0 91 0 0 158 202 
9606.ENSP00000362463 9606.ENSP00000286621 111 0 0 102 0 0 198 304 
9606.ENSP00000362463 9606.ENSP00000408860 0 0 0 0 0 0 294 294 
9606.ENSP00000362463 9606.ENSP00000474534 44 0 0 64 0 0 134 157 
9606.ENSP00000362463 9606.ENSP00000426083 59 0 0 74 0 0 108 155 
9606.ENSP00000362463 9606.ENSP00000220764 0 0 0 62 0 0 451 463 
9606.ENSP00000362463 9606.ENSP00000430656 0 0 0 0 0 0 161 161 
9606.ENSP00000362463 9606.ENSP00000280706 59 0 0 63 0 0 125 161 
9606.ENSP00000362463 9606.ENSP00000434442 0 0 0 52 0 0 313 320 
9606.ENSP00000362463 9606.ENSP00000407112 185 0 0 63 0 0 129 276 
9606.ENSP00000362463 9606.ENSP00000289004 78 0 0 0 0 0 134 167 
9606.ENSP00000362463 9606.ENSP00000393316 0 0 0 109 0 0 89 154 
9606.ENSP00000362463 9606.ENSP00000264932 59 0 0 110 85 0 148 261 
9606.ENSP00000362463 9606.ENSP00000333667 58 0 0 112 0 0 266 333 
9606.ENSP00000362463 9606.ENSP00000363308 0 0 0 63 0 0 164 183 
9606.ENSP00000362463 9606.ENSP00000449328 0 0 0 133 0 0 336 400 
9606.ENSP00000362463 9606.ENSP00000458162 0 0 0 80 0 0 140 176 
9606.ENSP00000362463 9606.ENSP00000403683 0 0 0 63 0 0 173 191 
9606.ENSP00000362463 9606.ENSP00000264908 0 0 0 49 0 0 151 158 
9606.ENSP00000362463 9606.ENSP00000236850 0 0 0 0 0 0 175 175 
9606.ENSP00000362463 9606.ENSP00000311449 0 0 0 0 0 0 225 225 
9606.ENSP00000362463 9606.ENSP00000466134 0 0 0 0 0 0 182 182 
9606.ENSP00000362463 9606.ENSP00000305422 0 0 0 0 0 0 231 231 
9606.ENSP00000362463 9606.ENSP00000254846 75 0 0 0 0 0 156 185 
9606.ENSP00000362463 9606.ENSP00000391747 0 0 0 0 104 0 131 188 
9606.ENSP00000362463 9606.ENSP00000362413 59 0 0 155 0 0 266 366 
9606.ENSP00000362463 9606.ENSP00000376272 0 0 0 152 0 0 70 177 
9606.ENSP00000362463 9606.ENSP00000246194 0 0 0 0 0 0 163 163 
9606.ENSP00000362463 9606.ENSP00000420269 59 0 0 74 0 0 112 158 
9606.ENSP00000362463 9606.ENSP00000369897 54 0 0 70 0 0 160 197 
9606.ENSP00000362463 9606.ENSP00000346921 0 0 0 91 0 0 351 385 
9606.ENSP00000362463 9606.ENSP00000261643 44 0 0 64 0 0 203 224 
9606.ENSP00000362463 9606.ENSP00000379370 0 0 0 0 0 0 263 263 
9606.ENSP00000362463 9606.ENSP00000207870 0 0 0 63 0 0 377 392 
9606.ENSP00000362463 9606.ENSP00000299213 0 0 0 49 0 0 148 155 
9606.ENSP00000362463 9606.ENSP00000254878 44 0 0 61 0 0 282 299 
9606.ENSP00000362463 9606.ENSP00000307241 47 0 0 178 0 0 129 259 
9606.ENSP00000362463 9606.ENSP00000281243 0 0 0 62 413 0 137 483 
9606.ENSP00000362463 9606.ENSP00000397673 44 0 0 61 64 0 112 154 
9606.ENSP00000362463 9606.ENSP00000354855 0 0 0 0 0 0 311 311 
9606.ENSP00000362463 9606.ENSP00000302160 0 0 0 196 0 0 0 196 
9606.ENSP00000362463 9606.ENSP00000285093 57 0 0 63 0 0 137 170 
9606.ENSP00000362463 9606.ENSP00000401802 0 0 0 157 0 0 0 157 
9606.ENSP00000362463 9606.ENSP00000252603 0 0 0 63 0 0 276 292 
9606.ENSP00000362463 9606.ENSP00000377446 180 0 0 61 0 0 237 361 
9606.ENSP00000362463 9606.ENSP00000346693 0 0 0 0 0 0 168 168 
9606.ENSP00000362463 9606.ENSP00000263025 0 0 0 0 0 0 237 237 
9606.ENSP00000362463 9606.ENSP00000248553 0 0 0 0 363 0 392 596 
9606.ENSP00000362463 9606.ENSP00000356978 71 0 0 64 0 0 203 246 
9606.ENSP00000362463 9606.ENSP00000363822 0 0 0 0 70 0 199 223 
9606.ENSP00000362463 9606.ENSP00000229416 0 0 0 64 0 0 207 226 
9606.ENSP00000362463 9606.ENSP00000272190 0 0 0 49 0 0 248 254 
9606.ENSP00000362463 9606.ENSP00000232607 48 0 0 0 416 0 74 440 
9606.ENSP00000362463 9606.ENSP00000411822 0 0 0 0 0 0 167 167 
9606.ENSP00000362463 9606.ENSP00000209668 59 0 0 74 0 0 137 182 
9606.ENSP00000362463 9606.ENSP00000358549 60 0 0 62 0 0 120 156 
9606.ENSP00000362463 9606.ENSP00000333568 0 0 0 0 0 0 327 327 
9606.ENSP00000362463 9606.ENSP00000356990 0 0 0 57 0 0 154 168 
9606.ENSP00000362463 9606.ENSP00000358059 45 0 0 109 0 0 112 178 
9606.ENSP00000362463 9606.ENSP00000212015 58 0 0 62 0 0 168 200 
9606.ENSP00000362463 9606.ENSP00000432768 0 501 0 107 0 0 0 535 
9606.ENSP00000362463 9606.ENSP00000265512 59 0 0 74 0 0 136 181 
9606.ENSP00000362463 9606.ENSP00000465589 0 0 0 0 0 0 223 223 
9606.ENSP00000362463 9606.ENSP00000266086 58 0 0 0 0 0 156 171 
9606.ENSP00000362463 9606.ENSP00000269321 0 0 0 46 0 0 329 332 
9606.ENSP00000362463 9606.ENSP00000255084 46 0 0 90 0 0 269 309 
9606.ENSP00000362463 9606.ENSP00000316416 0 0 0 0 0 0 226 226 
9606.ENSP00000362463 9606.ENSP00000385968 0 0 0 0 0 0 173 173 
9606.ENSP00000362463 9606.ENSP00000284320 0 0 0 158 0 0 0 158 
9606.ENSP00000362463 9606.ENSP00000236959 52 0 0 139 419 0 50 489 
9606.ENSP00000362463 9606.ENSP00000250101 0 0 0 76 0 0 192 222 
9606.ENSP00000362463 9606.ENSP00000352584 0 0 0 172 128 0 220 388 
9606.ENSP00000362463 9606.ENSP00000295822 0 0 0 0 0 0 237 237 
9606.ENSP00000362463 9606.ENSP00000364212 171 0 0 0 0 0 0 171 
9606.ENSP00000362463 9606.ENSP00000478570 0 0 0 0 0 0 212 212 
9606.ENSP00000362463 9606.ENSP00000280057 0 0 0 0 0 0 404 404 
9606.ENSP00000362463 9606.ENSP00000353007 0 0 0 0 0 0 216 216 
9606.ENSP00000362463 9606.ENSP00000359484 0 0 0 63 0 0 275 292 
9606.ENSP00000362463 9606.ENSP00000418770 176 0 0 171 298 0 664 817 
9606.ENSP00000362463 9606.ENSP00000322439 0 0 0 107 0 0 87 150 
9606.ENSP00000362463 9606.ENSP00000370473 0 0 0 0 0 0 233 233 
9606.ENSP00000362463 9606.ENSP00000341082 0 0 0 142 0 0 58 157 
9606.ENSP00000362463 9606.ENSP00000478931 51 0 0 0 0 0 204 212 
9606.ENSP00000362463 9606.ENSP00000242592 0 0 0 63 0 0 425 439 
9606.ENSP00000362463 9606.ENSP00000035383 0 0 0 61 0 0 159 176 
9606.ENSP00000362463 9606.ENSP00000310688 0 0 0 51 0 0 159 167 
9606.ENSP00000362463 9606.ENSP00000354580 165 0 0 65 0 0 76 215 
9606.ENSP00000362463 9606.ENSP00000218224 0 0 0 0 0 0 222 222 
9606.ENSP00000362463 9606.ENSP00000363840 0 0 0 62 0 0 134 152 
9606.ENSP00000362463 9606.ENSP00000217426 0 0 0 140 0 0 238 317 
9606.ENSP00000362463 9606.ENSP00000263985 176 0 0 0 0 0 205 316 
9606.ENSP00000362463 9606.ENSP00000210060 0 0 0 0 0 0 159 159 
9606.ENSP00000362463 9606.ENSP00000276440 0 0 0 0 0 0 399 399 
9606.ENSP00000362463 9606.ENSP00000250457 0 0 0 0 0 0 290 290 
9606.ENSP00000362463 9606.ENSP00000447942 0 0 0 643 0 0 0 643 
9606.ENSP00000362463 9606.ENSP00000258648 0 0 0 77 0 0 224 253 
9606.ENSP00000362463 9606.ENSP00000355566 0 0 0 258 0 0 0 258 
9606.ENSP00000362463 9606.ENSP00000481646 0 0 0 88 0 0 112 156 
9606.ENSP00000362463 9606.ENSP00000258975 175 0 0 54 0 0 0 186 
9606.ENSP00000362463 9606.ENSP00000346103 0 0 0 63 0 0 377 391 
9606.ENSP00000362463 9606.ENSP00000358931 0 0 0 64 0 0 131 151 
9606.ENSP00000362463 9606.ENSP00000353099 0 0 0 0 0 0 188 188 
9606.ENSP00000362463 9606.ENSP00000337825 0 0 0 50 0 0 341 347 
9606.ENSP00000362463 9606.ENSP00000377040 72 0 0 49 0 0 186 219 
9606.ENSP00000362463 9606.ENSP00000261667 0 0 0 160 0 0 0 160 
9606.ENSP00000362463 9606.ENSP00000221566 0 0 0 0 0 0 215 215 
9606.ENSP00000362463 9606.ENSP00000376056 0 0 0 135 0 0 74 165 
9606.ENSP00000362463 9606.ENSP00000267750 0 0 0 168 0 0 98 218 
9606.ENSP00000362463 9606.ENSP00000363794 0 0 0 62 0 0 331 345 
9606.ENSP00000362463 9606.ENSP00000350928 0 0 0 105 0 0 146 203 
9606.ENSP00000362463 9606.ENSP00000224337 0 0 0 0 0 0 311 311 
9606.ENSP00000362463 9606.ENSP00000364649 46 0 0 89 0 0 359 394 
9606.ENSP00000362463 9606.ENSP00000469686 0 0 0 0 0 0 282 282 
9606.ENSP00000362463 9606.ENSP00000286091 0 0 0 98 0 0 199 247 
9606.ENSP00000362463 9606.ENSP00000265260 0 0 0 183 0 0 0 183 
9606.ENSP00000362463 9606.ENSP00000438144 59 0 0 309 0 0 294 501 
9606.ENSP00000362463 9606.ENSP00000361465 0 0 0 62 0 0 167 185 
9606.ENSP00000362463 9606.ENSP00000376793 0 0 0 0 0 0 206 206 
9606.ENSP00000362463 9606.ENSP00000317334 0 0 0 159 50 0 341 428 
9606.ENSP00000362463 9606.ENSP00000266735 0 0 0 157 0 0 0 157 
9606.ENSP00000362463 9606.ENSP00000464814 44 0 0 64 0 0 206 228 
9606.ENSP00000362463 9606.ENSP00000372112 79 0 0 65 0 0 93 151 
9606.ENSP00000362463 9606.ENSP00000327589 58 0 0 62 0 0 121 155 
9606.ENSP00000362463 9606.ENSP00000362036 182 0 0 113 0 0 50 250 
9606.ENSP00000362463 9606.ENSP00000219240 78 0 0 63 0 0 165 216 
9606.ENSP00000362463 9606.ENSP00000320378 0 0 0 0 0 0 157 157 
9606.ENSP00000362463 9606.ENSP00000296930 0 0 0 136 0 0 69 161 
9606.ENSP00000362463 9606.ENSP00000359804 0 0 0 0 0 0 155 155 
9606.ENSP00000362463 9606.ENSP00000357883 0 0 0 0 0 0 177 177 
9606.ENSP00000362463 9606.ENSP00000365256 50 0 0 0 0 0 220 227 
9606.ENSP00000362463 9606.ENSP00000333813 0 0 0 0 0 0 466 466 
9606.ENSP00000362463 9606.ENSP00000437783 59 0 0 63 0 0 125 161 
9606.ENSP00000362463 9606.ENSP00000433919 0 0 0 151 0 0 0 151 
9606.ENSP00000362463 9606.ENSP00000302177 0 0 0 0 0 0 545 545 
9606.ENSP00000362463 9606.ENSP00000469240 0 0 0 64 0 0 134 154 
9606.ENSP00000362463 9606.ENSP00000263431 0 0 0 0 0 0 213 213 
9606.ENSP00000362463 9606.ENSP00000481450 0 0 0 0 0 0 158 158 
9606.ENSP00000362463 9606.ENSP00000387365 0 0 0 181 0 0 0 181 
9606.ENSP00000362463 9606.ENSP00000260270 0 0 0 77 0 0 159 190 
9606.ENSP00000362463 9606.ENSP00000409952 0 0 0 0 0 0 336 336 
9606.ENSP00000362463 9606.ENSP00000229903 0 0 0 0 0 0 290 290 
9606.ENSP00000362463 9606.ENSP00000305682 42 0 0 142 0 0 102 197 
9606.ENSP00000362463 9606.ENSP00000382071 171 0 0 63 0 0 204 327 
9606.ENSP00000362463 9606.ENSP00000385675 0 0 0 0 0 0 183 183 
9606.ENSP00000362463 9606.ENSP00000379133 43 0 0 159 0 0 132 240 
9606.ENSP00000362463 9606.ENSP00000264436 43 0 0 64 0 0 132 154 
9606.ENSP00000362463 9606.ENSP00000300289 0 0 0 98 0 0 322 363 
9606.ENSP00000362463 9606.ENSP00000345555 81 0 0 55 0 0 140 188 
9606.ENSP00000362463 9606.ENSP00000261313 47 0 0 207 0 0 186 331 
9606.ENSP00000362463 9606.ENSP00000273588 43 0 0 63 0 0 283 301 
9606.ENSP00000362463 9606.ENSP00000412189 0 0 0 62 0 0 196 213 
9606.ENSP00000362463 9606.ENSP00000451560 0 0 0 50 0 0 282 288 
9606.ENSP00000362463 9606.ENSP00000343190 45 0 0 62 0 0 172 193 
9606.ENSP00000362463 9606.ENSP00000379683 0 0 0 0 0 0 203 203 
9606.ENSP00000362463 9606.ENSP00000418842 0 0 0 213 0 0 373 485 
9606.ENSP00000362463 9606.ENSP00000428845 0 0 0 174 0 0 84 211 
9606.ENSP00000362463 9606.ENSP00000312224 75 0 0 0 0 0 266 292 
9606.ENSP00000362463 9606.ENSP00000347409 0 0 0 0 85 0 314 346 
9606.ENSP00000362463 9606.ENSP00000386884 0 0 0 0 0 0 227 227 
9606.ENSP00000362463 9606.ENSP00000273920 0 0 0 249 0 0 292 446 
9606.ENSP00000362463 9606.ENSP00000263245 0 0 0 52 0 0 313 320 
9606.ENSP00000362463 9606.ENSP00000359539 0 0 0 64 84 0 114 174 
9606.ENSP00000362463 9606.ENSP00000253382 48 0 0 0 0 0 218 224 
9606.ENSP00000362463 9606.ENSP00000216714 43 0 0 152 0 0 470 532 
9606.ENSP00000362463 9606.ENSP00000350266 0 0 0 0 0 0 407 407 
9606.ENSP00000362463 9606.ENSP00000481127 0 0 0 0 0 0 161 161 
9606.ENSP00000362463 9606.ENSP00000268379 0 0 0 90 0 0 153 196 
9606.ENSP00000362463 9606.ENSP00000265896 59 0 0 76 0 0 167 212 
9606.ENSP00000362463 9606.ENSP00000378669 0 0 0 88 385 0 287 566 
9606.ENSP00000362463 9606.ENSP00000356104 0 0 0 61 0 0 199 216 
9606.ENSP00000362463 9606.ENSP00000458770 111 0 0 142 0 0 609 676 
9606.ENSP00000362463 9606.ENSP00000339398 0 0 0 0 0 0 189 189 
9606.ENSP00000362463 9606.ENSP00000268704 78 0 0 62 0 0 130 181 
9606.ENSP00000362463 9606.ENSP00000367459 0 0 0 0 0 0 402 402 
9606.ENSP00000362463 9606.ENSP00000287152 0 0 0 0 0 0 162 162 
9606.ENSP00000362463 9606.ENSP00000247153 0 0 0 0 0 0 235 235 
9606.ENSP00000362463 9606.ENSP00000388293 46 0 0 51 0 0 177 189 
9606.ENSP00000362463 9606.ENSP00000481697 0 0 0 0 0 0 311 311 
9606.ENSP00000362463 9606.ENSP00000265052 78 0 0 57 0 0 223 265 
9606.ENSP00000362463 9606.ENSP00000477781 0 0 0 77 0 0 308 334 
9606.ENSP00000362463 9606.ENSP00000222254 0 0 0 0 0 0 224 224 
9606.ENSP00000362463 9606.ENSP00000363614 75 0 0 61 69 0 188 255 
9606.ENSP00000362463 9606.ENSP00000349467 0 0 0 0 0 0 431 431 
9606.ENSP00000362463 9606.ENSP00000320171 42 0 0 90 0 0 225 265 
9606.ENSP00000362463 9606.ENSP00000362208 71 0 0 113 0 0 58 156 
9606.ENSP00000362463 9606.ENSP00000348459 60 0 0 0 0 0 397 408 
9606.ENSP00000362463 9606.ENSP00000326200 0 0 0 0 0 0 163 163 
9606.ENSP00000362463 9606.ENSP00000359859 134 0 0 62 0 0 44 155 
9606.ENSP00000362463 9606.ENSP00000296658 0 0 0 116 0 0 226 286 
9606.ENSP00000362463 9606.ENSP00000263354 0 0 0 0 0 0 217 217 
9606.ENSP00000362463 9606.ENSP00000263694 0 506 0 108 0 0 0 541 
9606.ENSP00000362463 9606.ENSP00000244520 0 0 0 158 0 0 0 158 
9606.ENSP00000362463 9606.ENSP00000451406 0 0 0 0 0 0 206 206 
9606.ENSP00000362463 9606.ENSP00000263867 0 0 0 0 0 0 179 179 
9606.ENSP00000362463 9606.ENSP00000318165 0 0 0 0 0 0 282 282 
9606.ENSP00000362463 9606.ENSP00000378877 56 0 0 61 0 0 283 309 
9606.ENSP00000362463 9606.ENSP00000386559 0 0 0 0 0 0 185 185 
9606.ENSP00000362463 9606.ENSP00000256496 0 0 0 55 0 0 238 249 
9606.ENSP00000362463 9606.ENSP00000378130 0 0 0 0 54 0 222 233 
9606.ENSP00000362463 9606.ENSP00000441875 0 0 0 99 0 0 96 150 
9606.ENSP00000362463 9606.ENSP00000242375 0 0 0 129 96 0 144 267 
9606.ENSP00000362463 9606.ENSP00000293330 0 0 0 0 0 0 248 248 
9606.ENSP00000362463 9606.ENSP00000452762 0 0 0 246 0 0 106 297 
9606.ENSP00000362463 9606.ENSP00000437955 0 0 0 0 0 0 222 222 
9606.ENSP00000362463 9606.ENSP00000340937 0 0 0 62 0 0 221 238 
9606.ENSP00000362463 9606.ENSP00000372326 0 0 0 113 0 0 101 168 
9606.ENSP00000362463 9606.ENSP00000262043 0 0 0 0 0 0 446 446 
9606.ENSP00000362463 9606.ENSP00000438113 0 0 0 84 0 0 180 217 
9606.ENSP00000362463 9606.ENSP00000253799 0 0 0 0 0 800 112 814 
9606.ENSP00000362463 9606.ENSP00000357633 0 0 0 63 0 0 264 281 
9606.ENSP00000362463 9606.ENSP00000337445 42 0 0 63 0 0 249 267 
9606.ENSP00000362463 9606.ENSP00000381736 50 0 0 180 0 0 134 266 
9606.ENSP00000362463 9606.ENSP00000304915 0 0 0 0 0 0 185 185 
9606.ENSP00000362463 9606.ENSP00000331901 0 0 0 126 79 0 202 301 
9606.ENSP00000362463 9606.ENSP00000481593 47 0 0 62 0 0 136 160 
9606.ENSP00000362463 9606.ENSP00000270142 0 0 0 681 54 0 323 778 
9606.ENSP00000362463 9606.ENSP00000354677 0 0 0 61 0 0 249 265 
9606.ENSP00000362463 9606.ENSP00000367013 0 0 0 0 0 0 230 230 
9606.ENSP00000362463 9606.ENSP00000419027 135 0 0 107 0 0 379 478 
9606.ENSP00000362463 9606.ENSP00000262177 0 0 0 61 0 0 272 288 
9606.ENSP00000362463 9606.ENSP00000278949 0 0 0 0 0 0 323 323 
9606.ENSP00000362463 9606.ENSP00000369545 0 0 0 63 0 0 451 464 
9606.ENSP00000362463 9606.ENSP00000480059 0 0 0 0 0 0 213 213 
9606.ENSP00000362463 9606.ENSP00000273077 49 0 0 108 0 0 283 338 
9606.ENSP00000362463 9606.ENSP00000377549 0 0 0 61 57 0 231 259 
9606.ENSP00000362463 9606.ENSP00000391397 0 0 0 63 0 0 151 170 
9606.ENSP00000362463 9606.ENSP00000235310 0 0 0 65 0 0 158 179 
9606.ENSP00000362463 9606.ENSP00000352603 0 0 0 63 0 0 152 172 
9606.ENSP00000362463 9606.ENSP00000359685 0 0 0 82 0 0 429 453 
9606.ENSP00000362463 9606.ENSP00000292427 0 0 0 0 0 0 229 229 
9606.ENSP00000362463 9606.ENSP00000222673 0 0 0 63 0 0 236 254 
9606.ENSP00000362463 9606.ENSP00000361084 0 0 0 211 0 0 0 211 
9606.ENSP00000362463 9606.ENSP00000318868 58 0 0 79 0 0 226 270 
9606.ENSP00000362463 9606.ENSP00000357256 0 0 0 0 0 0 182 182 
9606.ENSP00000362463 9606.ENSP00000334998 0 0 0 63 0 0 167 186 
9606.ENSP00000362463 9606.ENSP00000339063 0 0 0 126 0 0 170 244 
9606.ENSP00000362463 9606.ENSP00000313921 122 0 0 62 0 0 133 223 
9606.ENSP00000362463 9606.ENSP00000289371 71 0 0 61 0 0 324 359 
9606.ENSP00000362463 9606.ENSP00000361965 0 0 0 62 0 0 305 321 
9606.ENSP00000362463 9606.ENSP00000373073 0 0 0 0 0 0 175 175 
9606.ENSP00000362463 9606.ENSP00000365402 0 0 0 0 0 0 188 188 
9606.ENSP00000362463 9606.ENSP00000355325 0 0 0 159 0 0 50 167 
9606.ENSP00000362463 9606.ENSP00000302111 171 0 0 0 0 0 76 201 
9606.ENSP00000362463 9606.ENSP00000265838 57 0 0 169 0 0 237 350 
9606.ENSP00000362463 9606.ENSP00000466363 0 0 0 0 0 0 177 177 
9606.ENSP00000362463 9606.ENSP00000323275 0 0 0 0 0 0 261 261 
9606.ENSP00000362463 9606.ENSP00000358635 0 0 0 82 0 0 187 222 
9606.ENSP00000362463 9606.ENSP00000355517 59 0 0 0 0 0 157 172 
9606.ENSP00000362463 9606.ENSP00000274353 0 0 0 0 0 0 290 290 
9606.ENSP00000362463 9606.ENSP00000357625 0 0 0 77 0 0 350 374 
9606.ENSP00000362463 9606.ENSP00000233893 44 0 0 162 363 0 163 516 
9606.ENSP00000362463 9606.ENSP00000364210 0 0 0 0 0 0 398 398 
9606.ENSP00000362463 9606.ENSP00000413908 78 0 0 61 0 0 285 326 
9606.ENSP00000362463 9606.ENSP00000262916 0 0 0 0 0 0 154 154 
9606.ENSP00000362463 9606.ENSP00000348170 0 0 0 0 54 0 417 425 
9606.ENSP00000362463 9606.ENSP00000349156 0 0 0 0 0 0 254 254 
9606.ENSP00000362463 9606.ENSP00000399168 0 0 0 0 0 0 414 414 
9606.ENSP00000362463 9606.ENSP00000379839 69 0 0 0 0 0 175 199 
9606.ENSP00000362463 9606.ENSP00000171887 0 0 0 0 0 0 224 224 
9606.ENSP00000362463 9606.ENSP00000299847 0 0 0 0 0 0 173 173 
9606.ENSP00000362463 9606.ENSP00000423602 0 0 0 0 0 0 358 358 
9606.ENSP00000362463 9606.ENSP00000338475 45 0 0 62 0 0 143 165 
9606.ENSP00000362463 9606.ENSP00000287295 51 0 0 62 0 0 131 158 
9606.ENSP00000362463 9606.ENSP00000263826 0 0 0 63 0 0 173 191 
9606.ENSP00000362463 9606.ENSP00000346635 0 0 0 63 0 0 325 340 
9606.ENSP00000362463 9606.ENSP00000215832 0 0 0 0 0 0 159 159 
9606.ENSP00000362463 9606.ENSP00000363787 0 0 0 0 0 0 166 166 
9606.ENSP00000362463 9606.ENSP00000283632 0 0 0 0 0 0 317 317 
9606.ENSP00000362463 9606.ENSP00000274813 185 0 0 62 0 0 491 577 
9606.ENSP00000362463 9606.ENSP00000259667 46 0 0 112 0 0 155 221 
9606.ENSP00000362463 9606.ENSP00000402103 0 0 0 64 0 0 220 239 
9606.ENSP00000362463 9606.ENSP00000370129 0 0 0 129 96 0 109 237 
9606.ENSP00000362463 9606.ENSP00000291707 0 0 0 0 0 0 560 560 
9606.ENSP00000362463 9606.ENSP00000215882 0 0 0 85 0 0 207 244 
9606.ENSP00000362463 9606.ENSP00000319788 78 0 0 65 0 0 150 203 
9606.ENSP00000362463 9606.ENSP00000280701 0 0 0 0 0 0 173 173 
9606.ENSP00000362463 9606.ENSP00000357076 0 0 0 0 0 0 191 191 
9606.ENSP00000362463 9606.ENSP00000243167 69 0 0 0 0 0 166 190 
9606.ENSP00000362463 9606.ENSP00000244728 0 0 0 62 0 0 327 342 
9606.ENSP00000362463 9606.ENSP00000359258 0 0 0 111 96 0 147 254 
9606.ENSP00000362463 9606.ENSP00000264381 0 0 0 0 0 0 221 221 
9606.ENSP00000362463 9606.ENSP00000356105 0 0 0 0 0 0 184 184 
9606.ENSP00000362463 9606.ENSP00000259782 0 0 0 0 0 0 443 443 
9606.ENSP00000362463 9606.ENSP00000244217 0 0 0 61 0 0 540 550 
9606.ENSP00000362463 9606.ENSP00000234590 81 0 0 153 0 0 328 432 
9606.ENSP00000362463 9606.ENSP00000385432 0 0 0 61 0 0 204 220 
9606.ENSP00000362463 9606.ENSP00000262741 0 0 0 0 0 0 241 241 
9606.ENSP00000362463 9606.ENSP00000315070 0 0 0 0 0 0 161 161 
9606.ENSP00000362463 9606.ENSP00000472249 0 0 0 0 0 0 178 178 
9606.ENSP00000362463 9606.ENSP00000203629 0 0 0 0 0 0 195 195 
9606.ENSP00000362463 9606.ENSP00000287820 0 0 0 0 70 0 220 243 
9606.ENSP00000362463 9606.ENSP00000300026 0 0 0 85 89 0 68 155 
9606.ENSP00000362463 9606.ENSP00000238379 45 0 0 0 0 0 309 312 
9606.ENSP00000362463 9606.ENSP00000423674 0 0 0 93 0 0 143 189 
9606.ENSP00000362463 9606.ENSP00000405573 0 0 0 66 0 0 362 379 
9606.ENSP00000362463 9606.ENSP00000484105 0 0 0 0 0 0 335 335 
9606.ENSP00000362463 9606.ENSP00000295268 45 0 0 109 0 0 112 178 
9606.ENSP00000362463 9606.ENSP00000219066 185 0 0 0 0 0 69 208 
9606.ENSP00000362463 9606.ENSP00000339720 0 0 0 162 0 0 57 176 
9606.ENSP00000362463 9606.ENSP00000304923 0 0 0 61 0 0 195 211 
9606.ENSP00000362463 9606.ENSP00000337060 0 0 0 328 0 0 154 408 
9606.ENSP00000362463 9606.ENSP00000480428 0 0 0 0 0 0 189 189 
9606.ENSP00000362463 9606.ENSP00000257245 0 0 0 71 0 0 146 173 
9606.ENSP00000362463 9606.ENSP00000223321 0 0 0 181 0 0 0 181 
9606.ENSP00000362463 9606.ENSP00000334872 0 0 0 63 0 0 162 181 
9606.ENSP00000362463 9606.ENSP00000358126 0 0 0 61 0 0 206 223 
9606.ENSP00000362463 9606.ENSP00000485444 0 0 0 0 54 0 178 189 
9606.ENSP00000362463 9606.ENSP00000428056 0 0 0 0 0 0 224 224 
9606.ENSP00000362463 9606.ENSP00000364486 0 0 0 62 0 0 173 191 
9606.ENSP00000362463 9606.ENSP00000229270 110 0 0 180 0 0 684 749 
9606.ENSP00000362463 9606.ENSP00000216336 0 0 0 0 54 0 201 212 
9606.ENSP00000362463 9606.ENSP00000359976 0 0 0 62 0 0 166 184 
9606.ENSP00000362463 9606.ENSP00000417404 0 0 0 63 0 0 189 207 
9606.ENSP00000362463 9606.ENSP00000306548 42 0 0 160 0 0 57 175 
9606.ENSP00000362463 9606.ENSP00000301587 0 0 0 105 0 0 126 185 
9606.ENSP00000362463 9606.ENSP00000264380 0 0 0 0 0 0 223 223 
9606.ENSP00000362463 9606.ENSP00000354610 0 0 0 0 0 0 191 191 
9606.ENSP00000362463 9606.ENSP00000419851 167 0 0 179 406 0 69 571 
9606.ENSP00000362463 9606.ENSP00000336741 0 0 0 170 0 0 0 170 
9606.ENSP00000362463 9606.ENSP00000364080 0 0 0 0 0 0 189 189 
9606.ENSP00000362463 9606.ENSP00000481126 0 0 0 0 0 0 188 188 
9606.ENSP00000362463 9606.ENSP00000228825 0 0 0 105 0 0 107 167 
9606.ENSP00000362463 9606.ENSP00000264065 0 0 0 64 0 0 173 192 
9606.ENSP00000362463 9606.ENSP00000434480 0 0 0 62 0 0 135 154 
9606.ENSP00000362463 9606.ENSP00000313829 0 0 0 65 0 0 137 158 
9606.ENSP00000362463 9606.ENSP00000216605 0 0 0 77 0 0 127 159 
9606.ENSP00000362463 9606.ENSP00000297258 0 0 0 62 749 0 42 754 
9606.ENSP00000362463 9606.ENSP00000366109 0 0 0 49 0 0 167 173 
9606.ENSP00000362463 9606.ENSP00000356399 0 0 0 0 0 0 222 222 
9606.ENSP00000362463 9606.ENSP00000215375 88 0 0 136 0 0 49 185 
9606.ENSP00000362463 9606.ENSP00000245816 59 0 0 51 0 0 175 198 
9606.ENSP00000362463 9606.ENSP00000441158 0 0 0 0 0 0 167 167 
9606.ENSP00000362463 9606.ENSP00000358727 0 0 0 78 85 0 218 283 
9606.ENSP00000362463 9606.ENSP00000219406 0 0 0 64 0 0 173 192 
9606.ENSP00000362463 9606.ENSP00000225609 130 0 0 0 0 0 153 231 
9606.ENSP00000362463 9606.ENSP00000270570 69 0 0 64 0 0 127 172 
9606.ENSP00000362463 9606.ENSP00000231487 0 0 0 235 0 0 62 252 
9606.ENSP00000362463 9606.ENSP00000330587 0 0 0 63 0 0 162 181 
9606.ENSP00000362463 9606.ENSP00000403172 0 0 0 152 0 0 43 153 
9606.ENSP00000362463 9606.ENSP00000357838 135 0 0 95 0 0 199 319 
9606.ENSP00000362463 9606.ENSP00000316786 0 0 0 0 0 0 213 213 
9606.ENSP00000362463 9606.ENSP00000281317 185 0 0 62 0 0 245 372 
9606.ENSP00000362463 9606.ENSP00000380365 70 0 0 82 50 0 242 303 
9606.ENSP00000362463 9606.ENSP00000311083 0 0 0 152 0 0 78 184 
9606.ENSP00000362463 9606.ENSP00000347648 0 0 0 0 0 0 207 207 
