9606.ENSP00000254043 9606.ENSP00000342710 0 0 0 62 248 900 134 930 
9606.ENSP00000254043 9606.ENSP00000442400 0 0 0 77 0 0 224 253 
9606.ENSP00000254043 9606.ENSP00000357702 0 0 0 0 0 0 162 162 
9606.ENSP00000254043 9606.ENSP00000225550 0 0 0 0 0 900 55 901 
9606.ENSP00000254043 9606.ENSP00000418915 0 0 0 0 157 0 138 242 
9606.ENSP00000254043 9606.ENSP00000297991 0 0 0 63 0 0 156 176 
9606.ENSP00000254043 9606.ENSP00000296877 0 0 0 0 183 0 50 190 
9606.ENSP00000254043 9606.ENSP00000374237 0 0 0 0 0 0 241 241 
9606.ENSP00000254043 9606.ENSP00000357189 0 0 0 0 0 0 321 321 
9606.ENSP00000254043 9606.ENSP00000339238 0 0 0 0 0 0 247 247 
9606.ENSP00000254043 9606.ENSP00000357753 0 0 0 89 0 0 330 363 
9606.ENSP00000254043 9606.ENSP00000353608 0 0 0 108 0 0 223 278 
9606.ENSP00000254043 9606.ENSP00000347433 0 0 0 0 0 0 182 182 
9606.ENSP00000254043 9606.ENSP00000277010 0 0 0 0 0 0 189 189 
9606.ENSP00000254043 9606.ENSP00000167588 0 0 0 0 109 900 67 909 
9606.ENSP00000254043 9606.ENSP00000305675 0 0 0 62 0 0 133 151 
9606.ENSP00000254043 9606.ENSP00000485659 0 0 0 65 0 0 180 200 
9606.ENSP00000254043 9606.ENSP00000301653 0 0 0 183 0 900 64 916 
9606.ENSP00000254043 9606.ENSP00000324532 0 0 0 88 0 0 188 228 
9606.ENSP00000254043 9606.ENSP00000263925 0 0 0 53 143 0 111 216 
9606.ENSP00000254043 9606.ENSP00000225899 0 0 0 89 0 900 62 907 
9606.ENSP00000254043 9606.ENSP00000330720 0 0 0 57 0 0 191 204 
9606.ENSP00000254043 9606.ENSP00000360191 0 0 0 0 0 0 501 501 
9606.ENSP00000254043 9606.ENSP00000316114 0 0 0 0 705 0 0 705 
9606.ENSP00000254043 9606.ENSP00000252250 0 0 0 132 242 900 137 935 
9606.ENSP00000254043 9606.ENSP00000355718 0 0 0 0 0 0 167 167 
9606.ENSP00000254043 9606.ENSP00000350331 0 0 0 0 156 0 0 156 
9606.ENSP00000254043 9606.ENSP00000359392 0 0 0 49 185 0 53 201 
9606.ENSP00000254043 9606.ENSP00000333887 0 0 0 0 0 0 165 165 
9606.ENSP00000254043 9606.ENSP00000246891 0 0 0 0 0 0 219 219 
9606.ENSP00000254043 9606.ENSP00000382476 0 0 0 0 0 0 222 222 
9606.ENSP00000254043 9606.ENSP00000355388 0 0 0 0 156 0 0 156 
9606.ENSP00000254043 9606.ENSP00000391490 0 0 0 98 0 0 109 162 
9606.ENSP00000254043 9606.ENSP00000370826 0 0 0 0 0 0 442 442 
9606.ENSP00000254043 9606.ENSP00000257192 0 0 0 61 0 0 300 315 
9606.ENSP00000254043 9606.ENSP00000330746 0 0 0 0 0 0 161 161 
9606.ENSP00000254043 9606.ENSP00000297837 0 0 0 0 156 0 0 156 
9606.ENSP00000254043 9606.ENSP00000334922 0 0 0 0 0 0 163 163 
9606.ENSP00000254043 9606.ENSP00000369855 0 0 0 0 157 0 76 187 
9606.ENSP00000254043 9606.ENSP00000290551 0 0 0 0 0 0 154 154 
9606.ENSP00000254043 9606.ENSP00000335503 0 0 0 0 0 0 171 171 
9606.ENSP00000254043 9606.ENSP00000283033 0 0 0 0 183 0 0 183 
9606.ENSP00000254043 9606.ENSP00000371770 0 0 0 147 0 0 89 190 
9606.ENSP00000254043 9606.ENSP00000366955 0 0 0 0 0 0 163 163 
9606.ENSP00000254043 9606.ENSP00000475216 0 0 0 63 0 0 232 249 
9606.ENSP00000254043 9606.ENSP00000396308 0 0 0 0 0 0 412 412 
9606.ENSP00000254043 9606.ENSP00000328270 0 0 0 0 0 0 167 167 
9606.ENSP00000254043 9606.ENSP00000266718 0 0 0 0 0 0 237 237 
9606.ENSP00000254043 9606.ENSP00000357643 0 0 0 0 0 0 226 226 
9606.ENSP00000254043 9606.ENSP00000300574 0 0 0 0 158 0 0 158 
9606.ENSP00000254043 9606.ENSP00000245479 0 0 0 0 0 0 457 457 
9606.ENSP00000254043 9606.ENSP00000375236 0 0 0 0 0 0 189 189 
9606.ENSP00000254043 9606.ENSP00000230538 0 0 0 0 0 0 194 194 
9606.ENSP00000254043 9606.ENSP00000349612 0 0 0 0 156 0 0 156 
9606.ENSP00000254043 9606.ENSP00000349588 0 0 0 0 100 0 155 206 
9606.ENSP00000254043 9606.ENSP00000386376 0 0 0 0 0 0 163 163 
9606.ENSP00000254043 9606.ENSP00000264637 0 0 0 0 43 0 355 356 
9606.ENSP00000254043 9606.ENSP00000277895 0 0 0 0 109 0 123 185 
9606.ENSP00000254043 9606.ENSP00000251643 0 0 0 0 0 900 70 903 
9606.ENSP00000254043 9606.ENSP00000326159 0 0 0 0 0 0 248 248 
9606.ENSP00000254043 9606.ENSP00000377576 0 0 0 0 0 0 150 150 
9606.ENSP00000254043 9606.ENSP00000336775 0 0 0 0 0 0 193 193 
9606.ENSP00000254043 9606.ENSP00000359557 0 0 0 0 109 0 96 160 
9606.ENSP00000254043 9606.ENSP00000355124 0 0 0 175 109 900 63 922 
9606.ENSP00000254043 9606.ENSP00000296525 0 0 0 0 157 0 224 318 
9606.ENSP00000254043 9606.ENSP00000366047 0 0 0 0 0 0 388 388 
9606.ENSP00000254043 9606.ENSP00000276925 0 0 0 0 157 0 41 156 
9606.ENSP00000254043 9606.ENSP00000027335 0 0 0 61 0 0 167 184 
9606.ENSP00000254043 9606.ENSP00000398632 0 0 0 61 0 0 246 261 
9606.ENSP00000254043 9606.ENSP00000384748 0 0 0 77 0 0 160 191 
9606.ENSP00000254043 9606.ENSP00000265140 0 0 0 0 156 0 0 156 
9606.ENSP00000254043 9606.ENSP00000161559 0 0 0 0 0 0 176 176 
9606.ENSP00000254043 9606.ENSP00000215941 0 0 0 0 156 0 0 156 
9606.ENSP00000254043 9606.ENSP00000398698 0 0 0 0 0 0 218 218 
9606.ENSP00000254043 9606.ENSP00000346986 0 0 0 0 183 0 0 183 
9606.ENSP00000254043 9606.ENSP00000271971 0 0 0 79 0 0 129 163 
9606.ENSP00000254043 9606.ENSP00000277458 0 0 0 0 156 0 0 156 
9606.ENSP00000254043 9606.ENSP00000351022 0 0 0 0 0 0 326 326 
9606.ENSP00000254043 9606.ENSP00000209718 0 0 0 113 0 900 93 912 
9606.ENSP00000254043 9606.ENSP00000290167 0 0 0 0 0 0 209 209 
9606.ENSP00000254043 9606.ENSP00000378340 0 0 0 61 0 0 174 191 
9606.ENSP00000254043 9606.ENSP00000232003 0 0 0 0 0 0 361 361 
9606.ENSP00000254043 9606.ENSP00000280904 0 0 0 62 0 0 230 247 
9606.ENSP00000254043 9606.ENSP00000339186 0 0 0 0 0 0 159 159 
9606.ENSP00000254043 9606.ENSP00000358983 0 0 0 0 156 0 0 156 
9606.ENSP00000254043 9606.ENSP00000257632 0 0 0 0 0 0 255 255 
9606.ENSP00000254043 9606.ENSP00000295897 0 0 0 0 0 0 245 245 
9606.ENSP00000254043 9606.ENSP00000245451 0 0 0 0 0 0 252 252 
9606.ENSP00000254043 9606.ENSP00000356247 0 0 0 0 0 0 642 642 
9606.ENSP00000254043 9606.ENSP00000451575 0 0 0 0 156 0 0 156 
9606.ENSP00000254043 9606.ENSP00000331902 0 0 0 59 0 0 187 202 
9606.ENSP00000254043 9606.ENSP00000375107 0 0 0 0 0 0 173 173 
9606.ENSP00000254043 9606.ENSP00000354432 0 0 0 0 156 0 0 156 
9606.ENSP00000254043 9606.ENSP00000252252 0 0 0 243 242 900 138 944 
9606.ENSP00000254043 9606.ENSP00000256759 0 0 0 0 0 0 194 194 
9606.ENSP00000254043 9606.ENSP00000269305 0 0 0 0 0 0 294 294 
9606.ENSP00000254043 9606.ENSP00000257860 0 0 0 52 305 0 0 313 
9606.ENSP00000254043 9606.ENSP00000478796 0 0 0 0 0 0 163 163 
9606.ENSP00000254043 9606.ENSP00000331933 0 0 0 0 0 0 228 228 
9606.ENSP00000254043 9606.ENSP00000419124 0 0 0 0 109 0 119 182 
9606.ENSP00000254043 9606.ENSP00000328181 0 0 0 0 0 0 180 180 
9606.ENSP00000254043 9606.ENSP00000276185 0 0 0 0 0 0 223 223 
9606.ENSP00000254043 9606.ENSP00000261537 0 0 0 0 335 0 0 335 
9606.ENSP00000254043 9606.ENSP00000359596 0 0 0 94 0 0 227 269 
9606.ENSP00000254043 9606.ENSP00000267119 0 0 0 49 237 900 101 926 
9606.ENSP00000254043 9606.ENSP00000372272 0 0 0 0 0 0 171 171 
9606.ENSP00000254043 9606.ENSP00000267163 0 0 0 0 0 0 165 165 
9606.ENSP00000254043 9606.ENSP00000444533 0 0 0 72 248 900 81 927 
9606.ENSP00000254043 9606.ENSP00000302665 0 0 0 0 0 0 164 164 
9606.ENSP00000254043 9606.ENSP00000469689 0 0 0 0 156 0 0 156 
9606.ENSP00000254043 9606.ENSP00000375237 0 0 0 0 0 0 151 151 
9606.ENSP00000254043 9606.ENSP00000266719 0 0 0 49 0 0 464 469 
9606.ENSP00000254043 9606.ENSP00000333993 0 0 0 61 0 0 155 172 
9606.ENSP00000254043 9606.ENSP00000406052 0 0 0 0 175 0 0 175 
9606.ENSP00000254043 9606.ENSP00000346762 0 0 0 0 175 0 0 175 
9606.ENSP00000254043 9606.ENSP00000426103 0 0 0 0 335 0 0 335 
9606.ENSP00000254043 9606.ENSP00000386532 0 0 0 0 156 0 0 156 
9606.ENSP00000254043 9606.ENSP00000457689 0 0 0 0 0 0 163 163 
9606.ENSP00000254043 9606.ENSP00000369349 0 0 0 85 242 900 115 930 
9606.ENSP00000254043 9606.ENSP00000457421 0 0 0 0 0 0 204 204 
9606.ENSP00000254043 9606.ENSP00000308938 0 0 0 0 0 0 267 267 
9606.ENSP00000254043 9606.ENSP00000275493 0 0 0 69 0 0 197 220 
9606.ENSP00000254043 9606.ENSP00000425658 0 0 0 0 156 0 0 156 
9606.ENSP00000254043 9606.ENSP00000468354 0 0 0 0 156 0 0 156 
9606.ENSP00000254043 9606.ENSP00000251645 0 0 0 0 0 900 67 902 
9606.ENSP00000254043 9606.ENSP00000313581 0 0 0 0 0 0 187 187 
9606.ENSP00000254043 9606.ENSP00000375482 0 0 0 0 0 0 163 163 
9606.ENSP00000254043 9606.ENSP00000379350 0 0 0 0 0 0 317 317 
9606.ENSP00000254043 9606.ENSP00000373715 0 0 0 0 0 0 209 209 
9606.ENSP00000254043 9606.ENSP00000367059 0 0 0 0 156 0 0 156 
9606.ENSP00000254043 9606.ENSP00000334798 0 0 0 0 0 900 81 904 
9606.ENSP00000254043 9606.ENSP00000369317 0 0 0 175 253 900 164 941 
9606.ENSP00000254043 9606.ENSP00000311313 0 0 0 97 0 0 172 220 
9606.ENSP00000254043 9606.ENSP00000230792 0 0 0 0 156 0 0 156 
9606.ENSP00000254043 9606.ENSP00000323246 0 0 0 0 0 0 339 339 
9606.ENSP00000254043 9606.ENSP00000381009 0 0 0 0 0 0 198 198 
9606.ENSP00000254043 9606.ENSP00000226574 0 0 0 0 157 0 41 156 
9606.ENSP00000254043 9606.ENSP00000377170 0 0 0 0 156 0 0 156 
9606.ENSP00000254043 9606.ENSP00000343129 0 0 0 286 0 0 0 286 
9606.ENSP00000254043 9606.ENSP00000216797 0 0 0 0 156 0 0 156 
9606.ENSP00000254043 9606.ENSP00000269141 0 0 0 0 0 0 211 211 
9606.ENSP00000254043 9606.ENSP00000479656 0 0 0 0 0 0 307 307 
9606.ENSP00000254043 9606.ENSP00000264031 0 0 0 63 0 0 211 229 
9606.ENSP00000254043 9606.ENSP00000404517 0 0 0 0 0 0 183 183 
9606.ENSP00000254043 9606.ENSP00000346065 0 0 0 0 175 0 0 175 
9606.ENSP00000254043 9606.ENSP00000331678 0 0 0 178 0 0 170 289 
9606.ENSP00000254043 9606.ENSP00000301656 0 0 0 0 0 900 59 901 
9606.ENSP00000254043 9606.ENSP00000419471 0 0 0 0 0 0 153 153 
9606.ENSP00000254043 9606.ENSP00000274625 0 0 0 0 0 0 163 163 
9606.ENSP00000254043 9606.ENSP00000375149 0 0 0 0 0 0 186 186 
9606.ENSP00000254043 9606.ENSP00000386398 0 0 0 0 156 0 0 156 
9606.ENSP00000254043 9606.ENSP00000264498 0 0 0 0 0 0 212 212 
9606.ENSP00000254043 9606.ENSP00000225174 0 0 0 0 0 0 394 394 
9606.ENSP00000254043 9606.ENSP00000430242 0 0 0 61 0 0 223 239 
9606.ENSP00000254043 9606.ENSP00000380432 0 0 0 0 0 0 211 211 
9606.ENSP00000254043 9606.ENSP00000369976 0 0 0 0 0 0 281 281 
9606.ENSP00000254043 9606.ENSP00000339251 0 0 0 78 0 0 297 324 
9606.ENSP00000254043 9606.ENSP00000206765 0 0 0 0 0 0 282 282 
9606.ENSP00000254043 9606.ENSP00000307240 0 0 0 49 228 900 91 924 
9606.ENSP00000254043 9606.ENSP00000479708 0 0 0 65 0 0 145 166 
9606.ENSP00000254043 9606.ENSP00000229307 0 0 0 0 71 0 253 276 
9606.ENSP00000254043 9606.ENSP00000308452 0 0 0 230 0 900 68 922 
9606.ENSP00000254043 9606.ENSP00000244050 0 0 0 0 0 0 154 154 
9606.ENSP00000254043 9606.ENSP00000391950 0 0 0 0 156 0 0 156 
9606.ENSP00000254043 9606.ENSP00000473929 0 0 0 138 0 0 205 285 
9606.ENSP00000254043 9606.ENSP00000263635 0 0 0 0 156 0 0 156 
9606.ENSP00000254043 9606.ENSP00000217182 0 0 0 0 156 0 49 163 
9606.ENSP00000254043 9606.ENSP00000243056 0 0 0 69 0 0 233 255 
9606.ENSP00000254043 9606.ENSP00000436812 0 0 0 69 0 0 156 180 
9606.ENSP00000254043 9606.ENSP00000375108 0 0 0 0 0 0 161 161 
9606.ENSP00000254043 9606.ENSP00000299157 0 0 0 0 109 0 125 187 
9606.ENSP00000254043 9606.ENSP00000354085 0 0 0 0 157 0 100 208 
9606.ENSP00000254043 9606.ENSP00000389870 0 0 0 73 0 0 347 369 
9606.ENSP00000254043 9606.ENSP00000328444 0 0 0 0 0 0 150 150 
9606.ENSP00000254043 9606.ENSP00000315167 0 0 0 61 0 0 178 195 
9606.ENSP00000254043 9606.ENSP00000373570 0 0 0 0 0 0 160 160 
9606.ENSP00000254043 9606.ENSP00000262457 0 0 0 0 156 0 0 156 
9606.ENSP00000254043 9606.ENSP00000393417 0 0 0 62 0 0 206 223 
9606.ENSP00000254043 9606.ENSP00000295682 0 0 0 0 0 0 238 238 
9606.ENSP00000254043 9606.ENSP00000251646 0 0 0 0 0 900 47 900 
9606.ENSP00000254043 9606.ENSP00000368523 0 0 0 0 0 0 347 347 
9606.ENSP00000254043 9606.ENSP00000347635 0 0 0 0 0 0 260 260 
9606.ENSP00000254043 9606.ENSP00000340510 0 0 0 125 63 0 323 397 
9606.ENSP00000254043 9606.ENSP00000370340 0 0 0 0 0 0 197 197 
9606.ENSP00000254043 9606.ENSP00000312987 0 0 0 0 0 0 169 169 
9606.ENSP00000254043 9606.ENSP00000261769 0 0 0 98 0 0 296 338 
9606.ENSP00000254043 9606.ENSP00000277541 0 0 0 0 0 0 334 334 
9606.ENSP00000254043 9606.ENSP00000301061 0 0 0 0 0 0 205 205 
9606.ENSP00000254043 9606.ENSP00000375238 0 0 0 0 0 0 159 159 
9606.ENSP00000254043 9606.ENSP00000332353 0 0 0 0 0 0 245 245 
9606.ENSP00000254043 9606.ENSP00000353717 0 0 0 0 156 0 0 156 
9606.ENSP00000254043 9606.ENSP00000405330 0 0 0 0 61 0 166 184 
9606.ENSP00000254043 9606.ENSP00000357789 0 0 0 0 0 0 355 355 
9606.ENSP00000254043 9606.ENSP00000257974 0 0 0 49 228 900 97 924 
9606.ENSP00000254043 9606.ENSP00000357697 0 0 0 157 0 0 90 201 
9606.ENSP00000254043 9606.ENSP00000300692 0 0 0 0 0 0 167 167 
9606.ENSP00000254043 9606.ENSP00000306991 0 0 0 0 0 0 155 155 
9606.ENSP00000254043 9606.ENSP00000390436 0 0 0 0 0 0 241 241 
9606.ENSP00000254043 9606.ENSP00000377508 0 0 0 74 0 0 400 422 
9606.ENSP00000254043 9606.ENSP00000265171 0 0 0 0 0 0 309 309 
9606.ENSP00000254043 9606.ENSP00000375479 0 0 0 0 0 0 171 171 
9606.ENSP00000254043 9606.ENSP00000301258 0 0 0 76 0 0 160 190 
9606.ENSP00000254043 9606.ENSP00000259915 0 0 0 0 0 0 254 254 
9606.ENSP00000254043 9606.ENSP00000387593 0 0 0 0 156 0 0 156 
9606.ENSP00000254043 9606.ENSP00000260947 0 0 0 0 156 0 0 156 
9606.ENSP00000254043 9606.ENSP00000447173 0 0 0 65 43 0 216 237 
9606.ENSP00000254043 9606.ENSP00000365720 0 0 0 0 0 0 154 154 
9606.ENSP00000254043 9606.ENSP00000382590 0 0 0 0 0 0 258 258 
9606.ENSP00000254043 9606.ENSP00000311032 0 0 0 0 0 0 200 200 
9606.ENSP00000254043 9606.ENSP00000358918 0 0 0 0 0 0 280 280 
9606.ENSP00000254043 9606.ENSP00000375683 0 0 0 110 0 0 322 371 
9606.ENSP00000254043 9606.ENSP00000292180 0 0 0 0 0 0 161 161 
9606.ENSP00000254043 9606.ENSP00000384160 0 0 0 0 0 0 154 154 
9606.ENSP00000254043 9606.ENSP00000381005 0 0 0 0 0 0 163 163 
9606.ENSP00000254043 9606.ENSP00000349960 0 0 0 0 0 0 180 180 
9606.ENSP00000254043 9606.ENSP00000264012 0 0 0 102 0 0 389 427 
9606.ENSP00000254043 9606.ENSP00000283921 0 0 0 0 0 0 401 401 
9606.ENSP00000254043 9606.ENSP00000263634 0 0 0 0 156 0 0 156 
9606.ENSP00000254043 9606.ENSP00000261590 0 0 0 85 0 0 133 173 
9606.ENSP00000254043 9606.ENSP00000280772 0 0 0 0 100 0 160 212 
9606.ENSP00000254043 9606.ENSP00000265077 0 0 0 0 0 0 256 256 
9606.ENSP00000254043 9606.ENSP00000341412 0 0 0 61 0 0 536 545 
9606.ENSP00000254043 9606.ENSP00000231512 0 0 0 0 0 0 213 213 
9606.ENSP00000254043 9606.ENSP00000332256 0 0 0 69 0 0 145 170 
9606.ENSP00000254043 9606.ENSP00000281537 0 0 0 0 0 0 181 181 
9606.ENSP00000254043 9606.ENSP00000265748 0 0 0 0 0 0 165 165 
9606.ENSP00000254043 9606.ENSP00000454770 0 0 0 0 156 0 0 156 
9606.ENSP00000254043 9606.ENSP00000389377 0 0 0 0 0 0 327 327 
9606.ENSP00000254043 9606.ENSP00000467740 0 0 0 0 156 0 0 156 
9606.ENSP00000254043 9606.ENSP00000293599 0 0 0 90 0 0 139 183 
9606.ENSP00000254043 9606.ENSP00000257189 0 0 0 123 0 0 353 408 
9606.ENSP00000254043 9606.ENSP00000357751 0 0 0 110 0 0 111 175 
9606.ENSP00000254043 9606.ENSP00000357206 0 0 0 0 0 0 473 473 
9606.ENSP00000254043 9606.ENSP00000396857 0 0 0 0 0 0 223 223 
9606.ENSP00000254043 9606.ENSP00000353377 0 0 0 0 0 0 171 171 
9606.ENSP00000254043 9606.ENSP00000334834 0 0 0 0 0 0 236 236 
9606.ENSP00000254043 9606.ENSP00000220812 0 0 0 0 0 0 228 228 
9606.ENSP00000254043 9606.ENSP00000312988 0 0 0 0 156 0 0 156 
9606.ENSP00000254043 9606.ENSP00000375478 0 0 0 0 0 0 183 183 
9606.ENSP00000254043 9606.ENSP00000368632 0 0 0 62 0 0 204 221 
9606.ENSP00000254043 9606.ENSP00000337862 0 0 0 83 0 0 210 245 
9606.ENSP00000254043 9606.ENSP00000335147 0 0 0 0 156 0 0 156 
9606.ENSP00000254043 9606.ENSP00000269576 0 0 0 82 0 900 73 907 
9606.ENSP00000254043 9606.ENSP00000284240 0 0 0 0 0 0 188 188 
9606.ENSP00000254043 9606.ENSP00000363804 0 0 0 0 0 0 161 161 
9606.ENSP00000254043 9606.ENSP00000293414 0 0 0 0 156 0 0 156 
9606.ENSP00000254043 9606.ENSP00000306261 0 0 0 95 218 900 156 932 
9606.ENSP00000254043 9606.ENSP00000349790 0 0 0 0 0 0 323 323 
9606.ENSP00000254043 9606.ENSP00000357709 0 0 0 0 0 0 187 187 
9606.ENSP00000254043 9606.ENSP00000240652 0 0 0 0 0 0 157 157 
9606.ENSP00000254043 9606.ENSP00000383219 0 0 0 0 0 0 180 180 
9606.ENSP00000254043 9606.ENSP00000257600 0 0 0 0 0 0 206 206 
9606.ENSP00000254043 9606.ENSP00000278282 0 0 0 61 0 0 178 195 
9606.ENSP00000254043 9606.ENSP00000200181 0 0 0 95 0 0 211 255 
9606.ENSP00000254043 9606.ENSP00000311746 0 0 0 98 0 0 217 263 
9606.ENSP00000254043 9606.ENSP00000227507 0 0 0 62 0 0 180 198 
9606.ENSP00000254043 9606.ENSP00000258484 0 0 0 0 0 0 211 211 
9606.ENSP00000254043 9606.ENSP00000295851 0 0 0 0 109 0 92 156 
9606.ENSP00000254043 9606.ENSP00000382610 0 0 0 0 157 0 242 333 
9606.ENSP00000254043 9606.ENSP00000281182 0 0 0 0 0 0 209 209 
9606.ENSP00000254043 9606.ENSP00000267339 0 0 0 0 156 0 0 156 
9606.ENSP00000254043 9606.ENSP00000304586 0 0 0 0 156 0 0 156 
9606.ENSP00000254043 9606.ENSP00000282561 0 0 0 0 0 0 252 252 
9606.ENSP00000254043 9606.ENSP00000329735 0 0 0 0 0 0 215 215 
9606.ENSP00000254043 9606.ENSP00000358865 0 0 0 49 185 0 0 191 
9606.ENSP00000254043 9606.ENSP00000288135 0 0 0 0 0 0 210 210 
9606.ENSP00000254043 9606.ENSP00000482169 0 0 0 49 267 0 0 273 
9606.ENSP00000254043 9606.ENSP00000254072 0 0 0 0 0 0 165 165 
9606.ENSP00000254043 9606.ENSP00000372278 0 0 0 0 0 0 186 186 
9606.ENSP00000254043 9606.ENSP00000397157 0 0 0 115 0 0 156 222 
9606.ENSP00000254043 9606.ENSP00000386239 0 0 0 62 157 0 0 175 
9606.ENSP00000254043 9606.ENSP00000369889 0 0 0 0 0 0 167 167 
9606.ENSP00000254043 9606.ENSP00000404100 0 0 0 0 0 0 282 282 
9606.ENSP00000254043 9606.ENSP00000374455 0 0 0 0 191 0 0 191 
9606.ENSP00000254043 9606.ENSP00000334287 0 0 0 0 0 0 167 167 
9606.ENSP00000254043 9606.ENSP00000363134 0 0 0 0 0 0 197 197 
9606.ENSP00000254043 9606.ENSP00000432016 0 0 0 0 156 0 0 156 
9606.ENSP00000254043 9606.ENSP00000301420 0 0 0 0 0 0 256 256 
9606.ENSP00000254043 9606.ENSP00000308772 0 0 0 0 156 0 0 156 
9606.ENSP00000254043 9606.ENSP00000286918 0 0 0 0 156 0 0 156 
9606.ENSP00000254043 9606.ENSP00000357731 0 0 0 85 0 0 527 548 
9606.ENSP00000254043 9606.ENSP00000375476 0 0 0 0 0 0 186 186 
9606.ENSP00000254043 9606.ENSP00000375475 0 0 0 0 0 0 190 190 
9606.ENSP00000254043 9606.ENSP00000221992 0 0 0 70 0 0 165 190 
9606.ENSP00000254043 9606.ENSP00000448220 0 0 0 125 239 900 205 940 
9606.ENSP00000254043 9606.ENSP00000263946 0 0 0 120 0 0 237 300 
9606.ENSP00000254043 9606.ENSP00000459943 0 0 0 0 156 0 0 156 
9606.ENSP00000254043 9606.ENSP00000482472 0 0 0 0 0 0 171 171 
9606.ENSP00000254043 9606.ENSP00000431443 0 0 0 0 0 0 183 183 
9606.ENSP00000254043 9606.ENSP00000257901 0 0 0 49 218 900 111 925 
9606.ENSP00000254043 9606.ENSP00000320893 0 0 0 0 156 0 0 156 
9606.ENSP00000254043 9606.ENSP00000380109 0 0 0 0 156 0 0 156 
9606.ENSP00000254043 9606.ENSP00000323588 0 0 0 0 0 0 337 337 
9606.ENSP00000254043 9606.ENSP00000334696 0 0 0 0 0 0 171 171 
9606.ENSP00000254043 9606.ENSP00000392189 0 0 0 0 0 0 161 161 
9606.ENSP00000254043 9606.ENSP00000411250 0 0 0 0 191 0 0 191 
9606.ENSP00000254043 9606.ENSP00000430985 0 0 0 0 156 0 0 156 
9606.ENSP00000254043 9606.ENSP00000335566 0 0 0 0 0 0 167 167 
9606.ENSP00000254043 9606.ENSP00000297785 0 0 0 0 0 0 226 226 
9606.ENSP00000254043 9606.ENSP00000337065 0 0 0 0 0 0 212 212 
9606.ENSP00000254043 9606.ENSP00000263735 0 0 0 89 0 0 177 219 
9606.ENSP00000254043 9606.ENSP00000306461 0 0 0 131 0 0 151 231 
9606.ENSP00000254043 9606.ENSP00000164227 0 0 0 0 156 0 0 156 
9606.ENSP00000254043 9606.ENSP00000225964 0 0 0 0 0 0 163 163 
9606.ENSP00000254043 9606.ENSP00000309572 0 0 0 0 0 0 165 165 
9606.ENSP00000254043 9606.ENSP00000266671 0 0 0 0 0 0 420 420 
9606.ENSP00000254043 9606.ENSP00000435835 0 0 0 126 0 0 167 241 
9606.ENSP00000254043 9606.ENSP00000400908 0 0 0 0 0 0 179 179 
9606.ENSP00000254043 9606.ENSP00000310861 0 0 0 52 98 900 134 916 
9606.ENSP00000254043 9606.ENSP00000293441 0 0 0 0 156 0 0 156 
9606.ENSP00000254043 9606.ENSP00000365851 0 0 0 0 0 0 286 286 
9606.ENSP00000254043 9606.ENSP00000237612 0 0 0 0 0 0 422 422 
9606.ENSP00000254043 9606.ENSP00000322885 0 0 0 0 0 0 258 258 
9606.ENSP00000254043 9606.ENSP00000217289 0 0 0 75 0 0 143 173 
9606.ENSP00000254043 9606.ENSP00000377051 0 0 0 0 156 0 0 156 
9606.ENSP00000254043 9606.ENSP00000290943 0 0 0 0 157 0 208 303 
9606.ENSP00000254043 9606.ENSP00000265165 0 0 0 0 0 0 358 358 
9606.ENSP00000254043 9606.ENSP00000450540 0 0 0 0 0 0 154 154 
9606.ENSP00000254043 9606.ENSP00000413479 0 0 0 63 185 900 193 930 
9606.ENSP00000254043 9606.ENSP00000311997 0 0 0 49 185 0 55 203 
9606.ENSP00000254043 9606.ENSP00000250448 0 0 0 117 0 0 94 167 
9606.ENSP00000254043 9606.ENSP00000329243 0 0 0 147 185 900 186 935 
9606.ENSP00000254043 9606.ENSP00000436552 0 0 0 0 0 0 250 250 
9606.ENSP00000254043 9606.ENSP00000375148 0 0 0 0 0 0 186 186 
9606.ENSP00000254043 9606.ENSP00000332293 0 0 0 0 0 0 206 206 
9606.ENSP00000254043 9606.ENSP00000319730 0 0 0 87 0 0 125 167 
9606.ENSP00000254043 9606.ENSP00000276708 0 0 0 78 0 0 226 256 
9606.ENSP00000254043 9606.ENSP00000420298 0 0 0 0 0 0 556 556 
9606.ENSP00000254043 9606.ENSP00000477695 0 0 0 0 156 0 0 156 
9606.ENSP00000254043 9606.ENSP00000381489 0 0 0 0 0 0 163 163 
9606.ENSP00000254043 9606.ENSP00000386896 0 0 0 0 0 0 403 403 
9606.ENSP00000254043 9606.ENSP00000363384 0 0 0 0 0 0 165 165 
9606.ENSP00000254043 9606.ENSP00000382777 0 0 0 0 0 0 205 205 
9606.ENSP00000254043 9606.ENSP00000303153 0 0 0 0 0 0 168 168 
9606.ENSP00000254043 9606.ENSP00000302579 0 0 0 103 0 0 169 223 
9606.ENSP00000254043 9606.ENSP00000334866 0 0 0 0 0 0 161 161 
9606.ENSP00000254043 9606.ENSP00000264607 0 0 0 0 157 0 62 175 
9606.ENSP00000254043 9606.ENSP00000478942 0 0 0 62 0 0 220 237 
9606.ENSP00000254043 9606.ENSP00000282701 0 0 0 0 0 0 176 176 
9606.ENSP00000254043 9606.ENSP00000397655 0 0 0 0 156 0 0 156 
9606.ENSP00000254043 9606.ENSP00000334985 0 0 0 0 0 0 152 152 
9606.ENSP00000254043 9606.ENSP00000372170 0 0 0 0 0 0 203 203 
9606.ENSP00000254043 9606.ENSP00000264731 0 0 0 111 0 0 298 350 
9606.ENSP00000254043 9606.ENSP00000375150 0 0 0 0 0 0 186 186 
9606.ENSP00000254043 9606.ENSP00000478927 0 0 0 60 0 0 150 167 
9606.ENSP00000254043 9606.ENSP00000314151 0 0 0 0 0 0 188 188 
9606.ENSP00000254043 9606.ENSP00000349891 0 0 0 0 156 0 0 156 
9606.ENSP00000254043 9606.ENSP00000451828 0 0 0 0 61 0 151 168 
9606.ENSP00000254043 9606.ENSP00000225474 0 0 0 0 0 0 282 282 
9606.ENSP00000254043 9606.ENSP00000372276 0 0 0 0 0 0 186 186 
9606.ENSP00000254043 9606.ENSP00000366984 0 0 0 0 0 900 54 901 
9606.ENSP00000254043 9606.ENSP00000381494 0 0 0 0 0 0 169 169 
9606.ENSP00000254043 9606.ENSP00000366826 0 0 0 0 156 0 0 156 
9606.ENSP00000254043 9606.ENSP00000264664 0 0 0 0 0 0 169 169 
9606.ENSP00000254043 9606.ENSP00000399547 0 0 0 0 156 0 0 156 
9606.ENSP00000254043 9606.ENSP00000375778 0 0 0 105 0 0 218 271 
9606.ENSP00000254043 9606.ENSP00000380093 0 0 0 0 0 0 179 179 
9606.ENSP00000254043 9606.ENSP00000377224 0 0 0 0 156 0 0 156 
9606.ENSP00000254043 9606.ENSP00000301659 0 0 0 50 0 0 183 190 
9606.ENSP00000254043 9606.ENSP00000351605 0 0 0 0 0 0 151 151 
9606.ENSP00000254043 9606.ENSP00000347444 0 0 0 0 175 0 42 175 
9606.ENSP00000254043 9606.ENSP00000473391 0 0 0 0 0 0 284 284 
9606.ENSP00000254043 9606.ENSP00000229239 0 0 0 61 0 0 274 289 
9606.ENSP00000254043 9606.ENSP00000308815 0 0 0 0 0 0 363 363 
9606.ENSP00000254043 9606.ENSP00000362395 0 0 0 0 0 0 186 186 
9606.ENSP00000254043 9606.ENSP00000256646 0 0 0 0 0 0 167 167 
9606.ENSP00000254043 9606.ENSP00000269571 0 0 0 76 0 0 241 268 
9606.ENSP00000254043 9606.ENSP00000257836 0 0 0 69 0 0 163 187 
9606.ENSP00000254043 9606.ENSP00000331745 0 0 0 0 0 0 177 177 
9606.ENSP00000254043 9606.ENSP00000264651 0 0 0 61 0 900 74 905 
9606.ENSP00000254043 9606.ENSP00000378292 0 0 0 130 267 900 150 938 
9606.ENSP00000254043 9606.ENSP00000375430 0 0 0 50 0 0 231 238 
9606.ENSP00000254043 9606.ENSP00000469315 0 0 0 0 0 0 317 317 
9606.ENSP00000254043 9606.ENSP00000372295 0 0 0 63 0 0 175 194 
9606.ENSP00000254043 9606.ENSP00000230658 0 0 0 0 0 0 160 160 
9606.ENSP00000254043 9606.ENSP00000283249 0 0 0 114 0 0 209 269 
9606.ENSP00000254043 9606.ENSP00000376345 0 0 0 0 190 0 41 190 
9606.ENSP00000254043 9606.ENSP00000377582 0 0 0 0 0 0 167 167 
9606.ENSP00000254043 9606.ENSP00000269394 0 0 0 96 0 0 157 206 
9606.ENSP00000254043 9606.ENSP00000226247 0 0 0 98 0 0 267 310 
9606.ENSP00000254043 9606.ENSP00000340989 0 0 0 160 182 0 114 339 
9606.ENSP00000254043 9606.ENSP00000369436 0 0 0 0 156 0 0 156 
9606.ENSP00000254043 9606.ENSP00000348888 0 0 0 0 0 0 156 156 
9606.ENSP00000254043 9606.ENSP00000379097 0 0 0 76 0 0 171 201 
9606.ENSP00000254043 9606.ENSP00000343445 0 0 0 65 0 0 151 172 
9606.ENSP00000254043 9606.ENSP00000282388 0 0 0 0 0 0 193 193 
9606.ENSP00000254043 9606.ENSP00000347823 0 0 0 0 0 900 58 901 
9606.ENSP00000254043 9606.ENSP00000382004 0 0 0 49 0 0 387 392 
9606.ENSP00000254043 9606.ENSP00000479716 0 0 0 0 0 0 159 159 
9606.ENSP00000254043 9606.ENSP00000260702 0 0 0 49 0 0 156 163 
9606.ENSP00000254043 9606.ENSP00000383226 0 0 0 0 0 0 178 178 
9606.ENSP00000254043 9606.ENSP00000289746 0 0 0 0 0 0 159 159 
9606.ENSP00000254043 9606.ENSP00000368924 0 0 0 87 0 0 184 223 
9606.ENSP00000254043 9606.ENSP00000364555 0 0 0 0 0 0 251 251 
9606.ENSP00000254043 9606.ENSP00000353224 0 0 0 0 0 0 213 213 
9606.ENSP00000254043 9606.ENSP00000282272 0 0 0 0 156 0 0 156 
9606.ENSP00000254043 9606.ENSP00000254958 0 0 0 0 0 0 225 225 
9606.ENSP00000254043 9606.ENSP00000251864 0 0 0 0 284 0 0 284 
9606.ENSP00000254043 9606.ENSP00000264234 0 0 0 60 0 0 173 189 
9606.ENSP00000254043 9606.ENSP00000370886 0 0 0 0 0 0 219 219 
9606.ENSP00000254043 9606.ENSP00000270458 0 0 0 0 0 0 155 155 
9606.ENSP00000254043 9606.ENSP00000382086 0 0 0 65 63 0 122 163 
9606.ENSP00000254043 9606.ENSP00000225831 0 0 0 0 0 0 258 258 
9606.ENSP00000254043 9606.ENSP00000313756 0 0 0 0 156 0 0 156 
9606.ENSP00000254043 9606.ENSP00000331172 0 0 0 0 0 0 151 151 
9606.ENSP00000254043 9606.ENSP00000369689 0 0 0 98 0 0 166 215 
9606.ENSP00000254043 9606.ENSP00000381488 0 0 0 0 0 0 167 167 
9606.ENSP00000254043 9606.ENSP00000375076 0 0 0 0 0 0 165 165 
9606.ENSP00000254043 9606.ENSP00000356476 0 0 0 0 0 0 307 307 
9606.ENSP00000254043 9606.ENSP00000353475 0 0 0 95 0 0 130 179 
9606.ENSP00000254043 9606.ENSP00000294489 0 0 0 0 0 0 153 153 
9606.ENSP00000254043 9606.ENSP00000325120 0 0 0 0 43 0 211 212 
9606.ENSP00000254043 9606.ENSP00000263321 0 0 0 0 0 0 176 176 
9606.ENSP00000254043 9606.ENSP00000302846 0 0 0 0 0 0 199 199 
9606.ENSP00000254043 9606.ENSP00000335565 0 0 0 0 0 0 217 217 
9606.ENSP00000254043 9606.ENSP00000257198 0 0 0 62 0 0 214 231 
9606.ENSP00000254043 9606.ENSP00000355245 0 0 0 75 0 0 134 164 
9606.ENSP00000254043 9606.ENSP00000357516 0 0 0 0 0 0 167 167 
9606.ENSP00000254043 9606.ENSP00000453399 0 0 0 0 0 0 200 200 
9606.ENSP00000254043 9606.ENSP00000366976 0 0 0 0 0 0 193 193 
9606.ENSP00000254043 9606.ENSP00000375147 0 0 0 0 0 0 165 165 
9606.ENSP00000254043 9606.ENSP00000315370 0 0 0 49 0 0 203 209 
9606.ENSP00000254043 9606.ENSP00000284629 0 0 0 0 157 0 99 207 
9606.ENSP00000254043 9606.ENSP00000357691 0 0 0 172 0 0 138 256 
9606.ENSP00000254043 9606.ENSP00000332805 0 0 0 53 0 0 225 235 
9606.ENSP00000254043 9606.ENSP00000259455 0 0 0 0 0 0 165 165 
9606.ENSP00000254043 9606.ENSP00000334197 0 0 0 0 0 0 183 183 
9606.ENSP00000254043 9606.ENSP00000482325 0 0 0 0 156 0 0 156 
9606.ENSP00000254043 9606.ENSP00000329165 0 0 0 61 0 900 52 903 
9606.ENSP00000254043 9606.ENSP00000293670 0 0 0 49 215 900 70 921 
9606.ENSP00000254043 9606.ENSP00000480279 0 0 0 0 156 0 0 156 
9606.ENSP00000254043 9606.ENSP00000458162 0 0 0 0 0 0 155 155 
9606.ENSP00000254043 9606.ENSP00000340546 0 0 0 0 0 0 165 165 
9606.ENSP00000254043 9606.ENSP00000375429 0 0 0 0 0 0 169 169 
9606.ENSP00000254043 9606.ENSP00000310036 0 0 0 0 0 0 581 581 
9606.ENSP00000254043 9606.ENSP00000394071 0 0 0 0 377 0 0 377 
9606.ENSP00000254043 9606.ENSP00000264634 0 0 0 0 0 0 167 167 
9606.ENSP00000254043 9606.ENSP00000386660 0 0 0 0 0 0 282 282 
9606.ENSP00000254043 9606.ENSP00000389252 0 0 0 61 0 0 159 176 
9606.ENSP00000254043 9606.ENSP00000252242 0 0 0 387 237 900 170 956 
9606.ENSP00000254043 9606.ENSP00000426809 0 0 0 0 0 0 203 203 
9606.ENSP00000254043 9606.ENSP00000363081 0 0 0 65 0 0 145 166 
9606.ENSP00000254043 9606.ENSP00000352606 0 0 0 0 0 0 167 167 
9606.ENSP00000254043 9606.ENSP00000363822 0 0 0 0 43 0 197 198 
9606.ENSP00000254043 9606.ENSP00000372286 0 0 0 0 0 0 229 229 
9606.ENSP00000254043 9606.ENSP00000298299 0 0 0 0 0 0 163 163 
9606.ENSP00000254043 9606.ENSP00000372221 0 0 0 229 0 0 56 241 
9606.ENSP00000254043 9606.ENSP00000328358 0 0 0 63 241 900 98 927 
9606.ENSP00000254043 9606.ENSP00000254051 0 0 0 153 0 0 55 165 
9606.ENSP00000254043 9606.ENSP00000328983 0 0 0 53 0 0 160 170 
9606.ENSP00000254043 9606.ENSP00000297261 0 0 0 0 0 0 347 347 
9606.ENSP00000254043 9606.ENSP00000263388 0 0 0 0 0 0 257 257 
9606.ENSP00000254043 9606.ENSP00000246662 0 0 0 76 0 900 68 906 
9606.ENSP00000254043 9606.ENSP00000273261 0 0 0 0 0 0 573 573 
9606.ENSP00000254043 9606.ENSP00000478570 0 0 0 0 0 0 161 161 
9606.ENSP00000254043 9606.ENSP00000332454 0 0 0 98 157 0 44 209 
9606.ENSP00000254043 9606.ENSP00000379975 0 0 0 0 100 0 143 195 
9606.ENSP00000254043 9606.ENSP00000398619 0 0 0 0 0 0 186 186 
9606.ENSP00000254043 9606.ENSP00000007722 0 0 0 92 0 0 159 203 
9606.ENSP00000254043 9606.ENSP00000341268 0 0 0 0 161 0 0 161 
9606.ENSP00000254043 9606.ENSP00000369129 0 0 0 116 63 0 212 291 
9606.ENSP00000254043 9606.ENSP00000319141 0 0 0 0 0 0 175 175 
9606.ENSP00000254043 9606.ENSP00000305263 0 0 0 0 0 900 69 902 
9606.ENSP00000254043 9606.ENSP00000228682 0 0 0 0 0 0 353 353 
9606.ENSP00000254043 9606.ENSP00000257951 0 0 0 49 185 900 95 920 
9606.ENSP00000254043 9606.ENSP00000359219 0 0 0 0 0 0 161 161 
9606.ENSP00000254043 9606.ENSP00000262662 0 0 0 0 156 0 0 156 
9606.ENSP00000254043 9606.ENSP00000354487 0 0 0 0 0 0 165 165 
9606.ENSP00000254043 9606.ENSP00000409544 0 0 0 150 0 0 54 163 
9606.ENSP00000254043 9606.ENSP00000360269 0 0 0 169 0 0 413 492 
9606.ENSP00000254043 9606.ENSP00000373808 0 0 0 0 0 0 165 165 
9606.ENSP00000254043 9606.ENSP00000267843 0 0 0 0 0 0 254 254 
9606.ENSP00000254043 9606.ENSP00000363654 0 0 0 0 0 0 150 150 
9606.ENSP00000254043 9606.ENSP00000376056 0 0 0 0 169 0 0 169 
9606.ENSP00000254043 9606.ENSP00000172229 0 0 0 0 0 0 297 297 
9606.ENSP00000254043 9606.ENSP00000380034 0 0 0 0 0 0 196 196 
9606.ENSP00000254043 9606.ENSP00000344456 0 0 0 0 0 0 299 299 
9606.ENSP00000254043 9606.ENSP00000430100 0 0 0 127 0 0 129 208 
9606.ENSP00000254043 9606.ENSP00000316532 0 0 0 0 0 0 274 274 
9606.ENSP00000254043 9606.ENSP00000007735 0 0 0 104 0 900 56 908 
9606.ENSP00000254043 9606.ENSP00000376793 0 0 0 0 0 0 154 154 
9606.ENSP00000254043 9606.ENSP00000383225 0 0 0 0 0 0 184 184 
9606.ENSP00000254043 9606.ENSP00000308606 0 0 0 65 0 0 246 265 
9606.ENSP00000254043 9606.ENSP00000354001 0 0 0 0 0 0 187 187 
9606.ENSP00000254043 9606.ENSP00000479618 0 0 0 0 0 0 212 212 
9606.ENSP00000254043 9606.ENSP00000250351 0 0 0 65 0 0 130 151 
9606.ENSP00000254043 9606.ENSP00000381541 0 0 0 0 0 0 171 171 
9606.ENSP00000254043 9606.ENSP00000481149 0 0 0 0 156 0 0 156 
9606.ENSP00000254043 9606.ENSP00000355195 0 0 0 0 156 0 0 156 
9606.ENSP00000254043 9606.ENSP00000252244 0 0 0 63 421 900 143 947 
9606.ENSP00000254043 9606.ENSP00000403302 0 0 0 0 156 0 0 156 
9606.ENSP00000254043 9606.ENSP00000246646 0 0 0 0 0 900 64 902 
9606.ENSP00000254043 9606.ENSP00000329748 0 0 0 0 0 0 184 184 
9606.ENSP00000254043 9606.ENSP00000360247 0 0 0 0 0 0 168 168 
9606.ENSP00000254043 9606.ENSP00000274063 0 0 0 0 0 0 252 252 
9606.ENSP00000254043 9606.ENSP00000358525 0 0 0 0 0 0 151 151 
9606.ENSP00000254043 9606.ENSP00000419199 0 0 0 0 156 0 0 156 
9606.ENSP00000254043 9606.ENSP00000362717 0 0 0 0 0 0 433 433 
9606.ENSP00000254043 9606.ENSP00000296522 0 0 0 0 0 0 154 154 
9606.ENSP00000254043 9606.ENSP00000366170 0 0 0 0 0 0 159 159 
9606.ENSP00000254043 9606.ENSP00000342295 0 0 0 0 156 0 0 156 
9606.ENSP00000254043 9606.ENSP00000301607 0 0 0 122 63 0 171 259 
9606.ENSP00000254043 9606.ENSP00000306163 0 0 0 0 156 0 0 156 
9606.ENSP00000254043 9606.ENSP00000396163 0 0 0 0 0 0 266 266 
9606.ENSP00000254043 9606.ENSP00000411355 0 0 0 0 0 0 164 164 
9606.ENSP00000254043 9606.ENSP00000283752 0 0 0 96 0 0 120 170 
9606.ENSP00000254043 9606.ENSP00000351671 0 0 0 0 0 0 370 370 
9606.ENSP00000254043 9606.ENSP00000415049 0 0 0 0 0 0 172 172 
9606.ENSP00000254043 9606.ENSP00000383223 0 0 0 0 0 0 169 169 
9606.ENSP00000254043 9606.ENSP00000357712 0 0 0 70 0 0 146 171 
9606.ENSP00000254043 9606.ENSP00000368320 0 0 0 0 0 0 167 167 
9606.ENSP00000254043 9606.ENSP00000402758 0 0 0 0 0 0 165 165 
9606.ENSP00000254043 9606.ENSP00000375109 0 0 0 0 0 0 188 188 
9606.ENSP00000254043 9606.ENSP00000222254 0 0 0 0 203 0 0 203 
9606.ENSP00000254043 9606.ENSP00000468500 0 0 0 49 233 0 42 241 
9606.ENSP00000254043 9606.ENSP00000418268 0 0 0 0 109 0 88 152 
9606.ENSP00000254043 9606.ENSP00000377570 0 0 0 57 0 900 72 904 
9606.ENSP00000254043 9606.ENSP00000275015 0 0 0 0 156 0 0 156 
9606.ENSP00000254043 9606.ENSP00000433209 0 0 0 0 0 0 174 174 
9606.ENSP00000254043 9606.ENSP00000381542 0 0 0 0 0 0 165 165 
9606.ENSP00000254043 9606.ENSP00000377601 0 0 0 0 0 0 203 203 
9606.ENSP00000254043 9606.ENSP00000483985 0 0 0 0 0 0 161 161 
9606.ENSP00000254043 9606.ENSP00000391137 0 0 0 0 156 0 0 156 
9606.ENSP00000254043 9606.ENSP00000216211 0 0 0 63 0 0 240 258 
9606.ENSP00000254043 9606.ENSP00000070846 0 0 0 49 0 0 171 178 
9606.ENSP00000254043 9606.ENSP00000340937 0 0 0 143 0 0 284 360 
9606.ENSP00000254043 9606.ENSP00000264144 0 0 0 119 0 0 218 282 
9606.ENSP00000254043 9606.ENSP00000351875 0 0 0 0 157 0 79 190 
9606.ENSP00000254043 9606.ENSP00000311687 0 0 0 0 0 0 153 153 
9606.ENSP00000254043 9606.ENSP00000484472 0 0 0 69 63 0 208 249 
9606.ENSP00000254043 9606.ENSP00000357682 0 0 0 0 156 0 0 156 
9606.ENSP00000254043 9606.ENSP00000321388 0 0 0 0 156 0 0 156 
9606.ENSP00000254043 9606.ENSP00000382379 0 0 0 0 156 0 0 156 
9606.ENSP00000254043 9606.ENSP00000256951 0 0 0 55 0 0 143 155 
9606.ENSP00000254043 9606.ENSP00000349456 0 0 0 0 0 0 214 214 
9606.ENSP00000254043 9606.ENSP00000356133 0 0 0 0 0 0 161 161 
9606.ENSP00000254043 9606.ENSP00000290378 0 0 0 0 0 0 187 187 
9606.ENSP00000254043 9606.ENSP00000307014 0 0 0 49 244 900 121 928 
9606.ENSP00000254043 9606.ENSP00000372281 0 0 0 0 0 0 186 186 
9606.ENSP00000254043 9606.ENSP00000255324 0 0 0 0 175 0 0 175 
9606.ENSP00000254043 9606.ENSP00000353742 0 0 0 0 0 0 218 218 
9606.ENSP00000254043 9606.ENSP00000330280 0 0 0 0 0 0 207 207 
9606.ENSP00000254043 9606.ENSP00000352936 0 0 0 107 0 0 144 204 
9606.ENSP00000254043 9606.ENSP00000267116 0 0 0 0 156 0 0 156 
9606.ENSP00000254043 9606.ENSP00000339063 0 0 0 0 156 0 63 176 
9606.ENSP00000254043 9606.ENSP00000360998 0 0 0 0 157 0 79 190 
9606.ENSP00000254043 9606.ENSP00000383216 0 0 0 0 0 0 169 169 
9606.ENSP00000254043 9606.ENSP00000357791 0 0 0 55 0 0 243 254 
9606.ENSP00000254043 9606.ENSP00000297268 0 0 0 0 0 0 164 164 
9606.ENSP00000254043 9606.ENSP00000266674 0 0 0 0 0 0 548 548 
9606.ENSP00000254043 9606.ENSP00000379762 0 0 0 0 0 0 163 163 
9606.ENSP00000254043 9606.ENSP00000360762 0 0 0 0 157 0 70 182 
9606.ENSP00000254043 9606.ENSP00000417330 0 0 0 0 0 0 159 159 
9606.ENSP00000254043 9606.ENSP00000371517 0 0 0 0 0 0 161 161 
9606.ENSP00000254043 9606.ENSP00000299339 0 0 0 0 0 0 150 150 
9606.ENSP00000254043 9606.ENSP00000205143 0 0 0 0 0 0 191 191 
9606.ENSP00000254043 9606.ENSP00000321679 0 0 0 0 156 0 0 156 
9606.ENSP00000254043 9606.ENSP00000346536 0 0 0 0 0 0 186 186 
9606.ENSP00000254043 9606.ENSP00000370867 0 0 0 52 0 0 150 160 
9606.ENSP00000254043 9606.ENSP00000377558 0 0 0 46 0 900 57 902 
9606.ENSP00000254043 9606.ENSP00000358092 0 0 0 0 0 0 213 213 
9606.ENSP00000254043 9606.ENSP00000365465 0 0 0 70 0 0 186 211 
9606.ENSP00000254043 9606.ENSP00000480484 0 0 0 55 0 0 194 206 
9606.ENSP00000254043 9606.ENSP00000373487 0 0 0 88 109 900 90 916 
9606.ENSP00000254043 9606.ENSP00000449404 0 0 0 119 218 900 190 936 
9606.ENSP00000254043 9606.ENSP00000360597 0 0 0 61 0 0 160 177 
9606.ENSP00000254043 9606.ENSP00000284523 0 0 0 61 0 0 138 156 
9606.ENSP00000254043 9606.ENSP00000335567 0 0 0 0 0 0 171 171 
9606.ENSP00000254043 9606.ENSP00000301263 0 0 0 140 0 0 57 154 
9606.ENSP00000254043 9606.ENSP00000361107 0 0 0 0 61 0 200 217 
9606.ENSP00000254043 9606.ENSP00000416015 0 0 0 0 63 0 131 151 
9606.ENSP00000254043 9606.ENSP00000330391 0 0 0 92 0 0 111 159 
9606.ENSP00000254043 9606.ENSP00000295522 0 0 0 95 0 0 110 160 
9606.ENSP00000254043 9606.ENSP00000386665 0 0 0 65 0 0 196 216 
9606.ENSP00000254043 9606.ENSP00000351416 0 0 0 0 156 0 0 156 
9606.ENSP00000254043 9606.ENSP00000286574 0 0 0 0 0 0 207 207 
9606.ENSP00000254043 9606.ENSP00000330101 0 0 0 63 185 900 108 922 
9606.ENSP00000254043 9606.ENSP00000346839 0 0 0 0 0 0 276 276 
9606.ENSP00000254043 9606.ENSP00000417914 0 0 0 0 157 0 210 306 
9606.ENSP00000254043 9606.ENSP00000261368 0 0 0 0 156 0 0 156 
9606.ENSP00000254043 9606.ENSP00000325663 0 0 0 0 156 0 0 156 
9606.ENSP00000254043 9606.ENSP00000339115 0 0 0 0 156 0 0 156 
9606.ENSP00000254043 9606.ENSP00000255189 0 0 0 0 0 0 192 192 
9606.ENSP00000254043 9606.ENSP00000229270 0 0 0 0 0 0 153 153 
9606.ENSP00000254043 9606.ENSP00000321464 0 0 0 0 0 0 211 211 
9606.ENSP00000254043 9606.ENSP00000244333 0 0 0 107 0 0 196 252 
9606.ENSP00000254043 9606.ENSP00000345206 0 0 0 0 0 0 163 163 
9606.ENSP00000254043 9606.ENSP00000239243 0 0 0 0 0 0 215 215 
9606.ENSP00000254043 9606.ENSP00000384376 0 0 0 0 175 0 0 175 
9606.ENSP00000254043 9606.ENSP00000167586 0 0 0 352 0 900 65 934 
9606.ENSP00000254043 9606.ENSP00000332371 0 0 0 0 0 0 287 287 
9606.ENSP00000254043 9606.ENSP00000299752 0 0 0 0 0 0 201 201 
9606.ENSP00000254043 9606.ENSP00000293745 0 0 0 49 228 900 175 931 
9606.ENSP00000254043 9606.ENSP00000310573 0 0 0 49 0 900 53 902 
9606.ENSP00000254043 9606.ENSP00000334560 0 0 0 0 0 0 150 150 
9606.ENSP00000254043 9606.ENSP00000264601 0 0 0 63 0 0 170 189 
9606.ENSP00000254043 9606.ENSP00000252245 0 0 0 88 232 900 159 933 
9606.ENSP00000254043 9606.ENSP00000262319 0 0 0 0 705 0 0 705 
9606.ENSP00000254043 9606.ENSP00000246635 0 0 0 537 0 900 60 952 
