9606.ENSP00000368965 9606.ENSP00000396620 0 0 0 0 0 0 167 167 
9606.ENSP00000368965 9606.ENSP00000480489 0 0 0 0 0 0 269 269 
9606.ENSP00000368965 9606.ENSP00000313881 0 0 0 0 0 0 186 186 
9606.ENSP00000368965 9606.ENSP00000441691 0 0 0 0 0 900 0 900 
9606.ENSP00000368965 9606.ENSP00000216124 0 0 0 0 0 0 169 169 
9606.ENSP00000368965 9606.ENSP00000225538 0 0 0 0 0 900 0 900 
9606.ENSP00000368965 9606.ENSP00000382941 0 0 0 65 0 900 0 902 
9606.ENSP00000368965 9606.ENSP00000478017 0 0 0 0 0 0 173 173 
9606.ENSP00000368965 9606.ENSP00000349252 0 0 0 0 0 900 0 900 
9606.ENSP00000368965 9606.ENSP00000359211 0 0 0 0 0 0 219 219 
9606.ENSP00000368965 9606.ENSP00000477639 295 0 0 0 0 0 0 295 
9606.ENSP00000368965 9606.ENSP00000305742 0 0 0 0 0 0 282 282 
9606.ENSP00000368965 9606.ENSP00000361850 0 0 0 0 0 900 0 900 
9606.ENSP00000368965 9606.ENSP00000205636 0 0 0 0 0 900 0 900 
9606.ENSP00000368965 9606.ENSP00000286733 0 0 0 61 0 0 225 241 
9606.ENSP00000368965 9606.ENSP00000485589 0 0 0 0 0 0 590 590 
9606.ENSP00000368965 9606.ENSP00000266031 0 0 0 0 0 0 384 384 
9606.ENSP00000368965 9606.ENSP00000354090 0 0 0 0 0 900 0 900 
9606.ENSP00000368965 9606.ENSP00000320219 0 0 0 0 0 0 163 163 
9606.ENSP00000368965 9606.ENSP00000359621 0 0 0 0 0 0 175 175 
9606.ENSP00000368965 9606.ENSP00000266679 0 0 0 0 0 0 188 188 
9606.ENSP00000368965 9606.ENSP00000365435 0 0 0 61 0 900 0 902 
9606.ENSP00000368965 9606.ENSP00000287169 0 0 0 0 0 0 227 227 
9606.ENSP00000368965 9606.ENSP00000228506 0 0 0 0 0 900 0 900 
9606.ENSP00000368965 9606.ENSP00000321804 0 0 0 0 0 0 161 161 
9606.ENSP00000368965 9606.ENSP00000465932 0 0 0 0 0 0 243 243 
9606.ENSP00000368965 9606.ENSP00000231706 0 0 0 0 0 0 290 290 
9606.ENSP00000368965 9606.ENSP00000342793 0 0 0 0 0 900 0 900 
9606.ENSP00000368965 9606.ENSP00000314508 0 0 0 0 0 0 192 192 
9606.ENSP00000368965 9606.ENSP00000480132 0 0 0 0 0 0 175 175 
9606.ENSP00000368965 9606.ENSP00000300231 0 0 0 0 0 0 193 193 
9606.ENSP00000368965 9606.ENSP00000415034 0 0 0 0 0 900 0 900 
9606.ENSP00000368965 9606.ENSP00000451291 0 0 0 0 0 0 173 173 
9606.ENSP00000368965 9606.ENSP00000395473 0 0 0 0 0 0 342 342 
9606.ENSP00000368965 9606.ENSP00000421142 0 0 0 63 0 0 317 333 
9606.ENSP00000368965 9606.ENSP00000371152 0 0 0 61 0 0 298 313 
9606.ENSP00000368965 9606.ENSP00000447378 0 0 0 61 0 900 0 902 
9606.ENSP00000368965 9606.ENSP00000359640 0 0 0 0 0 0 175 175 
9606.ENSP00000368965 9606.ENSP00000222330 0 0 0 0 0 0 167 167 
9606.ENSP00000368965 9606.ENSP00000363398 0 0 0 0 0 0 246 246 
9606.ENSP00000368965 9606.ENSP00000454623 0 0 0 0 0 900 0 900 
9606.ENSP00000368965 9606.ENSP00000219097 0 0 0 0 0 0 161 161 
9606.ENSP00000368965 9606.ENSP00000368927 0 0 0 61 0 0 326 340 
9606.ENSP00000368965 9606.ENSP00000309124 0 0 0 0 0 900 0 900 
9606.ENSP00000368965 9606.ENSP00000261811 0 0 0 0 0 900 0 900 
9606.ENSP00000368965 9606.ENSP00000244221 0 0 0 0 0 0 177 177 
9606.ENSP00000368965 9606.ENSP00000302079 0 0 0 0 0 900 0 900 
9606.ENSP00000368965 9606.ENSP00000370522 0 0 0 0 0 0 530 530 
9606.ENSP00000368965 9606.ENSP00000352645 0 0 0 0 0 0 317 317 
9606.ENSP00000368965 9606.ENSP00000357448 0 0 0 0 0 0 297 297 
9606.ENSP00000368965 9606.ENSP00000481054 0 0 0 0 0 900 0 900 
9606.ENSP00000368965 9606.ENSP00000378857 0 0 0 0 0 0 269 269 
9606.ENSP00000368965 9606.ENSP00000429615 0 0 0 0 0 0 189 189 
9606.ENSP00000368965 9606.ENSP00000416741 0 0 0 0 0 0 173 173 
9606.ENSP00000368965 9606.ENSP00000414904 0 0 0 76 0 0 158 189 
9606.ENSP00000368965 9606.ENSP00000331258 0 0 0 0 0 0 792 792 
9606.ENSP00000368965 9606.ENSP00000302728 0 0 0 0 0 0 257 257 
9606.ENSP00000368965 9606.ENSP00000424183 0 0 0 0 0 900 0 900 
9606.ENSP00000368965 9606.ENSP00000262288 0 0 0 0 0 0 229 229 
9606.ENSP00000368965 9606.ENSP00000278865 0 0 0 0 0 900 0 900 
9606.ENSP00000368965 9606.ENSP00000396308 0 0 0 0 0 0 366 366 
9606.ENSP00000368965 9606.ENSP00000278671 0 0 0 0 0 900 0 900 
9606.ENSP00000368965 9606.ENSP00000268129 0 0 0 0 0 0 216 216 
9606.ENSP00000368965 9606.ENSP00000386331 0 0 0 0 0 0 213 213 
9606.ENSP00000368965 9606.ENSP00000479542 0 0 0 0 0 0 292 292 
9606.ENSP00000368965 9606.ENSP00000385158 0 0 0 0 0 0 250 250 
9606.ENSP00000368965 9606.ENSP00000310657 0 0 0 0 0 0 316 316 
9606.ENSP00000368965 9606.ENSP00000246006 0 0 0 0 0 900 0 900 
9606.ENSP00000368965 9606.ENSP00000377768 0 0 0 0 0 0 349 349 
9606.ENSP00000368965 9606.ENSP00000299665 0 0 0 0 0 900 0 900 
9606.ENSP00000368965 9606.ENSP00000298251 0 0 0 0 0 0 383 383 
9606.ENSP00000368965 9606.ENSP00000347714 0 0 0 0 0 900 0 900 
9606.ENSP00000368965 9606.ENSP00000326031 0 0 0 55 0 0 138 150 
9606.ENSP00000368965 9606.ENSP00000303427 0 0 0 0 0 0 226 226 
9606.ENSP00000368965 9606.ENSP00000350651 0 0 0 0 0 0 284 284 
9606.ENSP00000368965 9606.ENSP00000220676 0 0 0 0 0 0 194 194 
9606.ENSP00000368965 9606.ENSP00000233826 0 0 0 0 0 0 197 197 
9606.ENSP00000368965 9606.ENSP00000449999 0 0 0 0 0 900 0 900 
9606.ENSP00000368965 9606.ENSP00000341779 0 0 0 55 0 0 138 150 
9606.ENSP00000368965 9606.ENSP00000259963 0 0 0 0 0 0 311 311 
9606.ENSP00000368965 9606.ENSP00000363590 0 0 0 0 0 0 368 368 
9606.ENSP00000368965 9606.ENSP00000309285 0 0 0 0 0 0 566 566 
9606.ENSP00000368965 9606.ENSP00000276410 0 0 0 0 0 0 188 188 
9606.ENSP00000368965 9606.ENSP00000300433 0 0 0 0 0 0 184 184 
9606.ENSP00000368965 9606.ENSP00000286692 0 0 0 0 0 0 288 288 
9606.ENSP00000368965 9606.ENSP00000379191 0 0 0 0 0 900 0 900 
9606.ENSP00000368965 9606.ENSP00000017003 0 0 0 0 0 0 438 438 
9606.ENSP00000368965 9606.ENSP00000216442 0 0 0 0 0 900 86 904 
9606.ENSP00000368965 9606.ENSP00000337340 0 0 0 0 0 0 243 243 
9606.ENSP00000368965 9606.ENSP00000297423 0 0 0 0 0 0 745 745 
9606.ENSP00000368965 9606.ENSP00000355361 0 0 0 0 0 900 0 900 
9606.ENSP00000368965 9606.ENSP00000384886 0 0 0 0 0 0 229 229 
9606.ENSP00000368965 9606.ENSP00000345849 0 0 0 0 0 0 233 233 
9606.ENSP00000368965 9606.ENSP00000303153 0 0 231 0 0 0 0 231 
9606.ENSP00000368965 9606.ENSP00000264717 295 0 0 0 0 0 0 295 
9606.ENSP00000368965 9606.ENSP00000367552 0 0 0 0 0 0 253 253 
9606.ENSP00000368965 9606.ENSP00000075120 0 0 0 0 0 900 0 900 
9606.ENSP00000368965 9606.ENSP00000325313 0 0 0 0 0 0 568 568 
9606.ENSP00000368965 9606.ENSP00000161559 0 0 0 0 0 900 0 900 
9606.ENSP00000368965 9606.ENSP00000254250 0 0 0 0 0 0 183 183 
9606.ENSP00000368965 9606.ENSP00000218516 0 0 0 0 0 0 270 270 
9606.ENSP00000368965 9606.ENSP00000439454 0 0 0 0 0 900 0 900 
9606.ENSP00000368965 9606.ENSP00000470087 0 0 0 0 0 0 167 167 
9606.ENSP00000368965 9606.ENSP00000455561 219 0 0 0 0 0 0 219 
9606.ENSP00000368965 9606.ENSP00000420387 0 0 0 60 0 900 0 901 
9606.ENSP00000368965 9606.ENSP00000481022 0 0 0 0 0 900 0 900 
9606.ENSP00000368965 9606.ENSP00000477572 0 0 0 0 0 900 0 900 
9606.ENSP00000368965 9606.ENSP00000315465 0 0 0 0 0 0 226 226 
9606.ENSP00000368965 9606.ENSP00000233202 44 0 0 0 0 900 0 900 
9606.ENSP00000368965 9606.ENSP00000349181 0 0 0 0 0 900 0 900 
9606.ENSP00000368965 9606.ENSP00000269081 0 0 0 0 0 0 225 225 
9606.ENSP00000368965 9606.ENSP00000391596 219 0 0 0 0 0 0 219 
9606.ENSP00000368965 9606.ENSP00000484631 0 0 0 59 0 0 138 154 
9606.ENSP00000368965 9606.ENSP00000401597 0 0 0 0 0 0 388 388 
9606.ENSP00000368965 9606.ENSP00000355923 0 0 0 0 0 0 156 156 
9606.ENSP00000368965 9606.ENSP00000388878 0 0 0 0 0 0 202 202 
9606.ENSP00000368965 9606.ENSP00000301332 0 0 0 0 0 0 202 202 
9606.ENSP00000368965 9606.ENSP00000220562 0 0 0 0 0 0 344 344 
9606.ENSP00000368965 9606.ENSP00000362965 0 0 0 0 0 900 0 900 
9606.ENSP00000368965 9606.ENSP00000377284 0 0 0 0 0 0 258 258 
9606.ENSP00000368965 9606.ENSP00000328928 0 0 0 0 0 0 214 214 
9606.ENSP00000368965 9606.ENSP00000272902 0 0 0 0 0 0 420 420 
9606.ENSP00000368965 9606.ENSP00000418593 0 0 0 0 0 0 225 225 
9606.ENSP00000368965 9606.ENSP00000287380 0 0 0 61 0 0 224 240 
9606.ENSP00000368965 9606.ENSP00000451112 0 0 0 0 0 0 299 299 
9606.ENSP00000368965 9606.ENSP00000319096 0 0 0 0 0 900 0 900 
9606.ENSP00000368965 9606.ENSP00000346130 0 0 0 0 0 900 0 900 
9606.ENSP00000368965 9606.ENSP00000465261 0 0 0 0 0 900 0 900 
9606.ENSP00000368965 9606.ENSP00000347916 0 0 0 0 0 900 0 900 
9606.ENSP00000368965 9606.ENSP00000230461 0 0 0 0 0 900 0 900 
9606.ENSP00000368965 9606.ENSP00000247219 0 0 0 0 0 0 684 684 
9606.ENSP00000368965 9606.ENSP00000276185 0 0 0 0 0 900 0 900 
9606.ENSP00000368965 9606.ENSP00000266771 0 0 0 0 0 900 0 900 
9606.ENSP00000368965 9606.ENSP00000473990 0 0 0 61 0 900 0 902 
9606.ENSP00000368965 9606.ENSP00000375942 0 0 0 0 0 0 311 311 
9606.ENSP00000368965 9606.ENSP00000254190 0 0 0 0 0 0 287 287 
9606.ENSP00000368965 9606.ENSP00000264914 0 0 0 0 0 0 327 327 
9606.ENSP00000368965 9606.ENSP00000284981 0 0 0 0 0 0 154 154 
9606.ENSP00000368965 9606.ENSP00000371084 0 0 0 0 0 900 0 900 
9606.ENSP00000368965 9606.ENSP00000266544 0 0 0 0 0 0 344 344 
9606.ENSP00000368965 9606.ENSP00000447537 0 0 0 0 0 0 395 395 
9606.ENSP00000368965 9606.ENSP00000363317 0 0 0 0 0 0 156 156 
9606.ENSP00000368965 9606.ENSP00000265016 0 0 0 0 0 900 0 900 
9606.ENSP00000368965 9606.ENSP00000368982 0 0 0 0 0 0 309 309 
9606.ENSP00000368965 9606.ENSP00000219299 0 0 0 0 0 0 171 171 
9606.ENSP00000368965 9606.ENSP00000454229 0 0 0 0 0 0 574 574 
9606.ENSP00000368965 9606.ENSP00000356919 0 0 0 0 0 0 157 157 
9606.ENSP00000368965 9606.ENSP00000378917 0 0 0 0 0 0 243 243 
9606.ENSP00000368965 9606.ENSP00000393963 0 0 0 0 0 0 202 202 
9606.ENSP00000368965 9606.ENSP00000258145 0 0 0 62 0 0 783 787 
9606.ENSP00000368965 9606.ENSP00000261023 0 0 0 0 0 900 0 900 
9606.ENSP00000368965 9606.ENSP00000310565 0 0 0 0 0 0 418 418 
9606.ENSP00000368965 9606.ENSP00000345708 0 0 0 0 0 0 181 181 
9606.ENSP00000368965 9606.ENSP00000322088 0 0 0 0 0 0 250 250 
9606.ENSP00000368965 9606.ENSP00000366641 0 0 0 0 0 900 0 900 
9606.ENSP00000368965 9606.ENSP00000237642 0 0 0 0 0 900 0 900 
9606.ENSP00000368965 9606.ENSP00000345528 0 0 0 0 0 0 184 184 
9606.ENSP00000368965 9606.ENSP00000305699 0 0 0 77 0 0 690 702 
9606.ENSP00000368965 9606.ENSP00000317404 0 0 0 0 0 0 454 454 
9606.ENSP00000368965 9606.ENSP00000332151 0 0 0 0 0 0 235 235 
9606.ENSP00000368965 9606.ENSP00000261799 0 0 0 0 0 0 187 187 
9606.ENSP00000368965 9606.ENSP00000324806 0 0 0 0 0 0 167 167 
9606.ENSP00000368965 9606.ENSP00000362946 0 0 0 0 0 900 63 902 
9606.ENSP00000368965 9606.ENSP00000293404 0 0 0 0 0 0 262 262 
9606.ENSP00000368965 9606.ENSP00000480476 157 0 0 0 0 0 0 157 
9606.ENSP00000368965 9606.ENSP00000369728 0 0 0 0 0 0 250 250 
9606.ENSP00000368965 9606.ENSP00000261623 0 0 0 61 0 900 0 902 
9606.ENSP00000368965 9606.ENSP00000364403 0 0 0 0 0 900 0 900 
9606.ENSP00000368965 9606.ENSP00000385763 0 0 0 0 0 0 197 197 
9606.ENSP00000368965 9606.ENSP00000262262 0 0 0 0 0 900 0 900 
9606.ENSP00000368965 9606.ENSP00000394794 0 0 0 0 0 0 405 405 
9606.ENSP00000368965 9606.ENSP00000333395 0 0 0 0 0 0 163 163 
9606.ENSP00000368965 9606.ENSP00000376297 0 0 0 0 0 900 0 900 
9606.ENSP00000368965 9606.ENSP00000329360 0 0 0 0 0 0 474 474 
9606.ENSP00000368965 9606.ENSP00000372410 0 0 0 0 0 0 276 276 
9606.ENSP00000368965 9606.ENSP00000376946 0 0 0 0 0 0 203 203 
9606.ENSP00000368965 9606.ENSP00000377655 0 0 0 0 0 0 190 190 
9606.ENSP00000368965 9606.ENSP00000357575 0 0 0 0 0 0 223 223 
9606.ENSP00000368965 9606.ENSP00000226578 0 0 0 0 0 0 210 210 
9606.ENSP00000368965 9606.ENSP00000381425 0 0 0 0 0 0 159 159 
9606.ENSP00000368965 9606.ENSP00000361095 0 0 0 0 0 0 426 426 
9606.ENSP00000368965 9606.ENSP00000321426 0 0 0 0 0 0 693 693 
9606.ENSP00000368965 9606.ENSP00000380872 0 0 0 0 0 0 209 209 
9606.ENSP00000368965 9606.ENSP00000482264 0 0 0 0 0 900 0 900 
9606.ENSP00000368965 9606.ENSP00000357288 0 0 0 0 0 900 0 900 
9606.ENSP00000368965 9606.ENSP00000479203 0 0 0 0 0 0 173 173 
9606.ENSP00000368965 9606.ENSP00000232165 0 0 0 0 0 0 179 179 
9606.ENSP00000368965 9606.ENSP00000394248 0 0 0 0 0 0 203 203 
9606.ENSP00000368965 9606.ENSP00000473348 212 0 0 83 0 0 0 246 
9606.ENSP00000368965 9606.ENSP00000313420 0 0 0 0 0 0 516 516 
9606.ENSP00000368965 9606.ENSP00000400852 0 0 0 0 0 0 563 563 
9606.ENSP00000368965 9606.ENSP00000261416 219 0 0 61 0 0 0 235 
9606.ENSP00000368965 9606.ENSP00000247933 0 0 0 78 0 0 558 575 
9606.ENSP00000368965 9606.ENSP00000196371 0 0 0 0 0 0 278 278 
9606.ENSP00000368965 9606.ENSP00000413697 0 0 0 0 0 900 0 900 
9606.ENSP00000368965 9606.ENSP00000281243 0 0 0 0 0 0 188 188 
9606.ENSP00000368965 9606.ENSP00000417229 0 0 0 0 0 0 307 307 
9606.ENSP00000368965 9606.ENSP00000002596 0 0 0 0 0 0 307 307 
9606.ENSP00000368965 9606.ENSP00000263578 0 0 0 0 0 0 296 296 
9606.ENSP00000368965 9606.ENSP00000306920 0 0 0 0 0 0 394 394 
9606.ENSP00000368965 9606.ENSP00000329920 0 0 0 0 0 900 0 900 
9606.ENSP00000368965 9606.ENSP00000367697 0 0 0 55 0 900 61 903 
9606.ENSP00000368965 9606.ENSP00000243776 0 0 0 0 0 0 345 345 
9606.ENSP00000368965 9606.ENSP00000339328 0 0 0 0 0 900 0 900 
9606.ENSP00000368965 9606.ENSP00000305692 0 0 0 61 0 900 165 914 
9606.ENSP00000368965 9606.ENSP00000288912 0 0 0 0 0 0 292 292 
9606.ENSP00000368965 9606.ENSP00000263864 0 0 0 0 0 900 0 900 
9606.ENSP00000368965 9606.ENSP00000308405 0 0 0 0 0 0 233 233 
9606.ENSP00000368965 9606.ENSP00000367851 0 0 0 0 0 900 74 903 
9606.ENSP00000368965 9606.ENSP00000340274 0 0 0 0 0 900 0 900 
9606.ENSP00000368965 9606.ENSP00000409126 0 0 0 0 0 900 0 900 
9606.ENSP00000368965 9606.ENSP00000238112 0 0 0 0 0 0 223 223 
9606.ENSP00000368965 9606.ENSP00000316598 227 0 0 63 0 0 0 244 
9606.ENSP00000368965 9606.ENSP00000261751 0 0 0 0 0 900 0 900 
9606.ENSP00000368965 9606.ENSP00000399421 0 0 0 0 0 900 57 901 
9606.ENSP00000368965 9606.ENSP00000378769 0 0 0 55 0 0 138 150 
9606.ENSP00000368965 9606.ENSP00000237264 0 0 0 0 0 0 173 173 
9606.ENSP00000368965 9606.ENSP00000396270 0 0 0 0 0 900 0 900 
9606.ENSP00000368965 9606.ENSP00000334928 0 0 0 0 0 900 53 901 
9606.ENSP00000368965 9606.ENSP00000293261 0 0 0 0 0 0 171 171 
9606.ENSP00000368965 9606.ENSP00000370625 0 0 0 0 0 0 193 193 
9606.ENSP00000368965 9606.ENSP00000295297 0 0 0 0 0 0 325 325 
9606.ENSP00000368965 9606.ENSP00000439666 0 0 0 0 0 0 165 165 
9606.ENSP00000368965 9606.ENSP00000349971 0 0 0 0 0 900 0 900 
9606.ENSP00000368965 9606.ENSP00000215727 0 0 0 0 0 0 195 195 
9606.ENSP00000368965 9606.ENSP00000193391 0 0 0 0 0 0 246 246 
9606.ENSP00000368965 9606.ENSP00000260324 0 0 0 0 0 0 183 183 
9606.ENSP00000368965 9606.ENSP00000303423 0 0 0 0 0 0 767 767 
9606.ENSP00000368965 9606.ENSP00000286713 0 0 0 0 0 900 0 900 
9606.ENSP00000368965 9606.ENSP00000354111 0 0 0 0 0 900 0 900 
9606.ENSP00000368965 9606.ENSP00000367265 0 0 0 0 0 900 0 900 
9606.ENSP00000368965 9606.ENSP00000247986 0 0 0 0 0 0 202 202 
9606.ENSP00000368965 9606.ENSP00000386165 0 0 0 0 0 0 572 572 
9606.ENSP00000368965 9606.ENSP00000453302 0 0 0 55 0 900 0 901 
9606.ENSP00000368965 9606.ENSP00000353259 0 0 0 0 0 900 0 900 
9606.ENSP00000368965 9606.ENSP00000485193 0 0 0 0 0 0 335 335 
9606.ENSP00000368965 9606.ENSP00000295240 0 0 0 0 0 0 674 674 
9606.ENSP00000368965 9606.ENSP00000367323 0 0 0 49 0 900 0 900 
9606.ENSP00000368965 9606.ENSP00000240617 0 0 0 63 0 0 192 211 
9606.ENSP00000368965 9606.ENSP00000245934 0 0 0 0 0 0 163 163 
9606.ENSP00000368965 9606.ENSP00000284509 0 0 0 0 0 900 316 928 
9606.ENSP00000368965 9606.ENSP00000333735 0 0 0 0 0 0 265 265 
9606.ENSP00000368965 9606.ENSP00000378505 0 0 0 0 0 0 178 178 
9606.ENSP00000368965 9606.ENSP00000472710 0 0 0 0 0 0 158 158 
9606.ENSP00000368965 9606.ENSP00000363512 0 0 0 0 0 0 250 250 
9606.ENSP00000368965 9606.ENSP00000314606 0 0 0 0 0 900 712 969 
9606.ENSP00000368965 9606.ENSP00000381023 0 0 0 0 0 900 0 900 
9606.ENSP00000368965 9606.ENSP00000337816 0 0 0 0 0 900 0 900 
9606.ENSP00000368965 9606.ENSP00000251607 163 0 0 0 0 0 0 163 
9606.ENSP00000368965 9606.ENSP00000254976 0 0 0 0 0 900 0 900 
9606.ENSP00000368965 9606.ENSP00000361512 0 0 0 0 0 0 171 171 
9606.ENSP00000368965 9606.ENSP00000416809 0 0 0 0 0 0 203 203 
9606.ENSP00000368965 9606.ENSP00000360761 0 0 0 61 0 900 0 902 
9606.ENSP00000368965 9606.ENSP00000369860 0 0 0 0 0 900 0 900 
9606.ENSP00000368965 9606.ENSP00000309330 0 0 0 0 0 0 511 511 
9606.ENSP00000368965 9606.ENSP00000428787 0 0 0 0 0 0 284 284 
9606.ENSP00000368965 9606.ENSP00000316476 0 0 0 57 0 900 0 901 
9606.ENSP00000368965 9606.ENSP00000363603 219 0 0 62 0 0 0 236 
9606.ENSP00000368965 9606.ENSP00000377724 0 0 0 0 0 900 0 900 
9606.ENSP00000368965 9606.ENSP00000297459 0 0 0 0 0 0 293 293 
9606.ENSP00000368965 9606.ENSP00000289902 0 0 0 0 0 900 0 900 
9606.ENSP00000368965 9606.ENSP00000262105 0 0 0 0 0 0 382 382 
9606.ENSP00000368965 9606.ENSP00000357812 0 0 0 0 0 0 371 371 
9606.ENSP00000368965 9606.ENSP00000216037 0 0 0 0 0 0 204 204 
9606.ENSP00000368965 9606.ENSP00000332809 0 0 0 0 0 0 266 266 
9606.ENSP00000368965 9606.ENSP00000325448 178 0 0 63 0 0 0 196 
9606.ENSP00000368965 9606.ENSP00000260408 0 0 0 0 0 900 0 900 
9606.ENSP00000368965 9606.ENSP00000380136 0 0 0 0 0 0 188 188 
9606.ENSP00000368965 9606.ENSP00000265922 0 0 0 0 0 0 261 261 
9606.ENSP00000368965 9606.ENSP00000479536 0 0 0 0 0 900 0 900 
9606.ENSP00000368965 9606.ENSP00000268097 219 0 0 61 0 0 92 275 
9606.ENSP00000368965 9606.ENSP00000358548 0 0 0 0 0 900 0 900 
9606.ENSP00000368965 9606.ENSP00000452414 0 0 0 0 0 0 156 156 
9606.ENSP00000368965 9606.ENSP00000256997 0 0 0 0 0 0 203 203 
9606.ENSP00000368965 9606.ENSP00000323302 0 0 0 0 0 0 319 319 
9606.ENSP00000368965 9606.ENSP00000347409 0 0 0 0 0 0 167 167 
9606.ENSP00000368965 9606.ENSP00000281031 0 0 0 0 0 0 262 262 
9606.ENSP00000368965 9606.ENSP00000244336 0 0 0 0 0 900 0 900 
9606.ENSP00000368965 9606.ENSP00000253413 0 0 0 0 0 0 310 310 
9606.ENSP00000368965 9606.ENSP00000386134 0 0 0 0 0 0 378 378 
9606.ENSP00000368965 9606.ENSP00000407193 0 0 0 0 0 0 287 287 
9606.ENSP00000368965 9606.ENSP00000415049 0 0 0 0 0 0 163 163 
9606.ENSP00000368965 9606.ENSP00000433071 0 0 0 0 0 0 213 213 
9606.ENSP00000368965 9606.ENSP00000273398 0 0 0 0 0 0 206 206 
9606.ENSP00000368965 9606.ENSP00000351742 0 0 0 0 0 0 225 225 
9606.ENSP00000368965 9606.ENSP00000285393 0 0 0 0 0 0 198 198 
9606.ENSP00000368965 9606.ENSP00000260570 0 0 0 0 0 0 159 159 
9606.ENSP00000368965 9606.ENSP00000324122 0 0 0 0 0 0 198 198 
9606.ENSP00000368965 9606.ENSP00000337477 0 0 0 0 0 0 531 531 
9606.ENSP00000368965 9606.ENSP00000313851 0 0 0 0 0 0 551 551 
9606.ENSP00000368965 9606.ENSP00000299314 0 0 0 0 0 0 431 431 
9606.ENSP00000368965 9606.ENSP00000359132 0 0 0 61 0 0 307 321 
9606.ENSP00000368965 9606.ENSP00000454407 0 0 0 0 0 0 193 193 
9606.ENSP00000368965 9606.ENSP00000457513 0 0 0 0 0 0 223 223 
9606.ENSP00000368965 9606.ENSP00000468897 0 0 0 0 0 900 0 900 
9606.ENSP00000368965 9606.ENSP00000484343 0 0 0 0 0 900 0 900 
9606.ENSP00000368965 9606.ENSP00000339801 0 0 0 61 0 0 497 507 
9606.ENSP00000368965 9606.ENSP00000301904 0 0 0 0 0 0 457 457 
9606.ENSP00000368965 9606.ENSP00000225724 0 0 0 0 0 0 190 190 
9606.ENSP00000368965 9606.ENSP00000261381 0 0 0 0 0 0 381 381 
9606.ENSP00000368965 9606.ENSP00000285599 0 0 0 60 0 0 268 283 
9606.ENSP00000368965 9606.ENSP00000467262 0 0 0 0 0 0 205 205 
9606.ENSP00000368965 9606.ENSP00000264079 0 0 0 0 0 0 432 432 
9606.ENSP00000368965 9606.ENSP00000375629 0 0 0 0 0 900 0 900 
9606.ENSP00000368965 9606.ENSP00000317469 0 0 0 61 0 0 172 189 
9606.ENSP00000368965 9606.ENSP00000035307 0 0 0 0 0 0 360 360 
9606.ENSP00000368965 9606.ENSP00000225927 0 0 0 63 0 900 905 990 
9606.ENSP00000368965 9606.ENSP00000355800 0 0 0 61 0 900 0 902 
9606.ENSP00000368965 9606.ENSP00000363667 0 0 0 0 0 0 550 550 
9606.ENSP00000368965 9606.ENSP00000354213 0 0 0 0 0 0 332 332 
9606.ENSP00000368965 9606.ENSP00000329757 0 0 0 0 0 900 0 900 
9606.ENSP00000368965 9606.ENSP00000204679 0 0 0 0 0 0 340 340 
9606.ENSP00000368965 9606.ENSP00000383145 0 0 0 0 0 0 150 150 
9606.ENSP00000368965 9606.ENSP00000379571 0 0 0 0 0 0 309 309 
9606.ENSP00000368965 9606.ENSP00000358723 0 0 0 0 0 900 0 900 
9606.ENSP00000368965 9606.ENSP00000333298 0 0 0 0 0 0 210 210 
9606.ENSP00000368965 9606.ENSP00000285419 0 0 0 0 0 0 221 221 
9606.ENSP00000368965 9606.ENSP00000296755 0 0 0 0 0 0 193 193 
9606.ENSP00000368965 9606.ENSP00000450310 0 0 0 0 0 900 0 900 
9606.ENSP00000368965 9606.ENSP00000002165 219 0 0 62 0 0 0 236 
9606.ENSP00000368965 9606.ENSP00000355870 0 0 0 0 0 0 169 169 
9606.ENSP00000368965 9606.ENSP00000361562 0 0 0 0 0 0 316 316 
9606.ENSP00000368965 9606.ENSP00000176763 0 0 0 0 0 900 0 900 
9606.ENSP00000368965 9606.ENSP00000309741 0 0 0 0 0 900 0 900 
9606.ENSP00000368965 9606.ENSP00000273980 0 0 0 62 0 0 427 439 
9606.ENSP00000368965 9606.ENSP00000005284 0 0 0 0 0 0 238 238 
9606.ENSP00000368965 9606.ENSP00000332288 0 0 0 63 0 0 174 192 
9606.ENSP00000368965 9606.ENSP00000376390 0 0 0 0 0 900 0 900 
9606.ENSP00000368965 9606.ENSP00000220812 0 0 0 0 0 0 161 161 
9606.ENSP00000368965 9606.ENSP00000368976 0 0 0 0 0 0 241 241 
9606.ENSP00000368965 9606.ENSP00000362399 0 0 0 0 0 0 218 218 
9606.ENSP00000368965 9606.ENSP00000477056 0 0 0 61 0 0 167 184 
9606.ENSP00000368965 9606.ENSP00000485450 0 0 0 0 0 0 173 173 
9606.ENSP00000368965 9606.ENSP00000271324 0 0 0 0 0 900 0 900 
9606.ENSP00000368965 9606.ENSP00000217971 0 0 0 0 0 900 50 900 
9606.ENSP00000368965 9606.ENSP00000296468 0 0 0 63 0 0 739 745 
9606.ENSP00000368965 9606.ENSP00000352522 0 0 0 0 0 0 256 256 
9606.ENSP00000368965 9606.ENSP00000479365 0 0 0 0 0 0 173 173 
9606.ENSP00000368965 9606.ENSP00000388996 0 0 0 0 0 900 0 900 
9606.ENSP00000368965 9606.ENSP00000336888 0 0 0 50 0 900 0 900 
9606.ENSP00000368965 9606.ENSP00000249923 0 0 0 0 0 900 0 900 
9606.ENSP00000368965 9606.ENSP00000375622 0 0 0 0 0 900 0 900 
9606.ENSP00000368965 9606.ENSP00000477725 0 0 0 0 0 0 186 186 
9606.ENSP00000368965 9606.ENSP00000263708 0 0 0 0 0 0 338 338 
9606.ENSP00000368965 9606.ENSP00000382717 0 0 0 0 0 0 198 198 
9606.ENSP00000368965 9606.ENSP00000267842 0 0 0 0 0 900 0 900 
9606.ENSP00000368965 9606.ENSP00000289957 0 0 0 0 0 0 199 199 
9606.ENSP00000368965 9606.ENSP00000380948 0 0 0 0 0 900 79 903 
9606.ENSP00000368965 9606.ENSP00000400010 0 0 0 0 0 900 53 901 
9606.ENSP00000368965 9606.ENSP00000448012 0 0 0 0 0 0 299 299 
9606.ENSP00000368965 9606.ENSP00000332900 0 0 0 0 0 900 0 900 
9606.ENSP00000368965 9606.ENSP00000220913 0 0 0 0 0 0 167 167 
9606.ENSP00000368965 9606.ENSP00000299427 0 0 0 0 0 0 182 182 
9606.ENSP00000368965 9606.ENSP00000305941 0 0 0 0 0 0 284 284 
9606.ENSP00000368965 9606.ENSP00000445725 0 0 0 0 0 0 313 313 
9606.ENSP00000368965 9606.ENSP00000347767 0 0 0 0 0 0 309 309 
9606.ENSP00000368965 9606.ENSP00000296499 0 0 0 0 0 0 319 319 
9606.ENSP00000368965 9606.ENSP00000223026 0 0 0 0 0 0 491 491 
9606.ENSP00000368965 9606.ENSP00000408411 0 0 0 61 0 0 290 304 
9606.ENSP00000368965 9606.ENSP00000424595 0 0 0 0 0 0 190 190 
9606.ENSP00000368965 9606.ENSP00000249647 0 0 0 0 0 900 42 900 
9606.ENSP00000368965 9606.ENSP00000298428 0 0 0 59 0 0 194 209 
9606.ENSP00000368965 9606.ENSP00000268695 0 0 0 0 0 0 573 573 
9606.ENSP00000368965 9606.ENSP00000409738 0 0 0 0 0 900 0 900 
9606.ENSP00000368965 9606.ENSP00000386894 0 0 0 0 0 0 247 247 
9606.ENSP00000368965 9606.ENSP00000225609 161 0 0 0 0 0 0 161 
9606.ENSP00000368965 9606.ENSP00000264896 0 0 0 0 0 0 203 203 
9606.ENSP00000368965 9606.ENSP00000447650 0 0 0 0 0 0 412 412 
9606.ENSP00000368965 9606.ENSP00000440428 0 0 0 0 0 900 0 900 
9606.ENSP00000368965 9606.ENSP00000340465 0 0 0 62 0 0 185 202 
