9606.ENSP00000353331 9606.ENSP00000305595 0 0 0 0 50 0 308 314 
9606.ENSP00000353331 9606.ENSP00000246532 0 0 0 0 0 0 373 373 
9606.ENSP00000353331 9606.ENSP00000352264 0 0 0 0 85 0 267 300 
9606.ENSP00000353331 9606.ENSP00000463653 0 0 0 0 0 0 175 175 
9606.ENSP00000353331 9606.ENSP00000268182 0 0 0 61 0 0 139 156 
9606.ENSP00000353331 9606.ENSP00000272369 0 0 0 0 0 0 173 173 
9606.ENSP00000353331 9606.ENSP00000358458 0 0 0 0 0 0 169 169 
9606.ENSP00000353331 9606.ENSP00000364860 0 0 0 0 165 0 0 165 
9606.ENSP00000353331 9606.ENSP00000320416 0 0 0 0 179 0 0 179 
9606.ENSP00000353331 9606.ENSP00000356587 0 0 0 0 0 0 800 800 
9606.ENSP00000353331 9606.ENSP00000295987 0 0 0 50 0 0 202 210 
9606.ENSP00000353331 9606.ENSP00000363571 0 0 0 0 165 0 0 165 
9606.ENSP00000353331 9606.ENSP00000303096 0 0 0 0 0 0 189 189 
9606.ENSP00000353331 9606.ENSP00000173229 0 0 0 0 156 0 99 207 
9606.ENSP00000353331 9606.ENSP00000380602 0 0 0 0 70 0 167 192 
9606.ENSP00000353331 9606.ENSP00000368190 0 0 0 0 348 900 338 953 
9606.ENSP00000353331 9606.ENSP00000346879 0 0 0 0 0 0 231 231 
9606.ENSP00000353331 9606.ENSP00000345997 0 0 0 0 85 0 434 459 
9606.ENSP00000353331 9606.ENSP00000466989 0 0 0 0 64 0 579 589 
9606.ENSP00000353331 9606.ENSP00000468411 0 0 0 0 0 0 201 201 
9606.ENSP00000353331 9606.ENSP00000216455 0 0 0 0 161 0 0 161 
9606.ENSP00000353331 9606.ENSP00000389588 0 0 0 60 69 0 162 203 
9606.ENSP00000353331 9606.ENSP00000327009 0 0 0 0 0 0 167 167 
9606.ENSP00000353331 9606.ENSP00000418754 0 0 0 0 165 0 0 165 
9606.ENSP00000353331 9606.ENSP00000382684 0 0 0 0 0 0 168 168 
9606.ENSP00000353331 9606.ENSP00000431418 0 0 0 0 165 0 42 165 
9606.ENSP00000353331 9606.ENSP00000304604 0 0 0 0 156 0 0 156 
9606.ENSP00000353331 9606.ENSP00000258494 0 0 0 0 0 0 227 227 
9606.ENSP00000353331 9606.ENSP00000432561 0 0 0 0 0 0 167 167 
9606.ENSP00000353331 9606.ENSP00000377372 0 0 0 61 0 0 211 228 
9606.ENSP00000353331 9606.ENSP00000376421 0 0 0 52 170 0 68 202 
9606.ENSP00000353331 9606.ENSP00000262648 0 0 0 0 0 0 446 446 
9606.ENSP00000353331 9606.ENSP00000351244 0 0 0 0 0 0 249 249 
9606.ENSP00000353331 9606.ENSP00000229030 0 0 0 61 0 0 186 202 
9606.ENSP00000353331 9606.ENSP00000352097 0 0 0 0 0 0 171 171 
9606.ENSP00000353331 9606.ENSP00000312999 0 0 0 0 64 0 136 156 
9606.ENSP00000353331 9606.ENSP00000317332 0 0 0 0 165 0 0 165 
9606.ENSP00000353331 9606.ENSP00000357442 0 0 0 0 0 0 154 154 
9606.ENSP00000353331 9606.ENSP00000210633 0 0 0 0 69 0 163 188 
9606.ENSP00000353331 9606.ENSP00000331791 0 0 0 0 0 0 154 154 
9606.ENSP00000353331 9606.ENSP00000345731 0 0 0 0 168 0 136 250 
9606.ENSP00000353331 9606.ENSP00000402033 0 0 0 0 167 0 0 167 
9606.ENSP00000353331 9606.ENSP00000284136 0 0 0 0 69 0 152 177 
9606.ENSP00000353331 9606.ENSP00000296452 0 0 0 0 0 0 187 187 
9606.ENSP00000353331 9606.ENSP00000251968 0 0 0 0 185 0 0 185 
9606.ENSP00000353331 9606.ENSP00000385142 0 0 0 0 0 0 479 479 
9606.ENSP00000353331 9606.ENSP00000385570 0 0 0 55 0 0 147 159 
9606.ENSP00000353331 9606.ENSP00000485668 0 0 0 0 0 0 167 167 
9606.ENSP00000353331 9606.ENSP00000331902 0 0 0 0 0 0 157 157 
9606.ENSP00000353331 9606.ENSP00000389140 0 0 0 52 170 0 47 185 
9606.ENSP00000353331 9606.ENSP00000301175 0 0 0 0 0 0 478 478 
9606.ENSP00000353331 9606.ENSP00000311427 0 0 0 0 165 0 0 165 
9606.ENSP00000353331 9606.ENSP00000406229 0 0 0 0 79 0 202 234 
9606.ENSP00000353331 9606.ENSP00000362111 0 0 0 0 0 0 269 269 
9606.ENSP00000353331 9606.ENSP00000366243 0 0 0 0 0 0 165 165 
9606.ENSP00000353331 9606.ENSP00000484146 0 0 0 0 69 0 147 172 
9606.ENSP00000353331 9606.ENSP00000307508 0 0 0 61 55 0 137 167 
9606.ENSP00000353331 9606.ENSP00000382428 0 0 0 0 168 0 319 409 
9606.ENSP00000353331 9606.ENSP00000270235 0 0 0 0 156 0 50 163 
9606.ENSP00000353331 9606.ENSP00000469689 0 0 0 0 159 0 243 336 
9606.ENSP00000353331 9606.ENSP00000356562 0 0 0 0 0 0 548 548 
9606.ENSP00000353331 9606.ENSP00000248668 0 0 0 0 64 0 205 224 
9606.ENSP00000353331 9606.ENSP00000360183 0 0 0 0 179 0 0 179 
9606.ENSP00000353331 9606.ENSP00000453704 0 0 0 0 0 0 161 161 
9606.ENSP00000353331 9606.ENSP00000298125 0 0 0 0 133 0 100 186 
9606.ENSP00000353331 9606.ENSP00000263177 0 0 0 61 0 0 151 169 
9606.ENSP00000353331 9606.ENSP00000231721 0 0 0 0 69 0 159 184 
9606.ENSP00000353331 9606.ENSP00000378132 0 0 0 0 0 0 369 369 
9606.ENSP00000353331 9606.ENSP00000263233 0 0 0 0 0 0 183 183 
9606.ENSP00000353331 9606.ENSP00000318629 0 0 0 0 179 0 0 179 
9606.ENSP00000353331 9606.ENSP00000317333 0 0 0 0 0 0 292 292 
9606.ENSP00000353331 9606.ENSP00000359319 0 0 0 0 0 0 266 266 
9606.ENSP00000353331 9606.ENSP00000002829 0 0 0 0 69 0 289 310 
9606.ENSP00000353331 9606.ENSP00000307549 0 0 0 0 0 0 296 296 
9606.ENSP00000353331 9606.ENSP00000394485 0 0 0 0 64 0 800 804 
9606.ENSP00000353331 9606.ENSP00000226578 0 0 0 0 187 0 0 187 
9606.ENSP00000353331 9606.ENSP00000380150 0 0 0 0 167 0 0 167 
9606.ENSP00000353331 9606.ENSP00000451648 0 0 0 0 0 0 480 480 
9606.ENSP00000353331 9606.ENSP00000240488 0 0 0 0 0 0 167 167 
9606.ENSP00000353331 9606.ENSP00000351805 0 0 0 0 0 0 225 225 
9606.ENSP00000353331 9606.ENSP00000269141 0 0 0 0 84 0 146 184 
9606.ENSP00000353331 9606.ENSP00000426296 0 0 0 0 0 0 268 268 
9606.ENSP00000353331 9606.ENSP00000329357 0 0 0 0 0 0 454 454 
9606.ENSP00000353331 9606.ENSP00000324124 0 0 0 0 0 0 636 636 
9606.ENSP00000353331 9606.ENSP00000480318 0 0 0 0 0 0 167 167 
9606.ENSP00000353331 9606.ENSP00000464893 0 0 0 0 0 0 185 185 
9606.ENSP00000353331 9606.ENSP00000301765 0 0 0 0 179 0 0 179 
9606.ENSP00000353331 9606.ENSP00000324857 0 0 0 0 69 0 152 177 
9606.ENSP00000353331 9606.ENSP00000261731 0 0 0 61 72 0 404 435 
9606.ENSP00000353331 9606.ENSP00000386229 0 0 0 0 0 0 310 310 
9606.ENSP00000353331 9606.ENSP00000226091 0 0 0 62 0 0 146 164 
9606.ENSP00000353331 9606.ENSP00000334122 0 0 0 0 0 0 247 247 
9606.ENSP00000353331 9606.ENSP00000351338 0 0 0 0 80 0 142 177 
9606.ENSP00000353331 9606.ENSP00000384126 0 0 0 0 64 0 369 384 
9606.ENSP00000353331 9606.ENSP00000361027 0 0 0 0 0 0 320 320 
9606.ENSP00000353331 9606.ENSP00000264360 0 0 0 0 84 0 284 316 
9606.ENSP00000353331 9606.ENSP00000400882 0 0 0 0 0 0 179 179 
9606.ENSP00000353331 9606.ENSP00000282928 0 0 0 0 0 0 254 254 
9606.ENSP00000353331 9606.ENSP00000310620 0 0 0 0 0 0 213 213 
9606.ENSP00000353331 9606.ENSP00000387123 0 0 0 0 0 0 161 161 
9606.ENSP00000353331 9606.ENSP00000261769 0 0 0 0 84 0 210 245 
9606.ENSP00000353331 9606.ENSP00000307726 0 0 0 0 0 0 309 309 
9606.ENSP00000353331 9606.ENSP00000468002 0 0 0 0 82 0 178 214 
9606.ENSP00000353331 9606.ENSP00000379866 0 0 0 0 0 0 188 188 
9606.ENSP00000353331 9606.ENSP00000286355 0 0 0 59 0 0 191 206 
9606.ENSP00000353331 9606.ENSP00000332773 0 0 0 52 191 0 98 248 
9606.ENSP00000353331 9606.ENSP00000365687 0 0 0 0 0 0 482 482 
9606.ENSP00000353331 9606.ENSP00000352138 0 0 0 0 0 0 154 154 
9606.ENSP00000353331 9606.ENSP00000282020 0 0 0 0 0 0 275 275 
9606.ENSP00000353331 9606.ENSP00000297375 0 0 0 61 0 0 269 284 
9606.ENSP00000353331 9606.ENSP00000301159 0 0 0 0 0 0 522 522 
9606.ENSP00000353331 9606.ENSP00000305288 0 0 0 0 100 0 553 580 
9606.ENSP00000353331 9606.ENSP00000360200 0 0 0 0 167 0 0 167 
9606.ENSP00000353331 9606.ENSP00000366672 0 0 0 0 0 0 240 240 
9606.ENSP00000353331 9606.ENSP00000417335 0 0 0 61 80 0 169 219 
9606.ENSP00000353331 9606.ENSP00000372169 0 0 0 0 0 0 167 167 
9606.ENSP00000353331 9606.ENSP00000430241 0 0 0 60 0 0 193 208 
9606.ENSP00000353331 9606.ENSP00000302216 0 0 0 0 0 0 315 315 
9606.ENSP00000353331 9606.ENSP00000368994 0 0 0 0 0 0 165 165 
9606.ENSP00000353331 9606.ENSP00000260600 0 0 0 0 0 0 451 451 
9606.ENSP00000353331 9606.ENSP00000264012 0 0 0 0 84 0 124 163 
9606.ENSP00000353331 9606.ENSP00000384876 0 0 0 0 0 0 198 198 
9606.ENSP00000353331 9606.ENSP00000416523 0 0 0 0 69 0 146 171 
9606.ENSP00000353331 9606.ENSP00000033079 0 0 0 0 0 0 290 290 
9606.ENSP00000353331 9606.ENSP00000281537 0 0 0 0 81 0 229 261 
9606.ENSP00000353331 9606.ENSP00000265459 0 0 0 62 0 0 515 526 
9606.ENSP00000353331 9606.ENSP00000386126 0 0 0 0 0 0 263 263 
9606.ENSP00000353331 9606.ENSP00000366828 0 0 0 0 0 0 151 151 
9606.ENSP00000353331 9606.ENSP00000369513 0 0 0 0 0 0 209 209 
9606.ENSP00000353331 9606.ENSP00000370485 0 0 0 0 100 0 529 557 
9606.ENSP00000353331 9606.ENSP00000451998 0 0 0 0 69 0 219 242 
9606.ENSP00000353331 9606.ENSP00000417273 0 0 0 0 87 0 161 201 
9606.ENSP00000353331 9606.ENSP00000293894 0 0 0 0 0 0 308 308 
9606.ENSP00000353331 9606.ENSP00000275815 0 0 0 0 85 0 271 305 
9606.ENSP00000353331 9606.ENSP00000258243 0 0 0 0 0 0 190 190 
9606.ENSP00000353331 9606.ENSP00000484804 0 0 0 0 0 0 188 188 
9606.ENSP00000353331 9606.ENSP00000460964 0 0 0 0 0 0 324 324 
9606.ENSP00000353331 9606.ENSP00000267202 0 0 0 0 179 0 0 179 
9606.ENSP00000353331 9606.ENSP00000352626 0 0 0 0 0 0 218 218 
9606.ENSP00000353331 9606.ENSP00000221891 0 0 0 88 85 0 464 514 
9606.ENSP00000353331 9606.ENSP00000265361 0 0 0 0 69 0 147 172 
9606.ENSP00000353331 9606.ENSP00000353013 0 0 0 0 0 0 163 163 
9606.ENSP00000353331 9606.ENSP00000306881 0 0 0 0 0 0 154 154 
9606.ENSP00000353331 9606.ENSP00000266058 0 0 0 61 84 0 290 336 
9606.ENSP00000353331 9606.ENSP00000465620 0 0 0 0 0 0 445 445 
9606.ENSP00000353331 9606.ENSP00000290552 0 0 0 0 0 0 151 151 
9606.ENSP00000353331 9606.ENSP00000364691 0 0 0 54 0 0 300 310 
9606.ENSP00000353331 9606.ENSP00000352882 0 0 0 0 80 0 246 276 
9606.ENSP00000353331 9606.ENSP00000302251 0 0 0 59 0 0 224 238 
9606.ENSP00000353331 9606.ENSP00000297267 0 0 0 52 170 0 56 192 
9606.ENSP00000353331 9606.ENSP00000317128 0 0 0 0 80 0 144 178 
9606.ENSP00000353331 9606.ENSP00000324534 0 0 0 0 0 0 162 162 
9606.ENSP00000353331 9606.ENSP00000317580 0 0 0 0 0 0 252 252 
9606.ENSP00000353331 9606.ENSP00000477829 0 0 0 0 72 0 195 221 
9606.ENSP00000353331 9606.ENSP00000328118 0 0 0 0 0 0 189 189 
9606.ENSP00000353331 9606.ENSP00000359211 0 0 0 0 0 0 424 424 
9606.ENSP00000353331 9606.ENSP00000404100 0 0 0 0 0 0 171 171 
9606.ENSP00000353331 9606.ENSP00000290401 0 0 0 51 185 0 41 193 
9606.ENSP00000353331 9606.ENSP00000292907 0 0 0 0 126 0 324 384 
9606.ENSP00000353331 9606.ENSP00000264718 0 0 0 0 0 0 215 215 
9606.ENSP00000353331 9606.ENSP00000379500 0 0 0 0 185 0 0 185 
9606.ENSP00000353331 9606.ENSP00000444645 0 0 0 61 50 0 143 168 
9606.ENSP00000353331 9606.ENSP00000221265 0 0 0 57 0 0 174 188 
9606.ENSP00000353331 9606.ENSP00000386195 0 0 0 0 0 0 167 167 
9606.ENSP00000353331 9606.ENSP00000303212 0 0 0 0 69 0 151 176 
9606.ENSP00000353331 9606.ENSP00000319623 0 0 0 52 170 0 47 185 
9606.ENSP00000353331 9606.ENSP00000380153 0 0 0 0 0 0 153 153 
9606.ENSP00000353331 9606.ENSP00000265431 0 0 0 0 55 0 225 236 
9606.ENSP00000353331 9606.ENSP00000371936 0 0 0 0 69 0 149 174 
9606.ENSP00000353331 9606.ENSP00000417710 0 0 0 61 0 0 157 175 
9606.ENSP00000353331 9606.ENSP00000380109 0 0 0 0 99 0 483 514 
9606.ENSP00000353331 9606.ENSP00000328478 0 0 0 0 0 0 564 564 
9606.ENSP00000353331 9606.ENSP00000261918 0 0 0 0 69 0 163 188 
9606.ENSP00000353331 9606.ENSP00000284110 0 0 0 0 0 0 189 189 
9606.ENSP00000353331 9606.ENSP00000277120 0 0 0 0 165 0 50 172 
9606.ENSP00000353331 9606.ENSP00000354207 0 0 0 0 165 0 63 184 
9606.ENSP00000353331 9606.ENSP00000293441 0 0 0 0 159 0 108 217 
9606.ENSP00000353331 9606.ENSP00000299340 0 0 0 0 0 0 458 458 
9606.ENSP00000353331 9606.ENSP00000365272 0 0 0 0 168 0 264 361 
9606.ENSP00000353331 9606.ENSP00000358696 0 0 0 0 80 0 280 309 
9606.ENSP00000353331 9606.ENSP00000357268 0 0 0 0 69 0 152 177 
9606.ENSP00000353331 9606.ENSP00000346151 0 0 0 0 70 0 148 173 
9606.ENSP00000353331 9606.ENSP00000221859 0 0 0 0 0 0 421 421 
9606.ENSP00000353331 9606.ENSP00000280333 0 0 0 0 0 0 159 159 
9606.ENSP00000353331 9606.ENSP00000417901 0 0 0 0 0 0 245 245 
9606.ENSP00000353331 9606.ENSP00000434045 0 0 0 0 0 0 248 248 
9606.ENSP00000353331 9606.ENSP00000215368 0 0 0 0 0 0 200 200 
9606.ENSP00000353331 9606.ENSP00000338844 0 0 0 0 0 0 163 163 
9606.ENSP00000353331 9606.ENSP00000338532 0 0 0 0 0 0 211 211 
9606.ENSP00000353331 9606.ENSP00000334441 0 0 0 0 0 0 582 582 
9606.ENSP00000353331 9606.ENSP00000480763 0 0 0 61 85 0 655 678 
9606.ENSP00000353331 9606.ENSP00000291294 0 0 0 0 0 0 186 186 
9606.ENSP00000353331 9606.ENSP00000384570 0 0 0 0 167 0 0 167 
9606.ENSP00000353331 9606.ENSP00000337443 0 0 0 0 0 0 473 473 
9606.ENSP00000353331 9606.ENSP00000425093 0 0 0 0 84 0 139 178 
9606.ENSP00000353331 9606.ENSP00000332293 0 0 0 0 0 0 237 237 
9606.ENSP00000353331 9606.ENSP00000377789 0 0 0 0 0 0 226 226 
9606.ENSP00000353331 9606.ENSP00000354581 0 0 0 0 0 0 226 226 
9606.ENSP00000353331 9606.ENSP00000256474 0 0 0 0 183 0 0 183 
9606.ENSP00000353331 9606.ENSP00000263934 0 0 0 0 0 0 177 177 
9606.ENSP00000353331 9606.ENSP00000360120 0 0 0 0 165 0 0 165 
9606.ENSP00000353331 9606.ENSP00000368165 0 0 0 0 0 0 366 366 
9606.ENSP00000353331 9606.ENSP00000362186 0 0 0 0 79 0 156 190 
9606.ENSP00000353331 9606.ENSP00000483333 0 0 0 0 0 0 589 589 
9606.ENSP00000353331 9606.ENSP00000366565 0 0 0 0 177 0 0 177 
9606.ENSP00000353331 9606.ENSP00000278780 0 0 0 0 0 0 182 182 
9606.ENSP00000353331 9606.ENSP00000441802 0 0 0 0 79 0 149 183 
9606.ENSP00000353331 9606.ENSP00000451828 0 0 0 53 85 0 103 154 
9606.ENSP00000353331 9606.ENSP00000265362 0 0 0 0 69 0 425 442 
9606.ENSP00000353331 9606.ENSP00000357909 0 0 0 0 69 0 199 223 
9606.ENSP00000353331 9606.ENSP00000324302 0 0 0 0 0 0 167 167 
9606.ENSP00000353331 9606.ENSP00000392318 0 0 0 0 0 0 261 261 
9606.ENSP00000353331 9606.ENSP00000458715 0 0 0 0 167 0 0 167 
9606.ENSP00000353331 9606.ENSP00000001146 0 0 0 0 0 0 151 151 
9606.ENSP00000353331 9606.ENSP00000299162 0 0 0 61 0 0 246 262 
9606.ENSP00000353331 9606.ENSP00000293662 0 0 0 0 64 0 151 171 
9606.ENSP00000353331 9606.ENSP00000376345 0 0 0 0 0 0 539 539 
9606.ENSP00000353331 9606.ENSP00000356143 0 0 0 61 64 0 142 180 
9606.ENSP00000353331 9606.ENSP00000353732 0 0 0 50 0 0 481 486 
9606.ENSP00000353331 9606.ENSP00000331040 0 0 0 61 0 0 133 151 
9606.ENSP00000353331 9606.ENSP00000322339 0 0 0 0 0 0 253 253 
9606.ENSP00000353331 9606.ENSP00000383392 0 0 0 0 0 0 165 165 
9606.ENSP00000353331 9606.ENSP00000249363 0 0 0 0 64 0 144 164 
9606.ENSP00000353331 9606.ENSP00000375892 0 0 0 53 85 0 226 271 
9606.ENSP00000353331 9606.ENSP00000263160 0 0 0 49 0 0 178 185 
9606.ENSP00000353331 9606.ENSP00000367032 0 0 0 0 0 0 231 231 
9606.ENSP00000353331 9606.ENSP00000400258 0 0 0 0 0 0 390 390 
9606.ENSP00000353331 9606.ENSP00000376024 0 0 0 0 165 0 0 165 
9606.ENSP00000353331 9606.ENSP00000309430 0 0 0 0 196 0 0 196 
9606.ENSP00000353331 9606.ENSP00000293973 0 0 0 0 156 0 50 163 
9606.ENSP00000353331 9606.ENSP00000363763 0 0 0 0 85 0 133 173 
9606.ENSP00000353331 9606.ENSP00000453307 0 0 0 0 0 0 409 409 
9606.ENSP00000353331 9606.ENSP00000341198 0 0 0 52 170 0 53 190 
9606.ENSP00000353331 9606.ENSP00000368881 0 0 0 0 0 0 509 509 
9606.ENSP00000353331 9606.ENSP00000261211 0 0 0 0 0 0 186 186 
9606.ENSP00000353331 9606.ENSP00000333769 0 0 0 51 185 0 0 193 
9606.ENSP00000353331 9606.ENSP00000386357 0 0 0 61 64 0 160 197 
9606.ENSP00000353331 9606.ENSP00000252699 0 0 0 0 130 0 283 349 
9606.ENSP00000353331 9606.ENSP00000339824 0 0 0 0 79 0 134 168 
9606.ENSP00000353331 9606.ENSP00000324769 0 0 0 0 0 0 538 538 
9606.ENSP00000353331 9606.ENSP00000402608 0 0 0 0 209 0 0 209 
9606.ENSP00000353331 9606.ENSP00000332164 0 0 0 0 84 0 211 247 
9606.ENSP00000353331 9606.ENSP00000352414 0 0 0 0 0 0 167 167 
9606.ENSP00000353331 9606.ENSP00000435466 0 0 0 0 0 0 152 152 
9606.ENSP00000353331 9606.ENSP00000265881 0 0 0 0 0 0 458 458 
9606.ENSP00000353331 9606.ENSP00000263025 0 0 0 0 237 0 0 237 
9606.ENSP00000353331 9606.ENSP00000377061 0 0 0 0 80 0 407 431 
9606.ENSP00000353331 9606.ENSP00000305244 0 0 0 0 0 0 256 256 
9606.ENSP00000353331 9606.ENSP00000222644 0 0 0 0 97 0 133 183 
9606.ENSP00000353331 9606.ENSP00000333568 0 0 0 0 0 0 400 400 
9606.ENSP00000353331 9606.ENSP00000344831 0 0 0 0 0 0 161 161 
9606.ENSP00000353331 9606.ENSP00000297261 0 0 0 0 0 0 163 163 
9606.ENSP00000353331 9606.ENSP00000265371 0 0 0 0 0 0 426 426 
9606.ENSP00000353331 9606.ENSP00000428182 0 0 0 0 97 0 281 323 
9606.ENSP00000353331 9606.ENSP00000274711 0 0 0 0 64 0 330 346 
9606.ENSP00000353331 9606.ENSP00000246553 0 0 0 0 0 0 193 193 
9606.ENSP00000353331 9606.ENSP00000357637 0 0 0 60 0 0 245 259 
9606.ENSP00000353331 9606.ENSP00000332454 0 0 0 0 156 0 0 156 
9606.ENSP00000353331 9606.ENSP00000340913 0 0 0 0 0 0 225 225 
9606.ENSP00000353331 9606.ENSP00000245121 0 0 0 0 0 0 153 153 
9606.ENSP00000353331 9606.ENSP00000035383 0 0 0 0 64 0 266 283 
9606.ENSP00000353331 9606.ENSP00000234739 0 0 0 0 0 0 379 379 
9606.ENSP00000353331 9606.ENSP00000246533 0 0 0 0 0 0 347 347 
9606.ENSP00000353331 9606.ENSP00000387739 0 0 0 0 0 0 154 154 
9606.ENSP00000353331 9606.ENSP00000357707 0 0 0 0 0 0 320 320 
9606.ENSP00000353331 9606.ENSP00000379880 0 0 0 0 84 0 450 475 
9606.ENSP00000353331 9606.ENSP00000446278 0 0 0 0 64 0 136 156 
9606.ENSP00000353331 9606.ENSP00000344996 0 0 0 0 0 0 246 246 
9606.ENSP00000353331 9606.ENSP00000356530 0 0 0 0 156 0 0 156 
9606.ENSP00000353331 9606.ENSP00000253727 0 0 0 0 0 0 246 246 
9606.ENSP00000353331 9606.ENSP00000310337 0 0 0 0 0 0 156 156 
9606.ENSP00000353331 9606.ENSP00000453793 0 0 0 0 0 0 173 173 
9606.ENSP00000353331 9606.ENSP00000295057 0 0 0 0 64 0 146 166 
9606.ENSP00000353331 9606.ENSP00000310856 0 0 0 0 0 0 250 250 
9606.ENSP00000353331 9606.ENSP00000454264 0 0 0 0 193 0 0 193 
9606.ENSP00000353331 9606.ENSP00000479844 0 0 0 0 0 0 187 187 
9606.ENSP00000353331 9606.ENSP00000382071 0 0 0 0 0 0 332 332 
9606.ENSP00000353331 9606.ENSP00000467290 0 0 0 0 69 0 163 188 
9606.ENSP00000353331 9606.ENSP00000394720 0 0 0 0 69 0 162 187 
9606.ENSP00000353331 9606.ENSP00000274063 0 0 0 0 0 0 207 207 
9606.ENSP00000353331 9606.ENSP00000366797 0 0 0 0 0 0 195 195 
9606.ENSP00000353331 9606.ENSP00000341032 0 0 0 60 0 0 265 279 
9606.ENSP00000353331 9606.ENSP00000310275 0 0 0 0 123 0 105 182 
9606.ENSP00000353331 9606.ENSP00000398655 0 0 0 0 85 0 715 728 
9606.ENSP00000353331 9606.ENSP00000373937 0 0 0 52 170 0 56 192 
9606.ENSP00000353331 9606.ENSP00000306844 0 0 0 0 69 0 162 187 
9606.ENSP00000353331 9606.ENSP00000336866 0 0 0 0 0 0 155 155 
9606.ENSP00000353331 9606.ENSP00000376921 0 0 0 0 156 0 77 188 
9606.ENSP00000353331 9606.ENSP00000436376 0 0 0 0 0 0 357 357 
9606.ENSP00000353331 9606.ENSP00000252655 0 0 0 0 261 0 0 261 
9606.ENSP00000353331 9606.ENSP00000261800 0 0 0 0 79 0 174 207 
9606.ENSP00000353331 9606.ENSP00000328777 0 0 0 0 0 0 530 530 
9606.ENSP00000353331 9606.ENSP00000256343 0 0 0 0 0 0 178 178 
9606.ENSP00000353331 9606.ENSP00000359085 0 0 0 0 156 0 97 205 
9606.ENSP00000353331 9606.ENSP00000332500 0 0 0 0 0 0 167 167 
9606.ENSP00000353331 9606.ENSP00000266744 0 0 0 0 0 0 211 211 
9606.ENSP00000353331 9606.ENSP00000278198 0 0 0 0 64 0 244 262 
9606.ENSP00000353331 9606.ENSP00000304060 0 0 0 0 0 0 202 202 
9606.ENSP00000353331 9606.ENSP00000388241 0 0 0 0 0 0 197 197 
9606.ENSP00000353331 9606.ENSP00000321797 0 0 0 0 0 0 163 163 
9606.ENSP00000353331 9606.ENSP00000363480 0 0 0 0 168 0 158 270 
9606.ENSP00000353331 9606.ENSP00000384823 0 0 0 0 177 0 0 177 
9606.ENSP00000353331 9606.ENSP00000367001 0 0 0 0 0 0 347 347 
9606.ENSP00000353331 9606.ENSP00000263826 0 0 0 53 85 0 103 154 
9606.ENSP00000353331 9606.ENSP00000479811 0 0 0 61 0 0 164 182 
9606.ENSP00000353331 9606.ENSP00000353582 0 0 0 0 0 0 384 384 
9606.ENSP00000353331 9606.ENSP00000392500 0 0 0 0 100 0 583 608 
9606.ENSP00000353331 9606.ENSP00000361467 0 0 0 0 167 0 0 167 
9606.ENSP00000353331 9606.ENSP00000295206 0 0 0 52 0 0 189 198 
9606.ENSP00000353331 9606.ENSP00000257414 0 0 0 0 69 0 160 185 
9606.ENSP00000353331 9606.ENSP00000252597 0 0 0 0 156 0 50 163 
9606.ENSP00000353331 9606.ENSP00000377771 0 0 0 0 73 0 169 197 
9606.ENSP00000353331 9606.ENSP00000414378 0 0 0 0 0 0 150 150 
9606.ENSP00000353331 9606.ENSP00000221485 0 0 0 61 0 0 202 218 
9606.ENSP00000353331 9606.ENSP00000351591 0 0 0 0 100 0 517 546 
