9606.ENSP00000369238 9606.ENSP00000424176 0 0 0 0 156 0 65 177 
9606.ENSP00000369238 9606.ENSP00000478320 0 0 0 169 0 0 0 169 
9606.ENSP00000369238 9606.ENSP00000448054 0 0 0 42 189 0 0 189 
9606.ENSP00000369238 9606.ENSP00000478589 0 0 0 0 0 0 400 400 
9606.ENSP00000369238 9606.ENSP00000474385 0 0 0 56 0 0 186 198 
9606.ENSP00000369238 9606.ENSP00000429089 0 0 0 61 0 0 132 150 
9606.ENSP00000369238 9606.ENSP00000367139 0 0 0 175 0 0 0 175 
9606.ENSP00000369238 9606.ENSP00000350815 0 0 0 0 0 0 201 201 
9606.ENSP00000369238 9606.ENSP00000359077 0 0 0 0 0 0 169 169 
9606.ENSP00000369238 9606.ENSP00000291934 0 0 0 61 0 0 378 391 
9606.ENSP00000369238 9606.ENSP00000479326 0 0 0 61 0 0 447 458 
9606.ENSP00000369238 9606.ENSP00000293303 0 0 0 61 0 0 297 312 
9606.ENSP00000369238 9606.ENSP00000405708 0 0 0 0 0 0 544 544 
9606.ENSP00000369238 9606.ENSP00000441953 0 0 0 154 0 0 0 154 
9606.ENSP00000369238 9606.ENSP00000293379 0 0 0 0 189 0 52 198 
9606.ENSP00000369238 9606.ENSP00000326652 0 0 0 62 0 0 193 211 
9606.ENSP00000369238 9606.ENSP00000311665 0 0 0 65 189 0 0 210 
9606.ENSP00000369238 9606.ENSP00000482228 0 0 0 0 0 0 469 469 
9606.ENSP00000369238 9606.ENSP00000435300 0 0 0 213 0 0 0 213 
9606.ENSP00000369238 9606.ENSP00000253255 0 0 0 0 0 0 269 269 
9606.ENSP00000369238 9606.ENSP00000380352 0 0 0 0 0 0 414 414 
9606.ENSP00000369238 9606.ENSP00000476499 0 0 0 151 0 0 0 151 
9606.ENSP00000369238 9606.ENSP00000300954 0 0 0 0 0 0 278 278 
9606.ENSP00000369238 9606.ENSP00000386186 0 0 0 175 0 0 0 175 
9606.ENSP00000369238 9606.ENSP00000272321 0 0 0 298 0 0 0 298 
9606.ENSP00000369238 9606.ENSP00000360500 0 0 0 64 0 0 389 403 
9606.ENSP00000369238 9606.ENSP00000385143 0 0 0 0 0 0 213 213 
9606.ENSP00000369238 9606.ENSP00000468040 0 0 0 0 155 0 0 155 
9606.ENSP00000369238 9606.ENSP00000361929 0 0 0 0 0 0 167 167 
9606.ENSP00000369238 9606.ENSP00000303077 0 0 0 0 0 0 440 440 
9606.ENSP00000369238 9606.ENSP00000274181 0 0 0 63 92 0 97 164 
9606.ENSP00000369238 9606.ENSP00000358035 0 0 0 0 157 0 127 233 
9606.ENSP00000369238 9606.ENSP00000432561 0 0 0 140 0 0 55 152 
9606.ENSP00000369238 9606.ENSP00000373948 0 0 0 213 0 0 0 213 
9606.ENSP00000369238 9606.ENSP00000349612 0 0 0 64 0 0 408 422 
9606.ENSP00000369238 9606.ENSP00000367942 0 0 0 0 0 0 221 221 
9606.ENSP00000369238 9606.ENSP00000362304 0 0 0 0 92 0 120 167 
9606.ENSP00000369238 9606.ENSP00000476948 0 0 0 402 0 0 0 402 
9606.ENSP00000369238 9606.ENSP00000357597 0 0 0 61 0 0 339 353 
9606.ENSP00000369238 9606.ENSP00000325508 0 0 0 0 0 0 378 378 
9606.ENSP00000369238 9606.ENSP00000478310 0 0 0 0 0 0 162 162 
9606.ENSP00000369238 9606.ENSP00000307134 0 0 0 62 0 0 204 221 
9606.ENSP00000369238 9606.ENSP00000425961 0 0 0 56 0 0 137 151 
9606.ENSP00000369238 9606.ENSP00000305465 0 0 0 63 75 0 173 220 
9606.ENSP00000369238 9606.ENSP00000265132 0 0 0 0 155 0 0 155 
9606.ENSP00000369238 9606.ENSP00000410466 0 0 0 0 0 0 169 169 
9606.ENSP00000369238 9606.ENSP00000345849 0 0 0 62 0 0 206 224 
9606.ENSP00000369238 9606.ENSP00000390630 0 0 0 61 0 0 473 483 
9606.ENSP00000369238 9606.ENSP00000297767 0 0 0 62 0 0 257 273 
9606.ENSP00000369238 9606.ENSP00000370443 0 0 0 0 157 0 90 200 
9606.ENSP00000369238 9606.ENSP00000351446 0 0 0 42 189 0 0 189 
9606.ENSP00000369238 9606.ENSP00000426174 0 0 0 181 0 0 0 181 
9606.ENSP00000369238 9606.ENSP00000294064 0 0 0 0 0 0 203 203 
9606.ENSP00000369238 9606.ENSP00000293879 0 0 0 57 189 0 59 217 
9606.ENSP00000369238 9606.ENSP00000357238 0 0 0 61 0 0 498 508 
9606.ENSP00000369238 9606.ENSP00000264377 0 0 0 0 0 0 156 156 
9606.ENSP00000369238 9606.ENSP00000358512 0 0 0 323 0 0 0 323 
9606.ENSP00000369238 9606.ENSP00000382628 0 0 0 0 0 0 202 202 
9606.ENSP00000369238 9606.ENSP00000287322 0 0 0 0 0 0 319 319 
9606.ENSP00000369238 9606.ENSP00000326491 0 0 0 65 0 0 139 160 
9606.ENSP00000369238 9606.ENSP00000259605 0 0 0 62 0 0 183 201 
9606.ENSP00000369238 9606.ENSP00000313243 0 0 0 64 0 0 612 621 
9606.ENSP00000369238 9606.ENSP00000261681 0 0 0 0 161 0 0 161 
9606.ENSP00000369238 9606.ENSP00000334003 0 0 0 336 0 0 0 336 
9606.ENSP00000369238 9606.ENSP00000445418 0 0 0 0 0 0 193 193 
9606.ENSP00000369238 9606.ENSP00000311343 0 0 0 42 189 0 0 189 
9606.ENSP00000369238 9606.ENSP00000345395 0 0 0 0 157 0 86 196 
9606.ENSP00000369238 9606.ENSP00000362111 0 0 0 0 0 0 310 310 
9606.ENSP00000369238 9606.ENSP00000334128 0 0 0 69 291 0 0 311 
9606.ENSP00000369238 9606.ENSP00000371333 0 0 0 214 0 0 0 214 
9606.ENSP00000369238 9606.ENSP00000333551 0 0 0 0 0 0 457 457 
9606.ENSP00000369238 9606.ENSP00000236979 0 0 0 64 0 0 249 267 
9606.ENSP00000369238 9606.ENSP00000361735 0 0 0 0 155 0 0 155 
9606.ENSP00000369238 9606.ENSP00000431800 0 0 0 0 0 0 220 220 
9606.ENSP00000369238 9606.ENSP00000217428 0 0 0 0 155 0 0 155 
9606.ENSP00000369238 9606.ENSP00000279058 0 0 0 62 156 0 0 174 
9606.ENSP00000369238 9606.ENSP00000361855 0 0 0 46 0 0 398 401 
9606.ENSP00000369238 9606.ENSP00000482482 0 0 0 328 0 0 0 328 
9606.ENSP00000369238 9606.ENSP00000362751 0 0 0 0 0 0 314 314 
9606.ENSP00000369238 9606.ENSP00000348129 0 0 0 62 189 0 0 206 
9606.ENSP00000369238 9606.ENSP00000280377 0 0 0 0 0 0 229 229 
9606.ENSP00000369238 9606.ENSP00000265727 0 0 0 0 0 0 168 168 
9606.ENSP00000369238 9606.ENSP00000346478 0 0 0 0 92 0 134 180 
9606.ENSP00000369238 9606.ENSP00000313983 0 0 0 61 0 0 281 296 
9606.ENSP00000369238 9606.ENSP00000387278 0 0 0 0 161 0 0 161 
9606.ENSP00000369238 9606.ENSP00000265707 0 0 0 110 0 0 105 170 
9606.ENSP00000369238 9606.ENSP00000359630 0 0 0 0 0 0 268 268 
9606.ENSP00000369238 9606.ENSP00000222543 0 0 0 0 155 0 0 155 
9606.ENSP00000369238 9606.ENSP00000481045 0 0 0 62 0 0 337 352 
9606.ENSP00000369238 9606.ENSP00000363970 0 0 0 0 0 0 183 183 
9606.ENSP00000369238 9606.ENSP00000385885 0 0 0 61 0 0 241 256 
9606.ENSP00000369238 9606.ENSP00000380308 0 0 0 0 0 0 325 325 
9606.ENSP00000369238 9606.ENSP00000407763 0 0 0 299 0 0 0 299 
9606.ENSP00000369238 9606.ENSP00000296513 0 0 0 64 0 0 332 348 
9606.ENSP00000369238 9606.ENSP00000355890 0 0 0 61 0 0 156 173 
9606.ENSP00000369238 9606.ENSP00000362465 0 0 0 158 0 0 0 158 
9606.ENSP00000369238 9606.ENSP00000391950 0 0 0 166 0 0 0 166 
9606.ENSP00000369238 9606.ENSP00000408002 0 0 0 0 0 0 311 311 
9606.ENSP00000369238 9606.ENSP00000357591 0 0 0 151 0 0 0 151 
9606.ENSP00000369238 9606.ENSP00000342098 0 0 0 0 155 0 0 155 
9606.ENSP00000369238 9606.ENSP00000333539 0 0 0 392 0 0 0 392 
9606.ENSP00000369238 9606.ENSP00000366673 0 0 0 175 0 0 0 175 
9606.ENSP00000369238 9606.ENSP00000421405 0 0 0 62 0 0 159 177 
9606.ENSP00000369238 9606.ENSP00000309161 0 0 0 212 0 0 0 212 
9606.ENSP00000369238 9606.ENSP00000335017 0 0 0 61 0 0 236 251 
9606.ENSP00000369238 9606.ENSP00000339449 0 0 0 42 189 0 0 189 
9606.ENSP00000369238 9606.ENSP00000367408 0 0 0 0 161 0 0 161 
9606.ENSP00000369238 9606.ENSP00000274376 0 0 0 0 87 0 115 157 
9606.ENSP00000369238 9606.ENSP00000256389 0 0 0 56 0 0 172 185 
9606.ENSP00000369238 9606.ENSP00000363799 0 0 0 61 0 0 329 342 
9606.ENSP00000369238 9606.ENSP00000220531 0 0 0 185 0 0 0 185 
9606.ENSP00000369238 9606.ENSP00000416050 0 0 0 0 0 0 540 540 
9606.ENSP00000369238 9606.ENSP00000353717 0 0 0 227 0 0 0 227 
9606.ENSP00000369238 9606.ENSP00000233156 0 0 0 98 156 0 0 206 
9606.ENSP00000369238 9606.ENSP00000359866 0 0 0 0 0 0 178 178 
9606.ENSP00000369238 9606.ENSP00000260408 0 0 0 50 0 0 186 194 
9606.ENSP00000369238 9606.ENSP00000293405 0 0 0 90 0 0 672 689 
9606.ENSP00000369238 9606.ENSP00000395733 0 0 0 0 0 0 227 227 
9606.ENSP00000369238 9606.ENSP00000365550 0 0 0 61 0 0 343 357 
9606.ENSP00000369238 9606.ENSP00000483386 0 0 0 61 0 0 348 361 
9606.ENSP00000369238 9606.ENSP00000175238 0 0 0 62 0 0 221 238 
9606.ENSP00000369238 9606.ENSP00000260363 0 0 0 63 0 0 220 238 
9606.ENSP00000369238 9606.ENSP00000296575 0 0 0 0 155 0 0 155 
9606.ENSP00000369238 9606.ENSP00000334952 0 0 0 0 0 0 246 246 
9606.ENSP00000369238 9606.ENSP00000300182 0 0 0 0 0 0 243 243 
9606.ENSP00000369238 9606.ENSP00000264316 0 0 0 0 0 0 256 256 
9606.ENSP00000369238 9606.ENSP00000474246 0 0 0 63 0 0 715 721 
9606.ENSP00000369238 9606.ENSP00000331342 0 0 0 0 0 0 189 189 
9606.ENSP00000369238 9606.ENSP00000382770 0 0 0 61 0 0 194 210 
9606.ENSP00000369238 9606.ENSP00000361867 0 0 0 46 0 0 321 324 
9606.ENSP00000369238 9606.ENSP00000483312 0 0 0 61 189 0 0 205 
9606.ENSP00000369238 9606.ENSP00000392553 0 0 0 0 0 0 440 440 
9606.ENSP00000369238 9606.ENSP00000404432 0 0 0 0 0 0 410 410 
9606.ENSP00000369238 9606.ENSP00000320092 0 0 0 62 65 0 110 152 
9606.ENSP00000369238 9606.ENSP00000301244 0 0 0 0 155 0 0 155 
9606.ENSP00000369238 9606.ENSP00000295201 0 0 0 61 0 0 180 197 
9606.ENSP00000369238 9606.ENSP00000344579 0 0 0 63 0 0 456 468 
9606.ENSP00000369238 9606.ENSP00000350364 0 0 0 88 0 0 135 177 
9606.ENSP00000369238 9606.ENSP00000369371 0 0 0 0 0 0 175 175 
9606.ENSP00000369238 9606.ENSP00000404381 0 0 0 0 50 0 362 368 
9606.ENSP00000369238 9606.ENSP00000422533 0 0 0 62 0 0 256 272 
9606.ENSP00000369238 9606.ENSP00000263734 0 0 0 0 0 0 249 249 
9606.ENSP00000369238 9606.ENSP00000321703 0 0 0 0 0 0 341 341 
9606.ENSP00000369238 9606.ENSP00000356774 0 0 0 42 189 0 0 189 
9606.ENSP00000369238 9606.ENSP00000305919 0 0 0 97 0 0 478 508 
9606.ENSP00000369238 9606.ENSP00000366945 0 0 0 0 0 0 432 432 
9606.ENSP00000369238 9606.ENSP00000262394 0 0 0 42 189 0 0 189 
9606.ENSP00000369238 9606.ENSP00000333657 0 0 0 80 0 0 221 253 
9606.ENSP00000369238 9606.ENSP00000257527 0 0 0 0 0 0 154 154 
9606.ENSP00000369238 9606.ENSP00000302938 0 0 0 0 155 0 0 155 
9606.ENSP00000369238 9606.ENSP00000309036 0 0 0 0 0 0 159 159 
9606.ENSP00000369238 9606.ENSP00000337451 0 0 0 61 0 0 163 181 
9606.ENSP00000369238 9606.ENSP00000485357 0 0 0 0 175 0 0 175 
9606.ENSP00000369238 9606.ENSP00000441831 0 0 0 0 0 0 190 190 
9606.ENSP00000369238 9606.ENSP00000382783 0 0 0 0 292 0 0 292 
9606.ENSP00000369238 9606.ENSP00000429633 0 0 0 0 0 0 281 281 
9606.ENSP00000369238 9606.ENSP00000339813 0 0 0 0 0 0 203 203 
9606.ENSP00000369238 9606.ENSP00000357552 0 0 0 282 0 0 0 282 
9606.ENSP00000369238 9606.ENSP00000340896 0 0 0 0 0 0 167 167 
9606.ENSP00000369238 9606.ENSP00000475915 0 0 0 104 0 0 92 151 
9606.ENSP00000369238 9606.ENSP00000386541 0 0 0 0 0 0 256 256 
9606.ENSP00000369238 9606.ENSP00000249079 0 0 0 0 0 0 418 418 
9606.ENSP00000369238 9606.ENSP00000378326 0 0 0 0 0 0 169 169 
9606.ENSP00000369238 9606.ENSP00000337907 0 0 0 0 161 0 0 161 
9606.ENSP00000369238 9606.ENSP00000334611 0 0 0 0 0 0 380 380 
9606.ENSP00000369238 9606.ENSP00000332325 0 0 0 0 0 0 250 250 
9606.ENSP00000369238 9606.ENSP00000288065 0 0 0 62 0 0 403 417 
9606.ENSP00000369238 9606.ENSP00000398105 0 0 0 0 0 0 196 196 
9606.ENSP00000369238 9606.ENSP00000310551 0 0 0 123 136 0 0 209 
9606.ENSP00000369238 9606.ENSP00000324831 0 0 0 0 0 0 153 153 
9606.ENSP00000369238 9606.ENSP00000328118 0 0 0 127 0 0 72 155 
9606.ENSP00000369238 9606.ENSP00000348639 0 0 0 0 0 0 424 424 
9606.ENSP00000369238 9606.ENSP00000362463 0 0 0 0 0 0 497 497 
9606.ENSP00000369238 9606.ENSP00000369921 0 0 0 0 157 0 86 196 
9606.ENSP00000369238 9606.ENSP00000344403 0 0 0 250 0 0 0 250 
9606.ENSP00000369238 9606.ENSP00000484862 0 0 0 83 0 0 207 242 
9606.ENSP00000369238 9606.ENSP00000381089 0 0 0 215 0 0 0 215 
9606.ENSP00000369238 9606.ENSP00000416289 0 0 0 42 189 0 0 189 
9606.ENSP00000369238 9606.ENSP00000293328 0 0 0 0 187 0 0 187 
9606.ENSP00000369238 9606.ENSP00000368876 0 0 0 151 0 0 0 151 
9606.ENSP00000369238 9606.ENSP00000221498 0 0 0 0 0 0 175 175 
9606.ENSP00000369238 9606.ENSP00000351732 0 0 0 98 0 0 97 150 
9606.ENSP00000369238 9606.ENSP00000339155 0 0 0 63 0 0 413 427 
9606.ENSP00000369238 9606.ENSP00000302936 0 0 0 0 0 0 288 288 
9606.ENSP00000369238 9606.ENSP00000347484 0 0 0 0 157 0 193 290 
9606.ENSP00000369238 9606.ENSP00000274532 0 0 0 0 0 0 159 159 
9606.ENSP00000369238 9606.ENSP00000383737 0 0 0 85 0 0 354 383 
9606.ENSP00000369238 9606.ENSP00000361667 0 0 0 0 0 0 183 183 
9606.ENSP00000369238 9606.ENSP00000477949 0 0 0 0 0 0 415 415 
9606.ENSP00000369238 9606.ENSP00000309649 0 0 0 151 0 0 0 151 
9606.ENSP00000369238 9606.ENSP00000386444 0 0 0 153 0 0 0 153 
9606.ENSP00000369238 9606.ENSP00000337804 0 0 0 62 0 0 504 515 
9606.ENSP00000369238 9606.ENSP00000354504 0 0 0 337 0 0 0 337 
9606.ENSP00000369238 9606.ENSP00000200557 0 0 0 0 0 0 210 210 
9606.ENSP00000369238 9606.ENSP00000346809 0 0 0 62 0 0 165 183 
9606.ENSP00000369238 9606.ENSP00000393154 0 0 0 261 0 0 0 261 
9606.ENSP00000369238 9606.ENSP00000476145 0 0 0 338 0 0 0 338 
9606.ENSP00000369238 9606.ENSP00000329093 0 0 0 146 0 0 57 160 
9606.ENSP00000369238 9606.ENSP00000358965 0 0 0 0 0 0 219 219 
9606.ENSP00000369238 9606.ENSP00000233146 0 0 0 61 0 0 138 156 
9606.ENSP00000369238 9606.ENSP00000371180 0 0 0 77 0 0 157 189 
9606.ENSP00000369238 9606.ENSP00000379669 0 0 0 207 0 0 0 207 
9606.ENSP00000369238 9606.ENSP00000478396 0 0 0 0 0 0 286 286 
9606.ENSP00000369238 9606.ENSP00000415556 0 0 0 42 189 0 0 189 
9606.ENSP00000369238 9606.ENSP00000222286 0 0 0 0 0 0 162 162 
9606.ENSP00000369238 9606.ENSP00000406367 0 0 0 0 0 0 243 243 
9606.ENSP00000369238 9606.ENSP00000478492 0 0 0 214 0 0 0 214 
9606.ENSP00000369238 9606.ENSP00000419446 0 0 0 0 141 0 107 200 
9606.ENSP00000369238 9606.ENSP00000330381 0 0 0 42 189 0 0 189 
9606.ENSP00000369238 9606.ENSP00000350856 0 0 0 0 0 0 473 473 
9606.ENSP00000369238 9606.ENSP00000449884 0 0 0 70 0 0 322 343 
9606.ENSP00000369238 9606.ENSP00000317595 0 0 0 0 0 0 169 169 
9606.ENSP00000369238 9606.ENSP00000361755 0 0 0 0 155 0 0 155 
9606.ENSP00000369238 9606.ENSP00000342576 0 0 0 151 0 0 0 151 
9606.ENSP00000369238 9606.ENSP00000358407 0 0 0 51 0 0 223 231 
9606.ENSP00000369238 9606.ENSP00000369291 0 0 0 62 0 0 482 494 
9606.ENSP00000369238 9606.ENSP00000356070 0 1 0 0 0 0 152 152 
9606.ENSP00000369238 9606.ENSP00000405165 0 0 0 0 0 0 311 311 
9606.ENSP00000369238 9606.ENSP00000418221 0 0 0 0 0 0 201 201 
9606.ENSP00000369238 9606.ENSP00000455854 0 0 0 64 0 0 269 286 
9606.ENSP00000369238 9606.ENSP00000306651 0 0 0 0 0 0 165 165 
9606.ENSP00000369238 9606.ENSP00000417711 0 0 0 0 0 0 240 240 
9606.ENSP00000369238 9606.ENSP00000460971 0 0 0 0 0 0 215 215 
9606.ENSP00000369238 9606.ENSP00000308708 0 0 0 61 0 0 353 366 
9606.ENSP00000369238 9606.ENSP00000392879 0 0 0 61 0 0 235 250 
9606.ENSP00000369238 9606.ENSP00000311184 0 0 0 0 156 0 0 156 
9606.ENSP00000369238 9606.ENSP00000291536 0 0 0 0 0 0 225 225 
9606.ENSP00000369238 9606.ENSP00000245543 0 0 0 0 0 0 221 221 
9606.ENSP00000369238 9606.ENSP00000326238 0 0 0 64 0 0 201 220 
9606.ENSP00000369238 9606.ENSP00000338276 0 0 0 0 0 0 338 338 
9606.ENSP00000369238 9606.ENSP00000453089 0 0 0 42 189 0 0 189 
9606.ENSP00000369238 9606.ENSP00000401513 0 0 0 63 0 0 135 155 
9606.ENSP00000369238 9606.ENSP00000409131 0 0 0 42 189 0 0 189 
9606.ENSP00000369238 9606.ENSP00000319009 0 0 0 292 0 0 0 292 
9606.ENSP00000369238 9606.ENSP00000288943 0 0 0 61 0 0 225 241 
9606.ENSP00000369238 9606.ENSP00000378288 0 0 0 306 0 0 0 306 
9606.ENSP00000369238 9606.ENSP00000334072 0 0 0 336 0 0 0 336 
9606.ENSP00000369238 9606.ENSP00000268231 0 0 0 64 0 0 308 325 
9606.ENSP00000369238 9606.ENSP00000424501 0 0 0 239 0 0 0 239 
9606.ENSP00000369238 9606.ENSP00000264444 0 0 0 0 0 0 204 204 
9606.ENSP00000369238 9606.ENSP00000307959 0 0 0 0 0 0 377 377 
9606.ENSP00000369238 9606.ENSP00000376297 0 0 0 0 0 0 216 216 
9606.ENSP00000369238 9606.ENSP00000478874 0 0 0 53 0 0 499 506 
9606.ENSP00000369238 9606.ENSP00000381425 0 0 0 0 161 0 0 161 
9606.ENSP00000369238 9606.ENSP00000333024 0 0 0 62 0 0 152 171 
9606.ENSP00000369238 9606.ENSP00000295736 0 0 0 0 0 0 245 245 
9606.ENSP00000369238 9606.ENSP00000365919 0 0 0 42 189 0 0 189 
9606.ENSP00000369238 9606.ENSP00000324769 0 0 0 0 0 0 150 150 
9606.ENSP00000369238 9606.ENSP00000338814 0 0 0 0 0 0 257 257 
9606.ENSP00000369238 9606.ENSP00000295095 0 0 0 76 0 0 173 203 
9606.ENSP00000369238 9606.ENSP00000431926 0 0 0 42 189 0 0 189 
9606.ENSP00000369238 9606.ENSP00000308770 0 0 0 210 0 0 64 228 
9606.ENSP00000369238 9606.ENSP00000349781 0 0 0 282 0 0 0 282 
9606.ENSP00000369238 9606.ENSP00000269881 0 0 0 0 126 0 103 182 
9606.ENSP00000369238 9606.ENSP00000307519 0 0 0 0 0 0 427 427 
9606.ENSP00000369238 9606.ENSP00000424243 0 0 0 137 84 0 0 175 
9606.ENSP00000369238 9606.ENSP00000367658 0 0 0 62 0 0 391 404 
9606.ENSP00000369238 9606.ENSP00000327608 0 0 0 0 92 0 108 155 
9606.ENSP00000369238 9606.ENSP00000483897 0 0 0 0 0 0 154 154 
9606.ENSP00000369238 9606.ENSP00000368439 0 0 0 55 0 0 161 173 
9606.ENSP00000369238 9606.ENSP00000222644 0 0 0 0 161 0 0 161 
9606.ENSP00000369238 9606.ENSP00000381177 0 0 0 68 0 0 211 233 
9606.ENSP00000369238 9606.ENSP00000465589 0 0 0 63 0 0 323 338 
9606.ENSP00000369238 9606.ENSP00000360181 0 0 0 0 0 0 270 270 
9606.ENSP00000369238 9606.ENSP00000266086 0 0 0 0 0 0 205 205 
9606.ENSP00000369238 9606.ENSP00000356000 0 0 0 0 121 0 82 158 
9606.ENSP00000369238 9606.ENSP00000261497 0 0 0 0 0 0 240 240 
9606.ENSP00000369238 9606.ENSP00000428182 0 0 0 0 161 0 0 161 
9606.ENSP00000369238 9606.ENSP00000263388 0 0 0 0 174 0 0 174 
9606.ENSP00000369238 9606.ENSP00000282611 0 0 0 62 0 0 245 262 
9606.ENSP00000369238 9606.ENSP00000361547 0 0 0 0 0 0 311 311 
9606.ENSP00000369238 9606.ENSP00000453302 0 0 0 0 0 0 186 186 
9606.ENSP00000369238 9606.ENSP00000379880 0 0 0 0 0 0 294 294 
9606.ENSP00000369238 9606.ENSP00000264463 0 0 0 0 0 0 232 232 
9606.ENSP00000369238 9606.ENSP00000276440 0 0 0 0 0 0 529 529 
9606.ENSP00000369238 9606.ENSP00000359600 0 0 0 151 0 0 0 151 
9606.ENSP00000369238 9606.ENSP00000349436 0 0 0 0 0 0 168 168 
9606.ENSP00000369238 9606.ENSP00000454014 0 0 0 183 0 0 0 183 
9606.ENSP00000369238 9606.ENSP00000369611 0 0 0 63 0 0 165 184 
9606.ENSP00000369238 9606.ENSP00000256261 0 0 0 61 0 0 187 203 
9606.ENSP00000369238 9606.ENSP00000264735 0 0 0 0 0 0 279 279 
9606.ENSP00000369238 9606.ENSP00000354691 0 0 0 151 0 0 0 151 
9606.ENSP00000369238 9606.ENSP00000417061 0 0 0 62 0 0 412 424 
9606.ENSP00000369238 9606.ENSP00000339280 0 0 0 152 0 0 0 152 
9606.ENSP00000369238 9606.ENSP00000263645 0 0 0 0 0 0 157 157 
9606.ENSP00000369238 9606.ENSP00000373277 0 0 0 60 0 0 138 155 
9606.ENSP00000369238 9606.ENSP00000344729 0 0 0 0 0 0 250 250 
9606.ENSP00000369238 9606.ENSP00000310596 0 0 0 0 0 0 302 302 
9606.ENSP00000369238 9606.ENSP00000312224 0 0 0 0 0 0 163 163 
9606.ENSP00000369238 9606.ENSP00000312774 0 0 0 0 0 0 290 290 
9606.ENSP00000369238 9606.ENSP00000383044 0 0 0 0 0 0 254 254 
9606.ENSP00000369238 9606.ENSP00000350266 0 0 0 0 0 0 535 535 
9606.ENSP00000369238 9606.ENSP00000244314 0 0 0 0 0 0 264 264 
9606.ENSP00000369238 9606.ENSP00000309968 0 0 0 50 0 0 169 177 
9606.ENSP00000369238 9606.ENSP00000265029 0 0 0 0 0 0 345 345 
9606.ENSP00000369238 9606.ENSP00000237201 0 0 0 62 0 0 159 177 
9606.ENSP00000369238 9606.ENSP00000386277 0 0 0 0 0 0 221 221 
9606.ENSP00000369238 9606.ENSP00000328169 0 0 0 0 216 0 0 216 
9606.ENSP00000369238 9606.ENSP00000281453 0 0 0 0 0 0 215 215 
9606.ENSP00000369238 9606.ENSP00000354109 0 0 0 62 0 0 166 185 
9606.ENSP00000369238 9606.ENSP00000394078 0 0 0 151 0 0 0 151 
9606.ENSP00000369238 9606.ENSP00000324763 0 0 0 0 156 0 0 156 
9606.ENSP00000369238 9606.ENSP00000333725 0 0 0 212 0 0 0 212 
9606.ENSP00000369238 9606.ENSP00000365210 0 0 0 50 0 0 226 233 
9606.ENSP00000369238 9606.ENSP00000361845 0 0 0 0 0 0 242 242 
9606.ENSP00000369238 9606.ENSP00000363019 0 0 0 0 0 0 264 264 
9606.ENSP00000369238 9606.ENSP00000335384 0 0 0 0 0 0 282 282 
9606.ENSP00000369238 9606.ENSP00000280020 0 0 0 339 0 0 0 339 
9606.ENSP00000369238 9606.ENSP00000278949 0 0 0 0 0 0 489 489 
9606.ENSP00000369238 9606.ENSP00000356133 0 0 0 0 0 0 161 161 
9606.ENSP00000369238 9606.ENSP00000377549 0 0 0 0 0 0 406 406 
9606.ENSP00000369238 9606.ENSP00000276461 0 0 0 0 0 0 348 348 
9606.ENSP00000369238 9606.ENSP00000007699 0 0 0 0 0 0 229 229 
9606.ENSP00000369238 9606.ENSP00000457408 0 0 0 0 0 0 454 454 
9606.ENSP00000369238 9606.ENSP00000378712 0 0 0 0 0 0 588 588 
9606.ENSP00000369238 9606.ENSP00000361746 0 0 0 139 156 0 0 242 
9606.ENSP00000369238 9606.ENSP00000369820 0 0 0 0 0 0 203 203 
9606.ENSP00000369238 9606.ENSP00000220751 0 0 0 0 0 0 159 159 
9606.ENSP00000369238 9606.ENSP00000480750 0 0 0 0 0 0 362 362 
9606.ENSP00000369238 9606.ENSP00000359799 0 0 0 0 50 0 261 268 
9606.ENSP00000369238 9606.ENSP00000327950 0 0 0 0 0 0 426 426 
9606.ENSP00000369238 9606.ENSP00000259782 0 0 0 0 0 0 517 517 
9606.ENSP00000369238 9606.ENSP00000357065 0 0 0 0 0 0 173 173 
9606.ENSP00000369238 9606.ENSP00000348912 0 0 0 0 0 0 163 163 
9606.ENSP00000369238 9606.ENSP00000266505 0 0 0 62 0 0 460 472 
9606.ENSP00000369238 9606.ENSP00000358547 0 0 0 0 161 0 0 161 
9606.ENSP00000369238 9606.ENSP00000338030 0 0 0 0 0 0 150 150 
9606.ENSP00000369238 9606.ENSP00000284984 0 0 0 0 217 0 0 217 
9606.ENSP00000369238 9606.ENSP00000264065 0 0 0 86 77 0 89 164 
9606.ENSP00000369238 9606.ENSP00000261058 0 0 0 62 0 0 450 462 
9606.ENSP00000369238 9606.ENSP00000305714 0 0 0 0 0 0 203 203 
9606.ENSP00000369238 9606.ENSP00000286744 0 0 0 335 92 0 85 399 
9606.ENSP00000369238 9606.ENSP00000361915 0 0 0 0 0 0 201 201 
9606.ENSP00000369238 9606.ENSP00000265769 0 0 0 0 0 0 181 181 
9606.ENSP00000369238 9606.ENSP00000417063 0 0 0 153 0 0 0 153 
9606.ENSP00000369238 9606.ENSP00000409937 0 0 0 61 0 0 449 461 
9606.ENSP00000369238 9606.ENSP00000459580 0 0 0 0 0 0 322 322 
