9606.ENSP00000358853 9606.ENSP00000331086 0 0 0 0 0 0 426 426 
9606.ENSP00000358853 9606.ENSP00000393379 0 0 0 69 0 0 176 200 
9606.ENSP00000358853 9606.ENSP00000381699 0 0 0 49 0 0 330 335 
9606.ENSP00000358853 9606.ENSP00000354919 0 0 0 0 0 0 355 355 
9606.ENSP00000358853 9606.ENSP00000344219 0 0 0 65 0 0 329 345 
9606.ENSP00000358853 9606.ENSP00000317971 0 0 0 0 0 0 282 282 
9606.ENSP00000358853 9606.ENSP00000268793 0 0 0 0 0 0 163 163 
9606.ENSP00000358853 9606.ENSP00000329403 0 0 0 69 0 0 234 257 
9606.ENSP00000358853 9606.ENSP00000423313 0 0 0 0 0 0 280 280 
9606.ENSP00000358853 9606.ENSP00000358458 0 0 0 0 0 0 224 224 
9606.ENSP00000358853 9606.ENSP00000302297 0 0 0 65 0 0 133 154 
9606.ENSP00000358853 9606.ENSP00000366402 0 0 0 0 0 0 420 420 
9606.ENSP00000358853 9606.ENSP00000378058 0 0 0 0 0 0 180 180 
9606.ENSP00000358853 9606.ENSP00000307701 0 0 0 0 0 0 263 263 
9606.ENSP00000358853 9606.ENSP00000361524 0 0 0 0 0 0 171 171 
9606.ENSP00000358853 9606.ENSP00000347244 0 0 0 0 0 0 226 226 
9606.ENSP00000358853 9606.ENSP00000302770 0 0 0 0 55 0 268 278 
9606.ENSP00000358853 9606.ENSP00000363419 0 0 0 0 0 0 450 450 
9606.ENSP00000358853 9606.ENSP00000328875 0 0 0 0 0 0 195 195 
9606.ENSP00000358853 9606.ENSP00000263095 0 0 0 0 55 0 142 154 
9606.ENSP00000358853 9606.ENSP00000343242 0 0 0 0 0 0 237 237 
9606.ENSP00000358853 9606.ENSP00000379256 0 0 0 0 0 0 242 242 
9606.ENSP00000358853 9606.ENSP00000361160 0 0 0 0 0 0 198 198 
9606.ENSP00000358853 9606.ENSP00000481762 0 0 0 0 0 0 233 233 
9606.ENSP00000358853 9606.ENSP00000373648 0 0 0 0 0 0 266 266 
9606.ENSP00000358853 9606.ENSP00000253812 0 0 0 0 0 0 161 161 
9606.ENSP00000358853 9606.ENSP00000393762 0 0 0 62 0 0 146 165 
9606.ENSP00000358853 9606.ENSP00000327255 0 0 0 0 0 0 175 175 
9606.ENSP00000358853 9606.ENSP00000369314 0 0 0 0 0 0 211 211 
9606.ENSP00000358853 9606.ENSP00000352642 0 0 0 0 0 0 208 208 
9606.ENSP00000358853 9606.ENSP00000357597 0 0 0 0 0 0 284 284 
9606.ENSP00000358853 9606.ENSP00000315931 0 0 0 61 0 0 211 227 
9606.ENSP00000358853 9606.ENSP00000383059 0 0 0 0 0 0 302 302 
9606.ENSP00000358853 9606.ENSP00000314709 0 0 0 0 0 0 193 193 
9606.ENSP00000358853 9606.ENSP00000363641 0 0 0 0 51 0 371 378 
9606.ENSP00000358853 9606.ENSP00000324204 0 0 0 69 0 0 355 373 
9606.ENSP00000358853 9606.ENSP00000281513 0 0 0 0 0 0 297 297 
9606.ENSP00000358853 9606.ENSP00000473370 0 0 0 0 0 0 374 374 
9606.ENSP00000358853 9606.ENSP00000262032 0 0 0 0 55 0 205 216 
9606.ENSP00000358853 9606.ENSP00000376071 0 0 0 0 0 0 185 185 
9606.ENSP00000358853 9606.ENSP00000221086 0 0 0 0 0 0 245 245 
9606.ENSP00000358853 9606.ENSP00000245046 0 0 0 0 0 0 201 201 
9606.ENSP00000358853 9606.ENSP00000376686 0 0 0 65 0 0 472 485 
9606.ENSP00000358853 9606.ENSP00000354822 0 0 0 0 0 0 189 189 
9606.ENSP00000358853 9606.ENSP00000414721 0 0 0 0 0 0 174 174 
9606.ENSP00000358853 9606.ENSP00000362485 0 0 0 0 0 0 229 229 
9606.ENSP00000358853 9606.ENSP00000347852 0 0 0 65 0 0 184 204 
9606.ENSP00000358853 9606.ENSP00000222482 0 0 0 55 0 0 161 173 
9606.ENSP00000358853 9606.ENSP00000432660 0 0 0 62 0 0 153 171 
9606.ENSP00000358853 9606.ENSP00000331462 0 0 0 0 0 0 373 373 
9606.ENSP00000358853 9606.ENSP00000341737 0 0 0 55 0 0 155 167 
9606.ENSP00000358853 9606.ENSP00000265843 0 0 0 0 0 0 270 270 
9606.ENSP00000358853 9606.ENSP00000296046 0 0 0 55 0 0 166 178 
9606.ENSP00000358853 9606.ENSP00000257776 0 0 0 69 0 0 127 152 
9606.ENSP00000358853 9606.ENSP00000322804 0 0 0 0 0 0 176 176 
9606.ENSP00000358853 9606.ENSP00000397679 0 0 0 0 0 0 267 267 
9606.ENSP00000358853 9606.ENSP00000379051 0 0 0 0 0 0 250 250 
9606.ENSP00000358853 9606.ENSP00000381928 0 0 0 0 0 0 164 164 
9606.ENSP00000358853 9606.ENSP00000360425 0 0 0 77 0 0 129 161 
9606.ENSP00000358853 9606.ENSP00000357402 0 0 0 69 0 0 295 315 
9606.ENSP00000358853 9606.ENSP00000377055 0 0 0 0 0 0 187 187 
9606.ENSP00000358853 9606.ENSP00000270792 0 0 0 63 0 0 134 154 
9606.ENSP00000358853 9606.ENSP00000426296 0 0 0 0 0 0 203 203 
9606.ENSP00000358853 9606.ENSP00000295228 0 0 0 0 0 0 150 150 
9606.ENSP00000358853 9606.ENSP00000309126 0 0 0 0 0 0 224 224 
9606.ENSP00000358853 9606.ENSP00000282908 0 0 0 0 0 0 379 379 
9606.ENSP00000358853 9606.ENSP00000325546 0 0 0 0 55 0 151 163 
9606.ENSP00000358853 9606.ENSP00000438553 0 0 0 0 0 0 158 158 
9606.ENSP00000358853 9606.ENSP00000371594 0 0 0 0 0 0 235 235 
9606.ENSP00000358853 9606.ENSP00000336729 0 0 0 0 0 0 256 256 
9606.ENSP00000358853 9606.ENSP00000453872 0 0 0 0 0 0 181 181 
9606.ENSP00000358853 9606.ENSP00000280979 0 0 0 0 0 0 190 190 
9606.ENSP00000358853 9606.ENSP00000442521 0 0 0 71 0 0 190 215 
9606.ENSP00000358853 9606.ENSP00000384126 0 0 0 0 0 0 186 186 
9606.ENSP00000358853 9606.ENSP00000427772 0 0 0 0 0 0 212 212 
9606.ENSP00000358853 9606.ENSP00000402154 0 0 0 0 0 0 179 179 
9606.ENSP00000358853 9606.ENSP00000361027 0 0 0 66 0 0 145 167 
9606.ENSP00000358853 9606.ENSP00000356243 0 0 0 0 0 0 183 183 
9606.ENSP00000358853 9606.ENSP00000313759 0 0 0 0 0 0 217 217 
9606.ENSP00000358853 9606.ENSP00000370503 0 0 0 0 0 0 265 265 
9606.ENSP00000358853 9606.ENSP00000244496 0 297 0 0 0 0 0 297 
9606.ENSP00000358853 9606.ENSP00000306330 0 0 0 62 52 0 157 185 
9606.ENSP00000358853 9606.ENSP00000414856 0 0 0 97 0 0 111 163 
9606.ENSP00000358853 9606.ENSP00000412869 0 0 0 0 55 0 164 176 
9606.ENSP00000358853 9606.ENSP00000355920 0 0 0 0 0 0 152 152 
9606.ENSP00000358853 9606.ENSP00000407726 0 0 0 0 0 0 265 265 
9606.ENSP00000358853 9606.ENSP00000321703 0 0 0 0 0 0 194 194 
9606.ENSP00000358853 9606.ENSP00000354583 0 0 0 76 0 0 355 378 
9606.ENSP00000358853 9606.ENSP00000363506 0 0 0 0 0 0 284 284 
9606.ENSP00000358853 9606.ENSP00000382163 0 0 0 0 0 0 175 175 
9606.ENSP00000358853 9606.ENSP00000319914 0 0 0 0 0 0 273 273 
9606.ENSP00000358853 9606.ENSP00000321259 0 0 0 0 153 0 0 153 
9606.ENSP00000358853 9606.ENSP00000243673 0 0 0 0 0 0 169 169 
9606.ENSP00000358853 9606.ENSP00000347872 0 0 0 0 0 0 355 355 
9606.ENSP00000358853 9606.ENSP00000351926 0 0 0 0 0 0 254 254 
9606.ENSP00000358853 9606.ENSP00000428209 0 0 0 0 0 0 173 173 
9606.ENSP00000358853 9606.ENSP00000327436 0 0 0 0 0 0 175 175 
9606.ENSP00000358853 9606.ENSP00000261402 0 0 0 69 0 0 186 210 
9606.ENSP00000358853 9606.ENSP00000268638 0 0 0 61 0 0 306 321 
9606.ENSP00000358853 9606.ENSP00000481249 0 0 0 0 0 0 159 159 
9606.ENSP00000358853 9606.ENSP00000269834 0 0 0 0 55 0 144 156 
9606.ENSP00000358853 9606.ENSP00000361143 0 0 0 0 0 0 213 213 
9606.ENSP00000358853 9606.ENSP00000360966 0 0 0 0 0 0 211 211 
9606.ENSP00000358853 9606.ENSP00000269445 0 0 0 0 163 0 0 163 
9606.ENSP00000358853 9606.ENSP00000484715 0 0 0 0 0 0 166 166 
9606.ENSP00000358853 9606.ENSP00000358956 0 0 0 0 0 0 317 317 
9606.ENSP00000358853 9606.ENSP00000356529 0 0 0 0 0 0 165 165 
9606.ENSP00000358853 9606.ENSP00000259351 0 0 0 0 0 0 177 177 
9606.ENSP00000358853 9606.ENSP00000464162 0 0 0 0 0 0 401 401 
9606.ENSP00000358853 9606.ENSP00000284031 0 0 0 75 0 0 147 177 
9606.ENSP00000358853 9606.ENSP00000395249 0 0 0 0 0 0 411 411 
9606.ENSP00000358853 9606.ENSP00000303584 0 0 0 0 0 0 225 225 
9606.ENSP00000358853 9606.ENSP00000478061 0 0 0 61 0 0 141 159 
9606.ENSP00000358853 9606.ENSP00000284486 0 0 0 0 0 0 266 266 
9606.ENSP00000358853 9606.ENSP00000361813 0 0 0 63 0 0 177 196 
9606.ENSP00000358853 9606.ENSP00000263655 0 0 0 0 0 0 173 173 
9606.ENSP00000358853 9606.ENSP00000369042 0 0 0 0 0 0 169 169 
9606.ENSP00000358853 9606.ENSP00000262746 0 0 0 0 386 0 0 386 
9606.ENSP00000358853 9606.ENSP00000335677 0 0 0 0 0 0 167 167 
9606.ENSP00000358853 9606.ENSP00000291565 0 0 0 0 0 0 282 282 
9606.ENSP00000358853 9606.ENSP00000354891 0 0 0 0 0 0 212 212 
9606.ENSP00000358853 9606.ENSP00000357660 0 0 0 0 0 0 349 349 
9606.ENSP00000358853 9606.ENSP00000413625 0 0 0 0 0 0 196 196 
9606.ENSP00000358853 9606.ENSP00000351008 0 0 0 0 0 0 474 474 
9606.ENSP00000358853 9606.ENSP00000424226 0 0 0 0 0 0 152 152 
9606.ENSP00000358853 9606.ENSP00000384006 0 0 0 0 0 0 156 156 
9606.ENSP00000358853 9606.ENSP00000275034 0 0 0 0 0 0 309 309 
9606.ENSP00000358853 9606.ENSP00000231173 0 0 0 0 0 0 164 164 
9606.ENSP00000358853 9606.ENSP00000384719 0 0 0 63 0 0 168 187 
9606.ENSP00000358853 9606.ENSP00000367991 0 0 0 63 0 0 225 242 
9606.ENSP00000358853 9606.ENSP00000383226 0 0 0 0 0 0 163 163 
9606.ENSP00000358853 9606.ENSP00000360268 0 0 0 0 0 0 356 356 
9606.ENSP00000358853 9606.ENSP00000347665 0 0 0 0 0 0 173 173 
9606.ENSP00000358853 9606.ENSP00000410603 0 0 0 65 0 0 346 363 
9606.ENSP00000358853 9606.ENSP00000348984 0 0 0 0 0 0 204 204 
9606.ENSP00000358853 9606.ENSP00000362103 0 0 0 0 0 0 179 179 
9606.ENSP00000358853 9606.ENSP00000295025 0 0 0 0 0 0 212 212 
9606.ENSP00000358853 9606.ENSP00000318351 0 0 0 0 0 0 266 266 
9606.ENSP00000358853 9606.ENSP00000281243 0 0 0 0 0 0 332 332 
9606.ENSP00000358853 9606.ENSP00000381436 0 0 0 54 0 0 288 297 
9606.ENSP00000358853 9606.ENSP00000435289 0 0 0 0 0 0 266 266 
9606.ENSP00000358853 9606.ENSP00000390762 0 0 0 0 0 0 186 186 
9606.ENSP00000358853 9606.ENSP00000422431 0 0 0 0 0 0 286 286 
9606.ENSP00000358853 9606.ENSP00000321987 0 0 0 0 0 0 150 150 
9606.ENSP00000358853 9606.ENSP00000370125 0 0 0 0 0 0 207 207 
9606.ENSP00000358853 9606.ENSP00000482613 0 0 0 0 0 0 398 398 
9606.ENSP00000358853 9606.ENSP00000330753 0 0 0 0 0 0 264 264 
9606.ENSP00000358853 9606.ENSP00000482245 0 0 0 60 0 0 153 170 
9606.ENSP00000358853 9606.ENSP00000339524 0 0 0 0 0 0 209 209 
9606.ENSP00000358853 9606.ENSP00000357055 0 0 0 0 0 0 150 150 
9606.ENSP00000358853 9606.ENSP00000376652 0 0 0 0 0 0 213 213 
9606.ENSP00000358853 9606.ENSP00000299259 0 0 0 62 0 0 291 306 
9606.ENSP00000358853 9606.ENSP00000427866 0 0 0 76 0 0 243 271 
9606.ENSP00000358853 9606.ENSP00000239938 0 0 0 0 55 0 141 154 
9606.ENSP00000358853 9606.ENSP00000376123 0 0 0 0 0 0 248 248 
9606.ENSP00000358853 9606.ENSP00000358831 0 0 0 80 0 0 406 431 
9606.ENSP00000358853 9606.ENSP00000339613 0 0 0 0 0 0 203 203 
9606.ENSP00000358853 9606.ENSP00000263245 0 0 0 0 0 0 163 163 
9606.ENSP00000358853 9606.ENSP00000406925 0 0 0 0 0 0 319 319 
9606.ENSP00000358853 9606.ENSP00000262593 0 0 0 0 0 0 263 263 
9606.ENSP00000358853 9606.ENSP00000281938 0 0 0 66 0 0 151 173 
9606.ENSP00000358853 9606.ENSP00000364008 0 0 0 0 0 0 368 368 
9606.ENSP00000358853 9606.ENSP00000416707 0 0 0 0 0 0 301 301 
9606.ENSP00000358853 9606.ENSP00000327716 0 0 0 0 0 0 216 216 
9606.ENSP00000358853 9606.ENSP00000357633 0 0 0 0 0 0 192 192 
9606.ENSP00000358853 9606.ENSP00000363019 0 0 0 0 386 0 0 386 
9606.ENSP00000358853 9606.ENSP00000269439 0 0 0 0 0 0 416 416 
9606.ENSP00000358853 9606.ENSP00000340914 0 0 0 0 0 0 236 236 
9606.ENSP00000358853 9606.ENSP00000364140 0 0 0 0 0 0 173 173 
9606.ENSP00000358853 9606.ENSP00000221166 0 0 0 69 0 0 146 170 
9606.ENSP00000358853 9606.ENSP00000376800 0 0 0 64 0 0 173 192 
9606.ENSP00000358853 9606.ENSP00000356105 0 0 0 0 0 0 214 214 
9606.ENSP00000358853 9606.ENSP00000329915 0 0 0 0 0 0 305 305 
9606.ENSP00000358853 9606.ENSP00000301599 0 0 0 0 0 0 327 327 
9606.ENSP00000358853 9606.ENSP00000378492 0 0 0 0 0 0 162 162 
9606.ENSP00000358853 9606.ENSP00000365807 0 0 0 0 0 0 213 213 
