9606.ENSP00000330269 9606.ENSP00000401445 0 0 0 62 160 0 43 180 
9606.ENSP00000330269 9606.ENSP00000232564 0 0 0 61 167 0 57 197 
9606.ENSP00000330269 9606.ENSP00000319464 0 0 0 0 63 0 196 214 
9606.ENSP00000330269 9606.ENSP00000414886 0 0 0 120 78 0 0 153 
9606.ENSP00000330269 9606.ENSP00000296506 0 0 0 84 0 0 147 186 
9606.ENSP00000330269 9606.ENSP00000382791 0 0 0 87 157 0 0 197 
9606.ENSP00000330269 9606.ENSP00000398481 0 0 0 76 0 0 167 197 
9606.ENSP00000330269 9606.ENSP00000302297 0 0 0 207 0 0 0 207 
9606.ENSP00000330269 9606.ENSP00000378699 0 0 0 53 157 0 50 175 
9606.ENSP00000330269 9606.ENSP00000387694 0 0 0 167 0 0 0 167 
9606.ENSP00000330269 9606.ENSP00000303452 0 0 0 0 0 0 150 150 
9606.ENSP00000330269 9606.ENSP00000334051 0 0 0 63 123 0 57 157 
9606.ENSP00000330269 9606.ENSP00000406986 0 0 0 214 0 0 0 214 
9606.ENSP00000330269 9606.ENSP00000357494 0 0 0 62 160 0 43 180 
9606.ENSP00000330269 9606.ENSP00000295987 0 0 0 203 0 0 0 203 
9606.ENSP00000330269 9606.ENSP00000330862 0 0 0 214 58 0 0 227 
9606.ENSP00000330269 9606.ENSP00000363571 0 0 0 62 160 0 43 180 
9606.ENSP00000330269 9606.ENSP00000315383 0 0 0 0 0 0 165 165 
9606.ENSP00000330269 9606.ENSP00000310649 0 0 0 100 86 0 54 153 
9606.ENSP00000330269 9606.ENSP00000380602 0 0 0 76 250 0 0 277 
9606.ENSP00000330269 9606.ENSP00000271332 0 0 0 0 152 0 54 163 
9606.ENSP00000330269 9606.ENSP00000435300 0 0 0 0 151 0 0 151 
9606.ENSP00000330269 9606.ENSP00000403459 0 0 0 0 261 0 0 261 
9606.ENSP00000330269 9606.ENSP00000477455 0 0 0 130 157 0 54 245 
9606.ENSP00000330269 9606.ENSP00000365503 0 0 0 194 0 0 0 194 
9606.ENSP00000330269 9606.ENSP00000355187 0 0 0 135 63 0 0 154 
9606.ENSP00000330269 9606.ENSP00000215659 0 0 0 57 260 0 63 289 
9606.ENSP00000330269 9606.ENSP00000231021 0 0 0 63 152 0 0 171 
9606.ENSP00000330269 9606.ENSP00000343899 0 0 0 0 85 0 155 193 
9606.ENSP00000330269 9606.ENSP00000377862 0 0 0 0 151 0 0 151 
9606.ENSP00000330269 9606.ENSP00000418754 0 0 0 62 181 0 50 206 
9606.ENSP00000330269 9606.ENSP00000358335 0 0 0 62 160 0 43 180 
9606.ENSP00000330269 9606.ENSP00000344819 0 0 0 136 0 0 59 152 
9606.ENSP00000330269 9606.ENSP00000440185 0 0 0 158 0 0 235 329 
9606.ENSP00000330269 9606.ENSP00000264972 0 0 0 62 160 0 43 180 
9606.ENSP00000330269 9606.ENSP00000450730 0 0 0 62 160 0 43 180 
9606.ENSP00000330269 9606.ENSP00000381605 0 0 0 0 151 0 0 151 
9606.ENSP00000330269 9606.ENSP00000281092 0 0 0 62 160 0 43 180 
9606.ENSP00000330269 9606.ENSP00000316244 0 0 0 154 0 0 0 154 
9606.ENSP00000330269 9606.ENSP00000276659 0 0 0 169 0 0 0 169 
9606.ENSP00000330269 9606.ENSP00000381611 0 0 0 0 151 0 0 151 
9606.ENSP00000330269 9606.ENSP00000362680 0 0 0 62 160 0 43 180 
9606.ENSP00000330269 9606.ENSP00000307134 0 0 0 135 58 0 0 150 
9606.ENSP00000330269 9606.ENSP00000251643 0 0 0 0 0 0 212 212 
9606.ENSP00000330269 9606.ENSP00000353362 0 0 0 160 0 0 0 160 
9606.ENSP00000330269 9606.ENSP00000339726 0 0 0 207 0 0 0 207 
9606.ENSP00000330269 9606.ENSP00000384551 0 0 0 155 0 0 0 155 
9606.ENSP00000330269 9606.ENSP00000386104 0 0 0 110 0 0 180 239 
9606.ENSP00000330269 9606.ENSP00000265071 0 0 0 0 151 0 0 151 
9606.ENSP00000330269 9606.ENSP00000289269 0 0 0 77 152 0 0 183 
9606.ENSP00000330269 9606.ENSP00000231130 0 0 0 0 151 0 0 151 
9606.ENSP00000330269 9606.ENSP00000268720 0 0 0 0 0 0 156 156 
9606.ENSP00000330269 9606.ENSP00000464030 0 0 0 62 160 0 43 180 
9606.ENSP00000330269 9606.ENSP00000349677 0 0 0 153 0 0 0 153 
9606.ENSP00000330269 9606.ENSP00000027335 0 0 0 0 151 0 0 151 
9606.ENSP00000330269 9606.ENSP00000326244 0 0 0 183 0 0 0 183 
9606.ENSP00000330269 9606.ENSP00000396103 0 0 0 139 0 0 62 157 
9606.ENSP00000330269 9606.ENSP00000280904 0 0 0 0 151 0 0 151 
9606.ENSP00000330269 9606.ENSP00000339186 0 0 0 62 176 0 62 211 
9606.ENSP00000330269 9606.ENSP00000296452 0 0 0 139 0 0 68 163 
9606.ENSP00000330269 9606.ENSP00000200691 0 0 0 253 124 0 0 317 
9606.ENSP00000330269 9606.ENSP00000410732 0 0 0 213 0 0 0 213 
9606.ENSP00000330269 9606.ENSP00000406229 0 0 0 0 152 0 56 165 
9606.ENSP00000330269 9606.ENSP00000477314 0 0 0 0 151 0 0 151 
9606.ENSP00000330269 9606.ENSP00000264318 0 0 0 151 0 0 0 151 
9606.ENSP00000330269 9606.ENSP00000457810 0 0 0 0 0 0 243 243 
9606.ENSP00000330269 9606.ENSP00000384690 0 0 0 256 0 0 62 272 
9606.ENSP00000330269 9606.ENSP00000383212 0 0 0 96 0 0 132 182 
9606.ENSP00000330269 9606.ENSP00000262848 0 0 0 98 153 0 50 210 
9606.ENSP00000330269 9606.ENSP00000337691 0 0 0 57 260 0 63 289 
9606.ENSP00000330269 9606.ENSP00000311760 0 0 0 177 0 0 0 177 
9606.ENSP00000330269 9606.ENSP00000298910 0 0 0 63 267 0 56 295 
9606.ENSP00000330269 9606.ENSP00000471502 0 0 0 139 63 0 0 158 
9606.ENSP00000330269 9606.ENSP00000399485 0 0 0 275 0 0 0 275 
9606.ENSP00000330269 9606.ENSP00000305260 0 0 0 61 167 0 57 197 
9606.ENSP00000330269 9606.ENSP00000255008 0 0 0 173 0 0 0 173 
9606.ENSP00000330269 9606.ENSP00000354830 0 0 0 0 0 0 223 223 
9606.ENSP00000330269 9606.ENSP00000263233 0 0 0 141 79 0 62 193 
9606.ENSP00000330269 9606.ENSP00000302486 0 0 0 0 185 0 79 217 
9606.ENSP00000330269 9606.ENSP00000365411 0 0 0 0 261 0 0 261 
9606.ENSP00000330269 9606.ENSP00000269503 0 0 0 153 0 0 0 153 
9606.ENSP00000330269 9606.ENSP00000324806 0 0 0 62 160 0 43 180 
9606.ENSP00000330269 9606.ENSP00000219599 0 0 0 122 0 0 85 162 
9606.ENSP00000330269 9606.ENSP00000386653 0 0 0 0 152 0 50 159 
9606.ENSP00000330269 9606.ENSP00000451263 0 0 0 62 160 0 43 180 
9606.ENSP00000330269 9606.ENSP00000380517 0 0 0 0 151 0 0 151 
9606.ENSP00000330269 9606.ENSP00000440077 0 0 0 294 0 0 0 294 
9606.ENSP00000330269 9606.ENSP00000321951 0 0 0 224 0 0 65 243 
9606.ENSP00000330269 9606.ENSP00000306678 0 0 0 62 160 0 43 180 
9606.ENSP00000330269 9606.ENSP00000423665 0 0 0 53 157 0 50 175 
9606.ENSP00000330269 9606.ENSP00000412763 0 0 0 62 160 0 43 180 
9606.ENSP00000330269 9606.ENSP00000306490 0 0 0 213 0 0 0 213 
9606.ENSP00000330269 9606.ENSP00000370912 0 0 0 62 160 0 43 180 
9606.ENSP00000330269 9606.ENSP00000270310 0 0 0 159 0 0 0 159 
9606.ENSP00000330269 9606.ENSP00000320431 0 0 0 186 0 0 0 186 
9606.ENSP00000330269 9606.ENSP00000312942 0 0 0 150 0 0 0 150 
9606.ENSP00000330269 9606.ENSP00000290583 0 0 0 211 0 0 0 211 
9606.ENSP00000330269 9606.ENSP00000376306 0 0 0 62 160 0 44 180 
9606.ENSP00000330269 9606.ENSP00000291823 0 0 0 136 112 0 0 199 
9606.ENSP00000330269 9606.ENSP00000287641 0 0 0 111 0 0 226 282 
9606.ENSP00000330269 9606.ENSP00000444948 0 0 0 148 0 0 54 159 
9606.ENSP00000330269 9606.ENSP00000294964 0 0 0 62 160 0 43 180 
9606.ENSP00000330269 9606.ENSP00000380453 0 0 0 123 0 0 151 224 
9606.ENSP00000330269 9606.ENSP00000334122 0 0 0 129 70 0 0 155 
9606.ENSP00000330269 9606.ENSP00000380432 0 0 0 0 0 0 313 313 
9606.ENSP00000330269 9606.ENSP00000370719 0 0 0 0 128 0 115 195 
9606.ENSP00000330269 9606.ENSP00000355133 0 0 0 132 157 0 0 237 
9606.ENSP00000330269 9606.ENSP00000424565 0 0 0 0 151 0 0 151 
9606.ENSP00000330269 9606.ENSP00000284154 0 0 0 62 176 0 62 211 
9606.ENSP00000330269 9606.ENSP00000211287 0 0 0 57 260 0 63 289 
9606.ENSP00000330269 9606.ENSP00000381594 0 0 0 0 151 0 0 151 
9606.ENSP00000330269 9606.ENSP00000194155 0 0 0 0 151 0 0 151 
9606.ENSP00000330269 9606.ENSP00000264644 0 0 0 0 0 0 347 347 
9606.ENSP00000330269 9606.ENSP00000359285 0 0 0 175 0 0 0 175 
9606.ENSP00000330269 9606.ENSP00000295718 0 0 0 140 0 0 212 294 
9606.ENSP00000330269 9606.ENSP00000384092 0 0 0 0 0 0 274 274 
9606.ENSP00000330269 9606.ENSP00000328511 0 0 0 156 0 0 0 156 
9606.ENSP00000330269 9606.ENSP00000373244 0 0 0 112 0 0 127 192 
9606.ENSP00000330269 9606.ENSP00000064571 0 0 0 214 0 0 0 214 
9606.ENSP00000330269 9606.ENSP00000477141 0 0 0 154 0 0 0 154 
9606.ENSP00000330269 9606.ENSP00000428994 0 0 0 125 157 0 73 256 
9606.ENSP00000330269 9606.ENSP00000358309 0 0 0 87 160 0 43 202 
9606.ENSP00000330269 9606.ENSP00000222120 0 0 0 83 0 0 128 166 
9606.ENSP00000330269 9606.ENSP00000429273 0 0 0 0 151 0 0 151 
9606.ENSP00000330269 9606.ENSP00000351905 0 0 0 62 160 0 43 180 
9606.ENSP00000330269 9606.ENSP00000231484 0 0 0 0 151 0 0 151 
9606.ENSP00000330269 9606.ENSP00000362139 0 0 0 62 160 0 43 180 
9606.ENSP00000330269 9606.ENSP00000344115 0 0 0 0 151 0 0 151 
9606.ENSP00000330269 9606.ENSP00000257863 0 0 0 62 160 0 43 180 
9606.ENSP00000330269 9606.ENSP00000306918 0 0 0 96 152 0 0 200 
9606.ENSP00000330269 9606.ENSP00000239444 0 0 0 0 151 0 0 151 
9606.ENSP00000330269 9606.ENSP00000166244 0 0 0 96 160 0 43 210 
9606.ENSP00000330269 9606.ENSP00000225823 0 0 0 185 0 0 0 185 
9606.ENSP00000330269 9606.ENSP00000368710 0 0 0 0 0 0 198 198 
9606.ENSP00000330269 9606.ENSP00000295226 0 0 0 0 0 0 267 267 
9606.ENSP00000330269 9606.ENSP00000262995 0 0 0 0 261 0 0 261 
9606.ENSP00000330269 9606.ENSP00000431885 0 0 0 62 160 0 43 180 
9606.ENSP00000330269 9606.ENSP00000353198 0 0 0 0 0 0 187 187 
9606.ENSP00000330269 9606.ENSP00000334851 0 0 0 173 0 0 0 173 
9606.ENSP00000330269 9606.ENSP00000317272 0 0 0 62 160 0 58 192 
9606.ENSP00000330269 9606.ENSP00000375909 0 0 0 213 0 0 0 213 
9606.ENSP00000330269 9606.ENSP00000357067 0 0 0 323 0 0 0 323 
9606.ENSP00000330269 9606.ENSP00000378077 0 0 0 0 151 0 0 151 
9606.ENSP00000330269 9606.ENSP00000361413 0 0 0 61 0 0 168 185 
9606.ENSP00000330269 9606.ENSP00000298352 0 0 0 336 0 0 0 336 
9606.ENSP00000330269 9606.ENSP00000307666 0 0 0 0 0 0 179 179 
9606.ENSP00000330269 9606.ENSP00000331504 0 0 0 62 160 0 43 180 
9606.ENSP00000330269 9606.ENSP00000339916 0 0 0 62 160 0 189 305 
9606.ENSP00000330269 9606.ENSP00000257189 0 0 0 0 151 0 0 151 
9606.ENSP00000330269 9606.ENSP00000265459 0 0 0 139 67 0 50 170 
9606.ENSP00000330269 9606.ENSP00000217188 0 0 0 62 160 0 43 180 
9606.ENSP00000330269 9606.ENSP00000364133 0 0 0 62 160 0 43 180 
9606.ENSP00000330269 9606.ENSP00000268035 0 0 0 62 160 0 43 180 
9606.ENSP00000330269 9606.ENSP00000393066 0 0 0 155 0 0 44 158 
9606.ENSP00000330269 9606.ENSP00000256103 0 0 0 152 0 0 0 152 
9606.ENSP00000330269 9606.ENSP00000275815 0 0 0 62 160 0 43 180 
9606.ENSP00000330269 9606.ENSP00000429018 0 0 0 0 151 0 0 151 
9606.ENSP00000330269 9606.ENSP00000404220 0 0 0 0 0 0 203 203 
9606.ENSP00000330269 9606.ENSP00000274545 0 0 0 213 0 0 0 213 
9606.ENSP00000330269 9606.ENSP00000355237 0 0 0 62 160 0 43 180 
9606.ENSP00000330269 9606.ENSP00000306497 0 0 0 213 0 0 0 213 
9606.ENSP00000330269 9606.ENSP00000328336 0 0 0 193 0 0 0 193 
9606.ENSP00000330269 9606.ENSP00000309501 0 0 0 142 50 0 0 150 
9606.ENSP00000330269 9606.ENSP00000362621 0 0 0 323 0 0 0 323 
9606.ENSP00000330269 9606.ENSP00000346802 0 0 0 0 151 0 0 151 
9606.ENSP00000330269 9606.ENSP00000345192 0 0 0 214 0 0 0 214 
9606.ENSP00000330269 9606.ENSP00000289272 0 0 0 0 151 0 0 151 
9606.ENSP00000330269 9606.ENSP00000436557 0 0 0 62 152 0 0 170 
9606.ENSP00000330269 9606.ENSP00000366586 0 0 0 243 0 0 0 243 
9606.ENSP00000330269 9606.ENSP00000237014 0 0 0 87 0 0 111 153 
9606.ENSP00000330269 9606.ENSP00000283426 0 0 0 62 124 0 55 155 
9606.ENSP00000330269 9606.ENSP00000308351 0 0 0 62 160 0 43 180 
9606.ENSP00000330269 9606.ENSP00000342538 0 0 0 213 0 0 0 213 
9606.ENSP00000330269 9606.ENSP00000482169 0 0 0 146 58 0 0 161 
9606.ENSP00000330269 9606.ENSP00000296526 0 0 0 195 157 0 73 315 
9606.ENSP00000330269 9606.ENSP00000229795 0 0 0 57 260 0 63 289 
9606.ENSP00000330269 9606.ENSP00000332488 0 0 0 207 0 0 0 207 
9606.ENSP00000330269 9606.ENSP00000222674 0 0 0 0 0 0 211 211 
9606.ENSP00000330269 9606.ENSP00000279488 0 0 0 46 97 0 112 168 
9606.ENSP00000330269 9606.ENSP00000222256 0 0 0 177 0 0 128 252 
9606.ENSP00000330269 9606.ENSP00000282670 0 0 0 0 0 0 205 205 
9606.ENSP00000330269 9606.ENSP00000263665 0 0 0 88 250 0 0 286 
9606.ENSP00000330269 9606.ENSP00000373574 0 0 0 62 160 0 43 180 
9606.ENSP00000330269 9606.ENSP00000339390 0 0 0 0 151 0 0 151 
9606.ENSP00000330269 9606.ENSP00000252087 0 0 0 98 152 0 0 202 
9606.ENSP00000330269 9606.ENSP00000222330 0 0 0 62 160 0 43 180 
9606.ENSP00000330269 9606.ENSP00000367208 0 0 0 64 169 0 50 196 
9606.ENSP00000330269 9606.ENSP00000263519 0 0 0 281 0 0 0 281 
9606.ENSP00000330269 9606.ENSP00000284031 0 0 0 0 0 0 165 165 
9606.ENSP00000330269 9606.ENSP00000020673 0 0 0 150 0 0 0 150 
9606.ENSP00000330269 9606.ENSP00000322251 0 0 0 96 160 0 43 210 
9606.ENSP00000330269 9606.ENSP00000355155 0 0 0 0 157 0 54 168 
9606.ENSP00000330269 9606.ENSP00000364586 0 0 0 158 0 0 0 158 
9606.ENSP00000330269 9606.ENSP00000263904 0 0 0 0 171 0 0 171 
9606.ENSP00000330269 9606.ENSP00000430676 0 0 0 167 0 0 0 167 
9606.ENSP00000330269 9606.ENSP00000308057 0 0 0 288 0 0 0 288 
9606.ENSP00000330269 9606.ENSP00000227348 0 0 0 85 0 0 259 294 
9606.ENSP00000330269 9606.ENSP00000354481 0 0 0 152 0 0 0 152 
9606.ENSP00000330269 9606.ENSP00000312411 0 0 0 70 123 0 58 164 
9606.ENSP00000330269 9606.ENSP00000381412 0 0 0 186 0 0 0 186 
9606.ENSP00000330269 9606.ENSP00000341360 0 0 0 0 261 0 0 261 
9606.ENSP00000330269 9606.ENSP00000219197 0 0 0 154 0 0 82 190 
9606.ENSP00000330269 9606.ENSP00000428924 0 0 0 62 160 0 43 180 
9606.ENSP00000330269 9606.ENSP00000450337 0 0 0 152 96 0 0 200 
9606.ENSP00000330269 9606.ENSP00000251849 0 0 0 62 160 0 43 180 
9606.ENSP00000330269 9606.ENSP00000239449 0 0 0 0 151 0 0 151 
9606.ENSP00000330269 9606.ENSP00000369682 0 0 0 0 0 0 167 167 
9606.ENSP00000330269 9606.ENSP00000165524 0 0 0 0 0 0 333 333 
9606.ENSP00000330269 9606.ENSP00000428288 0 0 0 0 151 0 0 151 
9606.ENSP00000330269 9606.ENSP00000359474 0 0 0 154 50 0 0 161 
9606.ENSP00000330269 9606.ENSP00000360120 0 0 0 62 160 0 43 180 
9606.ENSP00000330269 9606.ENSP00000415786 0 0 0 0 0 0 165 165 
9606.ENSP00000330269 9606.ENSP00000432586 0 0 0 61 152 0 56 182 
9606.ENSP00000330269 9606.ENSP00000256458 0 0 0 62 160 0 43 180 
9606.ENSP00000330269 9606.ENSP00000009105 0 0 0 159 53 0 0 170 
9606.ENSP00000330269 9606.ENSP00000470087 0 0 0 62 160 0 43 180 
9606.ENSP00000330269 9606.ENSP00000350224 0 0 0 62 160 0 43 180 
9606.ENSP00000330269 9606.ENSP00000361423 0 0 0 62 160 0 57 192 
9606.ENSP00000330269 9606.ENSP00000441802 0 0 0 0 151 0 0 151 
9606.ENSP00000330269 9606.ENSP00000419361 0 0 0 115 125 0 0 193 
9606.ENSP00000330269 9606.ENSP00000297265 0 0 0 0 175 0 0 175 
9606.ENSP00000330269 9606.ENSP00000363068 0 0 0 0 151 0 0 151 
9606.ENSP00000330269 9606.ENSP00000274547 0 0 0 194 0 0 0 194 
9606.ENSP00000330269 9606.ENSP00000363708 0 0 0 62 160 0 43 180 
9606.ENSP00000330269 9606.ENSP00000369390 0 0 0 53 157 0 50 175 
9606.ENSP00000330269 9606.ENSP00000231173 0 0 0 0 151 0 0 151 
9606.ENSP00000330269 9606.ENSP00000433109 0 0 0 170 0 0 0 170 
9606.ENSP00000330269 9606.ENSP00000178640 0 0 0 0 185 0 79 217 
9606.ENSP00000330269 9606.ENSP00000428489 0 0 0 62 160 0 43 180 
9606.ENSP00000330269 9606.ENSP00000379087 0 0 0 0 0 0 167 167 
9606.ENSP00000330269 9606.ENSP00000384719 0 0 0 139 78 0 0 172 
9606.ENSP00000330269 9606.ENSP00000297323 0 0 0 94 125 0 0 173 
9606.ENSP00000330269 9606.ENSP00000371067 0 0 0 62 160 0 43 180 
9606.ENSP00000330269 9606.ENSP00000381097 0 0 0 89 160 0 43 204 
9606.ENSP00000330269 9606.ENSP00000436042 0 0 0 0 151 0 0 151 
9606.ENSP00000330269 9606.ENSP00000360141 0 0 0 63 123 0 57 157 
9606.ENSP00000330269 9606.ENSP00000483110 0 0 0 52 0 0 161 171 
9606.ENSP00000330269 9606.ENSP00000376345 0 0 0 62 176 0 62 211 
9606.ENSP00000330269 9606.ENSP00000371200 0 0 0 0 262 0 0 262 
9606.ENSP00000330269 9606.ENSP00000332118 0 0 0 62 160 0 43 180 
9606.ENSP00000330269 9606.ENSP00000381958 0 0 0 62 160 0 43 180 
9606.ENSP00000330269 9606.ENSP00000381793 0 0 0 0 261 0 0 261 
9606.ENSP00000330269 9606.ENSP00000367848 0 0 0 213 0 0 0 213 
9606.ENSP00000330269 9606.ENSP00000316543 0 0 0 0 261 0 73 285 
9606.ENSP00000330269 9606.ENSP00000304133 0 0 0 96 0 0 275 316 
9606.ENSP00000330269 9606.ENSP00000262450 0 0 0 151 0 0 0 151 
9606.ENSP00000330269 9606.ENSP00000381333 0 0 0 214 0 0 0 214 
9606.ENSP00000330269 9606.ENSP00000345133 0 0 0 62 160 0 43 180 
9606.ENSP00000330269 9606.ENSP00000289746 0 0 0 62 152 0 0 170 
9606.ENSP00000330269 9606.ENSP00000435648 0 0 0 87 157 0 0 197 
9606.ENSP00000330269 9606.ENSP00000361158 0 0 0 62 160 0 43 180 
9606.ENSP00000330269 9606.ENSP00000295108 0 0 0 111 0 0 126 189 
9606.ENSP00000330269 9606.ENSP00000381636 0 0 0 0 151 0 0 151 
9606.ENSP00000330269 9606.ENSP00000360214 0 0 0 332 0 0 0 332 
9606.ENSP00000330269 9606.ENSP00000400258 0 0 0 160 50 0 0 167 
9606.ENSP00000330269 9606.ENSP00000231134 0 0 0 0 151 0 0 151 
9606.ENSP00000330269 9606.ENSP00000257198 0 0 0 0 151 0 0 151 
9606.ENSP00000330269 9606.ENSP00000360718 0 0 0 83 0 0 128 166 
9606.ENSP00000330269 9606.ENSP00000330633 0 0 0 195 250 0 0 370 
9606.ENSP00000330269 9606.ENSP00000352162 0 0 0 167 0 0 0 167 
9606.ENSP00000330269 9606.ENSP00000400088 0 0 0 53 157 0 50 175 
9606.ENSP00000330269 9606.ENSP00000261211 0 0 0 53 157 0 50 175 
9606.ENSP00000330269 9606.ENSP00000281821 0 0 0 62 160 0 43 180 
9606.ENSP00000330269 9606.ENSP00000391409 0 0 0 0 152 0 56 165 
9606.ENSP00000330269 9606.ENSP00000299441 0 0 0 0 151 0 0 151 
9606.ENSP00000330269 9606.ENSP00000377616 0 0 0 152 0 0 0 152 
9606.ENSP00000330269 9606.ENSP00000381628 0 0 0 0 151 0 0 151 
9606.ENSP00000330269 9606.ENSP00000444986 0 0 0 62 160 0 43 180 
9606.ENSP00000330269 9606.ENSP00000263269 0 0 0 0 157 0 54 168 
9606.ENSP00000330269 9606.ENSP00000345491 0 0 0 0 151 0 0 151 
9606.ENSP00000330269 9606.ENSP00000482732 0 0 0 0 0 0 158 158 
9606.ENSP00000330269 9606.ENSP00000304250 0 0 0 213 0 0 104 264 
9606.ENSP00000330269 9606.ENSP00000462521 0 0 0 0 262 0 0 262 
9606.ENSP00000330269 9606.ENSP00000252939 0 0 0 215 0 0 0 215 
9606.ENSP00000330269 9606.ENSP00000431748 0 0 0 64 152 0 0 172 
9606.ENSP00000330269 9606.ENSP00000480050 0 0 0 183 0 0 0 183 
9606.ENSP00000330269 9606.ENSP00000437563 0 0 0 0 159 0 106 216 
9606.ENSP00000330269 9606.ENSP00000263800 0 0 0 62 160 0 43 180 
9606.ENSP00000330269 9606.ENSP00000349336 0 0 0 315 0 0 0 315 
9606.ENSP00000330269 9606.ENSP00000293190 0 0 0 107 157 0 54 225 
9606.ENSP00000330269 9606.ENSP00000287727 0 0 0 0 186 0 0 186 
9606.ENSP00000330269 9606.ENSP00000367075 0 0 0 156 0 0 44 158 
9606.ENSP00000330269 9606.ENSP00000275162 0 0 0 186 0 0 0 186 
9606.ENSP00000330269 9606.ENSP00000222250 0 0 0 0 262 0 0 262 
9606.ENSP00000330269 9606.ENSP00000282588 0 0 0 49 81 0 116 159 
9606.ENSP00000330269 9606.ENSP00000332454 0 0 0 62 185 0 43 204 
9606.ENSP00000330269 9606.ENSP00000429808 0 0 0 66 152 0 0 174 
9606.ENSP00000330269 9606.ENSP00000300175 0 0 0 127 0 0 89 171 
9606.ENSP00000330269 9606.ENSP00000245960 0 0 0 61 186 0 50 210 
9606.ENSP00000330269 9606.ENSP00000390941 0 0 0 134 58 0 43 151 
9606.ENSP00000330269 9606.ENSP00000429601 0 0 0 0 151 0 0 151 
9606.ENSP00000330269 9606.ENSP00000341911 0 0 0 70 0 0 127 153 
9606.ENSP00000330269 9606.ENSP00000356130 0 0 0 62 160 0 43 180 
9606.ENSP00000330269 9606.ENSP00000256969 0 0 0 65 0 0 218 237 
9606.ENSP00000330269 9606.ENSP00000462046 0 0 0 151 0 0 43 152 
9606.ENSP00000330269 9606.ENSP00000292432 0 0 0 0 157 0 0 157 
9606.ENSP00000330269 9606.ENSP00000386143 0 0 0 181 0 0 0 181 
9606.ENSP00000330269 9606.ENSP00000309591 0 0 0 98 153 0 50 210 
9606.ENSP00000330269 9606.ENSP00000337825 0 0 0 62 160 0 59 194 
9606.ENSP00000330269 9606.ENSP00000378464 0 0 0 151 0 0 0 151 
9606.ENSP00000330269 9606.ENSP00000356530 0 0 0 62 185 0 44 206 
9606.ENSP00000330269 9606.ENSP00000359424 0 0 0 62 160 0 43 180 
9606.ENSP00000330269 9606.ENSP00000478606 0 0 0 0 151 0 0 151 
9606.ENSP00000330269 9606.ENSP00000350928 0 0 0 112 0 0 86 154 
9606.ENSP00000330269 9606.ENSP00000314196 0 0 0 0 0 0 216 216 
9606.ENSP00000330269 9606.ENSP00000438038 0 0 0 0 158 0 0 158 
9606.ENSP00000330269 9606.ENSP00000371614 0 0 0 114 86 0 54 167 
9606.ENSP00000330269 9606.ENSP00000298231 0 0 0 61 50 0 151 176 
9606.ENSP00000330269 9606.ENSP00000267484 0 0 0 139 0 0 286 358 
9606.ENSP00000330269 9606.ENSP00000332886 0 0 0 108 82 0 50 155 
9606.ENSP00000330269 9606.ENSP00000263431 0 0 0 198 0 0 0 198 
9606.ENSP00000330269 9606.ENSP00000268603 0 0 0 0 151 0 0 151 
9606.ENSP00000330269 9606.ENSP00000324205 0 0 0 0 175 0 0 175 
9606.ENSP00000330269 9606.ENSP00000355583 0 0 0 62 160 0 43 180 
9606.ENSP00000330269 9606.ENSP00000368314 0 0 0 76 250 0 0 277 
9606.ENSP00000330269 9606.ENSP00000334042 0 0 0 0 0 0 273 273 
9606.ENSP00000330269 9606.ENSP00000434655 0 0 0 73 152 0 0 180 
9606.ENSP00000330269 9606.ENSP00000217386 0 0 0 0 0 0 167 167 
9606.ENSP00000330269 9606.ENSP00000309198 0 0 0 0 81 0 156 191 
9606.ENSP00000330269 9606.ENSP00000458770 0 0 0 129 0 0 67 152 
9606.ENSP00000330269 9606.ENSP00000449629 0 0 0 139 61 0 0 156 
9606.ENSP00000330269 9606.ENSP00000362457 0 0 0 199 0 0 0 199 
9606.ENSP00000330269 9606.ENSP00000365931 0 0 0 0 50 0 165 172 
9606.ENSP00000330269 9606.ENSP00000433490 0 0 0 0 0 0 290 290 
9606.ENSP00000330269 9606.ENSP00000308976 0 0 0 159 0 0 96 207 
9606.ENSP00000330269 9606.ENSP00000261800 0 0 0 97 152 0 56 214 
9606.ENSP00000330269 9606.ENSP00000272520 0 0 0 171 0 0 0 171 
9606.ENSP00000330269 9606.ENSP00000438388 0 0 0 130 0 0 85 169 
9606.ENSP00000330269 9606.ENSP00000303686 0 0 0 299 0 0 73 322 
9606.ENSP00000330269 9606.ENSP00000360608 0 0 0 229 124 0 49 301 
9606.ENSP00000330269 9606.ENSP00000390651 0 0 0 62 160 0 43 180 
9606.ENSP00000330269 9606.ENSP00000408979 0 0 0 151 0 0 0 151 
9606.ENSP00000330269 9606.ENSP00000263826 0 0 0 64 160 0 43 181 
9606.ENSP00000330269 9606.ENSP00000485478 0 0 0 59 152 0 0 167 
9606.ENSP00000330269 9606.ENSP00000215832 0 0 0 57 260 0 63 289 
9606.ENSP00000330269 9606.ENSP00000402103 0 0 0 0 157 0 0 157 
9606.ENSP00000330269 9606.ENSP00000362125 0 0 0 70 152 0 0 177 
9606.ENSP00000330269 9606.ENSP00000374036 0 0 0 159 0 0 54 171 
9606.ENSP00000330269 9606.ENSP00000361107 0 0 0 62 160 0 43 180 
9606.ENSP00000330269 9606.ENSP00000366095 0 0 0 140 0 0 116 207 
9606.ENSP00000330269 9606.ENSP00000479104 0 0 0 153 0 0 0 153 
9606.ENSP00000330269 9606.ENSP00000267017 0 0 0 0 0 0 245 245 
9606.ENSP00000330269 9606.ENSP00000421915 0 0 0 0 50 0 213 220 
9606.ENSP00000330269 9606.ENSP00000412326 0 0 0 159 0 0 0 159 
9606.ENSP00000330269 9606.ENSP00000346839 0 0 0 0 290 0 49 295 
9606.ENSP00000330269 9606.ENSP00000259089 0 0 0 62 160 0 43 180 
9606.ENSP00000330269 9606.ENSP00000262545 0 0 0 167 0 0 425 501 
9606.ENSP00000330269 9606.ENSP00000373600 0 0 0 62 185 0 56 215 
9606.ENSP00000330269 9606.ENSP00000282249 0 0 0 94 125 0 42 174 
9606.ENSP00000330269 9606.ENSP00000360475 0 0 0 0 262 0 0 262 
9606.ENSP00000330269 9606.ENSP00000299752 0 0 0 0 151 0 0 151 
9606.ENSP00000330269 9606.ENSP00000221485 0 0 0 151 0 0 0 151 
9606.ENSP00000330269 9606.ENSP00000268989 0 0 0 61 0 0 132 150 
9606.ENSP00000330269 9606.ENSP00000294117 0 0 0 159 0 0 0 159 
9606.ENSP00000330269 9606.ENSP00000437790 0 0 0 213 152 0 0 304 
9606.ENSP00000330269 9606.ENSP00000323714 0 0 0 184 0 0 46 188 
9606.ENSP00000330269 9606.ENSP00000258302 0 0 0 199 0 0 42 199 
9606.ENSP00000330269 9606.ENSP00000367177 0 0 0 126 152 0 0 227 
9606.ENSP00000330269 9606.ENSP00000337159 0 0 0 0 186 0 0 186 
9606.ENSP00000330269 9606.ENSP00000413064 0 0 0 91 0 0 116 162 
9606.ENSP00000330269 9606.ENSP00000299767 0 0 0 0 181 0 86 219 
9606.ENSP00000330269 9606.ENSP00000433967 0 0 0 61 175 0 0 192 
9606.ENSP00000330269 9606.ENSP00000364907 0 0 0 62 160 0 43 180 
9606.ENSP00000330269 9606.ENSP00000331086 0 0 0 0 0 0 470 470 
9606.ENSP00000330269 9606.ENSP00000263640 0 0 0 62 160 0 43 180 
9606.ENSP00000330269 9606.ENSP00000194152 0 0 0 70 152 0 0 177 
9606.ENSP00000330269 9606.ENSP00000379472 0 0 0 285 0 0 48 290 
9606.ENSP00000330269 9606.ENSP00000278612 0 0 0 0 0 0 162 162 
9606.ENSP00000330269 9606.ENSP00000303830 0 0 0 62 160 0 43 180 
9606.ENSP00000330269 9606.ENSP00000418575 0 0 0 175 0 0 0 175 
9606.ENSP00000330269 9606.ENSP00000353608 0 0 0 0 151 0 0 151 
9606.ENSP00000330269 9606.ENSP00000359077 0 0 0 66 250 0 0 269 
9606.ENSP00000330269 9606.ENSP00000295408 0 0 0 62 160 0 43 180 
9606.ENSP00000330269 9606.ENSP00000265138 0 0 0 0 262 0 0 262 
9606.ENSP00000330269 9606.ENSP00000383431 0 0 0 0 261 0 0 261 
9606.ENSP00000330269 9606.ENSP00000250693 0 0 0 0 0 0 252 252 
9606.ENSP00000330269 9606.ENSP00000420840 0 0 0 88 152 0 0 193 
9606.ENSP00000330269 9606.ENSP00000356172 0 0 0 62 50 0 189 214 
9606.ENSP00000330269 9606.ENSP00000364860 0 0 0 62 160 0 43 180 
9606.ENSP00000330269 9606.ENSP00000449253 0 0 0 151 0 0 0 151 
9606.ENSP00000330269 9606.ENSP00000164024 0 0 0 0 152 0 54 163 
9606.ENSP00000330269 9606.ENSP00000226382 0 0 0 61 50 0 151 176 
9606.ENSP00000330269 9606.ENSP00000397026 0 0 0 87 157 0 0 197 
9606.ENSP00000330269 9606.ENSP00000257192 0 0 0 0 151 0 0 151 
9606.ENSP00000330269 9606.ENSP00000346643 0 0 0 0 157 0 0 157 
9606.ENSP00000330269 9606.ENSP00000391676 0 0 0 62 160 0 43 180 
9606.ENSP00000330269 9606.ENSP00000345997 0 0 0 62 160 0 43 180 
9606.ENSP00000330269 9606.ENSP00000347244 0 0 0 0 128 0 115 195 
9606.ENSP00000330269 9606.ENSP00000262494 0 0 0 128 123 0 47 208 
9606.ENSP00000330269 9606.ENSP00000253807 0 0 0 0 151 0 0 151 
9606.ENSP00000330269 9606.ENSP00000375986 0 0 0 0 185 0 84 221 
9606.ENSP00000330269 9606.ENSP00000295797 0 0 0 62 160 0 43 180 
9606.ENSP00000330269 9606.ENSP00000366488 0 0 0 98 153 0 50 210 
9606.ENSP00000330269 9606.ENSP00000368244 0 0 0 138 0 0 384 446 
9606.ENSP00000330269 9606.ENSP00000407822 0 0 0 137 250 0 64 341 
9606.ENSP00000330269 9606.ENSP00000358997 0 0 0 62 160 0 43 180 
9606.ENSP00000330269 9606.ENSP00000390661 0 0 0 204 0 0 0 204 
9606.ENSP00000330269 9606.ENSP00000371327 0 0 0 0 158 0 0 158 
9606.ENSP00000330269 9606.ENSP00000481728 0 0 0 154 0 0 0 154 
9606.ENSP00000330269 9606.ENSP00000462701 0 0 0 69 152 0 0 176 
9606.ENSP00000330269 9606.ENSP00000374069 0 0 0 77 0 0 171 202 
9606.ENSP00000330269 9606.ENSP00000253812 0 0 0 68 152 0 0 175 
9606.ENSP00000330269 9606.ENSP00000431418 0 0 0 62 160 0 43 180 
9606.ENSP00000330269 9606.ENSP00000371054 0 0 0 0 0 0 311 311 
9606.ENSP00000330269 9606.ENSP00000304234 0 0 0 0 151 0 0 151 
9606.ENSP00000330269 9606.ENSP00000309597 0 0 0 62 160 0 43 180 
9606.ENSP00000330269 9606.ENSP00000298307 0 0 0 0 0 0 198 198 
9606.ENSP00000330269 9606.ENSP00000377372 0 0 0 140 0 0 57 154 
9606.ENSP00000330269 9606.ENSP00000287766 0 0 0 207 0 0 0 207 
9606.ENSP00000330269 9606.ENSP00000262948 0 0 0 0 185 0 79 217 
9606.ENSP00000330269 9606.ENSP00000308921 0 0 0 151 0 0 0 151 
9606.ENSP00000330269 9606.ENSP00000366746 0 0 0 0 171 0 0 171 
9606.ENSP00000330269 9606.ENSP00000353414 0 0 0 213 0 0 0 213 
9606.ENSP00000330269 9606.ENSP00000478258 0 0 0 0 151 0 0 151 
9606.ENSP00000330269 9606.ENSP00000360065 0 0 0 0 50 0 165 172 
9606.ENSP00000330269 9606.ENSP00000351342 0 0 0 195 0 0 0 195 
9606.ENSP00000330269 9606.ENSP00000262738 0 0 0 0 152 0 54 163 
9606.ENSP00000330269 9606.ENSP00000365016 0 0 0 0 268 0 0 268 
9606.ENSP00000330269 9606.ENSP00000378485 0 0 0 62 160 0 43 180 
9606.ENSP00000330269 9606.ENSP00000234389 0 0 0 0 157 0 54 168 
9606.ENSP00000330269 9606.ENSP00000335038 0 0 0 237 0 0 0 237 
9606.ENSP00000330269 9606.ENSP00000217402 0 0 0 0 175 0 0 175 
9606.ENSP00000330269 9606.ENSP00000332565 0 0 0 156 0 0 0 156 
9606.ENSP00000330269 9606.ENSP00000270631 0 0 0 0 0 0 328 328 
9606.ENSP00000330269 9606.ENSP00000427562 0 0 0 62 160 0 57 192 
9606.ENSP00000330269 9606.ENSP00000357178 0 0 0 62 160 0 43 180 
9606.ENSP00000330269 9606.ENSP00000340361 0 0 0 62 160 0 43 180 
9606.ENSP00000330269 9606.ENSP00000385142 0 0 0 143 67 0 50 174 
9606.ENSP00000330269 9606.ENSP00000352785 0 0 0 0 151 0 0 151 
9606.ENSP00000330269 9606.ENSP00000274710 0 0 0 192 0 0 120 259 
9606.ENSP00000330269 9606.ENSP00000305613 0 0 0 203 0 0 65 223 
9606.ENSP00000330269 9606.ENSP00000390590 0 0 0 158 0 0 0 158 
9606.ENSP00000330269 9606.ENSP00000256509 0 0 0 98 250 0 0 294 
9606.ENSP00000330269 9606.ENSP00000288602 0 0 0 62 160 0 43 180 
9606.ENSP00000330269 9606.ENSP00000331933 0 0 0 173 0 0 0 173 
9606.ENSP00000330269 9606.ENSP00000265969 0 0 0 199 0 0 0 199 
9606.ENSP00000330269 9606.ENSP00000223366 0 0 0 65 158 0 0 179 
9606.ENSP00000330269 9606.ENSP00000377779 0 0 0 159 0 0 0 159 
9606.ENSP00000330269 9606.ENSP00000457991 0 0 0 60 157 0 43 175 
9606.ENSP00000330269 9606.ENSP00000314499 0 0 0 62 97 0 163 229 
9606.ENSP00000330269 9606.ENSP00000373215 0 0 0 124 0 0 167 239 
9606.ENSP00000330269 9606.ENSP00000481994 0 0 0 62 160 0 48 185 
9606.ENSP00000330269 9606.ENSP00000359521 0 0 0 107 315 0 0 362 
9606.ENSP00000330269 9606.ENSP00000389715 0 0 0 111 160 0 43 223 
9606.ENSP00000330269 9606.ENSP00000361860 0 0 0 332 0 0 0 332 
9606.ENSP00000330269 9606.ENSP00000307234 0 0 0 0 151 0 0 151 
9606.ENSP00000330269 9606.ENSP00000259808 0 0 0 62 160 0 43 180 
9606.ENSP00000330269 9606.ENSP00000252085 0 0 0 0 151 0 0 151 
9606.ENSP00000330269 9606.ENSP00000351118 0 0 0 0 151 0 0 151 
9606.ENSP00000330269 9606.ENSP00000251645 0 0 0 151 0 0 0 151 
9606.ENSP00000330269 9606.ENSP00000269878 0 0 0 0 78 0 127 160 
9606.ENSP00000330269 9606.ENSP00000160382 0 0 0 213 0 0 49 219 
9606.ENSP00000330269 9606.ENSP00000367830 0 0 0 89 160 0 43 204 
9606.ENSP00000330269 9606.ENSP00000366061 0 0 0 0 0 0 329 329 
9606.ENSP00000330269 9606.ENSP00000384103 0 0 0 152 0 0 0 152 
9606.ENSP00000330269 9606.ENSP00000262150 0 0 0 0 151 0 0 151 
9606.ENSP00000330269 9606.ENSP00000295452 0 0 0 214 0 0 0 214 
9606.ENSP00000330269 9606.ENSP00000357402 0 0 0 156 0 0 0 156 
9606.ENSP00000330269 9606.ENSP00000451648 0 0 0 124 67 0 50 155 
9606.ENSP00000330269 9606.ENSP00000258930 0 0 0 0 78 0 127 160 
9606.ENSP00000330269 9606.ENSP00000430024 0 0 0 0 151 0 0 151 
9606.ENSP00000330269 9606.ENSP00000269141 0 0 0 0 151 0 0 151 
9606.ENSP00000330269 9606.ENSP00000216200 0 0 0 139 78 0 0 172 
9606.ENSP00000330269 9606.ENSP00000262717 0 0 0 120 152 0 0 221 
9606.ENSP00000330269 9606.ENSP00000481045 0 0 0 62 160 0 43 180 
9606.ENSP00000330269 9606.ENSP00000461862 0 0 0 0 151 0 0 151 
9606.ENSP00000330269 9606.ENSP00000368758 0 0 0 298 0 0 0 298 
9606.ENSP00000330269 9606.ENSP00000384364 0 0 0 93 0 0 163 208 
9606.ENSP00000330269 9606.ENSP00000340776 0 0 0 82 0 0 116 153 
9606.ENSP00000330269 9606.ENSP00000283268 0 0 0 76 50 0 172 209 
9606.ENSP00000330269 9606.ENSP00000261845 0 0 0 57 260 0 63 289 
9606.ENSP00000330269 9606.ENSP00000319388 0 0 0 62 160 0 43 180 
9606.ENSP00000330269 9606.ENSP00000404438 0 0 0 284 0 0 0 284 
9606.ENSP00000330269 9606.ENSP00000332737 0 0 0 151 0 0 0 151 
9606.ENSP00000330269 9606.ENSP00000264360 0 0 0 76 152 0 0 182 
9606.ENSP00000330269 9606.ENSP00000381768 0 0 0 0 151 0 0 151 
9606.ENSP00000330269 9606.ENSP00000367197 0 0 0 77 78 0 86 154 
9606.ENSP00000330269 9606.ENSP00000371689 0 0 0 0 151 0 0 151 
9606.ENSP00000330269 9606.ENSP00000357581 0 0 0 130 43 0 65 153 
9606.ENSP00000330269 9606.ENSP00000431083 0 0 0 0 151 0 0 151 
9606.ENSP00000330269 9606.ENSP00000256797 0 0 0 62 160 0 43 180 
9606.ENSP00000330269 9606.ENSP00000254976 0 0 0 188 0 0 103 241 
9606.ENSP00000330269 9606.ENSP00000394954 0 0 0 77 0 0 145 177 
9606.ENSP00000330269 9606.ENSP00000350896 0 0 0 62 160 0 43 180 
9606.ENSP00000330269 9606.ENSP00000311528 0 0 0 107 0 0 225 279 
9606.ENSP00000330269 9606.ENSP00000297477 0 0 0 0 0 0 186 186 
9606.ENSP00000330269 9606.ENSP00000261769 0 0 0 0 151 0 0 151 
9606.ENSP00000330269 9606.ENSP00000361935 0 0 0 177 78 0 0 208 
9606.ENSP00000330269 9606.ENSP00000450895 0 0 0 62 160 0 43 180 
9606.ENSP00000330269 9606.ENSP00000290573 0 0 0 0 157 0 0 157 
9606.ENSP00000330269 9606.ENSP00000335153 0 0 0 0 181 0 0 181 
9606.ENSP00000330269 9606.ENSP00000481917 0 0 0 90 0 0 105 151 
9606.ENSP00000330269 9606.ENSP00000297142 0 0 0 200 0 0 0 200 
9606.ENSP00000330269 9606.ENSP00000286355 0 0 0 115 125 0 0 193 
9606.ENSP00000330269 9606.ENSP00000266970 0 0 0 53 157 0 50 175 
9606.ENSP00000330269 9606.ENSP00000264316 0 0 0 62 160 0 43 180 
9606.ENSP00000330269 9606.ENSP00000360609 0 0 0 0 181 0 0 181 
9606.ENSP00000330269 9606.ENSP00000282020 0 0 0 123 157 0 69 251 
9606.ENSP00000330269 9606.ENSP00000317985 0 0 0 62 160 0 43 180 
9606.ENSP00000330269 9606.ENSP00000229264 0 0 0 61 167 0 77 215 
9606.ENSP00000330269 9606.ENSP00000406472 0 0 0 53 157 0 50 175 
9606.ENSP00000330269 9606.ENSP00000442656 0 0 0 62 160 0 43 180 
9606.ENSP00000330269 9606.ENSP00000294016 0 0 0 60 125 0 56 155 
9606.ENSP00000330269 9606.ENSP00000261837 0 0 0 61 167 0 57 197 
9606.ENSP00000330269 9606.ENSP00000354884 0 0 0 0 0 0 157 157 
9606.ENSP00000330269 9606.ENSP00000362566 0 0 0 238 78 0 0 267 
9606.ENSP00000330269 9606.ENSP00000400459 0 0 0 229 0 0 0 229 
9606.ENSP00000330269 9606.ENSP00000405423 0 0 0 177 0 0 0 177 
9606.ENSP00000330269 9606.ENSP00000264012 0 0 0 0 151 0 0 151 
9606.ENSP00000330269 9606.ENSP00000257904 0 0 0 53 157 0 50 175 
9606.ENSP00000330269 9606.ENSP00000379098 0 0 0 151 0 0 0 151 
9606.ENSP00000330269 9606.ENSP00000261590 0 0 0 0 151 0 0 151 
9606.ENSP00000330269 9606.ENSP00000365437 0 0 0 202 0 0 0 202 
9606.ENSP00000330269 9606.ENSP00000241416 0 0 0 62 160 0 43 180 
9606.ENSP00000330269 9606.ENSP00000442460 0 0 0 62 160 0 43 180 
9606.ENSP00000330269 9606.ENSP00000217420 0 0 0 311 0 0 65 328 
9606.ENSP00000330269 9606.ENSP00000384193 0 0 0 154 0 0 222 313 
9606.ENSP00000330269 9606.ENSP00000263915 0 0 0 0 261 0 0 261 
9606.ENSP00000330269 9606.ENSP00000354622 0 0 0 64 0 0 134 154 
9606.ENSP00000330269 9606.ENSP00000349594 0 0 0 151 0 0 0 151 
9606.ENSP00000330269 9606.ENSP00000329967 0 0 0 62 160 0 43 180 
9606.ENSP00000330269 9606.ENSP00000485514 0 0 0 0 152 0 56 165 
9606.ENSP00000330269 9606.ENSP00000344786 0 0 0 88 250 0 0 286 
9606.ENSP00000330269 9606.ENSP00000417273 0 0 0 0 163 0 0 163 
9606.ENSP00000330269 9606.ENSP00000238044 0 0 0 0 0 0 198 198 
9606.ENSP00000330269 9606.ENSP00000273610 0 0 0 0 0 0 209 209 
9606.ENSP00000330269 9606.ENSP00000337451 0 0 0 62 160 0 112 239 
9606.ENSP00000330269 9606.ENSP00000437409 0 0 0 62 176 0 62 211 
9606.ENSP00000330269 9606.ENSP00000352544 0 0 0 188 0 0 0 188 
9606.ENSP00000330269 9606.ENSP00000360822 0 0 0 189 0 0 0 189 
9606.ENSP00000330269 9606.ENSP00000362183 0 0 0 103 157 0 0 211 
9606.ENSP00000330269 9606.ENSP00000328698 0 0 0 0 0 0 183 183 
9606.ENSP00000330269 9606.ENSP00000429243 0 0 0 155 0 0 56 168 
9606.ENSP00000330269 9606.ENSP00000303706 0 0 0 61 186 0 50 210 
9606.ENSP00000330269 9606.ENSP00000268613 0 0 0 0 151 0 0 151 
9606.ENSP00000330269 9606.ENSP00000305941 0 0 0 0 262 0 0 262 
9606.ENSP00000330269 9606.ENSP00000239446 0 0 0 0 151 0 0 151 
9606.ENSP00000330269 9606.ENSP00000370057 0 0 0 183 0 0 0 183 
9606.ENSP00000330269 9606.ENSP00000410561 0 0 0 53 157 0 50 175 
9606.ENSP00000330269 9606.ENSP00000290277 0 0 0 62 160 0 43 180 
9606.ENSP00000330269 9606.ENSP00000246957 0 0 0 0 181 0 0 181 
9606.ENSP00000330269 9606.ENSP00000233154 0 0 0 0 163 0 0 163 
9606.ENSP00000330269 9606.ENSP00000362294 0 0 0 152 64 0 66 193 
9606.ENSP00000330269 9606.ENSP00000255039 0 0 0 213 0 0 0 213 
9606.ENSP00000330269 9606.ENSP00000231137 0 0 0 0 151 0 0 151 
9606.ENSP00000330269 9606.ENSP00000369981 0 0 0 175 0 0 0 175 
9606.ENSP00000330269 9606.ENSP00000379607 0 0 0 214 0 0 0 214 
9606.ENSP00000330269 9606.ENSP00000335074 0 0 0 0 0 0 210 210 
9606.ENSP00000330269 9606.ENSP00000261170 0 0 0 60 125 0 83 179 
9606.ENSP00000330269 9606.ENSP00000415491 0 0 0 187 0 0 0 187 
9606.ENSP00000330269 9606.ENSP00000319590 0 0 0 199 0 0 0 199 
9606.ENSP00000330269 9606.ENSP00000276052 0 0 0 53 157 0 50 175 
9606.ENSP00000330269 9606.ENSP00000371328 0 0 0 0 159 0 102 212 
9606.ENSP00000330269 9606.ENSP00000450958 0 0 0 153 0 0 82 189 
9606.ENSP00000330269 9606.ENSP00000410584 0 0 0 153 0 0 0 153 
9606.ENSP00000330269 9606.ENSP00000377494 0 0 0 160 0 0 0 160 
9606.ENSP00000330269 9606.ENSP00000343204 0 0 0 62 160 0 43 180 
9606.ENSP00000330269 9606.ENSP00000304895 0 0 0 0 268 0 0 268 
9606.ENSP00000330269 9606.ENSP00000349884 0 0 0 0 0 0 206 206 
9606.ENSP00000330269 9606.ENSP00000351475 0 0 0 62 163 0 51 189 
9606.ENSP00000330269 9606.ENSP00000352035 0 0 0 151 0 0 0 151 
9606.ENSP00000330269 9606.ENSP00000468837 0 0 0 62 168 0 43 187 
9606.ENSP00000330269 9606.ENSP00000386499 0 0 0 175 0 0 0 175 
9606.ENSP00000330269 9606.ENSP00000483570 0 0 0 62 160 0 43 180 
9606.ENSP00000330269 9606.ENSP00000256339 0 0 0 224 0 0 0 224 
9606.ENSP00000330269 9606.ENSP00000304956 0 0 0 0 0 0 227 227 
9606.ENSP00000330269 9606.ENSP00000317310 0 0 0 142 78 0 0 175 
9606.ENSP00000330269 9606.ENSP00000310722 0 0 0 80 160 0 43 196 
9606.ENSP00000330269 9606.ENSP00000435637 0 0 0 98 250 0 0 294 
9606.ENSP00000330269 9606.ENSP00000359719 0 0 0 98 153 0 50 210 
9606.ENSP00000330269 9606.ENSP00000259750 0 0 0 176 0 0 0 176 
9606.ENSP00000330269 9606.ENSP00000361202 0 0 0 0 268 0 0 268 
9606.ENSP00000330269 9606.ENSP00000296474 0 0 0 62 160 0 58 192 
9606.ENSP00000330269 9606.ENSP00000277120 0 0 0 147 160 0 43 254 
9606.ENSP00000330269 9606.ENSP00000354207 0 0 0 117 160 0 43 228 
9606.ENSP00000330269 9606.ENSP00000393097 0 0 0 213 0 0 0 213 
9606.ENSP00000330269 9606.ENSP00000484060 0 0 0 154 0 0 0 154 
9606.ENSP00000330269 9606.ENSP00000383234 0 0 0 113 260 0 63 331 
9606.ENSP00000330269 9606.ENSP00000473036 0 0 0 194 0 0 0 194 
9606.ENSP00000330269 9606.ENSP00000433378 0 0 0 76 152 0 0 182 
9606.ENSP00000330269 9606.ENSP00000302194 0 0 0 153 0 0 0 153 
9606.ENSP00000330269 9606.ENSP00000336740 0 0 0 62 160 0 43 180 
9606.ENSP00000330269 9606.ENSP00000439427 0 0 0 0 50 0 187 194 
9606.ENSP00000330269 9606.ENSP00000333685 0 0 0 57 260 0 63 289 
9606.ENSP00000330269 9606.ENSP00000476145 0 0 0 62 160 0 43 180 
9606.ENSP00000330269 9606.ENSP00000480763 0 0 0 97 160 0 44 212 
9606.ENSP00000330269 9606.ENSP00000230671 0 0 0 215 0 0 0 215 
9606.ENSP00000330269 9606.ENSP00000425093 0 0 0 76 152 0 0 182 
9606.ENSP00000330269 9606.ENSP00000252575 0 0 0 173 0 0 0 173 
9606.ENSP00000330269 9606.ENSP00000368362 0 0 0 0 0 0 398 398 
9606.ENSP00000330269 9606.ENSP00000312070 0 0 0 0 151 0 0 151 
9606.ENSP00000330269 9606.ENSP00000355731 0 0 0 62 160 0 43 180 
9606.ENSP00000330269 9606.ENSP00000331358 0 0 0 0 0 0 171 171 
9606.ENSP00000330269 9606.ENSP00000381589 0 0 0 0 151 0 0 151 
9606.ENSP00000330269 9606.ENSP00000321106 0 0 0 111 0 0 174 234 
9606.ENSP00000330269 9606.ENSP00000372654 0 0 0 181 0 0 0 181 
9606.ENSP00000330269 9606.ENSP00000362186 0 0 0 61 152 0 0 169 
9606.ENSP00000330269 9606.ENSP00000243349 0 0 0 80 160 0 43 196 
9606.ENSP00000330269 9606.ENSP00000388137 0 0 0 213 0 0 0 213 
9606.ENSP00000330269 9606.ENSP00000474096 0 0 0 0 0 0 268 268 
9606.ENSP00000330269 9606.ENSP00000342560 0 0 0 214 0 0 0 214 
9606.ENSP00000330269 9606.ENSP00000236877 0 0 0 213 0 0 0 213 
9606.ENSP00000330269 9606.ENSP00000345985 0 0 0 152 63 0 0 171 
9606.ENSP00000330269 9606.ENSP00000333496 0 0 0 159 0 0 0 159 
9606.ENSP00000330269 9606.ENSP00000347055 0 0 0 0 78 0 145 177 
9606.ENSP00000330269 9606.ENSP00000451828 0 0 0 64 160 0 43 181 
9606.ENSP00000330269 9606.ENSP00000261233 0 0 0 62 160 0 43 180 
9606.ENSP00000330269 9606.ENSP00000371985 0 0 0 200 0 0 0 200 
9606.ENSP00000330269 9606.ENSP00000405388 0 0 0 281 0 0 0 281 
9606.ENSP00000330269 9606.ENSP00000378690 0 0 0 130 78 0 0 163 
9606.ENSP00000330269 9606.ENSP00000268042 0 0 0 0 262 0 0 262 
9606.ENSP00000330269 9606.ENSP00000321805 0 0 0 284 78 0 0 311 
9606.ENSP00000330269 9606.ENSP00000296777 0 0 0 214 0 0 147 300 
9606.ENSP00000330269 9606.ENSP00000344801 0 0 0 193 0 0 0 193 
9606.ENSP00000330269 9606.ENSP00000436426 0 0 0 0 151 0 0 151 
9606.ENSP00000330269 9606.ENSP00000401089 0 0 0 169 0 0 0 169 
9606.ENSP00000330269 9606.ENSP00000216274 0 0 0 62 160 0 43 180 
9606.ENSP00000330269 9606.ENSP00000458570 0 0 0 0 151 0 0 151 
9606.ENSP00000330269 9606.ENSP00000262554 0 0 0 0 57 0 187 200 
9606.ENSP00000330269 9606.ENSP00000264424 0 0 0 87 125 0 42 168 
9606.ENSP00000330269 9606.ENSP00000239450 0 0 0 0 151 0 0 151 
9606.ENSP00000330269 9606.ENSP00000310216 0 0 0 0 158 0 0 158 
9606.ENSP00000330269 9606.ENSP00000306138 0 0 0 214 0 0 0 214 
9606.ENSP00000330269 9606.ENSP00000430684 0 0 0 62 160 0 43 180 
9606.ENSP00000330269 9606.ENSP00000265734 0 0 0 53 157 0 50 175 
9606.ENSP00000330269 9606.ENSP00000428603 0 0 0 0 151 0 0 151 
9606.ENSP00000330269 9606.ENSP00000379818 0 0 0 138 157 0 54 252 
9606.ENSP00000330269 9606.ENSP00000356115 0 0 0 0 0 0 400 400 
9606.ENSP00000330269 9606.ENSP00000375892 0 0 0 64 160 0 43 181 
9606.ENSP00000330269 9606.ENSP00000263160 0 0 0 167 0 0 0 167 
9606.ENSP00000330269 9606.ENSP00000334501 0 0 0 152 50 0 0 159 
9606.ENSP00000330269 9606.ENSP00000363763 0 0 0 62 160 0 43 180 
9606.ENSP00000330269 9606.ENSP00000325954 0 0 0 0 152 0 54 163 
9606.ENSP00000330269 9606.ENSP00000430128 0 0 0 149 50 0 0 157 
9606.ENSP00000330269 9606.ENSP00000259455 0 0 0 159 0 0 57 173 
9606.ENSP00000330269 9606.ENSP00000381058 0 0 0 0 151 0 0 151 
9606.ENSP00000330269 9606.ENSP00000477341 0 0 0 64 123 0 58 159 
9606.ENSP00000330269 9606.ENSP00000330148 0 0 0 99 157 0 243 375 
9606.ENSP00000330269 9606.ENSP00000263025 0 0 0 57 260 0 63 289 
9606.ENSP00000330269 9606.ENSP00000407552 0 0 0 80 124 0 49 167 
9606.ENSP00000330269 9606.ENSP00000342778 0 0 0 0 123 0 104 180 
9606.ENSP00000330269 9606.ENSP00000367096 0 0 0 107 152 0 0 211 
9606.ENSP00000330269 9606.ENSP00000246662 0 0 0 0 0 0 214 214 
9606.ENSP00000330269 9606.ENSP00000447006 0 0 0 111 250 0 0 304 
9606.ENSP00000330269 9606.ENSP00000379880 0 0 0 156 63 0 50 183 
9606.ENSP00000330269 9606.ENSP00000264463 0 0 0 87 152 0 0 192 
9606.ENSP00000330269 9606.ENSP00000446278 0 0 0 214 63 0 0 232 
9606.ENSP00000330269 9606.ENSP00000282499 0 0 0 98 157 0 73 233 
9606.ENSP00000330269 9606.ENSP00000484928 0 0 0 0 151 0 0 151 
9606.ENSP00000330269 9606.ENSP00000216492 0 0 0 141 0 0 243 321 
9606.ENSP00000330269 9606.ENSP00000374323 0 0 0 89 160 0 43 204 
9606.ENSP00000330269 9606.ENSP00000321656 0 0 0 61 186 0 50 210 
9606.ENSP00000330269 9606.ENSP00000301178 0 0 0 62 160 0 43 180 
9606.ENSP00000330269 9606.ENSP00000256261 0 0 0 147 97 0 55 208 
9606.ENSP00000330269 9606.ENSP00000460274 0 0 0 0 151 0 0 151 
9606.ENSP00000330269 9606.ENSP00000364361 0 0 0 62 160 0 43 180 
9606.ENSP00000330269 9606.ENSP00000295057 0 0 0 154 63 0 0 173 
9606.ENSP00000330269 9606.ENSP00000282878 0 0 0 177 0 0 128 252 
9606.ENSP00000330269 9606.ENSP00000264059 0 0 0 76 0 0 132 163 
9606.ENSP00000330269 9606.ENSP00000262895 0 0 0 96 157 0 0 205 
9606.ENSP00000330269 9606.ENSP00000481878 0 0 0 61 167 0 57 197 
9606.ENSP00000330269 9606.ENSP00000278947 0 0 0 151 0 0 0 151 
9606.ENSP00000330269 9606.ENSP00000437554 0 0 0 170 0 0 0 170 
9606.ENSP00000330269 9606.ENSP00000373343 0 0 0 151 0 0 0 151 
9606.ENSP00000330269 9606.ENSP00000296486 0 0 0 122 0 0 311 369 
9606.ENSP00000330269 9606.ENSP00000398655 0 0 0 62 160 0 105 233 
9606.ENSP00000330269 9606.ENSP00000287907 0 0 0 349 0 0 0 349 
9606.ENSP00000330269 9606.ENSP00000309117 0 0 0 214 0 0 0 214 
9606.ENSP00000330269 9606.ENSP00000281703 0 0 0 70 0 0 155 180 
9606.ENSP00000330269 9606.ENSP00000481554 0 0 0 100 157 0 73 235 
9606.ENSP00000330269 9606.ENSP00000468500 0 0 0 173 58 0 0 188 
9606.ENSP00000330269 9606.ENSP00000346671 0 0 0 62 160 0 43 180 
9606.ENSP00000330269 9606.ENSP00000364919 0 0 0 155 78 0 0 187 
9606.ENSP00000330269 9606.ENSP00000280187 0 0 0 183 0 0 0 183 
9606.ENSP00000330269 9606.ENSP00000455711 0 0 0 269 0 0 0 269 
9606.ENSP00000330269 9606.ENSP00000330070 0 0 0 0 0 0 315 315 
9606.ENSP00000330269 9606.ENSP00000387250 0 0 0 76 152 0 50 190 
9606.ENSP00000330269 9606.ENSP00000358715 0 0 0 151 0 0 0 151 
9606.ENSP00000330269 9606.ENSP00000256010 0 0 0 49 0 0 156 163 
9606.ENSP00000330269 9606.ENSP00000231136 0 0 0 0 151 0 0 151 
9606.ENSP00000330269 9606.ENSP00000324248 0 0 0 98 0 0 221 267 
9606.ENSP00000330269 9606.ENSP00000220003 0 0 0 62 160 0 43 180 
9606.ENSP00000330269 9606.ENSP00000478892 0 0 0 93 123 0 47 176 
9606.ENSP00000330269 9606.ENSP00000351209 0 0 0 62 160 0 43 180 
9606.ENSP00000330269 9606.ENSP00000405963 0 0 0 128 80 0 0 163 
9606.ENSP00000330269 9606.ENSP00000418994 0 0 0 300 79 0 0 327 
9606.ENSP00000330269 9606.ENSP00000261655 0 0 0 151 0 0 50 159 
9606.ENSP00000330269 9606.ENSP00000365529 0 0 0 159 0 0 66 181 
9606.ENSP00000330269 9606.ENSP00000462468 0 0 0 62 160 0 43 180 
9606.ENSP00000330269 9606.ENSP00000366288 0 0 0 139 322 0 0 391 
9606.ENSP00000330269 9606.ENSP00000307766 0 0 0 192 0 0 0 192 
9606.ENSP00000330269 9606.ENSP00000287008 0 0 0 0 151 0 0 151 
9606.ENSP00000330269 9606.ENSP00000263798 0 0 0 90 160 0 43 204 
9606.ENSP00000330269 9606.ENSP00000367151 0 0 0 76 152 0 0 182 
9606.ENSP00000330269 9606.ENSP00000342952 0 0 0 107 125 0 0 185 
9606.ENSP00000330269 9606.ENSP00000361765 0 0 0 152 0 0 0 152 
9606.ENSP00000330269 9606.ENSP00000376048 0 0 0 213 57 0 50 233 
9606.ENSP00000330269 9606.ENSP00000354896 0 0 0 151 0 0 0 151 
9606.ENSP00000330269 9606.ENSP00000220751 0 0 0 62 160 0 43 180 
9606.ENSP00000330269 9606.ENSP00000005284 0 0 0 298 0 0 0 298 
9606.ENSP00000330269 9606.ENSP00000363117 0 0 0 62 160 0 43 180 
9606.ENSP00000330269 9606.ENSP00000367001 0 0 0 175 0 0 0 175 
9606.ENSP00000330269 9606.ENSP00000283309 0 0 0 0 85 0 155 193 
9606.ENSP00000330269 9606.ENSP00000255224 0 0 0 183 0 0 0 183 
9606.ENSP00000330269 9606.ENSP00000479811 0 0 0 183 0 0 0 183 
9606.ENSP00000330269 9606.ENSP00000426528 0 0 0 158 0 0 0 158 
9606.ENSP00000330269 9606.ENSP00000253055 0 0 0 62 160 0 43 180 
9606.ENSP00000330269 9606.ENSP00000401907 0 0 0 62 160 0 43 180 
9606.ENSP00000330269 9606.ENSP00000429834 0 0 0 0 151 0 0 151 
9606.ENSP00000330269 9606.ENSP00000218230 0 0 0 95 0 0 354 390 
9606.ENSP00000330269 9606.ENSP00000355082 0 0 0 0 151 0 0 151 
9606.ENSP00000330269 9606.ENSP00000419195 0 0 0 159 53 0 0 170 
9606.ENSP00000330269 9606.ENSP00000263610 0 0 0 146 50 0 282 366 
9606.ENSP00000330269 9606.ENSP00000369017 0 0 0 0 0 0 186 186 
9606.ENSP00000330269 9606.ENSP00000373700 0 0 0 62 160 0 43 180 
9606.ENSP00000330269 9606.ENSP00000311005 0 0 0 57 260 0 63 289 
9606.ENSP00000330269 9606.ENSP00000402790 0 0 0 299 0 0 0 299 
9606.ENSP00000330269 9606.ENSP00000393161 0 0 0 190 0 0 0 190 
9606.ENSP00000330269 9606.ENSP00000382697 0 0 0 62 160 0 43 180 
9606.ENSP00000330269 9606.ENSP00000360108 0 0 0 107 97 0 98 209 
