9606.ENSP00000377257 9606.ENSP00000315775 0 0 0 0 0 0 370 370 
9606.ENSP00000377257 9606.ENSP00000305595 0 0 0 0 0 0 281 281 
9606.ENSP00000377257 9606.ENSP00000303366 0 0 0 0 0 0 424 424 
9606.ENSP00000377257 9606.ENSP00000465930 0 0 0 0 0 0 157 157 
9606.ENSP00000377257 9606.ENSP00000485028 0 0 0 0 0 900 172 913 
9606.ENSP00000377257 9606.ENSP00000389176 0 0 0 0 0 900 590 957 
9606.ENSP00000377257 9606.ENSP00000216124 0 0 0 0 0 0 205 205 
9606.ENSP00000377257 9606.ENSP00000482169 0 0 0 0 0 0 167 167 
9606.ENSP00000377257 9606.ENSP00000317257 0 0 0 0 0 0 653 653 
9606.ENSP00000377257 9606.ENSP00000381699 0 0 0 0 0 900 457 943 
9606.ENSP00000377257 9606.ENSP00000376246 0 0 0 0 0 0 178 178 
9606.ENSP00000377257 9606.ENSP00000258317 0 0 0 0 0 0 421 421 
9606.ENSP00000377257 9606.ENSP00000278314 0 0 0 0 0 0 156 156 
9606.ENSP00000377257 9606.ENSP00000470259 0 0 0 0 0 0 153 153 
9606.ENSP00000377257 9606.ENSP00000029410 0 0 0 0 0 0 631 631 
9606.ENSP00000377257 9606.ENSP00000351602 0 0 0 0 0 0 421 421 
9606.ENSP00000377257 9606.ENSP00000399457 0 0 0 0 0 0 150 150 
9606.ENSP00000377257 9606.ENSP00000485659 0 0 0 0 0 900 252 922 
9606.ENSP00000377257 9606.ENSP00000315263 0 0 0 0 0 0 268 268 
9606.ENSP00000377257 9606.ENSP00000369921 0 0 0 0 0 0 152 152 
9606.ENSP00000377257 9606.ENSP00000301391 0 0 0 0 0 0 223 223 
9606.ENSP00000377257 9606.ENSP00000221265 0 0 0 0 0 0 330 330 
9606.ENSP00000377257 9606.ENSP00000349884 0 0 0 0 0 0 163 163 
9606.ENSP00000377257 9606.ENSP00000355632 0 0 0 0 0 0 437 437 
9606.ENSP00000377257 9606.ENSP00000354090 0 0 0 0 0 0 256 256 
9606.ENSP00000377257 9606.ENSP00000381968 0 0 0 0 0 0 220 220 
9606.ENSP00000377257 9606.ENSP00000361110 0 0 0 0 0 0 556 556 
9606.ENSP00000377257 9606.ENSP00000423313 0 0 0 49 0 0 399 404 
9606.ENSP00000377257 9606.ENSP00000313571 0 0 0 0 0 0 700 700 
9606.ENSP00000377257 9606.ENSP00000221992 0 0 0 0 0 0 188 188 
9606.ENSP00000377257 9606.ENSP00000262776 0 0 0 0 0 0 150 150 
9606.ENSP00000377257 9606.ENSP00000341141 0 0 0 0 0 0 284 284 
9606.ENSP00000377257 9606.ENSP00000316173 0 0 0 0 0 0 324 324 
9606.ENSP00000377257 9606.ENSP00000367891 0 0 0 0 0 0 700 700 
9606.ENSP00000377257 9606.ENSP00000404718 0 0 0 0 0 0 508 508 
9606.ENSP00000377257 9606.ENSP00000317817 0 0 0 0 0 0 161 161 
9606.ENSP00000377257 9606.ENSP00000312021 0 0 0 62 0 900 530 952 
9606.ENSP00000377257 9606.ENSP00000379377 0 0 0 0 0 900 425 940 
9606.ENSP00000377257 9606.ENSP00000353910 0 0 0 0 0 0 497 497 
9606.ENSP00000377257 9606.ENSP00000341206 0 0 0 0 0 0 290 290 
9606.ENSP00000377257 9606.ENSP00000355374 0 0 0 0 0 0 226 226 
9606.ENSP00000377257 9606.ENSP00000341562 0 0 0 0 0 0 692 692 
9606.ENSP00000377257 9606.ENSP00000351669 0 0 0 0 0 0 165 165 
9606.ENSP00000377257 9606.ENSP00000263593 0 0 0 0 0 0 421 421 
9606.ENSP00000377257 9606.ENSP00000380488 0 0 0 0 0 0 400 400 
9606.ENSP00000377257 9606.ENSP00000414350 0 0 0 0 0 900 247 921 
9606.ENSP00000377257 9606.ENSP00000370522 0 0 0 0 0 0 196 196 
9606.ENSP00000377257 9606.ENSP00000428540 0 0 0 0 0 800 83 808 
9606.ENSP00000377257 9606.ENSP00000348959 0 0 0 0 0 0 174 174 
9606.ENSP00000377257 9606.ENSP00000361932 0 0 0 0 0 0 316 316 
9606.ENSP00000377257 9606.ENSP00000301046 0 0 0 0 0 0 540 540 
9606.ENSP00000377257 9606.ENSP00000436047 0 0 0 0 0 0 236 236 
9606.ENSP00000377257 9606.ENSP00000360776 0 0 0 0 0 0 707 707 
9606.ENSP00000377257 9606.ENSP00000222115 0 0 0 0 0 0 261 261 
9606.ENSP00000377257 9606.ENSP00000266718 0 0 0 0 0 900 0 900 
9606.ENSP00000377257 9606.ENSP00000321343 0 0 0 61 0 900 252 923 
9606.ENSP00000377257 9606.ENSP00000269299 0 0 0 0 0 0 242 242 
9606.ENSP00000377257 9606.ENSP00000361060 0 0 0 61 0 0 227 243 
9606.ENSP00000377257 9606.ENSP00000371073 0 0 0 0 0 0 158 158 
9606.ENSP00000377257 9606.ENSP00000387498 0 0 0 62 0 900 453 944 
9606.ENSP00000377257 9606.ENSP00000466799 0 0 0 0 0 0 177 177 
9606.ENSP00000377257 9606.ENSP00000356702 0 0 0 0 0 0 234 234 
9606.ENSP00000377257 9606.ENSP00000426119 0 0 0 0 0 0 246 246 
9606.ENSP00000377257 9606.ENSP00000369314 0 0 0 0 0 0 254 254 
9606.ENSP00000377257 9606.ENSP00000310657 0 0 0 0 0 0 178 178 
9606.ENSP00000377257 9606.ENSP00000282728 0 0 0 0 0 0 211 211 
9606.ENSP00000377257 9606.ENSP00000298251 0 0 0 55 0 0 227 238 
9606.ENSP00000377257 9606.ENSP00000347714 0 0 0 61 0 0 168 185 
9606.ENSP00000377257 9606.ENSP00000401502 0 0 0 0 0 0 369 369 
9606.ENSP00000377257 9606.ENSP00000376453 0 0 0 0 0 0 183 183 
9606.ENSP00000377257 9606.ENSP00000377303 0 0 0 0 0 0 473 473 
9606.ENSP00000377257 9606.ENSP00000379438 0 0 0 0 0 0 192 192 
9606.ENSP00000377257 9606.ENSP00000363590 0 0 0 0 0 0 286 286 
9606.ENSP00000377257 9606.ENSP00000247461 0 0 0 0 119 0 112 184 
9606.ENSP00000377257 9606.ENSP00000302716 0 0 0 0 0 900 170 913 
9606.ENSP00000377257 9606.ENSP00000229329 0 0 0 63 163 0 501 574 
9606.ENSP00000377257 9606.ENSP00000298292 0 0 0 0 0 0 155 155 
9606.ENSP00000377257 9606.ENSP00000352097 0 0 0 0 0 0 406 406 
9606.ENSP00000377257 9606.ENSP00000342609 0 0 0 0 0 0 288 288 
9606.ENSP00000377257 9606.ENSP00000261483 0 0 0 0 0 0 537 537 
9606.ENSP00000377257 9606.ENSP00000384886 0 0 0 0 0 0 153 153 
9606.ENSP00000377257 9606.ENSP00000417654 0 0 0 0 0 0 154 154 
9606.ENSP00000377257 9606.ENSP00000236147 0 0 0 45 0 0 442 444 
9606.ENSP00000377257 9606.ENSP00000484824 0 0 0 0 0 900 421 939 
9606.ENSP00000377257 9606.ENSP00000156626 0 0 0 0 0 900 226 919 
9606.ENSP00000377257 9606.ENSP00000360645 0 0 0 0 0 0 171 171 
9606.ENSP00000377257 9606.ENSP00000276055 0 0 0 0 0 0 288 288 
9606.ENSP00000377257 9606.ENSP00000221452 0 0 0 0 0 0 440 440 
9606.ENSP00000377257 9606.ENSP00000376570 0 0 0 0 0 0 354 354 
9606.ENSP00000377257 9606.ENSP00000359264 0 0 0 0 0 0 161 161 
9606.ENSP00000377257 9606.ENSP00000398632 0 0 0 0 0 0 222 222 
9606.ENSP00000377257 9606.ENSP00000430236 0 0 0 49 0 0 251 257 
9606.ENSP00000377257 9606.ENSP00000398698 0 0 0 0 0 0 179 179 
9606.ENSP00000377257 9606.ENSP00000225276 0 0 0 0 0 0 231 231 
9606.ENSP00000377257 9606.ENSP00000307911 0 0 0 0 0 0 312 312 
9606.ENSP00000377257 9606.ENSP00000218516 0 0 0 61 0 0 282 297 
9606.ENSP00000377257 9606.ENSP00000258052 0 0 0 0 0 0 203 203 
9606.ENSP00000377257 9606.ENSP00000304364 0 0 0 0 0 900 610 959 
9606.ENSP00000377257 9606.ENSP00000294064 0 0 0 0 0 0 590 590 
9606.ENSP00000377257 9606.ENSP00000357545 0 0 0 0 0 0 162 162 
9606.ENSP00000377257 9606.ENSP00000376465 0 0 0 0 0 0 609 609 
9606.ENSP00000377257 9606.ENSP00000305790 0 0 0 0 0 0 293 293 
9606.ENSP00000377257 9606.ENSP00000413861 0 0 0 0 0 0 212 212 
9606.ENSP00000377257 9606.ENSP00000345243 0 0 0 0 0 0 228 228 
9606.ENSP00000377257 9606.ENSP00000246080 0 0 0 60 0 0 240 255 
9606.ENSP00000377257 9606.ENSP00000385735 0 0 0 0 0 0 264 264 
9606.ENSP00000377257 9606.ENSP00000357453 0 0 0 0 0 0 277 277 
9606.ENSP00000377257 9606.ENSP00000295897 0 0 0 0 0 0 224 224 
9606.ENSP00000377257 9606.ENSP00000338783 0 0 0 0 0 0 171 171 
9606.ENSP00000377257 9606.ENSP00000247815 0 0 0 0 0 0 187 187 
9606.ENSP00000377257 9606.ENSP00000309096 0 0 0 0 0 0 217 217 
9606.ENSP00000377257 9606.ENSP00000357565 0 0 0 0 0 0 159 159 
9606.ENSP00000377257 9606.ENSP00000318960 0 0 0 0 0 0 151 151 
9606.ENSP00000377257 9606.ENSP00000229239 0 0 0 0 0 0 199 199 
9606.ENSP00000377257 9606.ENSP00000256509 0 0 0 0 0 0 328 328 
9606.ENSP00000377257 9606.ENSP00000444171 0 0 0 0 0 0 503 503 
9606.ENSP00000377257 9606.ENSP00000271688 0 0 0 0 0 0 267 267 
9606.ENSP00000377257 9606.ENSP00000314500 0 0 0 0 0 0 473 473 
9606.ENSP00000377257 9606.ENSP00000416787 0 0 0 0 0 0 391 391 
9606.ENSP00000377257 9606.ENSP00000295208 0 0 0 0 0 0 169 169 
9606.ENSP00000377257 9606.ENSP00000475261 0 0 0 0 0 0 238 238 
9606.ENSP00000377257 9606.ENSP00000462333 0 0 0 0 0 0 211 211 
9606.ENSP00000377257 9606.ENSP00000262915 0 0 0 62 0 0 281 297 
9606.ENSP00000377257 9606.ENSP00000169298 0 0 0 49 0 0 268 274 
9606.ENSP00000377257 9606.ENSP00000343924 0 0 0 0 0 900 0 900 
9606.ENSP00000377257 9606.ENSP00000397947 0 0 0 0 0 0 255 255 
9606.ENSP00000377257 9606.ENSP00000254190 0 0 0 0 0 0 304 304 
9606.ENSP00000377257 9606.ENSP00000262554 0 0 0 0 0 0 216 216 
9606.ENSP00000377257 9606.ENSP00000442600 0 0 0 0 0 0 167 167 
9606.ENSP00000377257 9606.ENSP00000297135 0 0 0 0 0 0 168 168 
9606.ENSP00000377257 9606.ENSP00000411816 0 0 0 61 0 0 158 175 
9606.ENSP00000377257 9606.ENSP00000336733 0 0 0 61 0 900 168 915 
9606.ENSP00000377257 9606.ENSP00000322716 0 0 0 0 0 0 161 161 
9606.ENSP00000377257 9606.ENSP00000303775 0 0 0 0 0 0 441 441 
9606.ENSP00000377257 9606.ENSP00000217270 0 0 0 0 0 0 441 441 
9606.ENSP00000377257 9606.ENSP00000266719 0 0 0 0 0 900 0 900 
9606.ENSP00000377257 9606.ENSP00000376532 0 0 0 0 0 0 263 263 
9606.ENSP00000377257 9606.ENSP00000322270 0 0 0 62 0 0 146 164 
9606.ENSP00000377257 9606.ENSP00000350949 0 0 0 0 0 0 216 216 
9606.ENSP00000377257 9606.ENSP00000295666 0 0 0 0 0 0 502 502 
9606.ENSP00000377257 9606.ENSP00000262450 0 0 0 61 0 0 193 209 
9606.ENSP00000377257 9606.ENSP00000252804 0 0 0 61 0 0 192 209 
9606.ENSP00000377257 9606.ENSP00000227756 0 0 0 61 0 0 349 362 
9606.ENSP00000377257 9606.ENSP00000483375 0 0 0 0 0 0 212 212 
9606.ENSP00000377257 9606.ENSP00000216465 0 0 0 0 0 0 186 186 
9606.ENSP00000377257 9606.ENSP00000275493 0 0 0 0 0 0 254 254 
9606.ENSP00000377257 9606.ENSP00000350377 0 0 0 0 0 0 180 180 
9606.ENSP00000377257 9606.ENSP00000264668 0 0 0 0 0 0 505 505 
9606.ENSP00000377257 9606.ENSP00000479207 0 0 0 0 0 0 400 400 
9606.ENSP00000377257 9606.ENSP00000265070 0 0 0 0 0 0 187 187 
9606.ENSP00000377257 9606.ENSP00000338487 0 0 0 0 0 0 446 446 
9606.ENSP00000377257 9606.ENSP00000369055 0 0 0 0 0 0 711 711 
9606.ENSP00000377257 9606.ENSP00000387356 0 0 0 0 0 900 0 900 
9606.ENSP00000377257 9606.ENSP00000228463 0 0 0 0 0 0 428 428 
9606.ENSP00000377257 9606.ENSP00000306459 0 0 0 0 0 0 554 554 
9606.ENSP00000377257 9606.ENSP00000369728 0 0 0 0 0 0 170 170 
9606.ENSP00000377257 9606.ENSP00000333680 0 0 0 0 0 0 163 163 
9606.ENSP00000377257 9606.ENSP00000258774 0 0 0 0 0 0 509 509 
9606.ENSP00000377257 9606.ENSP00000303508 0 0 0 0 0 0 216 216 
9606.ENSP00000377257 9606.ENSP00000435460 0 0 0 0 0 0 203 203 
9606.ENSP00000377257 9606.ENSP00000466880 0 0 0 0 0 0 425 425 
9606.ENSP00000377257 9606.ENSP00000262262 0 0 0 0 0 0 160 160 
9606.ENSP00000377257 9606.ENSP00000210444 0 0 0 0 0 0 617 617 
9606.ENSP00000377257 9606.ENSP00000264968 0 0 0 0 0 0 372 372 
9606.ENSP00000377257 9606.ENSP00000333395 0 0 0 0 0 0 157 157 
9606.ENSP00000377257 9606.ENSP00000469391 0 0 0 0 0 0 215 215 
9606.ENSP00000377257 9606.ENSP00000287590 0 0 0 0 0 0 229 229 
9606.ENSP00000377257 9606.ENSP00000313398 0 0 0 0 0 0 532 532 
9606.ENSP00000377257 9606.ENSP00000251363 0 0 0 0 0 0 239 239 
9606.ENSP00000377257 9606.ENSP00000311962 0 0 0 0 0 0 376 376 
9606.ENSP00000377257 9606.ENSP00000353238 0 0 0 77 0 0 339 363 
9606.ENSP00000377257 9606.ENSP00000222803 0 0 0 0 179 0 0 179 
9606.ENSP00000377257 9606.ENSP00000378856 0 0 0 0 0 0 213 213 
9606.ENSP00000377257 9606.ENSP00000455510 0 0 0 0 0 0 153 153 
9606.ENSP00000377257 9606.ENSP00000263686 0 0 0 0 0 0 473 473 
9606.ENSP00000377257 9606.ENSP00000350085 0 0 0 0 0 0 171 171 
9606.ENSP00000377257 9606.ENSP00000216484 0 0 0 0 0 0 227 227 
9606.ENSP00000377257 9606.ENSP00000320431 0 0 0 0 0 0 234 234 
9606.ENSP00000377257 9606.ENSP00000369346 0 0 0 0 0 0 165 165 
9606.ENSP00000377257 9606.ENSP00000254301 0 0 0 0 0 0 418 418 
9606.ENSP00000377257 9606.ENSP00000398410 0 0 0 0 0 0 156 156 
9606.ENSP00000377257 9606.ENSP00000363149 0 0 0 0 0 0 167 167 
9606.ENSP00000377257 9606.ENSP00000420161 0 0 0 0 0 0 246 246 
9606.ENSP00000377257 9606.ENSP00000261416 0 0 0 0 0 0 164 164 
9606.ENSP00000377257 9606.ENSP00000259056 0 0 0 0 0 0 429 429 
9606.ENSP00000377257 9606.ENSP00000307297 0 0 0 61 0 0 144 162 
9606.ENSP00000377257 9606.ENSP00000311364 0 0 0 0 0 900 0 900 
9606.ENSP00000377257 9606.ENSP00000386942 0 0 0 0 0 0 320 320 
9606.ENSP00000377257 9606.ENSP00000297273 0 0 0 0 0 0 376 376 
9606.ENSP00000377257 9606.ENSP00000364883 0 0 0 0 0 0 156 156 
9606.ENSP00000377257 9606.ENSP00000305603 0 0 0 0 0 0 478 478 
9606.ENSP00000377257 9606.ENSP00000306920 0 0 0 60 0 900 399 938 
9606.ENSP00000377257 9606.ENSP00000317027 0 0 0 61 0 900 360 934 
9606.ENSP00000377257 9606.ENSP00000342962 0 0 0 0 0 0 224 224 
9606.ENSP00000377257 9606.ENSP00000366549 0 0 0 0 0 0 282 282 
9606.ENSP00000377257 9606.ENSP00000362824 0 0 0 51 0 0 328 335 
9606.ENSP00000377257 9606.ENSP00000338343 0 0 0 50 0 0 268 275 
9606.ENSP00000377257 9606.ENSP00000345270 0 0 0 0 0 0 495 495 
9606.ENSP00000377257 9606.ENSP00000365473 0 0 0 0 0 900 44 900 
9606.ENSP00000377257 9606.ENSP00000215906 0 0 0 0 181 0 0 181 
9606.ENSP00000377257 9606.ENSP00000308591 0 0 0 0 0 0 256 256 
9606.ENSP00000377257 9606.ENSP00000216264 0 0 0 61 0 0 436 448 
9606.ENSP00000377257 9606.ENSP00000307423 0 0 0 0 0 0 480 480 
9606.ENSP00000377257 9606.ENSP00000407422 0 0 0 0 0 900 158 912 
9606.ENSP00000377257 9606.ENSP00000347041 0 0 0 61 0 900 0 902 
9606.ENSP00000377257 9606.ENSP00000297107 0 0 0 61 0 0 473 483 
9606.ENSP00000377257 9606.ENSP00000364700 0 0 0 0 0 900 0 900 
9606.ENSP00000377257 9606.ENSP00000299642 0 0 0 0 0 0 186 186 
9606.ENSP00000377257 9606.ENSP00000336729 0 0 0 0 0 0 398 398 
9606.ENSP00000377257 9606.ENSP00000349687 0 0 0 0 0 0 274 274 
9606.ENSP00000377257 9606.ENSP00000205061 0 0 0 0 0 0 190 190 
9606.ENSP00000377257 9606.ENSP00000217182 0 0 0 0 0 0 493 493 
9606.ENSP00000377257 9606.ENSP00000353007 0 0 0 0 0 0 171 171 
9606.ENSP00000377257 9606.ENSP00000390784 0 0 0 0 0 900 677 966 
9606.ENSP00000377257 9606.ENSP00000252318 0 0 0 0 0 0 420 420 
9606.ENSP00000377257 9606.ENSP00000288078 0 0 0 61 0 0 338 352 
9606.ENSP00000377257 9606.ENSP00000055335 0 0 0 0 0 0 173 173 
9606.ENSP00000377257 9606.ENSP00000368917 0 0 0 48 0 0 356 360 
9606.ENSP00000377257 9606.ENSP00000436812 0 0 0 0 0 900 250 921 
9606.ENSP00000377257 9606.ENSP00000321874 0 0 0 0 0 0 277 277 
9606.ENSP00000377257 9606.ENSP00000299727 0 0 0 0 0 0 173 173 
9606.ENSP00000377257 9606.ENSP00000329287 0 0 0 61 0 0 177 194 
9606.ENSP00000377257 9606.ENSP00000314606 0 0 0 0 0 0 205 205 
9606.ENSP00000377257 9606.ENSP00000262407 0 0 0 0 0 0 256 256 
9606.ENSP00000377257 9606.ENSP00000378152 0 0 0 0 0 0 187 187 
9606.ENSP00000377257 9606.ENSP00000328708 0 0 0 0 0 0 167 167 
9606.ENSP00000377257 9606.ENSP00000412361 0 0 0 0 0 0 271 271 
9606.ENSP00000377257 9606.ENSP00000321077 0 0 0 0 0 0 351 351 
9606.ENSP00000377257 9606.ENSP00000360761 0 0 0 0 0 0 161 161 
9606.ENSP00000377257 9606.ENSP00000323328 0 0 0 0 0 0 408 408 
9606.ENSP00000377257 9606.ENSP00000233840 0 0 0 0 0 0 528 528 
9606.ENSP00000377257 9606.ENSP00000381486 0 0 0 0 0 0 210 210 
9606.ENSP00000377257 9606.ENSP00000260128 0 0 0 0 0 0 165 165 
9606.ENSP00000377257 9606.ENSP00000316476 0 0 0 61 0 0 275 290 
9606.ENSP00000377257 9606.ENSP00000340688 0 0 0 62 0 0 473 484 
9606.ENSP00000377257 9606.ENSP00000363603 0 0 0 0 0 0 217 217 
9606.ENSP00000377257 9606.ENSP00000356903 0 0 0 0 0 0 163 163 
9606.ENSP00000377257 9606.ENSP00000231188 0 0 0 61 0 0 220 236 
9606.ENSP00000377257 9606.ENSP00000305725 0 0 0 61 0 0 135 153 
9606.ENSP00000377257 9606.ENSP00000332886 0 0 0 61 0 0 223 239 
9606.ENSP00000377257 9606.ENSP00000386597 0 0 0 0 244 0 172 347 
9606.ENSP00000377257 9606.ENSP00000359172 0 0 0 0 0 0 162 162 
9606.ENSP00000377257 9606.ENSP00000368496 0 0 0 0 0 0 215 215 
9606.ENSP00000377257 9606.ENSP00000301452 0 0 0 0 0 0 240 240 
9606.ENSP00000377257 9606.ENSP00000416753 0 0 0 0 0 900 62 902 
9606.ENSP00000377257 9606.ENSP00000310696 0 0 0 61 0 0 284 298 
9606.ENSP00000377257 9606.ENSP00000331736 0 0 0 0 0 0 479 479 
9606.ENSP00000377257 9606.ENSP00000311747 0 0 0 0 0 0 212 212 
9606.ENSP00000377257 9606.ENSP00000417498 0 0 0 0 0 900 263 923 
9606.ENSP00000377257 9606.ENSP00000339613 0 0 0 0 0 0 223 223 
9606.ENSP00000377257 9606.ENSP00000384794 0 0 0 0 0 0 212 212 
9606.ENSP00000377257 9606.ENSP00000262551 0 0 0 61 0 900 0 902 
9606.ENSP00000377257 9606.ENSP00000374125 0 0 0 0 0 0 586 586 
9606.ENSP00000377257 9606.ENSP00000265171 0 0 0 0 0 0 197 197 
9606.ENSP00000377257 9606.ENSP00000406861 0 0 0 0 0 900 221 918 
9606.ENSP00000377257 9606.ENSP00000303070 0 0 0 0 0 0 269 269 
9606.ENSP00000377257 9606.ENSP00000273130 0 0 0 0 0 0 248 248 
9606.ENSP00000377257 9606.ENSP00000441929 0 0 0 0 0 900 186 915 
9606.ENSP00000377257 9606.ENSP00000231449 0 0 0 0 0 0 163 163 
9606.ENSP00000377257 9606.ENSP00000293373 0 0 0 0 0 0 150 150 
9606.ENSP00000377257 9606.ENSP00000296824 0 0 0 0 0 0 167 167 
9606.ENSP00000377257 9606.ENSP00000407193 0 0 0 0 0 0 157 157 
9606.ENSP00000377257 9606.ENSP00000315477 0 0 0 0 0 0 163 163 
9606.ENSP00000377257 9606.ENSP00000265000 0 0 0 0 0 0 659 659 
9606.ENSP00000377257 9606.ENSP00000320318 0 0 0 0 0 0 560 560 
9606.ENSP00000377257 9606.ENSP00000481096 0 0 0 0 0 0 343 343 
9606.ENSP00000377257 9606.ENSP00000480157 0 0 0 0 0 0 182 182 
9606.ENSP00000377257 9606.ENSP00000370194 0 0 0 0 0 0 243 243 
9606.ENSP00000377257 9606.ENSP00000344260 0 0 0 0 0 0 657 657 
9606.ENSP00000377257 9606.ENSP00000364150 0 0 0 0 0 0 411 411 
9606.ENSP00000377257 9606.ENSP00000356064 0 0 0 0 0 0 221 221 
9606.ENSP00000377257 9606.ENSP00000483018 0 0 0 0 0 0 150 150 
9606.ENSP00000377257 9606.ENSP00000261837 0 0 0 61 0 0 711 717 
9606.ENSP00000377257 9606.ENSP00000368771 0 0 0 0 0 900 64 902 
9606.ENSP00000377257 9606.ENSP00000381008 0 0 0 0 0 900 319 928 
9606.ENSP00000377257 9606.ENSP00000415454 0 0 0 0 0 900 633 961 
9606.ENSP00000377257 9606.ENSP00000280481 0 0 0 61 0 0 132 150 
9606.ENSP00000377257 9606.ENSP00000329380 0 0 0 0 0 0 204 204 
9606.ENSP00000377257 9606.ENSP00000376456 0 0 0 0 0 0 724 724 
9606.ENSP00000377257 9606.ENSP00000329214 0 0 0 61 0 900 140 912 
9606.ENSP00000377257 9606.ENSP00000452762 0 0 0 0 0 0 408 408 
9606.ENSP00000377257 9606.ENSP00000298130 0 0 0 0 0 0 331 331 
9606.ENSP00000377257 9606.ENSP00000303206 0 0 0 0 0 0 154 154 
9606.ENSP00000377257 9606.ENSP00000417583 0 0 0 0 0 900 184 915 
9606.ENSP00000377257 9606.ENSP00000285599 0 0 0 0 0 0 228 228 
9606.ENSP00000377257 9606.ENSP00000370519 0 0 0 0 0 0 165 165 
9606.ENSP00000377257 9606.ENSP00000299886 0 0 0 0 0 0 156 156 
9606.ENSP00000377257 9606.ENSP00000363397 0 0 0 0 0 0 446 446 
9606.ENSP00000377257 9606.ENSP00000304915 0 0 0 0 0 0 156 156 
9606.ENSP00000377257 9606.ENSP00000318142 0 0 0 0 0 0 566 566 
9606.ENSP00000377257 9606.ENSP00000379353 0 0 0 0 0 900 267 923 
9606.ENSP00000377257 9606.ENSP00000361302 0 0 0 0 0 0 209 209 
9606.ENSP00000377257 9606.ENSP00000302599 0 0 0 0 0 0 333 333 
9606.ENSP00000377257 9606.ENSP00000422533 0 0 0 62 0 0 161 179 
9606.ENSP00000377257 9606.ENSP00000261534 0 0 0 0 0 0 194 194 
9606.ENSP00000377257 9606.ENSP00000319636 0 0 0 0 0 0 187 187 
9606.ENSP00000377257 9606.ENSP00000436604 0 0 0 0 0 0 542 542 
9606.ENSP00000377257 9606.ENSP00000348019 0 0 0 0 0 0 297 297 
9606.ENSP00000377257 9606.ENSP00000362235 0 0 0 0 0 0 298 298 
9606.ENSP00000377257 9606.ENSP00000304355 0 0 0 0 0 0 167 167 
9606.ENSP00000377257 9606.ENSP00000447852 0 0 0 0 0 0 366 366 
9606.ENSP00000377257 9606.ENSP00000297913 0 0 0 0 0 0 179 179 
9606.ENSP00000377257 9606.ENSP00000383145 0 0 0 0 0 0 153 153 
9606.ENSP00000377257 9606.ENSP00000480884 0 0 0 0 0 0 245 245 
9606.ENSP00000377257 9606.ENSP00000358565 0 0 0 0 0 0 547 547 
9606.ENSP00000377257 9606.ENSP00000398890 0 0 0 0 0 0 267 267 
9606.ENSP00000377257 9606.ENSP00000376048 0 0 0 0 0 0 192 192 
9606.ENSP00000377257 9606.ENSP00000348170 0 0 0 0 0 0 160 160 
9606.ENSP00000377257 9606.ENSP00000364902 0 0 0 0 0 0 217 217 
9606.ENSP00000377257 9606.ENSP00000002165 0 0 0 0 0 0 311 311 
9606.ENSP00000377257 9606.ENSP00000361562 0 0 0 0 0 0 473 473 
9606.ENSP00000377257 9606.ENSP00000268261 0 0 0 0 0 0 150 150 
9606.ENSP00000377257 9606.ENSP00000379839 0 0 0 0 0 0 642 642 
9606.ENSP00000377257 9606.ENSP00000396445 0 0 0 0 0 0 226 226 
9606.ENSP00000377257 9606.ENSP00000364782 0 0 0 0 0 0 630 630 
9606.ENSP00000377257 9606.ENSP00000356630 0 0 0 0 0 0 199 199 
9606.ENSP00000377257 9606.ENSP00000309270 0 0 0 61 0 0 385 397 
9606.ENSP00000377257 9606.ENSP00000304004 0 0 0 51 309 0 0 316 
9606.ENSP00000377257 9606.ENSP00000362399 0 0 0 61 0 0 158 175 
9606.ENSP00000377257 9606.ENSP00000465260 0 0 0 0 0 0 326 326 
9606.ENSP00000377257 9606.ENSP00000332757 0 0 0 0 0 0 327 327 
9606.ENSP00000377257 9606.ENSP00000291707 0 0 0 0 0 0 182 182 
9606.ENSP00000377257 9606.ENSP00000296468 0 0 0 0 0 0 175 175 
9606.ENSP00000377257 9606.ENSP00000377696 0 0 0 0 0 0 255 255 
9606.ENSP00000377257 9606.ENSP00000223369 0 0 0 0 0 0 177 177 
9606.ENSP00000377257 9606.ENSP00000332723 0 0 0 0 0 0 392 392 
9606.ENSP00000377257 9606.ENSP00000244728 0 0 0 0 0 0 280 280 
9606.ENSP00000377257 9606.ENSP00000363452 0 0 0 0 0 0 192 192 
9606.ENSP00000377257 9606.ENSP00000240333 0 0 0 0 0 0 152 152 
9606.ENSP00000377257 9606.ENSP00000482202 0 0 0 0 0 0 167 167 
9606.ENSP00000377257 9606.ENSP00000263277 0 0 0 0 0 0 225 225 
9606.ENSP00000377257 9606.ENSP00000480428 0 0 0 0 0 0 165 165 
9606.ENSP00000377257 9606.ENSP00000085219 0 0 0 0 0 0 358 358 
9606.ENSP00000377257 9606.ENSP00000346839 0 0 0 0 0 0 183 183 
9606.ENSP00000377257 9606.ENSP00000386377 0 0 0 0 0 0 557 557 
9606.ENSP00000377257 9606.ENSP00000281830 0 0 0 0 0 0 221 221 
9606.ENSP00000377257 9606.ENSP00000300404 0 0 0 0 0 0 743 743 
9606.ENSP00000377257 9606.ENSP00000391788 0 0 0 0 0 0 161 161 
9606.ENSP00000377257 9606.ENSP00000320560 0 0 0 0 0 0 187 187 
9606.ENSP00000377257 9606.ENSP00000381086 0 0 0 0 0 0 213 213 
9606.ENSP00000377257 9606.ENSP00000426167 0 0 0 0 0 0 202 202 
9606.ENSP00000377257 9606.ENSP00000302441 0 0 0 0 0 0 413 413 
9606.ENSP00000377257 9606.ENSP00000236709 0 0 0 0 0 0 214 214 
9606.ENSP00000377257 9606.ENSP00000469582 0 0 0 0 0 0 223 223 
9606.ENSP00000377257 9606.ENSP00000391227 0 0 0 61 0 0 400 412 
9606.ENSP00000377257 9606.ENSP00000452948 0 0 0 61 0 0 312 326 
9606.ENSP00000377257 9606.ENSP00000343002 0 0 0 0 0 0 152 152 
9606.ENSP00000377257 9606.ENSP00000268695 0 0 0 0 0 0 187 187 
9606.ENSP00000377257 9606.ENSP00000322754 0 0 0 0 0 0 290 290 
9606.ENSP00000377257 9606.ENSP00000269195 0 0 0 0 0 0 398 398 
9606.ENSP00000377257 9606.ENSP00000360244 0 0 0 61 0 0 132 150 
9606.ENSP00000377257 9606.ENSP00000325485 0 0 0 0 0 0 225 225 
9606.ENSP00000377257 9606.ENSP00000481912 0 0 0 87 0 0 132 174 
9606.ENSP00000377257 9606.ENSP00000261772 0 0 0 0 0 0 168 168 
