9606.ENSP00000380136 9606.ENSP00000294312 0 0 0 0 0 0 183 183 
9606.ENSP00000380136 9606.ENSP00000419153 0 0 0 0 95 0 236 279 
9606.ENSP00000380136 9606.ENSP00000418915 0 0 0 0 83 0 557 577 
9606.ENSP00000380136 9606.ENSP00000291582 0 0 0 51 144 0 70 179 
9606.ENSP00000380136 9606.ENSP00000377969 0 0 0 81 0 0 145 180 
9606.ENSP00000380136 9606.ENSP00000342828 0 0 0 0 50 0 204 211 
9606.ENSP00000380136 9606.ENSP00000409279 0 0 0 65 0 0 157 178 
9606.ENSP00000380136 9606.ENSP00000429089 0 0 0 63 162 0 50 188 
9606.ENSP00000380136 9606.ENSP00000310572 0 0 0 77 127 0 50 167 
9606.ENSP00000380136 9606.ENSP00000380044 0 0 0 74 0 0 220 246 
9606.ENSP00000380136 9606.ENSP00000262419 0 0 0 201 138 0 368 527 
9606.ENSP00000380136 9606.ENSP00000431512 0 0 0 51 131 0 97 190 
9606.ENSP00000380136 9606.ENSP00000447000 0 0 0 77 0 0 131 163 
9606.ENSP00000380136 9606.ENSP00000360493 0 0 0 0 84 0 275 307 
9606.ENSP00000380136 9606.ENSP00000295256 0 0 0 61 0 0 146 163 
9606.ENSP00000380136 9606.ENSP00000484261 0 0 0 0 301 0 104 346 
9606.ENSP00000380136 9606.ENSP00000350052 0 0 0 52 186 0 65 216 
9606.ENSP00000380136 9606.ENSP00000316114 0 0 0 64 51 0 121 151 
9606.ENSP00000380136 9606.ENSP00000231509 0 0 0 0 0 0 186 186 
9606.ENSP00000380136 9606.ENSP00000385795 0 0 0 63 339 0 75 377 
9606.ENSP00000380136 9606.ENSP00000369784 0 0 0 0 154 0 0 154 
9606.ENSP00000380136 9606.ENSP00000441953 0 0 0 0 0 0 221 221 
9606.ENSP00000380136 9606.ENSP00000355388 0 0 0 62 178 0 94 240 
9606.ENSP00000380136 9606.ENSP00000444029 0 0 0 98 98 0 50 159 
9606.ENSP00000380136 9606.ENSP00000347684 0 0 0 55 62 0 223 251 
9606.ENSP00000380136 9606.ENSP00000299413 0 0 0 0 0 0 158 158 
9606.ENSP00000380136 9606.ENSP00000385571 0 0 0 96 0 0 265 307 
9606.ENSP00000380136 9606.ENSP00000468785 0 0 0 0 0 0 206 206 
9606.ENSP00000380136 9606.ENSP00000366314 0 0 0 0 0 0 178 178 
9606.ENSP00000380136 9606.ENSP00000482538 0 0 0 0 301 0 104 346 
9606.ENSP00000380136 9606.ENSP00000320239 0 0 0 62 0 0 138 156 
9606.ENSP00000380136 9606.ENSP00000284273 0 0 0 63 55 0 221 249 
9606.ENSP00000380136 9606.ENSP00000384629 0 0 0 64 133 0 278 363 
9606.ENSP00000380136 9606.ENSP00000380352 0 0 0 82 0 0 199 233 
9606.ENSP00000380136 9606.ENSP00000351524 0 0 0 156 63 0 82 211 
9606.ENSP00000380136 9606.ENSP00000322142 0 0 0 79 676 900 708 990 
9606.ENSP00000380136 9606.ENSP00000216237 0 0 0 64 53 0 242 269 
9606.ENSP00000380136 9606.ENSP00000355924 0 0 0 63 133 0 185 280 
9606.ENSP00000380136 9606.ENSP00000296051 0 0 0 0 0 0 204 204 
9606.ENSP00000380136 9606.ENSP00000457466 0 0 0 64 144 0 162 270 
9606.ENSP00000380136 9606.ENSP00000365858 0 0 0 0 0 0 211 211 
9606.ENSP00000380136 9606.ENSP00000332790 0 0 0 0 301 0 104 346 
9606.ENSP00000380136 9606.ENSP00000391211 0 0 0 61 127 0 50 153 
9606.ENSP00000380136 9606.ENSP00000222726 0 0 0 0 354 0 143 422 
9606.ENSP00000380136 9606.ENSP00000352565 0 0 0 0 0 0 383 383 
9606.ENSP00000380136 9606.ENSP00000284476 0 0 0 62 0 0 365 379 
9606.ENSP00000380136 9606.ENSP00000242108 0 0 0 63 166 0 0 185 
9606.ENSP00000380136 9606.ENSP00000375921 0 0 0 0 52 0 165 174 
9606.ENSP00000380136 9606.ENSP00000361548 0 0 0 0 0 0 290 290 
9606.ENSP00000380136 9606.ENSP00000366999 0 0 0 0 943 0 151 950 
9606.ENSP00000380136 9606.ENSP00000357644 0 0 0 61 0 900 0 902 
9606.ENSP00000380136 9606.ENSP00000262241 0 0 0 64 0 0 255 273 
9606.ENSP00000380136 9606.ENSP00000420009 0 0 0 0 50 0 148 156 
9606.ENSP00000380136 9606.ENSP00000264110 0 0 0 64 79 0 170 222 
9606.ENSP00000380136 9606.ENSP00000381581 0 0 0 0 75 0 155 185 
9606.ENSP00000380136 9606.ENSP00000339795 0 0 0 63 0 0 293 309 
9606.ENSP00000380136 9606.ENSP00000341219 0 0 0 78 266 0 300 485 
9606.ENSP00000380136 9606.ENSP00000481850 0 0 0 63 284 0 211 424 
9606.ENSP00000380136 9606.ENSP00000444896 0 0 0 0 0 0 195 195 
9606.ENSP00000380136 9606.ENSP00000481091 0 0 0 49 186 0 307 417 
9606.ENSP00000380136 9606.ENSP00000356234 0 0 0 81 101 0 257 333 
9606.ENSP00000380136 9606.ENSP00000326366 0 0 0 0 156 0 0 156 
9606.ENSP00000380136 9606.ENSP00000435926 0 0 0 61 177 0 0 194 
9606.ENSP00000380136 9606.ENSP00000216122 0 0 0 62 83 0 111 169 
9606.ENSP00000380136 9606.ENSP00000442382 0 0 0 63 284 0 402 564 
9606.ENSP00000380136 9606.ENSP00000431962 0 0 0 62 50 0 307 328 
9606.ENSP00000380136 9606.ENSP00000363640 0 0 0 63 0 0 293 309 
9606.ENSP00000380136 9606.ENSP00000293897 0 0 0 0 0 0 212 212 
9606.ENSP00000380136 9606.ENSP00000458075 0 0 0 114 185 0 63 264 
9606.ENSP00000380136 9606.ENSP00000264156 0 0 0 61 83 0 127 182 
9606.ENSP00000380136 9606.ENSP00000216297 0 0 0 62 194 0 199 342 
9606.ENSP00000380136 9606.ENSP00000276925 0 0 0 0 83 0 152 189 
9606.ENSP00000380136 9606.ENSP00000367608 0 0 0 0 0 0 176 176 
9606.ENSP00000380136 9606.ENSP00000348089 0 0 0 63 144 0 87 204 
9606.ENSP00000380136 9606.ENSP00000364912 0 0 0 218 0 0 70 242 
9606.ENSP00000380136 9606.ENSP00000226319 0 0 0 63 284 0 367 538 
9606.ENSP00000380136 9606.ENSP00000311827 0 0 0 107 157 0 520 608 
9606.ENSP00000380136 9606.ENSP00000262519 0 0 0 74 133 0 365 445 
9606.ENSP00000380136 9606.ENSP00000300305 0 0 0 0 447 0 455 686 
9606.ENSP00000380136 9606.ENSP00000411532 0 0 0 62 157 0 94 221 
9606.ENSP00000380136 9606.ENSP00000419425 0 0 0 55 0 0 313 323 
9606.ENSP00000380136 9606.ENSP00000297431 0 0 0 63 174 0 225 348 
9606.ENSP00000380136 9606.ENSP00000358151 0 0 0 62 194 0 445 544 
9606.ENSP00000380136 9606.ENSP00000206595 0 0 0 63 133 0 64 173 
9606.ENSP00000380136 9606.ENSP00000352185 0 0 0 62 50 0 159 185 
9606.ENSP00000380136 9606.ENSP00000333277 0 0 0 0 948 0 100 951 
9606.ENSP00000380136 9606.ENSP00000308576 0 0 0 0 133 0 63 152 
9606.ENSP00000380136 9606.ENSP00000373354 0 0 0 63 133 0 64 173 
9606.ENSP00000380136 9606.ENSP00000238994 0 0 0 0 0 0 248 248 
9606.ENSP00000380136 9606.ENSP00000295897 0 0 0 0 89 0 119 163 
9606.ENSP00000380136 9606.ENSP00000472546 0 0 0 0 156 0 0 156 
9606.ENSP00000380136 9606.ENSP00000298746 0 0 0 78 0 0 116 150 
9606.ENSP00000380136 9606.ENSP00000318861 0 0 0 106 0 0 102 162 
9606.ENSP00000380136 9606.ENSP00000450853 0 0 0 52 186 0 62 212 
9606.ENSP00000380136 9606.ENSP00000478796 0 0 0 52 186 0 62 212 
9606.ENSP00000380136 9606.ENSP00000482063 0 0 0 55 0 0 238 249 
9606.ENSP00000380136 9606.ENSP00000265728 0 0 0 63 0 0 131 150 
9606.ENSP00000380136 9606.ENSP00000380998 0 0 0 0 0 0 228 228 
9606.ENSP00000380136 9606.ENSP00000439189 0 0 0 52 186 0 64 214 
9606.ENSP00000380136 9606.ENSP00000415178 0 0 0 0 152 0 0 152 
9606.ENSP00000380136 9606.ENSP00000470252 0 0 0 113 74 0 75 173 
9606.ENSP00000380136 9606.ENSP00000415579 0 0 0 63 95 0 98 168 
9606.ENSP00000380136 9606.ENSP00000418721 0 0 0 51 0 0 214 222 
9606.ENSP00000380136 9606.ENSP00000457810 0 0 0 0 0 0 214 214 
9606.ENSP00000380136 9606.ENSP00000481622 0 0 0 62 194 0 82 245 
9606.ENSP00000380136 9606.ENSP00000339992 0 0 0 64 50 0 229 254 
9606.ENSP00000380136 9606.ENSP00000278618 0 0 0 0 0 0 150 150 
9606.ENSP00000380136 9606.ENSP00000373340 0 0 0 63 807 900 793 995 
9606.ENSP00000380136 9606.ENSP00000475814 0 0 0 0 301 0 439 591 
9606.ENSP00000380136 9606.ENSP00000349723 0 0 0 63 95 0 105 174 
9606.ENSP00000380136 9606.ENSP00000298910 0 0 0 62 125 0 55 156 
9606.ENSP00000380136 9606.ENSP00000306752 0 0 0 63 185 0 63 221 
9606.ENSP00000380136 9606.ENSP00000437775 0 0 0 61 0 0 291 305 
9606.ENSP00000380136 9606.ENSP00000333551 0 0 0 0 0 0 150 150 
9606.ENSP00000380136 9606.ENSP00000360157 0 0 0 49 64 0 237 262 
9606.ENSP00000380136 9606.ENSP00000275493 0 0 0 0 0 0 160 160 
9606.ENSP00000380136 9606.ENSP00000361927 0 0 0 0 156 0 0 156 
9606.ENSP00000380136 9606.ENSP00000302967 0 0 0 63 261 0 388 539 
9606.ENSP00000380136 9606.ENSP00000362441 0 0 0 63 144 0 191 295 
9606.ENSP00000380136 9606.ENSP00000457723 0 0 0 64 181 0 79 233 
9606.ENSP00000380136 9606.ENSP00000322570 0 0 0 0 132 0 73 161 
9606.ENSP00000380136 9606.ENSP00000302150 0 0 0 0 0 0 173 173 
9606.ENSP00000380136 9606.ENSP00000254101 0 0 0 63 185 0 0 203 
9606.ENSP00000380136 9606.ENSP00000263360 0 0 0 63 0 0 131 151 
9606.ENSP00000380136 9606.ENSP00000339883 0 0 0 64 0 0 157 177 
9606.ENSP00000380136 9606.ENSP00000468367 0 0 0 78 310 0 222 461 
9606.ENSP00000380136 9606.ENSP00000219599 0 0 0 0 0 0 237 237 
9606.ENSP00000380136 9606.ENSP00000362613 0 0 0 0 50 0 167 175 
9606.ENSP00000380136 9606.ENSP00000313007 0 0 0 61 91 0 99 163 
9606.ENSP00000380136 9606.ENSP00000296417 0 0 0 59 385 0 323 574 
9606.ENSP00000380136 9606.ENSP00000302100 0 0 0 0 0 0 188 188 
9606.ENSP00000380136 9606.ENSP00000476136 0 0 0 62 194 0 82 245 
9606.ENSP00000380136 9606.ENSP00000398837 0 0 0 119 133 0 232 362 
9606.ENSP00000380136 9606.ENSP00000360515 0 0 0 0 0 0 157 157 
9606.ENSP00000380136 9606.ENSP00000401946 0 0 0 69 120 0 60 162 
9606.ENSP00000380136 9606.ENSP00000263341 0 0 0 0 0 0 185 185 
9606.ENSP00000380136 9606.ENSP00000349823 0 0 0 62 144 0 104 218 
9606.ENSP00000380136 9606.ENSP00000269385 0 0 0 0 153 0 105 209 
9606.ENSP00000380136 9606.ENSP00000476792 0 0 0 63 0 0 146 165 
9606.ENSP00000380136 9606.ENSP00000319799 0 0 0 0 269 0 87 304 
9606.ENSP00000380136 9606.ENSP00000312379 0 0 0 64 157 0 248 355 
9606.ENSP00000380136 9606.ENSP00000265970 0 0 0 62 185 0 63 221 
9606.ENSP00000380136 9606.ENSP00000360162 0 0 0 64 286 0 243 450 
9606.ENSP00000380136 9606.ENSP00000368965 0 0 0 0 0 0 188 188 
9606.ENSP00000380136 9606.ENSP00000312625 0 0 0 0 269 0 102 315 
9606.ENSP00000380136 9606.ENSP00000279873 0 0 0 55 0 0 175 187 
9606.ENSP00000380136 9606.ENSP00000313983 0 0 0 139 133 0 392 507 
9606.ENSP00000380136 9606.ENSP00000369695 0 0 0 63 265 0 546 660 
9606.ENSP00000380136 9606.ENSP00000423550 0 0 0 63 144 0 69 188 
9606.ENSP00000380136 9606.ENSP00000378402 0 0 0 82 0 0 283 314 
9606.ENSP00000380136 9606.ENSP00000219431 0 0 0 0 0 0 182 182 
9606.ENSP00000380136 9606.ENSP00000385586 0 0 0 0 124 0 220 287 
9606.ENSP00000380136 9606.ENSP00000263382 0 0 0 63 185 0 196 332 
9606.ENSP00000380136 9606.ENSP00000462667 0 0 0 62 354 0 609 742 
9606.ENSP00000380136 9606.ENSP00000362824 0 0 0 63 81 0 93 151 
9606.ENSP00000380136 9606.ENSP00000379204 0 0 0 0 0 0 189 189 
9606.ENSP00000380136 9606.ENSP00000380432 0 0 0 0 0 0 185 185 
9606.ENSP00000380136 9606.ENSP00000354720 0 0 0 64 128 0 175 267 
9606.ENSP00000380136 9606.ENSP00000229307 0 0 0 0 80 0 246 276 
9606.ENSP00000380136 9606.ENSP00000264010 0 0 0 63 95 0 163 228 
9606.ENSP00000380136 9606.ENSP00000244537 0 0 0 62 354 0 609 742 
9606.ENSP00000380136 9606.ENSP00000387784 0 0 0 63 162 0 50 188 
9606.ENSP00000380136 9606.ENSP00000371451 0 0 0 63 0 0 132 151 
9606.ENSP00000380136 9606.ENSP00000347408 0 0 0 0 0 0 156 156 
9606.ENSP00000380136 9606.ENSP00000392718 0 0 0 52 186 0 64 214 
9606.ENSP00000380136 9606.ENSP00000362734 0 0 0 0 148 0 99 199 
9606.ENSP00000380136 9606.ENSP00000346453 0 0 0 63 171 0 50 197 
9606.ENSP00000380136 9606.ENSP00000396045 0 0 0 0 157 0 57 171 
9606.ENSP00000380136 9606.ENSP00000266022 0 0 0 62 0 0 202 220 
9606.ENSP00000380136 9606.ENSP00000245934 0 0 0 77 379 0 69 420 
9606.ENSP00000380136 9606.ENSP00000295757 0 0 0 63 186 0 600 668 
9606.ENSP00000380136 9606.ENSP00000362171 0 0 0 63 63 0 160 198 
9606.ENSP00000380136 9606.ENSP00000352627 0 0 0 0 301 0 104 346 
9606.ENSP00000380136 9606.ENSP00000361363 0 0 0 79 309 0 305 519 
9606.ENSP00000380136 9606.ENSP00000306625 0 0 0 62 0 0 455 466 
9606.ENSP00000380136 9606.ENSP00000344504 0 0 0 0 269 0 198 388 
9606.ENSP00000380136 9606.ENSP00000430432 0 0 0 63 261 900 538 963 
9606.ENSP00000380136 9606.ENSP00000428787 0 0 0 0 0 0 396 396 
9606.ENSP00000380136 9606.ENSP00000257118 0 0 0 0 177 0 0 177 
9606.ENSP00000380136 9606.ENSP00000306330 0 0 0 61 169 0 44 188 
9606.ENSP00000380136 9606.ENSP00000344782 0 0 0 0 95 0 160 207 
9606.ENSP00000380136 9606.ENSP00000364270 0 0 0 62 0 0 148 167 
9606.ENSP00000380136 9606.ENSP00000268712 0 0 0 129 92 0 323 418 
9606.ENSP00000380136 9606.ENSP00000302327 0 0 0 0 0 0 211 211 
9606.ENSP00000380136 9606.ENSP00000395535 0 0 0 0 80 0 195 228 
9606.ENSP00000380136 9606.ENSP00000405330 0 0 0 0 379 0 513 684 
9606.ENSP00000380136 9606.ENSP00000358309 0 0 0 0 133 0 75 163 
9606.ENSP00000380136 9606.ENSP00000353793 0 0 0 62 77 0 127 178 
9606.ENSP00000380136 9606.ENSP00000356475 0 0 0 63 144 0 65 184 
9606.ENSP00000380136 9606.ENSP00000252071 0 0 0 0 186 0 50 193 
9606.ENSP00000380136 9606.ENSP00000483237 0 0 0 62 194 0 121 277 
9606.ENSP00000380136 9606.ENSP00000480020 0 0 0 0 377 0 0 377 
9606.ENSP00000380136 9606.ENSP00000484841 0 0 0 0 943 0 117 948 
9606.ENSP00000380136 9606.ENSP00000405890 0 0 0 61 0 0 213 230 
9606.ENSP00000380136 9606.ENSP00000243326 0 0 0 62 0 0 314 329 
9606.ENSP00000380136 9606.ENSP00000337976 0 0 0 63 137 0 403 475 
9606.ENSP00000380136 9606.ENSP00000394417 0 0 0 0 262 0 167 358 
9606.ENSP00000380136 9606.ENSP00000289153 0 0 0 62 185 0 63 221 
9606.ENSP00000380136 9606.ENSP00000377508 0 0 0 54 124 0 58 151 
9606.ENSP00000380136 9606.ENSP00000358155 0 0 0 0 301 0 439 591 
9606.ENSP00000380136 9606.ENSP00000209875 0 0 0 62 132 0 135 234 
9606.ENSP00000380136 9606.ENSP00000397552 0 0 0 61 378 0 285 546 
9606.ENSP00000380136 9606.ENSP00000484658 0 0 0 0 943 0 154 950 
9606.ENSP00000380136 9606.ENSP00000222718 0 0 0 0 50 0 210 218 
9606.ENSP00000380136 9606.ENSP00000269127 0 0 0 64 144 0 112 226 
9606.ENSP00000380136 9606.ENSP00000479910 0 0 0 63 284 0 73 324 
9606.ENSP00000380136 9606.ENSP00000336606 0 0 0 64 144 0 119 232 
9606.ENSP00000380136 9606.ENSP00000209728 0 0 0 62 188 0 441 537 
9606.ENSP00000380136 9606.ENSP00000244769 0 0 0 0 175 0 193 305 
9606.ENSP00000380136 9606.ENSP00000370109 0 0 0 63 70 0 164 208 
9606.ENSP00000380136 9606.ENSP00000260570 0 0 0 0 0 0 177 177 
9606.ENSP00000380136 9606.ENSP00000269214 0 0 0 62 0 0 322 336 
9606.ENSP00000380136 9606.ENSP00000452786 0 0 0 0 0 0 189 189 
9606.ENSP00000380136 9606.ENSP00000392553 0 0 0 0 0 0 168 168 
9606.ENSP00000380136 9606.ENSP00000482564 0 0 0 0 301 0 104 346 
9606.ENSP00000380136 9606.ENSP00000263967 0 0 0 62 185 0 157 299 
9606.ENSP00000380136 9606.ENSP00000359444 0 0 0 0 124 0 97 175 
9606.ENSP00000380136 9606.ENSP00000327513 0 0 0 0 0 0 195 195 
9606.ENSP00000380136 9606.ENSP00000436786 0 0 0 729 438 0 173 863 
9606.ENSP00000380136 9606.ENSP00000251170 0 0 0 0 152 0 0 152 
9606.ENSP00000380136 9606.ENSP00000317903 0 0 0 64 162 0 0 182 
9606.ENSP00000380136 9606.ENSP00000478672 0 0 0 0 0 0 225 225 
9606.ENSP00000380136 9606.ENSP00000367570 0 0 0 63 133 0 64 173 
9606.ENSP00000380136 9606.ENSP00000283921 0 0 0 0 124 0 296 357 
9606.ENSP00000380136 9606.ENSP00000456953 0 0 0 52 186 0 62 212 
9606.ENSP00000380136 9606.ENSP00000316032 0 0 0 95 98 0 544 595 
9606.ENSP00000380136 9606.ENSP00000419765 0 0 0 64 0 0 333 349 
9606.ENSP00000380136 9606.ENSP00000215570 0 0 0 0 0 0 173 173 
9606.ENSP00000380136 9606.ENSP00000396704 0 0 0 62 157 0 134 256 
9606.ENSP00000380136 9606.ENSP00000386857 0 0 0 52 186 0 64 214 
9606.ENSP00000380136 9606.ENSP00000345837 0 0 0 0 93 0 147 193 
9606.ENSP00000380136 9606.ENSP00000316578 0 0 0 63 0 0 244 261 
9606.ENSP00000380136 9606.ENSP00000359385 0 0 0 0 0 0 224 224 
9606.ENSP00000380136 9606.ENSP00000372088 0 0 0 64 192 0 103 262 
9606.ENSP00000380136 9606.ENSP00000296543 0 0 0 61 0 0 187 203 
9606.ENSP00000380136 9606.ENSP00000479139 0 0 0 52 186 0 62 212 
9606.ENSP00000380136 9606.ENSP00000254963 0 0 0 63 127 0 226 311 
9606.ENSP00000380136 9606.ENSP00000336701 0 0 0 61 130 0 49 155 
9606.ENSP00000380136 9606.ENSP00000369774 0 0 0 0 95 0 252 294 
9606.ENSP00000380136 9606.ENSP00000295934 0 0 0 55 62 0 160 190 
9606.ENSP00000380136 9606.ENSP00000377060 0 0 0 62 132 0 242 329 
9606.ENSP00000380136 9606.ENSP00000378624 0 0 0 62 0 0 203 220 
9606.ENSP00000380136 9606.ENSP00000402515 0 0 0 131 185 0 63 278 
9606.ENSP00000380136 9606.ENSP00000462945 0 0 0 0 730 0 204 775 
9606.ENSP00000380136 9606.ENSP00000216271 0 0 0 63 186 0 361 470 
9606.ENSP00000380136 9606.ENSP00000323858 0 0 0 64 77 0 97 151 
9606.ENSP00000380136 9606.ENSP00000318197 0 0 0 0 156 0 0 156 
9606.ENSP00000380136 9606.ENSP00000351706 0 0 0 61 127 0 50 153 
9606.ENSP00000380136 9606.ENSP00000360613 0 0 0 61 61 0 121 157 
9606.ENSP00000380136 9606.ENSP00000275815 0 0 0 0 126 0 154 228 
9606.ENSP00000380136 9606.ENSP00000268679 0 0 0 0 0 0 222 222 
9606.ENSP00000380136 9606.ENSP00000368100 0 0 0 66 169 0 85 227 
9606.ENSP00000380136 9606.ENSP00000363804 0 0 0 0 95 0 105 155 
9606.ENSP00000380136 9606.ENSP00000257818 0 0 0 55 80 0 206 250 
9606.ENSP00000380136 9606.ENSP00000413929 0 0 0 64 0 0 325 341 
9606.ENSP00000380136 9606.ENSP00000455426 0 0 0 0 95 0 184 230 
9606.ENSP00000380136 9606.ENSP00000355657 0 0 0 0 963 0 100 965 
9606.ENSP00000380136 9606.ENSP00000355778 0 0 0 0 956 0 195 963 
9606.ENSP00000380136 9606.ENSP00000306983 0 0 0 63 265 0 307 481 
9606.ENSP00000380136 9606.ENSP00000473233 0 0 0 62 175 0 0 193 
9606.ENSP00000380136 9606.ENSP00000378165 0 0 0 78 0 0 147 179 
9606.ENSP00000380136 9606.ENSP00000258484 0 0 0 112 560 0 353 725 
9606.ENSP00000380136 9606.ENSP00000362748 0 0 0 62 0 0 212 229 
9606.ENSP00000380136 9606.ENSP00000331327 0 0 0 0 95 0 166 213 
9606.ENSP00000380136 9606.ENSP00000357869 0 0 0 88 185 0 63 242 
9606.ENSP00000380136 9606.ENSP00000481920 0 0 0 63 124 0 149 240 
9606.ENSP00000380136 9606.ENSP00000363124 0 0 0 59 160 0 200 313 
9606.ENSP00000380136 9606.ENSP00000247843 0 0 0 63 379 0 366 599 
9606.ENSP00000380136 9606.ENSP00000352252 0 0 0 0 943 0 117 948 
9606.ENSP00000380136 9606.ENSP00000381657 0 0 0 61 96 0 499 538 
9606.ENSP00000380136 9606.ENSP00000386458 0 0 0 110 64 0 65 153 
9606.ENSP00000380136 9606.ENSP00000417050 0 0 0 0 0 0 189 189 
9606.ENSP00000380136 9606.ENSP00000386041 0 0 0 0 0 0 198 198 
9606.ENSP00000380136 9606.ENSP00000332325 0 0 0 0 0 0 398 398 
9606.ENSP00000380136 9606.ENSP00000286301 0 0 0 0 0 0 468 468 
9606.ENSP00000380136 9606.ENSP00000288135 0 0 0 0 0 0 250 250 
9606.ENSP00000380136 9606.ENSP00000320485 0 0 0 125 94 0 296 393 
9606.ENSP00000380136 9606.ENSP00000263100 0 0 0 0 0 0 211 211 
9606.ENSP00000380136 9606.ENSP00000280097 0 0 0 0 0 0 307 307 
9606.ENSP00000380136 9606.ENSP00000483283 0 0 0 0 943 0 117 948 
9606.ENSP00000380136 9606.ENSP00000356448 0 0 0 109 128 0 67 211 
9606.ENSP00000380136 9606.ENSP00000350223 0 0 0 64 0 0 173 193 
9606.ENSP00000380136 9606.ENSP00000281928 0 0 0 666 0 0 96 685 
9606.ENSP00000380136 9606.ENSP00000262188 0 0 0 63 0 0 262 278 
9606.ENSP00000380136 9606.ENSP00000376204 0 0 0 110 133 0 323 432 
9606.ENSP00000380136 9606.ENSP00000381293 0 0 0 61 157 0 0 174 
9606.ENSP00000380136 9606.ENSP00000289081 0 0 0 0 0 0 361 361 
9606.ENSP00000380136 9606.ENSP00000360532 0 0 0 120 50 0 89 171 
9606.ENSP00000380136 9606.ENSP00000336687 0 0 0 62 132 0 94 197 
9606.ENSP00000380136 9606.ENSP00000333326 0 0 0 0 154 0 0 154 
9606.ENSP00000380136 9606.ENSP00000348429 0 0 0 58 0 0 185 200 
9606.ENSP00000380136 9606.ENSP00000420294 0 0 0 75 133 0 0 163 
9606.ENSP00000380136 9606.ENSP00000293328 0 0 0 86 50 0 193 238 
9606.ENSP00000380136 9606.ENSP00000340874 0 0 0 0 0 0 222 222 
9606.ENSP00000380136 9606.ENSP00000262965 0 0 0 63 0 0 164 183 
9606.ENSP00000380136 9606.ENSP00000302548 0 0 0 0 50 0 231 238 
9606.ENSP00000380136 9606.ENSP00000378578 0 0 0 61 0 0 244 259 
9606.ENSP00000380136 9606.ENSP00000404092 0 0 0 85 128 0 64 187 
9606.ENSP00000380136 9606.ENSP00000367755 0 0 0 0 0 0 186 186 
9606.ENSP00000380136 9606.ENSP00000441543 0 0 0 62 112 0 86 172 
9606.ENSP00000380136 9606.ENSP00000484669 0 0 0 64 0 0 168 188 
9606.ENSP00000380136 9606.ENSP00000366876 0 0 0 59 157 0 86 211 
9606.ENSP00000380136 9606.ENSP00000347602 0 0 0 62 262 0 223 415 
9606.ENSP00000380136 9606.ENSP00000343619 0 0 0 0 404 0 544 717 
9606.ENSP00000380136 9606.ENSP00000362352 0 0 0 0 301 0 151 381 
9606.ENSP00000380136 9606.ENSP00000244534 0 0 0 0 334 0 199 443 
9606.ENSP00000380136 9606.ENSP00000265340 0 0 0 0 126 0 128 205 
9606.ENSP00000380136 9606.ENSP00000365200 0 0 0 0 86 0 162 201 
9606.ENSP00000380136 9606.ENSP00000382800 0 0 0 0 64 0 145 166 
9606.ENSP00000380136 9606.ENSP00000301634 0 0 0 0 0 0 211 211 
9606.ENSP00000380136 9606.ENSP00000328484 0 0 0 0 301 0 104 346 
9606.ENSP00000380136 9606.ENSP00000380442 0 0 0 0 157 0 50 164 
9606.ENSP00000380136 9606.ENSP00000339566 0 0 0 0 334 0 55 343 
9606.ENSP00000380136 9606.ENSP00000365851 0 0 0 55 0 0 271 282 
9606.ENSP00000380136 9606.ENSP00000358921 0 0 0 52 186 0 62 212 
9606.ENSP00000380136 9606.ENSP00000216024 0 0 0 61 130 0 49 155 
9606.ENSP00000380136 9606.ENSP00000362592 0 0 0 63 0 900 192 917 
9606.ENSP00000380136 9606.ENSP00000392094 0 0 0 49 0 0 295 301 
9606.ENSP00000380136 9606.ENSP00000446880 0 0 0 66 185 0 137 286 
9606.ENSP00000380136 9606.ENSP00000340271 0 0 0 86 287 0 245 465 
9606.ENSP00000380136 9606.ENSP00000385216 0 0 0 81 89 0 470 517 
9606.ENSP00000380136 9606.ENSP00000343103 0 0 0 61 0 0 194 211 
9606.ENSP00000380136 9606.ENSP00000356155 0 0 0 62 185 0 63 221 
9606.ENSP00000380136 9606.ENSP00000278616 0 0 0 81 90 0 350 409 
9606.ENSP00000380136 9606.ENSP00000338844 0 0 0 64 0 0 210 229 
9606.ENSP00000380136 9606.ENSP00000385479 0 0 0 0 948 0 100 951 
9606.ENSP00000380136 9606.ENSP00000234296 0 0 0 61 159 0 168 285 
9606.ENSP00000380136 9606.ENSP00000419692 0 0 0 0 0 0 189 189 
9606.ENSP00000380136 9606.ENSP00000483236 0 0 0 63 0 0 140 160 
9606.ENSP00000380136 9606.ENSP00000278823 0 0 0 61 0 900 94 907 
9606.ENSP00000380136 9606.ENSP00000423563 0 0 0 0 301 0 115 355 
9606.ENSP00000380136 9606.ENSP00000471896 0 0 0 0 0 0 188 188 
9606.ENSP00000380136 9606.ENSP00000263274 0 0 0 65 0 0 201 220 
9606.ENSP00000380136 9606.ENSP00000304169 0 0 0 0 126 0 153 228 
9606.ENSP00000380136 9606.ENSP00000387662 0 0 0 0 0 0 187 187 
9606.ENSP00000380136 9606.ENSP00000343819 0 0 0 61 123 0 57 155 
9606.ENSP00000380136 9606.ENSP00000358211 0 0 0 63 127 0 259 341 
9606.ENSP00000380136 9606.ENSP00000406367 0 0 0 49 64 0 148 176 
9606.ENSP00000380136 9606.ENSP00000283148 0 0 0 0 0 0 393 393 
9606.ENSP00000380136 9606.ENSP00000215812 0 0 0 0 152 0 0 152 
9606.ENSP00000380136 9606.ENSP00000331879 0 0 0 64 0 0 217 236 
9606.ENSP00000380136 9606.ENSP00000270172 0 0 0 0 0 0 213 213 
9606.ENSP00000380136 9606.ENSP00000261336 0 0 0 0 0 0 324 324 
9606.ENSP00000380136 9606.ENSP00000386759 0 0 0 129 133 0 418 522 
9606.ENSP00000380136 9606.ENSP00000369915 0 0 0 63 71 0 104 152 
9606.ENSP00000380136 9606.ENSP00000306999 0 0 0 62 0 0 381 394 
9606.ENSP00000380136 9606.ENSP00000331310 0 0 0 62 347 0 442 628 
9606.ENSP00000380136 9606.ENSP00000361423 0 0 0 62 159 0 162 281 
9606.ENSP00000380136 9606.ENSP00000344095 0 0 0 61 0 0 159 176 
9606.ENSP00000380136 9606.ENSP00000477572 0 0 0 0 0 0 188 188 
9606.ENSP00000380136 9606.ENSP00000361949 0 0 0 61 91 0 99 163 
9606.ENSP00000380136 9606.ENSP00000398880 0 0 0 77 0 0 120 153 
9606.ENSP00000380136 9606.ENSP00000261797 0 0 0 0 0 0 242 242 
9606.ENSP00000380136 9606.ENSP00000372351 0 0 0 83 133 0 329 420 
9606.ENSP00000380136 9606.ENSP00000347444 0 0 0 63 0 0 185 203 
9606.ENSP00000380136 9606.ENSP00000328928 0 0 0 0 50 0 146 154 
9606.ENSP00000380136 9606.ENSP00000307280 0 0 0 0 50 0 203 210 
9606.ENSP00000380136 9606.ENSP00000241453 0 0 0 0 0 0 328 328 
9606.ENSP00000380136 9606.ENSP00000311513 0 0 0 64 222 0 70 265 
9606.ENSP00000380136 9606.ENSP00000225387 0 0 0 0 0 0 222 222 
9606.ENSP00000380136 9606.ENSP00000311816 0 0 0 0 95 0 116 165 
9606.ENSP00000380136 9606.ENSP00000371067 0 0 0 0 82 0 175 210 
9606.ENSP00000380136 9606.ENSP00000478303 0 0 0 64 0 0 173 192 
9606.ENSP00000380136 9606.ENSP00000364802 0 0 0 63 127 0 57 161 
9606.ENSP00000380136 9606.ENSP00000400433 0 0 0 0 156 0 0 156 
9606.ENSP00000380136 9606.ENSP00000349508 0 0 0 62 144 900 142 921 
9606.ENSP00000380136 9606.ENSP00000358799 0 0 0 62 0 0 172 190 
9606.ENSP00000380136 9606.ENSP00000478755 0 0 0 0 152 0 0 152 
9606.ENSP00000380136 9606.ENSP00000338157 0 0 0 0 95 0 122 171 
9606.ENSP00000380136 9606.ENSP00000332118 0 0 0 0 133 0 75 163 
9606.ENSP00000380136 9606.ENSP00000386869 0 0 0 62 0 0 221 238 
9606.ENSP00000380136 9606.ENSP00000358262 0 0 0 64 261 0 65 296 
9606.ENSP00000380136 9606.ENSP00000346148 0 0 0 0 0 0 154 154 
9606.ENSP00000380136 9606.ENSP00000256398 0 0 0 114 297 0 679 783 
9606.ENSP00000380136 9606.ENSP00000381958 0 0 0 0 161 0 0 161 
9606.ENSP00000380136 9606.ENSP00000262506 0 0 0 86 0 0 195 232 
9606.ENSP00000380136 9606.ENSP00000262450 0 0 0 61 144 0 52 171 
9606.ENSP00000380136 9606.ENSP00000356370 0 0 0 0 148 0 50 155 
9606.ENSP00000380136 9606.ENSP00000386520 0 0 0 55 144 0 65 177 
9606.ENSP00000380136 9606.ENSP00000349168 0 0 0 0 156 0 0 156 
9606.ENSP00000380136 9606.ENSP00000361900 0 0 0 49 81 0 261 298 
9606.ENSP00000380136 9606.ENSP00000324573 0 0 0 0 108 0 102 164 
9606.ENSP00000380136 9606.ENSP00000255465 0 0 0 64 79 0 119 174 
9606.ENSP00000380136 9606.ENSP00000320797 0 0 0 62 96 0 83 154 
9606.ENSP00000380136 9606.ENSP00000364555 0 0 0 52 186 0 62 212 
9606.ENSP00000380136 9606.ENSP00000464060 0 0 0 0 148 0 54 159 
9606.ENSP00000380136 9606.ENSP00000269197 0 0 0 61 0 0 166 183 
9606.ENSP00000380136 9606.ENSP00000359531 0 0 0 64 0 0 209 228 
9606.ENSP00000380136 9606.ENSP00000272425 0 0 0 62 0 0 183 201 
9606.ENSP00000380136 9606.ENSP00000393312 0 0 0 50 0 0 286 292 
9606.ENSP00000380136 9606.ENSP00000388648 0 0 0 61 165 0 82 217 
9606.ENSP00000380136 9606.ENSP00000346509 0 0 0 0 301 0 104 346 
9606.ENSP00000380136 9606.ENSP00000216181 0 0 0 0 0 0 254 254 
9606.ENSP00000380136 9606.ENSP00000313171 0 0 0 64 171 0 130 265 
9606.ENSP00000380136 9606.ENSP00000371886 0 0 0 64 157 0 57 190 
9606.ENSP00000380136 9606.ENSP00000249396 0 0 0 61 173 0 478 559 
9606.ENSP00000380136 9606.ENSP00000398824 0 0 0 61 144 0 125 235 
9606.ENSP00000380136 9606.ENSP00000282549 0 0 0 0 83 0 131 169 
9606.ENSP00000380136 9606.ENSP00000371475 0 0 0 63 0 0 146 166 
9606.ENSP00000380136 9606.ENSP00000385684 0 0 0 97 0 0 203 249 
9606.ENSP00000380136 9606.ENSP00000286621 0 0 0 0 0 0 201 201 
9606.ENSP00000380136 9606.ENSP00000412302 0 0 0 0 80 900 203 920 
9606.ENSP00000380136 9606.ENSP00000362306 0 0 0 0 185 0 78 216 
9606.ENSP00000380136 9606.ENSP00000333024 0 0 0 63 133 0 64 173 
9606.ENSP00000380136 9606.ENSP00000433205 0 0 0 86 0 0 173 211 
9606.ENSP00000380136 9606.ENSP00000334675 0 0 0 61 144 0 65 182 
9606.ENSP00000380136 9606.ENSP00000360526 0 0 0 0 95 0 189 234 
9606.ENSP00000380136 9606.ENSP00000461295 0 0 0 0 0 0 150 150 
9606.ENSP00000380136 9606.ENSP00000417980 0 0 0 63 133 0 363 437 
9606.ENSP00000380136 9606.ENSP00000216911 0 0 0 61 0 0 146 164 
9606.ENSP00000380136 9606.ENSP00000263062 0 0 0 112 560 0 345 721 
9606.ENSP00000380136 9606.ENSP00000353344 0 0 0 0 0 0 256 256 
9606.ENSP00000380136 9606.ENSP00000262643 0 0 0 63 162 0 101 232 
9606.ENSP00000380136 9606.ENSP00000249499 0 0 0 0 179 0 220 332 
9606.ENSP00000380136 9606.ENSP00000253159 0 0 0 129 95 0 0 178 
9606.ENSP00000380136 9606.ENSP00000309913 0 0 0 0 50 0 153 160 
9606.ENSP00000380136 9606.ENSP00000301281 0 0 0 61 0 0 173 190 
9606.ENSP00000380136 9606.ENSP00000377954 0 0 0 51 0 0 271 279 
9606.ENSP00000380136 9606.ENSP00000288207 0 0 0 64 79 0 97 153 
9606.ENSP00000380136 9606.ENSP00000216223 0 0 0 0 0 0 189 189 
9606.ENSP00000380136 9606.ENSP00000334300 0 0 0 52 186 0 62 212 
9606.ENSP00000380136 9606.ENSP00000328547 0 0 0 51 0 0 296 303 
9606.ENSP00000380136 9606.ENSP00000249501 0 0 0 0 124 0 221 288 
9606.ENSP00000380136 9606.ENSP00000212015 0 0 0 62 186 0 556 631 
9606.ENSP00000380136 9606.ENSP00000366962 0 0 0 62 194 0 122 278 
9606.ENSP00000380136 9606.ENSP00000324403 0 0 0 51 144 0 51 162 
9606.ENSP00000380136 9606.ENSP00000332454 0 0 0 55 154 0 0 166 
9606.ENSP00000380136 9606.ENSP00000466399 0 0 0 61 169 0 49 193 
9606.ENSP00000380136 9606.ENSP00000245121 0 0 0 61 127 0 50 153 
9606.ENSP00000380136 9606.ENSP00000303423 0 0 0 63 0 0 239 256 
9606.ENSP00000380136 9606.ENSP00000288266 0 0 0 62 0 0 231 247 
9606.ENSP00000380136 9606.ENSP00000381823 0 0 0 0 64 0 227 245 
9606.ENSP00000380136 9606.ENSP00000316729 0 0 0 0 133 0 103 189 
9606.ENSP00000380136 9606.ENSP00000271715 0 0 0 110 168 0 0 228 
9606.ENSP00000380136 9606.ENSP00000264183 0 0 0 62 262 0 220 413 
9606.ENSP00000380136 9606.ENSP00000337825 0 0 0 0 82 0 116 153 
9606.ENSP00000380136 9606.ENSP00000377040 0 0 0 0 0 0 175 175 
9606.ENSP00000380136 9606.ENSP00000356530 0 0 0 0 154 0 50 161 
9606.ENSP00000380136 9606.ENSP00000383042 0 0 0 62 0 0 362 376 
9606.ENSP00000380136 9606.ENSP00000253024 0 0 0 78 108 0 146 237 
9606.ENSP00000380136 9606.ENSP00000479284 0 0 0 62 194 0 82 245 
9606.ENSP00000380136 9606.ENSP00000463154 0 0 0 63 0 0 170 189 
9606.ENSP00000380136 9606.ENSP00000340610 0 0 0 52 186 0 62 212 
9606.ENSP00000380136 9606.ENSP00000344456 0 0 0 54 124 0 185 265 
9606.ENSP00000380136 9606.ENSP00000469686 0 0 0 0 0 0 297 297 
9606.ENSP00000380136 9606.ENSP00000314505 0 0 0 63 95 0 93 163 
9606.ENSP00000380136 9606.ENSP00000337332 0 0 0 61 150 0 515 579 
9606.ENSP00000380136 9606.ENSP00000354554 0 0 0 0 0 0 192 192 
9606.ENSP00000380136 9606.ENSP00000323421 0 0 0 62 128 0 122 219 
9606.ENSP00000380136 9606.ENSP00000255613 0 0 0 62 0 0 231 247 
9606.ENSP00000380136 9606.ENSP00000479618 0 0 0 0 51 0 349 356 
9606.ENSP00000380136 9606.ENSP00000308000 0 0 0 63 0 0 131 150 
9606.ENSP00000380136 9606.ENSP00000445831 0 0 0 62 194 0 89 251 
9606.ENSP00000380136 9606.ENSP00000263620 0 0 0 58 0 0 179 193 
9606.ENSP00000380136 9606.ENSP00000304360 0 0 0 63 133 0 192 287 
9606.ENSP00000380136 9606.ENSP00000374213 0 0 0 184 144 0 302 471 
9606.ENSP00000380136 9606.ENSP00000357440 0 0 0 51 131 0 97 190 
9606.ENSP00000380136 9606.ENSP00000239938 0 0 0 0 95 0 126 176 
9606.ENSP00000380136 9606.ENSP00000358548 0 0 0 0 84 0 165 203 
9606.ENSP00000380136 9606.ENSP00000362649 0 0 0 63 261 900 580 967 
9606.ENSP00000380136 9606.ENSP00000340454 0 0 0 0 0 0 150 150 
9606.ENSP00000380136 9606.ENSP00000378199 0 0 0 63 127 0 57 161 
9606.ENSP00000380136 9606.ENSP00000340226 0 0 0 55 62 0 223 251 
9606.ENSP00000380136 9606.ENSP00000364591 0 0 0 64 63 0 162 201 
9606.ENSP00000380136 9606.ENSP00000341032 0 0 0 0 89 0 226 264 
9606.ENSP00000380136 9606.ENSP00000384371 0 0 0 0 95 0 168 214 
9606.ENSP00000380136 9606.ENSP00000354957 0 0 0 64 128 0 64 169 
9606.ENSP00000380136 9606.ENSP00000359518 0 0 0 64 192 0 142 294 
9606.ENSP00000380136 9606.ENSP00000329466 0 0 0 61 150 0 514 578 
9606.ENSP00000380136 9606.ENSP00000263238 0 0 0 0 186 0 50 193 
9606.ENSP00000380136 9606.ENSP00000285018 0 0 0 0 89 0 226 264 
9606.ENSP00000380136 9606.ENSP00000254950 0 0 0 0 0 0 150 150 
9606.ENSP00000380136 9606.ENSP00000303373 0 0 0 0 301 0 104 346 
9606.ENSP00000380136 9606.ENSP00000477213 0 0 0 0 0 0 189 189 
9606.ENSP00000380136 9606.ENSP00000482632 0 0 0 0 95 0 253 295 
9606.ENSP00000380136 9606.ENSP00000359212 0 0 0 0 53 0 181 191 
9606.ENSP00000380136 9606.ENSP00000380120 0 0 0 0 95 0 111 161 
9606.ENSP00000380136 9606.ENSP00000361473 0 0 0 63 284 0 306 494 
9606.ENSP00000380136 9606.ENSP00000383920 0 0 0 65 0 0 287 304 
9606.ENSP00000380136 9606.ENSP00000473172 0 0 0 84 306 0 259 487 
9606.ENSP00000380136 9606.ENSP00000366974 0 0 0 62 354 0 609 742 
9606.ENSP00000380136 9606.ENSP00000351947 0 0 0 65 0 0 310 327 
9606.ENSP00000380136 9606.ENSP00000308741 0 0 0 0 148 0 296 375 
9606.ENSP00000380136 9606.ENSP00000346389 0 0 0 0 0 0 223 223 
9606.ENSP00000380136 9606.ENSP00000480262 0 0 0 0 95 0 264 305 
9606.ENSP00000380136 9606.ENSP00000301067 0 0 0 140 139 0 227 377 
9606.ENSP00000380136 9606.ENSP00000289228 0 0 0 52 186 0 62 212 
9606.ENSP00000380136 9606.ENSP00000480826 0 0 0 0 963 0 117 966 
9606.ENSP00000380136 9606.ENSP00000265471 0 0 0 0 0 0 353 353 
9606.ENSP00000380136 9606.ENSP00000476295 0 0 0 63 132 0 164 261 
9606.ENSP00000380136 9606.ENSP00000262043 0 0 0 110 0 0 91 156 
9606.ENSP00000380136 9606.ENSP00000263208 0 0 0 57 186 0 62 217 
9606.ENSP00000380136 9606.ENSP00000386498 0 0 0 0 50 0 222 229 
9606.ENSP00000380136 9606.ENSP00000476228 0 0 0 61 150 0 500 566 
9606.ENSP00000380136 9606.ENSP00000370710 0 0 0 63 284 0 402 564 
9606.ENSP00000380136 9606.ENSP00000296870 0 0 0 0 0 0 171 171 
9606.ENSP00000380136 9606.ENSP00000382688 0 0 0 461 101 0 171 563 
9606.ENSP00000380136 9606.ENSP00000290378 0 0 0 52 186 0 64 214 
9606.ENSP00000380136 9606.ENSP00000469223 0 0 0 0 124 0 97 175 
9606.ENSP00000380136 9606.ENSP00000384018 0 0 0 83 92 0 228 301 
9606.ENSP00000380136 9606.ENSP00000378181 0 0 0 64 0 900 234 922 
9606.ENSP00000380136 9606.ENSP00000262809 0 0 0 0 0 0 230 230 
9606.ENSP00000380136 9606.ENSP00000350961 0 0 0 0 0 0 187 187 
9606.ENSP00000380136 9606.ENSP00000360170 0 0 0 0 0 0 167 167 
9606.ENSP00000380136 9606.ENSP00000353452 0 0 0 0 0 0 157 157 
9606.ENSP00000380136 9606.ENSP00000366618 0 0 0 62 194 0 82 245 
9606.ENSP00000380136 9606.ENSP00000269289 0 0 0 63 133 0 64 173 
9606.ENSP00000380136 9606.ENSP00000329662 0 0 0 0 269 0 54 278 
9606.ENSP00000380136 9606.ENSP00000387176 0 0 0 52 186 0 64 214 
9606.ENSP00000380136 9606.ENSP00000263826 0 0 0 50 82 900 62 907 
9606.ENSP00000380136 9606.ENSP00000484638 0 0 0 0 943 0 115 948 
9606.ENSP00000380136 9606.ENSP00000215832 0 0 0 0 58 0 214 228 
9606.ENSP00000380136 9606.ENSP00000482431 0 0 0 0 301 0 104 346 
9606.ENSP00000380136 9606.ENSP00000376658 0 0 0 0 183 0 0 183 
9606.ENSP00000380136 9606.ENSP00000341280 0 0 0 81 101 0 311 381 
9606.ENSP00000380136 9606.ENSP00000353582 0 0 0 0 0 0 150 150 
9606.ENSP00000380136 9606.ENSP00000368686 0 0 0 62 157 0 173 289 
9606.ENSP00000380136 9606.ENSP00000392028 0 0 0 64 144 0 187 292 
9606.ENSP00000380136 9606.ENSP00000287820 0 0 0 0 0 0 185 185 
9606.ENSP00000380136 9606.ENSP00000262039 0 0 0 62 185 0 63 221 
9606.ENSP00000380136 9606.ENSP00000312652 0 0 0 0 0 0 185 185 
9606.ENSP00000380136 9606.ENSP00000362300 0 0 0 0 185 0 78 216 
9606.ENSP00000380136 9606.ENSP00000338862 0 0 0 64 77 0 158 209 
9606.ENSP00000380136 9606.ENSP00000301072 0 0 0 0 156 0 0 156 
9606.ENSP00000380136 9606.ENSP00000386834 0 0 0 61 0 0 161 179 
9606.ENSP00000380136 9606.ENSP00000412326 0 0 0 62 157 0 0 175 
9606.ENSP00000380136 9606.ENSP00000380053 0 0 0 0 83 0 243 276 
9606.ENSP00000380136 9606.ENSP00000364929 0 0 0 64 287 0 483 625 
9606.ENSP00000380136 9606.ENSP00000254286 0 0 0 52 186 0 62 212 
9606.ENSP00000380136 9606.ENSP00000373600 0 0 0 55 125 0 55 150 
9606.ENSP00000380136 9606.ENSP00000301740 0 0 0 132 0 0 85 172 
9606.ENSP00000380136 9606.ENSP00000331127 0 0 0 63 185 0 63 221 
9606.ENSP00000380136 9606.ENSP00000317327 0 0 0 63 55 0 405 427 
9606.ENSP00000380136 9606.ENSP00000240335 0 0 0 0 50 0 164 172 
9606.ENSP00000380136 9606.ENSP00000481559 0 0 0 63 0 0 202 220 
9606.ENSP00000380136 9606.ENSP00000451974 0 0 0 61 157 0 90 216 
9606.ENSP00000380136 9606.ENSP00000452479 0 0 0 64 131 0 0 151 
9606.ENSP00000380136 9606.ENSP00000330694 0 0 0 64 0 0 167 186 
9606.ENSP00000380136 9606.ENSP00000323074 0 0 0 63 133 0 64 173 
9606.ENSP00000380136 9606.ENSP00000359095 0 0 0 64 0 0 210 229 
9606.ENSP00000380136 9606.ENSP00000312244 0 0 0 0 262 0 279 445 
9606.ENSP00000380136 9606.ENSP00000360266 0 0 0 0 157 0 192 290 
9606.ENSP00000380136 9606.ENSP00000381932 0 0 0 238 0 0 50 245 
9606.ENSP00000380136 9606.ENSP00000268655 0 0 0 0 95 0 128 177 
9606.ENSP00000380136 9606.ENSP00000259021 0 0 0 0 0 0 153 153 
9606.ENSP00000380136 9606.ENSP00000382863 0 0 0 136 144 0 193 351 
9606.ENSP00000380136 9606.ENSP00000282030 0 0 0 64 133 0 107 212 
9606.ENSP00000380136 9606.ENSP00000278412 0 0 0 81 0 0 188 222 
9606.ENSP00000380136 9606.ENSP00000393139 0 0 0 62 180 0 98 245 
9606.ENSP00000380136 9606.ENSP00000310170 0 0 0 64 79 0 138 192 
9606.ENSP00000380136 9606.ENSP00000307288 0 0 0 63 157 0 123 247 
9606.ENSP00000380136 9606.ENSP00000393241 0 0 0 0 108 0 91 154 
9606.ENSP00000380136 9606.ENSP00000437256 0 0 0 63 194 0 102 262 
9606.ENSP00000380136 9606.ENSP00000317971 0 0 0 66 0 0 142 164 
9606.ENSP00000380136 9606.ENSP00000384490 0 0 0 0 153 0 56 166 
9606.ENSP00000380136 9606.ENSP00000396749 0 0 0 62 98 0 296 352 
9606.ENSP00000380136 9606.ENSP00000292616 0 0 0 0 64 0 179 198 
9606.ENSP00000380136 9606.ENSP00000358160 0 0 0 0 943 0 117 948 
9606.ENSP00000380136 9606.ENSP00000339835 0 0 0 0 971 0 100 973 
9606.ENSP00000380136 9606.ENSP00000378974 0 0 0 0 0 0 185 185 
9606.ENSP00000380136 9606.ENSP00000272369 0 0 0 53 64 0 399 420 
9606.ENSP00000380136 9606.ENSP00000367022 0 0 0 0 301 0 104 346 
9606.ENSP00000380136 9606.ENSP00000264515 0 0 0 64 0 0 228 246 
9606.ENSP00000380136 9606.ENSP00000360025 0 0 0 0 0 0 170 170 
9606.ENSP00000380136 9606.ENSP00000371267 0 0 0 61 169 0 44 188 
9606.ENSP00000380136 9606.ENSP00000256442 0 0 0 64 146 0 41 166 
9606.ENSP00000380136 9606.ENSP00000255882 0 0 0 62 185 0 84 239 
9606.ENSP00000380136 9606.ENSP00000331897 0 0 0 0 0 0 195 195 
9606.ENSP00000380136 9606.ENSP00000482271 0 0 0 0 943 0 155 950 
9606.ENSP00000380136 9606.ENSP00000482228 0 0 0 0 0 0 161 161 
9606.ENSP00000380136 9606.ENSP00000410294 0 0 0 50 0 0 440 445 
9606.ENSP00000380136 9606.ENSP00000219097 0 0 0 55 0 0 273 283 
9606.ENSP00000380136 9606.ENSP00000367316 0 0 0 0 0 0 236 236 
9606.ENSP00000380136 9606.ENSP00000376534 0 0 0 64 185 0 148 293 
9606.ENSP00000380136 9606.ENSP00000378704 0 0 0 63 185 0 308 426 
9606.ENSP00000380136 9606.ENSP00000352925 0 0 0 63 412 0 395 637 
9606.ENSP00000380136 9606.ENSP00000274031 0 0 0 63 133 0 240 329 
9606.ENSP00000380136 9606.ENSP00000267064 0 0 0 64 188 0 143 292 
9606.ENSP00000380136 9606.ENSP00000372067 0 0 0 64 0 0 243 261 
9606.ENSP00000380136 9606.ENSP00000230056 0 0 0 62 0 0 223 240 
9606.ENSP00000380136 9606.ENSP00000289316 0 0 0 62 194 0 82 245 
9606.ENSP00000380136 9606.ENSP00000360623 0 0 0 63 265 0 345 509 
9606.ENSP00000380136 9606.ENSP00000308944 0 0 0 64 144 0 65 185 
9606.ENSP00000380136 9606.ENSP00000283290 0 0 0 62 193 0 232 367 
9606.ENSP00000380136 9606.ENSP00000371341 0 0 0 0 172 0 100 223 
9606.ENSP00000380136 9606.ENSP00000434024 0 0 0 0 301 0 240 446 
9606.ENSP00000380136 9606.ENSP00000226730 0 0 0 0 0 0 185 185 
9606.ENSP00000380136 9606.ENSP00000376268 0 0 0 0 152 0 0 152 
9606.ENSP00000380136 9606.ENSP00000262525 0 0 0 0 95 0 253 295 
9606.ENSP00000380136 9606.ENSP00000300574 0 0 0 63 133 0 0 152 
9606.ENSP00000380136 9606.ENSP00000351284 0 0 0 0 261 0 62 277 
9606.ENSP00000380136 9606.ENSP00000245479 0 0 0 0 68 0 195 218 
9606.ENSP00000380136 9606.ENSP00000215939 0 0 0 0 0 0 229 229 
9606.ENSP00000380136 9606.ENSP00000341094 0 0 0 0 301 0 162 389 
9606.ENSP00000380136 9606.ENSP00000335044 0 0 0 77 0 0 178 209 
9606.ENSP00000380136 9606.ENSP00000443988 0 0 0 78 167 0 130 274 
9606.ENSP00000380136 9606.ENSP00000222728 0 0 0 0 50 0 156 164 
9606.ENSP00000380136 9606.ENSP00000329200 0 0 0 0 0 0 286 286 
9606.ENSP00000380136 9606.ENSP00000477907 0 0 0 62 194 0 82 245 
9606.ENSP00000380136 9606.ENSP00000406581 0 0 0 64 163 0 128 257 
9606.ENSP00000380136 9606.ENSP00000355656 0 0 0 0 301 0 140 373 
9606.ENSP00000380136 9606.ENSP00000306245 0 0 0 64 79 0 185 236 
9606.ENSP00000380136 9606.ENSP00000307684 0 0 0 85 50 0 124 172 
9606.ENSP00000380136 9606.ENSP00000362287 0 0 0 0 185 0 78 216 
9606.ENSP00000380136 9606.ENSP00000462355 0 0 0 62 354 0 609 742 
9606.ENSP00000380136 9606.ENSP00000322568 0 0 0 0 68 0 142 166 
9606.ENSP00000380136 9606.ENSP00000307208 0 0 0 138 189 0 326 488 
9606.ENSP00000380136 9606.ENSP00000322396 0 0 0 64 0 0 311 327 
9606.ENSP00000380136 9606.ENSP00000225983 0 0 0 63 186 0 302 421 
9606.ENSP00000380136 9606.ENSP00000466834 0 0 0 62 169 0 49 193 
9606.ENSP00000380136 9606.ENSP00000467556 0 0 0 179 0 0 58 193 
9606.ENSP00000380136 9606.ENSP00000300079 0 0 0 0 0 0 707 707 
9606.ENSP00000380136 9606.ENSP00000309714 0 0 0 62 185 0 63 221 
9606.ENSP00000380136 9606.ENSP00000378485 0 0 0 0 82 0 140 177 
9606.ENSP00000380136 9606.ENSP00000338629 0 0 0 83 129 0 77 198 
9606.ENSP00000380136 9606.ENSP00000351446 0 0 0 64 381 0 382 610 
9606.ENSP00000380136 9606.ENSP00000346986 0 0 0 110 64 0 122 204 
9606.ENSP00000380136 9606.ENSP00000263377 0 0 0 122 185 0 367 508 
9606.ENSP00000380136 9606.ENSP00000427562 0 0 0 62 159 0 43 179 
9606.ENSP00000380136 9606.ENSP00000369989 0 0 0 63 127 0 50 155 
9606.ENSP00000380136 9606.ENSP00000340361 0 0 0 62 82 0 121 177 
9606.ENSP00000380136 9606.ENSP00000352119 0 0 0 0 301 0 104 346 
9606.ENSP00000380136 9606.ENSP00000398124 0 0 0 62 157 0 67 198 
9606.ENSP00000380136 9606.ENSP00000280871 0 0 0 0 186 0 0 186 
9606.ENSP00000380136 9606.ENSP00000328598 0 0 0 0 50 0 231 238 
9606.ENSP00000380136 9606.ENSP00000159111 0 0 0 63 284 0 314 500 
9606.ENSP00000380136 9606.ENSP00000287322 0 0 0 0 0 0 155 155 
9606.ENSP00000380136 9606.ENSP00000347184 0 0 0 0 0 0 186 186 
9606.ENSP00000380136 9606.ENSP00000355601 0 0 0 0 0 0 244 244 
9606.ENSP00000380136 9606.ENSP00000323945 0 0 0 0 95 0 276 317 
9606.ENSP00000380136 9606.ENSP00000380414 0 0 0 64 0 0 314 331 
9606.ENSP00000380136 9606.ENSP00000264335 0 0 0 61 169 0 67 209 
9606.ENSP00000380136 9606.ENSP00000413436 0 0 0 63 142 0 93 207 
9606.ENSP00000380136 9606.ENSP00000350198 0 0 0 0 0 0 214 214 
9606.ENSP00000380136 9606.ENSP00000330074 0 0 0 0 732 0 55 735 
9606.ENSP00000380136 9606.ENSP00000269305 0 0 0 0 305 900 653 973 
9606.ENSP00000380136 9606.ENSP00000360296 0 0 0 0 0 0 190 190 
9606.ENSP00000380136 9606.ENSP00000265969 0 0 0 0 0 0 256 256 
9606.ENSP00000380136 9606.ENSP00000264674 0 0 0 0 95 0 163 210 
9606.ENSP00000380136 9606.ENSP00000343126 0 0 0 58 0 0 156 171 
9606.ENSP00000380136 9606.ENSP00000387699 0 0 0 0 0 0 252 252 
9606.ENSP00000380136 9606.ENSP00000444957 0 0 0 0 0 0 173 173 
9606.ENSP00000380136 9606.ENSP00000375942 0 0 0 63 0 0 276 292 
9606.ENSP00000380136 9606.ENSP00000300146 0 0 0 62 0 0 136 154 
9606.ENSP00000380136 9606.ENSP00000438042 0 0 0 51 0 0 222 230 
9606.ENSP00000380136 9606.ENSP00000267163 0 0 0 61 0 0 167 184 
9606.ENSP00000380136 9606.ENSP00000301459 0 0 0 64 0 0 197 216 
9606.ENSP00000380136 9606.ENSP00000359357 0 0 0 0 95 0 170 217 
9606.ENSP00000380136 9606.ENSP00000356436 0 0 0 0 261 0 385 526 
9606.ENSP00000380136 9606.ENSP00000389715 0 0 0 0 161 0 0 161 
9606.ENSP00000380136 9606.ENSP00000344903 0 0 0 0 379 0 97 415 
9606.ENSP00000380136 9606.ENSP00000483903 0 0 0 62 194 0 203 345 
9606.ENSP00000380136 9606.ENSP00000457689 0 0 0 52 186 0 62 212 
9606.ENSP00000380136 9606.ENSP00000352572 0 0 0 62 0 0 302 317 
9606.ENSP00000380136 9606.ENSP00000379287 0 0 0 61 169 0 44 188 
9606.ENSP00000380136 9606.ENSP00000332194 0 0 0 0 385 0 438 639 
9606.ENSP00000380136 9606.ENSP00000361021 0 0 0 63 80 0 195 245 
9606.ENSP00000380136 9606.ENSP00000378132 0 0 0 53 54 0 141 163 
9606.ENSP00000380136 9606.ENSP00000442788 0 0 0 108 0 0 256 308 
9606.ENSP00000380136 9606.ENSP00000397239 0 0 0 63 284 0 69 320 
9606.ENSP00000380136 9606.ENSP00000264159 0 0 0 62 144 0 65 183 
9606.ENSP00000380136 9606.ENSP00000310301 0 0 0 0 95 0 120 169 
9606.ENSP00000380136 9606.ENSP00000362166 0 0 0 63 689 900 607 987 
9606.ENSP00000380136 9606.ENSP00000264834 0 0 0 0 95 0 110 160 
9606.ENSP00000380136 9606.ENSP00000479526 0 0 0 77 0 0 359 383 
9606.ENSP00000380136 9606.ENSP00000385852 0 0 0 134 157 0 116 298 
9606.ENSP00000380136 9606.ENSP00000327758 0 0 0 0 50 0 168 176 
9606.ENSP00000380136 9606.ENSP00000271640 0 0 0 63 133 0 267 353 
9606.ENSP00000380136 9606.ENSP00000336842 0 0 0 0 193 0 50 200 
9606.ENSP00000380136 9606.ENSP00000262238 0 0 0 0 95 0 189 234 
9606.ENSP00000380136 9606.ENSP00000381607 0 0 0 61 0 0 418 430 
9606.ENSP00000380136 9606.ENSP00000160382 0 0 0 61 378 0 156 464 
9606.ENSP00000380136 9606.ENSP00000235835 0 0 0 0 0 0 162 162 
9606.ENSP00000380136 9606.ENSP00000331211 0 0 0 0 269 0 54 278 
9606.ENSP00000380136 9606.ENSP00000379658 0 0 0 0 263 0 312 471 
9606.ENSP00000380136 9606.ENSP00000377055 0 0 0 0 0 0 185 185 
9606.ENSP00000380136 9606.ENSP00000240423 0 0 0 114 0 0 173 235 
9606.ENSP00000380136 9606.ENSP00000350333 0 0 0 63 0 0 200 218 
9606.ENSP00000380136 9606.ENSP00000380019 0 0 0 0 95 0 227 270 
9606.ENSP00000380136 9606.ENSP00000288985 0 0 0 61 144 0 65 182 
9606.ENSP00000380136 9606.ENSP00000364519 0 0 0 61 133 0 73 180 
9606.ENSP00000380136 9606.ENSP00000353458 0 0 0 63 185 0 104 256 
9606.ENSP00000380136 9606.ENSP00000467176 0 0 0 0 0 0 173 173 
9606.ENSP00000380136 9606.ENSP00000313582 0 0 0 0 95 0 251 293 
9606.ENSP00000380136 9606.ENSP00000352121 0 0 0 62 185 0 76 231 
9606.ENSP00000380136 9606.ENSP00000323816 0 0 0 0 0 0 173 173 
9606.ENSP00000380136 9606.ENSP00000326563 0 0 0 90 0 0 186 228 
9606.ENSP00000380136 9606.ENSP00000419471 0 0 0 61 169 0 49 193 
9606.ENSP00000380136 9606.ENSP00000378307 0 0 0 135 186 0 195 383 
9606.ENSP00000380136 9606.ENSP00000261819 0 0 0 0 0 0 222 222 
9606.ENSP00000380136 9606.ENSP00000326042 0 0 0 0 156 0 0 156 
9606.ENSP00000380136 9606.ENSP00000216373 0 0 0 63 162 0 50 188 
9606.ENSP00000380136 9606.ENSP00000364839 0 0 0 62 0 0 298 314 
9606.ENSP00000380136 9606.ENSP00000218436 0 0 0 0 0 0 152 152 
9606.ENSP00000380136 9606.ENSP00000358154 0 0 0 0 965 0 100 967 
9606.ENSP00000380136 9606.ENSP00000438553 0 0 0 0 385 0 104 425 
9606.ENSP00000380136 9606.ENSP00000281772 0 0 0 62 110 0 103 185 
9606.ENSP00000380136 9606.ENSP00000360262 0 0 0 61 127 0 50 153 
9606.ENSP00000380136 9606.ENSP00000315949 0 0 0 0 50 0 221 228 
9606.ENSP00000380136 9606.ENSP00000392617 0 0 0 63 0 0 283 299 
9606.ENSP00000380136 9606.ENSP00000225519 0 0 0 61 127 0 50 153 
9606.ENSP00000380136 9606.ENSP00000392985 0 0 0 0 0 0 641 641 
9606.ENSP00000380136 9606.ENSP00000384849 0 0 0 0 0 0 228 228 
9606.ENSP00000380136 9606.ENSP00000448062 0 0 0 52 186 0 62 212 
9606.ENSP00000380136 9606.ENSP00000316674 0 0 0 52 186 0 62 212 
9606.ENSP00000380136 9606.ENSP00000283268 0 0 0 0 95 0 101 151 
9606.ENSP00000380136 9606.ENSP00000161863 0 0 0 97 76 0 68 154 
9606.ENSP00000380136 9606.ENSP00000361642 0 0 0 61 126 0 98 195 
9606.ENSP00000380136 9606.ENSP00000450607 0 0 0 62 153 0 0 171 
9606.ENSP00000380136 9606.ENSP00000356381 0 0 0 63 127 0 50 155 
9606.ENSP00000380136 9606.ENSP00000342098 0 0 0 0 0 0 292 292 
9606.ENSP00000380136 9606.ENSP00000325690 0 0 0 64 0 0 327 343 
9606.ENSP00000380136 9606.ENSP00000252674 0 0 0 63 265 0 546 660 
9606.ENSP00000380136 9606.ENSP00000312385 0 0 0 0 0 0 228 228 
9606.ENSP00000380136 9606.ENSP00000406549 0 0 0 63 137 0 527 584 
9606.ENSP00000380136 9606.ENSP00000355249 0 0 0 62 157 0 82 211 
9606.ENSP00000380136 9606.ENSP00000348510 0 0 0 62 0 0 355 369 
9606.ENSP00000380136 9606.ENSP00000479169 0 0 0 62 194 0 82 245 
9606.ENSP00000380136 9606.ENSP00000366953 0 0 0 62 58 0 256 285 
9606.ENSP00000380136 9606.ENSP00000445633 0 0 0 62 194 0 112 270 
9606.ENSP00000380136 9606.ENSP00000363799 0 0 0 52 186 0 135 274 
9606.ENSP00000380136 9606.ENSP00000368349 0 0 0 62 157 0 0 175 
9606.ENSP00000380136 9606.ENSP00000302961 0 0 0 63 321 0 201 447 
9606.ENSP00000380136 9606.ENSP00000277541 0 0 0 0 148 0 250 333 
9606.ENSP00000380136 9606.ENSP00000377747 0 0 0 64 163 0 128 257 
9606.ENSP00000380136 9606.ENSP00000262367 0 0 0 221 472 0 638 838 
9606.ENSP00000380136 9606.ENSP00000229595 0 0 0 63 185 0 313 430 
9606.ENSP00000380136 9606.ENSP00000479794 0 0 0 62 354 0 610 743 
9606.ENSP00000380136 9606.ENSP00000354723 0 0 0 62 194 0 82 245 
9606.ENSP00000380136 9606.ENSP00000360165 0 0 0 52 186 0 62 212 
9606.ENSP00000380136 9606.ENSP00000412869 0 0 0 0 95 0 125 174 
9606.ENSP00000380136 9606.ENSP00000241651 0 0 0 0 0 0 189 189 
9606.ENSP00000380136 9606.ENSP00000479904 0 0 0 63 0 0 187 205 
9606.ENSP00000380136 9606.ENSP00000418379 0 0 0 63 137 0 513 572 
9606.ENSP00000380136 9606.ENSP00000254480 0 0 0 99 188 0 268 418 
9606.ENSP00000380136 9606.ENSP00000483842 0 0 0 0 301 0 104 346 
9606.ENSP00000380136 9606.ENSP00000262120 0 0 0 0 0 0 165 165 
9606.ENSP00000380136 9606.ENSP00000283131 0 0 0 64 286 0 321 506 
9606.ENSP00000380136 9606.ENSP00000287239 0 0 0 124 0 900 87 913 
9606.ENSP00000380136 9606.ENSP00000250003 0 0 0 0 0 0 187 187 
9606.ENSP00000380136 9606.ENSP00000359019 0 0 0 0 126 0 75 156 
9606.ENSP00000380136 9606.ENSP00000361066 0 0 0 86 89 0 516 561 
9606.ENSP00000380136 9606.ENSP00000382434 0 0 0 0 157 0 61 174 
9606.ENSP00000380136 9606.ENSP00000331342 0 0 0 77 0 0 168 199 
9606.ENSP00000380136 9606.ENSP00000220940 0 0 0 0 0 0 291 291 
9606.ENSP00000380136 9606.ENSP00000265171 0 0 0 61 0 0 185 201 
9606.ENSP00000380136 9606.ENSP00000259915 0 0 0 0 127 0 199 271 
9606.ENSP00000380136 9606.ENSP00000447173 0 0 0 0 0 0 195 195 
9606.ENSP00000380136 9606.ENSP00000483312 0 0 0 97 85 0 56 151 
9606.ENSP00000380136 9606.ENSP00000254810 0 0 0 0 956 0 195 963 
9606.ENSP00000380136 9606.ENSP00000351589 0 0 0 0 301 0 104 346 
9606.ENSP00000380136 9606.ENSP00000405726 0 0 0 64 0 0 351 366 
9606.ENSP00000380136 9606.ENSP00000387822 0 0 0 63 185 0 275 398 
9606.ENSP00000380136 9606.ENSP00000346997 0 0 0 63 137 0 121 227 
9606.ENSP00000380136 9606.ENSP00000379616 0 0 0 0 0 0 274 274 
9606.ENSP00000380136 9606.ENSP00000401720 0 0 0 61 127 0 50 153 
9606.ENSP00000380136 9606.ENSP00000307705 0 0 0 0 334 0 96 372 
9606.ENSP00000380136 9606.ENSP00000265056 0 0 0 63 157 0 177 293 
9606.ENSP00000380136 9606.ENSP00000287394 0 0 0 61 261 0 249 433 
9606.ENSP00000380136 9606.ENSP00000202967 0 0 0 64 150 0 438 514 
9606.ENSP00000380136 9606.ENSP00000334061 0 0 0 63 186 0 399 502 
9606.ENSP00000380136 9606.ENSP00000387010 0 0 0 62 162 0 0 180 
9606.ENSP00000380136 9606.ENSP00000244573 0 0 0 0 269 0 69 290 
9606.ENSP00000380136 9606.ENSP00000302836 0 0 0 0 179 0 0 179 
9606.ENSP00000380136 9606.ENSP00000217964 0 0 0 97 92 0 57 159 
9606.ENSP00000380136 9606.ENSP00000349960 0 0 0 52 186 0 91 237 
9606.ENSP00000380136 9606.ENSP00000286371 0 0 0 0 0 0 209 209 
9606.ENSP00000380136 9606.ENSP00000352463 0 0 0 84 133 0 148 265 
9606.ENSP00000380136 9606.ENSP00000431482 0 0 0 61 133 0 0 151 
9606.ENSP00000380136 9606.ENSP00000268483 0 0 0 0 0 0 164 164 
9606.ENSP00000380136 9606.ENSP00000437849 0 0 0 0 0 0 170 170 
9606.ENSP00000380136 9606.ENSP00000262584 0 0 0 0 0 0 177 177 
9606.ENSP00000380136 9606.ENSP00000361930 0 0 0 61 169 0 44 188 
9606.ENSP00000380136 9606.ENSP00000241416 0 0 0 62 82 0 167 220 
9606.ENSP00000380136 9606.ENSP00000281589 0 0 0 61 91 0 99 163 
9606.ENSP00000380136 9606.ENSP00000227155 0 0 0 0 0 0 188 188 
9606.ENSP00000380136 9606.ENSP00000369586 0 0 0 0 0 0 201 201 
9606.ENSP00000380136 9606.ENSP00000264867 0 0 0 0 0 0 188 188 
9606.ENSP00000380136 9606.ENSP00000308022 0 0 0 61 186 0 174 313 
9606.ENSP00000380136 9606.ENSP00000432083 0 0 0 63 127 0 57 161 
9606.ENSP00000380136 9606.ENSP00000268261 0 0 0 64 0 0 222 240 
9606.ENSP00000380136 9606.ENSP00000361785 0 0 0 63 80 0 227 275 
9606.ENSP00000380136 9606.ENSP00000425979 0 0 0 64 158 0 41 178 
9606.ENSP00000380136 9606.ENSP00000362330 0 0 0 90 144 0 115 251 
9606.ENSP00000380136 9606.ENSP00000367203 0 0 0 81 185 0 368 485 
9606.ENSP00000380136 9606.ENSP00000355205 0 0 0 86 144 0 173 296 
9606.ENSP00000380136 9606.ENSP00000396052 0 0 0 78 167 0 0 199 
9606.ENSP00000380136 9606.ENSP00000353463 0 0 0 63 0 900 85 906 
9606.ENSP00000380136 9606.ENSP00000238497 0 0 0 0 0 0 150 150 
9606.ENSP00000380136 9606.ENSP00000341208 0 0 0 52 50 0 190 206 
9606.ENSP00000380136 9606.ENSP00000358400 0 0 0 62 0 0 203 220 
9606.ENSP00000380136 9606.ENSP00000228644 0 0 0 0 0 0 218 218 
9606.ENSP00000380136 9606.ENSP00000248437 0 0 0 0 156 0 0 156 
9606.ENSP00000380136 9606.ENSP00000420616 0 0 0 61 133 0 0 151 
9606.ENSP00000380136 9606.ENSP00000385824 0 0 0 97 56 0 114 179 
9606.ENSP00000380136 9606.ENSP00000382163 0 0 0 0 0 0 339 339 
9606.ENSP00000380136 9606.ENSP00000470560 0 0 0 63 0 0 176 194 
9606.ENSP00000380136 9606.ENSP00000262189 0 0 0 753 139 0 195 814 
9606.ENSP00000380136 9606.ENSP00000347119 0 0 0 62 194 0 82 245 
9606.ENSP00000380136 9606.ENSP00000340823 0 0 0 0 52 0 173 182 
9606.ENSP00000380136 9606.ENSP00000349430 0 0 0 62 194 0 82 245 
9606.ENSP00000380136 9606.ENSP00000227507 0 0 0 0 0 0 211 211 
9606.ENSP00000380136 9606.ENSP00000359583 0 0 0 0 0 0 398 398 
9606.ENSP00000380136 9606.ENSP00000349961 0 0 0 64 194 0 64 232 
9606.ENSP00000380136 9606.ENSP00000340896 0 0 0 64 106 0 301 364 
9606.ENSP00000380136 9606.ENSP00000264108 0 0 0 62 0 0 573 583 
9606.ENSP00000380136 9606.ENSP00000326603 0 0 0 77 0 0 146 178 
9606.ENSP00000380136 9606.ENSP00000216780 0 0 0 0 0 0 212 212 
9606.ENSP00000380136 9606.ENSP00000340330 0 0 0 55 0 0 164 176 
9606.ENSP00000380136 9606.ENSP00000361219 0 0 0 142 0 0 437 496 
9606.ENSP00000380136 9606.ENSP00000409016 0 0 0 84 183 0 71 244 
9606.ENSP00000380136 9606.ENSP00000483667 0 0 0 64 163 0 206 323 
9606.ENSP00000380136 9606.ENSP00000347168 0 0 0 62 354 0 609 742 
9606.ENSP00000380136 9606.ENSP00000364678 0 0 0 63 133 0 363 437 
9606.ENSP00000380136 9606.ENSP00000261523 0 0 0 49 0 0 222 228 
9606.ENSP00000380136 9606.ENSP00000351697 0 0 0 64 132 0 108 212 
9606.ENSP00000380136 9606.ENSP00000381654 0 0 0 0 152 0 0 152 
9606.ENSP00000380136 9606.ENSP00000358563 0 0 0 78 0 0 119 153 
9606.ENSP00000380136 9606.ENSP00000351015 0 0 0 0 0 0 158 158 
9606.ENSP00000380136 9606.ENSP00000369889 0 0 0 0 0 0 191 191 
9606.ENSP00000380136 9606.ENSP00000267377 0 0 0 0 0 0 220 220 
9606.ENSP00000380136 9606.ENSP00000286398 0 0 0 74 128 0 64 178 
9606.ENSP00000380136 9606.ENSP00000355645 0 0 0 52 186 0 64 214 
9606.ENSP00000380136 9606.ENSP00000360116 0 0 0 61 112 0 68 155 
9606.ENSP00000380136 9606.ENSP00000307143 0 0 0 0 0 0 239 239 
9606.ENSP00000380136 9606.ENSP00000371875 0 0 0 0 50 0 190 198 
9606.ENSP00000380136 9606.ENSP00000378414 0 0 0 63 0 0 226 243 
9606.ENSP00000380136 9606.ENSP00000263736 0 0 0 63 166 0 0 185 
9606.ENSP00000380136 9606.ENSP00000349640 0 0 0 63 90 0 347 394 
9606.ENSP00000380136 9606.ENSP00000484095 0 0 0 0 943 0 117 948 
9606.ENSP00000380136 9606.ENSP00000485259 0 0 0 0 148 0 54 159 
9606.ENSP00000380136 9606.ENSP00000305918 0 0 0 64 185 0 341 453 
9606.ENSP00000380136 9606.ENSP00000249910 0 0 0 0 80 0 231 262 
9606.ENSP00000380136 9606.ENSP00000483103 0 0 0 52 186 0 62 212 
9606.ENSP00000380136 9606.ENSP00000329647 0 0 0 52 186 0 62 212 
9606.ENSP00000380136 9606.ENSP00000381070 0 0 0 0 158 0 0 158 
9606.ENSP00000380136 9606.ENSP00000262904 0 0 0 62 157 0 55 188 
9606.ENSP00000380136 9606.ENSP00000220592 0 0 0 0 185 0 78 216 
9606.ENSP00000380136 9606.ENSP00000318297 0 0 0 63 188 0 363 473 
9606.ENSP00000380136 9606.ENSP00000354558 0 0 0 82 185 0 87 257 
9606.ENSP00000380136 9606.ENSP00000304956 0 0 0 0 0 0 192 192 
9606.ENSP00000380136 9606.ENSP00000323588 0 0 0 61 68 0 221 258 
9606.ENSP00000380136 9606.ENSP00000290472 0 0 0 0 157 0 50 164 
9606.ENSP00000380136 9606.ENSP00000377086 0 0 0 63 145 0 0 164 
9606.ENSP00000380136 9606.ENSP00000443017 0 0 0 62 531 0 610 813 
9606.ENSP00000380136 9606.ENSP00000407586 0 0 0 0 84 0 249 283 
9606.ENSP00000380136 9606.ENSP00000336868 0 0 0 0 320 0 115 373 
9606.ENSP00000380136 9606.ENSP00000307183 0 0 0 64 287 0 339 520 
9606.ENSP00000380136 9606.ENSP00000480971 0 0 0 0 0 0 212 212 
9606.ENSP00000380136 9606.ENSP00000336799 0 0 0 0 156 0 0 156 
9606.ENSP00000380136 9606.ENSP00000248975 0 0 0 61 169 0 50 193 
9606.ENSP00000380136 9606.ENSP00000238789 0 0 0 62 262 0 494 619 
9606.ENSP00000380136 9606.ENSP00000415243 0 0 0 0 0 0 180 180 
9606.ENSP00000380136 9606.ENSP00000482313 0 0 0 61 51 0 203 227 
9606.ENSP00000380136 9606.ENSP00000080059 0 0 0 63 186 0 382 488 
9606.ENSP00000380136 9606.ENSP00000380759 0 0 0 64 0 0 261 279 
9606.ENSP00000380136 9606.ENSP00000263253 0 0 0 734 400 900 690 994 
9606.ENSP00000380136 9606.ENSP00000364550 0 0 0 172 101 0 163 323 
9606.ENSP00000380136 9606.ENSP00000481486 0 0 0 62 581 0 609 833 
9606.ENSP00000380136 9606.ENSP00000262518 0 0 0 129 144 0 179 335 
9606.ENSP00000380136 9606.ENSP00000381003 0 0 0 61 81 0 96 151 
9606.ENSP00000380136 9606.ENSP00000435233 0 0 0 0 132 0 111 195 
9606.ENSP00000380136 9606.ENSP00000341214 0 0 0 0 269 0 54 278 
9606.ENSP00000380136 9606.ENSP00000331614 0 0 0 0 95 0 176 223 
9606.ENSP00000380136 9606.ENSP00000364805 0 0 0 63 127 0 57 161 
9606.ENSP00000380136 9606.ENSP00000357928 0 0 0 62 0 0 160 178 
9606.ENSP00000380136 9606.ENSP00000295886 0 0 0 0 50 0 173 180 
9606.ENSP00000380136 9606.ENSP00000367406 0 0 0 79 0 0 177 209 
9606.ENSP00000380136 9606.ENSP00000416706 0 0 0 52 186 0 62 212 
9606.ENSP00000380136 9606.ENSP00000390265 0 0 0 0 0 0 213 213 
9606.ENSP00000380136 9606.ENSP00000367030 0 0 0 63 85 0 117 176 
9606.ENSP00000380136 9606.ENSP00000382982 0 0 0 0 156 0 0 156 
9606.ENSP00000380136 9606.ENSP00000338272 0 0 0 0 0 0 150 150 
9606.ENSP00000380136 9606.ENSP00000448073 0 0 0 129 64 0 68 173 
9606.ENSP00000380136 9606.ENSP00000319730 0 0 0 0 0 0 300 300 
9606.ENSP00000380136 9606.ENSP00000432786 0 0 0 141 50 0 340 414 
9606.ENSP00000380136 9606.ENSP00000406046 0 0 0 63 132 0 0 151 
9606.ENSP00000380136 9606.ENSP00000380024 0 0 0 79 548 0 522 783 
9606.ENSP00000380136 9606.ENSP00000264709 0 0 0 63 0 0 358 372 
9606.ENSP00000380136 9606.ENSP00000418001 0 0 0 61 127 0 50 153 
9606.ENSP00000380136 9606.ENSP00000356480 0 0 0 64 0 0 166 186 
9606.ENSP00000380136 9606.ENSP00000216259 0 0 0 64 0 0 238 256 
9606.ENSP00000380136 9606.ENSP00000296438 0 0 0 0 187 0 43 188 
9606.ENSP00000380136 9606.ENSP00000372023 0 0 0 64 0 0 270 287 
9606.ENSP00000380136 9606.ENSP00000358571 0 0 0 275 0 0 50 281 
9606.ENSP00000380136 9606.ENSP00000317579 0 0 0 0 0 0 198 198 
9606.ENSP00000380136 9606.ENSP00000348056 0 0 0 61 61 0 188 221 
9606.ENSP00000380136 9606.ENSP00000216117 0 0 0 0 0 0 210 210 
9606.ENSP00000380136 9606.ENSP00000235372 0 0 0 461 0 0 204 552 
9606.ENSP00000380136 9606.ENSP00000301019 0 0 0 61 0 0 347 361 
9606.ENSP00000380136 9606.ENSP00000480960 0 0 0 62 354 0 609 742 
9606.ENSP00000380136 9606.ENSP00000451828 0 0 0 50 334 900 203 942 
9606.ENSP00000380136 9606.ENSP00000385958 0 0 0 0 0 0 229 229 
9606.ENSP00000380136 9606.ENSP00000274764 0 0 0 62 194 0 399 506 
9606.ENSP00000380136 9606.ENSP00000392318 0 0 0 62 0 0 370 384 
9606.ENSP00000380136 9606.ENSP00000286298 0 0 0 0 0 0 203 203 
9606.ENSP00000380136 9606.ENSP00000473391 0 0 0 55 0 0 275 286 
9606.ENSP00000380136 9606.ENSP00000389814 0 0 0 0 0 0 188 188 
9606.ENSP00000380136 9606.ENSP00000348419 0 0 0 0 95 0 252 294 
9606.ENSP00000380136 9606.ENSP00000229239 0 0 0 61 0 0 168 185 
9606.ENSP00000380136 9606.ENSP00000258149 0 0 0 61 0 0 249 264 
9606.ENSP00000380136 9606.ENSP00000256646 0 0 0 0 148 0 81 184 
9606.ENSP00000380136 9606.ENSP00000329933 0 0 0 98 158 0 80 240 
9606.ENSP00000380136 9606.ENSP00000376436 0 0 0 0 0 0 171 171 
9606.ENSP00000380136 9606.ENSP00000269571 0 0 0 0 0 0 167 167 
9606.ENSP00000380136 9606.ENSP00000256001 0 0 0 0 186 0 50 193 
9606.ENSP00000380136 9606.ENSP00000254900 0 0 0 62 185 0 259 384 
9606.ENSP00000380136 9606.ENSP00000385461 0 0 0 61 133 0 57 165 
9606.ENSP00000380136 9606.ENSP00000264657 0 0 0 52 50 0 164 182 
9606.ENSP00000380136 9606.ENSP00000261574 0 0 0 63 171 0 68 212 
9606.ENSP00000380136 9606.ENSP00000255136 0 0 0 61 91 0 125 188 
9606.ENSP00000380136 9606.ENSP00000352516 0 0 0 62 123 0 354 422 
9606.ENSP00000380136 9606.ENSP00000284981 0 0 0 0 0 0 198 198 
9606.ENSP00000380136 9606.ENSP00000445359 0 0 0 0 59 0 269 282 
9606.ENSP00000380136 9606.ENSP00000340989 0 0 0 61 133 0 0 151 
9606.ENSP00000380136 9606.ENSP00000261303 0 0 0 61 127 0 50 153 
9606.ENSP00000380136 9606.ENSP00000427514 0 0 0 0 53 0 196 206 
9606.ENSP00000380136 9606.ENSP00000361834 0 0 0 0 0 0 203 203 
9606.ENSP00000380136 9606.ENSP00000376322 0 0 0 0 124 0 282 344 
9606.ENSP00000380136 9606.ENSP00000320566 0 0 0 64 287 0 510 645 
9606.ENSP00000380136 9606.ENSP00000264009 0 0 0 0 124 0 97 175 
9606.ENSP00000380136 9606.ENSP00000430684 0 0 0 104 82 0 185 271 
9606.ENSP00000380136 9606.ENSP00000282018 0 0 0 0 0 0 430 430 
9606.ENSP00000380136 9606.ENSP00000356520 0 0 0 61 149 0 314 403 
9606.ENSP00000380136 9606.ENSP00000265339 0 0 0 61 61 0 115 152 
9606.ENSP00000380136 9606.ENSP00000262888 0 0 0 0 0 0 230 230 
9606.ENSP00000380136 9606.ENSP00000374211 0 0 0 154 144 0 157 336 
9606.ENSP00000380136 9606.ENSP00000249504 0 0 0 0 124 0 287 348 
9606.ENSP00000380136 9606.ENSP00000348215 0 0 0 62 185 0 63 221 
9606.ENSP00000380136 9606.ENSP00000265734 0 0 0 57 0 0 144 158 
9606.ENSP00000380136 9606.ENSP00000300738 0 0 0 61 132 0 58 165 
9606.ENSP00000380136 9606.ENSP00000254958 0 0 0 0 131 0 107 191 
9606.ENSP00000380136 9606.ENSP00000393453 0 0 0 63 133 0 137 237 
9606.ENSP00000380136 9606.ENSP00000346175 0 0 0 63 133 0 214 305 
9606.ENSP00000380136 9606.ENSP00000385903 0 0 0 62 0 0 404 417 
9606.ENSP00000380136 9606.ENSP00000322579 0 0 0 59 157 0 225 331 
9606.ENSP00000380136 9606.ENSP00000261799 0 0 0 0 0 0 187 187 
9606.ENSP00000380136 9606.ENSP00000402257 0 0 0 0 0 0 330 330 
9606.ENSP00000380136 9606.ENSP00000216807 0 0 0 78 167 0 0 199 
9606.ENSP00000380136 9606.ENSP00000375892 0 0 0 0 82 900 106 910 
9606.ENSP00000380136 9606.ENSP00000443926 0 0 0 61 177 0 0 194 
9606.ENSP00000380136 9606.ENSP00000362103 0 0 0 0 76 0 156 186 
9606.ENSP00000380136 9606.ENSP00000458316 0 0 0 0 0 0 509 509 
9606.ENSP00000380136 9606.ENSP00000477527 0 0 0 62 194 0 82 245 
9606.ENSP00000380136 9606.ENSP00000325120 0 0 0 0 0 0 188 188 
9606.ENSP00000380136 9606.ENSP00000456609 0 0 0 0 0 0 179 179 
9606.ENSP00000380136 9606.ENSP00000299443 0 0 0 52 186 0 62 212 
9606.ENSP00000380136 9606.ENSP00000327832 0 0 0 0 0 0 168 168 
9606.ENSP00000380136 9606.ENSP00000366679 0 0 0 0 301 0 104 346 
9606.ENSP00000380136 9606.ENSP00000374152 0 0 0 63 133 0 64 173 
9606.ENSP00000380136 9606.ENSP00000292431 0 0 0 63 95 0 82 153 
9606.ENSP00000380136 9606.ENSP00000297012 0 0 0 0 301 0 119 358 
9606.ENSP00000380136 9606.ENSP00000329097 0 0 0 63 133 0 117 220 
9606.ENSP00000380136 9606.ENSP00000246012 0 0 0 0 0 0 226 226 
9606.ENSP00000380136 9606.ENSP00000366563 0 0 0 62 185 0 63 221 
9606.ENSP00000380136 9606.ENSP00000343741 0 0 0 63 185 0 114 264 
9606.ENSP00000380136 9606.ENSP00000408617 0 0 0 63 186 0 466 557 
9606.ENSP00000380136 9606.ENSP00000381058 0 0 0 0 0 0 173 173 
9606.ENSP00000380136 9606.ENSP00000372191 0 0 0 61 173 0 427 516 
9606.ENSP00000380136 9606.ENSP00000458162 0 0 0 52 186 0 67 217 
9606.ENSP00000380136 9606.ENSP00000342434 0 0 0 64 185 0 106 259 
9606.ENSP00000380136 9606.ENSP00000240055 0 0 0 0 263 0 69 284 
9606.ENSP00000380136 9606.ENSP00000254846 0 0 0 81 158 0 367 467 
9606.ENSP00000380136 9606.ENSP00000313420 0 0 0 63 185 0 123 272 
9606.ENSP00000380136 9606.ENSP00000310036 0 0 0 0 0 0 244 244 
9606.ENSP00000380136 9606.ENSP00000355747 0 0 0 0 156 0 0 156 
9606.ENSP00000380136 9606.ENSP00000259569 0 0 0 63 171 0 51 199 
9606.ENSP00000380136 9606.ENSP00000188312 0 0 0 64 0 0 220 238 
9606.ENSP00000380136 9606.ENSP00000225916 0 0 0 78 339 0 752 835 
9606.ENSP00000380136 9606.ENSP00000350378 0 0 0 0 0 0 413 413 
9606.ENSP00000380136 9606.ENSP00000367658 0 0 0 52 186 0 62 212 
9606.ENSP00000380136 9606.ENSP00000206513 0 0 0 0 53 0 157 168 
9606.ENSP00000380136 9606.ENSP00000476140 0 0 0 0 0 0 187 187 
9606.ENSP00000380136 9606.ENSP00000263025 0 0 0 0 58 0 215 229 
9606.ENSP00000380136 9606.ENSP00000370532 0 0 0 0 95 0 138 186 
9606.ENSP00000380136 9606.ENSP00000304689 0 0 0 0 0 0 262 262 
9606.ENSP00000380136 9606.ENSP00000407552 0 0 0 63 0 0 282 299 
9606.ENSP00000380136 9606.ENSP00000418960 0 0 0 0 0 0 165 165 
9606.ENSP00000380136 9606.ENSP00000363822 0 0 0 0 0 0 252 252 
9606.ENSP00000380136 9606.ENSP00000227163 0 0 0 0 447 0 520 723 
9606.ENSP00000380136 9606.ENSP00000395654 0 0 0 64 185 0 362 471 
9606.ENSP00000380136 9606.ENSP00000354425 0 0 0 63 284 0 314 500 
9606.ENSP00000380136 9606.ENSP00000440396 0 0 0 0 83 0 130 168 
9606.ENSP00000380136 9606.ENSP00000264606 0 0 0 63 186 0 455 548 
9606.ENSP00000380136 9606.ENSP00000308405 0 0 0 59 385 0 398 621 
9606.ENSP00000380136 9606.ENSP00000337088 0 0 0 0 0 0 173 173 
9606.ENSP00000380136 9606.ENSP00000324464 0 0 0 74 0 0 233 259 
9606.ENSP00000380136 9606.ENSP00000301071 0 0 0 0 156 0 0 156 
9606.ENSP00000380136 9606.ENSP00000377385 0 0 0 61 185 0 0 201 
9606.ENSP00000380136 9606.ENSP00000297261 0 0 0 0 0 0 185 185 
9606.ENSP00000380136 9606.ENSP00000253801 0 0 0 0 0 0 214 214 
9606.ENSP00000380136 9606.ENSP00000261497 0 0 0 61 0 0 139 157 
9606.ENSP00000380136 9606.ENSP00000351856 0 0 0 52 186 0 62 212 
9606.ENSP00000380136 9606.ENSP00000399968 0 0 0 86 89 900 854 986 
9606.ENSP00000380136 9606.ENSP00000263388 0 0 0 0 148 0 87 189 
9606.ENSP00000380136 9606.ENSP00000371321 0 0 0 109 125 0 79 219 
9606.ENSP00000380136 9606.ENSP00000356426 0 0 0 62 0 0 189 206 
9606.ENSP00000380136 9606.ENSP00000395929 0 0 0 83 133 0 369 454 
9606.ENSP00000380136 9606.ENSP00000361043 0 0 0 64 144 0 119 232 
9606.ENSP00000380136 9606.ENSP00000364801 0 0 0 63 127 0 57 161 
9606.ENSP00000380136 9606.ENSP00000296871 0 0 0 0 0 0 186 186 
9606.ENSP00000380136 9606.ENSP00000322439 0 0 0 0 186 0 0 186 
9606.ENSP00000380136 9606.ENSP00000363779 0 0 0 0 130 0 104 187 
9606.ENSP00000380136 9606.ENSP00000380888 0 0 0 117 0 0 96 167 
9606.ENSP00000380136 9606.ENSP00000256078 0 0 0 0 84 0 192 228 
9606.ENSP00000380136 9606.ENSP00000257829 0 0 0 88 0 0 123 166 
9606.ENSP00000380136 9606.ENSP00000250615 0 0 0 0 46 0 252 256 
9606.ENSP00000380136 9606.ENSP00000326261 0 0 0 98 0 0 192 240 
9606.ENSP00000380136 9606.ENSP00000479106 0 0 0 62 524 0 609 810 
9606.ENSP00000380136 9606.ENSP00000367034 0 0 0 62 354 0 609 742 
9606.ENSP00000380136 9606.ENSP00000334181 0 0 0 63 284 0 96 340 
9606.ENSP00000380136 9606.ENSP00000350676 0 0 0 63 50 0 331 353 
9606.ENSP00000380136 9606.ENSP00000370078 0 0 0 0 0 0 222 222 
9606.ENSP00000380136 9606.ENSP00000480987 0 0 0 0 83 0 142 179 
9606.ENSP00000380136 9606.ENSP00000415436 0 0 0 63 98 0 284 342 
9606.ENSP00000380136 9606.ENSP00000402373 0 0 0 52 186 0 64 214 
9606.ENSP00000380136 9606.ENSP00000363929 0 0 0 85 0 0 136 175 
9606.ENSP00000380136 9606.ENSP00000340507 0 0 0 62 0 0 296 311 
9606.ENSP00000380136 9606.ENSP00000333037 0 0 0 52 186 0 62 212 
9606.ENSP00000380136 9606.ENSP00000296930 0 0 0 0 53 0 247 256 
9606.ENSP00000380136 9606.ENSP00000262105 0 0 0 57 157 0 211 318 
9606.ENSP00000380136 9606.ENSP00000428564 0 0 0 0 64 0 431 445 
9606.ENSP00000380136 9606.ENSP00000305899 0 0 0 77 0 0 219 249 
9606.ENSP00000380136 9606.ENSP00000297792 0 0 0 51 0 0 172 181 
9606.ENSP00000380136 9606.ENSP00000253107 0 0 0 61 185 0 0 201 
9606.ENSP00000380136 9606.ENSP00000484789 0 0 0 62 354 0 609 742 
9606.ENSP00000380136 9606.ENSP00000325018 0 0 0 0 95 0 250 292 
9606.ENSP00000380136 9606.ENSP00000310596 0 0 0 0 74 0 563 578 
9606.ENSP00000380136 9606.ENSP00000310129 0 0 0 0 74 0 402 422 
9606.ENSP00000380136 9606.ENSP00000473290 0 0 0 0 171 0 0 171 
9606.ENSP00000380136 9606.ENSP00000222753 0 0 0 0 124 0 94 172 
9606.ENSP00000380136 9606.ENSP00000363193 0 0 0 63 0 0 170 189 
9606.ENSP00000380136 9606.ENSP00000258383 0 0 0 61 158 0 0 175 
9606.ENSP00000380136 9606.ENSP00000310275 0 0 0 0 0 0 290 290 
9606.ENSP00000380136 9606.ENSP00000360821 0 0 0 0 0 0 194 194 
9606.ENSP00000380136 9606.ENSP00000263754 0 0 0 78 339 0 752 836 
9606.ENSP00000380136 9606.ENSP00000321744 0 0 0 62 194 0 122 278 
9606.ENSP00000380136 9606.ENSP00000348924 0 0 0 62 194 0 124 279 
9606.ENSP00000380136 9606.ENSP00000442924 0 0 0 86 133 0 252 355 
9606.ENSP00000380136 9606.ENSP00000363614 0 0 0 0 152 0 0 152 
9606.ENSP00000380136 9606.ENSP00000242159 0 0 0 0 354 0 178 446 
9606.ENSP00000380136 9606.ENSP00000367220 0 0 0 62 186 0 50 211 
9606.ENSP00000380136 9606.ENSP00000479461 0 0 0 62 354 0 609 742 
9606.ENSP00000380136 9606.ENSP00000350267 0 0 0 66 703 900 621 988 
9606.ENSP00000380136 9606.ENSP00000377601 0 0 0 64 261 0 107 329 
9606.ENSP00000380136 9606.ENSP00000476960 0 0 0 0 948 0 571 977 
9606.ENSP00000380136 9606.ENSP00000320147 0 0 0 63 133 0 424 491 
9606.ENSP00000380136 9606.ENSP00000362674 0 0 0 63 186 0 580 652 
9606.ENSP00000380136 9606.ENSP00000254066 0 0 0 0 0 0 267 267 
9606.ENSP00000380136 9606.ENSP00000265773 0 0 0 64 185 0 321 437 
9606.ENSP00000380136 9606.ENSP00000477870 0 0 0 62 338 0 129 411 
9606.ENSP00000380136 9606.ENSP00000323967 0 0 0 62 0 0 222 239 
9606.ENSP00000380136 9606.ENSP00000216267 0 0 0 82 703 900 661 989 
9606.ENSP00000380136 9606.ENSP00000482674 0 0 0 62 194 0 127 282 
9606.ENSP00000380136 9606.ENSP00000309790 0 0 0 0 0 0 237 237 
9606.ENSP00000380136 9606.ENSP00000405574 0 0 0 97 92 0 68 169 
9606.ENSP00000380136 9606.ENSP00000268058 0 0 0 61 305 900 166 938 
9606.ENSP00000380136 9606.ENSP00000418734 0 0 0 88 191 0 49 237 
9606.ENSP00000380136 9606.ENSP00000363389 0 0 0 0 0 0 391 391 
9606.ENSP00000380136 9606.ENSP00000366271 0 0 0 64 50 0 354 375 
9606.ENSP00000380136 9606.ENSP00000380692 0 0 0 63 67 0 178 219 
9606.ENSP00000380136 9606.ENSP00000239461 0 0 0 55 62 0 388 410 
9606.ENSP00000380136 9606.ENSP00000406162 0 0 0 64 0 0 391 405 
9606.ENSP00000380136 9606.ENSP00000350036 0 0 0 62 128 0 95 195 
9606.ENSP00000380136 9606.ENSP00000380718 0 0 0 63 132 0 212 303 
9606.ENSP00000380136 9606.ENSP00000363377 0 0 0 49 56 0 151 171 
9606.ENSP00000380136 9606.ENSP00000362195 0 0 0 0 0 0 213 213 
9606.ENSP00000380136 9606.ENSP00000438993 0 0 0 64 0 0 137 157 
9606.ENSP00000380136 9606.ENSP00000337261 0 0 0 62 0 0 157 176 
9606.ENSP00000380136 9606.ENSP00000307411 0 0 0 63 284 0 316 501 
9606.ENSP00000380136 9606.ENSP00000369716 0 0 0 61 144 900 128 920 
9606.ENSP00000380136 9606.ENSP00000251900 0 0 0 62 50 0 179 205 
9606.ENSP00000380136 9606.ENSP00000340609 0 0 0 63 80 0 173 224 
9606.ENSP00000380136 9606.ENSP00000355593 0 0 0 0 0 0 235 235 
9606.ENSP00000380136 9606.ENSP00000263121 0 0 0 64 0 0 213 232 
9606.ENSP00000380136 9606.ENSP00000287600 0 0 0 0 0 0 227 227 
9606.ENSP00000380136 9606.ENSP00000319104 0 0 0 66 192 0 89 252 
9606.ENSP00000380136 9606.ENSP00000363787 0 0 0 64 0 0 167 186 
9606.ENSP00000380136 9606.ENSP00000229328 0 0 0 63 185 0 0 203 
9606.ENSP00000380136 9606.ENSP00000363492 0 0 0 0 0 0 173 173 
9606.ENSP00000380136 9606.ENSP00000319169 0 0 0 63 192 0 382 491 
9606.ENSP00000380136 9606.ENSP00000404658 0 0 0 63 133 0 288 371 
9606.ENSP00000380136 9606.ENSP00000253237 0 0 0 64 0 0 271 288 
9606.ENSP00000380136 9606.ENSP00000479617 0 0 0 65 0 0 226 245 
9606.ENSP00000380136 9606.ENSP00000419184 0 0 0 63 133 0 213 305 
9606.ENSP00000380136 9606.ENSP00000440674 0 0 0 0 112 0 125 190 
9606.ENSP00000380136 9606.ENSP00000360973 0 0 0 0 0 0 161 161 
9606.ENSP00000380136 9606.ENSP00000439782 0 0 0 61 133 0 0 151 
9606.ENSP00000380136 9606.ENSP00000378784 0 0 0 62 157 0 86 214 
9606.ENSP00000380136 9606.ENSP00000445381 0 0 0 62 185 0 63 221 
9606.ENSP00000380136 9606.ENSP00000216727 0 0 0 64 131 0 0 151 
9606.ENSP00000380136 9606.ENSP00000417404 0 0 0 0 809 0 100 820 
9606.ENSP00000380136 9606.ENSP00000366956 0 0 0 62 354 0 609 742 
9606.ENSP00000380136 9606.ENSP00000369424 0 0 0 63 0 900 210 919 
9606.ENSP00000380136 9606.ENSP00000480158 0 0 0 121 0 0 86 162 
9606.ENSP00000380136 9606.ENSP00000345681 0 0 0 0 0 0 187 187 
9606.ENSP00000380136 9606.ENSP00000376611 0 0 0 0 0 0 222 222 
9606.ENSP00000380136 9606.ENSP00000419851 0 0 0 64 0 0 274 291 
9606.ENSP00000380136 9606.ENSP00000350844 0 0 0 0 50 0 167 175 
9606.ENSP00000380136 9606.ENSP00000344546 0 0 0 129 94 0 165 284 
9606.ENSP00000380136 9606.ENSP00000303507 0 0 0 0 0 0 463 463 
9606.ENSP00000380136 9606.ENSP00000309555 0 0 0 107 0 0 150 208 
9606.ENSP00000380136 9606.ENSP00000256429 0 0 0 0 80 0 239 270 
9606.ENSP00000380136 9606.ENSP00000379111 0 0 0 0 0 0 190 190 
9606.ENSP00000380136 9606.ENSP00000347648 0 0 0 0 95 0 128 177 
