9606.ENSP00000477367 9606.ENSP00000446054 0 0 0 0 0 0 248 248 
9606.ENSP00000477367 9606.ENSP00000226193 0 0 0 0 0 0 254 254 
9606.ENSP00000477367 9606.ENSP00000322546 0 0 0 0 0 0 652 652 
9606.ENSP00000477367 9606.ENSP00000339356 0 0 0 0 0 0 533 533 
9606.ENSP00000477367 9606.ENSP00000308976 0 0 0 0 0 0 388 388 
9606.ENSP00000477367 9606.ENSP00000402505 0 0 0 0 0 0 242 242 
9606.ENSP00000477367 9606.ENSP00000352305 0 0 0 0 0 0 582 582 
9606.ENSP00000477367 9606.ENSP00000444029 0 0 0 0 0 0 266 266 
9606.ENSP00000477367 9606.ENSP00000334808 0 0 0 0 0 0 473 473 
9606.ENSP00000477367 9606.ENSP00000328359 0 0 0 0 0 0 171 171 
9606.ENSP00000477367 9606.ENSP00000448955 0 0 0 0 0 0 239 239 
9606.ENSP00000477367 9606.ENSP00000411418 0 0 0 0 0 0 161 161 
9606.ENSP00000477367 9606.ENSP00000403077 0 0 0 0 0 0 533 533 
9606.ENSP00000477367 9606.ENSP00000327533 0 0 0 0 0 0 268 268 
9606.ENSP00000477367 9606.ENSP00000469394 0 0 0 0 0 0 154 154 
9606.ENSP00000477367 9606.ENSP00000323928 0 0 0 0 0 0 420 420 
9606.ENSP00000477367 9606.ENSP00000469011 0 0 0 0 0 0 152 152 
9606.ENSP00000477367 9606.ENSP00000288607 0 0 0 0 0 0 256 256 
9606.ENSP00000477367 9606.ENSP00000365503 0 0 0 0 0 0 349 349 
9606.ENSP00000477367 9606.ENSP00000359504 0 0 0 0 0 0 217 217 
9606.ENSP00000477367 9606.ENSP00000351155 0 0 0 0 0 0 295 295 
9606.ENSP00000477367 9606.ENSP00000423541 0 0 0 0 0 0 400 400 
9606.ENSP00000477367 9606.ENSP00000419502 0 0 0 0 0 0 384 384 
9606.ENSP00000477367 9606.ENSP00000259711 0 0 0 0 0 0 406 406 
9606.ENSP00000477367 9606.ENSP00000281589 0 0 0 0 0 0 451 451 
9606.ENSP00000477367 9606.ENSP00000397002 0 0 0 0 0 0 400 400 
9606.ENSP00000477367 9606.ENSP00000300961 0 0 0 0 0 0 527 527 
9606.ENSP00000477367 9606.ENSP00000355812 0 0 0 0 0 0 424 424 
9606.ENSP00000477367 9606.ENSP00000264159 0 0 0 0 0 0 161 161 
9606.ENSP00000477367 9606.ENSP00000369729 0 0 0 0 0 0 630 630 
9606.ENSP00000477367 9606.ENSP00000308764 0 0 0 0 0 0 669 669 
9606.ENSP00000477367 9606.ENSP00000368592 0 0 0 0 0 0 447 447 
9606.ENSP00000477367 9606.ENSP00000426528 0 0 0 0 0 0 493 493 
9606.ENSP00000477367 9606.ENSP00000387250 0 0 0 0 0 0 187 187 
9606.ENSP00000477367 9606.ENSP00000302413 0 0 0 0 0 0 429 429 
9606.ENSP00000477367 9606.ENSP00000335196 0 0 0 0 0 0 161 161 
9606.ENSP00000477367 9606.ENSP00000418693 0 0 0 0 0 0 645 645 
9606.ENSP00000477367 9606.ENSP00000328207 0 0 0 0 0 0 171 171 
9606.ENSP00000477367 9606.ENSP00000358617 0 0 0 0 0 0 256 256 
9606.ENSP00000477367 9606.ENSP00000274364 0 0 0 0 0 0 329 329 
9606.ENSP00000477367 9606.ENSP00000386653 0 0 0 0 0 0 187 187 
9606.ENSP00000477367 9606.ENSP00000376992 0 0 0 0 0 0 197 197 
9606.ENSP00000477367 9606.ENSP00000407552 0 0 0 0 0 0 311 311 
9606.ENSP00000477367 9606.ENSP00000339449 0 0 0 0 0 0 541 541 
9606.ENSP00000477367 9606.ENSP00000359512 0 0 0 0 0 0 349 349 
9606.ENSP00000477367 9606.ENSP00000251527 0 0 0 0 0 0 188 188 
9606.ENSP00000477367 9606.ENSP00000418648 0 0 0 0 0 0 512 512 
9606.ENSP00000477367 9606.ENSP00000381657 0 0 0 0 0 0 207 207 
9606.ENSP00000477367 9606.ENSP00000483005 0 0 0 0 0 0 290 290 
9606.ENSP00000477367 9606.ENSP00000384290 0 0 0 0 0 0 248 248 
9606.ENSP00000477367 9606.ENSP00000342576 0 0 0 0 0 0 376 376 
9606.ENSP00000477367 9606.ENSP00000262213 0 0 0 0 0 0 282 282 
