9606.ENSP00000259874 9606.ENSP00000297156 0 0 0 0 294 0 60 307 
9606.ENSP00000259874 9606.ENSP00000305651 0 0 0 63 0 0 187 205 
9606.ENSP00000259874 9606.ENSP00000376943 0 0 0 0 0 0 236 236 
9606.ENSP00000259874 9606.ENSP00000462647 0 0 0 0 0 0 711 711 
9606.ENSP00000259874 9606.ENSP00000360266 0 0 0 85 0 0 298 330 
9606.ENSP00000259874 9606.ENSP00000364815 0 0 0 60 0 0 232 247 
9606.ENSP00000259874 9606.ENSP00000364163 0 0 0 0 0 0 189 189 
9606.ENSP00000259874 9606.ENSP00000377036 0 0 0 0 354 0 247 492 
9606.ENSP00000259874 9606.ENSP00000478589 0 0 0 0 0 0 166 166 
9606.ENSP00000259874 9606.ENSP00000418447 0 0 0 0 354 900 0 932 
9606.ENSP00000259874 9606.ENSP00000365131 0 0 0 0 294 0 0 294 
9606.ENSP00000259874 9606.ENSP00000368455 0 0 0 0 0 0 201 201 
9606.ENSP00000259874 9606.ENSP00000244869 0 0 0 61 0 0 158 175 
9606.ENSP00000259874 9606.ENSP00000310170 0 0 0 211 0 0 267 398 
9606.ENSP00000259874 9606.ENSP00000290401 0 0 0 0 0 0 171 171 
9606.ENSP00000259874 9606.ENSP00000356832 0 0 0 62 0 0 265 281 
9606.ENSP00000259874 9606.ENSP00000361850 0 0 0 141 0 0 111 203 
9606.ENSP00000259874 9606.ENSP00000437256 0 0 0 0 0 0 215 215 
9606.ENSP00000259874 9606.ENSP00000410446 0 0 0 0 0 0 162 162 
9606.ENSP00000259874 9606.ENSP00000362994 0 0 0 75 0 0 255 282 
9606.ENSP00000259874 9606.ENSP00000432282 0 0 0 0 0 0 181 181 
9606.ENSP00000259874 9606.ENSP00000362361 0 0 0 0 0 0 185 185 
9606.ENSP00000259874 9606.ENSP00000364482 0 0 0 0 0 0 227 227 
9606.ENSP00000259874 9606.ENSP00000279488 0 0 0 82 0 0 269 300 
9606.ENSP00000259874 9606.ENSP00000381185 0 0 0 0 336 0 79 362 
9606.ENSP00000259874 9606.ENSP00000425092 0 0 0 0 0 0 176 176 
9606.ENSP00000259874 9606.ENSP00000354394 0 0 0 0 0 0 167 167 
9606.ENSP00000259874 9606.ENSP00000378974 0 0 0 0 0 0 188 188 
9606.ENSP00000259874 9606.ENSP00000256495 0 0 0 118 0 0 266 325 
9606.ENSP00000259874 9606.ENSP00000379566 0 0 0 0 0 0 159 159 
9606.ENSP00000259874 9606.ENSP00000382828 0 0 0 0 0 0 187 187 
9606.ENSP00000259874 9606.ENSP00000345716 0 0 0 0 0 0 150 150 
9606.ENSP00000259874 9606.ENSP00000361275 0 0 0 79 0 0 389 413 
9606.ENSP00000259874 9606.ENSP00000469647 0 0 0 86 0 0 505 529 
9606.ENSP00000259874 9606.ENSP00000365435 0 0 0 0 0 0 156 156 
9606.ENSP00000259874 9606.ENSP00000273153 0 0 0 97 0 0 178 227 
9606.ENSP00000259874 9606.ENSP00000262395 0 0 0 69 0 0 172 196 
9606.ENSP00000259874 9606.ENSP00000402394 0 0 0 0 0 0 167 167 
9606.ENSP00000259874 9606.ENSP00000360025 0 0 0 96 0 0 296 336 
9606.ENSP00000259874 9606.ENSP00000316675 0 0 0 0 0 0 197 197 
9606.ENSP00000259874 9606.ENSP00000268638 0 0 0 0 0 0 196 196 
9606.ENSP00000259874 9606.ENSP00000381070 0 0 0 0 0 0 152 152 
9606.ENSP00000259874 9606.ENSP00000345393 0 0 0 100 0 0 298 342 
9606.ENSP00000259874 9606.ENSP00000479101 0 0 0 0 0 0 151 151 
9606.ENSP00000259874 9606.ENSP00000280612 0 0 0 0 0 0 170 170 
9606.ENSP00000259874 9606.ENSP00000293379 0 0 0 125 0 0 69 150 
9606.ENSP00000259874 9606.ENSP00000322788 0 0 0 123 0 0 79 157 
9606.ENSP00000259874 9606.ENSP00000473185 0 0 0 0 0 0 167 167 
9606.ENSP00000259874 9606.ENSP00000359606 0 0 0 0 0 0 182 182 
9606.ENSP00000259874 9606.ENSP00000436607 0 0 0 125 0 0 105 184 
9606.ENSP00000259874 9606.ENSP00000356549 0 0 0 98 0 0 319 359 
9606.ENSP00000259874 9606.ENSP00000370896 0 0 0 0 0 0 170 170 
9606.ENSP00000259874 9606.ENSP00000380109 0 0 0 0 0 0 307 307 
9606.ENSP00000259874 9606.ENSP00000436897 0 0 0 89 0 0 110 155 
9606.ENSP00000259874 9606.ENSP00000285407 0 0 0 77 0 0 123 155 
9606.ENSP00000259874 9606.ENSP00000351108 0 0 0 0 0 0 325 325 
9606.ENSP00000259874 9606.ENSP00000360891 0 0 0 0 0 0 169 169 
9606.ENSP00000259874 9606.ENSP00000333188 0 0 0 0 0 0 188 188 
9606.ENSP00000259874 9606.ENSP00000407586 0 0 0 62 0 0 166 184 
9606.ENSP00000259874 9606.ENSP00000229812 0 0 0 0 0 0 152 152 
9606.ENSP00000259874 9606.ENSP00000362730 0 0 0 0 0 0 161 161 
9606.ENSP00000259874 9606.ENSP00000216115 0 0 0 0 0 0 216 216 
9606.ENSP00000259874 9606.ENSP00000322524 0 0 0 0 0 0 396 396 
9606.ENSP00000259874 9606.ENSP00000388402 0 0 0 90 0 0 347 380 
9606.ENSP00000259874 9606.ENSP00000480004 0 0 0 0 0 0 153 153 
9606.ENSP00000259874 9606.ENSP00000259873 0 0 0 0 0 0 405 405 
9606.ENSP00000259874 9606.ENSP00000363689 0 0 0 58 0 0 148 164 
9606.ENSP00000259874 9606.ENSP00000244534 0 0 0 0 0 0 194 194 
9606.ENSP00000259874 9606.ENSP00000290551 0 0 0 63 0 0 377 391 
9606.ENSP00000259874 9606.ENSP00000310219 0 0 0 60 0 0 135 152 
9606.ENSP00000259874 9606.ENSP00000356529 0 0 0 0 0 0 187 187 
9606.ENSP00000259874 9606.ENSP00000164227 0 0 0 126 0 0 284 347 
9606.ENSP00000259874 9606.ENSP00000266085 0 0 0 50 0 0 227 234 
9606.ENSP00000259874 9606.ENSP00000358596 0 0 0 118 0 0 298 355 
9606.ENSP00000259874 9606.ENSP00000376103 0 0 0 0 0 0 163 163 
9606.ENSP00000259874 9606.ENSP00000258080 0 0 0 0 0 0 301 301 
9606.ENSP00000259874 9606.ENSP00000301634 0 0 0 61 0 0 139 157 
9606.ENSP00000259874 9606.ENSP00000343246 0 0 0 60 0 0 189 205 
9606.ENSP00000259874 9606.ENSP00000266671 0 0 0 99 0 0 490 521 
9606.ENSP00000259874 9606.ENSP00000367794 0 0 0 65 0 0 196 216 
9606.ENSP00000259874 9606.ENSP00000233468 0 0 0 0 0 0 153 153 
9606.ENSP00000259874 9606.ENSP00000307786 0 0 0 0 0 0 150 150 
9606.ENSP00000259874 9606.ENSP00000310796 0 0 0 0 0 0 233 233 
9606.ENSP00000259874 9606.ENSP00000360242 0 0 0 0 0 0 186 186 
9606.ENSP00000259874 9606.ENSP00000344648 0 0 0 0 0 0 405 405 
9606.ENSP00000259874 9606.ENSP00000242465 0 0 0 0 0 0 165 165 
9606.ENSP00000259874 9606.ENSP00000365280 0 0 0 76 0 0 122 154 
9606.ENSP00000259874 9606.ENSP00000356669 0 0 0 0 0 0 414 414 
9606.ENSP00000259874 9606.ENSP00000465617 0 0 0 91 0 0 432 462 
9606.ENSP00000259874 9606.ENSP00000354519 0 0 0 0 0 0 173 173 
9606.ENSP00000259874 9606.ENSP00000424607 0 0 0 0 0 0 221 221 
9606.ENSP00000259874 9606.ENSP00000365744 0 0 0 0 0 0 377 377 
9606.ENSP00000259874 9606.ENSP00000226730 0 0 0 0 0 0 167 167 
9606.ENSP00000259874 9606.ENSP00000305355 0 0 0 0 0 0 190 190 
9606.ENSP00000259874 9606.ENSP00000364935 0 0 0 105 0 0 199 253 
9606.ENSP00000259874 9606.ENSP00000364190 0 0 0 0 0 0 299 299 
9606.ENSP00000259874 9606.ENSP00000365806 0 0 0 0 0 0 194 194 
9606.ENSP00000259874 9606.ENSP00000373047 0 0 0 0 0 0 197 197 
9606.ENSP00000259874 9606.ENSP00000368140 0 0 0 0 0 0 150 150 
9606.ENSP00000259874 9606.ENSP00000358794 0 0 0 0 0 0 165 165 
9606.ENSP00000259874 9606.ENSP00000289528 0 0 0 0 0 0 154 154 
9606.ENSP00000259874 9606.ENSP00000356954 0 0 0 84 0 0 139 178 
9606.ENSP00000259874 9606.ENSP00000416561 0 0 0 93 0 0 221 263 
9606.ENSP00000259874 9606.ENSP00000372724 0 0 0 0 0 0 251 251 
9606.ENSP00000259874 9606.ENSP00000346809 0 0 0 0 0 0 210 210 
9606.ENSP00000259874 9606.ENSP00000476145 0 0 0 62 0 0 288 303 
9606.ENSP00000259874 9606.ENSP00000382239 0 0 0 0 0 0 290 290 
9606.ENSP00000259874 9606.ENSP00000368683 0 0 0 77 0 0 162 194 
9606.ENSP00000259874 9606.ENSP00000420612 0 0 0 81 0 0 145 181 
9606.ENSP00000259874 9606.ENSP00000263339 0 0 0 118 0 0 220 283 
9606.ENSP00000259874 9606.ENSP00000200453 0 0 0 98 0 0 211 258 
9606.ENSP00000259874 9606.ENSP00000353731 0 0 0 0 0 0 236 236 
9606.ENSP00000259874 9606.ENSP00000248076 0 0 0 0 0 0 226 226 
9606.ENSP00000259874 9606.ENSP00000362680 0 0 0 76 0 0 142 173 
9606.ENSP00000259874 9606.ENSP00000221138 0 0 0 0 0 900 0 900 
9606.ENSP00000259874 9606.ENSP00000306245 0 0 0 64 0 0 404 418 
9606.ENSP00000259874 9606.ENSP00000319231 0 0 0 213 0 0 90 253 
9606.ENSP00000259874 9606.ENSP00000412324 0 0 0 0 354 900 188 943 
9606.ENSP00000259874 9606.ENSP00000331614 0 0 0 0 0 0 288 288 
9606.ENSP00000259874 9606.ENSP00000355866 0 0 0 55 0 0 206 218 
9606.ENSP00000259874 9606.ENSP00000446252 0 0 0 61 0 0 338 351 
9606.ENSP00000259874 9606.ENSP00000478591 0 0 0 61 0 0 139 157 
9606.ENSP00000259874 9606.ENSP00000363591 0 0 0 67 0 0 182 204 
9606.ENSP00000259874 9606.ENSP00000287078 0 0 0 0 0 0 214 214 
9606.ENSP00000259874 9606.ENSP00000263274 0 0 0 0 0 0 165 165 
9606.ENSP00000259874 9606.ENSP00000334153 0 0 0 0 0 0 241 241 
9606.ENSP00000259874 9606.ENSP00000263379 0 0 0 0 0 0 176 176 
9606.ENSP00000259874 9606.ENSP00000323856 0 0 0 71 0 0 132 159 
9606.ENSP00000259874 9606.ENSP00000480836 0 0 0 61 0 0 158 175 
9606.ENSP00000259874 9606.ENSP00000366340 0 0 0 0 0 0 167 167 
9606.ENSP00000259874 9606.ENSP00000265686 0 0 0 88 0 0 111 155 
9606.ENSP00000259874 9606.ENSP00000314441 0 0 0 0 0 0 199 199 
9606.ENSP00000259874 9606.ENSP00000356125 0 0 0 61 0 0 149 167 
9606.ENSP00000259874 9606.ENSP00000321498 0 0 0 0 0 0 175 175 
9606.ENSP00000259874 9606.ENSP00000334329 0 0 0 0 0 0 172 172 
9606.ENSP00000259874 9606.ENSP00000221132 0 0 0 65 0 0 222 241 
9606.ENSP00000259874 9606.ENSP00000376608 0 0 0 0 0 0 171 171 
9606.ENSP00000259874 9606.ENSP00000335203 0 0 0 0 0 0 349 349 
9606.ENSP00000259874 9606.ENSP00000013807 0 0 0 61 0 0 422 435 
9606.ENSP00000259874 9606.ENSP00000221452 0 0 0 116 0 0 265 323 
9606.ENSP00000259874 9606.ENSP00000355996 0 0 0 91 0 0 252 291 
9606.ENSP00000259874 9606.ENSP00000261441 0 0 0 0 0 0 202 202 
9606.ENSP00000259874 9606.ENSP00000370443 0 0 0 0 0 0 269 269 
9606.ENSP00000259874 9606.ENSP00000398632 0 0 0 97 0 0 124 175 
9606.ENSP00000259874 9606.ENSP00000359264 0 0 0 63 0 0 141 160 
9606.ENSP00000259874 9606.ENSP00000427424 0 0 0 0 0 0 378 378 
9606.ENSP00000259874 9606.ENSP00000270221 0 0 0 106 0 0 149 207 
9606.ENSP00000259874 9606.ENSP00000378888 0 0 0 0 0 0 247 247 
9606.ENSP00000259874 9606.ENSP00000398698 0 0 0 87 0 0 860 866 
9606.ENSP00000259874 9606.ENSP00000162749 0 0 0 90 0 0 196 237 
9606.ENSP00000259874 9606.ENSP00000269593 0 0 0 76 0 0 168 198 
9606.ENSP00000259874 9606.ENSP00000351273 0 0 0 0 0 0 188 188 
9606.ENSP00000259874 9606.ENSP00000297431 0 0 0 0 0 0 246 246 
9606.ENSP00000259874 9606.ENSP00000362774 0 0 0 0 0 0 226 226 
9606.ENSP00000259874 9606.ENSP00000366306 0 0 0 0 0 0 163 163 
9606.ENSP00000259874 9606.ENSP00000263464 0 0 0 0 336 0 415 595 
9606.ENSP00000259874 9606.ENSP00000366509 0 0 0 0 0 0 161 161 
9606.ENSP00000259874 9606.ENSP00000296026 0 0 0 198 0 0 250 372 
9606.ENSP00000259874 9606.ENSP00000451828 0 0 0 0 0 0 244 244 
9606.ENSP00000259874 9606.ENSP00000308576 0 0 0 76 0 0 127 158 
9606.ENSP00000259874 9606.ENSP00000317595 0 0 0 0 0 0 217 217 
9606.ENSP00000259874 9606.ENSP00000225474 0 0 0 95 0 0 132 181 
9606.ENSP00000259874 9606.ENSP00000254322 0 0 0 0 0 0 154 154 
9606.ENSP00000259874 9606.ENSP00000365694 0 0 0 0 0 0 236 236 
9606.ENSP00000259874 9606.ENSP00000358983 0 0 0 107 0 0 181 238 
9606.ENSP00000259874 9606.ENSP00000468969 0 0 0 0 0 0 265 265 
9606.ENSP00000259874 9606.ENSP00000268042 0 0 0 0 0 0 170 170 
9606.ENSP00000259874 9606.ENSP00000211413 0 0 0 0 0 0 167 167 
9606.ENSP00000259874 9606.ENSP00000375778 0 0 0 139 0 0 55 151 
9606.ENSP00000259874 9606.ENSP00000259206 0 0 0 115 0 0 137 204 
9606.ENSP00000259874 9606.ENSP00000366702 0 0 0 88 0 0 110 153 
9606.ENSP00000259874 9606.ENSP00000392025 0 0 0 0 0 0 166 166 
9606.ENSP00000259874 9606.ENSP00000398124 0 0 0 0 0 0 155 155 
9606.ENSP00000259874 9606.ENSP00000354608 0 0 0 0 0 0 176 176 
9606.ENSP00000259874 9606.ENSP00000369703 0 0 0 0 0 0 187 187 
9606.ENSP00000259874 9606.ENSP00000357705 0 0 0 91 0 0 123 169 
9606.ENSP00000259874 9606.ENSP00000474412 0 0 0 0 0 0 212 212 
9606.ENSP00000259874 9606.ENSP00000478561 0 0 0 88 0 0 169 210 
9606.ENSP00000259874 9606.ENSP00000332116 0 0 0 0 0 0 223 223 
9606.ENSP00000259874 9606.ENSP00000229239 0 0 0 49 0 0 268 274 
9606.ENSP00000259874 9606.ENSP00000481570 0 0 0 110 0 0 432 473 
9606.ENSP00000259874 9606.ENSP00000258149 0 0 0 0 379 0 139 442 
9606.ENSP00000259874 9606.ENSP00000324804 0 0 0 0 0 900 0 900 
9606.ENSP00000259874 9606.ENSP00000376436 0 0 0 49 0 0 162 169 
9606.ENSP00000259874 9606.ENSP00000264538 0 0 0 0 0 0 265 265 
9606.ENSP00000259874 9606.ENSP00000269305 0 0 0 0 0 0 327 327 
9606.ENSP00000259874 9606.ENSP00000316130 0 0 0 0 0 0 172 172 
9606.ENSP00000259874 9606.ENSP00000295463 0 0 0 0 0 0 157 157 
9606.ENSP00000259874 9606.ENSP00000356058 0 0 0 0 0 0 151 151 
9606.ENSP00000259874 9606.ENSP00000371067 0 0 0 0 0 0 188 188 
9606.ENSP00000259874 9606.ENSP00000264657 0 0 0 62 0 0 195 212 
9606.ENSP00000259874 9606.ENSP00000314619 0 0 0 0 0 0 251 251 
9606.ENSP00000259874 9606.ENSP00000297282 0 0 0 0 209 0 0 209 
9606.ENSP00000259874 9606.ENSP00000364802 0 0 0 55 0 0 157 170 
9606.ENSP00000259874 9606.ENSP00000261267 0 0 0 0 0 0 160 160 
9606.ENSP00000259874 9606.ENSP00000266581 0 0 0 88 0 0 151 192 
9606.ENSP00000259874 9606.ENSP00000469332 0 0 0 0 0 0 186 186 
9606.ENSP00000259874 9606.ENSP00000240100 0 0 0 101 0 0 231 279 
9606.ENSP00000259874 9606.ENSP00000375942 0 0 0 0 0 0 151 151 
9606.ENSP00000259874 9606.ENSP00000289448 0 0 0 0 0 0 190 190 
9606.ENSP00000259874 9606.ENSP00000379110 0 0 0 216 0 0 307 433 
9606.ENSP00000259874 9606.ENSP00000357726 0 0 0 62 0 0 146 164 
9606.ENSP00000259874 9606.ENSP00000312455 0 0 0 0 0 0 246 246 
9606.ENSP00000259874 9606.ENSP00000241261 0 0 0 0 294 0 130 359 
9606.ENSP00000259874 9606.ENSP00000409346 0 0 0 75 0 0 173 203 
9606.ENSP00000259874 9606.ENSP00000308369 0 0 0 0 0 0 208 208 
9606.ENSP00000259874 9606.ENSP00000427514 0 0 0 51 0 0 470 475 
9606.ENSP00000259874 9606.ENSP00000292475 0 0 0 0 0 0 242 242 
9606.ENSP00000259874 9606.ENSP00000368450 0 0 0 61 0 0 186 203 
9606.ENSP00000259874 9606.ENSP00000379097 0 0 0 138 0 0 132 220 
9606.ENSP00000259874 9606.ENSP00000275525 0 0 0 0 0 0 245 245 
9606.ENSP00000259874 9606.ENSP00000282388 0 0 0 63 0 0 341 356 
9606.ENSP00000259874 9606.ENSP00000277554 0 0 0 0 0 0 203 203 
9606.ENSP00000259874 9606.ENSP00000364180 0 0 0 0 0 0 151 151 
9606.ENSP00000259874 9606.ENSP00000370950 0 0 0 0 0 0 159 159 
9606.ENSP00000259874 9606.ENSP00000344544 0 0 0 0 0 0 369 369 
9606.ENSP00000259874 9606.ENSP00000315743 0 0 0 0 0 0 207 207 
9606.ENSP00000259874 9606.ENSP00000265372 0 0 0 0 0 0 237 237 
9606.ENSP00000259874 9606.ENSP00000301633 0 0 0 0 0 0 156 156 
9606.ENSP00000259874 9606.ENSP00000361021 0 0 0 55 0 0 140 153 
9606.ENSP00000259874 9606.ENSP00000365076 0 0 0 0 0 0 201 201 
9606.ENSP00000259874 9606.ENSP00000296795 0 0 0 0 0 0 215 215 
9606.ENSP00000259874 9606.ENSP00000275493 0 0 0 0 0 0 196 196 
9606.ENSP00000259874 9606.ENSP00000282272 0 0 0 0 0 0 228 228 
9606.ENSP00000259874 9606.ENSP00000354597 0 0 0 0 0 0 173 173 
9606.ENSP00000259874 9606.ENSP00000357917 0 0 0 0 0 0 240 240 
9606.ENSP00000259874 9606.ENSP00000318057 0 0 0 0 0 0 248 248 
9606.ENSP00000259874 9606.ENSP00000388566 0 0 0 84 0 0 166 203 
9606.ENSP00000259874 9606.ENSP00000225831 0 0 0 107 0 0 294 343 
9606.ENSP00000259874 9606.ENSP00000482259 0 0 0 63 0 0 238 255 
9606.ENSP00000259874 9606.ENSP00000444215 0 0 0 0 0 0 173 173 
9606.ENSP00000259874 9606.ENSP00000413707 0 0 0 76 0 0 141 172 
9606.ENSP00000259874 9606.ENSP00000274853 0 0 0 88 0 0 443 471 
9606.ENSP00000259874 9606.ENSP00000349041 0 0 0 0 0 0 152 152 
9606.ENSP00000259874 9606.ENSP00000244227 0 0 0 0 0 0 170 170 
9606.ENSP00000259874 9606.ENSP00000201647 0 0 0 76 0 0 218 247 
9606.ENSP00000259874 9606.ENSP00000188790 0 0 0 0 0 0 176 176 
9606.ENSP00000259874 9606.ENSP00000419923 0 0 0 86 0 0 167 206 
9606.ENSP00000259874 9606.ENSP00000274289 0 0 0 65 0 0 165 185 
9606.ENSP00000259874 9606.ENSP00000365950 0 0 0 0 0 0 179 179 
9606.ENSP00000259874 9606.ENSP00000222553 0 0 0 70 0 0 198 222 
9606.ENSP00000259874 9606.ENSP00000302846 0 0 0 65 0 0 238 257 
9606.ENSP00000259874 9606.ENSP00000324890 0 0 0 0 0 0 162 162 
9606.ENSP00000259874 9606.ENSP00000452780 0 0 0 0 0 0 218 218 
9606.ENSP00000259874 9606.ENSP00000363763 0 0 0 0 354 0 0 354 
9606.ENSP00000259874 9606.ENSP00000263341 0 0 0 109 0 0 242 296 
9606.ENSP00000259874 9606.ENSP00000379873 0 0 0 69 0 0 144 169 
9606.ENSP00000259874 9606.ENSP00000477908 0 0 0 62 0 0 204 222 
9606.ENSP00000259874 9606.ENSP00000362179 0 0 0 155 0 0 342 421 
9606.ENSP00000259874 9606.ENSP00000295025 0 0 0 0 0 0 267 267 
9606.ENSP00000259874 9606.ENSP00000222968 0 0 0 0 0 0 171 171 
9606.ENSP00000259874 9606.ENSP00000276431 0 0 0 77 0 0 151 183 
9606.ENSP00000259874 9606.ENSP00000394899 0 0 0 88 0 0 317 351 
9606.ENSP00000259874 9606.ENSP00000472808 0 0 0 0 0 0 220 220 
9606.ENSP00000259874 9606.ENSP00000375649 0 0 0 0 0 0 160 160 
9606.ENSP00000259874 9606.ENSP00000344192 0 0 0 0 0 0 163 163 
9606.ENSP00000259874 9606.ENSP00000384273 0 0 0 76 336 0 267 511 
9606.ENSP00000259874 9606.ENSP00000226574 0 0 0 91 0 0 256 295 
9606.ENSP00000259874 9606.ENSP00000239223 0 0 0 65 0 0 362 378 
9606.ENSP00000259874 9606.ENSP00000387941 0 0 0 0 0 0 281 281 
9606.ENSP00000259874 9606.ENSP00000227880 0 0 0 61 0 0 388 401 
9606.ENSP00000259874 9606.ENSP00000309338 0 0 0 142 0 0 123 216 
9606.ENSP00000259874 9606.ENSP00000270792 0 0 0 66 0 0 156 178 
9606.ENSP00000259874 9606.ENSP00000264563 0 0 0 0 0 0 160 160 
9606.ENSP00000259874 9606.ENSP00000254301 0 0 0 107 0 0 180 236 
9606.ENSP00000259874 9606.ENSP00000305422 0 0 0 142 0 0 187 272 
9606.ENSP00000259874 9606.ENSP00000216797 0 0 0 96 0 0 417 450 
9606.ENSP00000259874 9606.ENSP00000365588 0 0 0 0 0 0 166 166 
9606.ENSP00000259874 9606.ENSP00000440864 0 0 0 62 0 0 320 335 
9606.ENSP00000259874 9606.ENSP00000464006 0 0 0 0 0 0 188 188 
9606.ENSP00000259874 9606.ENSP00000299022 0 0 0 0 0 0 287 287 
9606.ENSP00000259874 9606.ENSP00000324701 0 0 0 0 0 0 181 181 
9606.ENSP00000259874 9606.ENSP00000321735 0 0 0 0 0 0 472 472 
9606.ENSP00000259874 9606.ENSP00000344609 0 0 0 61 0 0 150 168 
9606.ENSP00000259874 9606.ENSP00000260010 0 0 0 62 0 0 186 203 
9606.ENSP00000259874 9606.ENSP00000353344 0 0 0 83 0 0 167 204 
9606.ENSP00000259874 9606.ENSP00000366378 0 0 0 0 0 0 242 242 
9606.ENSP00000259874 9606.ENSP00000419471 0 0 0 0 0 0 361 361 
9606.ENSP00000259874 9606.ENSP00000263025 0 0 0 0 379 900 205 946 
9606.ENSP00000259874 9606.ENSP00000274625 0 0 0 0 0 0 157 157 
9606.ENSP00000259874 9606.ENSP00000356224 0 0 0 0 0 0 229 229 
9606.ENSP00000259874 9606.ENSP00000329920 0 0 0 0 0 0 186 186 
9606.ENSP00000259874 9606.ENSP00000434516 0 0 0 65 0 0 141 162 
9606.ENSP00000259874 9606.ENSP00000339328 0 0 0 135 0 0 119 205 
9606.ENSP00000259874 9606.ENSP00000296511 0 0 0 83 0 0 146 184 
9606.ENSP00000259874 9606.ENSP00000311833 0 0 0 0 0 0 626 626 
9606.ENSP00000259874 9606.ENSP00000462521 0 0 0 0 0 0 156 156 
9606.ENSP00000259874 9606.ENSP00000356438 0 0 0 120 0 0 251 313 
9606.ENSP00000259874 9606.ENSP00000328269 0 0 0 79 0 0 155 189 
9606.ENSP00000259874 9606.ENSP00000261037 0 0 0 55 0 0 364 374 
9606.ENSP00000259874 9606.ENSP00000384015 0 0 0 0 0 0 188 188 
9606.ENSP00000259874 9606.ENSP00000470082 0 0 0 0 0 0 268 268 
9606.ENSP00000259874 9606.ENSP00000383376 0 0 0 0 0 0 150 150 
9606.ENSP00000259874 9606.ENSP00000380432 0 0 0 0 0 0 169 169 
9606.ENSP00000259874 9606.ENSP00000223095 0 0 0 165 0 0 210 313 
9606.ENSP00000259874 9606.ENSP00000299759 0 0 0 90 0 0 105 151 
9606.ENSP00000259874 9606.ENSP00000359526 0 0 0 0 0 0 174 174 
9606.ENSP00000259874 9606.ENSP00000485378 0 0 0 0 0 0 170 170 
9606.ENSP00000259874 9606.ENSP00000164133 0 0 0 0 354 900 185 942 
9606.ENSP00000259874 9606.ENSP00000384849 0 0 0 105 0 0 199 252 
9606.ENSP00000259874 9606.ENSP00000410833 0 0 0 69 0 0 141 166 
9606.ENSP00000259874 9606.ENSP00000258787 0 0 0 0 0 0 164 164 
9606.ENSP00000259874 9606.ENSP00000259953 0 0 0 62 0 0 160 179 
9606.ENSP00000259874 9606.ENSP00000226317 0 0 0 64 0 0 138 158 
9606.ENSP00000259874 9606.ENSP00000250617 0 0 0 0 0 0 232 232 
9606.ENSP00000259874 9606.ENSP00000291700 0 0 0 0 0 0 154 154 
9606.ENSP00000259874 9606.ENSP00000303992 0 0 0 0 0 0 237 237 
9606.ENSP00000259874 9606.ENSP00000330382 0 0 0 65 0 0 136 157 
9606.ENSP00000259874 9606.ENSP00000014914 0 0 0 76 0 0 187 216 
9606.ENSP00000259874 9606.ENSP00000235382 0 0 0 0 0 0 248 248 
9606.ENSP00000259874 9606.ENSP00000350719 0 0 0 0 0 0 162 162 
9606.ENSP00000259874 9606.ENSP00000478570 0 0 0 96 0 0 204 249 
9606.ENSP00000259874 9606.ENSP00000307940 0 0 0 0 0 0 154 154 
9606.ENSP00000259874 9606.ENSP00000332973 0 0 0 62 0 0 135 153 
9606.ENSP00000259874 9606.ENSP00000401645 0 0 0 126 0 0 138 214 
9606.ENSP00000259874 9606.ENSP00000296871 0 0 0 88 0 0 241 278 
9606.ENSP00000259874 9606.ENSP00000286523 0 0 0 0 0 0 150 150 
9606.ENSP00000259874 9606.ENSP00000421226 0 0 0 0 0 0 241 241 
9606.ENSP00000259874 9606.ENSP00000303315 0 0 0 183 0 0 129 259 
9606.ENSP00000259874 9606.ENSP00000341268 0 0 0 69 0 0 140 165 
9606.ENSP00000259874 9606.ENSP00000386165 0 0 0 84 0 0 265 298 
9606.ENSP00000259874 9606.ENSP00000463058 0 0 0 0 0 0 211 211 
9606.ENSP00000259874 9606.ENSP00000256078 0 0 0 0 0 0 183 183 
9606.ENSP00000259874 9606.ENSP00000339001 0 0 0 0 0 0 204 204 
9606.ENSP00000259874 9606.ENSP00000370003 0 0 0 0 0 0 200 200 
9606.ENSP00000259874 9606.ENSP00000230990 0 0 0 116 0 0 145 212 
9606.ENSP00000259874 9606.ENSP00000382707 0 0 0 84 0 0 154 192 
9606.ENSP00000259874 9606.ENSP00000295453 0 0 0 0 0 0 183 183 
9606.ENSP00000259874 9606.ENSP00000311344 0 0 0 0 0 900 60 902 
9606.ENSP00000259874 9606.ENSP00000302564 0 0 0 62 336 0 256 496 
9606.ENSP00000259874 9606.ENSP00000379531 0 0 0 0 0 0 158 158 
9606.ENSP00000259874 9606.ENSP00000452634 0 0 0 96 0 0 136 185 
9606.ENSP00000259874 9606.ENSP00000355249 0 0 0 0 0 0 155 155 
9606.ENSP00000259874 9606.ENSP00000372394 0 0 0 0 0 0 200 200 
9606.ENSP00000259874 9606.ENSP00000349147 0 0 0 0 0 0 220 220 
9606.ENSP00000259874 9606.ENSP00000344352 0 0 0 101 0 0 331 373 
9606.ENSP00000259874 9606.ENSP00000321656 0 0 0 0 0 0 157 157 
9606.ENSP00000259874 9606.ENSP00000296585 0 0 0 62 0 0 153 172 
9606.ENSP00000259874 9606.ENSP00000270328 0 0 0 0 0 0 156 156 
9606.ENSP00000259874 9606.ENSP00000259881 0 0 0 0 0 0 171 171 
9606.ENSP00000259874 9606.ENSP00000352208 0 0 0 146 0 0 67 169 
9606.ENSP00000259874 9606.ENSP00000301178 0 0 0 61 0 0 137 155 
9606.ENSP00000259874 9606.ENSP00000358857 0 0 0 62 0 0 349 363 
9606.ENSP00000259874 9606.ENSP00000326119 0 0 0 65 0 0 187 207 
9606.ENSP00000259874 9606.ENSP00000243347 0 0 0 74 0 0 132 162 
9606.ENSP00000259874 9606.ENSP00000479618 0 0 0 95 0 0 308 347 
9606.ENSP00000259874 9606.ENSP00000313603 0 0 0 0 0 0 228 228 
9606.ENSP00000259874 9606.ENSP00000356920 0 0 0 55 0 0 371 380 
9606.ENSP00000259874 9606.ENSP00000215631 0 0 0 109 0 0 323 371 
9606.ENSP00000259874 9606.ENSP00000405330 0 0 0 0 0 0 209 209 
9606.ENSP00000259874 9606.ENSP00000260356 0 0 0 113 0 0 151 215 
9606.ENSP00000259874 9606.ENSP00000264059 0 0 0 0 0 0 160 160 
9606.ENSP00000259874 9606.ENSP00000267328 0 0 0 88 0 0 117 160 
9606.ENSP00000259874 9606.ENSP00000409799 0 0 0 0 0 0 201 201 
9606.ENSP00000259874 9606.ENSP00000239938 0 0 0 79 0 0 473 493 
9606.ENSP00000259874 9606.ENSP00000245414 0 0 0 62 0 0 296 311 
9606.ENSP00000259874 9606.ENSP00000411821 0 0 0 0 0 0 210 210 
9606.ENSP00000259874 9606.ENSP00000357697 0 0 0 116 0 0 133 201 
9606.ENSP00000259874 9606.ENSP00000385675 0 0 0 134 0 0 318 384 
9606.ENSP00000259874 9606.ENSP00000424198 0 0 0 0 0 0 189 189 
9606.ENSP00000259874 9606.ENSP00000182527 0 0 0 82 0 0 166 202 
9606.ENSP00000259874 9606.ENSP00000362649 0 0 0 0 0 0 195 195 
9606.ENSP00000259874 9606.ENSP00000261366 0 0 0 0 0 0 215 215 
9606.ENSP00000259874 9606.ENSP00000204615 0 0 0 0 0 0 468 468 
9606.ENSP00000259874 9606.ENSP00000249075 0 0 0 183 0 0 247 358 
9606.ENSP00000259874 9606.ENSP00000440945 0 0 0 65 0 0 131 153 
9606.ENSP00000259874 9606.ENSP00000386884 0 0 0 0 0 0 226 226 
9606.ENSP00000259874 9606.ENSP00000362108 0 0 0 82 0 0 161 197 
9606.ENSP00000259874 9606.ENSP00000358022 0 0 0 62 294 0 557 681 
9606.ENSP00000259874 9606.ENSP00000265171 0 0 0 0 0 0 199 199 
9606.ENSP00000259874 9606.ENSP00000341658 0 0 0 55 0 0 159 171 
9606.ENSP00000259874 9606.ENSP00000200676 0 0 0 0 0 0 167 167 
9606.ENSP00000259874 9606.ENSP00000217121 0 0 0 63 0 0 160 179 
9606.ENSP00000259874 9606.ENSP00000351671 0 0 0 142 0 0 271 347 
9606.ENSP00000259874 9606.ENSP00000245817 0 0 0 106 0 0 134 194 
9606.ENSP00000259874 9606.ENSP00000326407 0 0 0 0 0 0 164 164 
9606.ENSP00000259874 9606.ENSP00000267953 0 0 0 69 0 0 386 404 
9606.ENSP00000259874 9606.ENSP00000477848 0 0 0 0 0 0 448 448 
9606.ENSP00000259874 9606.ENSP00000476176 0 0 0 0 0 0 173 173 
9606.ENSP00000259874 9606.ENSP00000326200 0 0 0 0 0 0 196 196 
9606.ENSP00000259874 9606.ENSP00000263056 0 0 0 87 0 0 204 243 
9606.ENSP00000259874 9606.ENSP00000306512 0 0 0 195 0 0 567 637 
9606.ENSP00000259874 9606.ENSP00000275015 0 0 0 76 0 0 169 199 
9606.ENSP00000259874 9606.ENSP00000311032 0 0 0 0 0 0 210 210 
9606.ENSP00000259874 9606.ENSP00000327513 0 0 0 97 0 0 112 164 
9606.ENSP00000259874 9606.ENSP00000378877 0 0 0 0 0 0 373 373 
9606.ENSP00000259874 9606.ENSP00000357283 0 0 0 102 0 0 249 296 
9606.ENSP00000259874 9606.ENSP00000373136 0 0 0 0 0 0 167 167 
9606.ENSP00000259874 9606.ENSP00000378130 0 0 0 0 0 0 204 204 
9606.ENSP00000259874 9606.ENSP00000412237 0 0 0 0 0 0 222 222 
9606.ENSP00000259874 9606.ENSP00000309772 0 0 0 0 0 0 243 243 
9606.ENSP00000259874 9606.ENSP00000344479 0 0 0 0 0 0 190 190 
9606.ENSP00000259874 9606.ENSP00000379003 0 0 0 61 0 0 281 295 
9606.ENSP00000259874 9606.ENSP00000313967 0 0 0 0 0 0 164 164 
9606.ENSP00000259874 9606.ENSP00000437955 0 0 0 65 0 0 142 164 
9606.ENSP00000259874 9606.ENSP00000436682 0 0 0 0 0 0 274 274 
9606.ENSP00000259874 9606.ENSP00000367787 0 0 0 0 0 0 165 165 
9606.ENSP00000259874 9606.ENSP00000448665 0 0 0 62 0 0 157 175 
9606.ENSP00000259874 9606.ENSP00000292303 0 0 0 0 0 0 155 155 
9606.ENSP00000259874 9606.ENSP00000357980 0 0 0 0 0 0 579 579 
9606.ENSP00000259874 9606.ENSP00000356429 0 0 0 0 0 0 152 152 
9606.ENSP00000259874 9606.ENSP00000376258 0 0 0 0 0 0 183 183 
9606.ENSP00000259874 9606.ENSP00000351209 0 0 0 116 0 0 130 198 
9606.ENSP00000259874 9606.ENSP00000270142 0 0 0 0 0 0 256 256 
9606.ENSP00000259874 9606.ENSP00000256951 0 0 0 103 0 0 178 232 
9606.ENSP00000259874 9606.ENSP00000344967 0 0 0 68 0 0 140 164 
9606.ENSP00000259874 9606.ENSP00000268058 0 0 0 0 379 0 89 410 
9606.ENSP00000259874 9606.ENSP00000296870 0 0 0 0 0 0 153 153 
9606.ENSP00000259874 9606.ENSP00000398736 0 0 0 96 0 0 172 219 
9606.ENSP00000259874 9606.ENSP00000245919 0 0 0 62 0 0 167 185 
9606.ENSP00000259874 9606.ENSP00000262428 0 0 0 0 0 0 178 178 
9606.ENSP00000259874 9606.ENSP00000328088 0 0 0 0 0 0 220 220 
9606.ENSP00000259874 9606.ENSP00000407818 0 0 0 0 0 0 163 163 
9606.ENSP00000259874 9606.ENSP00000263734 0 0 0 76 0 0 127 158 
9606.ENSP00000259874 9606.ENSP00000218388 0 0 0 128 0 0 140 218 
9606.ENSP00000259874 9606.ENSP00000365402 0 0 0 69 0 0 169 193 
9606.ENSP00000259874 9606.ENSP00000359385 0 0 0 0 0 0 165 165 
9606.ENSP00000259874 9606.ENSP00000365625 0 0 0 0 0 0 283 283 
9606.ENSP00000259874 9606.ENSP00000367832 0 0 0 96 0 0 163 211 
9606.ENSP00000259874 9606.ENSP00000211998 0 0 0 0 0 0 173 173 
9606.ENSP00000259874 9606.ENSP00000371554 0 0 0 0 0 0 157 157 
9606.ENSP00000259874 9606.ENSP00000357625 0 0 0 0 0 0 206 206 
9606.ENSP00000259874 9606.ENSP00000450310 0 0 0 0 0 0 222 222 
9606.ENSP00000259874 9606.ENSP00000327368 0 0 0 0 0 0 253 253 
9606.ENSP00000259874 9606.ENSP00000274793 0 0 0 0 0 0 191 191 
9606.ENSP00000259874 9606.ENSP00000220751 0 0 0 69 0 0 164 189 
9606.ENSP00000259874 9606.ENSP00000364133 0 0 0 0 0 0 245 245 
9606.ENSP00000259874 9606.ENSP00000425979 0 0 0 0 0 0 212 212 
9606.ENSP00000259874 9606.ENSP00000365465 0 0 0 0 0 0 167 167 
9606.ENSP00000259874 9606.ENSP00000361818 0 0 0 118 0 0 136 206 
9606.ENSP00000259874 9606.ENSP00000484288 0 0 0 0 0 0 205 205 
9606.ENSP00000259874 9606.ENSP00000215832 0 0 0 0 379 900 199 945 
9606.ENSP00000259874 9606.ENSP00000364945 0 0 0 0 0 0 354 354 
9606.ENSP00000259874 9606.ENSP00000363787 0 0 0 0 0 0 245 245 
9606.ENSP00000259874 9606.ENSP00000361721 0 0 0 65 0 0 165 186 
9606.ENSP00000259874 9606.ENSP00000348838 0 0 0 0 0 0 151 151 
9606.ENSP00000259874 9606.ENSP00000364349 0 0 0 0 0 0 181 181 
9606.ENSP00000259874 9606.ENSP00000427279 0 0 0 166 0 0 411 488 
9606.ENSP00000259874 9606.ENSP00000199280 0 0 0 0 237 0 0 237 
9606.ENSP00000259874 9606.ENSP00000264832 0 0 0 130 0 0 169 247 
9606.ENSP00000259874 9606.ENSP00000319788 0 0 0 76 0 0 163 193 
9606.ENSP00000259874 9606.ENSP00000341208 0 0 0 0 0 0 150 150 
9606.ENSP00000259874 9606.ENSP00000366682 0 0 0 63 0 0 189 207 
9606.ENSP00000259874 9606.ENSP00000256996 0 0 0 0 0 0 181 181 
9606.ENSP00000259874 9606.ENSP00000384477 0 0 0 62 0 0 172 190 
9606.ENSP00000259874 9606.ENSP00000365569 0 0 0 0 0 0 160 160 
9606.ENSP00000259874 9606.ENSP00000380530 0 0 0 55 0 0 149 161 
9606.ENSP00000259874 9606.ENSP00000368759 0 0 0 60 0 0 173 189 
9606.ENSP00000259874 9606.ENSP00000404220 0 0 0 0 0 0 152 152 
9606.ENSP00000259874 9606.ENSP00000397073 0 0 0 0 0 0 267 267 
9606.ENSP00000259874 9606.ENSP00000346560 0 0 0 61 0 0 490 500 
9606.ENSP00000259874 9606.ENSP00000295522 0 0 0 88 0 0 107 151 
9606.ENSP00000259874 9606.ENSP00000363804 0 0 0 76 0 0 126 158 
9606.ENSP00000259874 9606.ENSP00000386665 0 0 0 0 379 0 414 621 
9606.ENSP00000259874 9606.ENSP00000441000 0 0 0 0 0 0 401 401 
9606.ENSP00000259874 9606.ENSP00000351989 0 0 0 0 0 0 251 251 
9606.ENSP00000259874 9606.ENSP00000366430 0 0 0 0 0 0 210 210 
9606.ENSP00000259874 9606.ENSP00000346839 0 0 0 65 0 0 134 155 
9606.ENSP00000259874 9606.ENSP00000463188 0 0 0 0 0 0 153 153 
9606.ENSP00000259874 9606.ENSP00000364813 0 0 0 0 0 0 187 187 
9606.ENSP00000259874 9606.ENSP00000326737 0 0 0 210 0 0 197 338 
9606.ENSP00000259874 9606.ENSP00000242480 0 0 0 89 0 0 217 256 
9606.ENSP00000259874 9606.ENSP00000325663 0 0 0 163 0 0 427 500 
9606.ENSP00000259874 9606.ENSP00000364929 0 0 0 0 0 0 180 180 
9606.ENSP00000259874 9606.ENSP00000477653 0 0 0 76 0 0 158 190 
9606.ENSP00000259874 9606.ENSP00000364543 0 0 0 0 0 0 265 265 
9606.ENSP00000259874 9606.ENSP00000344424 0 0 0 0 0 0 212 212 
9606.ENSP00000259874 9606.ENSP00000477613 0 0 0 0 336 0 271 495 
9606.ENSP00000259874 9606.ENSP00000478220 0 0 0 0 0 0 586 586 
9606.ENSP00000259874 9606.ENSP00000366915 0 0 0 98 0 0 152 202 
9606.ENSP00000259874 9606.ENSP00000327054 0 0 0 0 0 0 243 243 
9606.ENSP00000259874 9606.ENSP00000418735 0 0 0 0 0 0 357 357 
9606.ENSP00000259874 9606.ENSP00000248244 0 0 0 98 0 0 104 157 
9606.ENSP00000259874 9606.ENSP00000252809 0 0 0 106 0 0 316 362 
9606.ENSP00000259874 9606.ENSP00000227507 0 0 0 78 0 0 189 220 
9606.ENSP00000259874 9606.ENSP00000343002 0 0 0 0 0 0 476 476 
9606.ENSP00000259874 9606.ENSP00000470142 0 0 0 0 0 0 166 166 
9606.ENSP00000259874 9606.ENSP00000356399 0 0 0 0 0 0 334 334 
9606.ENSP00000259874 9606.ENSP00000330341 0 0 0 119 0 0 213 277 
9606.ENSP00000259874 9606.ENSP00000275200 0 0 0 0 0 0 284 284 
9606.ENSP00000259874 9606.ENSP00000261900 0 0 0 0 0 0 161 161 
9606.ENSP00000259874 9606.ENSP00000242208 0 0 0 76 0 0 139 170 
9606.ENSP00000259874 9606.ENSP00000262158 0 0 0 65 0 0 137 158 
9606.ENSP00000259874 9606.ENSP00000427552 0 0 0 0 0 0 347 347 
9606.ENSP00000259874 9606.ENSP00000411152 0 0 0 0 0 0 161 161 
9606.ENSP00000259874 9606.ENSP00000312150 0 0 0 89 0 0 266 302 
9606.ENSP00000259874 9606.ENSP00000363089 0 0 0 61 0 0 188 204 
9606.ENSP00000259874 9606.ENSP00000463978 0 0 0 94 0 0 177 222 
9606.ENSP00000259874 9606.ENSP00000279206 0 0 0 0 0 0 285 285 
