9606.ENSP00000421736 9606.ENSP00000226193 0 0 0 0 169 0 0 169 
9606.ENSP00000421736 9606.ENSP00000358149 0 0 0 0 0 0 161 161 
9606.ENSP00000421736 9606.ENSP00000272298 0 0 0 0 187 0 0 187 
9606.ENSP00000421736 9606.ENSP00000356646 0 0 0 0 185 0 0 185 
9606.ENSP00000421736 9606.ENSP00000385451 0 0 0 0 185 0 0 185 
9606.ENSP00000421736 9606.ENSP00000282030 0 0 0 0 0 0 174 174 
9606.ENSP00000421736 9606.ENSP00000332369 0 0 0 152 0 0 59 167 
9606.ENSP00000421736 9606.ENSP00000239462 0 0 0 0 185 0 67 207 
9606.ENSP00000421736 9606.ENSP00000300113 0 0 0 0 169 0 0 169 
9606.ENSP00000421736 9606.ENSP00000439601 0 0 0 0 0 0 248 248 
9606.ENSP00000421736 9606.ENSP00000353516 0 0 0 69 0 0 161 185 
9606.ENSP00000421736 9606.ENSP00000265131 0 0 0 0 185 0 0 185 
9606.ENSP00000421736 9606.ENSP00000414886 0 0 0 0 169 0 0 169 
9606.ENSP00000421736 9606.ENSP00000228841 0 0 0 0 169 0 0 169 
9606.ENSP00000421736 9606.ENSP00000164024 0 0 0 0 167 0 86 206 
9606.ENSP00000421736 9606.ENSP00000417653 0 0 0 0 0 0 195 195 
9606.ENSP00000421736 9606.ENSP00000381133 0 0 0 0 156 0 0 156 
9606.ENSP00000421736 9606.ENSP00000454623 0 0 0 0 0 0 159 159 
9606.ENSP00000421736 9606.ENSP00000271332 0 0 0 0 167 0 93 212 
9606.ENSP00000421736 9606.ENSP00000236671 0 0 0 0 83 0 122 160 
9606.ENSP00000421736 9606.ENSP00000392770 0 0 0 0 0 0 211 211 
9606.ENSP00000421736 9606.ENSP00000302079 0 0 0 61 0 0 287 302 
9606.ENSP00000421736 9606.ENSP00000479860 0 0 0 0 169 0 0 169 
9606.ENSP00000421736 9606.ENSP00000485258 0 0 0 0 0 0 167 167 
9606.ENSP00000421736 9606.ENSP00000379256 0 0 0 0 169 0 56 181 
9606.ENSP00000421736 9606.ENSP00000365858 0 0 0 174 80 0 0 207 
9606.ENSP00000421736 9606.ENSP00000438615 0 0 0 49 0 0 251 257 
9606.ENSP00000421736 9606.ENSP00000198536 0 0 0 0 0 0 237 237 
9606.ENSP00000421736 9606.ENSP00000325958 0 0 0 0 0 0 234 234 
9606.ENSP00000421736 9606.ENSP00000359300 0 0 0 0 169 0 47 174 
9606.ENSP00000421736 9606.ENSP00000261047 0 0 0 0 169 0 0 169 
9606.ENSP00000421736 9606.ENSP00000371587 0 0 0 0 169 0 173 283 
9606.ENSP00000421736 9606.ENSP00000262738 0 0 0 0 167 0 86 206 
9606.ENSP00000421736 9606.ENSP00000245907 0 0 0 61 0 0 253 268 
9606.ENSP00000421736 9606.ENSP00000403495 0 0 0 0 185 0 67 207 
9606.ENSP00000421736 9606.ENSP00000314709 0 0 0 0 0 0 173 173 
9606.ENSP00000421736 9606.ENSP00000398698 0 0 0 0 185 0 61 202 
9606.ENSP00000421736 9606.ENSP00000370542 0 0 0 0 0 0 183 183 
9606.ENSP00000421736 9606.ENSP00000224181 0 0 0 0 0 0 448 448 
9606.ENSP00000421736 9606.ENSP00000360871 0 0 0 0 157 0 72 184 
9606.ENSP00000421736 9606.ENSP00000483786 0 0 0 0 169 0 0 169 
9606.ENSP00000421736 9606.ENSP00000259206 0 0 0 58 0 0 195 209 
9606.ENSP00000421736 9606.ENSP00000365227 0 0 0 70 187 0 0 211 
9606.ENSP00000421736 9606.ENSP00000480122 0 0 0 0 0 0 171 171 
9606.ENSP00000421736 9606.ENSP00000264538 0 0 0 0 0 0 167 167 
9606.ENSP00000421736 9606.ENSP00000008527 0 0 0 0 0 0 173 173 
9606.ENSP00000421736 9606.ENSP00000216144 0 0 0 0 187 0 0 187 
9606.ENSP00000421736 9606.ENSP00000361475 0 0 0 0 169 0 0 169 
9606.ENSP00000421736 9606.ENSP00000354566 0 0 0 83 0 0 133 172 
9606.ENSP00000421736 9606.ENSP00000278882 0 0 0 0 0 0 313 313 
9606.ENSP00000421736 9606.ENSP00000403932 0 0 0 0 187 0 0 187 
9606.ENSP00000421736 9606.ENSP00000307508 0 0 0 0 187 0 0 187 
9606.ENSP00000421736 9606.ENSP00000371377 0 0 0 0 0 0 154 154 
9606.ENSP00000421736 9606.ENSP00000347852 0 0 0 0 0 0 161 161 
9606.ENSP00000421736 9606.ENSP00000376269 0 0 0 0 0 0 226 226 
9606.ENSP00000421736 9606.ENSP00000365360 0 0 0 0 0 0 185 185 
9606.ENSP00000421736 9606.ENSP00000335612 0 0 0 0 187 0 0 187 
9606.ENSP00000421736 9606.ENSP00000480027 0 0 0 0 0 0 167 167 
9606.ENSP00000421736 9606.ENSP00000428544 0 0 0 0 0 0 400 400 
9606.ENSP00000421736 9606.ENSP00000383023 0 0 0 0 169 0 0 169 
9606.ENSP00000421736 9606.ENSP00000279263 0 0 0 0 0 0 311 311 
9606.ENSP00000421736 9606.ENSP00000433277 0 0 0 83 0 0 155 192 
9606.ENSP00000421736 9606.ENSP00000365322 0 0 0 0 0 0 165 165 
9606.ENSP00000421736 9606.ENSP00000264834 0 0 0 151 0 0 0 151 
9606.ENSP00000421736 9606.ENSP00000360217 0 0 0 156 0 0 94 202 
9606.ENSP00000421736 9606.ENSP00000269878 0 0 0 0 169 0 0 169 
9606.ENSP00000421736 9606.ENSP00000291744 0 0 0 0 157 0 57 171 
9606.ENSP00000421736 9606.ENSP00000262726 0 0 0 0 187 0 0 187 
9606.ENSP00000421736 9606.ENSP00000235347 0 0 0 0 0 0 171 171 
9606.ENSP00000421736 9606.ENSP00000327431 0 0 0 139 0 0 56 152 
9606.ENSP00000421736 9606.ENSP00000258930 0 0 0 0 169 0 0 169 
9606.ENSP00000421736 9606.ENSP00000216200 0 0 0 0 187 0 0 187 
9606.ENSP00000421736 9606.ENSP00000400175 0 0 0 0 51 0 173 181 
9606.ENSP00000421736 9606.ENSP00000292807 0 0 0 0 343 0 0 343 
9606.ENSP00000421736 9606.ENSP00000005587 0 0 0 0 0 0 173 173 
9606.ENSP00000421736 9606.ENSP00000453508 0 0 0 0 292 0 0 292 
9606.ENSP00000421736 9606.ENSP00000331062 0 0 0 0 185 0 0 185 
9606.ENSP00000421736 9606.ENSP00000415840 0 0 0 0 83 0 122 160 
9606.ENSP00000421736 9606.ENSP00000316029 0 0 0 0 292 0 0 292 
9606.ENSP00000421736 9606.ENSP00000437940 0 0 0 81 0 0 224 256 
9606.ENSP00000421736 9606.ENSP00000396688 0 0 0 0 0 0 630 630 
9606.ENSP00000421736 9606.ENSP00000389760 0 0 0 0 0 0 209 209 
9606.ENSP00000421736 9606.ENSP00000363157 0 0 0 0 185 0 49 191 
9606.ENSP00000421736 9606.ENSP00000267984 0 0 0 0 292 0 0 292 
9606.ENSP00000421736 9606.ENSP00000463559 0 0 0 0 169 0 0 169 
9606.ENSP00000421736 9606.ENSP00000367197 0 0 0 0 187 0 0 187 
9606.ENSP00000421736 9606.ENSP00000334785 0 0 0 0 169 0 0 169 
9606.ENSP00000421736 9606.ENSP00000339145 0 0 0 63 0 0 247 264 
9606.ENSP00000421736 9606.ENSP00000322775 0 0 0 61 0 0 252 268 
9606.ENSP00000421736 9606.ENSP00000232975 0 0 0 0 187 0 0 187 
9606.ENSP00000421736 9606.ENSP00000361935 0 0 0 0 169 0 0 169 
9606.ENSP00000421736 9606.ENSP00000471242 0 0 0 0 0 0 211 211 
9606.ENSP00000421736 9606.ENSP00000360129 0 0 0 0 187 0 0 187 
9606.ENSP00000421736 9606.ENSP00000357943 0 0 0 0 0 0 279 279 
9606.ENSP00000421736 9606.ENSP00000362524 0 0 0 0 156 0 0 156 
9606.ENSP00000421736 9606.ENSP00000237163 0 0 0 62 0 0 139 157 
9606.ENSP00000421736 9606.ENSP00000367721 0 0 0 0 0 0 187 187 
9606.ENSP00000421736 9606.ENSP00000376855 0 0 0 0 0 0 167 167 
9606.ENSP00000421736 9606.ENSP00000354458 0 0 0 0 0 0 372 372 
9606.ENSP00000421736 9606.ENSP00000455229 0 0 0 61 0 0 291 305 
9606.ENSP00000421736 9606.ENSP00000414597 0 0 0 0 0 0 440 440 
9606.ENSP00000421736 9606.ENSP00000347672 0 0 0 0 174 0 91 217 
9606.ENSP00000421736 9606.ENSP00000387128 0 0 0 0 0 0 262 262 
9606.ENSP00000421736 9606.ENSP00000367623 0 0 0 50 64 0 156 183 
9606.ENSP00000421736 9606.ENSP00000472620 0 0 0 61 0 0 201 217 
9606.ENSP00000421736 9606.ENSP00000390410 0 0 0 0 0 0 327 327 
9606.ENSP00000421736 9606.ENSP00000362116 0 0 0 64 83 0 95 155 
9606.ENSP00000421736 9606.ENSP00000410764 0 0 0 0 0 0 266 266 
9606.ENSP00000421736 9606.ENSP00000362566 0 0 0 0 169 0 0 169 
9606.ENSP00000421736 9606.ENSP00000313967 0 0 0 62 0 0 297 312 
9606.ENSP00000421736 9606.ENSP00000444788 0 0 0 0 0 0 296 296 
9606.ENSP00000421736 9606.ENSP00000269051 0 0 0 0 187 0 0 187 
9606.ENSP00000421736 9606.ENSP00000294288 0 0 0 0 187 0 0 187 
9606.ENSP00000421736 9606.ENSP00000446955 0 0 0 0 169 0 0 169 
9606.ENSP00000421736 9606.ENSP00000420040 0 0 0 0 169 0 50 176 
9606.ENSP00000421736 9606.ENSP00000361413 0 0 0 0 156 0 0 156 
9606.ENSP00000421736 9606.ENSP00000300896 0 0 0 0 169 0 0 169 
9606.ENSP00000421736 9606.ENSP00000359575 0 0 0 0 0 0 265 265 
9606.ENSP00000421736 9606.ENSP00000315299 0 0 0 0 187 0 0 187 
9606.ENSP00000421736 9606.ENSP00000478309 0 0 0 0 0 0 187 187 
9606.ENSP00000421736 9606.ENSP00000418663 0 0 0 0 188 0 0 188 
9606.ENSP00000421736 9606.ENSP00000310110 0 0 0 0 0 0 292 292 
9606.ENSP00000421736 9606.ENSP00000363939 0 0 0 0 169 0 0 169 
9606.ENSP00000421736 9606.ENSP00000332723 0 0 0 0 0 0 181 181 
9606.ENSP00000421736 9606.ENSP00000336829 0 0 0 0 156 0 0 156 
9606.ENSP00000421736 9606.ENSP00000306361 0 0 0 0 156 0 0 156 
9606.ENSP00000421736 9606.ENSP00000085219 0 0 0 62 123 0 105 199 
9606.ENSP00000421736 9606.ENSP00000429633 0 0 0 0 0 0 208 208 
9606.ENSP00000421736 9606.ENSP00000341083 0 0 0 0 0 0 173 173 
9606.ENSP00000421736 9606.ENSP00000380948 0 0 0 0 0 0 208 208 
9606.ENSP00000421736 9606.ENSP00000301455 0 0 0 0 157 0 68 180 
9606.ENSP00000421736 9606.ENSP00000230361 0 0 0 0 169 0 0 169 
9606.ENSP00000421736 9606.ENSP00000268099 0 0 0 0 80 0 217 249 
9606.ENSP00000421736 9606.ENSP00000257627 0 0 0 0 187 0 0 187 
9606.ENSP00000421736 9606.ENSP00000415941 0 0 0 0 0 0 629 629 
9606.ENSP00000421736 9606.ENSP00000407685 0 0 0 0 156 0 0 156 
9606.ENSP00000421736 9606.ENSP00000262231 0 0 0 0 0 0 183 183 
9606.ENSP00000421736 9606.ENSP00000377784 0 0 0 0 169 0 0 169 
9606.ENSP00000421736 9606.ENSP00000361636 0 0 0 0 187 0 0 187 
9606.ENSP00000421736 9606.ENSP00000323280 0 0 0 0 0 0 442 442 
9606.ENSP00000421736 9606.ENSP00000254630 0 0 0 0 0 0 266 266 
9606.ENSP00000421736 9606.ENSP00000314897 0 0 0 0 157 0 58 171 
9606.ENSP00000421736 9606.ENSP00000422554 0 0 0 0 0 0 187 187 
9606.ENSP00000421736 9606.ENSP00000286301 0 0 0 62 124 0 56 156 
9606.ENSP00000421736 9606.ENSP00000371347 0 0 0 0 157 0 52 166 
9606.ENSP00000421736 9606.ENSP00000307939 0 0 0 0 0 0 173 173 
9606.ENSP00000421736 9606.ENSP00000379210 0 0 0 0 169 0 53 179 
9606.ENSP00000421736 9606.ENSP00000378957 0 0 0 0 156 0 0 156 
9606.ENSP00000421736 9606.ENSP00000419081 0 0 0 0 187 0 0 187 
9606.ENSP00000421736 9606.ENSP00000256178 0 0 0 59 64 0 133 170 
9606.ENSP00000421736 9606.ENSP00000341141 0 0 0 61 123 0 117 209 
9606.ENSP00000421736 9606.ENSP00000265431 0 0 0 0 187 0 0 187 
9606.ENSP00000421736 9606.ENSP00000381247 0 0 0 0 187 0 0 187 
9606.ENSP00000421736 9606.ENSP00000247191 0 0 0 0 0 0 188 188 
9606.ENSP00000421736 9606.ENSP00000324960 0 0 0 0 187 0 0 187 
9606.ENSP00000421736 9606.ENSP00000317310 0 0 0 0 187 0 0 187 
9606.ENSP00000421736 9606.ENSP00000477980 0 0 0 0 169 0 0 169 
9606.ENSP00000421736 9606.ENSP00000327732 0 0 0 0 0 0 205 205 
9606.ENSP00000421736 9606.ENSP00000473983 0 0 0 0 0 0 418 418 
9606.ENSP00000421736 9606.ENSP00000291890 0 0 0 60 0 0 198 214 
9606.ENSP00000421736 9606.ENSP00000253109 0 0 0 0 156 0 0 156 
9606.ENSP00000421736 9606.ENSP00000363770 0 0 0 61 0 0 365 378 
9606.ENSP00000421736 9606.ENSP00000235349 0 0 0 0 0 0 186 186 
9606.ENSP00000421736 9606.ENSP00000295225 0 0 0 0 169 0 63 188 
9606.ENSP00000421736 9606.ENSP00000361383 0 0 0 0 187 0 0 187 
9606.ENSP00000421736 9606.ENSP00000303222 0 0 0 0 0 0 161 161 
9606.ENSP00000421736 9606.ENSP00000306099 0 0 0 0 156 0 0 156 
9606.ENSP00000421736 9606.ENSP00000346275 0 0 0 0 0 0 169 169 
9606.ENSP00000421736 9606.ENSP00000334410 0 0 0 0 0 0 161 161 
9606.ENSP00000421736 9606.ENSP00000478479 0 0 0 0 0 0 158 158 
9606.ENSP00000421736 9606.ENSP00000347211 0 0 0 0 0 0 163 163 
9606.ENSP00000421736 9606.ENSP00000379191 0 0 0 0 0 0 187 187 
9606.ENSP00000421736 9606.ENSP00000466937 0 0 0 0 0 0 269 269 
9606.ENSP00000421736 9606.ENSP00000319052 0 0 0 0 169 0 0 169 
9606.ENSP00000421736 9606.ENSP00000359474 0 0 0 0 50 0 204 211 
9606.ENSP00000421736 9606.ENSP00000279022 0 0 0 0 169 0 0 169 
9606.ENSP00000421736 9606.ENSP00000450385 0 0 0 0 169 0 0 169 
9606.ENSP00000421736 9606.ENSP00000360270 0 0 0 0 0 0 204 204 
9606.ENSP00000421736 9606.ENSP00000391748 0 0 0 0 0 0 265 265 
9606.ENSP00000421736 9606.ENSP00000484237 0 0 0 0 0 0 171 171 
9606.ENSP00000421736 9606.ENSP00000428259 0 0 0 0 169 0 0 169 
9606.ENSP00000421736 9606.ENSP00000223167 0 0 0 0 169 0 0 169 
9606.ENSP00000421736 9606.ENSP00000347055 0 0 0 110 169 0 53 238 
9606.ENSP00000421736 9606.ENSP00000353462 0 0 0 0 0 0 150 150 
9606.ENSP00000421736 9606.ENSP00000378690 0 0 0 0 187 0 0 187 
9606.ENSP00000421736 9606.ENSP00000278505 0 0 0 0 0 0 156 156 
9606.ENSP00000421736 9606.ENSP00000223364 0 0 0 0 169 0 0 169 
9606.ENSP00000421736 9606.ENSP00000307280 0 0 0 0 169 0 0 169 
9606.ENSP00000421736 9606.ENSP00000317123 0 0 0 51 0 0 215 223 
9606.ENSP00000421736 9606.ENSP00000384719 0 0 0 0 169 0 0 169 
9606.ENSP00000421736 9606.ENSP00000469591 0 0 0 0 0 0 189 189 
9606.ENSP00000421736 9606.ENSP00000381956 0 0 0 0 0 0 157 157 
9606.ENSP00000421736 9606.ENSP00000234310 0 0 0 0 169 0 0 169 
9606.ENSP00000421736 9606.ENSP00000359540 0 0 0 0 0 0 179 179 
9606.ENSP00000421736 9606.ENSP00000335255 0 0 0 0 156 0 0 156 
9606.ENSP00000421736 9606.ENSP00000428340 0 0 0 0 156 0 0 156 
9606.ENSP00000421736 9606.ENSP00000217652 0 0 0 0 169 0 0 169 
9606.ENSP00000421736 9606.ENSP00000478187 0 0 0 0 0 0 167 167 
9606.ENSP00000421736 9606.ENSP00000366015 0 0 0 0 156 0 0 156 
9606.ENSP00000421736 9606.ENSP00000341170 0 0 0 0 188 0 0 188 
9606.ENSP00000421736 9606.ENSP00000327104 0 0 0 0 524 0 0 524 
9606.ENSP00000421736 9606.ENSP00000296861 0 0 0 0 0 0 160 160 
9606.ENSP00000421736 9606.ENSP00000312946 0 0 0 0 0 0 229 229 
9606.ENSP00000421736 9606.ENSP00000479624 0 0 0 0 0 0 160 160 
9606.ENSP00000421736 9606.ENSP00000485473 0 0 0 0 0 0 187 187 
9606.ENSP00000421736 9606.ENSP00000365269 0 0 0 0 0 0 165 165 
9606.ENSP00000421736 9606.ENSP00000234816 0 0 0 0 156 0 0 156 
9606.ENSP00000421736 9606.ENSP00000204604 0 0 0 0 156 0 0 156 
9606.ENSP00000421736 9606.ENSP00000482899 0 0 0 0 0 0 267 267 
9606.ENSP00000421736 9606.ENSP00000369689 0 0 0 0 187 0 0 187 
9606.ENSP00000421736 9606.ENSP00000363463 0 0 0 0 0 0 307 307 
9606.ENSP00000421736 9606.ENSP00000349931 0 0 0 0 0 0 171 171 
9606.ENSP00000421736 9606.ENSP00000313169 0 0 0 0 0 0 150 150 
9606.ENSP00000421736 9606.ENSP00000299045 0 0 0 0 0 0 411 411 
9606.ENSP00000421736 9606.ENSP00000347710 0 0 0 59 0 0 164 179 
9606.ENSP00000421736 9606.ENSP00000274938 0 0 0 0 57 0 293 305 
9606.ENSP00000421736 9606.ENSP00000345295 0 0 0 0 0 0 414 414 
9606.ENSP00000421736 9606.ENSP00000357722 0 0 0 0 0 0 173 173 
9606.ENSP00000421736 9606.ENSP00000248598 0 0 0 63 157 0 0 176 
9606.ENSP00000421736 9606.ENSP00000480828 0 0 0 0 0 0 269 269 
9606.ENSP00000421736 9606.ENSP00000263773 0 0 0 0 0 0 293 293 
9606.ENSP00000421736 9606.ENSP00000389252 0 0 0 0 57 0 165 178 
9606.ENSP00000421736 9606.ENSP00000385035 0 0 0 0 0 0 304 304 
9606.ENSP00000421736 9606.ENSP00000332111 0 0 0 0 187 0 0 187 
9606.ENSP00000421736 9606.ENSP00000272433 0 0 0 0 0 0 175 175 
9606.ENSP00000421736 9606.ENSP00000259953 0 0 0 0 0 0 204 204 
9606.ENSP00000421736 9606.ENSP00000303992 0 0 0 0 0 0 210 210 
9606.ENSP00000421736 9606.ENSP00000326267 0 0 0 0 187 0 0 187 
9606.ENSP00000421736 9606.ENSP00000382104 0 0 0 62 0 0 139 157 
9606.ENSP00000421736 9606.ENSP00000345672 0 0 0 0 0 0 194 194 
9606.ENSP00000421736 9606.ENSP00000270879 0 0 0 0 156 0 0 156 
9606.ENSP00000421736 9606.ENSP00000355480 0 0 0 0 187 0 0 187 
9606.ENSP00000421736 9606.ENSP00000243189 0 0 0 0 0 0 376 376 
9606.ENSP00000421736 9606.ENSP00000293255 0 0 0 0 187 0 0 187 
9606.ENSP00000421736 9606.ENSP00000258201 0 0 0 0 0 0 426 426 
9606.ENSP00000421736 9606.ENSP00000304643 0 0 0 0 187 0 0 187 
9606.ENSP00000421736 9606.ENSP00000447001 0 0 0 0 0 0 199 199 
9606.ENSP00000421736 9606.ENSP00000288861 0 0 0 0 169 0 0 169 
9606.ENSP00000421736 9606.ENSP00000477530 0 0 0 0 0 0 166 166 
9606.ENSP00000421736 9606.ENSP00000314420 0 0 0 0 0 0 167 167 
9606.ENSP00000421736 9606.ENSP00000345008 0 0 0 64 57 0 127 162 
9606.ENSP00000421736 9606.ENSP00000356093 0 0 0 0 0 0 167 167 
9606.ENSP00000421736 9606.ENSP00000357040 0 0 0 0 174 0 91 217 
9606.ENSP00000421736 9606.ENSP00000360281 0 0 0 0 0 0 325 325 
9606.ENSP00000421736 9606.ENSP00000360250 0 0 0 0 0 0 177 177 
9606.ENSP00000421736 9606.ENSP00000348635 0 0 0 0 0 0 205 205 
9606.ENSP00000421736 9606.ENSP00000261366 0 0 0 0 0 0 178 178 
9606.ENSP00000421736 9606.ENSP00000238618 0 0 0 0 0 0 319 319 
9606.ENSP00000421736 9606.ENSP00000365266 0 0 0 0 0 0 169 169 
9606.ENSP00000421736 9606.ENSP00000341658 0 0 0 0 0 0 320 320 
9606.ENSP00000421736 9606.ENSP00000293778 0 0 0 0 0 0 221 221 
9606.ENSP00000421736 9606.ENSP00000294811 0 0 0 0 0 0 290 290 
9606.ENSP00000421736 9606.ENSP00000363869 0 0 0 0 0 0 279 279 
9606.ENSP00000421736 9606.ENSP00000247153 0 0 0 54 123 0 146 229 
9606.ENSP00000421736 9606.ENSP00000349467 0 0 0 0 187 0 0 187 
9606.ENSP00000421736 9606.ENSP00000433490 0 0 0 0 0 0 244 244 
9606.ENSP00000421736 9606.ENSP00000250056 0 0 0 0 0 0 311 311 
9606.ENSP00000421736 9606.ENSP00000378130 0 0 0 0 0 0 243 243 
9606.ENSP00000421736 9606.ENSP00000356386 0 0 0 0 0 0 186 186 
9606.ENSP00000421736 9606.ENSP00000349689 0 0 0 0 0 0 246 246 
9606.ENSP00000421736 9606.ENSP00000412940 0 0 0 0 0 0 256 256 
9606.ENSP00000421736 9606.ENSP00000361338 0 0 0 0 0 0 353 353 
9606.ENSP00000421736 9606.ENSP00000253719 0 0 0 0 83 0 122 160 
9606.ENSP00000421736 9606.ENSP00000448665 0 0 0 0 0 0 167 167 
9606.ENSP00000421736 9606.ENSP00000266557 0 0 0 62 0 0 222 239 
9606.ENSP00000421736 9606.ENSP00000325239 0 0 0 0 169 0 0 169 
9606.ENSP00000421736 9606.ENSP00000479243 0 0 0 0 0 0 302 302 
9606.ENSP00000421736 9606.ENSP00000360170 0 0 0 0 157 0 43 158 
9606.ENSP00000421736 9606.ENSP00000350911 0 0 0 0 83 0 122 160 
9606.ENSP00000421736 9606.ENSP00000291295 0 0 0 0 187 0 0 187 
9606.ENSP00000421736 9606.ENSP00000262103 0 0 0 0 169 0 0 169 
9606.ENSP00000421736 9606.ENSP00000363773 0 0 0 61 0 0 261 277 
9606.ENSP00000421736 9606.ENSP00000344087 0 0 0 0 0 0 163 163 
9606.ENSP00000421736 9606.ENSP00000335632 0 0 0 0 169 0 0 169 
9606.ENSP00000421736 9606.ENSP00000410481 0 0 0 50 185 0 0 192 
9606.ENSP00000421736 9606.ENSP00000242786 0 0 0 0 0 0 167 167 
9606.ENSP00000421736 9606.ENSP00000263610 0 0 0 0 50 0 204 211 
9606.ENSP00000421736 9606.ENSP00000242104 0 0 0 0 187 0 0 187 
9606.ENSP00000421736 9606.ENSP00000356399 0 0 0 62 0 0 150 169 
9606.ENSP00000421736 9606.ENSP00000342681 0 0 0 62 0 0 224 240 
9606.ENSP00000421736 9606.ENSP00000264896 0 0 0 0 0 0 162 162 
