9606.ENSP00000357612 9606.ENSP00000369500 0 0 0 77 163 0 0 194 
9606.ENSP00000357612 9606.ENSP00000257287 0 0 0 55 0 0 160 172 
9606.ENSP00000357612 9606.ENSP00000259392 0 0 0 0 0 0 454 454 
9606.ENSP00000357612 9606.ENSP00000342056 0 0 0 0 0 0 171 171 
9606.ENSP00000357612 9606.ENSP00000242839 0 0 0 62 0 0 371 385 
9606.ENSP00000357612 9606.ENSP00000399457 0 0 0 176 0 0 0 176 
9606.ENSP00000357612 9606.ENSP00000264926 0 0 0 64 0 0 181 201 
9606.ENSP00000357612 9606.ENSP00000360493 0 0 0 0 0 0 211 211 
9606.ENSP00000357612 9606.ENSP00000370128 0 0 0 84 124 0 77 195 
9606.ENSP00000357612 9606.ENSP00000219252 0 0 0 0 0 0 236 236 
9606.ENSP00000357612 9606.ENSP00000426503 0 0 0 0 0 0 186 186 
9606.ENSP00000357612 9606.ENSP00000369547 0 0 0 0 0 0 200 200 
9606.ENSP00000357612 9606.ENSP00000280358 0 0 0 0 0 0 497 497 
9606.ENSP00000357612 9606.ENSP00000330945 0 0 0 165 0 0 0 165 
9606.ENSP00000357612 9606.ENSP00000407545 0 0 0 0 65 0 260 278 
9606.ENSP00000357612 9606.ENSP00000262375 0 0 0 62 0 0 267 283 
9606.ENSP00000357612 9606.ENSP00000383118 0 0 0 0 0 0 232 232 
9606.ENSP00000357612 9606.ENSP00000325594 0 0 0 62 262 0 66 296 
9606.ENSP00000357612 9606.ENSP00000359606 0 0 0 0 0 0 171 171 
9606.ENSP00000357612 9606.ENSP00000256442 0 0 0 98 128 0 84 216 
9606.ENSP00000357612 9606.ENSP00000447378 0 0 0 0 0 0 189 189 
9606.ENSP00000357612 9606.ENSP00000439856 0 0 0 60 0 0 135 152 
9606.ENSP00000357612 9606.ENSP00000369146 0 0 0 0 0 0 556 556 
9606.ENSP00000357612 9606.ENSP00000402756 0 0 0 69 0 0 154 178 
9606.ENSP00000357612 9606.ENSP00000337014 0 0 0 0 0 0 345 345 
9606.ENSP00000357612 9606.ENSP00000234420 0 0 0 61 0 0 190 207 
9606.ENSP00000357612 9606.ENSP00000279387 0 0 0 97 0 0 267 309 
9606.ENSP00000357612 9606.ENSP00000361918 0 0 0 62 0 0 144 162 
9606.ENSP00000357612 9606.ENSP00000391488 0 0 0 0 0 0 171 171 
9606.ENSP00000357612 9606.ENSP00000444054 0 0 0 0 0 0 248 248 
9606.ENSP00000357612 9606.ENSP00000307786 0 0 0 62 0 0 147 165 
9606.ENSP00000357612 9606.ENSP00000298681 0 0 0 57 320 0 224 459 
9606.ENSP00000357612 9606.ENSP00000355964 0 0 0 0 0 0 167 167 
9606.ENSP00000357612 9606.ENSP00000368981 0 0 0 0 0 0 162 162 
9606.ENSP00000357612 9606.ENSP00000351284 0 0 0 0 187 0 108 243 
9606.ENSP00000357612 9606.ENSP00000320180 0 0 0 0 0 0 233 233 
9606.ENSP00000357612 9606.ENSP00000194130 0 0 0 0 0 0 157 157 
9606.ENSP00000357612 9606.ENSP00000359295 0 0 0 0 0 0 170 170 
9606.ENSP00000357612 9606.ENSP00000263339 0 0 0 0 0 0 190 190 
9606.ENSP00000357612 9606.ENSP00000359222 0 0 0 0 0 0 186 186 
9606.ENSP00000357612 9606.ENSP00000362680 0 0 0 81 0 0 222 254 
9606.ENSP00000357612 9606.ENSP00000292169 0 0 0 61 0 0 385 397 
9606.ENSP00000357612 9606.ENSP00000363809 0 0 0 109 264 0 864 903 
9606.ENSP00000357612 9606.ENSP00000363329 0 0 0 0 0 0 543 543 
9606.ENSP00000357612 9606.ENSP00000302978 0 0 0 0 0 0 167 167 
9606.ENSP00000357612 9606.ENSP00000366746 0 0 0 0 185 0 0 185 
9606.ENSP00000357612 9606.ENSP00000328423 0 0 0 0 0 0 450 450 
9606.ENSP00000357612 9606.ENSP00000354871 0 0 0 0 0 0 181 181 
9606.ENSP00000357612 9606.ENSP00000369099 0 0 0 63 0 0 159 178 
9606.ENSP00000357612 9606.ENSP00000275230 0 0 0 55 0 0 141 153 
9606.ENSP00000357612 9606.ENSP00000366936 0 0 0 69 320 0 0 339 
9606.ENSP00000357612 9606.ENSP00000466834 0 0 0 63 185 0 57 216 
9606.ENSP00000357612 9606.ENSP00000441726 0 0 0 0 0 0 172 172 
9606.ENSP00000357612 9606.ENSP00000267430 0 0 0 62 187 0 308 426 
9606.ENSP00000357612 9606.ENSP00000313950 0 0 0 90 0 0 108 153 
9606.ENSP00000357612 9606.ENSP00000398698 0 0 0 0 0 0 185 185 
9606.ENSP00000357612 9606.ENSP00000222305 0 0 0 0 0 0 230 230 
9606.ENSP00000357612 9606.ENSP00000430598 0 0 0 61 0 0 400 413 
9606.ENSP00000357612 9606.ENSP00000219789 0 0 0 65 0 0 179 199 
9606.ENSP00000357612 9606.ENSP00000264161 0 0 0 63 0 0 145 164 
9606.ENSP00000357612 9606.ENSP00000404704 0 0 0 167 0 0 41 167 
9606.ENSP00000357612 9606.ENSP00000473370 0 0 0 0 0 0 400 400 
9606.ENSP00000357612 9606.ENSP00000355893 0 0 0 64 129 0 758 785 
9606.ENSP00000357612 9606.ENSP00000349181 0 0 0 0 0 0 273 273 
9606.ENSP00000357612 9606.ENSP00000344431 0 0 0 50 0 0 145 153 
9606.ENSP00000357612 9606.ENSP00000379836 0 0 0 64 132 0 778 803 
9606.ENSP00000357612 9606.ENSP00000318977 0 0 0 61 89 0 111 173 
9606.ENSP00000357612 9606.ENSP00000295897 0 0 0 0 0 0 227 227 
9606.ENSP00000357612 9606.ENSP00000200691 0 0 0 0 0 0 564 564 
9606.ENSP00000357612 9606.ENSP00000357292 0 0 0 65 129 0 0 150 
9606.ENSP00000357612 9606.ENSP00000359607 0 0 0 0 0 0 161 161 
9606.ENSP00000357612 9606.ENSP00000245451 0 0 0 0 0 0 193 193 
9606.ENSP00000357612 9606.ENSP00000406490 0 0 0 0 0 0 167 167 
9606.ENSP00000357612 9606.ENSP00000247003 0 0 0 63 0 0 180 198 
9606.ENSP00000357612 9606.ENSP00000292539 0 0 0 0 50 0 173 181 
9606.ENSP00000357612 9606.ENSP00000443827 0 0 0 0 65 0 248 267 
9606.ENSP00000357612 9606.ENSP00000436773 0 139 0 63 0 0 0 158 
9606.ENSP00000357612 9606.ENSP00000318960 0 0 0 0 0 0 192 192 
9606.ENSP00000357612 9606.ENSP00000380073 0 0 0 0 0 0 158 158 
9606.ENSP00000357612 9606.ENSP00000269305 0 0 0 0 0 0 230 230 
9606.ENSP00000357612 9606.ENSP00000271688 0 0 0 129 101 0 55 195 
9606.ENSP00000357612 9606.ENSP00000363999 0 0 0 0 0 0 188 188 
9606.ENSP00000357612 9606.ENSP00000311360 0 0 0 0 0 0 212 212 
9606.ENSP00000357612 9606.ENSP00000372139 0 0 0 0 0 0 229 229 
9606.ENSP00000357612 9606.ENSP00000358674 0 0 0 70 140 0 0 166 
9606.ENSP00000357612 9606.ENSP00000267119 0 0 0 0 0 0 161 161 
9606.ENSP00000357612 9606.ENSP00000317997 0 0 0 0 0 0 152 152 
9606.ENSP00000357612 9606.ENSP00000302665 0 0 0 0 0 0 174 174 
9606.ENSP00000357612 9606.ENSP00000469689 0 0 0 0 54 0 164 175 
9606.ENSP00000357612 9606.ENSP00000396918 0 0 0 0 0 0 284 284 
9606.ENSP00000357612 9606.ENSP00000382794 0 0 0 63 0 0 303 319 
9606.ENSP00000357612 9606.ENSP00000309477 0 0 0 0 0 0 170 170 
9606.ENSP00000357612 9606.ENSP00000368793 0 0 0 0 185 0 0 185 
9606.ENSP00000357612 9606.ENSP00000376952 0 0 0 65 0 0 591 601 
9606.ENSP00000357612 9606.ENSP00000380565 0 0 0 76 0 0 149 180 
9606.ENSP00000357612 9606.ENSP00000366482 0 0 0 0 0 0 229 229 
9606.ENSP00000357612 9606.ENSP00000354689 0 0 0 64 264 0 717 788 
9606.ENSP00000357612 9606.ENSP00000325827 0 0 0 0 0 0 403 403 
9606.ENSP00000357612 9606.ENSP00000288680 0 0 0 0 157 0 96 205 
9606.ENSP00000357612 9606.ENSP00000280191 0 0 0 62 0 0 138 156 
9606.ENSP00000357612 9606.ENSP00000354597 0 0 0 0 0 0 626 626 
9606.ENSP00000357612 9606.ENSP00000362441 0 0 0 61 0 0 355 368 
9606.ENSP00000357612 9606.ENSP00000302486 0 0 0 0 0 0 284 284 
9606.ENSP00000357612 9606.ENSP00000359130 0 0 0 64 132 0 761 788 
9606.ENSP00000357612 9606.ENSP00000219162 0 0 0 0 0 0 557 557 
9606.ENSP00000357612 9606.ENSP00000339404 0 0 0 63 52 0 175 203 
9606.ENSP00000357612 9606.ENSP00000302100 0 0 0 0 0 0 359 359 
9606.ENSP00000357612 9606.ENSP00000251303 0 0 0 61 0 0 426 438 
9606.ENSP00000357612 9606.ENSP00000367830 0 0 0 61 320 0 297 511 
9606.ENSP00000357612 9606.ENSP00000301305 0 0 0 61 264 0 917 938 
9606.ENSP00000357612 9606.ENSP00000263341 0 0 0 0 0 0 185 185 
9606.ENSP00000357612 9606.ENSP00000465676 0 0 0 61 0 0 160 177 
9606.ENSP00000357612 9606.ENSP00000251363 0 0 0 62 0 0 147 166 
9606.ENSP00000357612 9606.ENSP00000012443 0 0 0 0 0 0 153 153 
9606.ENSP00000357612 9606.ENSP00000309792 0 0 0 0 0 0 177 177 
9606.ENSP00000357612 9606.ENSP00000392147 0 0 0 0 0 0 181 181 
9606.ENSP00000357612 9606.ENSP00000359000 0 0 0 258 0 0 0 258 
9606.ENSP00000357612 9606.ENSP00000345728 0 0 0 62 0 0 303 318 
9606.ENSP00000357612 9606.ENSP00000240488 0 0 0 0 0 0 401 401 
9606.ENSP00000357612 9606.ENSP00000363394 0 0 0 64 95 0 715 737 
9606.ENSP00000357612 9606.ENSP00000305924 0 0 0 62 0 0 183 201 
9606.ENSP00000357612 9606.ENSP00000217961 0 0 0 0 0 0 220 220 
9606.ENSP00000357612 9606.ENSP00000376822 0 0 0 77 0 0 130 163 
9606.ENSP00000357612 9606.ENSP00000385480 0 0 0 0 0 0 513 513 
9606.ENSP00000357612 9606.ENSP00000363970 0 0 0 0 0 0 229 229 
9606.ENSP00000357612 9606.ENSP00000307706 0 0 0 0 0 0 550 550 
9606.ENSP00000357612 9606.ENSP00000419471 0 0 0 62 185 0 44 205 
9606.ENSP00000357612 9606.ENSP00000294008 0 0 0 0 0 0 268 268 
9606.ENSP00000357612 9606.ENSP00000313318 0 0 0 90 0 0 167 209 
9606.ENSP00000357612 9606.ENSP00000376077 0 0 0 62 0 0 484 495 
9606.ENSP00000357612 9606.ENSP00000480740 0 0 0 0 0 0 167 167 
9606.ENSP00000357612 9606.ENSP00000379204 0 0 0 0 0 0 472 472 
9606.ENSP00000357612 9606.ENSP00000355968 0 0 0 64 129 0 902 913 
9606.ENSP00000357612 9606.ENSP00000358813 0 0 0 69 0 0 129 154 
9606.ENSP00000357612 9606.ENSP00000380432 0 0 0 55 0 0 195 206 
9606.ENSP00000357612 9606.ENSP00000369581 0 0 0 0 0 0 187 187 
9606.ENSP00000357612 9606.ENSP00000367851 0 0 0 0 0 0 152 152 
9606.ENSP00000357612 9606.ENSP00000359526 0 0 0 0 0 0 173 173 
9606.ENSP00000357612 9606.ENSP00000354720 0 0 0 64 0 0 131 152 
9606.ENSP00000357612 9606.ENSP00000291700 0 0 0 0 0 0 211 211 
9606.ENSP00000357612 9606.ENSP00000244050 0 0 0 60 0 0 139 156 
9606.ENSP00000357612 9606.ENSP00000453872 0 0 0 0 127 0 75 157 
9606.ENSP00000357612 9606.ENSP00000369270 0 0 0 0 65 0 683 691 
9606.ENSP00000357612 9606.ENSP00000321826 0 0 0 0 0 0 262 262 
9606.ENSP00000357612 9606.ENSP00000378364 0 0 0 0 0 0 713 713 
9606.ENSP00000357612 9606.ENSP00000233535 0 0 0 64 95 0 714 737 
9606.ENSP00000357612 9606.ENSP00000269187 0 0 0 61 264 0 778 833 
9606.ENSP00000357612 9606.ENSP00000261854 0 0 0 63 127 0 59 163 
9606.ENSP00000357612 9606.ENSP00000442336 0 0 0 63 0 0 148 167 
9606.ENSP00000357612 9606.ENSP00000355167 0 0 0 62 0 0 360 374 
9606.ENSP00000357612 9606.ENSP00000263317 0 0 0 0 0 0 152 152 
9606.ENSP00000357612 9606.ENSP00000323929 0 0 0 0 0 0 220 220 
9606.ENSP00000357612 9606.ENSP00000332148 0 0 0 61 0 0 187 203 
9606.ENSP00000357612 9606.ENSP00000258098 0 0 0 0 0 0 153 153 
9606.ENSP00000357612 9606.ENSP00000469445 0 0 0 0 0 0 187 187 
9606.ENSP00000357612 9606.ENSP00000382595 0 0 0 0 0 0 225 225 
9606.ENSP00000357612 9606.ENSP00000305480 0 0 0 95 89 0 63 161 
9606.ENSP00000357612 9606.ENSP00000265081 0 0 0 50 0 0 218 225 
9606.ENSP00000357612 9606.ENSP00000347005 0 0 0 62 0 0 138 156 
9606.ENSP00000357612 9606.ENSP00000233156 0 0 0 0 0 0 167 167 
9606.ENSP00000357612 9606.ENSP00000482546 0 0 0 62 0 0 575 584 
9606.ENSP00000357612 9606.ENSP00000353920 0 0 0 0 0 0 657 657 
9606.ENSP00000357612 9606.ENSP00000233055 0 0 0 0 0 0 311 311 
9606.ENSP00000357612 9606.ENSP00000476369 0 0 0 63 0 0 489 501 
9606.ENSP00000357612 9606.ENSP00000331305 0 0 0 0 0 0 156 156 
9606.ENSP00000357612 9606.ENSP00000349877 0 0 0 134 0 0 63 153 
9606.ENSP00000357612 9606.ENSP00000336606 0 0 0 62 0 0 150 169 
9606.ENSP00000357612 9606.ENSP00000264451 0 0 0 62 0 0 704 711 
9606.ENSP00000357612 9606.ENSP00000386766 0 0 0 61 264 0 799 849 
9606.ENSP00000357612 9606.ENSP00000320866 0 0 0 77 0 0 220 249 
9606.ENSP00000357612 9606.ENSP00000252037 0 0 0 54 45 0 207 221 
9606.ENSP00000357612 9606.ENSP00000362061 0 0 0 0 0 0 208 208 
9606.ENSP00000357612 9606.ENSP00000287437 0 0 0 0 0 0 161 161 
9606.ENSP00000357612 9606.ENSP00000345344 0 0 0 63 0 0 211 229 
9606.ENSP00000357612 9606.ENSP00000371211 0 0 0 0 0 0 254 254 
9606.ENSP00000357612 9606.ENSP00000412237 0 0 0 0 0 0 186 186 
9606.ENSP00000357612 9606.ENSP00000362057 0 0 0 0 0 0 152 152 
9606.ENSP00000357612 9606.ENSP00000295201 0 0 0 0 0 0 156 156 
9606.ENSP00000357612 9606.ENSP00000367787 0 0 0 0 165 0 0 165 
9606.ENSP00000357612 9606.ENSP00000261024 0 0 0 56 344 0 724 814 
9606.ENSP00000357612 9606.ENSP00000478425 0 0 0 0 0 0 598 598 
9606.ENSP00000357612 9606.ENSP00000389709 0 0 0 0 0 0 538 538 
9606.ENSP00000357612 9606.ENSP00000265748 0 0 0 82 0 0 162 198 
9606.ENSP00000357612 9606.ENSP00000232603 0 0 0 0 0 0 386 386 
9606.ENSP00000357612 9606.ENSP00000342075 0 0 0 0 0 0 187 187 
9606.ENSP00000357612 9606.ENSP00000372088 0 0 0 62 185 0 454 546 
9606.ENSP00000357612 9606.ENSP00000285046 0 0 0 61 262 0 66 296 
9606.ENSP00000357612 9606.ENSP00000264246 0 0 0 0 0 0 189 189 
9606.ENSP00000357612 9606.ENSP00000336701 0 0 0 55 148 0 111 221 
9606.ENSP00000357612 9606.ENSP00000484288 0 0 0 0 260 0 0 260 
9606.ENSP00000357612 9606.ENSP00000349594 0 0 0 53 0 0 154 165 
9606.ENSP00000357612 9606.ENSP00000300093 0 0 0 85 0 0 136 176 
9606.ENSP00000357612 9606.ENSP00000393066 0 0 0 59 0 0 156 171 
9606.ENSP00000357612 9606.ENSP00000223369 0 0 0 76 0 0 120 152 
9606.ENSP00000357612 9606.ENSP00000328940 0 0 0 61 0 0 426 438 
9606.ENSP00000357612 9606.ENSP00000368100 0 0 0 61 260 0 72 298 
9606.ENSP00000357612 9606.ENSP00000355011 0 0 0 63 0 0 401 414 
9606.ENSP00000357612 9606.ENSP00000266980 0 0 0 61 264 0 733 799 
9606.ENSP00000357612 9606.ENSP00000356202 0 0 0 0 185 0 0 185 
9606.ENSP00000357612 9606.ENSP00000406220 0 0 0 0 0 0 184 184 
9606.ENSP00000357612 9606.ENSP00000258484 0 0 0 63 0 0 232 249 
9606.ENSP00000357612 9606.ENSP00000368104 0 0 0 0 0 0 190 190 
9606.ENSP00000357612 9606.ENSP00000380479 0 0 0 53 0 0 152 162 
9606.ENSP00000357612 9606.ENSP00000359454 0 0 0 112 0 0 732 752 
9606.ENSP00000357612 9606.ENSP00000366586 0 0 0 61 264 0 733 799 
9606.ENSP00000357612 9606.ENSP00000237014 0 0 0 61 0 0 213 229 
9606.ENSP00000357612 9606.ENSP00000348020 0 0 0 0 0 0 497 497 
9606.ENSP00000357612 9606.ENSP00000381657 0 0 0 0 0 0 250 250 
9606.ENSP00000357612 9606.ENSP00000274024 0 0 0 0 0 0 167 167 
9606.ENSP00000357612 9606.ENSP00000478298 0 0 0 63 198 0 59 231 
9606.ENSP00000357612 9606.ENSP00000418447 0 0 0 0 0 0 153 153 
9606.ENSP00000357612 9606.ENSP00000321999 0 0 0 0 0 0 203 203 
9606.ENSP00000357612 9606.ENSP00000283147 0 0 0 0 0 0 221 221 
9606.ENSP00000357612 9606.ENSP00000374455 0 0 0 0 0 0 368 368 
9606.ENSP00000357612 9606.ENSP00000245185 0 0 0 0 0 0 565 565 
9606.ENSP00000357612 9606.ENSP00000372667 0 0 0 0 0 0 164 164 
9606.ENSP00000357612 9606.ENSP00000332488 0 0 0 63 127 0 59 163 
9606.ENSP00000357612 9606.ENSP00000475084 0 0 0 0 0 0 152 152 
9606.ENSP00000357612 9606.ENSP00000264613 0 0 0 0 0 0 352 352 
9606.ENSP00000357612 9606.ENSP00000273666 0 0 0 0 0 0 167 167 
9606.ENSP00000357612 9606.ENSP00000379226 0 0 0 0 0 0 206 206 
9606.ENSP00000357612 9606.ENSP00000381293 0 0 0 0 0 0 203 203 
9606.ENSP00000357612 9606.ENSP00000483228 0 0 0 62 0 0 314 329 
9606.ENSP00000357612 9606.ENSP00000360532 0 0 0 0 0 0 354 354 
9606.ENSP00000357612 9606.ENSP00000384115 0 0 0 0 0 0 307 307 
9606.ENSP00000357612 9606.ENSP00000368835 0 0 0 51 0 0 177 186 
9606.ENSP00000357612 9606.ENSP00000278836 0 0 0 0 0 0 474 474 
9606.ENSP00000357612 9606.ENSP00000327417 0 0 0 0 0 0 389 389 
9606.ENSP00000357612 9606.ENSP00000483570 0 0 0 61 0 0 219 235 
9606.ENSP00000357612 9606.ENSP00000399585 0 0 0 62 0 0 176 194 
9606.ENSP00000357612 9606.ENSP00000404092 0 0 0 0 0 0 425 425 
9606.ENSP00000357612 9606.ENSP00000481110 0 0 0 71 0 0 174 199 
9606.ENSP00000357612 9606.ENSP00000263753 0 0 0 0 50 0 172 179 
9606.ENSP00000357612 9606.ENSP00000441543 0 0 0 0 140 0 54 151 
9606.ENSP00000357612 9606.ENSP00000368648 0 0 0 64 87 0 733 752 
9606.ENSP00000357612 9606.ENSP00000484669 0 0 0 84 0 0 122 162 
9606.ENSP00000357612 9606.ENSP00000336868 0 0 0 69 0 0 134 159 
9606.ENSP00000357612 9606.ENSP00000377995 0 0 0 0 0 0 570 570 
9606.ENSP00000357612 9606.ENSP00000263904 0 0 0 0 185 0 0 185 
9606.ENSP00000357612 9606.ENSP00000346437 0 0 0 0 0 0 229 229 
9606.ENSP00000357612 9606.ENSP00000216024 0 0 0 55 148 0 113 223 
9606.ENSP00000357612 9606.ENSP00000341282 0 0 0 0 0 0 526 526 
9606.ENSP00000357612 9606.ENSP00000359042 0 0 0 0 0 0 161 161 
9606.ENSP00000357612 9606.ENSP00000402527 0 0 0 62 0 0 150 168 
9606.ENSP00000357612 9606.ENSP00000380878 0 0 0 0 0 0 181 181 
9606.ENSP00000357612 9606.ENSP00000350162 0 0 0 0 0 0 392 392 
9606.ENSP00000357612 9606.ENSP00000278616 0 0 0 0 0 0 187 187 
9606.ENSP00000357612 9606.ENSP00000302851 0 0 0 0 0 0 160 160 
9606.ENSP00000357612 9606.ENSP00000233146 0 0 0 62 0 0 151 170 
9606.ENSP00000357612 9606.ENSP00000221138 0 0 0 0 0 0 153 153 
9606.ENSP00000357612 9606.ENSP00000446252 0 0 0 0 0 0 237 237 
9606.ENSP00000357612 9606.ENSP00000303427 0 0 0 0 0 0 218 218 
9606.ENSP00000357612 9606.ENSP00000263274 0 0 0 69 165 0 0 189 
9606.ENSP00000357612 9606.ENSP00000358072 0 0 0 0 0 0 229 229 
9606.ENSP00000357612 9606.ENSP00000420525 0 0 0 57 0 0 284 295 
9606.ENSP00000357612 9606.ENSP00000461749 0 0 0 62 0 0 140 158 
9606.ENSP00000357612 9606.ENSP00000319052 0 0 0 55 0 0 212 223 
9606.ENSP00000357612 9606.ENSP00000419412 0 0 0 113 0 0 99 167 
9606.ENSP00000357612 9606.ENSP00000290399 0 0 0 0 0 0 173 173 
9606.ENSP00000357612 9606.ENSP00000368637 0 0 0 0 0 0 161 161 
9606.ENSP00000357612 9606.ENSP00000013807 0 0 0 62 0 0 155 173 
9606.ENSP00000357612 9606.ENSP00000416066 0 0 0 0 0 0 219 219 
9606.ENSP00000357612 9606.ENSP00000372023 0 0 0 61 0 0 162 179 
9606.ENSP00000357612 9606.ENSP00000428259 0 0 0 55 0 0 226 237 
9606.ENSP00000357612 9606.ENSP00000379865 0 0 0 62 0 0 256 272 
9606.ENSP00000357612 9606.ENSP00000288221 0 0 0 0 0 0 213 213 
9606.ENSP00000357612 9606.ENSP00000477572 0 0 0 0 0 0 225 225 
9606.ENSP00000357612 9606.ENSP00000259951 0 0 0 0 0 0 468 468 
9606.ENSP00000357612 9606.ENSP00000233202 0 0 0 0 0 0 528 528 
9606.ENSP00000357612 9606.ENSP00000409896 0 0 0 0 0 0 603 603 
9606.ENSP00000357612 9606.ENSP00000334100 0 0 0 0 0 0 201 201 
9606.ENSP00000357612 9606.ENSP00000304336 0 0 0 0 0 0 266 266 
9606.ENSP00000357612 9606.ENSP00000355506 0 0 0 89 72 0 278 337 
9606.ENSP00000357612 9606.ENSP00000324302 0 0 0 0 0 0 233 233 
9606.ENSP00000357612 9606.ENSP00000257312 0 0 0 61 0 0 237 252 
9606.ENSP00000357612 9606.ENSP00000347649 0 0 0 0 0 0 151 151 
9606.ENSP00000357612 9606.ENSP00000286298 0 0 0 0 0 0 151 151 
9606.ENSP00000357612 9606.ENSP00000484532 0 0 0 0 0 0 298 298 
9606.ENSP00000357612 9606.ENSP00000359151 0 0 0 63 0 0 163 182 
9606.ENSP00000357612 9606.ENSP00000229239 0 0 0 89 0 0 151 194 
9606.ENSP00000357612 9606.ENSP00000336887 0 0 0 49 0 0 788 790 
9606.ENSP00000357612 9606.ENSP00000477973 0 0 0 0 0 0 192 192 
9606.ENSP00000357612 9606.ENSP00000476141 0 0 0 0 0 0 557 557 
9606.ENSP00000357612 9606.ENSP00000443432 0 0 0 0 0 0 227 227 
9606.ENSP00000357612 9606.ENSP00000317123 0 0 0 140 0 0 64 160 
9606.ENSP00000357612 9606.ENSP00000296682 0 0 0 52 65 0 175 205 
9606.ENSP00000357612 9606.ENSP00000471894 0 0 0 0 0 0 529 529 
9606.ENSP00000357612 9606.ENSP00000313490 0 0 0 0 0 0 167 167 
9606.ENSP00000357612 9606.ENSP00000360310 0 0 0 63 0 0 807 812 
9606.ENSP00000357612 9606.ENSP00000166345 0 0 0 85 0 0 743 755 
9606.ENSP00000357612 9606.ENSP00000293695 0 0 0 0 0 0 527 527 
9606.ENSP00000357612 9606.ENSP00000389787 0 0 0 61 262 0 66 296 
9606.ENSP00000357612 9606.ENSP00000384334 0 0 0 0 0 0 187 187 
9606.ENSP00000357612 9606.ENSP00000355966 0 0 0 61 0 0 190 207 
9606.ENSP00000357612 9606.ENSP00000426191 0 0 0 64 0 0 390 404 
9606.ENSP00000357612 9606.ENSP00000249806 0 0 0 0 0 0 203 203 
9606.ENSP00000357612 9606.ENSP00000381775 0 0 0 0 0 0 191 191 
9606.ENSP00000357612 9606.ENSP00000353224 0 0 0 57 0 0 233 245 
9606.ENSP00000357612 9606.ENSP00000273062 0 0 0 85 0 0 176 214 
9606.ENSP00000357612 9606.ENSP00000378310 0 0 0 61 264 0 715 786 
9606.ENSP00000357612 9606.ENSP00000336984 0 0 0 57 0 0 220 233 
9606.ENSP00000357612 9606.ENSP00000452780 0 0 0 0 0 0 254 254 
9606.ENSP00000357612 9606.ENSP00000379873 0 0 0 0 0 0 275 275 
9606.ENSP00000357612 9606.ENSP00000263187 0 0 0 62 0 0 692 698 
9606.ENSP00000357612 9606.ENSP00000343741 0 0 0 61 0 0 417 430 
9606.ENSP00000357612 9606.ENSP00000362306 0 0 0 61 0 0 140 158 
9606.ENSP00000357612 9606.ENSP00000269740 0 0 0 0 179 0 182 299 
9606.ENSP00000357612 9606.ENSP00000401853 0 0 0 93 0 0 120 168 
9606.ENSP00000357612 9606.ENSP00000355045 0 0 0 0 0 0 165 165 
9606.ENSP00000357612 9606.ENSP00000364855 0 0 0 50 0 0 688 691 
9606.ENSP00000357612 9606.ENSP00000471730 0 0 0 0 0 0 153 153 
9606.ENSP00000357612 9606.ENSP00000263062 0 0 0 63 0 0 350 364 
9606.ENSP00000357612 9606.ENSP00000252723 0 0 0 0 0 0 195 195 
9606.ENSP00000357612 9606.ENSP00000313158 0 0 0 0 65 0 318 335 
9606.ENSP00000357612 9606.ENSP00000373518 0 0 0 0 0 0 152 152 
9606.ENSP00000357612 9606.ENSP00000305603 0 0 0 62 0 0 311 326 
9606.ENSP00000357612 9606.ENSP00000407552 0 0 0 63 52 0 154 182 
9606.ENSP00000357612 9606.ENSP00000273550 0 0 0 0 0 0 278 278 
9606.ENSP00000357612 9606.ENSP00000317039 0 0 0 61 0 0 248 263 
9606.ENSP00000357612 9606.ENSP00000288207 0 0 0 98 128 0 62 197 
9606.ENSP00000357612 9606.ENSP00000222644 0 0 0 0 0 0 238 238 
9606.ENSP00000357612 9606.ENSP00000355938 0 0 0 61 0 0 146 164 
9606.ENSP00000357612 9606.ENSP00000357622 0 0 0 0 0 0 555 555 
9606.ENSP00000357612 9606.ENSP00000391167 0 0 0 0 0 0 171 171 
9606.ENSP00000357612 9606.ENSP00000352779 0 0 0 89 264 0 806 858 
9606.ENSP00000357612 9606.ENSP00000263388 0 0 0 61 250 0 0 265 
9606.ENSP00000357612 9606.ENSP00000326267 0 0 0 0 0 0 206 206 
9606.ENSP00000357612 9606.ENSP00000361043 0 0 0 90 0 0 129 174 
9606.ENSP00000357612 9606.ENSP00000296137 0 0 0 61 262 0 66 296 
9606.ENSP00000357612 9606.ENSP00000419038 0 0 0 0 0 0 188 188 
9606.ENSP00000357612 9606.ENSP00000286719 0 0 0 0 0 0 181 181 
9606.ENSP00000357612 9606.ENSP00000466399 0 0 0 62 185 0 57 216 
9606.ENSP00000357612 9606.ENSP00000288266 0 0 0 61 0 0 187 203 
9606.ENSP00000357612 9606.ENSP00000319141 0 0 0 0 0 0 711 711 
9606.ENSP00000357612 9606.ENSP00000367323 0 0 0 0 320 0 468 622 
9606.ENSP00000357612 9606.ENSP00000358535 0 0 0 0 0 0 598 598 
9606.ENSP00000357612 9606.ENSP00000388107 0 0 0 0 326 0 155 406 
9606.ENSP00000357612 9606.ENSP00000337825 0 0 0 61 0 0 282 296 
9606.ENSP00000357612 9606.ENSP00000419952 0 0 0 0 319 0 0 319 
9606.ENSP00000357612 9606.ENSP00000379904 0 0 0 0 50 0 172 179 
9606.ENSP00000357612 9606.ENSP00000362127 0 0 0 0 65 0 379 395 
9606.ENSP00000357612 9606.ENSP00000261714 0 0 0 145 0 0 147 240 
9606.ENSP00000357612 9606.ENSP00000480987 0 0 0 96 0 0 101 152 
9606.ENSP00000357612 9606.ENSP00000369611 0 0 0 0 0 0 240 240 
9606.ENSP00000357612 9606.ENSP00000322373 0 0 0 64 262 0 66 298 
9606.ENSP00000357612 9606.ENSP00000464814 0 0 0 65 0 0 154 175 
9606.ENSP00000357612 9606.ENSP00000479618 0 0 0 76 0 0 172 202 
9606.ENSP00000357612 9606.ENSP00000394331 0 0 0 0 0 0 189 189 
9606.ENSP00000357612 9606.ENSP00000385675 0 0 0 0 0 0 185 185 
9606.ENSP00000357612 9606.ENSP00000325018 0 0 0 0 65 0 149 170 
9606.ENSP00000357612 9606.ENSP00000418842 0 0 0 0 0 0 252 252 
9606.ENSP00000357612 9606.ENSP00000430620 0 0 0 0 0 0 614 614 
9606.ENSP00000357612 9606.ENSP00000354957 0 0 0 0 0 0 240 240 
9606.ENSP00000357612 9606.ENSP00000253233 0 0 0 0 185 0 0 185 
9606.ENSP00000357612 9606.ENSP00000383402 0 0 0 62 0 0 151 170 
9606.ENSP00000357612 9606.ENSP00000265896 0 0 0 87 0 0 116 158 
9606.ENSP00000357612 9606.ENSP00000363270 0 0 0 61 262 0 66 296 
9606.ENSP00000357612 9606.ENSP00000222399 0 0 0 67 0 0 157 179 
9606.ENSP00000357612 9606.ENSP00000273179 0 0 0 62 0 0 138 156 
9606.ENSP00000357612 9606.ENSP00000376456 0 0 0 61 0 0 144 162 
9606.ENSP00000357612 9606.ENSP00000307853 0 0 0 61 165 0 644 697 
9606.ENSP00000357612 9606.ENSP00000296529 0 0 0 61 0 0 169 186 
9606.ENSP00000357612 9606.ENSP00000379263 0 0 0 0 0 0 165 165 
9606.ENSP00000357612 9606.ENSP00000365210 0 0 0 61 128 0 99 197 
9606.ENSP00000357612 9606.ENSP00000331901 0 0 0 0 0 0 154 154 
9606.ENSP00000357612 9606.ENSP00000270142 0 0 0 0 0 0 152 152 
9606.ENSP00000357612 9606.ENSP00000302037 0 0 0 0 0 0 335 335 
9606.ENSP00000357612 9606.ENSP00000391397 0 0 0 0 0 0 556 556 
9606.ENSP00000357612 9606.ENSP00000317232 0 0 0 86 50 0 105 155 
9606.ENSP00000357612 9606.ENSP00000334998 0 0 0 0 0 0 557 557 
9606.ENSP00000357612 9606.ENSP00000386414 0 0 0 62 0 0 304 320 
9606.ENSP00000357612 9606.ENSP00000297439 0 0 0 0 0 0 227 227 
9606.ENSP00000357612 9606.ENSP00000321239 0 0 0 0 0 0 155 155 
9606.ENSP00000357612 9606.ENSP00000353652 0 0 0 0 65 0 232 251 
9606.ENSP00000357612 9606.ENSP00000465204 0 0 0 61 0 0 216 233 
9606.ENSP00000357612 9606.ENSP00000297338 0 0 0 62 0 0 262 278 
9606.ENSP00000357612 9606.ENSP00000372136 0 0 0 0 0 0 229 229 
9606.ENSP00000357612 9606.ENSP00000313699 0 0 0 0 0 0 186 186 
9606.ENSP00000357612 9606.ENSP00000344446 0 0 0 61 262 0 66 296 
9606.ENSP00000357612 9606.ENSP00000399168 0 0 0 0 0 0 256 256 
9606.ENSP00000357612 9606.ENSP00000159060 0 0 0 0 0 0 152 152 
9606.ENSP00000357612 9606.ENSP00000319104 0 0 0 107 187 0 0 242 
9606.ENSP00000357612 9606.ENSP00000376658 0 0 0 0 0 0 399 399 
9606.ENSP00000357612 9606.ENSP00000265245 0 0 0 0 211 0 0 211 
9606.ENSP00000357612 9606.ENSP00000310520 0 0 0 62 187 0 90 245 
9606.ENSP00000357612 9606.ENSP00000445829 0 0 0 64 385 0 794 871 
9606.ENSP00000357612 9606.ENSP00000261867 0 0 0 64 95 0 784 801 
9606.ENSP00000357612 9606.ENSP00000078445 0 0 0 0 0 0 282 282 
9606.ENSP00000357612 9606.ENSP00000381237 0 0 0 65 157 0 96 225 
9606.ENSP00000357612 9606.ENSP00000334872 0 0 0 0 0 0 555 555 
9606.ENSP00000357612 9606.ENSP00000417404 0 0 0 0 0 0 446 446 
9606.ENSP00000357612 9606.ENSP00000415011 0 0 0 64 95 0 617 647 
9606.ENSP00000357612 9606.ENSP00000231790 0 0 0 0 0 0 461 461 
9606.ENSP00000357612 9606.ENSP00000252809 0 0 0 65 0 0 247 265 
9606.ENSP00000357612 9606.ENSP00000236166 0 0 0 0 0 0 266 266 
9606.ENSP00000357612 9606.ENSP00000451974 0 0 0 63 148 0 135 249 
9606.ENSP00000357612 9606.ENSP00000467958 0 0 0 0 179 0 204 318 
9606.ENSP00000357612 9606.ENSP00000330587 0 0 0 0 0 0 561 561 
9606.ENSP00000357612 9606.ENSP00000473565 0 0 0 0 0 0 171 171 
9606.ENSP00000357612 9606.ENSP00000216254 0 0 0 0 0 0 211 211 
