9606.ENSP00000302297 9606.ENSP00000264734 0 0 0 62 0 0 134 153 
9606.ENSP00000302297 9606.ENSP00000413064 0 0 0 312 0 0 0 312 
9606.ENSP00000302297 9606.ENSP00000362294 0 0 0 299 0 0 100 342 
9606.ENSP00000302297 9606.ENSP00000255039 0 0 0 531 0 0 112 566 
9606.ENSP00000302297 9606.ENSP00000361769 0 0 0 192 0 0 0 192 
9606.ENSP00000302297 9606.ENSP00000379704 0 0 0 215 0 0 0 215 
9606.ENSP00000302297 9606.ENSP00000356646 0 0 0 207 0 0 0 207 
9606.ENSP00000302297 9606.ENSP00000368566 0 0 0 150 0 0 0 150 
9606.ENSP00000302297 9606.ENSP00000358865 0 0 0 177 0 0 0 177 
9606.ENSP00000302297 9606.ENSP00000369981 0 0 0 351 0 0 0 351 
9606.ENSP00000302297 9606.ENSP00000379607 0 0 0 177 0 0 0 177 
9606.ENSP00000302297 9606.ENSP00000342538 0 0 0 344 0 0 0 344 
9606.ENSP00000302297 9606.ENSP00000361087 0 0 0 181 0 0 0 181 
9606.ENSP00000302297 9606.ENSP00000482169 0 0 0 232 0 0 0 232 
9606.ENSP00000302297 9606.ENSP00000336987 0 0 0 214 0 0 0 214 
9606.ENSP00000302297 9606.ENSP00000415491 0 0 0 377 0 0 349 577 
9606.ENSP00000302297 9606.ENSP00000386845 0 0 0 155 0 0 0 155 
9606.ENSP00000302297 9606.ENSP00000319590 0 0 0 373 0 0 0 373 
9606.ENSP00000302297 9606.ENSP00000393379 0 0 0 186 0 0 0 186 
9606.ENSP00000302297 9606.ENSP00000264071 0 0 0 350 0 0 0 350 
9606.ENSP00000302297 9606.ENSP00000379472 0 0 0 394 0 0 0 394 
9606.ENSP00000302297 9606.ENSP00000381654 0 0 0 152 0 0 0 152 
9606.ENSP00000302297 9606.ENSP00000408581 0 0 0 151 0 0 0 151 
9606.ENSP00000302297 9606.ENSP00000307449 0 0 0 173 0 0 0 173 
9606.ENSP00000302297 9606.ENSP00000450958 0 0 0 337 0 0 0 337 
9606.ENSP00000302297 9606.ENSP00000375711 0 0 0 0 0 0 416 416 
9606.ENSP00000302297 9606.ENSP00000262102 0 0 0 90 0 0 604 624 
9606.ENSP00000302297 9606.ENSP00000418575 0 0 0 261 0 0 0 261 
9606.ENSP00000302297 9606.ENSP00000396722 0 0 0 163 0 0 0 163 
9606.ENSP00000302297 9606.ENSP00000344219 0 0 0 155 0 0 0 155 
9606.ENSP00000302297 9606.ENSP00000357674 0 0 0 0 0 0 389 389 
9606.ENSP00000302297 9606.ENSP00000296921 0 0 0 88 0 0 135 177 
9606.ENSP00000302297 9606.ENSP00000355064 0 0 0 152 0 0 0 152 
9606.ENSP00000302297 9606.ENSP00000300105 0 0 0 120 0 0 175 244 
9606.ENSP00000302297 9606.ENSP00000296526 0 0 0 353 0 0 49 358 
9606.ENSP00000302297 9606.ENSP00000389714 0 0 0 181 0 0 0 181 
9606.ENSP00000302297 9606.ENSP00000456226 0 0 0 153 0 0 0 153 
9606.ENSP00000302297 9606.ENSP00000226067 0 0 0 224 0 0 0 224 
9606.ENSP00000302297 9606.ENSP00000483721 0 0 0 213 0 0 0 213 
9606.ENSP00000302297 9606.ENSP00000463653 0 0 0 153 0 0 0 153 
9606.ENSP00000302297 9606.ENSP00000414886 0 0 0 214 0 0 0 214 
9606.ENSP00000302297 9606.ENSP00000357106 0 0 0 336 0 0 0 336 
9606.ENSP00000302297 9606.ENSP00000363134 0 0 0 200 0 0 0 200 
9606.ENSP00000302297 9606.ENSP00000410584 0 0 0 173 0 0 0 173 
9606.ENSP00000302297 9606.ENSP00000377494 0 0 0 282 0 0 0 282 
9606.ENSP00000302297 9606.ENSP00000470879 0 0 0 367 0 0 0 367 
9606.ENSP00000302297 9606.ENSP00000287042 0 0 0 169 0 0 0 169 
9606.ENSP00000302297 9606.ENSP00000332488 0 0 0 214 0 0 0 214 
9606.ENSP00000302297 9606.ENSP00000380271 0 0 0 271 0 0 0 271 
9606.ENSP00000302297 9606.ENSP00000391311 0 0 0 220 0 0 0 220 
9606.ENSP00000302297 9606.ENSP00000303540 0 0 0 159 0 0 73 187 
9606.ENSP00000302297 9606.ENSP00000273666 0 0 0 211 0 0 0 211 
9606.ENSP00000302297 9606.ENSP00000337439 0 0 0 0 0 0 206 206 
9606.ENSP00000302297 9606.ENSP00000222256 0 0 0 333 0 0 0 333 
9606.ENSP00000302297 9606.ENSP00000348521 0 0 0 200 0 0 0 200 
9606.ENSP00000302297 9606.ENSP00000371548 0 0 0 120 0 0 85 161 
9606.ENSP00000302297 9606.ENSP00000330199 0 0 0 338 0 0 0 338 
9606.ENSP00000302297 9606.ENSP00000360423 0 0 0 230 0 0 42 231 
9606.ENSP00000302297 9606.ENSP00000329403 0 0 0 215 0 0 0 215 
9606.ENSP00000302297 9606.ENSP00000423313 0 0 0 89 0 0 161 203 
9606.ENSP00000302297 9606.ENSP00000343158 0 0 0 98 0 0 109 162 
9606.ENSP00000302297 9606.ENSP00000352035 0 0 0 312 0 0 46 315 
9606.ENSP00000302297 9606.ENSP00000320130 0 0 0 214 0 0 0 214 
9606.ENSP00000302297 9606.ENSP00000343656 0 0 0 171 0 0 0 171 
9606.ENSP00000302297 9606.ENSP00000262483 0 0 0 151 0 0 0 151 
9606.ENSP00000302297 9606.ENSP00000360858 0 0 0 226 0 0 0 226 
9606.ENSP00000302297 9606.ENSP00000398481 0 0 0 155 0 0 0 155 
9606.ENSP00000302297 9606.ENSP00000377353 0 0 0 215 0 0 0 215 
9606.ENSP00000302297 9606.ENSP00000449253 0 0 0 218 0 0 0 218 
9606.ENSP00000302297 9606.ENSP00000261275 0 0 0 151 0 0 0 151 
9606.ENSP00000302297 9606.ENSP00000387694 0 0 0 335 0 0 0 335 
9606.ENSP00000302297 9606.ENSP00000307479 0 0 0 151 0 0 0 151 
9606.ENSP00000302297 9606.ENSP00000439287 0 0 0 214 0 0 0 214 
9606.ENSP00000302297 9606.ENSP00000406986 0 0 0 286 0 0 0 286 
9606.ENSP00000302297 9606.ENSP00000278836 0 0 0 181 0 0 0 181 
9606.ENSP00000302297 9606.ENSP00000353025 0 0 0 0 0 0 387 387 
9606.ENSP00000302297 9606.ENSP00000365714 0 0 0 158 0 0 0 158 
9606.ENSP00000302297 9606.ENSP00000310431 0 0 0 214 0 0 0 214 
9606.ENSP00000302297 9606.ENSP00000164024 0 0 0 96 0 0 118 168 
9606.ENSP00000302297 9606.ENSP00000295987 0 0 0 363 0 0 122 417 
9606.ENSP00000302297 9606.ENSP00000354536 0 0 0 299 0 0 0 299 
9606.ENSP00000302297 9606.ENSP00000386499 0 0 0 337 0 0 0 337 
9606.ENSP00000302297 9606.ENSP00000043402 0 0 0 117 0 0 98 170 
9606.ENSP00000302297 9606.ENSP00000335614 0 0 0 173 0 0 0 173 
9606.ENSP00000302297 9606.ENSP00000330862 0 0 0 343 0 0 0 343 
9606.ENSP00000302297 9606.ENSP00000433560 0 0 0 299 0 0 0 299 
9606.ENSP00000302297 9606.ENSP00000371936 0 0 0 61 0 0 170 188 
9606.ENSP00000302297 9606.ENSP00000480132 0 0 0 151 0 0 0 151 
9606.ENSP00000302297 9606.ENSP00000284262 0 0 0 296 0 0 0 296 
9606.ENSP00000302297 9606.ENSP00000020926 0 0 0 151 0 0 0 151 
9606.ENSP00000302297 9606.ENSP00000348108 0 0 0 76 0 0 343 367 
9606.ENSP00000302297 9606.ENSP00000361518 0 0 0 151 0 0 0 151 
9606.ENSP00000302297 9606.ENSP00000300231 0 0 0 192 0 0 0 192 
9606.ENSP00000302297 9606.ENSP00000481421 0 0 0 156 0 0 0 156 
9606.ENSP00000302297 9606.ENSP00000322609 0 0 0 216 0 0 0 216 
9606.ENSP00000302297 9606.ENSP00000346240 0 0 0 214 0 0 0 214 
9606.ENSP00000302297 9606.ENSP00000252087 0 0 0 214 0 0 423 527 
9606.ENSP00000302297 9606.ENSP00000370826 0 0 0 214 0 0 0 214 
9606.ENSP00000302297 9606.ENSP00000335592 0 0 0 216 0 0 57 229 
9606.ENSP00000302297 9606.ENSP00000317310 0 0 0 260 0 0 0 260 
9606.ENSP00000302297 9606.ENSP00000356236 0 0 0 152 0 0 190 284 
9606.ENSP00000302297 9606.ENSP00000310649 0 0 0 282 0 0 0 282 
9606.ENSP00000302297 9606.ENSP00000380602 0 0 0 118 0 0 75 150 
9606.ENSP00000302297 9606.ENSP00000377086 0 0 0 155 0 0 0 155 
9606.ENSP00000302297 9606.ENSP00000363398 0 0 0 277 0 0 0 277 
9606.ENSP00000302297 9606.ENSP00000222330 0 0 0 0 0 0 165 165 
9606.ENSP00000302297 9606.ENSP00000435637 0 0 0 146 0 0 55 158 
9606.ENSP00000302297 9606.ENSP00000347451 0 0 0 214 0 0 0 214 
9606.ENSP00000302297 9606.ENSP00000384582 0 0 0 0 0 0 493 493 
9606.ENSP00000302297 9606.ENSP00000357068 0 0 0 334 0 0 46 337 
9606.ENSP00000302297 9606.ENSP00000334319 0 0 0 151 0 0 0 151 
9606.ENSP00000302297 9606.ENSP00000381266 0 0 0 0 0 0 378 378 
9606.ENSP00000302297 9606.ENSP00000442373 0 0 0 151 0 0 0 151 
9606.ENSP00000302297 9606.ENSP00000341562 0 0 0 213 0 0 0 213 
9606.ENSP00000302297 9606.ENSP00000484715 0 0 0 223 0 0 0 223 
9606.ENSP00000302297 9606.ENSP00000262494 0 0 0 282 0 0 0 282 
9606.ENSP00000302297 9606.ENSP00000259750 0 0 0 336 0 0 0 336 
9606.ENSP00000302297 9606.ENSP00000462435 0 0 0 173 0 0 0 173 
9606.ENSP00000302297 9606.ENSP00000477455 0 0 0 147 0 0 108 207 
9606.ENSP00000302297 9606.ENSP00000380488 0 0 0 213 0 0 0 213 
9606.ENSP00000302297 9606.ENSP00000277120 0 0 0 313 0 0 0 313 
9606.ENSP00000302297 9606.ENSP00000263519 0 0 0 410 0 0 0 410 
9606.ENSP00000302297 9606.ENSP00000365503 0 0 0 338 0 0 0 338 
9606.ENSP00000302297 9606.ENSP00000393097 0 0 0 346 0 0 200 455 
9606.ENSP00000302297 9606.ENSP00000484060 0 0 0 350 0 0 0 350 
9606.ENSP00000302297 9606.ENSP00000391488 0 0 0 154 0 0 0 154 
9606.ENSP00000302297 9606.ENSP00000416341 0 0 0 116 0 0 82 154 
9606.ENSP00000302297 9606.ENSP00000368244 0 0 0 215 0 0 0 215 
9606.ENSP00000302297 9606.ENSP00000481006 0 0 0 366 0 0 56 376 
9606.ENSP00000302297 9606.ENSP00000407822 0 0 0 214 0 0 43 215 
9606.ENSP00000302297 9606.ENSP00000312273 0 0 0 309 0 0 109 358 
9606.ENSP00000302297 9606.ENSP00000247005 0 0 0 300 0 0 0 300 
9606.ENSP00000302297 9606.ENSP00000383234 0 0 0 300 0 0 0 300 
9606.ENSP00000302297 9606.ENSP00000355187 0 0 0 213 0 0 71 238 
9606.ENSP00000302297 9606.ENSP00000473036 0 0 0 351 0 0 0 351 
9606.ENSP00000302297 9606.ENSP00000390661 0 0 0 334 0 0 0 334 
9606.ENSP00000302297 9606.ENSP00000356205 0 0 0 274 0 0 0 274 
9606.ENSP00000302297 9606.ENSP00000020673 0 0 0 298 0 0 0 298 
9606.ENSP00000302297 9606.ENSP00000352157 0 0 0 151 0 0 0 151 
9606.ENSP00000302297 9606.ENSP00000289932 0 0 0 214 0 0 0 214 
9606.ENSP00000302297 9606.ENSP00000265840 0 0 0 160 0 0 0 160 
9606.ENSP00000302297 9606.ENSP00000355434 0 0 0 207 0 0 0 207 
9606.ENSP00000302297 9606.ENSP00000293441 0 0 0 177 0 0 0 177 
9606.ENSP00000302297 9606.ENSP00000364219 0 0 0 178 0 0 0 178 
9606.ENSP00000302297 9606.ENSP00000353785 0 0 0 379 0 0 0 379 
9606.ENSP00000302297 9606.ENSP00000480053 0 0 0 319 0 0 0 319 
9606.ENSP00000302297 9606.ENSP00000235628 0 0 0 138 0 0 56 151 
9606.ENSP00000302297 9606.ENSP00000219409 0 0 0 154 0 0 0 154 
9606.ENSP00000302297 9606.ENSP00000365272 0 0 0 226 0 0 87 264 
9606.ENSP00000302297 9606.ENSP00000257696 0 0 0 0 0 0 217 217 
9606.ENSP00000302297 9606.ENSP00000302194 0 0 0 337 0 0 0 337 
9606.ENSP00000302297 9606.ENSP00000463778 0 0 0 151 0 0 0 151 
9606.ENSP00000302297 9606.ENSP00000358696 0 0 0 0 0 0 258 258 
9606.ENSP00000302297 9606.ENSP00000364586 0 0 0 304 0 0 83 335 
9606.ENSP00000302297 9606.ENSP00000481728 0 0 0 335 0 0 0 335 
9606.ENSP00000302297 9606.ENSP00000358265 0 0 0 161 0 0 0 161 
9606.ENSP00000302297 9606.ENSP00000344331 0 0 0 298 0 0 0 298 
9606.ENSP00000302297 9606.ENSP00000430676 0 0 0 350 0 0 0 350 
9606.ENSP00000302297 9606.ENSP00000270238 0 0 0 215 0 0 0 215 
9606.ENSP00000302297 9606.ENSP00000366246 0 0 0 0 0 0 240 240 
9606.ENSP00000302297 9606.ENSP00000380746 0 0 0 342 0 0 157 422 
9606.ENSP00000302297 9606.ENSP00000340820 0 0 0 231 0 0 0 231 
9606.ENSP00000302297 9606.ENSP00000373648 0 0 0 158 0 0 53 168 
9606.ENSP00000302297 9606.ENSP00000308057 0 0 0 518 0 0 0 518 
9606.ENSP00000302297 9606.ENSP00000396915 0 0 0 167 0 0 0 167 
9606.ENSP00000302297 9606.ENSP00000355387 0 0 0 181 0 0 0 181 
9606.ENSP00000302297 9606.ENSP00000341282 0 0 0 151 0 0 0 151 
9606.ENSP00000302297 9606.ENSP00000390084 0 0 0 246 0 0 0 246 
9606.ENSP00000302297 9606.ENSP00000362616 0 0 0 213 0 0 0 213 
9606.ENSP00000302297 9606.ENSP00000344819 0 0 0 297 0 0 0 297 
9606.ENSP00000302297 9606.ENSP00000480439 0 0 0 0 0 0 196 196 
9606.ENSP00000302297 9606.ENSP00000200557 0 0 0 341 0 0 528 676 
9606.ENSP00000302297 9606.ENSP00000435509 0 0 0 214 0 0 0 214 
9606.ENSP00000302297 9606.ENSP00000440185 0 0 0 151 0 0 0 151 
9606.ENSP00000302297 9606.ENSP00000281961 0 0 0 230 0 0 0 230 
9606.ENSP00000302297 9606.ENSP00000316244 0 0 0 183 0 0 0 183 
9606.ENSP00000302297 9606.ENSP00000311997 0 0 0 177 0 0 0 177 
9606.ENSP00000302297 9606.ENSP00000295225 0 0 0 181 0 0 0 181 
9606.ENSP00000302297 9606.ENSP00000266037 0 0 0 171 0 0 0 171 
9606.ENSP00000302297 9606.ENSP00000377372 0 0 0 213 0 0 0 213 
9606.ENSP00000302297 9606.ENSP00000354481 0 0 0 333 0 0 0 333 
9606.ENSP00000302297 9606.ENSP00000386162 0 0 0 272 0 0 0 272 
9606.ENSP00000302297 9606.ENSP00000276659 0 0 0 213 0 0 0 213 
9606.ENSP00000302297 9606.ENSP00000406145 0 0 0 191 0 0 0 191 
9606.ENSP00000302297 9606.ENSP00000379602 0 0 0 96 0 0 204 250 
9606.ENSP00000302297 9606.ENSP00000480763 0 0 0 153 0 0 48 159 
9606.ENSP00000302297 9606.ENSP00000381412 0 0 0 350 0 0 0 350 
9606.ENSP00000302297 9606.ENSP00000230671 0 0 0 398 0 0 0 398 
9606.ENSP00000302297 9606.ENSP00000349588 0 0 0 177 0 0 0 177 
9606.ENSP00000302297 9606.ENSP00000355523 0 0 0 214 0 0 0 214 
9606.ENSP00000302297 9606.ENSP00000331210 0 0 0 315 0 0 136 383 
9606.ENSP00000302297 9606.ENSP00000379290 0 0 0 170 0 0 0 170 
9606.ENSP00000302297 9606.ENSP00000324196 0 0 0 312 0 0 0 312 
9606.ENSP00000302297 9606.ENSP00000292169 0 0 0 213 0 0 0 213 
9606.ENSP00000302297 9606.ENSP00000287766 0 0 0 417 0 0 0 417 
9606.ENSP00000302297 9606.ENSP00000308921 0 0 0 270 0 0 0 270 
9606.ENSP00000302297 9606.ENSP00000325527 0 0 0 0 0 0 170 170 
9606.ENSP00000302297 9606.ENSP00000389009 0 0 0 214 0 0 0 214 
9606.ENSP00000302297 9606.ENSP00000322460 0 0 0 337 0 0 0 337 
9606.ENSP00000302297 9606.ENSP00000219197 0 0 0 335 0 0 96 373 
9606.ENSP00000302297 9606.ENSP00000416984 0 0 0 154 0 0 0 154 
9606.ENSP00000302297 9606.ENSP00000307134 0 0 0 214 0 0 0 214 
9606.ENSP00000302297 9606.ENSP00000450337 0 0 0 215 0 0 0 215 
9606.ENSP00000302297 9606.ENSP00000353414 0 0 0 390 0 0 0 390 
9606.ENSP00000302297 9606.ENSP00000358853 0 0 0 65 0 0 133 154 
9606.ENSP00000302297 9606.ENSP00000252575 0 0 0 300 0 0 0 300 
9606.ENSP00000302297 9606.ENSP00000339726 0 0 0 215 0 0 0 215 
9606.ENSP00000302297 9606.ENSP00000368265 0 0 0 213 0 0 0 213 
9606.ENSP00000302297 9606.ENSP00000311447 0 0 0 154 0 0 0 154 
9606.ENSP00000302297 9606.ENSP00000384551 0 0 0 299 0 0 0 299 
9606.ENSP00000302297 9606.ENSP00000386104 0 0 0 213 0 0 0 213 
9606.ENSP00000302297 9606.ENSP00000440556 0 0 0 155 0 0 0 155 
9606.ENSP00000302297 9606.ENSP00000289269 0 0 0 152 0 0 0 152 
9606.ENSP00000302297 9606.ENSP00000356790 0 0 0 143 0 0 57 157 
9606.ENSP00000302297 9606.ENSP00000421828 0 0 0 144 0 0 271 349 
9606.ENSP00000302297 9606.ENSP00000284292 0 0 0 279 0 0 0 279 
9606.ENSP00000302297 9606.ENSP00000341171 0 0 0 151 0 0 0 151 
9606.ENSP00000302297 9606.ENSP00000216968 0 0 0 0 0 0 270 270 
9606.ENSP00000302297 9606.ENSP00000407118 0 0 0 155 0 0 0 155 
9606.ENSP00000302297 9606.ENSP00000324419 0 0 0 153 0 0 126 228 
9606.ENSP00000302297 9606.ENSP00000358211 0 0 0 214 0 0 0 214 
9606.ENSP00000302297 9606.ENSP00000355627 0 0 0 250 0 0 0 250 
9606.ENSP00000302297 9606.ENSP00000295992 0 0 0 0 0 0 481 481 
9606.ENSP00000302297 9606.ENSP00000360054 0 0 0 153 0 0 0 153 
9606.ENSP00000302297 9606.ENSP00000359474 0 0 0 242 0 0 0 242 
9606.ENSP00000302297 9606.ENSP00000362638 0 0 0 0 0 0 189 189 
9606.ENSP00000302297 9606.ENSP00000359634 0 0 0 215 0 0 0 215 
9606.ENSP00000302297 9606.ENSP00000357103 0 0 0 163 0 0 0 163 
9606.ENSP00000302297 9606.ENSP00000371587 0 0 0 161 0 0 0 161 
9606.ENSP00000302297 9606.ENSP00000296238 0 0 0 213 0 0 0 213 
9606.ENSP00000302297 9606.ENSP00000366047 0 0 0 269 0 0 0 269 
9606.ENSP00000302297 9606.ENSP00000351342 0 0 0 332 0 0 69 351 
9606.ENSP00000302297 9606.ENSP00000326581 0 0 0 213 0 0 0 213 
9606.ENSP00000302297 9606.ENSP00000376570 0 0 0 152 0 0 56 165 
9606.ENSP00000302297 9606.ENSP00000349677 0 0 0 349 0 0 0 349 
9606.ENSP00000302297 9606.ENSP00000372654 0 0 0 512 0 0 83 533 
9606.ENSP00000302297 9606.ENSP00000283415 0 0 0 0 0 0 186 186 
9606.ENSP00000302297 9606.ENSP00000334910 0 0 0 169 0 0 0 169 
9606.ENSP00000302297 9606.ENSP00000009105 0 0 0 248 0 0 0 248 
9606.ENSP00000302297 9606.ENSP00000388137 0 0 0 340 0 0 0 340 
9606.ENSP00000302297 9606.ENSP00000351446 0 0 0 0 0 0 272 272 
9606.ENSP00000302297 9606.ENSP00000324204 0 0 0 213 0 0 0 213 
9606.ENSP00000302297 9606.ENSP00000326244 0 0 0 441 0 0 0 441 
9606.ENSP00000302297 9606.ENSP00000366058 0 0 0 214 0 0 0 214 
9606.ENSP00000302297 9606.ENSP00000256737 0 0 0 214 0 0 0 214 
9606.ENSP00000302297 9606.ENSP00000335038 0 0 0 412 0 0 0 412 
9606.ENSP00000302297 9606.ENSP00000288221 0 0 0 98 0 0 268 311 
9606.ENSP00000302297 9606.ENSP00000364814 0 0 0 239 0 0 0 239 
9606.ENSP00000302297 9606.ENSP00000332565 0 0 0 336 0 0 0 336 
9606.ENSP00000302297 9606.ENSP00000342560 0 0 0 338 0 0 0 338 
9606.ENSP00000302297 9606.ENSP00000236877 0 0 0 368 0 0 57 378 
9606.ENSP00000302297 9606.ENSP00000396103 0 0 0 151 0 0 0 151 
9606.ENSP00000302297 9606.ENSP00000345985 0 0 0 214 0 0 0 214 
9606.ENSP00000302297 9606.ENSP00000333496 0 0 0 229 0 0 0 229 
9606.ENSP00000302297 9606.ENSP00000382675 0 0 0 230 0 0 0 230 
9606.ENSP00000302297 9606.ENSP00000330606 0 0 0 213 0 0 0 213 
9606.ENSP00000302297 9606.ENSP00000419975 0 0 0 213 0 0 95 258 
9606.ENSP00000302297 9606.ENSP00000361141 0 0 0 151 0 0 0 151 
9606.ENSP00000302297 9606.ENSP00000264377 0 0 0 111 0 900 682 969 
9606.ENSP00000302297 9606.ENSP00000378401 0 0 0 159 0 0 0 159 
9606.ENSP00000302297 9606.ENSP00000419361 0 0 0 169 0 0 0 169 
9606.ENSP00000302297 9606.ENSP00000315465 0 0 0 196 0 0 0 196 
9606.ENSP00000302297 9606.ENSP00000388207 0 0 0 0 0 0 165 165 
9606.ENSP00000302297 9606.ENSP00000302274 0 0 0 155 0 0 0 155 
9606.ENSP00000302297 9606.ENSP00000310375 0 0 0 202 0 0 0 202 
9606.ENSP00000302297 9606.ENSP00000371985 0 0 0 356 0 0 160 436 
9606.ENSP00000302297 9606.ENSP00000296452 0 0 0 332 0 0 127 391 
9606.ENSP00000302297 9606.ENSP00000305926 0 0 0 200 0 0 0 200 
9606.ENSP00000302297 9606.ENSP00000405388 0 0 0 392 0 0 0 392 
9606.ENSP00000302297 9606.ENSP00000321805 0 0 0 346 0 0 0 346 
9606.ENSP00000302297 9606.ENSP00000211413 0 0 0 282 0 0 0 282 
9606.ENSP00000302297 9606.ENSP00000385142 0 0 0 200 0 0 0 200 
9606.ENSP00000302297 9606.ENSP00000356213 0 0 0 165 0 0 0 165 
9606.ENSP00000302297 9606.ENSP00000380093 0 0 0 345 0 0 0 345 
9606.ENSP00000302297 9606.ENSP00000370812 0 0 0 0 0 0 150 150 
9606.ENSP00000302297 9606.ENSP00000296777 0 0 0 338 0 0 0 338 
9606.ENSP00000302297 9606.ENSP00000254079 0 0 0 214 0 0 0 214 
9606.ENSP00000302297 9606.ENSP00000442736 0 0 0 229 0 0 67 250 
9606.ENSP00000302297 9606.ENSP00000200691 0 0 0 491 0 0 0 491 
9606.ENSP00000302297 9606.ENSP00000384638 0 0 0 151 0 0 73 180 
9606.ENSP00000302297 9606.ENSP00000475344 0 0 0 177 0 0 0 177 
9606.ENSP00000302297 9606.ENSP00000386149 0 0 0 275 0 0 0 275 
9606.ENSP00000302297 9606.ENSP00000274710 0 0 0 361 0 0 0 361 
9606.ENSP00000302297 9606.ENSP00000481244 0 0 0 190 0 0 0 190 
9606.ENSP00000302297 9606.ENSP00000295600 0 0 0 0 0 0 163 163 
9606.ENSP00000302297 9606.ENSP00000222374 0 0 0 214 0 0 64 232 
9606.ENSP00000302297 9606.ENSP00000365301 0 0 0 195 0 0 0 195 
9606.ENSP00000302297 9606.ENSP00000451575 0 0 0 0 0 0 400 400 
9606.ENSP00000302297 9606.ENSP00000233121 0 0 0 213 0 0 0 213 
9606.ENSP00000302297 9606.ENSP00000274547 0 0 0 336 0 0 0 336 
9606.ENSP00000302297 9606.ENSP00000428417 0 0 0 154 0 0 0 154 
9606.ENSP00000302297 9606.ENSP00000305613 0 0 0 378 0 0 199 480 
9606.ENSP00000302297 9606.ENSP00000344801 0 0 0 229 0 0 0 229 
9606.ENSP00000302297 9606.ENSP00000248150 0 0 0 299 0 0 0 299 
9606.ENSP00000302297 9606.ENSP00000345436 0 0 0 300 0 0 0 300 
9606.ENSP00000302297 9606.ENSP00000433109 0 0 0 343 0 0 81 371 
9606.ENSP00000302297 9606.ENSP00000389814 0 0 0 0 0 0 206 206 
9606.ENSP00000302297 9606.ENSP00000410732 0 0 0 373 0 0 56 383 
9606.ENSP00000302297 9606.ENSP00000349970 0 0 0 0 0 0 490 490 
9606.ENSP00000302297 9606.ENSP00000375647 0 0 0 298 0 0 0 298 
9606.ENSP00000302297 9606.ENSP00000001146 0 0 0 152 0 0 52 161 
9606.ENSP00000302297 9606.ENSP00000247271 0 0 0 185 0 0 0 185 
9606.ENSP00000302297 9606.ENSP00000390590 0 0 0 337 0 0 0 337 
9606.ENSP00000302297 9606.ENSP00000256509 0 0 0 214 0 0 0 214 
9606.ENSP00000302297 9606.ENSP00000410852 0 0 0 175 0 0 0 175 
9606.ENSP00000302297 9606.ENSP00000335083 0 0 0 286 0 0 0 286 
9606.ENSP00000302297 9606.ENSP00000401089 0 0 0 274 0 0 0 274 
9606.ENSP00000302297 9606.ENSP00000384719 0 0 0 231 0 0 0 231 
9606.ENSP00000302297 9606.ENSP00000297323 0 0 0 151 0 0 0 151 
9606.ENSP00000302297 9606.ENSP00000316861 0 0 0 212 0 0 56 225 
9606.ENSP00000302297 9606.ENSP00000288699 0 0 0 115 0 0 170 234 
9606.ENSP00000302297 9606.ENSP00000358703 0 0 0 214 0 0 0 214 
9606.ENSP00000302297 9606.ENSP00000331933 0 0 0 314 0 0 0 314 
9606.ENSP00000302297 9606.ENSP00000411593 0 0 0 62 0 0 286 302 
9606.ENSP00000302297 9606.ENSP00000265969 0 0 0 388 0 0 0 388 
9606.ENSP00000302297 9606.ENSP00000346342 0 0 0 214 0 0 0 214 
9606.ENSP00000302297 9606.ENSP00000329295 0 0 0 290 0 0 0 290 
9606.ENSP00000302297 9606.ENSP00000419124 0 0 0 332 0 0 0 332 
9606.ENSP00000302297 9606.ENSP00000361475 0 0 0 151 0 0 0 151 
9606.ENSP00000302297 9606.ENSP00000316329 0 0 0 151 0 0 0 151 
9606.ENSP00000302297 9606.ENSP00000381097 0 0 0 91 0 0 159 203 
9606.ENSP00000302297 9606.ENSP00000305334 0 0 0 293 0 0 0 293 
9606.ENSP00000302297 9606.ENSP00000402584 0 0 0 154 0 0 0 154 
9606.ENSP00000302297 9606.ENSP00000222812 0 0 0 136 0 900 102 915 
9606.ENSP00000302297 9606.ENSP00000261267 0 0 0 0 0 0 203 203 
9606.ENSP00000302297 9606.ENSP00000264318 0 0 0 183 0 0 57 196 
9606.ENSP00000302297 9606.ENSP00000377779 0 0 0 214 0 0 0 214 
9606.ENSP00000302297 9606.ENSP00000255380 0 0 0 78 0 0 172 204 
9606.ENSP00000302297 9606.ENSP00000371785 0 0 0 312 0 0 0 312 
9606.ENSP00000302297 9606.ENSP00000384040 0 0 0 183 0 0 0 183 
9606.ENSP00000302297 9606.ENSP00000240100 0 0 0 0 0 0 225 225 
9606.ENSP00000302297 9606.ENSP00000384690 0 0 0 369 0 0 0 369 
9606.ENSP00000302297 9606.ENSP00000284981 0 0 0 115 0 0 146 212 
9606.ENSP00000302297 9606.ENSP00000339182 0 0 0 118 0 0 166 234 
9606.ENSP00000302297 9606.ENSP00000357307 0 0 0 158 0 0 128 234 
9606.ENSP00000302297 9606.ENSP00000353732 0 0 0 156 0 0 0 156 
9606.ENSP00000302297 9606.ENSP00000331397 0 0 0 278 0 0 0 278 
9606.ENSP00000302297 9606.ENSP00000373215 0 0 0 162 0 0 0 162 
9606.ENSP00000302297 9606.ENSP00000480851 0 0 0 215 0 0 0 215 
9606.ENSP00000302297 9606.ENSP00000375849 0 0 0 152 0 0 0 152 
9606.ENSP00000302297 9606.ENSP00000248121 0 0 0 175 0 0 0 175 
9606.ENSP00000302297 9606.ENSP00000367848 0 0 0 496 0 0 206 582 
9606.ENSP00000302297 9606.ENSP00000331040 0 0 0 282 0 0 0 282 
9606.ENSP00000302297 9606.ENSP00000429562 0 0 0 185 0 0 163 288 
9606.ENSP00000302297 9606.ENSP00000382428 0 0 0 190 0 0 124 261 
9606.ENSP00000302297 9606.ENSP00000361860 0 0 0 453 0 0 0 453 
9606.ENSP00000302297 9606.ENSP00000311760 0 0 0 348 0 0 187 448 
9606.ENSP00000302297 9606.ENSP00000382120 0 0 0 213 0 0 0 213 
9606.ENSP00000302297 9606.ENSP00000413496 0 0 0 160 0 0 0 160 
9606.ENSP00000302297 9606.ENSP00000368007 0 0 0 151 0 0 0 151 
9606.ENSP00000302297 9606.ENSP00000306138 0 0 0 356 0 0 0 356 
9606.ENSP00000302297 9606.ENSP00000383392 0 0 0 181 0 0 0 181 
9606.ENSP00000302297 9606.ENSP00000300571 0 0 0 175 0 0 0 175 
9606.ENSP00000302297 9606.ENSP00000471502 0 0 0 338 0 0 0 338 
9606.ENSP00000302297 9606.ENSP00000338330 0 0 0 298 0 0 0 298 
9606.ENSP00000302297 9606.ENSP00000360687 0 0 0 345 0 0 0 345 
9606.ENSP00000302297 9606.ENSP00000434241 0 0 0 152 0 0 0 152 
9606.ENSP00000302297 9606.ENSP00000364794 0 0 0 0 0 0 315 315 
9606.ENSP00000302297 9606.ENSP00000304133 0 0 0 181 0 0 0 181 
9606.ENSP00000302297 9606.ENSP00000216241 0 0 0 214 0 0 0 214 
9606.ENSP00000302297 9606.ENSP00000262450 0 0 0 334 0 0 0 334 
9606.ENSP00000302297 9606.ENSP00000352904 0 0 0 0 0 0 165 165 
9606.ENSP00000302297 9606.ENSP00000295777 0 0 0 175 0 0 0 175 
9606.ENSP00000302297 9606.ENSP00000442982 0 0 0 155 0 0 0 155 
9606.ENSP00000302297 9606.ENSP00000272198 0 0 0 181 0 0 0 181 
9606.ENSP00000302297 9606.ENSP00000362560 0 0 0 250 0 0 0 250 
9606.ENSP00000302297 9606.ENSP00000302924 0 0 0 199 0 0 0 199 
9606.ENSP00000302297 9606.ENSP00000381333 0 0 0 340 0 0 0 340 
9606.ENSP00000302297 9606.ENSP00000437737 0 0 0 152 0 0 68 175 
9606.ENSP00000302297 9606.ENSP00000215095 0 0 0 219 0 900 0 918 
9606.ENSP00000302297 9606.ENSP00000376848 0 0 0 192 0 0 0 192 
9606.ENSP00000302297 9606.ENSP00000231721 0 0 0 116 0 0 399 447 
9606.ENSP00000302297 9606.ENSP00000478059 0 0 0 0 0 0 165 165 
9606.ENSP00000302297 9606.ENSP00000274093 0 0 0 80 0 0 132 167 
9606.ENSP00000302297 9606.ENSP00000399485 0 0 0 364 0 0 0 364 
9606.ENSP00000302297 9606.ENSP00000410603 0 0 0 230 0 0 0 230 
9606.ENSP00000302297 9606.ENSP00000395244 0 0 0 152 0 0 0 152 
9606.ENSP00000302297 9606.ENSP00000377370 0 0 0 140 0 0 127 217 
9606.ENSP00000302297 9606.ENSP00000398688 0 0 0 334 0 0 0 334 
9606.ENSP00000302297 9606.ENSP00000451712 0 0 0 213 0 0 0 213 
9606.ENSP00000302297 9606.ENSP00000255008 0 0 0 197 0 0 0 197 
9606.ENSP00000302297 9606.ENSP00000218075 0 0 0 106 0 0 89 151 
9606.ENSP00000302297 9606.ENSP00000263233 0 0 0 298 0 0 0 298 
9606.ENSP00000302297 9606.ENSP00000364995 0 0 0 213 0 0 0 213 
9606.ENSP00000302297 9606.ENSP00000379818 0 0 0 213 0 0 42 213 
9606.ENSP00000302297 9606.ENSP00000269503 0 0 0 192 0 0 0 192 
9606.ENSP00000302297 9606.ENSP00000278379 0 0 0 293 0 0 0 293 
9606.ENSP00000302297 9606.ENSP00000204604 0 0 0 175 0 0 0 175 
9606.ENSP00000302297 9606.ENSP00000263160 0 0 0 213 0 0 65 232 
9606.ENSP00000302297 9606.ENSP00000251645 0 0 0 299 0 0 0 299 
9606.ENSP00000302297 9606.ENSP00000302719 0 0 0 62 0 0 134 153 
9606.ENSP00000302297 9606.ENSP00000361866 0 0 0 214 0 0 0 214 
9606.ENSP00000302297 9606.ENSP00000164640 0 0 0 214 0 0 0 214 
9606.ENSP00000302297 9606.ENSP00000367032 0 0 0 151 0 0 0 151 
9606.ENSP00000302297 9606.ENSP00000219599 0 0 0 181 0 0 0 181 
9606.ENSP00000302297 9606.ENSP00000303960 0 0 0 332 0 0 0 332 
9606.ENSP00000302297 9606.ENSP00000355316 0 0 0 224 0 0 0 224 
9606.ENSP00000302297 9606.ENSP00000360214 0 0 0 534 0 0 0 534 
9606.ENSP00000302297 9606.ENSP00000400258 0 0 0 215 0 0 0 215 
9606.ENSP00000302297 9606.ENSP00000374309 0 0 0 0 0 0 223 223 
9606.ENSP00000302297 9606.ENSP00000379183 0 0 0 159 0 0 0 159 
9606.ENSP00000302297 9606.ENSP00000360472 0 0 0 123 0 0 79 158 
9606.ENSP00000302297 9606.ENSP00000330269 0 0 0 207 0 0 0 207 
9606.ENSP00000302297 9606.ENSP00000393511 0 0 0 223 0 0 0 223 
9606.ENSP00000302297 9606.ENSP00000216127 0 0 0 214 0 0 0 214 
9606.ENSP00000302297 9606.ENSP00000307549 0 0 0 213 0 0 0 213 
9606.ENSP00000302297 9606.ENSP00000320488 0 0 0 159 0 0 0 159 
9606.ENSP00000302297 9606.ENSP00000421853 0 0 0 175 0 0 0 175 
9606.ENSP00000302297 9606.ENSP00000362634 0 0 0 0 0 0 161 161 
9606.ENSP00000302297 9606.ENSP00000264638 0 0 0 146 0 0 108 205 
9606.ENSP00000302297 9606.ENSP00000480791 0 0 0 214 0 0 0 214 
9606.ENSP00000302297 9606.ENSP00000314560 0 0 0 199 0 0 0 199 
9606.ENSP00000302297 9606.ENSP00000440077 0 0 0 430 0 0 0 430 
9606.ENSP00000302297 9606.ENSP00000321951 0 0 0 444 0 0 0 444 
9606.ENSP00000302297 9606.ENSP00000264428 0 0 0 181 0 0 291 395 
9606.ENSP00000302297 9606.ENSP00000160382 0 0 0 332 0 0 0 332 
9606.ENSP00000302297 9606.ENSP00000383303 0 0 0 165 0 0 0 165 
9606.ENSP00000302297 9606.ENSP00000397181 0 0 0 197 0 0 42 197 
9606.ENSP00000302297 9606.ENSP00000381760 0 0 0 0 0 0 378 378 
9606.ENSP00000302297 9606.ENSP00000334501 0 0 0 213 0 0 0 213 
9606.ENSP00000302297 9606.ENSP00000330633 0 0 0 367 0 0 150 439 
9606.ENSP00000302297 9606.ENSP00000368964 0 0 0 153 0 0 0 153 
9606.ENSP00000302297 9606.ENSP00000350718 0 0 0 181 0 0 0 181 
9606.ENSP00000302297 9606.ENSP00000352162 0 0 0 298 0 0 0 298 
9606.ENSP00000302297 9606.ENSP00000386741 0 0 0 197 0 0 0 197 
9606.ENSP00000302297 9606.ENSP00000384103 0 0 0 214 0 0 0 214 
9606.ENSP00000302297 9606.ENSP00000385834 0 0 0 214 0 0 0 214 
9606.ENSP00000302297 9606.ENSP00000430128 0 0 0 175 0 0 0 175 
9606.ENSP00000302297 9606.ENSP00000326022 0 0 0 163 0 0 0 163 
9606.ENSP00000302297 9606.ENSP00000406577 0 0 0 155 0 0 0 155 
9606.ENSP00000302297 9606.ENSP00000295452 0 0 0 383 0 0 54 391 
9606.ENSP00000302297 9606.ENSP00000360425 0 0 0 214 0 0 0 214 
9606.ENSP00000302297 9606.ENSP00000325836 0 0 0 230 0 0 0 230 
9606.ENSP00000302297 9606.ENSP00000259455 0 0 0 175 0 0 0 175 
9606.ENSP00000302297 9606.ENSP00000311545 0 0 0 51 0 0 189 197 
9606.ENSP00000302297 9606.ENSP00000084798 0 0 0 213 0 0 0 213 
9606.ENSP00000302297 9606.ENSP00000355533 0 0 0 185 0 0 0 185 
9606.ENSP00000302297 9606.ENSP00000331474 0 0 0 215 0 0 0 215 
9606.ENSP00000302297 9606.ENSP00000357402 0 0 0 312 0 0 0 312 
9606.ENSP00000302297 9606.ENSP00000451648 0 0 0 161 0 0 0 161 
9606.ENSP00000302297 9606.ENSP00000306490 0 0 0 372 0 0 45 374 
9606.ENSP00000302297 9606.ENSP00000356545 0 0 0 159 0 0 75 190 
9606.ENSP00000302297 9606.ENSP00000362340 0 0 0 151 0 0 0 151 
9606.ENSP00000302297 9606.ENSP00000377616 0 0 0 298 0 0 0 298 
9606.ENSP00000302297 9606.ENSP00000263373 0 0 0 338 0 0 0 338 
9606.ENSP00000302297 9606.ENSP00000270310 0 0 0 227 0 0 153 317 
9606.ENSP00000302297 9606.ENSP00000482027 0 0 0 0 0 0 179 179 
9606.ENSP00000302297 9606.ENSP00000354886 0 0 0 0 0 0 197 197 
9606.ENSP00000302297 9606.ENSP00000265727 0 0 0 143 0 900 635 966 
9606.ENSP00000302297 9606.ENSP00000302485 0 0 0 151 0 0 0 151 
9606.ENSP00000302297 9606.ENSP00000320431 0 0 0 299 0 0 0 299 
9606.ENSP00000302297 9606.ENSP00000352414 0 0 0 181 0 0 129 256 
9606.ENSP00000302297 9606.ENSP00000216200 0 0 0 345 0 0 48 350 
9606.ENSP00000302297 9606.ENSP00000426296 0 0 0 213 0 0 0 213 
9606.ENSP00000302297 9606.ENSP00000435466 0 0 0 96 0 0 102 153 
9606.ENSP00000302297 9606.ENSP00000327975 0 0 0 0 0 0 319 319 
9606.ENSP00000302297 9606.ENSP00000346127 0 0 0 303 0 0 0 303 
9606.ENSP00000302297 9606.ENSP00000290583 0 0 0 336 0 0 0 336 
9606.ENSP00000302297 9606.ENSP00000365895 0 0 0 207 0 0 0 207 
9606.ENSP00000302297 9606.ENSP00000482826 0 0 0 151 0 0 0 151 
9606.ENSP00000302297 9606.ENSP00000262717 0 0 0 213 0 0 89 252 
9606.ENSP00000302297 9606.ENSP00000378368 0 0 0 0 0 0 225 225 
9606.ENSP00000302297 9606.ENSP00000248933 0 0 0 298 0 0 0 298 
9606.ENSP00000302297 9606.ENSP00000327545 0 0 0 183 0 0 0 183 
9606.ENSP00000302297 9606.ENSP00000272771 0 0 0 179 0 0 0 179 
9606.ENSP00000302297 9606.ENSP00000291481 0 0 0 268 0 0 130 336 
9606.ENSP00000302297 9606.ENSP00000333262 0 0 0 152 0 0 0 152 
9606.ENSP00000302297 9606.ENSP00000356705 0 0 0 213 0 0 0 213 
9606.ENSP00000302297 9606.ENSP00000320849 0 0 0 181 0 0 0 181 
9606.ENSP00000302297 9606.ENSP00000330148 0 0 0 183 0 0 0 183 
9606.ENSP00000302297 9606.ENSP00000260323 0 0 0 98 0 0 104 157 
9606.ENSP00000302297 9606.ENSP00000389252 0 0 0 0 0 0 385 385 
9606.ENSP00000302297 9606.ENSP00000356251 0 0 0 172 0 0 0 172 
9606.ENSP00000302297 9606.ENSP00000291823 0 0 0 175 0 0 0 175 
9606.ENSP00000302297 9606.ENSP00000353129 0 0 0 213 0 0 0 213 
9606.ENSP00000302297 9606.ENSP00000274625 0 0 0 0 0 0 157 157 
9606.ENSP00000302297 9606.ENSP00000304250 0 0 0 427 0 0 0 427 
9606.ENSP00000302297 9606.ENSP00000261205 0 0 0 213 0 0 60 228 
9606.ENSP00000302297 9606.ENSP00000378635 0 0 0 171 0 0 0 171 
9606.ENSP00000302297 9606.ENSP00000444948 0 0 0 311 0 0 0 311 
9606.ENSP00000302297 9606.ENSP00000368758 0 0 0 335 0 0 0 335 
9606.ENSP00000302297 9606.ENSP00000252939 0 0 0 400 0 0 0 400 
9606.ENSP00000302297 9606.ENSP00000301972 0 0 0 181 0 0 0 181 
9606.ENSP00000302297 9606.ENSP00000295082 0 0 0 299 0 0 0 299 
9606.ENSP00000302297 9606.ENSP00000480050 0 0 0 349 0 0 73 371 
9606.ENSP00000302297 9606.ENSP00000380453 0 0 0 230 0 0 0 230 
9606.ENSP00000302297 9606.ENSP00000334122 0 0 0 152 0 0 0 152 
9606.ENSP00000302297 9606.ENSP00000346827 0 0 0 0 0 0 284 284 
9606.ENSP00000302297 9606.ENSP00000304437 0 0 0 345 0 0 0 345 
9606.ENSP00000302297 9606.ENSP00000369976 0 0 0 0 0 0 499 499 
9606.ENSP00000302297 9606.ENSP00000480483 0 0 0 151 0 0 0 151 
9606.ENSP00000302297 9606.ENSP00000361214 0 0 0 171 0 0 0 171 
9606.ENSP00000302297 9606.ENSP00000266304 0 0 0 151 0 0 0 151 
9606.ENSP00000302297 9606.ENSP00000454783 0 0 0 193 0 0 0 193 
9606.ENSP00000302297 9606.ENSP00000442157 0 0 0 213 0 0 0 213 
9606.ENSP00000302297 9606.ENSP00000349336 0 0 0 457 0 0 0 457 
9606.ENSP00000302297 9606.ENSP00000351682 0 0 0 151 0 0 0 151 
9606.ENSP00000302297 9606.ENSP00000321987 0 0 0 0 0 0 318 318 
9606.ENSP00000302297 9606.ENSP00000293190 0 0 0 298 0 0 42 299 
9606.ENSP00000302297 9606.ENSP00000367075 0 0 0 152 0 0 0 152 
9606.ENSP00000302297 9606.ENSP00000275162 0 0 0 349 0 0 0 349 
9606.ENSP00000302297 9606.ENSP00000291700 0 0 0 230 0 0 0 230 
9606.ENSP00000302297 9606.ENSP00000355133 0 0 0 135 0 0 66 157 
9606.ENSP00000302297 9606.ENSP00000336729 0 0 0 114 0 0 125 192 
9606.ENSP00000302297 9606.ENSP00000382713 0 0 0 298 0 0 0 298 
9606.ENSP00000302297 9606.ENSP00000330631 0 0 0 139 0 0 60 156 
9606.ENSP00000302297 9606.ENSP00000394178 0 0 0 0 0 0 286 286 
9606.ENSP00000302297 9606.ENSP00000217182 0 0 0 229 0 0 0 229 
9606.ENSP00000302297 9606.ENSP00000330523 0 0 0 0 0 0 243 243 
9606.ENSP00000302297 9606.ENSP00000402000 0 0 0 316 0 0 49 321 
9606.ENSP00000302297 9606.ENSP00000447006 0 0 0 278 0 0 0 278 
9606.ENSP00000302297 9606.ENSP00000404438 0 0 0 398 0 0 0 398 
9606.ENSP00000302297 9606.ENSP00000271751 0 0 0 214 0 0 0 214 
9606.ENSP00000302297 9606.ENSP00000384234 0 0 0 151 0 0 0 151 
9606.ENSP00000302297 9606.ENSP00000462046 0 0 0 299 0 0 0 299 
9606.ENSP00000302297 9606.ENSP00000345229 0 0 0 230 0 0 0 230 
9606.ENSP00000302297 9606.ENSP00000318222 0 0 0 181 0 0 0 181 
9606.ENSP00000302297 9606.ENSP00000298355 0 0 0 214 0 0 0 214 
9606.ENSP00000302297 9606.ENSP00000466248 0 0 0 250 0 0 0 250 
9606.ENSP00000302297 9606.ENSP00000332737 0 0 0 304 0 0 248 454 
9606.ENSP00000302297 9606.ENSP00000251296 0 0 0 279 0 0 0 279 
9606.ENSP00000302297 9606.ENSP00000379880 0 0 0 177 0 0 0 177 
9606.ENSP00000302297 9606.ENSP00000359285 0 0 0 299 0 0 64 315 
9606.ENSP00000302297 9606.ENSP00000386143 0 0 0 414 0 0 0 414 
9606.ENSP00000302297 9606.ENSP00000367309 0 0 0 151 0 0 0 151 
9606.ENSP00000302297 9606.ENSP00000446278 0 0 0 341 0 0 0 341 
9606.ENSP00000302297 9606.ENSP00000278193 0 0 0 0 0 0 296 296 
9606.ENSP00000302297 9606.ENSP00000330572 0 0 0 276 0 0 0 276 
9606.ENSP00000302297 9606.ENSP00000357581 0 0 0 192 0 0 0 192 
9606.ENSP00000302297 9606.ENSP00000282499 0 0 0 152 0 0 49 159 
9606.ENSP00000302297 9606.ENSP00000310003 0 0 0 151 0 0 0 151 
9606.ENSP00000302297 9606.ENSP00000295718 0 0 0 273 0 0 0 273 
9606.ENSP00000302297 9606.ENSP00000335017 0 0 0 0 0 0 243 243 
9606.ENSP00000302297 9606.ENSP00000241014 0 0 0 213 0 0 0 213 
9606.ENSP00000302297 9606.ENSP00000328511 0 0 0 175 0 0 49 181 
9606.ENSP00000302297 9606.ENSP00000438346 0 0 0 153 0 0 0 153 
9606.ENSP00000302297 9606.ENSP00000378464 0 0 0 300 0 0 0 300 
9606.ENSP00000302297 9606.ENSP00000483469 0 0 0 156 0 0 0 156 
9606.ENSP00000302297 9606.ENSP00000294484 0 0 0 64 0 0 319 335 
9606.ENSP00000302297 9606.ENSP00000199706 0 0 0 0 0 0 165 165 
9606.ENSP00000302297 9606.ENSP00000216492 0 0 0 214 0 0 0 214 
9606.ENSP00000302297 9606.ENSP00000332287 0 0 0 179 0 0 0 179 
9606.ENSP00000302297 9606.ENSP00000374323 0 0 0 108 0 0 136 197 
9606.ENSP00000302297 9606.ENSP00000254976 0 0 0 420 0 0 221 529 
9606.ENSP00000302297 9606.ENSP00000246070 0 0 0 159 0 0 0 159 
9606.ENSP00000302297 9606.ENSP00000282928 0 0 0 193 0 0 0 193 
9606.ENSP00000302297 9606.ENSP00000307093 0 0 0 175 0 0 0 175 
9606.ENSP00000302297 9606.ENSP00000380661 0 0 0 0 0 0 407 407 
9606.ENSP00000302297 9606.ENSP00000350928 0 0 0 195 0 0 0 195 
9606.ENSP00000302297 9606.ENSP00000285208 0 0 0 289 0 0 137 360 
9606.ENSP00000302297 9606.ENSP00000316532 0 0 0 215 0 0 0 215 
9606.ENSP00000302297 9606.ENSP00000481203 0 0 0 150 0 0 0 150 
9606.ENSP00000302297 9606.ENSP00000373244 0 0 0 228 0 0 0 228 
9606.ENSP00000302297 9606.ENSP00000318032 0 0 0 175 0 0 227 335 
9606.ENSP00000302297 9606.ENSP00000469445 0 0 0 183 0 0 0 183 
9606.ENSP00000302297 9606.ENSP00000311528 0 0 0 177 0 0 0 177 
9606.ENSP00000302297 9606.ENSP00000316909 0 0 0 0 0 0 204 204 
9606.ENSP00000302297 9606.ENSP00000426548 0 0 0 213 0 0 0 213 
9606.ENSP00000302297 9606.ENSP00000362201 0 0 0 153 0 0 0 153 
9606.ENSP00000302297 9606.ENSP00000347730 0 0 0 214 0 0 0 214 
9606.ENSP00000302297 9606.ENSP00000417569 0 0 0 0 0 0 353 353 
9606.ENSP00000302297 9606.ENSP00000256261 0 0 0 312 0 0 54 321 
9606.ENSP00000302297 9606.ENSP00000371614 0 0 0 313 0 0 0 313 
9606.ENSP00000302297 9606.ENSP00000064571 0 0 0 356 0 0 0 356 
9606.ENSP00000302297 9606.ENSP00000295057 0 0 0 252 0 0 0 252 
9606.ENSP00000302297 9606.ENSP00000249700 0 0 0 159 0 0 0 159 
9606.ENSP00000302297 9606.ENSP00000361935 0 0 0 365 0 0 0 365 
9606.ENSP00000302297 9606.ENSP00000282878 0 0 0 196 0 0 0 196 
9606.ENSP00000302297 9606.ENSP00000267484 0 0 0 295 0 0 50 302 
9606.ENSP00000302297 9606.ENSP00000346577 0 0 0 151 0 0 0 151 
9606.ENSP00000302297 9606.ENSP00000264059 0 0 0 155 0 0 0 155 
9606.ENSP00000302297 9606.ENSP00000428994 0 0 0 173 0 0 49 180 
9606.ENSP00000302297 9606.ENSP00000427866 0 0 0 213 0 0 385 495 
9606.ENSP00000302297 9606.ENSP00000359866 0 0 0 0 0 0 173 173 
9606.ENSP00000302297 9606.ENSP00000262895 0 0 0 151 0 0 0 151 
9606.ENSP00000302297 9606.ENSP00000264051 0 0 0 224 0 0 0 224 
9606.ENSP00000302297 9606.ENSP00000263431 0 0 0 299 0 0 0 299 
9606.ENSP00000302297 9606.ENSP00000341189 0 0 0 0 0 0 202 202 
9606.ENSP00000302297 9606.ENSP00000331470 0 0 0 192 0 0 0 192 
9606.ENSP00000302297 9606.ENSP00000367743 0 0 0 230 0 0 0 230 
9606.ENSP00000302297 9606.ENSP00000336817 0 0 0 79 0 0 301 329 
9606.ENSP00000302297 9606.ENSP00000454919 0 0 0 335 0 0 0 335 
9606.ENSP00000302297 9606.ENSP00000376523 0 0 0 171 0 0 0 171 
9606.ENSP00000302297 9606.ENSP00000414856 0 0 0 346 0 0 0 346 
9606.ENSP00000302297 9606.ENSP00000363216 0 0 0 196 0 0 0 196 
9606.ENSP00000302297 9606.ENSP00000355001 0 0 0 182 0 0 50 190 
9606.ENSP00000302297 9606.ENSP00000278947 0 0 0 229 0 0 0 229 
9606.ENSP00000302297 9606.ENSP00000455099 0 0 0 334 0 0 0 334 
9606.ENSP00000302297 9606.ENSP00000355613 0 0 0 161 0 0 0 161 
9606.ENSP00000302297 9606.ENSP00000481917 0 0 0 169 0 0 0 169 
9606.ENSP00000302297 9606.ENSP00000362987 0 0 0 333 0 0 0 333 
9606.ENSP00000302297 9606.ENSP00000265922 0 0 0 214 0 0 0 214 
9606.ENSP00000302297 9606.ENSP00000368314 0 0 0 152 0 0 41 151 
9606.ENSP00000302297 9606.ENSP00000437554 0 0 0 332 0 0 0 332 
9606.ENSP00000302297 9606.ENSP00000297142 0 0 0 333 0 0 0 333 
9606.ENSP00000302297 9606.ENSP00000353508 0 0 0 214 0 0 58 227 
9606.ENSP00000302297 9606.ENSP00000286355 0 0 0 260 0 0 0 260 
9606.ENSP00000302297 9606.ENSP00000306449 0 0 0 214 0 0 76 243 
9606.ENSP00000302297 9606.ENSP00000373343 0 0 0 214 0 0 0 214 
9606.ENSP00000302297 9606.ENSP00000473383 0 0 0 175 0 0 0 175 
9606.ENSP00000302297 9606.ENSP00000296486 0 0 0 191 0 0 0 191 
9606.ENSP00000302297 9606.ENSP00000380437 0 0 0 260 0 0 0 260 
9606.ENSP00000302297 9606.ENSP00000267406 0 0 0 188 0 0 49 194 
9606.ENSP00000302297 9606.ENSP00000327465 0 0 0 171 0 0 0 171 
9606.ENSP00000302297 9606.ENSP00000246104 0 0 0 151 0 0 0 151 
9606.ENSP00000302297 9606.ENSP00000277903 0 0 0 0 0 0 439 439 
9606.ENSP00000302297 9606.ENSP00000444149 0 0 0 245 0 0 0 245 
9606.ENSP00000302297 9606.ENSP00000287907 0 0 0 525 0 0 0 525 
9606.ENSP00000302297 9606.ENSP00000309117 0 0 0 351 0 0 0 351 
9606.ENSP00000302297 9606.ENSP00000360138 0 0 0 0 0 0 230 230 
9606.ENSP00000302297 9606.ENSP00000449629 0 0 0 170 0 0 0 170 
9606.ENSP00000302297 9606.ENSP00000380876 0 0 0 215 0 0 0 215 
9606.ENSP00000302297 9606.ENSP00000226253 0 0 0 156 0 0 53 168 
9606.ENSP00000302297 9606.ENSP00000257981 0 0 0 297 0 0 0 297 
9606.ENSP00000302297 9606.ENSP00000367459 0 0 0 160 0 0 0 160 
9606.ENSP00000302297 9606.ENSP00000443495 0 0 0 173 0 0 0 173 
9606.ENSP00000302297 9606.ENSP00000481554 0 0 0 152 0 0 171 267 
9606.ENSP00000302297 9606.ENSP00000362457 0 0 0 337 0 0 0 337 
9606.ENSP00000302297 9606.ENSP00000312457 0 0 0 200 0 0 0 200 
9606.ENSP00000302297 9606.ENSP00000434412 0 0 0 0 0 0 233 233 
9606.ENSP00000302297 9606.ENSP00000345179 0 0 0 263 0 0 46 267 
9606.ENSP00000302297 9606.ENSP00000349467 0 0 0 163 0 0 0 163 
9606.ENSP00000302297 9606.ENSP00000287585 0 0 0 197 0 0 0 197 
9606.ENSP00000302297 9606.ENSP00000380958 0 0 0 229 0 0 0 229 
9606.ENSP00000302297 9606.ENSP00000468500 0 0 0 364 0 0 51 371 
9606.ENSP00000302297 9606.ENSP00000371798 0 0 0 0 0 0 184 184 
9606.ENSP00000302297 9606.ENSP00000364919 0 0 0 294 0 0 0 294 
9606.ENSP00000302297 9606.ENSP00000335196 0 0 0 140 0 0 74 169 
9606.ENSP00000302297 9606.ENSP00000357461 0 0 0 173 0 0 0 173 
9606.ENSP00000302297 9606.ENSP00000286067 0 0 0 0 0 0 234 234 
9606.ENSP00000302297 9606.ENSP00000306918 0 0 0 151 0 0 0 151 
9606.ENSP00000302297 9606.ENSP00000444201 0 0 0 193 0 0 0 193 
9606.ENSP00000302297 9606.ENSP00000337194 0 0 0 0 0 0 242 242 
9606.ENSP00000302297 9606.ENSP00000367747 0 0 0 173 0 0 0 173 
9606.ENSP00000302297 9606.ENSP00000420477 0 0 0 262 0 0 0 262 
9606.ENSP00000302297 9606.ENSP00000319250 0 0 0 303 0 0 0 303 
9606.ENSP00000302297 9606.ENSP00000308976 0 0 0 214 0 0 0 214 
9606.ENSP00000302297 9606.ENSP00000429344 0 0 0 181 0 0 0 181 
9606.ENSP00000302297 9606.ENSP00000261800 0 0 0 193 0 0 0 193 
9606.ENSP00000302297 9606.ENSP00000316152 0 0 0 300 0 0 0 300 
9606.ENSP00000302297 9606.ENSP00000318799 0 0 0 152 0 0 0 152 
9606.ENSP00000302297 9606.ENSP00000417335 0 0 0 96 0 0 164 212 
9606.ENSP00000302297 9606.ENSP00000289877 0 0 0 179 0 0 0 179 
9606.ENSP00000302297 9606.ENSP00000360076 0 0 0 171 0 0 0 171 
9606.ENSP00000302297 9606.ENSP00000298622 0 0 0 202 0 0 0 202 
9606.ENSP00000302297 9606.ENSP00000433847 0 0 0 151 0 0 0 151 
9606.ENSP00000302297 9606.ENSP00000225823 0 0 0 282 0 0 0 282 
9606.ENSP00000302297 9606.ENSP00000329654 0 0 0 151 0 0 0 151 
9606.ENSP00000302297 9606.ENSP00000345374 0 0 0 185 0 0 0 185 
9606.ENSP00000302297 9606.ENSP00000280187 0 0 0 230 0 0 56 242 
9606.ENSP00000302297 9606.ENSP00000325776 0 0 0 183 0 0 0 183 
9606.ENSP00000302297 9606.ENSP00000455711 0 0 0 451 0 0 0 451 
9606.ENSP00000302297 9606.ENSP00000362566 0 0 0 415 0 0 0 415 
9606.ENSP00000302297 9606.ENSP00000400459 0 0 0 364 0 0 0 364 
9606.ENSP00000302297 9606.ENSP00000320092 0 0 0 151 0 0 0 151 
9606.ENSP00000302297 9606.ENSP00000298925 0 0 0 171 0 0 285 383 
9606.ENSP00000302297 9606.ENSP00000381876 0 0 0 151 0 0 0 151 
9606.ENSP00000302297 9606.ENSP00000380174 0 0 0 0 0 0 206 206 
9606.ENSP00000302297 9606.ENSP00000358715 0 0 0 212 0 0 0 212 
9606.ENSP00000302297 9606.ENSP00000413163 0 0 0 181 0 0 0 181 
9606.ENSP00000302297 9606.ENSP00000319591 0 0 0 151 0 0 0 151 
9606.ENSP00000302297 9606.ENSP00000377037 0 0 0 299 0 0 0 299 
9606.ENSP00000302297 9606.ENSP00000334851 0 0 0 333 0 0 0 333 
9606.ENSP00000302297 9606.ENSP00000276127 0 0 0 0 0 0 199 199 
9606.ENSP00000302297 9606.ENSP00000410862 0 0 0 213 0 0 0 213 
9606.ENSP00000302297 9606.ENSP00000250111 0 0 0 221 0 0 90 261 
9606.ENSP00000302297 9606.ENSP00000405423 0 0 0 451 0 0 0 451 
9606.ENSP00000302297 9606.ENSP00000477059 0 0 0 151 0 0 0 151 
9606.ENSP00000302297 9606.ENSP00000311165 0 0 0 161 0 0 0 161 
9606.ENSP00000302297 9606.ENSP00000346265 0 0 0 106 0 0 218 271 
9606.ENSP00000302297 9606.ENSP00000463325 0 0 0 61 0 0 273 288 
9606.ENSP00000302297 9606.ENSP00000255448 0 0 0 151 0 0 0 151 
9606.ENSP00000302297 9606.ENSP00000379098 0 0 0 278 0 0 0 278 
9606.ENSP00000302297 9606.ENSP00000375909 0 0 0 355 0 0 0 355 
9606.ENSP00000302297 9606.ENSP00000442954 0 0 0 207 0 0 0 207 
9606.ENSP00000302297 9606.ENSP00000316377 0 0 0 199 0 0 0 199 
9606.ENSP00000302297 9606.ENSP00000272520 0 0 0 299 0 0 49 304 
9606.ENSP00000302297 9606.ENSP00000354490 0 0 0 229 0 0 190 349 
9606.ENSP00000302297 9606.ENSP00000357067 0 0 0 520 0 0 0 520 
9606.ENSP00000302297 9606.ENSP00000312293 0 0 0 260 0 0 222 400 
9606.ENSP00000302297 9606.ENSP00000438388 0 0 0 289 0 0 0 289 
9606.ENSP00000302297 9606.ENSP00000405963 0 0 0 312 0 0 0 312 
9606.ENSP00000302297 9606.ENSP00000337168 0 0 0 154 0 0 252 340 
9606.ENSP00000302297 9606.ENSP00000418994 0 0 0 369 0 0 0 369 
9606.ENSP00000302297 9606.ENSP00000303686 0 0 0 484 0 0 203 571 
9606.ENSP00000302297 9606.ENSP00000360608 0 0 0 493 0 0 50 498 
9606.ENSP00000302297 9606.ENSP00000310880 0 0 0 170 0 0 0 170 
9606.ENSP00000302297 9606.ENSP00000269051 0 0 0 154 0 0 0 154 
9606.ENSP00000302297 9606.ENSP00000261655 0 0 0 187 0 0 0 187 
9606.ENSP00000302297 9606.ENSP00000464145 0 0 0 140 0 0 62 158 
9606.ENSP00000302297 9606.ENSP00000340914 0 0 0 274 0 0 0 274 
9606.ENSP00000302297 9606.ENSP00000365529 0 0 0 348 0 0 0 348 
9606.ENSP00000302297 9606.ENSP00000365437 0 0 0 332 0 0 0 332 
9606.ENSP00000302297 9606.ENSP00000387091 0 0 0 170 0 0 0 170 
9606.ENSP00000302297 9606.ENSP00000366288 0 0 0 229 0 0 0 229 
9606.ENSP00000302297 9606.ENSP00000307766 0 0 0 279 0 0 0 279 
9606.ENSP00000302297 9606.ENSP00000428518 0 0 0 141 0 0 56 154 
9606.ENSP00000302297 9606.ENSP00000380794 0 0 0 0 0 0 392 392 
9606.ENSP00000302297 9606.ENSP00000420040 0 0 0 156 0 0 0 156 
9606.ENSP00000302297 9606.ENSP00000217420 0 0 0 376 0 0 0 376 
9606.ENSP00000302297 9606.ENSP00000298352 0 0 0 390 0 0 0 390 
9606.ENSP00000302297 9606.ENSP00000367965 0 0 0 300 0 0 0 300 
9606.ENSP00000302297 9606.ENSP00000221166 0 0 0 232 0 0 0 232 
9606.ENSP00000302297 9606.ENSP00000380307 0 0 0 282 0 0 0 282 
9606.ENSP00000302297 9606.ENSP00000315295 0 0 0 151 0 0 0 151 
9606.ENSP00000302297 9606.ENSP00000321797 0 0 0 0 0 0 179 179 
9606.ENSP00000302297 9606.ENSP00000385452 0 0 0 90 0 0 186 227 
9606.ENSP00000302297 9606.ENSP00000361765 0 0 0 213 0 0 0 213 
9606.ENSP00000302297 9606.ENSP00000384193 0 0 0 286 0 0 0 286 
9606.ENSP00000302297 9606.ENSP00000265459 0 0 0 300 0 0 43 301 
9606.ENSP00000302297 9606.ENSP00000379762 0 0 0 151 0 0 0 151 
9606.ENSP00000302297 9606.ENSP00000376048 0 0 0 533 0 0 0 533 
9606.ENSP00000302297 9606.ENSP00000408979 0 0 0 318 0 0 0 318 
9606.ENSP00000302297 9606.ENSP00000307694 0 0 0 213 0 0 0 213 
9606.ENSP00000302297 9606.ENSP00000381032 0 0 0 158 0 0 238 330 
9606.ENSP00000302297 9606.ENSP00000368477 0 0 0 151 0 0 0 151 
9606.ENSP00000302297 9606.ENSP00000354896 0 0 0 252 0 0 0 252 
9606.ENSP00000302297 9606.ENSP00000269346 0 0 0 160 0 0 0 160 
9606.ENSP00000302297 9606.ENSP00000362014 0 0 0 201 0 0 0 201 
9606.ENSP00000302297 9606.ENSP00000005284 0 0 0 358 0 0 0 358 
9606.ENSP00000302297 9606.ENSP00000300283 0 0 0 171 0 0 0 171 
9606.ENSP00000302297 9606.ENSP00000420091 0 0 0 170 0 0 0 170 
9606.ENSP00000302297 9606.ENSP00000385277 0 0 0 175 0 0 47 180 
9606.ENSP00000302297 9606.ENSP00000367001 0 0 0 195 0 0 0 195 
9606.ENSP00000302297 9606.ENSP00000444688 0 0 0 299 0 0 57 310 
9606.ENSP00000302297 9606.ENSP00000359629 0 0 0 338 0 0 0 338 
9606.ENSP00000302297 9606.ENSP00000255224 0 0 0 341 0 0 386 579 
9606.ENSP00000302297 9606.ENSP00000479811 0 0 0 370 0 0 0 370 
9606.ENSP00000302297 9606.ENSP00000380996 0 0 0 207 0 0 0 207 
9606.ENSP00000302297 9606.ENSP00000367756 0 0 0 0 0 0 304 304 
9606.ENSP00000302297 9606.ENSP00000309270 0 0 0 300 0 0 0 300 
9606.ENSP00000302297 9606.ENSP00000349594 0 0 0 213 0 0 0 213 
9606.ENSP00000302297 9606.ENSP00000362399 0 0 0 214 0 0 58 227 
9606.ENSP00000302297 9606.ENSP00000426528 0 0 0 214 0 0 0 214 
9606.ENSP00000302297 9606.ENSP00000374135 0 0 0 162 0 0 0 162 
9606.ENSP00000302297 9606.ENSP00000410309 0 0 0 195 0 0 0 195 
9606.ENSP00000302297 9606.ENSP00000299198 0 0 0 173 0 0 0 173 
9606.ENSP00000302297 9606.ENSP00000314214 0 0 0 127 0 0 113 193 
9606.ENSP00000302297 9606.ENSP00000460236 0 0 0 95 0 0 274 315 
9606.ENSP00000302297 9606.ENSP00000344786 0 0 0 183 0 0 185 306 
9606.ENSP00000302297 9606.ENSP00000377823 0 0 0 298 0 0 0 298 
9606.ENSP00000302297 9606.ENSP00000357889 0 0 0 0 0 0 348 348 
9606.ENSP00000302297 9606.ENSP00000479586 0 0 0 335 0 0 0 335 
9606.ENSP00000302297 9606.ENSP00000219368 0 0 0 229 0 0 0 229 
9606.ENSP00000302297 9606.ENSP00000265085 0 0 0 0 0 0 347 347 
9606.ENSP00000302297 9606.ENSP00000393066 0 0 0 214 0 0 0 214 
9606.ENSP00000302297 9606.ENSP00000374036 0 0 0 229 0 0 0 229 
9606.ENSP00000302297 9606.ENSP00000293894 0 0 0 214 0 0 0 214 
9606.ENSP00000302297 9606.ENSP00000362444 0 0 0 212 0 0 0 212 
9606.ENSP00000302297 9606.ENSP00000256103 0 0 0 341 0 0 0 341 
9606.ENSP00000302297 9606.ENSP00000365569 0 0 0 0 0 0 422 422 
9606.ENSP00000302297 9606.ENSP00000380530 0 0 0 140 0 0 54 151 
9606.ENSP00000302297 9606.ENSP00000366095 0 0 0 301 0 0 80 330 
9606.ENSP00000302297 9606.ENSP00000274545 0 0 0 361 0 0 57 371 
9606.ENSP00000302297 9606.ENSP00000355675 0 0 0 192 0 0 0 192 
9606.ENSP00000302297 9606.ENSP00000251287 0 0 0 350 0 0 0 350 
9606.ENSP00000302297 9606.ENSP00000485582 0 0 0 213 0 0 0 213 
9606.ENSP00000302297 9606.ENSP00000329033 0 0 0 206 0 0 0 206 
9606.ENSP00000302297 9606.ENSP00000352544 0 0 0 400 0 0 0 400 
9606.ENSP00000302297 9606.ENSP00000360822 0 0 0 289 0 0 0 289 
9606.ENSP00000302297 9606.ENSP00000362183 0 0 0 181 0 0 0 181 
9606.ENSP00000302297 9606.ENSP00000228476 0 0 0 293 0 0 58 305 
9606.ENSP00000302297 9606.ENSP00000286574 0 0 0 181 0 0 0 181 
9606.ENSP00000302297 9606.ENSP00000412326 0 0 0 303 0 0 0 303 
9606.ENSP00000302297 9606.ENSP00000218230 0 0 0 200 0 0 0 200 
9606.ENSP00000302297 9606.ENSP00000366347 0 0 0 179 0 0 0 179 
9606.ENSP00000302297 9606.ENSP00000295454 0 0 0 152 0 0 0 152 
9606.ENSP00000302297 9606.ENSP00000265113 0 0 0 153 0 0 0 153 
9606.ENSP00000302297 9606.ENSP00000265381 0 0 0 151 0 0 0 151 
9606.ENSP00000302297 9606.ENSP00000393128 0 0 0 196 0 0 0 196 
9606.ENSP00000302297 9606.ENSP00000311436 0 0 0 0 0 0 207 207 
9606.ENSP00000302297 9606.ENSP00000429243 0 0 0 287 0 0 0 287 
9606.ENSP00000302297 9606.ENSP00000300179 0 0 0 337 0 0 0 337 
9606.ENSP00000302297 9606.ENSP00000419195 0 0 0 198 0 0 0 198 
9606.ENSP00000302297 9606.ENSP00000306497 0 0 0 362 0 0 0 362 
9606.ENSP00000302297 9606.ENSP00000328336 0 0 0 350 0 0 0 350 
9606.ENSP00000302297 9606.ENSP00000309501 0 0 0 207 0 0 0 207 
9606.ENSP00000302297 9606.ENSP00000371297 0 0 0 197 0 0 0 197 
9606.ENSP00000302297 9606.ENSP00000221891 0 0 0 314 0 0 0 314 
9606.ENSP00000302297 9606.ENSP00000383396 0 0 0 0 0 0 201 201 
9606.ENSP00000302297 9606.ENSP00000362621 0 0 0 358 0 0 0 358 
9606.ENSP00000302297 9606.ENSP00000263610 0 0 0 213 0 0 0 213 
9606.ENSP00000302297 9606.ENSP00000282249 0 0 0 158 0 0 0 158 
9606.ENSP00000302297 9606.ENSP00000391227 0 0 0 156 0 0 0 156 
9606.ENSP00000302297 9606.ENSP00000405950 0 0 0 213 0 0 0 213 
9606.ENSP00000302297 9606.ENSP00000359864 0 0 0 0 0 0 155 155 
9606.ENSP00000302297 9606.ENSP00000221485 0 0 0 350 0 0 134 413 
9606.ENSP00000302297 9606.ENSP00000294117 0 0 0 245 0 0 0 245 
9606.ENSP00000302297 9606.ENSP00000370057 0 0 0 317 0 0 0 317 
9606.ENSP00000302297 9606.ENSP00000242208 0 0 0 0 0 0 262 262 
9606.ENSP00000302297 9606.ENSP00000383933 0 0 0 199 0 0 0 199 
9606.ENSP00000302297 9606.ENSP00000367102 0 0 0 191 0 0 0 191 
9606.ENSP00000302297 9606.ENSP00000471252 0 0 0 151 0 0 0 151 
9606.ENSP00000302297 9606.ENSP00000437790 0 0 0 383 0 0 247 516 
9606.ENSP00000302297 9606.ENSP00000402790 0 0 0 499 0 0 0 499 
9606.ENSP00000302297 9606.ENSP00000335560 0 0 0 211 0 0 0 211 
9606.ENSP00000302297 9606.ENSP00000265769 0 0 0 0 0 0 604 604 
9606.ENSP00000302297 9606.ENSP00000393161 0 0 0 343 0 0 0 343 
9606.ENSP00000302297 9606.ENSP00000219406 0 0 0 337 0 0 0 337 
9606.ENSP00000302297 9606.ENSP00000345192 0 0 0 300 0 0 0 300 
9606.ENSP00000302297 9606.ENSP00000262231 0 0 0 77 0 0 198 228 
9606.ENSP00000302297 9606.ENSP00000385477 0 0 0 171 0 0 0 171 
9606.ENSP00000302297 9606.ENSP00000323714 0 0 0 213 0 0 0 213 
9606.ENSP00000302297 9606.ENSP00000287713 0 0 0 171 0 0 0 171 
9606.ENSP00000302297 9606.ENSP00000366586 0 0 0 359 0 0 0 359 
9606.ENSP00000302297 9606.ENSP00000237014 0 0 0 165 0 0 0 165 
9606.ENSP00000302297 9606.ENSP00000371497 0 0 0 0 0 0 180 180 
9606.ENSP00000302297 9606.ENSP00000385019 0 0 0 175 0 0 0 175 
9606.ENSP00000302297 9606.ENSP00000258302 0 0 0 286 0 0 0 286 
9606.ENSP00000302297 9606.ENSP00000434033 0 0 0 214 0 0 0 214 
9606.ENSP00000302297 9606.ENSP00000360108 0 0 0 197 0 0 0 197 
9606.ENSP00000302297 9606.ENSP00000367590 0 0 0 154 0 0 0 154 
