9606.ENSP00000334134 9606.ENSP00000428343 0 0 0 0 0 0 161 161 
9606.ENSP00000334134 9606.ENSP00000226193 0 0 0 0 0 0 498 498 
9606.ENSP00000334134 9606.ENSP00000334876 0 0 0 60 0 0 675 681 
9606.ENSP00000334134 9606.ENSP00000480279 0 0 0 0 0 0 355 355 
9606.ENSP00000334134 9606.ENSP00000280190 0 0 0 0 0 0 388 388 
9606.ENSP00000334134 9606.ENSP00000262873 0 0 0 0 0 0 186 186 
9606.ENSP00000334134 9606.ENSP00000251102 0 0 0 0 0 0 454 454 
9606.ENSP00000334134 9606.ENSP00000261170 0 0 0 0 0 0 457 457 
9606.ENSP00000334134 9606.ENSP00000481824 0 0 0 0 0 0 161 161 
9606.ENSP00000334134 9606.ENSP00000393667 0 0 0 0 0 0 600 600 
9606.ENSP00000334134 9606.ENSP00000264071 0 0 0 0 0 0 469 469 
9606.ENSP00000334134 9606.ENSP00000379568 0 0 0 0 0 0 218 218 
9606.ENSP00000334134 9606.ENSP00000311825 0 0 0 0 0 0 370 370 
9606.ENSP00000334134 9606.ENSP00000328118 0 0 0 0 0 0 201 201 
9606.ENSP00000334134 9606.ENSP00000371253 0 0 0 0 0 0 224 224 
9606.ENSP00000334134 9606.ENSP00000469759 0 0 0 0 0 0 404 404 
9606.ENSP00000334134 9606.ENSP00000233596 0 0 0 0 0 0 332 332 
9606.ENSP00000334134 9606.ENSP00000356194 0 0 0 0 0 0 188 188 
9606.ENSP00000334134 9606.ENSP00000451030 0 0 0 0 0 0 776 776 
9606.ENSP00000334134 9606.ENSP00000357674 0 0 0 0 0 0 220 220 
9606.ENSP00000334134 9606.ENSP00000298832 0 0 0 0 0 0 212 212 
9606.ENSP00000334134 9606.ENSP00000323580 0 0 0 0 0 0 214 214 
9606.ENSP00000334134 9606.ENSP00000378483 0 0 0 0 0 0 360 360 
9606.ENSP00000334134 9606.ENSP00000358217 0 0 0 0 0 0 213 213 
9606.ENSP00000334134 9606.ENSP00000370200 0 0 0 0 0 0 196 196 
9606.ENSP00000334134 9606.ENSP00000426809 0 0 0 0 0 0 276 276 
9606.ENSP00000334134 9606.ENSP00000366275 0 0 0 0 0 0 198 198 
9606.ENSP00000334134 9606.ENSP00000381293 0 0 0 0 0 0 210 210 
9606.ENSP00000334134 9606.ENSP00000264254 0 0 0 0 0 0 207 207 
9606.ENSP00000334134 9606.ENSP00000360423 0 0 0 0 0 0 626 626 
9606.ENSP00000334134 9606.ENSP00000386229 0 0 0 0 0 0 268 268 
9606.ENSP00000334134 9606.ENSP00000354623 0 0 0 0 0 0 265 265 
9606.ENSP00000334134 9606.ENSP00000311538 0 0 0 0 0 0 312 312 
9606.ENSP00000334134 9606.ENSP00000300935 0 0 0 0 0 0 234 234 
9606.ENSP00000334134 9606.ENSP00000262483 0 0 0 0 0 0 186 186 
9606.ENSP00000334134 9606.ENSP00000322628 0 0 0 0 0 0 246 246 
9606.ENSP00000334134 9606.ENSP00000296271 0 0 0 61 0 0 691 698 
9606.ENSP00000334134 9606.ENSP00000310585 0 0 0 0 0 0 192 192 
9606.ENSP00000334134 9606.ENSP00000377353 0 0 0 0 0 0 248 248 
9606.ENSP00000334134 9606.ENSP00000426022 0 0 0 0 0 0 192 192 
9606.ENSP00000334134 9606.ENSP00000403396 0 0 0 0 0 0 272 272 
9606.ENSP00000334134 9606.ENSP00000376278 0 0 0 0 0 0 223 223 
9606.ENSP00000334134 9606.ENSP00000264952 0 0 0 0 0 0 587 587 
9606.ENSP00000334134 9606.ENSP00000014914 0 0 0 0 0 0 265 265 
9606.ENSP00000334134 9606.ENSP00000324960 0 0 0 60 0 0 518 527 
9606.ENSP00000334134 9606.ENSP00000235382 0 0 0 0 0 0 309 309 
9606.ENSP00000334134 9606.ENSP00000358967 0 0 0 0 0 0 229 229 
9606.ENSP00000334134 9606.ENSP00000428316 0 0 0 0 0 0 478 478 
9606.ENSP00000334134 9606.ENSP00000470298 0 0 0 0 0 0 231 231 
9606.ENSP00000334134 9606.ENSP00000394624 0 0 0 0 0 0 242 242 
9606.ENSP00000334134 9606.ENSP00000384582 0 0 0 0 0 0 360 360 
9606.ENSP00000334134 9606.ENSP00000371514 0 0 0 0 0 0 528 528 
9606.ENSP00000334134 9606.ENSP00000255266 0 0 0 0 0 900 427 940 
9606.ENSP00000334134 9606.ENSP00000288266 0 0 0 0 0 0 211 211 
9606.ENSP00000334134 9606.ENSP00000248572 0 0 0 0 0 900 414 938 
9606.ENSP00000334134 9606.ENSP00000262494 0 0 0 0 0 0 340 340 
9606.ENSP00000334134 9606.ENSP00000355510 0 0 0 0 0 0 164 164 
9606.ENSP00000334134 9606.ENSP00000356529 0 0 0 0 0 0 216 216 
9606.ENSP00000334134 9606.ENSP00000355969 0 0 0 0 0 0 168 168 
9606.ENSP00000334134 9606.ENSP00000328412 0 0 0 0 0 900 269 923 
9606.ENSP00000334134 9606.ENSP00000390232 0 0 0 0 0 0 436 436 
9606.ENSP00000334134 9606.ENSP00000386029 0 0 0 0 0 0 330 330 
9606.ENSP00000334134 9606.ENSP00000361363 0 0 0 0 0 0 305 305 
9606.ENSP00000334134 9606.ENSP00000306010 0 0 0 0 0 0 282 282 
9606.ENSP00000334134 9606.ENSP00000286688 0 0 0 0 0 0 237 237 
9606.ENSP00000334134 9606.ENSP00000378464 0 0 0 0 0 0 246 246 
9606.ENSP00000334134 9606.ENSP00000483469 0 0 0 0 0 0 563 563 
9606.ENSP00000334134 9606.ENSP00000386444 0 0 0 0 0 0 479 479 
9606.ENSP00000334134 9606.ENSP00000399229 0 0 0 0 0 0 152 152 
9606.ENSP00000334134 9606.ENSP00000450456 0 0 0 0 0 0 270 270 
9606.ENSP00000334134 9606.ENSP00000478767 0 0 0 0 0 0 188 188 
9606.ENSP00000334134 9606.ENSP00000334665 0 0 0 62 0 0 156 174 
9606.ENSP00000334134 9606.ENSP00000263125 0 0 0 0 0 900 0 900 
9606.ENSP00000334134 9606.ENSP00000387123 0 0 0 0 0 0 218 218 
9606.ENSP00000334134 9606.ENSP00000306129 0 0 0 0 0 0 242 242 
9606.ENSP00000334134 9606.ENSP00000367766 0 0 0 0 0 0 266 266 
9606.ENSP00000334134 9606.ENSP00000336764 0 0 0 0 0 0 222 222 
9606.ENSP00000334134 9606.ENSP00000290846 0 0 0 0 0 0 443 443 
9606.ENSP00000334134 9606.ENSP00000255613 0 0 0 0 0 0 272 272 
9606.ENSP00000334134 9606.ENSP00000230381 0 0 0 62 0 0 510 521 
9606.ENSP00000334134 9606.ENSP00000231188 0 0 0 0 0 0 539 539 
9606.ENSP00000334134 9606.ENSP00000359245 0 0 0 0 0 0 446 446 
9606.ENSP00000334134 9606.ENSP00000326253 0 0 0 0 0 0 173 173 
9606.ENSP00000334134 9606.ENSP00000333685 0 0 0 0 0 0 215 215 
9606.ENSP00000334134 9606.ENSP00000360502 0 0 0 0 0 900 423 939 
9606.ENSP00000334134 9606.ENSP00000358831 0 0 0 0 0 0 350 350 
9606.ENSP00000334134 9606.ENSP00000332809 0 0 0 0 0 0 212 212 
9606.ENSP00000334134 9606.ENSP00000442837 0 0 0 0 0 0 243 243 
9606.ENSP00000334134 9606.ENSP00000259467 0 0 0 0 0 0 231 231 
9606.ENSP00000334134 9606.ENSP00000355523 0 0 0 0 0 0 830 830 
9606.ENSP00000334134 9606.ENSP00000469970 0 0 0 0 0 0 186 186 
9606.ENSP00000334134 9606.ENSP00000481878 0 0 0 0 0 900 307 927 
9606.ENSP00000334134 9606.ENSP00000408695 0 0 0 0 0 900 138 910 
9606.ENSP00000334134 9606.ENSP00000466058 0 0 0 0 0 0 284 284 
9606.ENSP00000334134 9606.ENSP00000399745 0 0 0 0 0 0 546 546 
9606.ENSP00000334134 9606.ENSP00000373169 0 0 0 0 0 0 221 221 
9606.ENSP00000334134 9606.ENSP00000377140 0 0 0 0 0 0 546 546 
9606.ENSP00000334134 9606.ENSP00000328551 0 0 0 0 0 0 242 242 
9606.ENSP00000334134 9606.ENSP00000272324 0 0 0 0 0 0 160 160 
9606.ENSP00000334134 9606.ENSP00000247461 0 0 0 0 0 0 157 157 
9606.ENSP00000334134 9606.ENSP00000323302 0 0 0 0 0 0 242 242 
9606.ENSP00000334134 9606.ENSP00000337224 0 0 0 0 0 0 186 186 
9606.ENSP00000334134 9606.ENSP00000262982 0 0 0 0 0 0 352 352 
9606.ENSP00000334134 9606.ENSP00000343819 0 0 0 0 0 0 275 275 
9606.ENSP00000334134 9606.ENSP00000319052 0 0 0 0 0 0 186 186 
9606.ENSP00000334134 9606.ENSP00000375855 0 0 0 0 0 0 563 563 
9606.ENSP00000334134 9606.ENSP00000311657 0 0 0 0 0 0 323 323 
9606.ENSP00000334134 9606.ENSP00000338562 0 0 0 55 0 0 553 559 
9606.ENSP00000334134 9606.ENSP00000319053 0 0 0 0 0 0 347 347 
9606.ENSP00000334134 9606.ENSP00000181383 0 0 0 0 0 0 163 163 
9606.ENSP00000334134 9606.ENSP00000381340 0 0 0 0 0 0 628 628 
9606.ENSP00000334134 9606.ENSP00000380876 0 0 0 61 0 0 913 916 
9606.ENSP00000334134 9606.ENSP00000379176 0 0 0 0 0 0 195 195 
9606.ENSP00000334134 9606.ENSP00000340176 0 0 0 0 0 0 209 209 
9606.ENSP00000334134 9606.ENSP00000316605 0 0 0 0 0 0 524 524 
9606.ENSP00000334134 9606.ENSP00000229264 0 0 0 0 0 0 446 446 
9606.ENSP00000334134 9606.ENSP00000482306 0 0 0 0 0 0 171 171 
9606.ENSP00000334134 9606.ENSP00000300079 0 0 0 0 0 0 800 800 
9606.ENSP00000334134 9606.ENSP00000324122 0 0 0 0 0 0 374 374 
9606.ENSP00000334134 9606.ENSP00000261892 0 0 0 0 0 0 462 462 
9606.ENSP00000334134 9606.ENSP00000367398 0 0 0 0 0 0 225 225 
9606.ENSP00000334134 9606.ENSP00000354109 0 0 0 0 0 0 163 163 
9606.ENSP00000334134 9606.ENSP00000358099 0 0 0 0 0 0 415 415 
9606.ENSP00000334134 9606.ENSP00000483408 0 0 0 0 0 0 223 223 
9606.ENSP00000334134 9606.ENSP00000444628 0 0 0 0 0 0 300 300 
9606.ENSP00000334134 9606.ENSP00000261837 0 0 0 63 0 900 801 979 
9606.ENSP00000334134 9606.ENSP00000372169 0 0 0 55 0 0 377 386 
9606.ENSP00000334134 9606.ENSP00000365441 0 0 0 52 0 0 348 355 
9606.ENSP00000334134 9606.ENSP00000221996 0 0 0 0 0 0 325 325 
9606.ENSP00000334134 9606.ENSP00000382895 0 0 0 0 0 0 410 410 
9606.ENSP00000334134 9606.ENSP00000176183 0 0 0 0 0 0 218 218 
9606.ENSP00000334134 9606.ENSP00000403701 0 0 0 0 0 0 254 254 
9606.ENSP00000334134 9606.ENSP00000310593 0 0 0 0 0 0 198 198 
9606.ENSP00000334134 9606.ENSP00000454062 0 0 0 0 0 0 386 386 
9606.ENSP00000334134 9606.ENSP00000334851 0 0 0 0 0 0 859 859 
9606.ENSP00000334134 9606.ENSP00000416707 0 0 0 0 0 0 234 234 
9606.ENSP00000334134 9606.ENSP00000412886 0 0 0 0 0 0 179 179 
9606.ENSP00000334134 9606.ENSP00000356430 0 0 0 0 0 0 206 206 
9606.ENSP00000334134 9606.ENSP00000334364 0 0 0 0 0 0 189 189 
9606.ENSP00000334134 9606.ENSP00000232461 0 0 0 0 0 900 143 910 
9606.ENSP00000334134 9606.ENSP00000289753 0 0 0 0 0 0 250 250 
9606.ENSP00000334134 9606.ENSP00000245157 0 0 0 0 0 0 226 226 
9606.ENSP00000334134 9606.ENSP00000437849 0 0 0 0 0 0 556 556 
9606.ENSP00000334134 9606.ENSP00000356429 0 0 0 0 0 0 454 454 
9606.ENSP00000334134 9606.ENSP00000394863 0 0 0 0 0 0 165 165 
9606.ENSP00000334134 9606.ENSP00000262177 0 0 0 0 0 0 202 202 
9606.ENSP00000334134 9606.ENSP00000234961 0 0 0 0 0 0 224 224 
9606.ENSP00000334134 9606.ENSP00000428417 0 0 0 0 0 0 185 185 
9606.ENSP00000334134 9606.ENSP00000265572 0 0 0 0 0 0 213 213 
9606.ENSP00000334134 9606.ENSP00000449079 0 0 0 0 0 0 287 287 
9606.ENSP00000334134 9606.ENSP00000344801 0 0 0 0 0 0 202 202 
9606.ENSP00000334134 9606.ENSP00000248150 0 0 0 0 0 0 207 207 
9606.ENSP00000334134 9606.ENSP00000337040 0 0 0 61 0 0 636 644 
9606.ENSP00000334134 9606.ENSP00000278833 0 0 0 0 0 0 568 568 
9606.ENSP00000334134 9606.ENSP00000365529 0 0 0 0 0 0 198 198 
9606.ENSP00000334134 9606.ENSP00000300069 0 0 0 0 0 0 161 161 
9606.ENSP00000334134 9606.ENSP00000346964 0 0 0 0 0 0 185 185 
9606.ENSP00000334134 9606.ENSP00000419325 0 0 0 0 0 0 474 474 
9606.ENSP00000334134 9606.ENSP00000337722 0 0 0 0 0 0 281 281 
9606.ENSP00000334134 9606.ENSP00000371923 0 0 0 0 0 0 217 217 
9606.ENSP00000334134 9606.ENSP00000218006 0 0 0 0 0 0 414 414 
9606.ENSP00000334134 9606.ENSP00000347847 0 0 0 0 0 0 156 156 
9606.ENSP00000334134 9606.ENSP00000369320 0 0 0 0 0 0 196 196 
9606.ENSP00000334134 9606.ENSP00000358723 0 0 0 0 0 0 203 203 
9606.ENSP00000334134 9606.ENSP00000295101 0 0 0 0 0 0 204 204 
9606.ENSP00000334134 9606.ENSP00000337261 0 0 0 0 0 0 165 165 
9606.ENSP00000334134 9606.ENSP00000257895 0 0 0 0 0 0 242 242 
9606.ENSP00000334134 9606.ENSP00000466214 0 0 0 0 0 0 161 161 
9606.ENSP00000334134 9606.ENSP00000249389 0 0 0 0 0 0 292 292 
9606.ENSP00000334134 9606.ENSP00000485478 0 0 0 59 0 0 488 497 
9606.ENSP00000334134 9606.ENSP00000345096 0 0 0 0 0 0 167 167 
9606.ENSP00000334134 9606.ENSP00000368592 0 0 0 0 0 0 212 212 
9606.ENSP00000334134 9606.ENSP00000382428 0 0 0 0 0 0 193 193 
9606.ENSP00000334134 9606.ENSP00000335307 0 0 0 0 0 0 189 189 
9606.ENSP00000334134 9606.ENSP00000322020 0 0 0 0 0 0 173 173 
9606.ENSP00000334134 9606.ENSP00000234313 0 0 0 0 0 0 401 401 
9606.ENSP00000334134 9606.ENSP00000357087 0 0 0 0 0 0 288 288 
9606.ENSP00000334134 9606.ENSP00000391664 0 0 0 0 0 0 161 161 
9606.ENSP00000334134 9606.ENSP00000296468 0 0 0 0 0 0 198 198 
9606.ENSP00000334134 9606.ENSP00000442046 0 0 0 0 0 0 220 220 
9606.ENSP00000334134 9606.ENSP00000223369 0 0 0 0 0 0 209 209 
9606.ENSP00000334134 9606.ENSP00000370521 0 0 0 57 0 0 403 413 
9606.ENSP00000334134 9606.ENSP00000385808 0 0 0 0 0 0 264 264 
9606.ENSP00000334134 9606.ENSP00000356370 0 0 0 0 0 0 232 232 
9606.ENSP00000334134 9606.ENSP00000297313 0 0 0 0 0 0 224 224 
9606.ENSP00000334134 9606.ENSP00000341159 0 0 0 0 0 0 211 211 
9606.ENSP00000334134 9606.ENSP00000357669 0 0 0 0 0 0 335 335 
9606.ENSP00000334134 9606.ENSP00000329033 0 0 0 0 0 0 216 216 
9606.ENSP00000334134 9606.ENSP00000472316 0 0 0 0 0 0 163 163 
9606.ENSP00000334134 9606.ENSP00000340467 0 0 0 0 0 0 334 334 
9606.ENSP00000334134 9606.ENSP00000386834 0 0 0 0 0 0 293 293 
9606.ENSP00000334134 9606.ENSP00000251337 0 0 0 0 0 900 503 948 
9606.ENSP00000334134 9606.ENSP00000262406 0 0 0 61 379 900 783 985 
9606.ENSP00000334134 9606.ENSP00000269197 0 0 0 0 0 0 187 187 
9606.ENSP00000334134 9606.ENSP00000381047 0 0 0 0 0 0 163 163 
9606.ENSP00000334134 9606.ENSP00000262340 0 0 0 62 0 0 244 260 
9606.ENSP00000334134 9606.ENSP00000229771 0 0 0 0 0 0 376 376 
9606.ENSP00000334134 9606.ENSP00000341083 0 0 0 0 0 0 405 405 
9606.ENSP00000334134 9606.ENSP00000340328 0 0 0 59 0 0 476 486 
9606.ENSP00000334134 9606.ENSP00000371070 0 0 0 0 0 0 162 162 
9606.ENSP00000334134 9606.ENSP00000312262 0 0 0 0 0 0 186 186 
9606.ENSP00000334134 9606.ENSP00000273596 0 0 0 0 0 0 299 299 
9606.ENSP00000334134 9606.ENSP00000422496 0 0 0 0 0 0 169 169 
9606.ENSP00000334134 9606.ENSP00000478600 0 0 0 0 0 0 163 163 
9606.ENSP00000334134 9606.ENSP00000230361 0 0 0 60 0 0 588 596 
9606.ENSP00000334134 9606.ENSP00000366221 0 0 0 0 0 0 206 206 
9606.ENSP00000334134 9606.ENSP00000305941 0 0 0 0 0 0 165 165 
9606.ENSP00000334134 9606.ENSP00000266395 0 0 0 0 0 900 178 914 
9606.ENSP00000334134 9606.ENSP00000354859 0 0 0 0 0 0 349 349 
9606.ENSP00000334134 9606.ENSP00000420295 0 0 0 0 0 900 369 934 
9606.ENSP00000334134 9606.ENSP00000254854 0 0 0 0 0 0 521 521 
9606.ENSP00000334134 9606.ENSP00000357787 0 0 0 0 0 0 267 267 
9606.ENSP00000334134 9606.ENSP00000397181 0 0 0 0 0 0 303 303 
9606.ENSP00000334134 9606.ENSP00000339381 0 0 0 0 0 0 235 235 
9606.ENSP00000334134 9606.ENSP00000363255 0 0 0 0 0 0 227 227 
9606.ENSP00000334134 9606.ENSP00000344942 0 0 0 61 0 0 378 390 
9606.ENSP00000334134 9606.ENSP00000364691 0 0 0 0 0 0 170 170 
9606.ENSP00000334134 9606.ENSP00000362993 0 0 0 0 0 0 325 325 
9606.ENSP00000334134 9606.ENSP00000482504 0 0 0 0 0 0 420 420 
9606.ENSP00000334134 9606.ENSP00000384264 0 0 0 60 0 0 559 567 
9606.ENSP00000334134 9606.ENSP00000377784 0 0 0 0 0 0 674 674 
9606.ENSP00000334134 9606.ENSP00000304292 0 0 0 0 0 0 197 197 
9606.ENSP00000334134 9606.ENSP00000258302 0 0 0 0 0 0 347 347 
9606.ENSP00000334134 9606.ENSP00000299721 0 0 0 0 0 0 347 347 
