9606.ENSP00000248668 9606.ENSP00000401445 0 0 0 62 123 0 54 153 
9606.ENSP00000248668 9606.ENSP00000356541 0 0 0 0 265 0 0 265 
9606.ENSP00000248668 9606.ENSP00000350698 0 0 0 0 170 0 57 183 
9606.ENSP00000248668 9606.ENSP00000478017 0 0 0 0 159 0 0 159 
9606.ENSP00000248668 9606.ENSP00000184956 0 0 0 61 260 0 50 282 
9606.ENSP00000248668 9606.ENSP00000251472 0 0 0 86 127 0 80 202 
9606.ENSP00000248668 9606.ENSP00000396722 0 0 0 61 64 0 154 191 
9606.ENSP00000248668 9606.ENSP00000269025 0 0 0 0 0 0 465 465 
9606.ENSP00000248668 9606.ENSP00000439601 0 0 0 0 0 0 407 407 
9606.ENSP00000248668 9606.ENSP00000322419 0 0 0 0 0 0 153 153 
9606.ENSP00000248668 9606.ENSP00000358765 0 0 0 0 0 0 152 152 
9606.ENSP00000248668 9606.ENSP00000425092 0 0 0 61 157 0 49 181 
9606.ENSP00000248668 9606.ENSP00000478671 0 0 0 0 0 0 280 280 
9606.ENSP00000248668 9606.ENSP00000483254 0 0 0 0 159 0 0 159 
9606.ENSP00000248668 9606.ENSP00000225792 0 0 0 0 169 0 0 169 
9606.ENSP00000248668 9606.ENSP00000380903 0 0 0 0 186 0 49 192 
9606.ENSP00000248668 9606.ENSP00000381098 0 0 0 0 59 0 266 279 
9606.ENSP00000248668 9606.ENSP00000249299 0 0 0 0 265 0 0 265 
9606.ENSP00000248668 9606.ENSP00000362110 0 0 0 52 195 0 0 204 
9606.ENSP00000248668 9606.ENSP00000314792 0 0 0 0 159 0 0 159 
9606.ENSP00000248668 9606.ENSP00000387246 0 0 0 63 145 0 50 172 
9606.ENSP00000248668 9606.ENSP00000387694 0 0 0 63 0 0 363 378 
9606.ENSP00000248668 9606.ENSP00000466897 0 0 0 0 159 0 0 159 
9606.ENSP00000248668 9606.ENSP00000260210 0 0 0 0 157 0 57 171 
9606.ENSP00000248668 9606.ENSP00000243563 0 0 0 63 260 0 56 288 
9606.ENSP00000248668 9606.ENSP00000295987 0 0 0 88 84 0 333 394 
9606.ENSP00000248668 9606.ENSP00000296702 0 0 0 0 185 0 49 191 
9606.ENSP00000248668 9606.ENSP00000371267 0 0 0 0 187 0 0 187 
9606.ENSP00000248668 9606.ENSP00000386226 0 0 0 0 159 0 0 159 
9606.ENSP00000248668 9606.ENSP00000312535 0 0 0 69 140 0 98 215 
9606.ENSP00000248668 9606.ENSP00000354649 0 0 0 0 0 0 482 482 
9606.ENSP00000248668 9606.ENSP00000331907 0 0 0 0 162 0 44 164 
9606.ENSP00000248668 9606.ENSP00000314348 0 0 0 0 169 0 0 169 
9606.ENSP00000248668 9606.ENSP00000334319 0 0 0 61 0 0 214 230 
9606.ENSP00000248668 9606.ENSP00000229812 0 0 0 61 127 0 80 179 
9606.ENSP00000248668 9606.ENSP00000477455 0 0 0 61 54 900 319 931 
9606.ENSP00000248668 9606.ENSP00000279387 0 0 0 61 167 0 48 190 
9606.ENSP00000248668 9606.ENSP00000300954 0 0 0 65 128 0 50 157 
9606.ENSP00000248668 9606.ENSP00000361918 0 0 0 0 181 0 0 181 
9606.ENSP00000248668 9606.ENSP00000315379 0 0 0 51 261 0 0 268 
9606.ENSP00000248668 9606.ENSP00000355187 0 0 0 61 0 0 256 272 
9606.ENSP00000248668 9606.ENSP00000364219 0 0 0 0 0 0 194 194 
9606.ENSP00000248668 9606.ENSP00000417078 0 0 0 0 162 0 44 164 
9606.ENSP00000248668 9606.ENSP00000382423 0 0 0 63 145 0 50 172 
9606.ENSP00000248668 9606.ENSP00000399229 0 0 0 0 156 0 0 156 
9606.ENSP00000248668 9606.ENSP00000378163 0 0 0 0 0 0 167 167 
9606.ENSP00000248668 9606.ENSP00000037502 0 0 0 0 185 0 0 185 
9606.ENSP00000248668 9606.ENSP00000418754 0 0 0 0 185 0 45 188 
9606.ENSP00000248668 9606.ENSP00000403937 0 0 0 0 0 0 473 473 
9606.ENSP00000248668 9606.ENSP00000355895 0 0 0 51 0 0 146 155 
9606.ENSP00000248668 9606.ENSP00000361060 0 0 0 0 0 0 220 220 
9606.ENSP00000248668 9606.ENSP00000460348 0 0 0 0 265 0 42 265 
9606.ENSP00000248668 9606.ENSP00000227524 0 0 0 0 265 0 0 265 
9606.ENSP00000248668 9606.ENSP00000319883 0 0 0 0 179 0 0 179 
9606.ENSP00000248668 9606.ENSP00000352642 0 0 0 0 0 0 411 411 
9606.ENSP00000248668 9606.ENSP00000271628 0 0 0 0 188 0 51 196 
9606.ENSP00000248668 9606.ENSP00000326031 0 0 0 61 167 0 48 190 
9606.ENSP00000248668 9606.ENSP00000392257 0 0 0 0 181 0 0 181 
9606.ENSP00000248668 9606.ENSP00000369286 0 0 0 0 260 0 0 260 
9606.ENSP00000248668 9606.ENSP00000283296 0 0 0 0 179 0 0 179 
9606.ENSP00000248668 9606.ENSP00000354871 0 0 0 61 167 0 48 190 
9606.ENSP00000248668 9606.ENSP00000273352 0 0 0 0 179 0 0 179 
9606.ENSP00000248668 9606.ENSP00000455948 0 0 0 0 60 0 420 431 
9606.ENSP00000248668 9606.ENSP00000275230 0 0 0 0 153 0 0 153 
9606.ENSP00000248668 9606.ENSP00000307208 0 0 0 61 52 0 127 155 
9606.ENSP00000248668 9606.ENSP00000375919 0 0 0 51 0 0 204 212 
9606.ENSP00000248668 9606.ENSP00000464619 0 0 0 0 181 0 0 181 
9606.ENSP00000248668 9606.ENSP00000330460 0 0 0 0 169 0 0 169 
9606.ENSP00000248668 9606.ENSP00000253329 0 0 0 0 181 0 0 181 
9606.ENSP00000248668 9606.ENSP00000358159 0 0 0 63 193 0 43 213 
9606.ENSP00000248668 9606.ENSP00000367552 0 0 0 0 83 0 579 597 
9606.ENSP00000248668 9606.ENSP00000467556 0 0 0 61 148 0 0 165 
9606.ENSP00000248668 9606.ENSP00000482657 0 0 0 63 145 0 50 172 
9606.ENSP00000248668 9606.ENSP00000297071 0 0 0 0 159 0 0 159 
9606.ENSP00000248668 9606.ENSP00000297151 0 0 0 0 174 0 50 181 
9606.ENSP00000248668 9606.ENSP00000345731 0 0 0 50 265 900 428 954 
9606.ENSP00000248668 9606.ENSP00000346986 0 0 0 0 150 0 49 157 
9606.ENSP00000248668 9606.ENSP00000366058 0 0 0 61 0 0 398 410 
9606.ENSP00000248668 9606.ENSP00000419425 0 0 0 0 181 0 0 181 
9606.ENSP00000248668 9606.ENSP00000350090 0 0 0 0 159 0 0 159 
9606.ENSP00000248668 9606.ENSP00000258418 0 0 0 0 185 0 100 235 
9606.ENSP00000248668 9606.ENSP00000305790 0 0 0 0 264 0 70 286 
9606.ENSP00000248668 9606.ENSP00000199814 0 0 0 0 265 0 0 265 
9606.ENSP00000248668 9606.ENSP00000296452 0 0 0 73 0 0 163 190 
9606.ENSP00000248668 9606.ENSP00000385142 0 0 0 0 0 0 388 388 
9606.ENSP00000248668 9606.ENSP00000247003 0 0 0 0 169 0 0 169 
9606.ENSP00000248668 9606.ENSP00000280871 0 0 0 0 153 0 0 153 
9606.ENSP00000248668 9606.ENSP00000369571 0 0 0 0 0 0 213 213 
9606.ENSP00000248668 9606.ENSP00000301037 0 0 0 62 162 0 80 213 
9606.ENSP00000248668 9606.ENSP00000264335 0 0 0 0 187 0 0 187 
9606.ENSP00000248668 9606.ENSP00000256509 0 0 0 61 137 0 77 187 
9606.ENSP00000248668 9606.ENSP00000269601 0 0 0 61 261 0 0 276 
9606.ENSP00000248668 9606.ENSP00000318861 0 0 0 61 261 0 61 291 
9606.ENSP00000248668 9606.ENSP00000479097 0 0 0 0 187 0 0 187 
9606.ENSP00000248668 9606.ENSP00000356581 0 0 0 0 179 0 0 179 
9606.ENSP00000248668 9606.ENSP00000286175 0 0 0 0 182 0 96 228 
9606.ENSP00000248668 9606.ENSP00000387006 0 0 0 62 188 0 50 213 
9606.ENSP00000248668 9606.ENSP00000411124 0 0 0 77 0 0 247 275 
9606.ENSP00000248668 9606.ENSP00000354927 0 0 0 63 145 0 50 172 
9606.ENSP00000248668 9606.ENSP00000410758 0 0 0 0 185 0 42 185 
9606.ENSP00000248668 9606.ENSP00000359778 0 0 0 0 185 0 0 185 
9606.ENSP00000248668 9606.ENSP00000379475 0 0 0 0 169 0 0 169 
9606.ENSP00000248668 9606.ENSP00000416534 0 0 0 61 170 0 0 187 
9606.ENSP00000248668 9606.ENSP00000368667 0 0 0 0 169 0 0 169 
9606.ENSP00000248668 9606.ENSP00000348010 0 0 0 54 163 0 58 188 
9606.ENSP00000248668 9606.ENSP00000339992 0 0 0 0 185 0 63 203 
9606.ENSP00000248668 9606.ENSP00000261889 0 0 0 55 0 0 176 188 
9606.ENSP00000248668 9606.ENSP00000262415 0 0 0 0 162 0 44 164 
9606.ENSP00000248668 9606.ENSP00000481994 0 0 0 69 123 0 65 169 
9606.ENSP00000248668 9606.ENSP00000359521 0 0 0 61 0 0 219 235 
9606.ENSP00000248668 9606.ENSP00000382428 0 0 0 95 411 900 889 993 
9606.ENSP00000248668 9606.ENSP00000369609 0 0 0 0 0 0 200 200 
9606.ENSP00000248668 9606.ENSP00000469689 0 0 0 61 105 0 228 294 
9606.ENSP00000248668 9606.ENSP00000471502 0 0 0 88 0 0 265 301 
9606.ENSP00000248668 9606.ENSP00000440222 0 0 0 61 157 0 49 181 
9606.ENSP00000248668 9606.ENSP00000217026 0 0 0 0 185 0 63 203 
9606.ENSP00000248668 9606.ENSP00000351280 0 0 0 0 53 0 430 437 
9606.ENSP00000248668 9606.ENSP00000379287 0 0 0 0 187 0 0 187 
9606.ENSP00000248668 9606.ENSP00000483495 0 0 0 0 169 0 0 169 
9606.ENSP00000248668 9606.ENSP00000232978 0 0 0 0 181 0 0 181 
9606.ENSP00000248668 9606.ENSP00000361076 0 0 0 0 186 0 0 186 
9606.ENSP00000248668 9606.ENSP00000263233 0 0 0 79 0 0 242 273 
9606.ENSP00000248668 9606.ENSP00000269503 0 0 0 65 0 0 218 237 
9606.ENSP00000248668 9606.ENSP00000321584 0 0 0 0 0 0 205 205 
9606.ENSP00000248668 9606.ENSP00000283303 0 0 0 0 179 0 0 179 
9606.ENSP00000248668 9606.ENSP00000431254 0 0 0 0 161 0 64 181 
9606.ENSP00000248668 9606.ENSP00000307863 0 0 0 0 161 0 64 181 
9606.ENSP00000248668 9606.ENSP00000377867 0 0 0 62 188 0 81 238 
9606.ENSP00000248668 9606.ENSP00000485638 0 0 0 0 181 0 0 181 
9606.ENSP00000248668 9606.ENSP00000365950 0 0 0 0 159 0 0 159 
9606.ENSP00000248668 9606.ENSP00000377836 0 0 0 0 64 0 149 170 
9606.ENSP00000248668 9606.ENSP00000335042 0 0 0 0 53 0 453 459 
9606.ENSP00000248668 9606.ENSP00000478070 0 0 0 61 188 0 56 217 
9606.ENSP00000248668 9606.ENSP00000367830 0 0 0 76 123 0 0 155 
9606.ENSP00000248668 9606.ENSP00000360515 0 0 0 0 156 0 0 156 
9606.ENSP00000248668 9606.ENSP00000261973 0 0 0 0 349 0 85 378 
9606.ENSP00000248668 9606.ENSP00000306678 0 0 0 0 123 0 122 197 
9606.ENSP00000248668 9606.ENSP00000362682 0 0 0 0 185 0 0 185 
9606.ENSP00000248668 9606.ENSP00000311545 0 0 0 0 179 0 0 179 
9606.ENSP00000248668 9606.ENSP00000325836 0 0 0 88 126 0 0 168 
9606.ENSP00000248668 9606.ENSP00000012443 0 0 0 61 167 0 48 190 
9606.ENSP00000248668 9606.ENSP00000250863 0 0 0 0 159 0 0 159 
9606.ENSP00000248668 9606.ENSP00000451648 0 0 0 0 0 0 359 359 
9606.ENSP00000248668 9606.ENSP00000327431 0 0 0 0 0 0 195 195 
9606.ENSP00000248668 9606.ENSP00000392147 0 0 0 61 167 0 50 192 
9606.ENSP00000248668 9606.ENSP00000360299 0 0 0 0 179 0 0 179 
9606.ENSP00000248668 9606.ENSP00000312942 0 0 0 61 60 0 144 178 
9606.ENSP00000248668 9606.ENSP00000313199 0 0 0 0 159 0 0 159 
9606.ENSP00000248668 9606.ENSP00000300255 0 0 0 49 191 0 0 197 
9606.ENSP00000248668 9606.ENSP00000387303 0 0 0 0 162 0 44 164 
9606.ENSP00000248668 9606.ENSP00000225174 0 0 0 0 181 0 0 181 
9606.ENSP00000248668 9606.ENSP00000309689 0 0 0 59 0 0 195 210 
9606.ENSP00000248668 9606.ENSP00000305702 0 0 0 0 170 0 42 170 
9606.ENSP00000248668 9606.ENSP00000265753 0 0 0 0 159 0 0 159 
9606.ENSP00000248668 9606.ENSP00000363313 0 0 0 55 185 0 0 196 
9606.ENSP00000248668 9606.ENSP00000365730 0 0 0 62 188 0 81 238 
9606.ENSP00000248668 9606.ENSP00000362803 0 0 0 0 181 0 0 181 
9606.ENSP00000248668 9606.ENSP00000236273 0 0 0 0 186 0 0 186 
9606.ENSP00000248668 9606.ENSP00000322845 0 0 0 0 0 0 308 308 
9606.ENSP00000248668 9606.ENSP00000258787 0 0 0 0 113 0 193 253 
9606.ENSP00000248668 9606.ENSP00000335321 0 0 0 0 265 0 63 281 
9606.ENSP00000248668 9606.ENSP00000333776 0 0 0 0 53 0 297 305 
9606.ENSP00000248668 9606.ENSP00000304945 0 0 0 0 186 0 242 356 
9606.ENSP00000248668 9606.ENSP00000268482 0 0 0 0 162 0 44 164 
9606.ENSP00000248668 9606.ENSP00000161863 0 0 0 0 162 0 52 171 
9606.ENSP00000248668 9606.ENSP00000295297 0 0 0 0 0 0 309 309 
9606.ENSP00000248668 9606.ENSP00000344223 0 0 0 61 128 0 50 154 
9606.ENSP00000248668 9606.ENSP00000480091 0 0 0 0 175 0 0 175 
9606.ENSP00000248668 9606.ENSP00000267812 0 0 0 0 264 0 0 264 
9606.ENSP00000248668 9606.ENSP00000466248 0 0 0 74 129 0 43 161 
9606.ENSP00000248668 9606.ENSP00000332737 0 0 0 88 127 0 0 169 
9606.ENSP00000248668 9606.ENSP00000246841 0 0 0 82 0 0 128 166 
9606.ENSP00000248668 9606.ENSP00000382972 0 0 0 0 185 0 42 185 
9606.ENSP00000248668 9606.ENSP00000310003 0 0 0 97 50 0 104 164 
9606.ENSP00000248668 9606.ENSP00000463057 0 0 0 0 181 0 0 181 
9606.ENSP00000248668 9606.ENSP00000342374 0 0 0 0 185 0 42 185 
9606.ENSP00000248668 9606.ENSP00000256797 0 0 0 62 123 0 54 153 
9606.ENSP00000248668 9606.ENSP00000420321 0 0 0 0 186 0 82 221 
9606.ENSP00000248668 9606.ENSP00000416809 0 0 0 0 53 0 473 479 
9606.ENSP00000248668 9606.ENSP00000350896 0 0 0 0 123 0 110 186 
9606.ENSP00000248668 9606.ENSP00000373244 0 0 0 79 0 0 156 190 
9606.ENSP00000248668 9606.ENSP00000306330 0 0 0 0 187 0 0 187 
9606.ENSP00000248668 9606.ENSP00000400591 0 0 0 0 185 0 42 185 
9606.ENSP00000248668 9606.ENSP00000347005 0 0 0 61 157 0 49 181 
9606.ENSP00000248668 9606.ENSP00000428994 0 0 0 62 54 900 304 930 
9606.ENSP00000248668 9606.ENSP00000390621 0 0 0 0 169 0 0 169 
9606.ENSP00000248668 9606.ENSP00000216252 0 0 0 62 265 0 0 281 
9606.ENSP00000248668 9606.ENSP00000334553 0 0 0 55 182 0 0 193 
9606.ENSP00000248668 9606.ENSP00000361232 0 0 0 0 169 0 0 169 
9606.ENSP00000248668 9606.ENSP00000366283 0 0 0 61 0 0 183 200 
9606.ENSP00000248668 9606.ENSP00000478754 0 0 0 56 170 0 41 182 
9606.ENSP00000248668 9606.ENSP00000296129 0 0 0 0 187 0 0 187 
9606.ENSP00000248668 9606.ENSP00000332773 0 0 0 0 261 0 56 272 
9606.ENSP00000248668 9606.ENSP00000414302 0 0 0 0 212 0 0 212 
9606.ENSP00000248668 9606.ENSP00000362936 0 0 0 0 160 0 51 168 
9606.ENSP00000248668 9606.ENSP00000370589 0 0 0 0 260 0 0 260 
9606.ENSP00000248668 9606.ENSP00000270115 0 0 0 0 0 0 461 461 
9606.ENSP00000248668 9606.ENSP00000362139 0 0 0 0 123 0 74 153 
9606.ENSP00000248668 9606.ENSP00000305288 0 0 0 62 71 0 432 462 
9606.ENSP00000248668 9606.ENSP00000324122 0 0 0 0 260 0 0 260 
9606.ENSP00000248668 9606.ENSP00000385361 0 0 0 0 161 0 0 161 
9606.ENSP00000248668 9606.ENSP00000378306 0 0 0 61 167 0 48 190 
9606.ENSP00000248668 9606.ENSP00000274606 0 0 0 0 186 0 0 186 
9606.ENSP00000248668 9606.ENSP00000457733 0 0 0 0 0 0 245 245 
9606.ENSP00000248668 9606.ENSP00000309794 0 0 0 0 124 0 290 351 
9606.ENSP00000248668 9606.ENSP00000417335 0 0 0 0 186 0 94 230 
9606.ENSP00000248668 9606.ENSP00000350071 0 0 0 0 164 0 124 236 
9606.ENSP00000248668 9606.ENSP00000357008 0 0 0 0 0 0 328 328 
9606.ENSP00000248668 9606.ENSP00000166244 0 0 0 63 123 0 71 169 
9606.ENSP00000248668 9606.ENSP00000368278 0 0 0 0 55 0 394 403 
9606.ENSP00000248668 9606.ENSP00000346120 0 0 0 0 169 0 0 169 
9606.ENSP00000248668 9606.ENSP00000268483 0 0 0 61 261 0 0 276 
9606.ENSP00000248668 9606.ENSP00000424544 0 0 0 0 0 0 173 173 
9606.ENSP00000248668 9606.ENSP00000362469 0 0 0 0 153 0 0 153 
9606.ENSP00000248668 9606.ENSP00000361373 0 0 0 0 53 0 146 156 
9606.ENSP00000248668 9606.ENSP00000264930 0 0 0 0 0 0 173 173 
9606.ENSP00000248668 9606.ENSP00000422533 0 0 0 49 683 0 41 685 
9606.ENSP00000248668 9606.ENSP00000403636 0 0 0 89 73 0 316 372 
9606.ENSP00000248668 9606.ENSP00000450909 0 0 0 0 159 0 0 159 
9606.ENSP00000248668 9606.ENSP00000361930 0 0 0 0 206 0 0 206 
9606.ENSP00000248668 9606.ENSP00000322273 0 0 0 0 185 0 0 185 
9606.ENSP00000248668 9606.ENSP00000217420 0 0 0 88 0 0 238 276 
9606.ENSP00000248668 9606.ENSP00000365625 0 0 0 0 162 0 44 164 
9606.ENSP00000248668 9606.ENSP00000352216 0 0 0 0 153 0 0 153 
9606.ENSP00000248668 9606.ENSP00000472969 0 0 0 0 53 0 348 356 
9606.ENSP00000248668 9606.ENSP00000336693 0 0 0 61 64 0 145 182 
9606.ENSP00000248668 9606.ENSP00000356379 0 0 0 49 173 0 0 179 
9606.ENSP00000248668 9606.ENSP00000342981 0 0 0 0 179 0 0 179 
9606.ENSP00000248668 9606.ENSP00000384193 0 0 0 61 0 0 209 225 
9606.ENSP00000248668 9606.ENSP00000265459 0 0 0 70 0 0 399 417 
9606.ENSP00000248668 9606.ENSP00000263918 0 0 0 0 164 0 70 189 
9606.ENSP00000248668 9606.ENSP00000379144 0 0 0 0 0 0 161 161 
9606.ENSP00000248668 9606.ENSP00000386213 0 0 0 0 157 0 0 157 
9606.ENSP00000248668 9606.ENSP00000418663 0 0 0 0 156 0 0 156 
9606.ENSP00000248668 9606.ENSP00000368976 0 0 0 0 79 0 237 267 
9606.ENSP00000248668 9606.ENSP00000384421 0 0 0 61 148 0 0 165 
9606.ENSP00000248668 9606.ENSP00000370485 0 0 0 61 71 0 398 429 
9606.ENSP00000248668 9606.ENSP00000247977 0 0 0 0 0 0 334 334 
9606.ENSP00000248668 9606.ENSP00000344786 0 0 0 0 137 0 186 267 
9606.ENSP00000248668 9606.ENSP00000485450 0 0 0 0 159 0 0 159 
9606.ENSP00000248668 9606.ENSP00000323858 0 0 0 0 169 0 0 169 
9606.ENSP00000248668 9606.ENSP00000476955 0 0 0 0 163 0 43 164 
9606.ENSP00000248668 9606.ENSP00000332103 0 0 0 0 185 0 42 185 
9606.ENSP00000248668 9606.ENSP00000331577 0 0 0 0 53 0 479 485 
9606.ENSP00000248668 9606.ENSP00000341826 0 0 0 0 159 0 0 159 
9606.ENSP00000248668 9606.ENSP00000479365 0 0 0 0 159 0 0 159 
9606.ENSP00000248668 9606.ENSP00000265944 0 0 0 0 157 0 0 157 
9606.ENSP00000248668 9606.ENSP00000307831 0 0 0 0 179 0 0 179 
9606.ENSP00000248668 9606.ENSP00000382840 0 0 0 0 169 0 0 169 
9606.ENSP00000248668 9606.ENSP00000311135 0 0 0 0 162 0 44 164 
9606.ENSP00000248668 9606.ENSP00000396954 0 0 0 0 0 0 193 193 
9606.ENSP00000248668 9606.ENSP00000429633 0 0 0 0 185 0 63 203 
9606.ENSP00000248668 9606.ENSP00000265381 0 0 0 61 0 0 146 164 
9606.ENSP00000248668 9606.ENSP00000351250 0 0 0 0 51 0 213 221 
9606.ENSP00000248668 9606.ENSP00000404179 0 0 0 0 186 0 0 186 
9606.ENSP00000248668 9606.ENSP00000305941 0 0 0 0 185 0 43 186 
9606.ENSP00000248668 9606.ENSP00000376309 0 0 0 0 159 0 0 159 
9606.ENSP00000248668 9606.ENSP00000378193 0 0 0 0 185 0 49 191 
9606.ENSP00000248668 9606.ENSP00000303570 0 0 0 0 70 0 190 214 
9606.ENSP00000248668 9606.ENSP00000266058 0 0 0 68 0 0 299 319 
9606.ENSP00000248668 9606.ENSP00000470142 0 0 0 49 67 0 162 192 
9606.ENSP00000248668 9606.ENSP00000359454 0 0 0 63 193 0 43 213 
9606.ENSP00000248668 9606.ENSP00000345192 0 0 0 0 185 0 0 185 
9606.ENSP00000248668 9606.ENSP00000428579 0 0 0 0 262 0 0 262 
9606.ENSP00000248668 9606.ENSP00000274712 0 0 0 0 265 0 0 265 
9606.ENSP00000248668 9606.ENSP00000335156 0 0 0 0 179 0 0 179 
9606.ENSP00000248668 9606.ENSP00000266079 0 0 0 61 264 0 0 279 
9606.ENSP00000248668 9606.ENSP00000455215 0 0 0 0 179 0 0 179 
9606.ENSP00000248668 9606.ENSP00000386458 0 0 0 0 150 0 49 157 
9606.ENSP00000248668 9606.ENSP00000255039 0 0 0 76 157 0 0 187 
9606.ENSP00000248668 9606.ENSP00000420195 0 0 0 0 159 0 0 159 
9606.ENSP00000248668 9606.ENSP00000469468 0 0 0 0 264 0 0 264 
9606.ENSP00000248668 9606.ENSP00000276052 0 0 0 0 151 0 43 153 
9606.ENSP00000248668 9606.ENSP00000418447 0 0 0 61 167 0 48 190 
9606.ENSP00000248668 9606.ENSP00000297668 0 0 0 0 0 0 279 279 
9606.ENSP00000248668 9606.ENSP00000264279 0 0 0 0 260 0 0 260 
9606.ENSP00000248668 9606.ENSP00000238146 0 0 0 0 169 0 0 169 
9606.ENSP00000248668 9606.ENSP00000478121 0 0 0 61 170 0 0 187 
9606.ENSP00000248668 9606.ENSP00000253925 0 0 0 0 0 0 168 168 
9606.ENSP00000248668 9606.ENSP00000300105 0 0 0 61 0 0 265 280 
9606.ENSP00000248668 9606.ENSP00000296526 0 0 0 61 54 0 278 302 
9606.ENSP00000248668 9606.ENSP00000215829 0 0 0 0 185 0 42 185 
9606.ENSP00000248668 9606.ENSP00000362687 0 0 0 0 169 0 0 169 
9606.ENSP00000248668 9606.ENSP00000260970 0 0 0 0 181 0 0 181 
9606.ENSP00000248668 9606.ENSP00000346694 0 0 0 0 159 0 0 159 
9606.ENSP00000248668 9606.ENSP00000371548 0 0 0 60 0 0 203 219 
9606.ENSP00000248668 9606.ENSP00000430774 0 0 0 61 185 0 51 210 
9606.ENSP00000248668 9606.ENSP00000360532 0 0 0 61 185 0 49 208 
9606.ENSP00000248668 9606.ENSP00000351475 0 0 0 0 174 0 50 181 
9606.ENSP00000248668 9606.ENSP00000380495 0 0 0 0 169 0 0 169 
9606.ENSP00000248668 9606.ENSP00000468837 0 0 0 61 131 0 45 152 
9606.ENSP00000248668 9606.ENSP00000326806 0 0 0 0 163 0 43 164 
9606.ENSP00000248668 9606.ENSP00000405111 0 0 0 0 162 0 44 164 
9606.ENSP00000248668 9606.ENSP00000365528 0 0 0 0 71 0 127 155 
9606.ENSP00000248668 9606.ENSP00000360858 0 0 0 0 185 0 0 185 
9606.ENSP00000248668 9606.ENSP00000043402 0 0 0 88 0 0 270 306 
9606.ENSP00000248668 9606.ENSP00000335614 0 0 0 84 0 0 189 225 
9606.ENSP00000248668 9606.ENSP00000344241 0 0 0 0 163 0 50 170 
9606.ENSP00000248668 9606.ENSP00000412566 0 0 0 0 185 0 42 185 
9606.ENSP00000248668 9606.ENSP00000451291 0 0 0 0 159 0 0 159 
9606.ENSP00000248668 9606.ENSP00000351108 0 0 0 0 159 0 0 159 
9606.ENSP00000248668 9606.ENSP00000360966 0 0 0 0 153 0 0 153 
9606.ENSP00000248668 9606.ENSP00000475615 0 0 0 0 265 0 43 266 
9606.ENSP00000248668 9606.ENSP00000432886 0 0 0 63 260 0 56 288 
9606.ENSP00000248668 9606.ENSP00000416959 0 0 0 0 159 0 0 159 
9606.ENSP00000248668 9606.ENSP00000347451 0 0 0 89 0 0 182 223 
9606.ENSP00000248668 9606.ENSP00000424838 0 0 0 0 169 0 0 169 
9606.ENSP00000248668 9606.ENSP00000355510 0 0 0 0 163 0 0 163 
9606.ENSP00000248668 9606.ENSP00000354207 0 0 0 61 123 0 211 294 
9606.ENSP00000248668 9606.ENSP00000248975 0 0 0 0 187 0 53 197 
9606.ENSP00000248668 9606.ENSP00000456548 0 0 0 61 0 0 224 241 
9606.ENSP00000248668 9606.ENSP00000312273 0 0 0 65 0 0 211 231 
9606.ENSP00000248668 9606.ENSP00000365042 0 0 0 0 164 0 59 179 
9606.ENSP00000248668 9606.ENSP00000293831 0 0 0 0 169 0 0 169 
9606.ENSP00000248668 9606.ENSP00000080059 0 0 0 61 137 0 0 155 
9606.ENSP00000248668 9606.ENSP00000309653 0 0 0 0 53 0 205 214 
9606.ENSP00000248668 9606.ENSP00000293441 0 0 0 88 105 0 364 436 
9606.ENSP00000248668 9606.ENSP00000315035 0 0 0 51 261 0 0 268 
9606.ENSP00000248668 9606.ENSP00000306614 0 0 0 0 181 0 0 181 
9606.ENSP00000248668 9606.ENSP00000382140 0 0 0 0 0 0 391 391 
9606.ENSP00000248668 9606.ENSP00000388806 0 0 0 0 159 0 0 159 
9606.ENSP00000248668 9606.ENSP00000365272 0 0 0 61 192 0 348 462 
9606.ENSP00000248668 9606.ENSP00000473553 0 0 0 52 169 0 55 190 
9606.ENSP00000248668 9606.ENSP00000373684 0 0 0 61 127 0 80 179 
9606.ENSP00000248668 9606.ENSP00000282226 0 0 0 0 169 0 48 175 
9606.ENSP00000248668 9606.ENSP00000358554 0 0 0 0 265 0 0 265 
9606.ENSP00000248668 9606.ENSP00000314901 0 0 0 61 0 0 140 158 
9606.ENSP00000248668 9606.ENSP00000204726 0 0 0 0 0 0 193 193 
9606.ENSP00000248668 9606.ENSP00000378323 0 0 0 61 167 0 48 190 
9606.ENSP00000248668 9606.ENSP00000054950 0 0 0 0 177 0 0 177 
9606.ENSP00000248668 9606.ENSP00000346151 0 0 0 61 0 0 362 375 
9606.ENSP00000248668 9606.ENSP00000273286 0 0 0 0 0 0 245 245 
9606.ENSP00000248668 9606.ENSP00000374390 0 0 0 0 169 0 0 169 
9606.ENSP00000248668 9606.ENSP00000316042 0 0 0 0 159 0 0 159 
9606.ENSP00000248668 9606.ENSP00000392094 0 0 0 0 193 0 54 203 
9606.ENSP00000248668 9606.ENSP00000393596 0 0 0 0 165 0 50 172 
9606.ENSP00000248668 9606.ENSP00000380878 0 0 0 61 167 0 48 190 
9606.ENSP00000248668 9606.ENSP00000417901 0 0 0 0 0 0 162 162 
9606.ENSP00000248668 9606.ENSP00000265634 0 0 0 61 0 0 292 307 
9606.ENSP00000248668 9606.ENSP00000219022 0 0 0 0 185 0 0 185 
9606.ENSP00000248668 9606.ENSP00000452773 0 0 0 0 0 0 159 159 
9606.ENSP00000248668 9606.ENSP00000356621 0 0 0 62 130 0 76 181 
9606.ENSP00000248668 9606.ENSP00000358716 0 0 0 0 169 0 0 169 
9606.ENSP00000248668 9606.ENSP00000398523 0 0 0 0 0 0 172 172 
9606.ENSP00000248668 9606.ENSP00000217244 0 0 0 52 169 0 55 190 
9606.ENSP00000248668 9606.ENSP00000262713 0 0 0 0 84 0 289 321 
9606.ENSP00000248668 9606.ENSP00000221138 0 0 0 61 167 0 48 190 
9606.ENSP00000248668 9606.ENSP00000436552 0 0 0 65 64 0 115 157 
9606.ENSP00000248668 9606.ENSP00000357928 0 0 0 0 261 0 0 261 
9606.ENSP00000248668 9606.ENSP00000219197 0 0 0 62 0 0 213 231 
9606.ENSP00000248668 9606.ENSP00000269349 0 0 0 0 169 0 0 169 
9606.ENSP00000248668 9606.ENSP00000341779 0 0 0 61 167 0 48 190 
9606.ENSP00000248668 9606.ENSP00000356936 0 0 0 0 0 0 187 187 
9606.ENSP00000248668 9606.ENSP00000424417 0 0 0 0 262 0 57 274 
9606.ENSP00000248668 9606.ENSP00000258772 0 0 0 0 169 0 0 169 
9606.ENSP00000248668 9606.ENSP00000422392 0 0 0 0 185 0 42 185 
9606.ENSP00000248668 9606.ENSP00000448073 0 0 0 0 299 0 49 304 
9606.ENSP00000248668 9606.ENSP00000242776 0 0 0 0 169 0 0 169 
9606.ENSP00000248668 9606.ENSP00000285243 0 0 0 0 0 0 222 222 
9606.ENSP00000248668 9606.ENSP00000332511 0 0 0 0 185 0 197 318 
9606.ENSP00000248668 9606.ENSP00000358880 0 0 0 65 0 0 338 355 
9606.ENSP00000248668 9606.ENSP00000261881 0 0 0 0 0 0 242 242 
9606.ENSP00000248668 9606.ENSP00000480986 0 0 0 0 162 0 44 164 
9606.ENSP00000248668 9606.ENSP00000357631 0 0 0 0 185 0 0 185 
9606.ENSP00000248668 9606.ENSP00000362863 0 0 0 0 117 0 83 155 
9606.ENSP00000248668 9606.ENSP00000345985 0 0 0 89 0 0 109 154 
9606.ENSP00000248668 9606.ENSP00000383949 0 0 0 0 186 0 0 186 
9606.ENSP00000248668 9606.ENSP00000473200 0 0 0 0 169 0 0 169 
9606.ENSP00000248668 9606.ENSP00000367050 0 0 0 61 85 900 64 908 
9606.ENSP00000248668 9606.ENSP00000345436 0 0 0 97 70 0 125 201 
9606.ENSP00000248668 9606.ENSP00000263372 0 0 0 0 0 0 187 187 
9606.ENSP00000248668 9606.ENSP00000401399 0 0 0 0 169 0 50 176 
9606.ENSP00000248668 9606.ENSP00000262306 0 0 0 0 170 0 49 176 
9606.ENSP00000248668 9606.ENSP00000326330 0 0 0 0 157 0 58 171 
9606.ENSP00000248668 9606.ENSP00000273541 0 0 0 0 190 0 50 197 
9606.ENSP00000248668 9606.ENSP00000317123 0 0 0 0 193 0 43 194 
9606.ENSP00000248668 9606.ENSP00000370745 0 0 0 0 169 0 0 169 
9606.ENSP00000248668 9606.ENSP00000329295 0 0 0 61 0 0 178 195 
9606.ENSP00000248668 9606.ENSP00000381097 0 0 0 0 123 0 155 227 
9606.ENSP00000248668 9606.ENSP00000402584 0 0 0 65 0 0 241 260 
9606.ENSP00000248668 9606.ENSP00000353030 0 0 0 0 63 0 238 255 
9606.ENSP00000248668 9606.ENSP00000356143 0 0 0 81 0 0 169 204 
9606.ENSP00000248668 9606.ENSP00000478610 0 0 0 0 164 0 59 179 
9606.ENSP00000248668 9606.ENSP00000332118 0 0 0 0 123 0 85 163 
9606.ENSP00000248668 9606.ENSP00000340989 0 0 0 0 187 0 0 187 
9606.ENSP00000248668 9606.ENSP00000381958 0 0 0 0 177 0 0 177 
9606.ENSP00000248668 9606.ENSP00000480851 0 0 0 62 185 0 65 222 
9606.ENSP00000248668 9606.ENSP00000225296 0 0 0 0 162 0 44 164 
9606.ENSP00000248668 9606.ENSP00000156471 0 0 0 0 186 0 0 186 
9606.ENSP00000248668 9606.ENSP00000341170 0 0 0 0 156 0 0 156 
9606.ENSP00000248668 9606.ENSP00000481495 0 0 0 0 169 0 0 169 
9606.ENSP00000248668 9606.ENSP00000384621 0 0 0 0 162 0 44 164 
9606.ENSP00000248668 9606.ENSP00000322270 0 0 0 49 683 0 0 685 
9606.ENSP00000248668 9606.ENSP00000262506 0 0 0 52 169 0 55 190 
9606.ENSP00000248668 9606.ENSP00000295666 0 0 0 0 156 0 0 156 
9606.ENSP00000248668 9606.ENSP00000319341 0 0 0 0 185 0 42 185 
9606.ENSP00000248668 9606.ENSP00000356520 0 0 0 0 162 0 44 164 
9606.ENSP00000248668 9606.ENSP00000296862 0 0 0 0 179 0 0 179 
9606.ENSP00000248668 9606.ENSP00000249363 0 0 0 61 0 0 208 225 
9606.ENSP00000248668 9606.ENSP00000303754 0 0 0 0 181 0 0 181 
9606.ENSP00000248668 9606.ENSP00000230050 0 0 0 0 186 0 0 186 
9606.ENSP00000248668 9606.ENSP00000361158 0 0 0 0 177 0 0 177 
9606.ENSP00000248668 9606.ENSP00000272348 0 0 0 61 265 0 0 280 
9606.ENSP00000248668 9606.ENSP00000379818 0 0 0 61 54 900 261 925 
9606.ENSP00000248668 9606.ENSP00000332340 0 0 0 0 170 0 57 183 
9606.ENSP00000248668 9606.ENSP00000330633 0 0 0 61 137 0 0 154 
9606.ENSP00000248668 9606.ENSP00000363763 0 0 0 0 123 0 268 330 
9606.ENSP00000248668 9606.ENSP00000405620 0 0 0 0 162 0 44 164 
9606.ENSP00000248668 9606.ENSP00000328998 0 0 0 0 0 0 208 208 
9606.ENSP00000248668 9606.ENSP00000261654 0 0 0 0 179 0 0 179 
9606.ENSP00000248668 9606.ENSP00000430128 0 0 0 0 159 0 0 159 
9606.ENSP00000248668 9606.ENSP00000386357 0 0 0 61 0 0 257 273 
9606.ENSP00000248668 9606.ENSP00000331474 0 0 0 0 0 0 190 190 
9606.ENSP00000248668 9606.ENSP00000393316 0 0 0 51 141 0 43 151 
9606.ENSP00000248668 9606.ENSP00000479203 0 0 0 0 159 0 0 159 
9606.ENSP00000248668 9606.ENSP00000439444 0 0 0 0 181 0 0 181 
9606.ENSP00000248668 9606.ENSP00000266529 0 0 0 0 159 0 0 159 
9606.ENSP00000248668 9606.ENSP00000397312 0 0 0 61 0 0 137 155 
9606.ENSP00000248668 9606.ENSP00000263269 0 0 0 61 54 900 96 908 
9606.ENSP00000248668 9606.ENSP00000332164 0 0 0 0 0 0 305 305 
9606.ENSP00000248668 9606.ENSP00000246194 0 0 0 0 159 0 0 159 
9606.ENSP00000248668 9606.ENSP00000221494 0 0 0 68 188 0 50 218 
9606.ENSP00000248668 9606.ENSP00000477392 0 0 0 0 53 0 310 318 
9606.ENSP00000248668 9606.ENSP00000423630 0 0 0 0 0 0 370 370 
9606.ENSP00000248668 9606.ENSP00000471730 0 0 0 61 167 0 48 190 
9606.ENSP00000248668 9606.ENSP00000302160 0 0 0 61 265 0 0 280 
9606.ENSP00000248668 9606.ENSP00000332111 0 0 0 0 53 0 146 156 
9606.ENSP00000248668 9606.ENSP00000465776 0 0 0 61 189 0 0 205 
9606.ENSP00000248668 9606.ENSP00000411822 0 0 0 0 190 0 50 197 
9606.ENSP00000248668 9606.ENSP00000353331 0 0 0 0 64 0 205 224 
9606.ENSP00000248668 9606.ENSP00000264606 0 0 0 61 137 0 0 155 
9606.ENSP00000248668 9606.ENSP00000378769 0 0 0 61 167 0 48 190 
9606.ENSP00000248668 9606.ENSP00000369198 0 0 0 0 179 0 0 179 
9606.ENSP00000248668 9606.ENSP00000293190 0 0 0 76 54 900 95 910 
9606.ENSP00000248668 9606.ENSP00000375777 0 0 0 0 164 0 50 171 
9606.ENSP00000248668 9606.ENSP00000274711 0 0 0 0 0 0 279 279 
9606.ENSP00000248668 9606.ENSP00000310723 0 0 0 0 169 0 0 169 
9606.ENSP00000248668 9606.ENSP00000332454 42 0 0 0 160 0 50 168 
9606.ENSP00000248668 9606.ENSP00000307940 0 0 0 0 193 0 67 214 
9606.ENSP00000248668 9606.ENSP00000419038 0 0 0 0 193 0 54 203 
9606.ENSP00000248668 9606.ENSP00000311899 0 0 0 55 185 0 0 196 
9606.ENSP00000248668 9606.ENSP00000286719 0 0 0 61 167 0 48 190 
9606.ENSP00000248668 9606.ENSP00000284818 0 0 0 0 185 0 0 185 
9606.ENSP00000248668 9606.ENSP00000284690 0 0 0 0 162 0 44 164 
9606.ENSP00000248668 9606.ENSP00000390941 0 0 0 0 175 0 0 175 
9606.ENSP00000248668 9606.ENSP00000306888 0 0 0 0 169 0 48 175 
9606.ENSP00000248668 9606.ENSP00000328848 0 0 0 0 0 0 313 313 
9606.ENSP00000248668 9606.ENSP00000247986 0 0 0 0 79 0 159 192 
9606.ENSP00000248668 9606.ENSP00000218224 0 0 0 51 81 0 296 333 
9606.ENSP00000248668 9606.ENSP00000463058 0 0 0 0 265 0 0 265 
9606.ENSP00000248668 9606.ENSP00000446278 0 0 0 70 0 0 254 276 
9606.ENSP00000248668 9606.ENSP00000282499 0 0 0 61 54 900 67 906 
9606.ENSP00000248668 9606.ENSP00000393845 0 0 0 0 181 0 0 181 
9606.ENSP00000248668 9606.ENSP00000325748 0 0 0 62 188 0 81 238 
9606.ENSP00000248668 9606.ENSP00000454014 0 0 0 61 0 0 265 281 
9606.ENSP00000248668 9606.ENSP00000356530 42 0 0 62 160 0 54 190 
9606.ENSP00000248668 9606.ENSP00000221566 0 0 0 0 51 0 388 395 
9606.ENSP00000248668 9606.ENSP00000253673 0 0 0 0 179 0 0 179 
9606.ENSP00000248668 9606.ENSP00000365005 0 0 0 63 145 0 50 172 
9606.ENSP00000248668 9606.ENSP00000310448 0 0 0 0 188 0 42 188 
9606.ENSP00000248668 9606.ENSP00000356917 0 0 0 0 185 0 0 185 
9606.ENSP00000248668 9606.ENSP00000385205 0 0 0 0 0 0 186 186 
9606.ENSP00000248668 9606.ENSP00000314807 0 0 0 0 0 0 263 263 
9606.ENSP00000248668 9606.ENSP00000340688 0 0 0 49 683 0 60 691 
9606.ENSP00000248668 9606.ENSP00000266735 0 0 0 0 265 0 0 265 
9606.ENSP00000248668 9606.ENSP00000333593 0 0 0 0 0 0 152 152 
9606.ENSP00000248668 9606.ENSP00000357073 0 0 0 0 64 0 420 433 
9606.ENSP00000248668 9606.ENSP00000295057 0 0 0 62 0 0 266 282 
9606.ENSP00000248668 9606.ENSP00000304283 0 0 0 71 126 0 0 153 
9606.ENSP00000248668 9606.ENSP00000268835 0 0 0 0 0 0 344 344 
9606.ENSP00000248668 9606.ENSP00000408108 0 0 0 56 174 0 0 186 
9606.ENSP00000248668 9606.ENSP00000464050 0 0 0 61 170 0 0 187 
9606.ENSP00000248668 9606.ENSP00000293677 0 0 0 102 127 0 0 182 
9606.ENSP00000248668 9606.ENSP00000485206 0 0 0 0 181 0 0 181 
9606.ENSP00000248668 9606.ENSP00000355583 0 0 0 0 177 0 0 177 
9606.ENSP00000248668 9606.ENSP00000358525 0 0 0 0 156 0 0 156 
9606.ENSP00000248668 9606.ENSP00000300413 0 0 0 0 185 0 42 185 
9606.ENSP00000248668 9606.ENSP00000282251 0 0 0 61 169 0 0 186 
9606.ENSP00000248668 9606.ENSP00000295704 0 0 0 0 0 0 364 364 
9606.ENSP00000248668 9606.ENSP00000343490 0 0 0 0 0 0 275 275 
9606.ENSP00000248668 9606.ENSP00000358762 0 0 0 0 0 0 186 186 
9606.ENSP00000248668 9606.ENSP00000396628 0 0 0 0 0 0 202 202 
9606.ENSP00000248668 9606.ENSP00000359361 0 0 0 0 169 0 0 169 
9606.ENSP00000248668 9606.ENSP00000354387 0 0 0 0 175 0 0 175 
9606.ENSP00000248668 9606.ENSP00000264833 0 0 0 70 185 0 0 209 
9606.ENSP00000248668 9606.ENSP00000268206 0 0 0 0 193 0 54 203 
9606.ENSP00000248668 9606.ENSP00000349932 0 0 0 61 63 0 186 221 
9606.ENSP00000248668 9606.ENSP00000351137 0 0 0 55 260 0 50 277 
9606.ENSP00000248668 9606.ENSP00000481554 0 0 0 61 54 900 41 903 
9606.ENSP00000248668 9606.ENSP00000481697 0 0 0 0 186 0 0 186 
9606.ENSP00000248668 9606.ENSP00000283195 0 0 0 61 185 0 0 201 
9606.ENSP00000248668 9606.ENSP00000376921 0 0 0 76 92 0 459 506 
9606.ENSP00000248668 9606.ENSP00000335196 0 0 0 0 185 0 0 185 
9606.ENSP00000248668 9606.ENSP00000263694 0 0 0 0 261 0 0 261 
9606.ENSP00000248668 9606.ENSP00000252622 0 0 0 0 265 0 0 265 
9606.ENSP00000248668 9606.ENSP00000263056 0 0 0 62 188 0 81 238 
9606.ENSP00000248668 9606.ENSP00000244520 0 0 0 0 163 0 50 170 
9606.ENSP00000248668 9606.ENSP00000326381 0 0 0 0 169 0 0 169 
9606.ENSP00000248668 9606.ENSP00000263239 0 0 0 0 170 0 42 170 
9606.ENSP00000248668 9606.ENSP00000365962 0 0 0 0 178 0 0 178 
9606.ENSP00000248668 9606.ENSP00000377699 0 0 0 0 179 0 0 179 
9606.ENSP00000248668 9606.ENSP00000359085 0 0 0 61 157 0 487 558 
9606.ENSP00000248668 9606.ENSP00000251636 0 0 0 0 162 0 44 164 
9606.ENSP00000248668 9606.ENSP00000293872 0 0 0 61 157 0 49 181 
9606.ENSP00000248668 9606.ENSP00000264025 0 0 0 0 64 0 167 186 
9606.ENSP00000248668 9606.ENSP00000344206 0 0 0 107 0 0 89 152 
9606.ENSP00000248668 9606.ENSP00000305839 0 0 0 69 0 0 288 308 
9606.ENSP00000248668 9606.ENSP00000303057 0 0 0 0 181 0 0 181 
9606.ENSP00000248668 9606.ENSP00000316377 0 0 0 61 55 0 397 418 
9606.ENSP00000248668 9606.ENSP00000410157 0 0 0 0 0 0 165 165 
9606.ENSP00000248668 9606.ENSP00000278198 0 0 0 0 0 0 224 224 
9606.ENSP00000248668 9606.ENSP00000370460 0 0 0 0 181 0 0 181 
9606.ENSP00000248668 9606.ENSP00000332674 0 0 0 0 0 0 185 185 
9606.ENSP00000248668 9606.ENSP00000337168 0 0 0 0 0 0 171 171 
9606.ENSP00000248668 9606.ENSP00000429842 0 0 0 0 169 0 43 170 
9606.ENSP00000248668 9606.ENSP00000360608 0 0 0 89 91 900 310 935 
9606.ENSP00000248668 9606.ENSP00000215793 0 0 0 0 188 0 44 190 
9606.ENSP00000248668 9606.ENSP00000366288 0 0 0 62 0 0 218 235 
9606.ENSP00000248668 9606.ENSP00000252011 0 0 0 0 162 0 44 164 
9606.ENSP00000248668 9606.ENSP00000366557 0 0 0 0 262 0 0 262 
9606.ENSP00000248668 9606.ENSP00000478982 0 0 0 0 186 0 0 186 
9606.ENSP00000248668 9606.ENSP00000257181 0 0 0 0 265 0 0 265 
9606.ENSP00000248668 9606.ENSP00000340609 0 0 0 0 102 0 455 490 
9606.ENSP00000248668 9606.ENSP00000363480 0 0 0 62 185 900 420 949 
9606.ENSP00000248668 9606.ENSP00000334148 0 0 0 0 261 0 0 261 
9606.ENSP00000248668 9606.ENSP00000246071 0 0 0 63 260 0 56 288 
9606.ENSP00000248668 9606.ENSP00000420091 0 0 0 61 0 0 212 229 
9606.ENSP00000248668 9606.ENSP00000380033 0 0 0 0 169 0 0 169 
9606.ENSP00000248668 9606.ENSP00000385277 0 0 0 84 0 0 223 258 
9606.ENSP00000248668 9606.ENSP00000479811 0 0 0 61 0 0 306 320 
9606.ENSP00000248668 9606.ENSP00000380336 0 0 0 0 265 0 0 265 
9606.ENSP00000248668 9606.ENSP00000392500 0 0 0 61 71 0 430 459 
9606.ENSP00000248668 9606.ENSP00000219368 0 0 0 0 0 0 163 163 
9606.ENSP00000248668 9606.ENSP00000265564 0 0 0 0 0 0 251 251 
9606.ENSP00000248668 9606.ENSP00000253055 0 0 0 75 123 0 0 154 
9606.ENSP00000248668 9606.ENSP00000472249 0 0 0 0 0 0 250 250 
9606.ENSP00000248668 9606.ENSP00000300026 0 0 0 0 181 0 0 181 
9606.ENSP00000248668 9606.ENSP00000357065 0 0 0 76 0 0 276 303 
9606.ENSP00000248668 9606.ENSP00000261531 0 0 0 61 265 0 57 292 
9606.ENSP00000248668 9606.ENSP00000317224 0 0 0 51 0 0 329 335 
9606.ENSP00000248668 9606.ENSP00000429834 0 0 0 0 0 0 184 184 
9606.ENSP00000248668 9606.ENSP00000444856 0 0 0 0 170 0 46 174 
9606.ENSP00000248668 9606.ENSP00000322238 0 0 0 0 0 0 454 454 
9606.ENSP00000248668 9606.ENSP00000386023 0 0 0 0 265 0 56 276 
9606.ENSP00000248668 9606.ENSP00000346839 0 0 0 0 0 0 470 470 
9606.ENSP00000248668 9606.ENSP00000262962 0 0 0 0 189 0 0 189 
9606.ENSP00000248668 9606.ENSP00000364813 0 0 0 0 185 0 42 185 
9606.ENSP00000248668 9606.ENSP00000298532 0 0 0 0 185 0 49 191 
9606.ENSP00000248668 9606.ENSP00000307634 0 0 0 52 142 0 0 152 
9606.ENSP00000248668 9606.ENSP00000367835 0 0 0 0 169 0 0 169 
9606.ENSP00000248668 9606.ENSP00000242786 0 0 0 0 179 0 0 179 
9606.ENSP00000248668 9606.ENSP00000332900 0 0 0 0 179 0 0 179 
9606.ENSP00000248668 9606.ENSP00000301740 0 0 0 0 185 0 65 205 
9606.ENSP00000248668 9606.ENSP00000333920 0 0 0 0 185 0 49 191 
9606.ENSP00000248668 9606.ENSP00000479669 0 0 0 0 185 0 100 235 
9606.ENSP00000248668 9606.ENSP00000463419 0 0 0 0 181 0 0 181 
9606.ENSP00000248668 9606.ENSP00000336741 0 0 0 0 162 0 44 164 
9606.ENSP00000248668 9606.ENSP00000352173 0 0 0 0 0 0 225 225 
9606.ENSP00000248668 9606.ENSP00000323096 0 0 0 0 0 0 247 247 
9606.ENSP00000248668 9606.ENSP00000365963 0 0 0 55 180 0 67 213 
9606.ENSP00000248668 9606.ENSP00000467466 0 0 0 0 156 0 0 156 
9606.ENSP00000248668 9606.ENSP00000221485 0 0 0 81 0 0 264 295 
9606.ENSP00000248668 9606.ENSP00000311837 0 0 0 0 169 0 43 170 
9606.ENSP00000248668 9606.ENSP00000380256 0 0 0 0 81 0 191 225 
9606.ENSP00000248668 9606.ENSP00000251241 0 0 0 0 162 0 44 164 
9606.ENSP00000248668 9606.ENSP00000361663 0 0 0 0 55 0 161 174 
9606.ENSP00000248668 9606.ENSP00000351591 0 0 0 95 71 0 389 442 
