9606.ENSP00000373752 9606.ENSP00000417050 0 0 0 0 0 0 177 177 
9606.ENSP00000373752 9606.ENSP00000231137 0 0 0 88 0 0 321 354 
9606.ENSP00000373752 9606.ENSP00000446688 0 0 0 0 0 0 245 245 
9606.ENSP00000373752 9606.ENSP00000259939 0 0 0 64 0 0 290 307 
9606.ENSP00000373752 9606.ENSP00000426632 0 0 0 0 0 0 202 202 
9606.ENSP00000373752 9606.ENSP00000473853 0 0 0 0 0 0 266 266 
9606.ENSP00000373752 9606.ENSP00000305221 0 0 0 0 0 0 161 161 
9606.ENSP00000373752 9606.ENSP00000370395 0 0 0 61 0 0 390 402 
9606.ENSP00000373752 9606.ENSP00000351015 0 0 0 0 0 0 173 173 
9606.ENSP00000373752 9606.ENSP00000321330 0 0 0 49 0 0 258 264 
9606.ENSP00000373752 9606.ENSP00000303709 0 0 0 0 0 0 266 266 
9606.ENSP00000373752 9606.ENSP00000215829 0 0 0 0 0 0 159 159 
9606.ENSP00000373752 9606.ENSP00000386135 0 0 0 0 0 0 245 245 
9606.ENSP00000373752 9606.ENSP00000430237 0 0 0 0 0 0 507 507 
9606.ENSP00000373752 9606.ENSP00000439068 0 0 0 0 0 0 158 158 
9606.ENSP00000373752 9606.ENSP00000472474 0 0 0 0 185 0 0 185 
9606.ENSP00000373752 9606.ENSP00000396749 0 0 0 0 0 0 538 538 
9606.ENSP00000373752 9606.ENSP00000269391 0 0 0 0 0 0 173 173 
9606.ENSP00000373752 9606.ENSP00000363826 0 0 0 0 0 0 185 185 
9606.ENSP00000373752 9606.ENSP00000360532 0 0 0 0 0 0 213 213 
9606.ENSP00000373752 9606.ENSP00000261402 0 0 0 69 0 0 136 161 
9606.ENSP00000373752 9606.ENSP00000354571 0 0 0 0 0 0 599 599 
9606.ENSP00000373752 9606.ENSP00000362110 0 0 0 0 0 0 179 179 
9606.ENSP00000373752 9606.ENSP00000430733 0 0 0 0 0 0 242 242 
9606.ENSP00000373752 9606.ENSP00000362555 0 0 0 49 0 0 546 550 
9606.ENSP00000373752 9606.ENSP00000416289 0 0 0 0 0 0 243 243 
9606.ENSP00000373752 9606.ENSP00000368835 0 0 0 0 0 0 494 494 
9606.ENSP00000373752 9606.ENSP00000364209 0 0 0 0 0 0 177 177 
9606.ENSP00000373752 9606.ENSP00000353557 0 0 0 62 0 0 431 443 
9606.ENSP00000373752 9606.ENSP00000329292 0 0 0 0 0 0 171 171 
9606.ENSP00000373752 9606.ENSP00000219315 0 0 0 0 0 0 190 190 
9606.ENSP00000373752 9606.ENSP00000351732 0 0 0 0 0 0 206 206 
9606.ENSP00000373752 9606.ENSP00000358519 0 0 0 0 0 0 194 194 
9606.ENSP00000373752 9606.ENSP00000304670 0 0 0 0 0 0 575 575 
9606.ENSP00000373752 9606.ENSP00000365200 0 0 0 0 0 0 269 269 
9606.ENSP00000373752 9606.ENSP00000382800 0 0 0 0 0 0 186 186 
9606.ENSP00000373752 9606.ENSP00000350716 0 0 0 0 0 0 441 441 
9606.ENSP00000373752 9606.ENSP00000233468 0 0 0 0 0 0 287 287 
9606.ENSP00000373752 9606.ENSP00000327009 0 0 0 0 0 0 237 237 
9606.ENSP00000373752 9606.ENSP00000370303 0 0 0 0 0 0 509 509 
9606.ENSP00000373752 9606.ENSP00000254730 0 0 0 0 0 0 150 150 
9606.ENSP00000373752 9606.ENSP00000340434 0 0 0 0 0 0 428 428 
9606.ENSP00000373752 9606.ENSP00000342267 0 0 0 0 0 0 473 473 
9606.ENSP00000373752 9606.ENSP00000420465 0 0 0 0 0 0 288 288 
9606.ENSP00000373752 9606.ENSP00000392094 0 0 0 0 0 0 163 163 
9606.ENSP00000373752 9606.ENSP00000265191 0 0 0 76 0 0 153 184 
9606.ENSP00000373752 9606.ENSP00000316628 0 0 0 62 0 0 269 285 
9606.ENSP00000373752 9606.ENSP00000316244 0 0 0 62 0 0 241 257 
9606.ENSP00000373752 9606.ENSP00000339795 0 0 0 0 0 0 344 344 
9606.ENSP00000373752 9606.ENSP00000343657 0 0 0 0 0 0 257 257 
9606.ENSP00000373752 9606.ENSP00000404203 0 0 0 0 0 0 197 197 
9606.ENSP00000373752 9606.ENSP00000335677 0 0 0 0 0 0 152 152 
9606.ENSP00000373752 9606.ENSP00000384081 0 0 0 62 0 0 148 167 
9606.ENSP00000373752 9606.ENSP00000344489 0 0 0 0 0 0 170 170 
9606.ENSP00000373752 9606.ENSP00000231524 0 0 0 0 0 0 395 395 
9606.ENSP00000373752 9606.ENSP00000357928 0 0 0 0 0 0 377 377 
9606.ENSP00000373752 9606.ENSP00000257575 0 0 0 0 0 0 311 311 
9606.ENSP00000373752 9606.ENSP00000320508 0 0 0 0 0 0 264 264 
9606.ENSP00000373752 9606.ENSP00000274811 0 0 0 0 0 0 177 177 
9606.ENSP00000373752 9606.ENSP00000326159 0 0 0 0 0 0 189 189 
9606.ENSP00000373752 9606.ENSP00000362047 0 0 0 0 0 0 558 558 
9606.ENSP00000373752 9606.ENSP00000332163 0 0 0 0 0 0 304 304 
9606.ENSP00000373752 9606.ENSP00000302144 0 0 0 0 0 0 520 520 
9606.ENSP00000373752 9606.ENSP00000356125 0 0 0 0 0 0 165 165 
9606.ENSP00000373752 9606.ENSP00000334276 0 0 0 0 0 0 258 258 
9606.ENSP00000373752 9606.ENSP00000358414 0 0 0 0 0 0 180 180 
9606.ENSP00000373752 9606.ENSP00000335463 0 0 0 0 0 0 175 175 
9606.ENSP00000373752 9606.ENSP00000370443 0 0 0 0 0 0 296 296 
9606.ENSP00000373752 9606.ENSP00000377958 0 0 0 0 0 0 296 296 
9606.ENSP00000373752 9606.ENSP00000362186 0 0 0 0 0 0 229 229 
9606.ENSP00000373752 9606.ENSP00000409231 0 0 0 0 0 0 357 357 
9606.ENSP00000373752 9606.ENSP00000264042 0 0 0 0 0 0 167 167 
9606.ENSP00000373752 9606.ENSP00000219481 0 0 0 0 0 0 237 237 
9606.ENSP00000373752 9606.ENSP00000424226 0 0 0 65 0 0 162 183 
9606.ENSP00000373752 9606.ENSP00000369328 0 0 0 0 0 0 350 350 
9606.ENSP00000373752 9606.ENSP00000338039 0 0 0 0 0 0 157 157 
9606.ENSP00000373752 9606.ENSP00000388207 0 0 0 0 0 0 261 261 
9606.ENSP00000373752 9606.ENSP00000296777 0 0 0 0 0 0 161 161 
9606.ENSP00000373752 9606.ENSP00000355396 0 0 0 0 0 0 245 245 
9606.ENSP00000373752 9606.ENSP00000331288 0 0 0 0 0 0 194 194 
9606.ENSP00000373752 9606.ENSP00000365301 0 0 0 84 0 0 150 188 
9606.ENSP00000373752 9606.ENSP00000317790 0 0 0 0 0 0 238 238 
9606.ENSP00000373752 9606.ENSP00000265572 0 0 0 61 0 0 273 288 
9606.ENSP00000373752 9606.ENSP00000364449 0 0 0 0 0 0 167 167 
9606.ENSP00000373752 9606.ENSP00000344801 0 0 0 0 0 0 317 317 
9606.ENSP00000373752 9606.ENSP00000259605 0 0 0 0 0 0 406 406 
9606.ENSP00000373752 9606.ENSP00000231173 0 0 0 69 0 0 475 490 
9606.ENSP00000373752 9606.ENSP00000427401 0 0 0 0 0 0 560 560 
9606.ENSP00000373752 9606.ENSP00000289416 0 0 0 62 0 0 190 208 
9606.ENSP00000373752 9606.ENSP00000255192 0 0 0 0 0 0 383 383 
9606.ENSP00000373752 9606.ENSP00000430823 0 0 0 0 0 0 517 517 
9606.ENSP00000373752 9606.ENSP00000237455 0 0 0 0 0 0 321 321 
9606.ENSP00000373752 9606.ENSP00000316861 0 0 0 69 0 0 304 325 
9606.ENSP00000373752 9606.ENSP00000361272 0 0 0 0 0 0 264 264 
9606.ENSP00000373752 9606.ENSP00000399511 0 0 0 0 0 0 166 166 
9606.ENSP00000373752 9606.ENSP00000387006 0 0 0 0 0 0 152 152 
9606.ENSP00000373752 9606.ENSP00000419124 0 0 0 70 0 0 201 225 
9606.ENSP00000373752 9606.ENSP00000328720 0 0 0 0 0 0 165 165 
9606.ENSP00000373752 9606.ENSP00000257770 0 0 0 0 0 0 204 204 
9606.ENSP00000373752 9606.ENSP00000319417 0 0 0 0 0 0 263 263 
9606.ENSP00000373752 9606.ENSP00000463245 0 0 0 0 0 0 420 420 
9606.ENSP00000373752 9606.ENSP00000471463 0 0 0 0 0 0 171 171 
9606.ENSP00000373752 9606.ENSP00000265148 0 0 0 0 0 0 197 197 
9606.ENSP00000373752 9606.ENSP00000396673 0 0 0 0 0 0 153 153 
9606.ENSP00000373752 9606.ENSP00000410533 0 0 0 0 0 0 268 268 
9606.ENSP00000373752 9606.ENSP00000347852 0 0 0 76 0 0 193 222 
9606.ENSP00000373752 9606.ENSP00000423366 0 0 0 0 0 0 296 296 
9606.ENSP00000373752 9606.ENSP00000356919 0 0 0 0 0 0 150 150 
9606.ENSP00000373752 9606.ENSP00000428698 0 0 0 49 0 0 166 173 
9606.ENSP00000373752 9606.ENSP00000333433 0 0 0 0 0 0 235 235 
9606.ENSP00000373752 9606.ENSP00000483403 0 0 0 0 0 0 243 243 
9606.ENSP00000373752 9606.ENSP00000295777 0 0 0 62 0 0 299 315 
9606.ENSP00000373752 9606.ENSP00000314946 0 0 0 0 0 0 190 190 
9606.ENSP00000373752 9606.ENSP00000436785 0 0 0 0 0 0 273 273 
9606.ENSP00000373752 9606.ENSP00000282466 0 0 0 0 0 0 208 208 
9606.ENSP00000373752 9606.ENSP00000258403 0 0 0 0 0 0 202 202 
9606.ENSP00000373752 9606.ENSP00000346931 0 0 0 0 0 0 185 185 
9606.ENSP00000373752 9606.ENSP00000340691 0 0 0 0 0 0 585 585 
9606.ENSP00000373752 9606.ENSP00000231134 0 0 0 69 0 0 160 184 
9606.ENSP00000373752 9606.ENSP00000360167 0 0 0 0 0 0 356 356 
9606.ENSP00000373752 9606.ENSP00000322804 0 0 0 0 0 0 290 290 
9606.ENSP00000373752 9606.ENSP00000269466 0 0 0 0 0 0 355 355 
9606.ENSP00000373752 9606.ENSP00000306372 0 0 0 0 0 0 188 188 
9606.ENSP00000373752 9606.ENSP00000332805 0 0 0 0 0 0 368 368 
9606.ENSP00000373752 9606.ENSP00000387683 0 0 0 0 0 0 281 281 
9606.ENSP00000373752 9606.ENSP00000319006 0 0 0 0 0 0 246 246 
9606.ENSP00000373752 9606.ENSP00000457539 0 0 0 0 0 0 171 171 
9606.ENSP00000373752 9606.ENSP00000344155 0 0 0 0 0 0 234 234 
9606.ENSP00000373752 9606.ENSP00000416683 0 0 0 0 0 0 163 163 
9606.ENSP00000373752 9606.ENSP00000264658 0 0 0 60 0 0 261 275 
9606.ENSP00000373752 9606.ENSP00000246194 0 0 0 0 0 0 187 187 
9606.ENSP00000373752 9606.ENSP00000282908 0 0 0 61 0 0 227 243 
9606.ENSP00000373752 9606.ENSP00000347548 0 0 0 0 0 0 164 164 
9606.ENSP00000373752 9606.ENSP00000317027 0 0 0 0 0 0 238 238 
9606.ENSP00000373752 9606.ENSP00000272427 0 0 0 0 0 0 166 166 
9606.ENSP00000373752 9606.ENSP00000368758 0 0 0 0 0 0 437 437 
9606.ENSP00000373752 9606.ENSP00000380690 0 0 0 0 0 0 560 560 
9606.ENSP00000373752 9606.ENSP00000440125 0 0 0 0 0 0 229 229 
9606.ENSP00000373752 9606.ENSP00000264775 0 0 0 0 0 0 267 267 
9606.ENSP00000373752 9606.ENSP00000264433 0 0 0 0 0 0 234 234 
9606.ENSP00000373752 9606.ENSP00000391167 0 0 0 0 0 0 431 431 
9606.ENSP00000373752 9606.ENSP00000425840 0 0 0 62 0 0 283 299 
9606.ENSP00000373752 9606.ENSP00000304051 0 0 0 0 0 0 209 209 
9606.ENSP00000373752 9606.ENSP00000379108 0 0 0 0 0 0 243 243 
9606.ENSP00000373752 9606.ENSP00000259512 0 0 0 0 0 0 225 225 
9606.ENSP00000373752 9606.ENSP00000346012 0 0 0 0 0 0 160 160 
9606.ENSP00000373752 9606.ENSP00000367309 0 0 0 69 261 0 0 282 
9606.ENSP00000373752 9606.ENSP00000417601 0 0 0 62 0 0 350 365 
9606.ENSP00000373752 9606.ENSP00000372394 0 0 0 0 0 0 241 241 
9606.ENSP00000373752 9606.ENSP00000261180 0 0 0 0 0 0 286 286 
9606.ENSP00000373752 9606.ENSP00000454014 0 0 0 61 0 0 484 495 
9606.ENSP00000373752 9606.ENSP00000383042 0 0 0 0 185 0 0 185 
9606.ENSP00000373752 9606.ENSP00000253024 0 0 0 0 0 0 157 157 
9606.ENSP00000373752 9606.ENSP00000251250 0 0 0 0 0 0 163 163 
9606.ENSP00000373752 9606.ENSP00000329668 0 0 0 0 0 0 424 424 
9606.ENSP00000373752 9606.ENSP00000340979 0 0 0 0 0 0 362 362 
9606.ENSP00000373752 9606.ENSP00000158771 0 0 0 0 0 0 230 230 
9606.ENSP00000373752 9606.ENSP00000239451 0 0 0 0 0 0 224 224 
9606.ENSP00000373752 9606.ENSP00000373726 0 0 0 0 0 0 549 549 
9606.ENSP00000373752 9606.ENSP00000287139 0 0 0 0 0 0 224 224 
9606.ENSP00000373752 9606.ENSP00000471242 0 0 0 0 0 0 431 431 
9606.ENSP00000373752 9606.ENSP00000308024 0 0 0 64 0 0 153 173 
9606.ENSP00000373752 9606.ENSP00000429430 0 0 0 82 0 0 376 403 
9606.ENSP00000373752 9606.ENSP00000296088 0 0 0 0 0 0 248 248 
9606.ENSP00000373752 9606.ENSP00000439281 0 0 0 0 0 0 296 296 
9606.ENSP00000373752 9606.ENSP00000216037 0 0 0 0 0 0 150 150 
9606.ENSP00000373752 9606.ENSP00000438040 0 0 0 0 0 0 280 280 
9606.ENSP00000373752 9606.ENSP00000367743 0 0 0 70 0 0 272 294 
9606.ENSP00000373752 9606.ENSP00000325548 0 0 0 62 0 0 165 183 
9606.ENSP00000373752 9606.ENSP00000348033 0 0 0 0 0 0 447 447 
9606.ENSP00000373752 9606.ENSP00000278947 0 0 0 0 0 0 477 477 
9606.ENSP00000373752 9606.ENSP00000297792 0 0 0 0 185 0 0 185 
9606.ENSP00000373752 9606.ENSP00000364235 0 0 0 0 0 0 166 166 
9606.ENSP00000373752 9606.ENSP00000274063 0 0 0 0 0 0 211 211 
9606.ENSP00000373752 9606.ENSP00000322242 0 0 0 0 0 0 203 203 
9606.ENSP00000373752 9606.ENSP00000300413 0 0 0 0 0 0 176 176 
9606.ENSP00000373752 9606.ENSP00000343190 0 0 0 0 0 0 217 217 
9606.ENSP00000373752 9606.ENSP00000330389 0 0 0 0 0 0 171 171 
9606.ENSP00000373752 9606.ENSP00000365514 0 0 0 0 379 0 219 494 
9606.ENSP00000373752 9606.ENSP00000366395 0 0 0 0 0 0 387 387 
9606.ENSP00000373752 9606.ENSP00000264833 0 0 0 62 0 0 133 152 
9606.ENSP00000373752 9606.ENSP00000346158 0 0 0 0 0 0 263 263 
9606.ENSP00000373752 9606.ENSP00000351137 0 0 0 0 0 0 169 169 
9606.ENSP00000373752 9606.ENSP00000384312 0 0 0 0 0 0 200 200 
9606.ENSP00000373752 9606.ENSP00000222382 0 0 0 0 0 0 208 208 
9606.ENSP00000373752 9606.ENSP00000340684 0 0 0 61 299 0 138 383 
9606.ENSP00000373752 9606.ENSP00000393987 0 0 0 0 0 0 520 520 
9606.ENSP00000373752 9606.ENSP00000313851 0 0 0 0 0 0 175 175 
9606.ENSP00000373752 9606.ENSP00000386992 0 0 0 0 0 0 347 347 
9606.ENSP00000373752 9606.ENSP00000339826 0 0 0 0 0 0 333 333 
9606.ENSP00000373752 9606.ENSP00000433209 0 0 0 0 0 0 150 150 
9606.ENSP00000373752 9606.ENSP00000429344 0 0 0 88 0 0 365 397 
9606.ENSP00000373752 9606.ENSP00000381140 0 0 0 61 0 0 285 300 
9606.ENSP00000373752 9606.ENSP00000326003 0 0 0 0 0 0 368 368 
9606.ENSP00000373752 9606.ENSP00000417335 0 0 0 76 0 0 156 187 
9606.ENSP00000373752 9606.ENSP00000364263 0 0 0 0 0 0 359 359 
9606.ENSP00000373752 9606.ENSP00000239444 0 0 0 0 0 0 303 303 
9606.ENSP00000373752 9606.ENSP00000264690 0 0 0 0 0 0 165 165 
9606.ENSP00000373752 9606.ENSP00000334851 0 7 0 116 0 0 286 343 
9606.ENSP00000373752 9606.ENSP00000308149 0 0 0 0 0 0 227 227 
9606.ENSP00000373752 9606.ENSP00000298130 0 0 0 0 0 0 230 230 
9606.ENSP00000373752 9606.ENSP00000303575 0 0 0 0 0 0 197 197 
9606.ENSP00000373752 9606.ENSP00000337053 0 0 0 0 0 0 279 279 
9606.ENSP00000373752 9606.ENSP00000379263 0 0 0 0 0 0 438 438 
9606.ENSP00000373752 9606.ENSP00000361653 0 0 0 0 0 0 198 198 
9606.ENSP00000373752 9606.ENSP00000278949 0 0 0 0 0 0 196 196 
9606.ENSP00000373752 9606.ENSP00000370460 0 0 0 0 0 0 473 473 
9606.ENSP00000373752 9606.ENSP00000332674 0 0 0 0 0 0 449 449 
9606.ENSP00000373752 9606.ENSP00000383089 0 0 0 0 0 0 227 227 
9606.ENSP00000373752 9606.ENSP00000422533 0 0 0 0 0 0 228 228 
9606.ENSP00000373752 9606.ENSP00000419185 0 0 0 0 0 0 185 185 
9606.ENSP00000373752 9606.ENSP00000256649 0 0 0 0 0 0 373 373 
9606.ENSP00000373752 9606.ENSP00000285116 0 0 0 0 0 0 303 303 
9606.ENSP00000373752 9606.ENSP00000274353 0 0 0 0 0 0 234 234 
9606.ENSP00000373752 9606.ENSP00000384193 0 0 0 76 0 0 164 194 
9606.ENSP00000373752 9606.ENSP00000320401 0 0 0 0 0 0 155 155 
9606.ENSP00000373752 9606.ENSP00000222033 0 0 0 0 0 0 282 282 
9606.ENSP00000373752 9606.ENSP00000419454 0 0 0 0 0 0 255 255 
9606.ENSP00000373752 9606.ENSP00000300093 0 0 0 0 0 0 163 163 
9606.ENSP00000373752 9606.ENSP00000253144 0 0 0 0 0 0 344 344 
9606.ENSP00000373752 9606.ENSP00000312439 0 0 0 0 0 0 173 173 
9606.ENSP00000373752 9606.ENSP00000381206 0 0 0 0 0 0 227 227 
9606.ENSP00000373752 9606.ENSP00000298310 0 0 0 0 0 0 179 179 
9606.ENSP00000373752 9606.ENSP00000430955 0 0 0 0 0 0 517 517 
9606.ENSP00000373752 9606.ENSP00000320347 0 0 0 0 0 0 157 157 
9606.ENSP00000373752 9606.ENSP00000351706 0 0 0 0 0 0 163 163 
9606.ENSP00000373752 9606.ENSP00000256103 0 0 0 76 0 0 306 332 
9606.ENSP00000373752 9606.ENSP00000216420 0 0 0 0 0 0 576 576 
9606.ENSP00000373752 9606.ENSP00000368759 0 0 0 0 0 0 160 160 
9606.ENSP00000373752 9606.ENSP00000357065 0 0 0 61 0 0 271 286 
9606.ENSP00000373752 9606.ENSP00000308236 0 0 0 0 0 0 159 159 
9606.ENSP00000373752 9606.ENSP00000428968 0 0 0 49 0 0 411 416 
9606.ENSP00000373752 9606.ENSP00000366084 0 0 0 0 0 0 162 162 
9606.ENSP00000373752 9606.ENSP00000261383 0 0 0 0 0 0 208 208 
9606.ENSP00000373752 9606.ENSP00000306497 0 0 0 60 0 0 419 431 
9606.ENSP00000373752 9606.ENSP00000329915 0 0 0 0 0 0 162 162 
9606.ENSP00000373752 9606.ENSP00000384197 0 0 0 76 0 0 225 253 
9606.ENSP00000373752 9606.ENSP00000365924 0 0 0 0 0 0 286 286 
9606.ENSP00000373752 9606.ENSP00000261308 0 0 0 0 0 0 529 529 
9606.ENSP00000373752 9606.ENSP00000445725 0 0 0 0 0 0 598 598 
9606.ENSP00000373752 9606.ENSP00000295317 0 0 0 0 0 0 520 520 
9606.ENSP00000373752 9606.ENSP00000239446 0 0 0 76 0 0 335 359 
9606.ENSP00000373752 9606.ENSP00000416583 0 0 0 0 0 0 192 192 
9606.ENSP00000373752 9606.ENSP00000370607 0 0 0 0 0 0 197 197 
9606.ENSP00000373752 9606.ENSP00000343002 0 0 0 0 0 0 230 230 
9606.ENSP00000373752 9606.ENSP00000231668 0 0 0 0 0 0 218 218 
9606.ENSP00000373752 9606.ENSP00000331704 0 0 0 0 0 0 185 185 
9606.ENSP00000373752 9606.ENSP00000376522 0 0 0 0 0 0 547 547 
9606.ENSP00000373752 9606.ENSP00000330694 0 0 0 0 0 0 434 434 
9606.ENSP00000373752 9606.ENSP00000383986 0 0 0 0 0 0 218 218 
9606.ENSP00000373752 9606.ENSP00000262370 0 0 0 0 0 0 173 173 
