9606.ENSP00000309432 9606.ENSP00000419449 0 0 0 0 0 0 218 218 
9606.ENSP00000309432 9606.ENSP00000363553 0 0 0 0 223 0 0 223 
9606.ENSP00000309432 9606.ENSP00000310551 0 0 0 82 314 0 0 343 
9606.ENSP00000309432 9606.ENSP00000375914 0 0 0 61 0 0 223 239 
9606.ENSP00000309432 9606.ENSP00000278612 0 0 0 0 0 0 327 327 
9606.ENSP00000309432 9606.ENSP00000393139 0 0 0 0 0 0 272 272 
9606.ENSP00000309432 9606.ENSP00000360660 0 0 0 0 0 0 468 468 
9606.ENSP00000309432 9606.ENSP00000261369 0 0 0 0 0 0 223 223 
9606.ENSP00000309432 9606.ENSP00000265316 0 0 0 61 0 0 283 298 
9606.ENSP00000309432 9606.ENSP00000353863 0 0 0 0 0 0 254 254 
9606.ENSP00000309432 9606.ENSP00000295987 0 0 0 0 0 0 174 174 
9606.ENSP00000309432 9606.ENSP00000342481 0 0 0 0 516 0 0 516 
9606.ENSP00000309432 9606.ENSP00000351740 0 0 0 0 0 0 596 596 
9606.ENSP00000309432 9606.ENSP00000411250 0 0 0 0 0 0 167 167 
9606.ENSP00000309432 9606.ENSP00000444198 0 0 0 0 0 0 167 167 
9606.ENSP00000309432 9606.ENSP00000427211 0 0 0 0 0 0 164 164 
9606.ENSP00000309432 9606.ENSP00000468411 0 0 0 0 0 0 266 266 
9606.ENSP00000309432 9606.ENSP00000346300 0 0 0 61 0 0 165 182 
9606.ENSP00000309432 9606.ENSP00000428540 0 0 0 0 0 0 198 198 
9606.ENSP00000309432 9606.ENSP00000471454 0 0 0 61 0 0 405 417 
9606.ENSP00000309432 9606.ENSP00000312250 0 0 0 61 0 0 290 305 
9606.ENSP00000309432 9606.ENSP00000395249 0 0 0 113 0 0 169 231 
9606.ENSP00000309432 9606.ENSP00000389630 0 0 0 0 0 0 718 718 
9606.ENSP00000309432 9606.ENSP00000432472 0 0 0 55 0 0 456 464 
9606.ENSP00000309432 9606.ENSP00000331258 0 0 0 0 185 0 0 185 
9606.ENSP00000309432 9606.ENSP00000343435 0 0 0 0 0 0 642 642 
9606.ENSP00000309432 9606.ENSP00000361060 0 0 0 0 216 0 0 216 
9606.ENSP00000309432 9606.ENSP00000315988 0 0 0 0 0 0 226 226 
9606.ENSP00000309432 9606.ENSP00000366098 0 0 0 46 0 0 579 581 
9606.ENSP00000309432 9606.ENSP00000434364 0 0 0 0 656 0 0 656 
9606.ENSP00000309432 9606.ENSP00000364976 0 0 0 0 0 0 287 287 
9606.ENSP00000309432 9606.ENSP00000361635 0 0 0 0 0 0 244 244 
9606.ENSP00000309432 9606.ENSP00000345494 0 0 0 0 190 0 0 190 
9606.ENSP00000309432 9606.ENSP00000254624 0 0 0 0 0 0 424 424 
9606.ENSP00000309432 9606.ENSP00000483236 0 0 0 0 0 0 338 338 
9606.ENSP00000309432 9606.ENSP00000376453 0 0 0 85 647 0 0 663 
9606.ENSP00000309432 9606.ENSP00000293362 0 0 0 61 0 0 268 283 
9606.ENSP00000309432 9606.ENSP00000440556 0 0 0 0 0 0 186 186 
9606.ENSP00000309432 9606.ENSP00000017003 0 0 0 0 356 0 0 356 
9606.ENSP00000309432 9606.ENSP00000355361 0 0 0 0 542 0 0 542 
9606.ENSP00000309432 9606.ENSP00000378725 0 0 0 45 241 0 0 244 
9606.ENSP00000309432 9606.ENSP00000447730 0 0 0 0 185 0 0 185 
9606.ENSP00000309432 9606.ENSP00000358737 0 0 0 0 313 0 0 313 
9606.ENSP00000309432 9606.ENSP00000306866 0 0 0 58 319 0 50 338 
9606.ENSP00000309432 9606.ENSP00000265382 0 0 0 0 0 0 227 227 
9606.ENSP00000309432 9606.ENSP00000415430 0 0 0 0 0 0 433 433 
9606.ENSP00000309432 9606.ENSP00000328992 0 0 0 61 0 0 189 205 
9606.ENSP00000309432 9606.ENSP00000385616 0 0 0 61 0 0 273 288 
9606.ENSP00000309432 9606.ENSP00000379282 0 0 0 0 228 0 0 228 
9606.ENSP00000309432 9606.ENSP00000233121 0 0 0 0 0 0 513 513 
9606.ENSP00000309432 9606.ENSP00000334840 0 0 0 0 0 0 173 173 
9606.ENSP00000309432 9606.ENSP00000262487 0 0 0 0 0 0 173 173 
9606.ENSP00000309432 9606.ENSP00000306106 0 0 0 0 112 0 347 395 
9606.ENSP00000309432 9606.ENSP00000448051 0 0 0 0 175 0 0 175 
9606.ENSP00000309432 9606.ENSP00000337838 0 0 0 0 215 0 105 267 
9606.ENSP00000309432 9606.ENSP00000307833 0 0 0 0 0 0 175 175 
9606.ENSP00000309432 9606.ENSP00000441954 0 0 0 61 0 0 190 207 
9606.ENSP00000309432 9606.ENSP00000319417 0 0 0 0 0 0 531 531 
9606.ENSP00000309432 9606.ENSP00000414721 0 0 0 0 0 0 153 153 
9606.ENSP00000309432 9606.ENSP00000267119 0 0 0 0 0 0 159 159 
9606.ENSP00000309432 9606.ENSP00000294179 0 0 0 42 99 0 157 208 
9606.ENSP00000309432 9606.ENSP00000340900 0 0 0 0 0 0 286 286 
9606.ENSP00000309432 9606.ENSP00000315743 0 0 0 0 0 0 261 261 
9606.ENSP00000309432 9606.ENSP00000246672 0 0 0 0 0 0 220 220 
9606.ENSP00000309432 9606.ENSP00000356272 0 0 0 0 195 0 0 195 
9606.ENSP00000309432 9606.ENSP00000260327 0 0 0 45 0 0 452 455 
9606.ENSP00000309432 9606.ENSP00000436785 0 0 0 61 729 0 0 734 
9606.ENSP00000309432 9606.ENSP00000267485 0 0 0 0 0 0 558 558 
9606.ENSP00000309432 9606.ENSP00000426948 0 0 0 0 0 0 231 231 
9606.ENSP00000309432 9606.ENSP00000364204 0 0 0 0 0 0 229 229 
9606.ENSP00000309432 9606.ENSP00000273062 0 0 0 55 0 0 272 283 
9606.ENSP00000309432 9606.ENSP00000334798 0 0 0 0 0 0 154 154 
9606.ENSP00000309432 9606.ENSP00000308695 0 0 0 0 0 0 554 554 
9606.ENSP00000309432 9606.ENSP00000348380 0 0 0 0 0 0 420 420 
9606.ENSP00000309432 9606.ENSP00000358896 0 0 0 0 0 0 210 210 
9606.ENSP00000309432 9606.ENSP00000265909 0 0 0 61 0 0 167 184 
9606.ENSP00000309432 9606.ENSP00000012443 0 0 0 46 0 0 347 350 
9606.ENSP00000309432 9606.ENSP00000381148 0 0 0 64 0 0 129 150 
9606.ENSP00000309432 9606.ENSP00000361993 0 0 0 0 0 0 437 437 
9606.ENSP00000309432 9606.ENSP00000378350 0 0 0 74 0 0 378 399 
9606.ENSP00000309432 9606.ENSP00000355904 0 0 0 0 0 0 210 210 
9606.ENSP00000309432 9606.ENSP00000355747 0 0 0 0 0 0 198 198 
9606.ENSP00000309432 9606.ENSP00000363970 0 0 0 58 319 0 82 360 
9606.ENSP00000309432 9606.ENSP00000301656 0 0 0 0 0 0 398 398 
9606.ENSP00000309432 9606.ENSP00000160827 0 0 0 0 0 0 331 331 
9606.ENSP00000309432 9606.ENSP00000276569 0 0 0 0 0 0 309 309 
9606.ENSP00000309432 9606.ENSP00000376924 0 0 0 42 0 0 296 296 
9606.ENSP00000309432 9606.ENSP00000384015 0 0 0 58 0 0 353 364 
9606.ENSP00000309432 9606.ENSP00000296859 0 0 0 0 0 0 477 477 
9606.ENSP00000309432 9606.ENSP00000238831 0 0 0 0 211 0 0 211 
9606.ENSP00000309432 9606.ENSP00000307240 0 0 0 0 0 0 171 171 
9606.ENSP00000309432 9606.ENSP00000379702 0 0 0 0 0 0 543 543 
9606.ENSP00000309432 9606.ENSP00000378769 0 0 0 0 0 0 225 225 
9606.ENSP00000309432 9606.ENSP00000228251 0 0 0 0 0 0 211 211 
9606.ENSP00000309432 9606.ENSP00000319597 0 0 0 0 0 0 336 336 
9606.ENSP00000309432 9606.ENSP00000400717 0 0 0 0 0 0 244 244 
9606.ENSP00000309432 9606.ENSP00000226004 0 0 0 63 0 0 221 238 
9606.ENSP00000309432 9606.ENSP00000357591 0 0 0 0 0 0 203 203 
9606.ENSP00000309432 9606.ENSP00000477802 0 0 0 0 0 0 175 175 
9606.ENSP00000309432 9606.ENSP00000266458 0 0 0 58 319 0 50 338 
9606.ENSP00000309432 9606.ENSP00000341597 0 0 0 48 0 0 528 531 
9606.ENSP00000309432 9606.ENSP00000418770 0 0 0 0 0 0 177 177 
9606.ENSP00000309432 9606.ENSP00000305263 0 0 0 0 0 0 441 441 
9606.ENSP00000309432 9606.ENSP00000261488 0 0 0 0 0 0 606 606 
9606.ENSP00000309432 9606.ENSP00000331103 0 0 0 0 0 0 183 183 
9606.ENSP00000309432 9606.ENSP00000321656 0 0 0 0 0 0 200 200 
9606.ENSP00000309432 9606.ENSP00000386804 0 0 0 0 0 0 286 286 
9606.ENSP00000309432 9606.ENSP00000484525 0 0 0 95 0 0 188 234 
9606.ENSP00000309432 9606.ENSP00000337688 0 0 0 0 519 0 56 526 
9606.ENSP00000309432 9606.ENSP00000357883 0 0 0 45 0 0 444 447 
9606.ENSP00000309432 9606.ENSP00000328083 0 0 0 61 0 0 329 342 
9606.ENSP00000309432 9606.ENSP00000262418 0 0 0 0 0 0 189 189 
9606.ENSP00000309432 9606.ENSP00000253233 0 0 0 0 0 0 157 157 
9606.ENSP00000309432 9606.ENSP00000414390 0 0 0 0 0 0 224 224 
9606.ENSP00000309432 9606.ENSP00000336606 0 0 0 59 0 0 348 360 
9606.ENSP00000309432 9606.ENSP00000209728 0 0 0 60 0 0 207 222 
9606.ENSP00000309432 9606.ENSP00000346997 0 0 0 0 0 0 281 281 
9606.ENSP00000309432 9606.ENSP00000356064 0 0 0 0 0 0 401 401 
9606.ENSP00000309432 9606.ENSP00000273179 0 0 0 55 0 0 214 225 
9606.ENSP00000309432 9606.ENSP00000268607 0 0 0 63 319 0 50 341 
9606.ENSP00000309432 9606.ENSP00000447300 0 0 0 0 0 0 307 307 
9606.ENSP00000309432 9606.ENSP00000327716 0 0 0 0 0 0 183 183 
9606.ENSP00000309432 9606.ENSP00000232461 0 0 0 0 0 0 268 268 
9606.ENSP00000309432 9606.ENSP00000273258 0 0 0 0 197 0 0 197 
9606.ENSP00000309432 9606.ENSP00000344967 0 0 0 0 0 0 259 259 
9606.ENSP00000309432 9606.ENSP00000270257 0 0 0 53 0 0 224 233 
9606.ENSP00000309432 9606.ENSP00000360608 0 0 0 0 0 0 161 161 
9606.ENSP00000309432 9606.ENSP00000265404 0 0 0 0 230 0 0 230 
9606.ENSP00000309432 9606.ENSP00000357625 0 0 0 0 0 0 182 182 
9606.ENSP00000309432 9606.ENSP00000465204 0 0 0 0 0 0 477 477 
9606.ENSP00000309432 9606.ENSP00000338523 0 0 0 0 0 0 489 489 
9606.ENSP00000309432 9606.ENSP00000264951 0 0 0 63 0 0 173 191 
9606.ENSP00000309432 9606.ENSP00000450742 0 0 0 65 0 0 369 386 
9606.ENSP00000309432 9606.ENSP00000310726 0 0 0 0 0 0 551 551 
9606.ENSP00000309432 9606.ENSP00000360613 0 0 0 46 400 0 0 403 
9606.ENSP00000309432 9606.ENSP00000480332 0 0 0 0 0 0 357 357 
9606.ENSP00000309432 9606.ENSP00000351207 0 0 0 0 0 0 536 536 
9606.ENSP00000309432 9606.ENSP00000441831 0 0 0 0 0 0 580 580 
9606.ENSP00000309432 9606.ENSP00000341490 0 0 0 0 0 0 353 353 
9606.ENSP00000309432 9606.ENSP00000484804 0 0 0 0 0 0 282 282 
9606.ENSP00000309432 9606.ENSP00000366299 0 0 0 0 0 0 418 418 
9606.ENSP00000309432 9606.ENSP00000460964 0 0 0 0 0 0 334 334 
9606.ENSP00000309432 9606.ENSP00000221891 0 0 0 0 0 0 303 303 
9606.ENSP00000309432 9606.ENSP00000340823 0 0 0 57 0 0 533 541 
9606.ENSP00000309432 9606.ENSP00000445725 0 0 0 0 525 0 0 525 
9606.ENSP00000309432 9606.ENSP00000260361 0 0 0 47 211 0 0 215 
9606.ENSP00000309432 9606.ENSP00000346599 0 0 0 0 0 0 354 354 
9606.ENSP00000309432 9606.ENSP00000349961 0 0 0 59 0 0 309 321 
9606.ENSP00000309432 9606.ENSP00000305892 0 0 0 0 534 0 58 542 
9606.ENSP00000309432 9606.ENSP00000310573 0 0 0 0 0 0 400 400 
9606.ENSP00000309432 9606.ENSP00000367177 0 0 0 0 0 0 193 193 
