9606.ENSP00000408005 9606.ENSP00000392411 0 0 0 0 0 0 411 411 
9606.ENSP00000408005 9606.ENSP00000244527 0 0 0 61 155 0 0 172 
9606.ENSP00000408005 9606.ENSP00000401445 0 0 0 0 185 0 0 185 
9606.ENSP00000408005 9606.ENSP00000280190 0 0 0 0 61 0 163 181 
9606.ENSP00000408005 9606.ENSP00000418915 0 0 0 0 88 0 221 259 
9606.ENSP00000408005 9606.ENSP00000362716 0 0 0 0 0 0 201 201 
9606.ENSP00000408005 9606.ENSP00000260402 0 0 0 0 396 0 0 396 
9606.ENSP00000408005 9606.ENSP00000243924 0 0 0 0 0 0 292 292 
9606.ENSP00000408005 9606.ENSP00000426632 0 0 0 0 59 0 277 291 
9606.ENSP00000408005 9606.ENSP00000264893 0 0 0 0 777 0 0 777 
9606.ENSP00000408005 9606.ENSP00000467579 0 0 0 63 0 0 246 263 
9606.ENSP00000408005 9606.ENSP00000427900 0 0 0 0 60 0 141 158 
9606.ENSP00000408005 9606.ENSP00000281708 0 0 0 0 0 0 246 246 
9606.ENSP00000408005 9606.ENSP00000380271 0 0 0 0 0 0 150 150 
9606.ENSP00000408005 9606.ENSP00000296506 0 0 0 0 0 0 209 209 
9606.ENSP00000408005 9606.ENSP00000360493 0 0 0 0 0 0 229 229 
9606.ENSP00000408005 9606.ENSP00000295256 0 0 0 0 50 0 165 172 
9606.ENSP00000408005 9606.ENSP00000350310 0 0 0 0 0 0 418 418 
9606.ENSP00000408005 9606.ENSP00000367629 0 0 0 88 157 0 0 198 
9606.ENSP00000408005 9606.ENSP00000262395 0 0 0 0 151 0 0 151 
9606.ENSP00000408005 9606.ENSP00000329548 0 0 0 0 0 0 155 155 
9606.ENSP00000408005 9606.ENSP00000360764 0 0 0 172 76 0 50 210 
9606.ENSP00000408005 9606.ENSP00000383118 0 0 0 0 55 0 207 218 
9606.ENSP00000408005 9606.ENSP00000357494 0 0 0 0 185 0 41 185 
9606.ENSP00000408005 9606.ENSP00000355568 0 0 0 0 156 0 0 156 
9606.ENSP00000408005 9606.ENSP00000438248 0 0 0 0 0 0 371 371 
9606.ENSP00000408005 9606.ENSP00000363571 0 0 0 0 185 0 0 185 
9606.ENSP00000408005 9606.ENSP00000231454 0 0 0 0 0 0 185 185 
9606.ENSP00000408005 9606.ENSP00000347742 0 0 0 50 0 0 194 202 
9606.ENSP00000408005 9606.ENSP00000370826 0 0 0 151 0 0 0 151 
9606.ENSP00000408005 9606.ENSP00000435300 0 0 0 0 190 0 0 190 
9606.ENSP00000408005 9606.ENSP00000271332 0 0 0 68 185 0 118 271 
9606.ENSP00000408005 9606.ENSP00000472469 0 0 0 0 179 0 0 179 
9606.ENSP00000408005 9606.ENSP00000427793 0 0 0 0 127 0 75 157 
9606.ENSP00000408005 9606.ENSP00000279281 0 0 0 68 0 0 145 169 
9606.ENSP00000408005 9606.ENSP00000231021 0 0 0 0 190 0 42 190 
9606.ENSP00000408005 9606.ENSP00000341071 0 0 0 0 156 0 0 156 
9606.ENSP00000408005 9606.ENSP00000377862 0 0 0 66 260 0 51 286 
9606.ENSP00000408005 9606.ENSP00000359729 0 0 0 0 0 0 631 631 
9606.ENSP00000408005 9606.ENSP00000418754 0 0 0 0 185 0 58 199 
9606.ENSP00000408005 9606.ENSP00000358335 0 0 0 0 185 0 0 185 
9606.ENSP00000408005 9606.ENSP00000344871 0 0 0 0 134 0 111 197 
9606.ENSP00000408005 9606.ENSP00000264972 0 0 0 0 185 0 0 185 
9606.ENSP00000408005 9606.ENSP00000450730 0 0 0 0 185 0 0 185 
9606.ENSP00000408005 9606.ENSP00000336831 0 0 0 0 73 0 223 249 
9606.ENSP00000408005 9606.ENSP00000381605 0 0 0 0 190 0 0 190 
9606.ENSP00000408005 9606.ENSP00000320180 0 0 0 0 64 0 215 233 
9606.ENSP00000408005 9606.ENSP00000281092 0 0 0 57 185 0 53 208 
9606.ENSP00000408005 9606.ENSP00000330237 0 0 0 0 50 0 228 235 
9606.ENSP00000408005 9606.ENSP00000426119 0 0 0 146 73 0 0 174 
9606.ENSP00000408005 9606.ENSP00000194130 0 0 0 0 0 0 182 182 
9606.ENSP00000408005 9606.ENSP00000394487 0 0 0 0 156 0 0 156 
9606.ENSP00000408005 9606.ENSP00000326031 0 0 0 0 163 0 57 176 
9606.ENSP00000408005 9606.ENSP00000484398 0 0 0 131 73 0 42 161 
9606.ENSP00000408005 9606.ENSP00000381611 0 0 0 0 190 0 0 190 
9606.ENSP00000408005 9606.ENSP00000362680 0 0 0 65 185 0 212 347 
9606.ENSP00000408005 9606.ENSP00000056217 0 0 0 0 156 0 0 156 
9606.ENSP00000408005 9606.ENSP00000315931 0 0 0 0 182 0 58 196 
9606.ENSP00000408005 9606.ENSP00000265071 0 0 0 0 190 0 42 190 
9606.ENSP00000408005 9606.ENSP00000289269 0 0 0 59 190 0 0 205 
9606.ENSP00000408005 9606.ENSP00000285735 0 0 0 70 190 0 90 254 
9606.ENSP00000408005 9606.ENSP00000355627 0 0 0 77 0 0 139 171 
9606.ENSP00000408005 9606.ENSP00000481012 0 0 0 181 73 0 0 208 
9606.ENSP00000408005 9606.ENSP00000231130 0 0 0 0 190 0 0 190 
9606.ENSP00000408005 9606.ENSP00000464030 0 0 0 0 185 0 0 185 
9606.ENSP00000408005 9606.ENSP00000283882 0 0 0 0 0 0 173 173 
9606.ENSP00000408005 9606.ENSP00000367552 0 0 0 0 167 0 42 167 
9606.ENSP00000408005 9606.ENSP00000027335 0 0 0 0 190 0 107 246 
9606.ENSP00000408005 9606.ENSP00000321424 0 0 0 0 357 0 480 651 
9606.ENSP00000408005 9606.ENSP00000316518 0 0 0 0 0 0 163 163 
9606.ENSP00000408005 9606.ENSP00000376132 0 0 0 0 134 0 65 155 
9606.ENSP00000408005 9606.ENSP00000238616 0 0 0 0 167 0 42 167 
9606.ENSP00000408005 9606.ENSP00000402033 0 0 0 0 81 0 115 152 
9606.ENSP00000408005 9606.ENSP00000410083 0 0 0 0 0 0 154 154 
9606.ENSP00000408005 9606.ENSP00000308576 0 0 0 111 55 0 102 179 
9606.ENSP00000408005 9606.ENSP00000483786 0 0 0 76 64 0 108 161 
9606.ENSP00000408005 9606.ENSP00000280904 0 0 0 0 190 0 0 190 
9606.ENSP00000408005 9606.ENSP00000344220 0 0 0 0 379 0 163 458 
9606.ENSP00000408005 9606.ENSP00000295897 0 0 0 0 0 0 278 278 
9606.ENSP00000408005 9606.ENSP00000282091 0 0 0 0 0 0 381 381 
9606.ENSP00000408005 9606.ENSP00000357292 0 0 0 0 184 0 217 334 
9606.ENSP00000408005 9606.ENSP00000386227 0 0 0 0 313 0 0 313 
9606.ENSP00000408005 9606.ENSP00000317955 0 0 0 0 133 0 139 222 
9606.ENSP00000408005 9606.ENSP00000391669 0 0 0 152 0 0 46 156 
9606.ENSP00000408005 9606.ENSP00000356191 0 0 0 0 59 0 357 369 
9606.ENSP00000408005 9606.ENSP00000226207 0 0 0 60 134 0 54 162 
9606.ENSP00000408005 9606.ENSP00000469613 0 0 0 0 0 0 258 258 
9606.ENSP00000408005 9606.ENSP00000406229 0 0 0 62 185 0 0 202 
9606.ENSP00000408005 9606.ENSP00000477314 0 0 0 0 190 0 0 190 
9606.ENSP00000408005 9606.ENSP00000376686 0 0 0 0 0 0 252 252 
9606.ENSP00000408005 9606.ENSP00000304767 0 0 0 0 342 0 391 582 
9606.ENSP00000408005 9606.ENSP00000441765 0 0 0 76 0 0 212 240 
9606.ENSP00000408005 9606.ENSP00000222812 0 0 0 83 0 0 161 198 
9606.ENSP00000408005 9606.ENSP00000263816 0 0 0 0 50 0 581 585 
9606.ENSP00000408005 9606.ENSP00000384996 0 0 0 0 342 0 505 660 
9606.ENSP00000408005 9606.ENSP00000370213 0 0 0 0 0 0 304 304 
9606.ENSP00000408005 9606.ENSP00000338185 0 0 0 0 68 0 527 540 
9606.ENSP00000408005 9606.ENSP00000382428 0 0 0 93 81 0 269 338 
9606.ENSP00000408005 9606.ENSP00000423366 0 0 0 0 0 0 317 317 
9606.ENSP00000408005 9606.ENSP00000304669 0 0 0 0 210 0 50 217 
9606.ENSP00000408005 9606.ENSP00000298910 0 0 0 0 186 0 56 198 
9606.ENSP00000408005 9606.ENSP00000378917 0 0 0 0 860 0 0 860 
9606.ENSP00000408005 9606.ENSP00000360183 0 0 0 106 0 0 95 156 
9606.ENSP00000408005 9606.ENSP00000233969 0 0 0 62 0 0 627 635 
9606.ENSP00000408005 9606.ENSP00000261514 0 0 0 0 0 0 259 259 
9606.ENSP00000408005 9606.ENSP00000409666 0 0 0 0 96 0 101 152 
9606.ENSP00000408005 9606.ENSP00000379842 0 0 0 0 379 0 596 739 
9606.ENSP00000408005 9606.ENSP00000263177 0 0 0 0 0 0 245 245 
9606.ENSP00000408005 9606.ENSP00000275493 0 0 0 120 64 0 129 220 
9606.ENSP00000408005 9606.ENSP00000358994 0 0 0 61 134 0 211 302 
9606.ENSP00000408005 9606.ENSP00000302967 0 0 0 0 156 0 0 156 
9606.ENSP00000408005 9606.ENSP00000302486 0 0 0 0 0 0 221 221 
9606.ENSP00000408005 9606.ENSP00000365411 0 0 0 0 0 0 205 205 
9606.ENSP00000408005 9606.ENSP00000385450 0 0 0 69 127 0 42 153 
9606.ENSP00000408005 9606.ENSP00000480499 0 0 0 0 127 0 75 157 
9606.ENSP00000408005 9606.ENSP00000324806 0 0 0 49 185 0 95 237 
9606.ENSP00000408005 9606.ENSP00000278379 0 0 0 54 0 0 212 223 
9606.ENSP00000408005 9606.ENSP00000002829 0 0 0 153 0 0 0 153 
9606.ENSP00000408005 9606.ENSP00000364864 0 0 0 49 141 0 279 360 
9606.ENSP00000408005 9606.ENSP00000386653 0 0 0 0 185 0 0 185 
9606.ENSP00000408005 9606.ENSP00000451263 0 0 0 0 185 0 0 185 
9606.ENSP00000408005 9606.ENSP00000380517 0 0 0 91 190 0 0 232 
9606.ENSP00000408005 9606.ENSP00000306678 0 0 0 0 185 0 0 185 
9606.ENSP00000408005 9606.ENSP00000342137 0 0 0 50 173 0 0 180 
9606.ENSP00000408005 9606.ENSP00000363817 0 0 0 65 52 0 232 259 
9606.ENSP00000408005 9606.ENSP00000258301 0 0 0 0 0 0 201 201 
9606.ENSP00000408005 9606.ENSP00000412763 0 0 0 0 185 0 0 185 
9606.ENSP00000408005 9606.ENSP00000395389 0 0 0 0 84 0 377 405 
9606.ENSP00000408005 9606.ENSP00000378856 0 0 0 0 186 0 0 186 
9606.ENSP00000408005 9606.ENSP00000370912 0 0 0 0 185 0 0 185 
9606.ENSP00000408005 9606.ENSP00000259486 0 0 0 61 0 0 170 187 
9606.ENSP00000408005 9606.ENSP00000351805 0 0 0 0 84 0 155 192 
9606.ENSP00000408005 9606.ENSP00000227880 0 0 0 62 0 0 224 241 
9606.ENSP00000408005 9606.ENSP00000261263 0 0 0 59 167 0 0 182 
9606.ENSP00000408005 9606.ENSP00000250974 0 0 0 96 0 0 218 263 
9606.ENSP00000408005 9606.ENSP00000442973 0 0 0 93 0 0 135 181 
9606.ENSP00000408005 9606.ENSP00000297512 0 0 0 76 165 0 419 512 
9606.ENSP00000408005 9606.ENSP00000378402 0 0 0 0 386 0 0 386 
9606.ENSP00000408005 9606.ENSP00000292807 0 0 0 48 0 0 287 292 
9606.ENSP00000408005 9606.ENSP00000376306 0 0 0 0 185 0 58 199 
9606.ENSP00000408005 9606.ENSP00000264498 0 0 0 0 0 0 185 185 
9606.ENSP00000408005 9606.ENSP00000318912 0 0 0 64 83 0 131 188 
9606.ENSP00000408005 9606.ENSP00000294964 0 0 0 88 185 0 0 224 
9606.ENSP00000408005 9606.ENSP00000219454 0 0 0 0 0 0 222 222 
9606.ENSP00000408005 9606.ENSP00000343535 0 0 0 72 0 0 254 278 
9606.ENSP00000408005 9606.ENSP00000380432 0 0 0 0 101 0 188 238 
9606.ENSP00000408005 9606.ENSP00000297044 0 0 0 88 101 0 50 153 
9606.ENSP00000408005 9606.ENSP00000296859 0 0 0 0 0 0 202 202 
9606.ENSP00000408005 9606.ENSP00000437940 0 0 0 0 0 0 188 188 
9606.ENSP00000408005 9606.ENSP00000314132 0 0 0 197 59 0 0 212 
9606.ENSP00000408005 9606.ENSP00000370719 0 0 0 0 156 0 0 156 
9606.ENSP00000408005 9606.ENSP00000353549 0 0 0 0 0 0 157 157 
9606.ENSP00000408005 9606.ENSP00000250617 0 0 0 61 179 0 76 225 
9606.ENSP00000408005 9606.ENSP00000330382 0 0 0 88 0 900 58 906 
9606.ENSP00000408005 9606.ENSP00000424565 0 0 0 0 190 0 79 222 
9606.ENSP00000408005 9606.ENSP00000304945 0 0 0 137 0 0 66 159 
9606.ENSP00000408005 9606.ENSP00000363668 0 0 0 0 0 0 232 232 
9606.ENSP00000408005 9606.ENSP00000286713 0 0 0 0 0 0 225 225 
9606.ENSP00000408005 9606.ENSP00000365567 0 0 0 0 0 0 173 173 
9606.ENSP00000408005 9606.ENSP00000381594 0 0 0 69 190 0 0 213 
9606.ENSP00000408005 9606.ENSP00000194155 0 0 0 0 190 0 0 190 
9606.ENSP00000408005 9606.ENSP00000242285 0 0 0 0 156 0 0 156 
9606.ENSP00000408005 9606.ENSP00000345259 0 0 0 0 0 0 225 225 
9606.ENSP00000408005 9606.ENSP00000354923 0 0 0 0 81 0 116 152 
9606.ENSP00000408005 9606.ENSP00000295757 0 0 0 124 147 0 0 220 
9606.ENSP00000408005 9606.ENSP00000347134 0 0 0 0 156 0 0 156 
9606.ENSP00000408005 9606.ENSP00000365686 0 0 0 62 0 0 173 191 
9606.ENSP00000408005 9606.ENSP00000356243 0 0 0 0 177 0 0 177 
9606.ENSP00000408005 9606.ENSP00000385828 0 0 0 87 820 0 0 828 
9606.ENSP00000408005 9606.ENSP00000240123 0 0 0 146 59 0 0 162 
9606.ENSP00000408005 9606.ENSP00000376753 0 0 0 147 0 0 279 359 
9606.ENSP00000408005 9606.ENSP00000430432 0 0 0 0 156 0 0 156 
9606.ENSP00000408005 9606.ENSP00000348828 0 0 0 0 156 0 0 156 
9606.ENSP00000408005 9606.ENSP00000369531 0 0 0 0 183 0 0 183 
9606.ENSP00000408005 9606.ENSP00000306330 0 0 0 0 186 0 50 193 
9606.ENSP00000408005 9606.ENSP00000289902 0 0 0 63 0 0 160 180 
9606.ENSP00000408005 9606.ENSP00000358309 0 0 0 0 185 0 0 185 
9606.ENSP00000408005 9606.ENSP00000261707 0 0 0 0 82 0 190 224 
9606.ENSP00000408005 9606.ENSP00000468002 0 0 0 87 88 0 75 162 
9606.ENSP00000408005 9606.ENSP00000386538 0 0 0 0 0 0 470 470 
9606.ENSP00000408005 9606.ENSP00000341189 0 0 0 61 0 0 237 252 
9606.ENSP00000408005 9606.ENSP00000279027 0 0 0 0 0 0 170 170 
9606.ENSP00000408005 9606.ENSP00000411821 0 0 0 65 85 0 120 181 
9606.ENSP00000408005 9606.ENSP00000365550 0 0 0 0 0 0 165 165 
9606.ENSP00000408005 9606.ENSP00000364721 0 0 0 0 0 0 229 229 
9606.ENSP00000408005 9606.ENSP00000310696 0 0 0 98 0 0 312 352 
9606.ENSP00000408005 9606.ENSP00000354201 0 0 0 0 177 0 0 177 
9606.ENSP00000408005 9606.ENSP00000404151 0 0 0 183 125 0 0 254 
9606.ENSP00000408005 9606.ENSP00000344961 0 0 0 0 194 0 0 194 
9606.ENSP00000408005 9606.ENSP00000345873 0 0 0 0 435 0 695 821 
9606.ENSP00000408005 9606.ENSP00000429273 0 0 0 76 190 0 0 219 
9606.ENSP00000408005 9606.ENSP00000413520 0 0 0 93 0 0 126 173 
9606.ENSP00000408005 9606.ENSP00000354621 0 0 0 0 127 0 75 157 
9606.ENSP00000408005 9606.ENSP00000367064 0 0 0 61 0 0 319 333 
9606.ENSP00000408005 9606.ENSP00000351905 0 0 0 65 185 0 0 205 
9606.ENSP00000408005 9606.ENSP00000379712 0 0 0 137 101 0 0 190 
9606.ENSP00000408005 9606.ENSP00000435370 0 0 0 0 184 0 48 189 
9606.ENSP00000408005 9606.ENSP00000352138 0 0 0 77 64 0 116 169 
9606.ENSP00000408005 9606.ENSP00000231484 0 0 0 0 190 0 0 190 
9606.ENSP00000408005 9606.ENSP00000347979 0 0 0 0 0 0 157 157 
9606.ENSP00000408005 9606.ENSP00000362139 0 0 0 0 185 0 0 185 
9606.ENSP00000408005 9606.ENSP00000259371 0 0 0 153 64 0 0 173 
9606.ENSP00000408005 9606.ENSP00000344115 0 0 0 70 190 0 43 216 
9606.ENSP00000408005 9606.ENSP00000257863 0 0 0 0 185 0 0 185 
9606.ENSP00000408005 9606.ENSP00000263967 0 0 0 0 0 0 294 294 
9606.ENSP00000408005 9606.ENSP00000306918 0 0 0 0 190 0 0 190 
9606.ENSP00000408005 9606.ENSP00000252037 0 0 0 0 157 0 48 163 
9606.ENSP00000408005 9606.ENSP00000239444 0 0 0 69 190 0 0 213 
9606.ENSP00000408005 9606.ENSP00000225823 0 0 0 0 165 0 0 165 
9606.ENSP00000408005 9606.ENSP00000166244 0 0 0 0 185 0 96 232 
9606.ENSP00000408005 9606.ENSP00000400906 0 0 0 0 177 0 239 346 
9606.ENSP00000408005 9606.ENSP00000431885 0 0 0 0 185 0 77 215 
9606.ENSP00000408005 9606.ENSP00000264231 0 0 0 0 0 0 175 175 
9606.ENSP00000408005 9606.ENSP00000358770 0 0 0 0 190 0 567 634 
9606.ENSP00000408005 9606.ENSP00000379822 0 0 0 0 0 0 171 171 
9606.ENSP00000408005 9606.ENSP00000317272 0 0 0 83 185 0 0 221 
9606.ENSP00000408005 9606.ENSP00000404381 0 0 0 0 0 0 174 174 
9606.ENSP00000408005 9606.ENSP00000263734 0 0 0 151 0 0 0 151 
9606.ENSP00000408005 9606.ENSP00000378077 0 0 0 77 190 0 0 220 
9606.ENSP00000408005 9606.ENSP00000318374 0 0 0 0 167 0 0 167 
9606.ENSP00000408005 9606.ENSP00000343144 0 0 0 0 194 0 67 215 
9606.ENSP00000408005 9606.ENSP00000392105 0 0 0 0 267 0 43 268 
9606.ENSP00000408005 9606.ENSP00000389277 0 0 0 0 0 0 249 249 
9606.ENSP00000408005 9606.ENSP00000299798 0 0 0 85 0 0 672 688 
9606.ENSP00000408005 9606.ENSP00000307666 0 0 0 47 0 0 354 358 
9606.ENSP00000408005 9606.ENSP00000372088 0 0 0 0 0 0 230 230 
9606.ENSP00000408005 9606.ENSP00000331504 0 0 0 57 185 0 58 212 
9606.ENSP00000408005 9606.ENSP00000262352 0 0 0 89 0 0 220 260 
9606.ENSP00000408005 9606.ENSP00000314518 0 0 0 0 156 0 0 156 
9606.ENSP00000408005 9606.ENSP00000339916 0 0 0 0 185 0 47 190 
9606.ENSP00000408005 9606.ENSP00000356379 0 0 0 0 171 0 49 177 
9606.ENSP00000408005 9606.ENSP00000257189 0 0 0 0 190 0 96 236 
9606.ENSP00000408005 9606.ENSP00000176763 0 0 0 0 190 0 355 455 
9606.ENSP00000408005 9606.ENSP00000217188 0 0 0 0 185 0 0 185 
9606.ENSP00000408005 9606.ENSP00000364133 0 0 0 0 185 0 0 185 
9606.ENSP00000408005 9606.ENSP00000254963 0 0 0 98 50 0 137 196 
9606.ENSP00000408005 9606.ENSP00000222402 0 0 0 0 177 0 0 177 
9606.ENSP00000408005 9606.ENSP00000388325 0 0 0 151 0 0 0 151 
9606.ENSP00000408005 9606.ENSP00000268035 0 0 0 0 185 0 0 185 
9606.ENSP00000408005 9606.ENSP00000339467 0 0 0 57 55 0 164 190 
9606.ENSP00000408005 9606.ENSP00000216271 0 0 0 69 147 0 0 171 
9606.ENSP00000408005 9606.ENSP00000199280 0 0 0 0 0 0 156 156 
9606.ENSP00000408005 9606.ENSP00000329213 0 0 0 0 0 0 444 444 
9606.ENSP00000408005 9606.ENSP00000360613 0 0 0 0 177 0 0 177 
9606.ENSP00000408005 9606.ENSP00000275815 0 0 0 0 185 0 0 185 
9606.ENSP00000408005 9606.ENSP00000429018 0 0 0 74 190 0 0 217 
9606.ENSP00000408005 9606.ENSP00000323687 0 0 0 0 177 0 0 177 
9606.ENSP00000408005 9606.ENSP00000345774 0 0 0 0 85 0 122 162 
9606.ENSP00000408005 9606.ENSP00000378074 0 0 0 0 0 0 160 160 
9606.ENSP00000408005 9606.ENSP00000265113 0 0 0 54 0 0 481 488 
9606.ENSP00000408005 9606.ENSP00000299155 0 0 0 0 0 0 181 181 
9606.ENSP00000408005 9606.ENSP00000355237 0 0 0 109 185 0 50 249 
9606.ENSP00000408005 9606.ENSP00000265381 0 0 0 49 163 0 126 243 
9606.ENSP00000408005 9606.ENSP00000001008 0 0 0 65 157 0 67 200 
9606.ENSP00000408005 9606.ENSP00000363064 0 0 0 0 52 0 198 207 
9606.ENSP00000408005 9606.ENSP00000335055 0 0 0 51 160 0 65 189 
9606.ENSP00000408005 9606.ENSP00000371051 0 0 0 0 167 0 42 167 
9606.ENSP00000408005 9606.ENSP00000258484 0 0 0 57 157 0 67 193 
9606.ENSP00000408005 9606.ENSP00000325929 0 0 0 0 0 0 358 358 
9606.ENSP00000408005 9606.ENSP00000358064 0 0 0 0 0 0 436 436 
9606.ENSP00000408005 9606.ENSP00000328923 0 0 0 77 88 0 75 153 
9606.ENSP00000408005 9606.ENSP00000415283 0 0 0 61 0 0 201 218 
9606.ENSP00000408005 9606.ENSP00000368169 0 0 0 142 0 0 89 185 
9606.ENSP00000408005 9606.ENSP00000378912 0 0 0 74 0 0 213 240 
9606.ENSP00000408005 9606.ENSP00000346802 0 0 0 0 190 0 0 190 
9606.ENSP00000408005 9606.ENSP00000249647 0 0 0 0 53 0 174 185 
9606.ENSP00000408005 9606.ENSP00000289272 0 0 0 0 190 0 0 190 
9606.ENSP00000408005 9606.ENSP00000436557 0 0 0 0 190 0 0 190 
9606.ENSP00000408005 9606.ENSP00000262719 0 0 0 0 280 0 116 337 
9606.ENSP00000408005 9606.ENSP00000355013 0 0 0 0 97 0 107 159 
9606.ENSP00000408005 9606.ENSP00000386041 0 0 0 60 134 0 54 162 
9606.ENSP00000408005 9606.ENSP00000308351 0 0 0 0 185 0 0 185 
9606.ENSP00000408005 9606.ENSP00000288135 0 0 0 0 50 0 230 237 
9606.ENSP00000408005 9606.ENSP00000397453 0 0 0 0 177 0 0 177 
9606.ENSP00000408005 9606.ENSP00000364631 0 0 0 0 156 0 0 156 
9606.ENSP00000408005 9606.ENSP00000333926 0 0 0 51 87 0 143 192 
9606.ENSP00000408005 9606.ENSP00000321999 0 0 0 126 393 0 688 820 
9606.ENSP00000408005 9606.ENSP00000350032 0 0 0 0 267 0 43 268 
9606.ENSP00000408005 9606.ENSP00000360660 0 0 0 206 0 0 0 206 
9606.ENSP00000408005 9606.ENSP00000391311 0 0 0 98 51 0 89 152 
9606.ENSP00000408005 9606.ENSP00000331746 0 0 0 0 0 0 189 189 
9606.ENSP00000408005 9606.ENSP00000306662 0 0 0 110 84 0 58 164 
9606.ENSP00000408005 9606.ENSP00000478212 0 0 0 63 0 0 138 157 
9606.ENSP00000408005 9606.ENSP00000373574 0 0 0 68 185 0 0 207 
9606.ENSP00000408005 9606.ENSP00000265431 0 0 0 0 80 0 196 228 
9606.ENSP00000408005 9606.ENSP00000339390 0 0 0 0 190 0 0 190 
9606.ENSP00000408005 9606.ENSP00000262965 0 0 0 0 185 0 0 185 
9606.ENSP00000408005 9606.ENSP00000257290 0 0 0 0 50 0 349 355 
9606.ENSP00000408005 9606.ENSP00000306864 0 0 0 139 59 0 0 155 
9606.ENSP00000408005 9606.ENSP00000360672 0 0 0 0 194 0 67 215 
9606.ENSP00000408005 9606.ENSP00000246802 0 0 0 0 0 0 293 293 
9606.ENSP00000408005 9606.ENSP00000252087 0 0 0 70 190 0 0 214 
9606.ENSP00000408005 9606.ENSP00000385510 0 0 0 0 84 0 131 169 
9606.ENSP00000408005 9606.ENSP00000441543 0 0 0 0 183 0 0 183 
9606.ENSP00000408005 9606.ENSP00000222330 0 0 0 72 185 0 165 314 
9606.ENSP00000408005 9606.ENSP00000224807 0 0 0 90 0 0 106 152 
9606.ENSP00000408005 9606.ENSP00000444810 0 0 0 0 157 0 107 215 
9606.ENSP00000408005 9606.ENSP00000367208 0 0 0 0 97 0 268 311 
9606.ENSP00000408005 9606.ENSP00000263519 0 0 0 0 0 0 261 261 
9606.ENSP00000408005 9606.ENSP00000356205 0 0 0 102 84 0 124 216 
9606.ENSP00000408005 9606.ENSP00000322251 0 0 0 0 185 0 0 185 
9606.ENSP00000408005 9606.ENSP00000293441 0 0 0 63 162 0 64 200 
9606.ENSP00000408005 9606.ENSP00000245407 0 0 0 0 238 0 179 347 
9606.ENSP00000408005 9606.ENSP00000256538 0 0 0 0 0 0 187 187 
9606.ENSP00000408005 9606.ENSP00000217515 0 0 0 0 0 0 505 505 
9606.ENSP00000408005 9606.ENSP00000385216 0 0 0 0 0 0 183 183 
9606.ENSP00000408005 9606.ENSP00000264431 0 0 0 0 0 0 211 211 
9606.ENSP00000408005 9606.ENSP00000453403 0 0 0 0 386 0 0 386 
9606.ENSP00000408005 9606.ENSP00000407487 0 0 0 0 0 0 174 174 
9606.ENSP00000408005 9606.ENSP00000352561 0 0 0 0 64 0 214 232 
9606.ENSP00000408005 9606.ENSP00000233146 0 0 0 0 0 0 186 186 
9606.ENSP00000408005 9606.ENSP00000405812 0 0 0 0 0 0 169 169 
9606.ENSP00000408005 9606.ENSP00000480916 0 0 0 0 0 0 448 448 
9606.ENSP00000408005 9606.ENSP00000419692 0 0 0 70 52 0 117 153 
9606.ENSP00000408005 9606.ENSP00000384570 0 0 0 117 81 0 115 220 
9606.ENSP00000408005 9606.ENSP00000485133 0 0 0 0 177 0 239 346 
9606.ENSP00000408005 9606.ENSP00000408695 0 0 0 51 433 0 125 488 
9606.ENSP00000408005 9606.ENSP00000340347 0 0 0 50 173 0 0 180 
9606.ENSP00000408005 9606.ENSP00000428924 0 0 0 0 185 0 0 185 
9606.ENSP00000408005 9606.ENSP00000251849 0 0 0 0 185 0 41 185 
9606.ENSP00000408005 9606.ENSP00000357668 0 0 0 0 0 0 185 185 
9606.ENSP00000408005 9606.ENSP00000387662 0 0 0 0 0 0 186 186 
9606.ENSP00000408005 9606.ENSP00000380322 0 0 0 45 0 0 270 273 
9606.ENSP00000408005 9606.ENSP00000239449 0 0 0 0 190 0 0 190 
9606.ENSP00000408005 9606.ENSP00000428288 0 0 0 0 190 0 0 190 
9606.ENSP00000408005 9606.ENSP00000482885 0 0 0 0 155 0 386 459 
9606.ENSP00000408005 9606.ENSP00000246914 0 0 0 61 0 0 562 572 
9606.ENSP00000408005 9606.ENSP00000185206 0 0 0 61 0 0 374 388 
9606.ENSP00000408005 9606.ENSP00000419465 0 0 0 0 388 0 468 660 
9606.ENSP00000408005 9606.ENSP00000360120 0 0 0 0 185 0 93 229 
9606.ENSP00000408005 9606.ENSP00000356257 0 0 0 129 0 0 85 169 
9606.ENSP00000408005 9606.ENSP00000367355 0 0 0 0 156 0 0 156 
9606.ENSP00000408005 9606.ENSP00000432586 0 0 0 0 185 0 0 185 
9606.ENSP00000408005 9606.ENSP00000356042 0 0 0 61 774 0 739 939 
9606.ENSP00000408005 9606.ENSP00000368880 0 0 0 0 0 0 228 228 
9606.ENSP00000408005 9606.ENSP00000256458 0 0 0 0 185 0 57 198 
9606.ENSP00000408005 9606.ENSP00000470087 0 0 0 49 185 0 143 277 
9606.ENSP00000408005 9606.ENSP00000352995 0 0 0 0 157 0 43 158 
9606.ENSP00000408005 9606.ENSP00000350224 0 0 0 0 185 0 0 185 
9606.ENSP00000408005 9606.ENSP00000361423 0 0 0 65 185 0 0 205 
9606.ENSP00000408005 9606.ENSP00000264276 0 0 0 48 190 0 50 203 
9606.ENSP00000408005 9606.ENSP00000383199 0 0 0 0 127 0 228 297 
9606.ENSP00000408005 9606.ENSP00000441802 0 0 0 0 185 0 0 185 
9606.ENSP00000408005 9606.ENSP00000267935 0 0 0 0 0 0 358 358 
9606.ENSP00000408005 9606.ENSP00000354718 0 0 0 0 157 0 105 214 
9606.ENSP00000408005 9606.ENSP00000363068 0 0 0 0 190 0 173 301 
9606.ENSP00000408005 9606.ENSP00000451300 0 0 0 61 168 0 50 192 
9606.ENSP00000408005 9606.ENSP00000435585 0 0 0 132 0 0 321 386 
9606.ENSP00000408005 9606.ENSP00000363708 0 0 0 0 185 0 0 185 
9606.ENSP00000408005 9606.ENSP00000231173 0 0 0 65 190 0 0 210 
9606.ENSP00000408005 9606.ENSP00000380942 0 0 0 62 157 0 243 349 
9606.ENSP00000408005 9606.ENSP00000265965 0 0 0 0 167 0 42 167 
9606.ENSP00000408005 9606.ENSP00000279178 0 0 0 0 237 0 0 237 
9606.ENSP00000408005 9606.ENSP00000428489 0 0 0 0 185 0 162 288 
9606.ENSP00000408005 9606.ENSP00000318177 0 0 0 0 157 0 48 163 
9606.ENSP00000408005 9606.ENSP00000293662 0 0 0 65 0 0 215 235 
9606.ENSP00000408005 9606.ENSP00000371067 0 0 0 0 185 0 50 192 
9606.ENSP00000408005 9606.ENSP00000370345 0 0 0 0 156 0 0 156 
9606.ENSP00000408005 9606.ENSP00000381097 0 0 0 0 185 0 0 185 
9606.ENSP00000408005 9606.ENSP00000436042 0 0 0 0 190 0 0 190 
9606.ENSP00000408005 9606.ENSP00000376345 0 0 0 61 0 0 229 245 
9606.ENSP00000408005 9606.ENSP00000388940 0 0 0 0 185 0 0 185 
9606.ENSP00000408005 9606.ENSP00000353408 0 0 0 61 652 0 623 866 
9606.ENSP00000408005 9606.ENSP00000393392 0 0 0 0 134 0 264 336 
9606.ENSP00000408005 9606.ENSP00000332118 0 0 0 70 185 0 0 209 
9606.ENSP00000408005 9606.ENSP00000473990 0 0 0 0 85 0 124 164 
9606.ENSP00000408005 9606.ENSP00000442600 0 0 0 73 88 0 247 307 
9606.ENSP00000408005 9606.ENSP00000444850 0 0 0 0 167 0 0 167 
9606.ENSP00000408005 9606.ENSP00000358107 0 0 0 61 83 0 165 218 
9606.ENSP00000408005 9606.ENSP00000380251 0 0 0 0 808 0 0 808 
9606.ENSP00000408005 9606.ENSP00000381958 0 0 0 0 185 0 0 185 
9606.ENSP00000408005 9606.ENSP00000380781 0 0 0 153 0 0 0 153 
9606.ENSP00000408005 9606.ENSP00000300952 0 0 0 0 0 0 159 159 
9606.ENSP00000408005 9606.ENSP00000420182 0 0 0 0 0 0 403 403 
9606.ENSP00000408005 9606.ENSP00000019103 0 0 0 0 64 0 221 239 
9606.ENSP00000408005 9606.ENSP00000221742 0 0 0 59 0 0 157 173 
9606.ENSP00000408005 9606.ENSP00000345133 0 0 0 65 185 0 50 212 
9606.ENSP00000408005 9606.ENSP00000289746 0 0 0 0 190 0 0 190 
9606.ENSP00000408005 9606.ENSP00000262715 0 0 0 0 349 0 0 349 
9606.ENSP00000408005 9606.ENSP00000361158 0 0 0 0 185 0 0 185 
9606.ENSP00000408005 9606.ENSP00000472929 0 0 0 58 0 0 237 250 
9606.ENSP00000408005 9606.ENSP00000290332 0 0 0 0 0 0 334 334 
9606.ENSP00000408005 9606.ENSP00000401513 0 0 0 0 0 0 190 190 
9606.ENSP00000408005 9606.ENSP00000358081 0 0 0 89 127 0 0 170 
9606.ENSP00000408005 9606.ENSP00000324105 0 0 0 0 0 0 177 177 
9606.ENSP00000408005 9606.ENSP00000263980 0 0 0 89 0 0 501 526 
9606.ENSP00000408005 9606.ENSP00000216181 0 0 0 60 134 0 54 162 
9606.ENSP00000408005 9606.ENSP00000381636 0 0 0 0 190 0 0 190 
9606.ENSP00000408005 9606.ENSP00000294489 0 0 0 61 0 0 156 174 
9606.ENSP00000408005 9606.ENSP00000231134 0 0 0 0 190 0 0 190 
9606.ENSP00000408005 9606.ENSP00000257198 0 0 0 0 190 0 0 190 
9606.ENSP00000408005 9606.ENSP00000379601 0 0 0 0 0 0 296 296 
9606.ENSP00000408005 9606.ENSP00000348349 0 0 0 0 185 0 0 185 
9606.ENSP00000408005 9606.ENSP00000281821 0 0 0 0 185 0 0 185 
9606.ENSP00000408005 9606.ENSP00000391409 0 0 0 0 185 0 0 185 
9606.ENSP00000408005 9606.ENSP00000299441 0 0 0 0 190 0 46 194 
9606.ENSP00000408005 9606.ENSP00000441858 0 0 0 0 0 0 247 247 
9606.ENSP00000408005 9606.ENSP00000312081 0 0 0 125 84 0 0 164 
9606.ENSP00000408005 9606.ENSP00000471299 0 0 0 0 127 0 104 185 
9606.ENSP00000408005 9606.ENSP00000381628 0 0 0 0 190 0 0 190 
9606.ENSP00000408005 9606.ENSP00000444986 0 0 0 0 185 0 0 185 
9606.ENSP00000408005 9606.ENSP00000386911 0 0 0 0 0 0 205 205 
9606.ENSP00000408005 9606.ENSP00000325674 0 0 0 130 85 0 0 170 
9606.ENSP00000408005 9606.ENSP00000345491 0 0 0 0 190 0 0 190 
9606.ENSP00000408005 9606.ENSP00000281171 0 0 0 0 54 0 142 153 
9606.ENSP00000408005 9606.ENSP00000247933 0 0 0 103 0 0 94 152 
9606.ENSP00000408005 9606.ENSP00000323580 0 0 0 0 194 0 71 219 
9606.ENSP00000408005 9606.ENSP00000263062 0 0 0 57 157 0 67 193 
9606.ENSP00000408005 9606.ENSP00000273047 0 0 0 64 55 0 127 160 
9606.ENSP00000408005 9606.ENSP00000353344 0 0 0 65 0 0 250 268 
9606.ENSP00000408005 9606.ENSP00000309913 0 0 0 0 0 0 282 282 
9606.ENSP00000408005 9606.ENSP00000376924 0 0 0 0 156 0 0 156 
9606.ENSP00000408005 9606.ENSP00000399403 0 0 0 102 97 0 0 154 
9606.ENSP00000408005 9606.ENSP00000288207 0 0 0 0 0 0 222 222 
9606.ENSP00000408005 9606.ENSP00000431748 0 0 0 0 190 0 0 190 
9606.ENSP00000408005 9606.ENSP00000333568 0 0 0 0 177 0 46 181 
9606.ENSP00000408005 9606.ENSP00000263800 0 0 0 0 185 0 0 185 
9606.ENSP00000408005 9606.ENSP00000269321 0 0 0 76 0 0 166 196 
9606.ENSP00000408005 9606.ENSP00000360184 0 0 0 0 0 0 182 182 
9606.ENSP00000408005 9606.ENSP00000390158 0 0 0 0 167 0 42 167 
9606.ENSP00000408005 9606.ENSP00000228872 0 0 0 0 0 0 222 222 
9606.ENSP00000408005 9606.ENSP00000327145 0 0 0 108 73 0 82 175 
9606.ENSP00000408005 9606.ENSP00000443256 0 0 0 49 406 900 814 988 
9606.ENSP00000408005 9606.ENSP00000332454 0 0 0 0 262 0 0 262 
9606.ENSP00000408005 9606.ENSP00000340913 0 0 0 49 300 0 160 392 
9606.ENSP00000408005 9606.ENSP00000470298 0 0 0 76 134 0 59 181 
9606.ENSP00000408005 9606.ENSP00000429808 0 0 0 0 190 0 0 190 
9606.ENSP00000408005 9606.ENSP00000427661 0 0 0 51 0 0 144 153 
9606.ENSP00000408005 9606.ENSP00000389910 0 0 0 0 167 0 42 167 
9606.ENSP00000408005 9606.ENSP00000429601 0 0 0 0 190 0 0 190 
9606.ENSP00000408005 9606.ENSP00000363023 0 0 0 67 202 0 0 223 
9606.ENSP00000408005 9606.ENSP00000356130 0 0 0 0 185 0 0 185 
9606.ENSP00000408005 9606.ENSP00000005260 0 0 0 0 78 0 116 150 
9606.ENSP00000408005 9606.ENSP00000314029 0 0 0 76 0 0 171 201 
9606.ENSP00000408005 9606.ENSP00000217426 0 0 0 0 182 0 58 196 
9606.ENSP00000408005 9606.ENSP00000388107 0 0 0 0 185 0 58 199 
9606.ENSP00000408005 9606.ENSP00000309591 0 0 0 69 402 0 0 419 
9606.ENSP00000408005 9606.ENSP00000347883 0 0 0 0 197 0 0 197 
9606.ENSP00000408005 9606.ENSP00000386788 0 0 0 0 177 0 290 390 
9606.ENSP00000408005 9606.ENSP00000349436 0 0 0 135 0 0 76 166 
9606.ENSP00000408005 9606.ENSP00000468678 0 0 0 0 185 0 0 185 
9606.ENSP00000408005 9606.ENSP00000337825 0 0 0 0 185 0 41 185 
9606.ENSP00000408005 9606.ENSP00000355689 0 0 0 74 81 0 387 433 
9606.ENSP00000408005 9606.ENSP00000356530 0 0 0 0 262 0 66 281 
9606.ENSP00000408005 9606.ENSP00000359424 0 0 0 0 185 0 128 258 
9606.ENSP00000408005 9606.ENSP00000478606 0 0 0 0 190 0 0 190 
9606.ENSP00000408005 9606.ENSP00000344456 0 0 0 0 162 0 214 314 
9606.ENSP00000408005 9606.ENSP00000359795 0 0 0 62 0 0 173 191 
9606.ENSP00000408005 9606.ENSP00000312506 0 0 0 139 130 0 0 218 
9606.ENSP00000408005 9606.ENSP00000371614 0 0 0 86 0 0 135 176 
9606.ENSP00000408005 9606.ENSP00000219240 0 0 0 0 0 0 523 523 
9606.ENSP00000408005 9606.ENSP00000479618 0 0 0 0 0 0 195 195 
9606.ENSP00000408005 9606.ENSP00000392828 0 0 0 111 84 0 99 202 
9606.ENSP00000408005 9606.ENSP00000320378 0 0 0 0 0 0 167 167 
9606.ENSP00000408005 9606.ENSP00000359804 0 0 0 0 157 0 48 163 
9606.ENSP00000408005 9606.ENSP00000262903 0 0 0 0 185 0 0 185 
9606.ENSP00000408005 9606.ENSP00000268603 0 0 0 0 190 0 64 209 
9606.ENSP00000408005 9606.ENSP00000471457 0 0 0 0 185 0 0 185 
9606.ENSP00000408005 9606.ENSP00000255381 0 0 0 60 134 0 54 162 
9606.ENSP00000408005 9606.ENSP00000348635 0 0 0 0 0 0 354 354 
9606.ENSP00000408005 9606.ENSP00000355583 0 0 0 0 185 0 0 185 
9606.ENSP00000408005 9606.ENSP00000357177 0 0 0 65 157 0 187 303 
9606.ENSP00000408005 9606.ENSP00000365693 0 0 0 49 0 0 237 243 
9606.ENSP00000408005 9606.ENSP00000362649 0 0 0 0 156 0 0 156 
9606.ENSP00000408005 9606.ENSP00000434655 0 0 0 0 190 0 0 190 
9606.ENSP00000408005 9606.ENSP00000370989 0 0 0 0 0 0 256 256 
9606.ENSP00000408005 9606.ENSP00000347495 0 0 0 0 60 0 245 260 
9606.ENSP00000408005 9606.ENSP00000366249 0 0 0 0 183 0 0 183 
9606.ENSP00000408005 9606.ENSP00000477213 0 0 0 55 0 0 144 156 
9606.ENSP00000408005 9606.ENSP00000369027 0 0 0 49 300 0 510 646 
9606.ENSP00000408005 9606.ENSP00000384312 0 0 0 61 0 0 339 353 
9606.ENSP00000408005 9606.ENSP00000464265 0 0 0 0 183 0 0 183 
9606.ENSP00000408005 9606.ENSP00000261800 0 0 0 0 185 0 0 185 
9606.ENSP00000408005 9606.ENSP00000366927 0 0 0 0 85 0 122 162 
9606.ENSP00000408005 9606.ENSP00000378427 0 0 0 0 0 0 315 315 
9606.ENSP00000408005 9606.ENSP00000381736 0 0 0 0 105 0 116 175 
9606.ENSP00000408005 9606.ENSP00000322450 0 0 0 0 822 0 0 822 
9606.ENSP00000408005 9606.ENSP00000005226 0 0 0 0 120 0 177 244 
9606.ENSP00000408005 9606.ENSP00000429842 0 0 0 0 96 0 404 438 
9606.ENSP00000408005 9606.ENSP00000360608 0 0 0 96 91 0 56 157 
9606.ENSP00000408005 9606.ENSP00000300061 0 0 0 0 59 0 265 279 
9606.ENSP00000408005 9606.ENSP00000466363 0 0 0 113 81 0 57 165 
9606.ENSP00000408005 9606.ENSP00000390651 0 0 0 0 185 0 49 191 
9606.ENSP00000408005 9606.ENSP00000349156 0 0 0 0 379 0 0 379 
9606.ENSP00000408005 9606.ENSP00000171887 0 0 0 90 84 0 216 289 
9606.ENSP00000408005 9606.ENSP00000302324 0 0 0 0 0 0 217 217 
9606.ENSP00000408005 9606.ENSP00000266088 0 0 0 0 0 0 314 314 
9606.ENSP00000408005 9606.ENSP00000263826 0 0 0 0 185 0 0 185 
9606.ENSP00000408005 9606.ENSP00000262316 0 0 0 151 0 0 0 151 
9606.ENSP00000408005 9606.ENSP00000485478 0 0 0 0 190 0 0 190 
9606.ENSP00000408005 9606.ENSP00000215832 0 0 0 0 0 0 210 210 
9606.ENSP00000408005 9606.ENSP00000425261 0 0 0 0 0 0 150 150 
9606.ENSP00000408005 9606.ENSP00000272233 0 0 0 92 185 0 122 293 
9606.ENSP00000408005 9606.ENSP00000358404 0 0 0 50 173 0 0 180 
9606.ENSP00000408005 9606.ENSP00000215882 0 0 0 61 0 0 190 207 
9606.ENSP00000408005 9606.ENSP00000362125 0 0 0 0 190 0 0 190 
9606.ENSP00000408005 9606.ENSP00000361107 0 0 0 0 185 0 248 360 
9606.ENSP00000408005 9606.ENSP00000289749 0 0 0 181 0 0 0 181 
9606.ENSP00000408005 9606.ENSP00000361467 0 0 0 61 81 0 269 314 
9606.ENSP00000408005 9606.ENSP00000282111 0 0 0 50 173 0 56 193 
9606.ENSP00000408005 9606.ENSP00000350005 0 0 0 0 0 0 216 216 
9606.ENSP00000408005 9606.ENSP00000287820 0 0 0 0 52 0 253 261 
9606.ENSP00000408005 9606.ENSP00000219066 0 0 0 62 0 0 449 461 
9606.ENSP00000408005 9606.ENSP00000480428 0 0 0 0 0 0 171 171 
9606.ENSP00000408005 9606.ENSP00000335632 0 0 0 0 64 0 286 303 
9606.ENSP00000408005 9606.ENSP00000345751 0 0 0 0 59 0 161 176 
9606.ENSP00000408005 9606.ENSP00000259089 0 0 0 0 185 0 0 185 
9606.ENSP00000408005 9606.ENSP00000264552 0 0 0 0 177 0 66 198 
9606.ENSP00000408005 9606.ENSP00000417509 0 0 0 0 0 0 287 287 
9606.ENSP00000408005 9606.ENSP00000373600 0 0 0 0 186 0 56 198 
9606.ENSP00000408005 9606.ENSP00000261427 0 0 0 0 177 0 82 212 
9606.ENSP00000408005 9606.ENSP00000451261 0 0 0 0 177 0 0 177 
9606.ENSP00000408005 9606.ENSP00000231790 0 0 0 55 0 0 186 197 
9606.ENSP00000408005 9606.ENSP00000426070 0 0 0 49 300 0 49 311 
9606.ENSP00000408005 9606.ENSP00000393557 0 0 0 60 0 0 180 197 
9606.ENSP00000408005 9606.ENSP00000299752 0 0 0 0 190 0 0 190 
9606.ENSP00000408005 9606.ENSP00000437790 0 0 0 0 190 0 0 190 
9606.ENSP00000408005 9606.ENSP00000372193 0 0 0 76 0 0 133 165 
9606.ENSP00000408005 9606.ENSP00000434729 0 0 0 0 0 0 155 155 
9606.ENSP00000408005 9606.ENSP00000367177 0 0 0 0 190 0 0 190 
9606.ENSP00000408005 9606.ENSP00000415090 0 0 0 62 185 0 124 272 
9606.ENSP00000408005 9606.ENSP00000364907 0 0 0 0 185 0 55 196 
9606.ENSP00000408005 9606.ENSP00000380178 0 0 0 0 177 0 0 177 
9606.ENSP00000408005 9606.ENSP00000303366 0 0 0 66 0 0 156 179 
9606.ENSP00000408005 9606.ENSP00000381549 0 0 0 0 267 0 43 268 
9606.ENSP00000408005 9606.ENSP00000481824 0 0 0 132 80 0 0 167 
9606.ENSP00000408005 9606.ENSP00000263640 0 0 0 0 185 0 0 185 
9606.ENSP00000408005 9606.ENSP00000454836 0 0 0 0 0 0 378 378 
9606.ENSP00000408005 9606.ENSP00000194152 0 0 0 69 190 0 0 213 
9606.ENSP00000408005 9606.ENSP00000469413 0 0 0 64 0 0 211 229 
9606.ENSP00000408005 9606.ENSP00000303830 0 0 0 0 185 0 0 185 
9606.ENSP00000408005 9606.ENSP00000251472 0 0 0 52 0 0 310 317 
9606.ENSP00000408005 9606.ENSP00000353608 0 0 0 0 190 0 0 190 
9606.ENSP00000408005 9606.ENSP00000262304 0 0 0 76 0 0 177 207 
9606.ENSP00000408005 9606.ENSP00000367879 0 0 0 0 0 0 156 156 
9606.ENSP00000408005 9606.ENSP00000356832 0 0 0 0 379 0 789 863 
9606.ENSP00000408005 9606.ENSP00000295408 0 0 0 0 185 0 0 185 
9606.ENSP00000408005 9606.ENSP00000263925 0 0 0 0 65 0 314 332 
9606.ENSP00000408005 9606.ENSP00000205890 0 0 0 62 185 0 105 256 
9606.ENSP00000408005 9606.ENSP00000319254 0 0 0 62 0 0 173 191 
9606.ENSP00000408005 9606.ENSP00000320246 0 0 0 0 0 0 673 673 
9606.ENSP00000408005 9606.ENSP00000420840 0 0 0 0 190 0 0 190 
9606.ENSP00000408005 9606.ENSP00000364860 0 0 0 0 185 0 0 185 
9606.ENSP00000408005 9606.ENSP00000356587 0 0 0 0 0 0 283 283 
9606.ENSP00000408005 9606.ENSP00000378058 0 0 0 110 76 0 50 150 
9606.ENSP00000408005 9606.ENSP00000164024 0 0 0 0 185 0 50 192 
9606.ENSP00000408005 9606.ENSP00000303766 0 0 0 70 0 0 187 211 
9606.ENSP00000408005 9606.ENSP00000371267 0 0 0 0 186 0 50 193 
9606.ENSP00000408005 9606.ENSP00000262613 0 0 0 0 0 900 97 905 
9606.ENSP00000408005 9606.ENSP00000257192 0 0 0 0 190 0 146 278 
9606.ENSP00000408005 9606.ENSP00000485172 0 0 0 0 0 0 409 409 
9606.ENSP00000408005 9606.ENSP00000368190 0 0 0 0 84 0 162 199 
9606.ENSP00000408005 9606.ENSP00000391676 0 0 0 0 185 0 50 192 
9606.ENSP00000408005 9606.ENSP00000345997 0 0 0 76 185 0 127 285 
9606.ENSP00000408005 9606.ENSP00000381992 0 0 0 0 51 0 237 245 
9606.ENSP00000408005 9606.ENSP00000347244 0 0 0 0 156 0 0 156 
9606.ENSP00000408005 9606.ENSP00000427211 0 0 0 55 0 0 149 162 
9606.ENSP00000408005 9606.ENSP00000356102 0 0 0 0 61 0 267 283 
9606.ENSP00000408005 9606.ENSP00000358515 0 0 0 0 0 0 183 183 
9606.ENSP00000408005 9606.ENSP00000253807 0 0 0 0 190 0 0 190 
9606.ENSP00000408005 9606.ENSP00000295797 0 0 0 0 366 0 86 395 
9606.ENSP00000408005 9606.ENSP00000280155 0 0 0 61 84 0 104 162 
9606.ENSP00000408005 9606.ENSP00000358997 0 0 0 60 185 0 49 207 
9606.ENSP00000408005 9606.ENSP00000370669 0 0 0 62 0 0 151 169 
9606.ENSP00000408005 9606.ENSP00000439807 0 0 0 76 0 0 149 180 
9606.ENSP00000408005 9606.ENSP00000399229 0 0 0 129 0 0 293 357 
9606.ENSP00000408005 9606.ENSP00000345195 0 0 0 0 183 0 0 183 
9606.ENSP00000408005 9606.ENSP00000349722 0 0 0 0 177 0 0 177 
9606.ENSP00000408005 9606.ENSP00000462701 0 0 0 0 190 0 64 209 
9606.ENSP00000408005 9606.ENSP00000253812 0 0 0 76 190 0 0 219 
9606.ENSP00000408005 9606.ENSP00000367766 0 0 0 0 167 0 59 182 
9606.ENSP00000408005 9606.ENSP00000431418 0 0 0 0 185 0 0 185 
9606.ENSP00000408005 9606.ENSP00000304234 0 0 0 0 190 0 0 190 
9606.ENSP00000408005 9606.ENSP00000304604 0 0 0 0 178 0 326 422 
9606.ENSP00000408005 9606.ENSP00000309597 0 0 0 0 185 0 0 185 
9606.ENSP00000408005 9606.ENSP00000313391 0 0 0 60 97 0 85 155 
9606.ENSP00000408005 9606.ENSP00000440045 0 0 0 64 53 0 212 240 
9606.ENSP00000408005 9606.ENSP00000256367 0 0 0 61 0 0 192 209 
9606.ENSP00000408005 9606.ENSP00000378207 0 0 0 0 0 0 228 228 
9606.ENSP00000408005 9606.ENSP00000379438 0 0 0 0 0 0 177 177 
9606.ENSP00000408005 9606.ENSP00000353414 0 0 0 0 379 0 496 673 
9606.ENSP00000408005 9606.ENSP00000478258 0 0 0 69 190 0 0 213 
9606.ENSP00000408005 9606.ENSP00000003084 0 0 0 0 454 0 785 878 
9606.ENSP00000408005 9606.ENSP00000225983 0 0 0 59 147 0 0 163 
9606.ENSP00000408005 9606.ENSP00000334329 0 0 0 88 0 0 131 173 
9606.ENSP00000408005 9606.ENSP00000350708 0 0 0 0 183 0 0 183 
9606.ENSP00000408005 9606.ENSP00000371587 0 0 0 0 64 0 232 250 
9606.ENSP00000408005 9606.ENSP00000220597 0 0 0 0 0 0 197 197 
9606.ENSP00000408005 9606.ENSP00000320634 0 0 0 0 238 0 69 260 
9606.ENSP00000408005 9606.ENSP00000398632 0 0 0 0 0 0 163 163 
9606.ENSP00000408005 9606.ENSP00000262738 0 0 0 0 185 0 58 199 
9606.ENSP00000408005 9606.ENSP00000378485 0 0 0 0 185 0 0 185 
9606.ENSP00000408005 9606.ENSP00000324527 0 0 0 0 134 0 90 178 
9606.ENSP00000408005 9606.ENSP00000200652 0 0 0 0 238 0 129 308 
9606.ENSP00000408005 9606.ENSP00000347507 0 0 0 60 134 0 54 162 
9606.ENSP00000408005 9606.ENSP00000345731 0 0 0 59 81 0 223 269 
9606.ENSP00000408005 9606.ENSP00000467024 0 0 0 0 183 0 0 183 
9606.ENSP00000408005 9606.ENSP00000222305 0 0 0 65 0 0 220 239 
9606.ENSP00000408005 9606.ENSP00000379934 0 0 0 0 0 0 196 196 
9606.ENSP00000408005 9606.ENSP00000427562 0 0 0 0 185 0 0 185 
9606.ENSP00000408005 9606.ENSP00000346032 0 0 0 0 0 0 443 443 
9606.ENSP00000408005 9606.ENSP00000357178 0 0 0 0 185 0 0 185 
9606.ENSP00000408005 9606.ENSP00000340361 0 0 0 0 185 0 46 189 
9606.ENSP00000408005 9606.ENSP00000361625 0 0 0 0 0 0 345 345 
9606.ENSP00000408005 9606.ENSP00000351325 0 0 0 0 0 0 294 294 
9606.ENSP00000408005 9606.ENSP00000352785 0 0 0 0 190 0 0 190 
9606.ENSP00000408005 9606.ENSP00000425556 0 0 0 59 0 0 370 381 
9606.ENSP00000408005 9606.ENSP00000246069 0 0 0 65 0 0 172 193 
9606.ENSP00000408005 9606.ENSP00000345359 0 0 0 80 0 0 266 295 
9606.ENSP00000408005 9606.ENSP00000265310 0 0 0 0 299 0 753 819 
9606.ENSP00000408005 9606.ENSP00000261890 0 0 0 0 55 0 187 199 
9606.ENSP00000408005 9606.ENSP00000264335 0 0 0 0 186 0 50 193 
9606.ENSP00000408005 9606.ENSP00000288602 0 0 0 0 185 0 0 185 
9606.ENSP00000408005 9606.ENSP00000367882 0 0 0 0 0 0 355 355 
9606.ENSP00000408005 9606.ENSP00000269305 0 0 0 0 0 0 189 189 
9606.ENSP00000408005 9606.ENSP00000480364 0 0 0 46 167 0 86 210 
9606.ENSP00000408005 9606.ENSP00000337838 0 0 0 0 386 0 0 386 
9606.ENSP00000408005 9606.ENSP00000357484 0 0 0 0 0 0 547 547 
9606.ENSP00000408005 9606.ENSP00000297282 0 0 0 0 0 0 220 220 
9606.ENSP00000408005 9606.ENSP00000457991 0 0 0 0 560 0 86 581 
9606.ENSP00000408005 9606.ENSP00000305372 0 0 0 0 371 0 233 497 
9606.ENSP00000408005 9606.ENSP00000358674 0 0 0 70 184 0 0 208 
9606.ENSP00000408005 9606.ENSP00000285379 0 0 0 64 83 0 217 269 
9606.ENSP00000408005 9606.ENSP00000241261 0 0 0 0 0 0 252 252 
9606.ENSP00000408005 9606.ENSP00000307508 0 0 0 76 80 0 117 183 
9606.ENSP00000408005 9606.ENSP00000481994 0 0 0 0 185 0 0 185 
9606.ENSP00000408005 9606.ENSP00000389715 0 0 0 0 185 0 0 185 
9606.ENSP00000408005 9606.ENSP00000302665 0 0 0 0 0 0 213 213 
9606.ENSP00000408005 9606.ENSP00000307234 0 0 0 0 190 0 58 204 
9606.ENSP00000408005 9606.ENSP00000469689 0 0 0 62 162 0 505 577 
9606.ENSP00000408005 9606.ENSP00000305974 0 0 0 0 237 0 0 237 
9606.ENSP00000408005 9606.ENSP00000259808 0 0 0 0 185 0 0 185 
9606.ENSP00000408005 9606.ENSP00000379287 0 0 0 0 186 0 50 193 
9606.ENSP00000408005 9606.ENSP00000417085 0 0 0 62 0 0 413 426 
9606.ENSP00000408005 9606.ENSP00000341292 0 0 0 0 0 0 192 192 
9606.ENSP00000408005 9606.ENSP00000426948 0 0 0 0 0 0 202 202 
9606.ENSP00000408005 9606.ENSP00000295731 0 0 0 0 0 0 189 189 
9606.ENSP00000408005 9606.ENSP00000252085 0 0 0 69 190 0 0 213 
9606.ENSP00000408005 9606.ENSP00000326627 0 0 0 0 165 0 0 165 
9606.ENSP00000408005 9606.ENSP00000361021 0 0 0 62 419 900 253 953 
9606.ENSP00000408005 9606.ENSP00000316338 0 0 0 98 127 0 160 280 
9606.ENSP00000408005 9606.ENSP00000351118 0 0 0 0 190 0 45 193 
9606.ENSP00000408005 9606.ENSP00000386069 0 0 0 76 84 0 77 151 
9606.ENSP00000408005 9606.ENSP00000322390 0 0 0 0 0 0 186 186 
9606.ENSP00000408005 9606.ENSP00000377867 0 0 0 47 0 0 261 265 
9606.ENSP00000408005 9606.ENSP00000442397 0 0 0 0 51 0 221 229 
9606.ENSP00000408005 9606.ENSP00000257776 0 0 0 0 130 0 105 188 
9606.ENSP00000408005 9606.ENSP00000367059 0 0 0 62 88 0 340 386 
9606.ENSP00000408005 9606.ENSP00000341815 0 0 0 174 0 0 0 174 
9606.ENSP00000408005 9606.ENSP00000401303 0 0 0 0 0 0 250 250 
9606.ENSP00000408005 9606.ENSP00000367830 0 0 0 0 366 0 86 395 
9606.ENSP00000408005 9606.ENSP00000369497 0 0 0 0 0 0 186 186 
9606.ENSP00000408005 9606.ENSP00000008391 0 0 0 0 0 0 169 169 
9606.ENSP00000408005 9606.ENSP00000349486 0 0 0 90 59 0 131 191 
9606.ENSP00000408005 9606.ENSP00000262150 0 0 0 0 190 0 56 202 
9606.ENSP00000408005 9606.ENSP00000394485 0 0 0 59 361 0 217 488 
9606.ENSP00000408005 9606.ENSP00000376432 0 0 0 0 301 0 529 657 
9606.ENSP00000408005 9606.ENSP00000265605 0 0 0 0 85 0 454 479 
9606.ENSP00000408005 9606.ENSP00000368699 0 0 0 0 184 0 96 230 
9606.ENSP00000408005 9606.ENSP00000258930 0 0 0 0 64 0 150 171 
9606.ENSP00000408005 9606.ENSP00000365757 0 0 0 58 81 0 106 159 
9606.ENSP00000408005 9606.ENSP00000262990 0 0 0 0 0 0 377 377 
9606.ENSP00000408005 9606.ENSP00000430024 0 0 0 65 190 0 0 210 
9606.ENSP00000408005 9606.ENSP00000362115 0 0 0 0 59 0 141 157 
9606.ENSP00000408005 9606.ENSP00000269141 0 0 0 0 190 0 73 217 
9606.ENSP00000408005 9606.ENSP00000381216 0 0 0 63 157 0 48 182 
9606.ENSP00000408005 9606.ENSP00000262717 0 0 0 0 190 0 0 190 
9606.ENSP00000408005 9606.ENSP00000400175 0 0 0 0 190 0 295 404 
9606.ENSP00000408005 9606.ENSP00000481045 0 0 0 88 185 0 0 224 
9606.ENSP00000408005 9606.ENSP00000352121 0 0 0 0 0 0 222 222 
9606.ENSP00000408005 9606.ENSP00000357693 0 0 0 151 0 0 0 151 
9606.ENSP00000408005 9606.ENSP00000417626 0 0 0 0 0 0 168 168 
9606.ENSP00000408005 9606.ENSP00000264072 0 0 0 0 0 0 191 191 
9606.ENSP00000408005 9606.ENSP00000421981 0 0 0 0 0 0 164 164 
9606.ENSP00000408005 9606.ENSP00000461862 0 0 0 0 190 0 0 190 
9606.ENSP00000408005 9606.ENSP00000339484 0 0 0 61 184 0 0 201 
9606.ENSP00000408005 9606.ENSP00000347997 0 0 0 0 183 0 0 183 
9606.ENSP00000408005 9606.ENSP00000364277 0 0 0 0 156 0 0 156 
9606.ENSP00000408005 9606.ENSP00000380185 0 0 0 0 194 0 0 194 
9606.ENSP00000408005 9606.ENSP00000441365 0 0 0 77 0 0 131 163 
9606.ENSP00000408005 9606.ENSP00000381717 0 0 0 0 177 0 0 177 
9606.ENSP00000408005 9606.ENSP00000404860 0 0 0 0 0 0 665 665 
9606.ENSP00000408005 9606.ENSP00000304697 0 0 0 0 183 0 0 183 
9606.ENSP00000408005 9606.ENSP00000398610 0 0 0 0 864 0 50 865 
9606.ENSP00000408005 9606.ENSP00000258787 0 0 0 0 134 0 90 178 
9606.ENSP00000408005 9606.ENSP00000300900 0 0 0 61 83 0 118 174 
9606.ENSP00000408005 9606.ENSP00000261609 0 0 0 0 167 0 42 167 
9606.ENSP00000408005 9606.ENSP00000263087 0 0 0 0 0 0 254 254 
9606.ENSP00000408005 9606.ENSP00000292301 0 0 0 0 84 0 231 265 
9606.ENSP00000408005 9606.ENSP00000319388 0 0 0 58 185 0 0 199 
9606.ENSP00000408005 9606.ENSP00000258168 0 0 0 0 0 0 167 167 
9606.ENSP00000408005 9606.ENSP00000262942 0 0 0 0 0 0 313 313 
9606.ENSP00000408005 9606.ENSP00000338671 0 0 0 61 55 0 121 151 
9606.ENSP00000408005 9606.ENSP00000332737 0 0 0 0 0 0 424 424 
9606.ENSP00000408005 9606.ENSP00000261622 0 0 0 0 0 0 200 200 
9606.ENSP00000408005 9606.ENSP00000264360 0 0 0 0 190 0 0 190 
9606.ENSP00000408005 9606.ENSP00000381768 0 0 0 0 280 0 183 387 
9606.ENSP00000408005 9606.ENSP00000297508 0 0 0 148 83 0 0 185 
9606.ENSP00000408005 9606.ENSP00000371689 0 0 0 0 190 0 0 190 
9606.ENSP00000408005 9606.ENSP00000431083 0 0 0 0 190 0 0 190 
9606.ENSP00000408005 9606.ENSP00000256797 0 0 0 0 185 0 0 185 
9606.ENSP00000408005 9606.ENSP00000367408 0 0 0 0 86 0 210 247 
9606.ENSP00000408005 9606.ENSP00000350896 0 0 0 63 185 0 0 203 
9606.ENSP00000408005 9606.ENSP00000387123 0 0 0 0 167 0 0 167 
9606.ENSP00000408005 9606.ENSP00000261769 0 0 0 0 240 0 146 323 
9606.ENSP00000408005 9606.ENSP00000304501 0 0 0 0 325 0 212 446 
9606.ENSP00000408005 9606.ENSP00000277541 0 0 0 55 76 0 221 260 
9606.ENSP00000408005 9606.ENSP00000361935 0 0 0 0 64 0 200 219 
9606.ENSP00000408005 9606.ENSP00000450895 0 0 0 0 185 0 0 185 
9606.ENSP00000408005 9606.ENSP00000264051 0 0 0 110 157 0 0 217 
9606.ENSP00000408005 9606.ENSP00000365188 0 0 0 0 0 0 171 171 
9606.ENSP00000408005 9606.ENSP00000219439 0 0 0 0 0 0 202 202 
9606.ENSP00000408005 9606.ENSP00000362836 0 0 0 0 156 0 0 156 
9606.ENSP00000408005 9606.ENSP00000410339 0 0 0 0 448 0 0 448 
9606.ENSP00000408005 9606.ENSP00000263228 0 0 0 0 177 0 0 177 
9606.ENSP00000408005 9606.ENSP00000264316 0 0 0 0 185 0 0 185 
9606.ENSP00000408005 9606.ENSP00000265171 0 0 0 0 50 0 209 216 
9606.ENSP00000408005 9606.ENSP00000378965 0 0 0 0 0 0 256 256 
9606.ENSP00000408005 9606.ENSP00000338191 0 0 0 0 0 0 251 251 
9606.ENSP00000408005 9606.ENSP00000231449 0 0 0 0 0 0 185 185 
9606.ENSP00000408005 9606.ENSP00000317985 0 0 0 0 185 0 89 226 
9606.ENSP00000408005 9606.ENSP00000438262 0 0 0 0 61 0 139 157 
9606.ENSP00000408005 9606.ENSP00000442656 0 0 0 0 185 0 0 185 
9606.ENSP00000408005 9606.ENSP00000274963 0 0 0 0 156 0 0 156 
9606.ENSP00000408005 9606.ENSP00000371798 0 0 0 76 0 0 145 176 
9606.ENSP00000408005 9606.ENSP00000379616 0 0 0 60 134 0 54 162 
9606.ENSP00000408005 9606.ENSP00000370194 0 0 0 63 0 0 222 239 
9606.ENSP00000408005 9606.ENSP00000345344 0 0 0 86 94 0 191 272 
9606.ENSP00000408005 9606.ENSP00000357008 0 0 0 0 0 0 171 171 
9606.ENSP00000408005 9606.ENSP00000469981 0 0 0 0 328 0 0 328 
9606.ENSP00000408005 9606.ENSP00000457703 0 0 0 0 183 0 0 183 
9606.ENSP00000408005 9606.ENSP00000447300 0 0 0 0 0 0 230 230 
9606.ENSP00000408005 9606.ENSP00000295269 0 0 0 62 0 0 691 698 
9606.ENSP00000408005 9606.ENSP00000368994 0 0 0 0 179 0 85 216 
9606.ENSP00000408005 9606.ENSP00000272317 0 0 0 0 184 0 87 223 
9606.ENSP00000408005 9606.ENSP00000264012 0 0 0 0 190 0 0 190 
9606.ENSP00000408005 9606.ENSP00000439625 0 0 0 98 194 0 73 267 
9606.ENSP00000408005 9606.ENSP00000431482 0 0 0 0 184 0 55 195 
9606.ENSP00000408005 9606.ENSP00000261590 0 0 0 0 190 0 0 190 
9606.ENSP00000408005 9606.ENSP00000427926 0 0 0 70 55 0 116 155 
9606.ENSP00000408005 9606.ENSP00000368872 0 0 0 0 187 0 63 205 
9606.ENSP00000408005 9606.ENSP00000332256 0 0 0 88 85 0 69 156 
9606.ENSP00000408005 9606.ENSP00000281537 0 0 0 76 61 0 565 590 
9606.ENSP00000408005 9606.ENSP00000361930 0 0 0 47 186 0 50 198 
9606.ENSP00000408005 9606.ENSP00000241416 0 0 0 0 185 0 0 185 
9606.ENSP00000408005 9606.ENSP00000348019 0 0 0 0 161 0 0 161 
9606.ENSP00000408005 9606.ENSP00000442460 0 0 0 0 185 0 0 185 
9606.ENSP00000408005 9606.ENSP00000356515 0 0 0 0 81 0 122 159 
9606.ENSP00000408005 9606.ENSP00000445306 0 0 0 70 51 0 115 151 
9606.ENSP00000408005 9606.ENSP00000371554 0 0 0 152 0 0 49 159 
9606.ENSP00000408005 9606.ENSP00000386213 0 0 0 55 261 0 543 653 
9606.ENSP00000408005 9606.ENSP00000261693 0 0 0 63 0 0 483 494 
9606.ENSP00000408005 9606.ENSP00000348838 0 0 0 0 177 0 0 177 
9606.ENSP00000408005 9606.ENSP00000367203 0 0 0 0 156 0 0 156 
9606.ENSP00000408005 9606.ENSP00000353292 0 0 0 61 59 0 228 258 
9606.ENSP00000408005 9606.ENSP00000329967 0 0 0 0 185 0 0 185 
9606.ENSP00000408005 9606.ENSP00000485514 0 0 0 0 190 0 46 194 
9606.ENSP00000408005 9606.ENSP00000302530 0 0 0 0 0 0 195 195 
9606.ENSP00000408005 9606.ENSP00000337451 0 0 0 0 185 0 0 185 
9606.ENSP00000408005 9606.ENSP00000276571 0 0 0 0 0 0 189 189 
9606.ENSP00000408005 9606.ENSP00000265944 0 0 0 55 261 0 410 552 
9606.ENSP00000408005 9606.ENSP00000350467 0 0 0 0 0 0 222 222 
9606.ENSP00000408005 9606.ENSP00000385824 0 0 0 0 0 0 229 229 
9606.ENSP00000408005 9606.ENSP00000368966 0 0 0 49 300 0 49 311 
9606.ENSP00000408005 9606.ENSP00000428968 0 0 0 0 66 0 141 163 
9606.ENSP00000408005 9606.ENSP00000366084 0 0 0 51 345 0 187 451 
9606.ENSP00000408005 9606.ENSP00000349493 0 0 0 0 0 0 224 224 
9606.ENSP00000408005 9606.ENSP00000354837 0 0 0 0 156 0 0 156 
9606.ENSP00000408005 9606.ENSP00000288235 0 0 0 0 134 0 188 267 
9606.ENSP00000408005 9606.ENSP00000301455 0 0 0 76 0 0 128 159 
9606.ENSP00000408005 9606.ENSP00000268613 0 0 0 0 190 0 0 190 
9606.ENSP00000408005 9606.ENSP00000406220 0 0 0 0 0 0 251 251 
9606.ENSP00000408005 9606.ENSP00000219255 0 0 0 61 194 0 67 232 
9606.ENSP00000408005 9606.ENSP00000307265 0 0 0 98 157 0 0 207 
9606.ENSP00000408005 9606.ENSP00000305941 0 0 0 0 64 0 170 190 
9606.ENSP00000408005 9606.ENSP00000200457 0 0 0 84 313 0 515 668 
9606.ENSP00000408005 9606.ENSP00000239446 0 0 0 74 190 0 0 217 
9606.ENSP00000408005 9606.ENSP00000227507 0 0 0 98 0 0 220 266 
9606.ENSP00000408005 9606.ENSP00000368104 0 0 0 0 0 0 227 227 
9606.ENSP00000408005 9606.ENSP00000011898 0 0 0 163 0 0 0 163 
9606.ENSP00000408005 9606.ENSP00000290277 0 0 0 0 185 0 405 494 
9606.ENSP00000408005 9606.ENSP00000337907 0 0 0 0 81 0 263 293 
9606.ENSP00000408005 9606.ENSP00000254442 0 0 0 0 0 0 181 181 
9606.ENSP00000408005 9606.ENSP00000363553 0 0 0 76 343 0 354 574 
9606.ENSP00000408005 9606.ENSP00000304783 0 0 0 0 125 0 101 179 
9606.ENSP00000408005 9606.ENSP00000231137 0 0 0 79 190 0 0 222 
9606.ENSP00000408005 9606.ENSP00000395708 0 0 0 133 0 0 423 478 
9606.ENSP00000408005 9606.ENSP00000276052 0 0 0 65 0 0 136 158 
9606.ENSP00000408005 9606.ENSP00000355026 0 0 0 0 156 0 0 156 
9606.ENSP00000408005 9606.ENSP00000355064 0 0 0 151 0 0 0 151 
9606.ENSP00000408005 9606.ENSP00000303709 0 0 0 0 177 0 0 177 
9606.ENSP00000408005 9606.ENSP00000273853 0 0 0 0 0 0 250 250 
9606.ENSP00000408005 9606.ENSP00000253796 0 0 0 88 0 0 108 151 
9606.ENSP00000408005 9606.ENSP00000303908 0 0 0 0 0 0 242 242 
9606.ENSP00000408005 9606.ENSP00000371483 0 0 0 0 81 0 177 212 
9606.ENSP00000408005 9606.ENSP00000355645 0 0 0 62 50 0 258 281 
9606.ENSP00000408005 9606.ENSP00000360116 0 0 0 0 177 0 0 177 
9606.ENSP00000408005 9606.ENSP00000343204 0 0 0 0 185 0 50 192 
9606.ENSP00000408005 9606.ENSP00000351926 0 0 0 87 96 0 139 228 
9606.ENSP00000408005 9606.ENSP00000304895 0 0 0 83 0 0 238 272 
9606.ENSP00000408005 9606.ENSP00000215574 0 0 0 71 177 0 0 202 
9606.ENSP00000408005 9606.ENSP00000351475 0 0 0 0 194 0 0 194 
9606.ENSP00000408005 9606.ENSP00000324856 0 0 0 0 77 0 237 265 
9606.ENSP00000408005 9606.ENSP00000354623 0 0 0 0 0 0 157 157 
9606.ENSP00000408005 9606.ENSP00000468837 0 0 0 55 187 0 50 206 
9606.ENSP00000408005 9606.ENSP00000375717 0 0 0 65 0 0 161 181 
9606.ENSP00000408005 9606.ENSP00000421280 0 0 0 62 185 0 57 216 
9606.ENSP00000408005 9606.ENSP00000252891 0 0 0 61 168 0 50 192 
9606.ENSP00000408005 9606.ENSP00000283228 0 0 0 70 54 0 326 355 
9606.ENSP00000408005 9606.ENSP00000381070 0 0 0 0 0 0 222 222 
9606.ENSP00000408005 9606.ENSP00000275227 0 0 0 0 526 0 42 526 
9606.ENSP00000408005 9606.ENSP00000376349 0 0 0 61 0 0 342 356 
9606.ENSP00000408005 9606.ENSP00000262138 0 0 0 0 0 0 202 202 
9606.ENSP00000408005 9606.ENSP00000483570 0 0 0 0 185 0 61 201 
9606.ENSP00000408005 9606.ENSP00000354558 0 0 0 0 0 0 186 186 
9606.ENSP00000408005 9606.ENSP00000260843 0 0 0 0 84 0 171 208 
9606.ENSP00000408005 9606.ENSP00000310722 0 0 0 0 185 0 0 185 
9606.ENSP00000408005 9606.ENSP00000377086 0 0 0 0 179 0 45 182 
9606.ENSP00000408005 9606.ENSP00000407586 0 0 0 88 395 0 41 425 
9606.ENSP00000408005 9606.ENSP00000384582 0 0 0 42 0 0 214 215 
9606.ENSP00000408005 9606.ENSP00000381382 0 0 0 0 185 0 0 185 
9606.ENSP00000408005 9606.ENSP00000384330 0 0 0 60 134 0 54 162 
9606.ENSP00000408005 9606.ENSP00000264938 0 0 0 95 379 0 874 923 
9606.ENSP00000408005 9606.ENSP00000296474 0 0 0 84 185 0 0 222 
9606.ENSP00000408005 9606.ENSP00000277120 0 0 0 0 185 0 0 185 
9606.ENSP00000408005 9606.ENSP00000354207 0 0 0 0 185 0 0 185 
9606.ENSP00000408005 9606.ENSP00000376410 0 0 0 117 0 0 133 201 
9606.ENSP00000408005 9606.ENSP00000248975 0 0 0 0 186 0 50 193 
9606.ENSP00000408005 9606.ENSP00000363976 0 0 0 0 0 0 203 203 
9606.ENSP00000408005 9606.ENSP00000433378 0 0 0 0 190 0 0 190 
9606.ENSP00000408005 9606.ENSP00000358814 0 0 0 0 182 0 319 419 
9606.ENSP00000408005 9606.ENSP00000411672 0 0 0 69 0 0 166 190 
9606.ENSP00000408005 9606.ENSP00000080059 0 0 0 61 147 0 41 164 
9606.ENSP00000408005 9606.ENSP00000246792 0 0 0 155 55 0 0 168 
9606.ENSP00000408005 9606.ENSP00000429022 0 0 0 0 0 0 223 223 
9606.ENSP00000408005 9606.ENSP00000386444 0 0 0 0 0 0 193 193 
9606.ENSP00000408005 9606.ENSP00000365272 0 0 0 59 81 0 177 227 
9606.ENSP00000408005 9606.ENSP00000353575 0 0 0 0 0 0 168 168 
9606.ENSP00000408005 9606.ENSP00000478767 0 0 0 87 50 0 134 183 
9606.ENSP00000408005 9606.ENSP00000352358 0 0 0 0 265 0 464 589 
9606.ENSP00000408005 9606.ENSP00000282276 0 0 0 0 377 0 0 377 
9606.ENSP00000408005 9606.ENSP00000336740 0 0 0 0 185 0 0 185 
9606.ENSP00000408005 9606.ENSP00000263253 0 0 0 0 53 0 213 222 
9606.ENSP00000408005 9606.ENSP00000346151 0 0 0 0 127 0 148 224 
9606.ENSP00000408005 9606.ENSP00000307046 0 0 0 58 0 0 153 168 
9606.ENSP00000408005 9606.ENSP00000262811 0 0 0 52 0 0 310 317 
9606.ENSP00000408005 9606.ENSP00000386331 0 0 0 62 185 0 212 345 
9606.ENSP00000408005 9606.ENSP00000265165 0 0 0 50 173 0 0 180 
9606.ENSP00000408005 9606.ENSP00000393596 0 0 0 0 177 0 50 184 
9606.ENSP00000408005 9606.ENSP00000381003 0 0 0 0 167 0 56 180 
9606.ENSP00000408005 9606.ENSP00000476145 0 0 0 0 185 0 0 185 
9606.ENSP00000408005 9606.ENSP00000441913 0 0 0 76 157 0 214 334 
9606.ENSP00000408005 9606.ENSP00000238647 0 0 0 0 156 0 0 156 
9606.ENSP00000408005 9606.ENSP00000480763 0 0 0 0 185 0 0 185 
9606.ENSP00000408005 9606.ENSP00000320217 0 0 0 76 125 0 256 346 
9606.ENSP00000408005 9606.ENSP00000352834 0 0 0 88 134 0 216 326 
9606.ENSP00000408005 9606.ENSP00000425093 0 0 0 0 190 0 0 190 
9606.ENSP00000408005 9606.ENSP00000171757 0 0 0 59 0 0 134 150 
9606.ENSP00000408005 9606.ENSP00000336587 0 0 0 117 0 0 82 154 
9606.ENSP00000408005 9606.ENSP00000377789 0 0 0 98 0 0 235 280 
9606.ENSP00000408005 9606.ENSP00000341779 0 0 0 0 163 0 57 176 
9606.ENSP00000408005 9606.ENSP00000439182 0 0 0 0 134 0 326 392 
9606.ENSP00000408005 9606.ENSP00000312070 0 0 0 87 190 0 0 228 
9606.ENSP00000408005 9606.ENSP00000341171 0 0 0 180 89 0 0 221 
9606.ENSP00000408005 9606.ENSP00000355731 0 0 0 65 185 0 81 239 
9606.ENSP00000408005 9606.ENSP00000419412 0 0 0 84 0 0 139 178 
9606.ENSP00000408005 9606.ENSP00000381589 0 0 0 0 190 0 0 190 
9606.ENSP00000408005 9606.ENSP00000346508 0 0 0 0 0 0 410 410 
9606.ENSP00000408005 9606.ENSP00000339095 0 0 0 0 186 0 0 186 
9606.ENSP00000408005 9606.ENSP00000389998 0 0 0 45 167 0 0 170 
9606.ENSP00000408005 9606.ENSP00000362186 0 0 0 0 185 0 0 185 
9606.ENSP00000408005 9606.ENSP00000243349 0 0 0 0 185 0 0 185 
9606.ENSP00000408005 9606.ENSP00000348056 0 0 0 66 177 0 0 199 
9606.ENSP00000408005 9606.ENSP00000357000 0 0 0 0 0 0 193 193 
9606.ENSP00000408005 9606.ENSP00000236877 0 0 0 62 0 0 151 169 
9606.ENSP00000408005 9606.ENSP00000478927 0 0 0 96 434 0 250 583 
9606.ENSP00000408005 9606.ENSP00000270747 0 0 0 0 156 0 0 156 
9606.ENSP00000408005 9606.ENSP00000257570 0 0 0 0 183 0 0 183 
9606.ENSP00000408005 9606.ENSP00000451828 0 0 0 70 185 0 250 381 
9606.ENSP00000408005 9606.ENSP00000261233 0 0 0 0 185 0 0 185 
9606.ENSP00000408005 9606.ENSP00000365576 0 0 0 0 184 0 109 241 
9606.ENSP00000408005 9606.ENSP00000247182 0 0 0 69 0 0 282 302 
9606.ENSP00000408005 9606.ENSP00000442736 0 0 0 171 0 0 0 171 
9606.ENSP00000408005 9606.ENSP00000417185 0 0 0 152 76 0 50 190 
9606.ENSP00000408005 9606.ENSP00000265715 0 0 0 0 125 0 122 199 
9606.ENSP00000408005 9606.ENSP00000475344 0 0 0 71 84 0 109 175 
9606.ENSP00000408005 9606.ENSP00000384136 0 0 0 107 774 0 678 929 
9606.ENSP00000408005 9606.ENSP00000286298 0 0 0 0 125 0 208 277 
9606.ENSP00000408005 9606.ENSP00000436426 0 0 0 0 190 0 0 190 
9606.ENSP00000408005 9606.ENSP00000229239 0 0 0 0 0 0 156 156 
9606.ENSP00000408005 9606.ENSP00000269571 0 0 0 0 64 0 226 244 
9606.ENSP00000408005 9606.ENSP00000451112 0 0 0 0 812 0 0 812 
9606.ENSP00000408005 9606.ENSP00000348461 0 0 0 0 55 0 145 157 
9606.ENSP00000408005 9606.ENSP00000216274 0 0 0 0 185 0 0 185 
9606.ENSP00000408005 9606.ENSP00000264657 0 0 0 0 85 0 407 434 
9606.ENSP00000408005 9606.ENSP00000363092 0 0 0 63 50 0 187 213 
9606.ENSP00000408005 9606.ENSP00000371559 0 0 0 0 0 0 212 212 
9606.ENSP00000408005 9606.ENSP00000284981 0 0 0 136 89 0 0 179 
9606.ENSP00000408005 9606.ENSP00000334044 0 0 0 0 183 0 0 183 
9606.ENSP00000408005 9606.ENSP00000458570 0 0 0 76 190 0 0 219 
9606.ENSP00000408005 9606.ENSP00000340989 0 0 0 61 186 0 50 210 
9606.ENSP00000408005 9606.ENSP00000239450 0 0 0 69 190 0 0 213 
9606.ENSP00000408005 9606.ENSP00000385096 0 0 0 76 124 0 0 155 
9606.ENSP00000408005 9606.ENSP00000408205 0 0 0 0 0 0 265 265 
9606.ENSP00000408005 9606.ENSP00000466933 0 0 0 0 0 0 298 298 
9606.ENSP00000408005 9606.ENSP00000466718 0 0 0 0 855 0 0 855 
9606.ENSP00000408005 9606.ENSP00000430684 0 0 0 0 185 0 95 230 
9606.ENSP00000408005 9606.ENSP00000250495 0 0 0 0 184 0 55 195 
9606.ENSP00000408005 9606.ENSP00000387100 0 0 0 98 0 0 395 431 
9606.ENSP00000408005 9606.ENSP00000265339 0 0 0 0 177 0 0 177 
9606.ENSP00000408005 9606.ENSP00000354721 0 0 0 78 125 0 154 258 
9606.ENSP00000408005 9606.ENSP00000327875 0 0 0 61 0 0 398 410 
9606.ENSP00000408005 9606.ENSP00000428603 0 0 0 0 190 0 0 190 
9606.ENSP00000408005 9606.ENSP00000471635 0 0 0 0 157 0 43 158 
9606.ENSP00000408005 9606.ENSP00000261799 0 0 0 86 419 900 291 957 
9606.ENSP00000408005 9606.ENSP00000222145 0 0 0 111 134 0 128 270 
9606.ENSP00000408005 9606.ENSP00000377941 0 0 0 82 214 0 0 248 
9606.ENSP00000408005 9606.ENSP00000375892 0 0 0 0 185 0 68 207 
9606.ENSP00000408005 9606.ENSP00000340608 0 0 0 62 0 0 320 335 
9606.ENSP00000408005 9606.ENSP00000376024 0 0 0 0 0 0 161 161 
9606.ENSP00000408005 9606.ENSP00000316176 0 0 0 0 177 0 49 183 
9606.ENSP00000408005 9606.ENSP00000363763 0 0 0 0 185 0 0 185 
9606.ENSP00000408005 9606.ENSP00000325954 0 0 0 0 269 0 0 269 
9606.ENSP00000408005 9606.ENSP00000354916 0 0 0 0 84 0 282 314 
9606.ENSP00000408005 9606.ENSP00000425394 0 0 0 152 0 0 86 191 
9606.ENSP00000408005 9606.ENSP00000381425 0 0 0 91 81 0 215 287 
9606.ENSP00000408005 9606.ENSP00000252699 0 0 0 99 405 0 330 609 
9606.ENSP00000408005 9606.ENSP00000353238 0 0 0 0 0 0 323 323 
9606.ENSP00000408005 9606.ENSP00000377801 0 0 0 0 167 0 42 167 
9606.ENSP00000408005 9606.ENSP00000381058 0 0 0 0 190 0 0 190 
9606.ENSP00000408005 9606.ENSP00000401435 0 0 0 48 0 0 144 150 
9606.ENSP00000408005 9606.ENSP00000339824 0 0 0 97 50 0 188 242 
9606.ENSP00000408005 9606.ENSP00000262839 0 0 0 49 300 0 117 361 
9606.ENSP00000408005 9606.ENSP00000378313 0 0 0 139 0 0 160 245 
9606.ENSP00000408005 9606.ENSP00000344666 0 0 0 54 652 0 478 813 
9606.ENSP00000408005 9606.ENSP00000480279 0 0 0 0 88 0 306 340 
9606.ENSP00000408005 9606.ENSP00000477341 0 0 0 0 0 0 234 234 
9606.ENSP00000408005 9606.ENSP00000431186 0 0 0 0 156 0 0 156 
9606.ENSP00000408005 9606.ENSP00000262873 0 0 0 60 134 0 54 162 
9606.ENSP00000408005 9606.ENSP00000254301 0 0 0 0 0 0 254 254 
9606.ENSP00000408005 9606.ENSP00000254846 0 0 0 0 156 0 0 156 
9606.ENSP00000408005 9606.ENSP00000362937 0 0 0 0 167 0 42 167 
9606.ENSP00000408005 9606.ENSP00000362413 0 0 0 0 0 0 252 252 
9606.ENSP00000408005 9606.ENSP00000359353 0 0 0 0 64 0 224 242 
9606.ENSP00000408005 9606.ENSP00000440288 0 0 0 53 64 0 256 283 
9606.ENSP00000408005 9606.ENSP00000433511 0 0 0 0 0 0 186 186 
9606.ENSP00000408005 9606.ENSP00000263025 0 0 0 77 0 0 211 240 
9606.ENSP00000408005 9606.ENSP00000352069 0 0 0 0 758 0 164 789 
9606.ENSP00000408005 9606.ENSP00000418960 0 0 0 0 0 0 185 185 
9606.ENSP00000408005 9606.ENSP00000217043 0 0 0 0 0 0 468 468 
9606.ENSP00000408005 9606.ENSP00000360154 0 0 0 69 59 0 197 235 
9606.ENSP00000408005 9606.ENSP00000485105 0 0 0 0 0 0 406 406 
9606.ENSP00000408005 9606.ENSP00000300935 0 0 0 0 0 0 222 222 
9606.ENSP00000408005 9606.ENSP00000362409 0 0 0 153 0 0 0 153 
9606.ENSP00000408005 9606.ENSP00000311405 0 0 0 99 0 0 126 179 
9606.ENSP00000408005 9606.ENSP00000308895 0 0 0 0 0 0 152 152 
9606.ENSP00000408005 9606.ENSP00000354671 0 0 0 91 0 0 310 346 
9606.ENSP00000408005 9606.ENSP00000287156 0 0 0 0 177 0 108 234 
9606.ENSP00000408005 9606.ENSP00000176195 0 0 0 49 0 0 218 224 
9606.ENSP00000408005 9606.ENSP00000378920 0 0 0 0 433 0 469 686 
9606.ENSP00000408005 9606.ENSP00000265074 0 0 0 0 0 0 161 161 
9606.ENSP00000408005 9606.ENSP00000378769 0 0 0 0 163 0 57 176 
9606.ENSP00000408005 9606.ENSP00000297261 0 0 0 0 0 0 185 185 
9606.ENSP00000408005 9606.ENSP00000419313 0 0 0 49 300 0 49 311 
9606.ENSP00000408005 9606.ENSP00000367096 0 0 0 0 185 0 0 185 
9606.ENSP00000408005 9606.ENSP00000301738 0 0 0 0 208 0 0 208 
9606.ENSP00000408005 9606.ENSP00000478570 0 0 0 62 0 0 212 229 
9606.ENSP00000408005 9606.ENSP00000355384 0 0 0 0 61 0 228 244 
9606.ENSP00000408005 9606.ENSP00000264039 0 0 0 151 0 0 0 151 
9606.ENSP00000408005 9606.ENSP00000447006 0 0 0 61 0 0 222 238 
9606.ENSP00000408005 9606.ENSP00000276062 0 0 0 0 156 0 0 156 
9606.ENSP00000408005 9606.ENSP00000402153 0 0 0 0 0 0 229 229 
9606.ENSP00000408005 9606.ENSP00000035383 0 0 0 0 59 0 174 190 
9606.ENSP00000408005 9606.ENSP00000441381 0 0 0 0 0 0 205 205 
9606.ENSP00000408005 9606.ENSP00000228468 0 0 0 88 165 0 50 213 
9606.ENSP00000408005 9606.ENSP00000392043 0 0 0 0 0 0 273 273 
9606.ENSP00000408005 9606.ENSP00000256078 0 0 0 0 55 0 236 247 
9606.ENSP00000408005 9606.ENSP00000264463 0 0 0 0 190 0 42 190 
9606.ENSP00000408005 9606.ENSP00000302814 0 0 0 0 0 0 279 279 
9606.ENSP00000408005 9606.ENSP00000484928 0 0 0 0 190 0 58 204 
9606.ENSP00000408005 9606.ENSP00000258975 0 0 0 0 386 0 0 386 
9606.ENSP00000408005 9606.ENSP00000424827 0 0 0 61 127 0 319 393 
9606.ENSP00000408005 9606.ENSP00000370078 0 0 0 97 0 0 117 169 
9606.ENSP00000408005 9606.ENSP00000364893 0 0 0 61 0 0 200 217 
9606.ENSP00000408005 9606.ENSP00000374323 0 0 0 0 185 0 0 185 
9606.ENSP00000408005 9606.ENSP00000327694 0 0 0 84 96 0 58 152 
9606.ENSP00000408005 9606.ENSP00000334665 0 0 0 65 0 0 322 339 
9606.ENSP00000408005 9606.ENSP00000385205 0 0 0 63 64 0 235 271 
9606.ENSP00000408005 9606.ENSP00000301178 0 0 0 0 185 0 0 185 
9606.ENSP00000408005 9606.ENSP00000411788 0 0 0 0 0 0 156 156 
9606.ENSP00000408005 9606.ENSP00000460274 0 0 0 0 190 0 0 190 
9606.ENSP00000408005 9606.ENSP00000364361 0 0 0 0 185 0 0 185 
9606.ENSP00000408005 9606.ENSP00000244007 0 0 0 0 68 0 246 267 
9606.ENSP00000408005 9606.ENSP00000365256 0 0 0 0 0 0 633 633 
9606.ENSP00000408005 9606.ENSP00000304283 0 0 0 98 55 0 123 187 
9606.ENSP00000408005 9606.ENSP00000281172 0 0 0 84 0 0 314 345 
9606.ENSP00000408005 9606.ENSP00000262435 0 0 0 0 127 0 75 157 
9606.ENSP00000408005 9606.ENSP00000464317 0 0 0 60 134 0 54 162 
9606.ENSP00000408005 9606.ENSP00000342840 0 0 0 0 156 0 0 156 
9606.ENSP00000408005 9606.ENSP00000262418 0 0 0 0 0 0 206 206 
9606.ENSP00000408005 9606.ENSP00000289968 0 0 0 0 0 0 233 233 
9606.ENSP00000408005 9606.ENSP00000353590 0 0 0 60 134 0 76 182 
9606.ENSP00000408005 9606.ENSP00000384794 0 0 0 98 0 0 262 306 
9606.ENSP00000408005 9606.ENSP00000357836 0 0 0 57 0 0 183 197 
9606.ENSP00000408005 9606.ENSP00000440945 0 0 0 167 0 0 47 172 
9606.ENSP00000408005 9606.ENSP00000416418 0 0 0 0 0 0 485 485 
9606.ENSP00000408005 9606.ENSP00000236192 0 0 0 0 125 0 76 157 
9606.ENSP00000408005 9606.ENSP00000306163 0 0 0 69 88 0 92 161 
9606.ENSP00000408005 9606.ENSP00000324827 0 0 0 0 0 0 214 214 
9606.ENSP00000408005 9606.ENSP00000398655 0 0 0 0 185 0 0 185 
9606.ENSP00000408005 9606.ENSP00000367081 0 0 0 0 183 0 0 183 
9606.ENSP00000408005 9606.ENSP00000268704 0 0 0 0 0 0 201 201 
9606.ENSP00000408005 9606.ENSP00000328169 0 0 0 164 76 0 50 202 
9606.ENSP00000408005 9606.ENSP00000346671 0 0 0 0 185 0 89 225 
9606.ENSP00000408005 9606.ENSP00000367817 0 0 0 101 379 0 790 873 
9606.ENSP00000408005 9606.ENSP00000449784 0 0 0 0 167 0 42 167 
9606.ENSP00000408005 9606.ENSP00000476767 0 0 0 88 157 0 48 204 
9606.ENSP00000408005 9606.ENSP00000386559 0 0 0 0 0 0 221 221 
9606.ENSP00000408005 9606.ENSP00000362674 0 0 0 0 156 0 0 156 
9606.ENSP00000408005 9606.ENSP00000254066 0 0 0 69 52 0 228 259 
9606.ENSP00000408005 9606.ENSP00000253023 0 0 0 69 789 0 0 795 
9606.ENSP00000408005 9606.ENSP00000387250 0 0 0 0 185 0 0 185 
9606.ENSP00000408005 9606.ENSP00000265773 0 0 0 0 386 0 0 386 
9606.ENSP00000408005 9606.ENSP00000231136 0 0 0 76 190 0 0 219 
9606.ENSP00000408005 9606.ENSP00000220003 0 0 0 0 185 0 74 213 
9606.ENSP00000408005 9606.ENSP00000437955 0 0 0 0 0 0 222 222 
9606.ENSP00000408005 9606.ENSP00000315136 0 0 0 49 163 0 119 237 
9606.ENSP00000408005 9606.ENSP00000311165 0 0 0 124 0 0 124 199 
9606.ENSP00000408005 9606.ENSP00000363019 0 0 0 0 177 0 0 177 
9606.ENSP00000408005 9606.ENSP00000351209 0 0 0 98 185 0 0 233 
9606.ENSP00000408005 9606.ENSP00000256951 0 0 0 96 0 0 231 275 
9606.ENSP00000408005 9606.ENSP00000394863 0 0 0 0 386 0 0 386 
9606.ENSP00000408005 9606.ENSP00000317232 0 0 0 88 92 0 56 150 
9606.ENSP00000408005 9606.ENSP00000313752 0 0 0 0 0 0 287 287 
9606.ENSP00000408005 9606.ENSP00000462468 0 0 0 0 185 0 73 212 
9606.ENSP00000408005 9606.ENSP00000287008 0 0 0 98 185 0 50 240 
9606.ENSP00000408005 9606.ENSP00000474071 0 0 0 0 267 0 43 268 
9606.ENSP00000408005 9606.ENSP00000329757 0 0 0 71 0 0 152 179 
9606.ENSP00000408005 9606.ENSP00000263798 0 0 0 0 185 0 78 216 
9606.ENSP00000408005 9606.ENSP00000367151 0 0 0 0 190 0 0 190 
9606.ENSP00000408005 9606.ENSP00000409581 0 0 0 49 0 0 257 263 
9606.ENSP00000408005 9606.ENSP00000443631 0 0 0 70 396 900 243 951 
9606.ENSP00000408005 9606.ENSP00000337261 0 0 0 0 157 0 64 177 
9606.ENSP00000408005 9606.ENSP00000454437 0 0 0 0 0 0 203 203 
9606.ENSP00000408005 9606.ENSP00000363480 0 0 0 59 81 0 139 190 
9606.ENSP00000408005 9606.ENSP00000354896 0 0 0 0 57 0 429 438 
9606.ENSP00000408005 9606.ENSP00000356560 0 0 0 0 194 0 66 215 
9606.ENSP00000408005 9606.ENSP00000220751 0 0 0 0 185 0 0 185 
9606.ENSP00000408005 9606.ENSP00000363117 0 0 0 0 185 0 0 185 
9606.ENSP00000408005 9606.ENSP00000332288 0 0 0 0 0 0 244 244 
9606.ENSP00000408005 9606.ENSP00000337335 0 0 0 0 0 0 157 157 
9606.ENSP00000408005 9606.ENSP00000253055 0 0 0 69 185 0 0 208 
9606.ENSP00000408005 9606.ENSP00000453293 0 0 0 49 163 0 105 225 
9606.ENSP00000408005 9606.ENSP00000264399 0 0 0 0 50 0 478 482 
9606.ENSP00000408005 9606.ENSP00000385808 0 0 0 49 140 0 147 243 
9606.ENSP00000408005 9606.ENSP00000309415 0 0 0 90 157 0 0 200 
9606.ENSP00000408005 9606.ENSP00000401907 0 0 0 0 185 0 0 185 
9606.ENSP00000408005 9606.ENSP00000429834 0 0 0 0 190 0 0 190 
9606.ENSP00000408005 9606.ENSP00000365745 0 0 0 73 0 0 125 154 
9606.ENSP00000408005 9606.ENSP00000355082 0 0 0 0 190 0 0 190 
9606.ENSP00000408005 9606.ENSP00000428056 0 0 0 0 0 0 189 189 
9606.ENSP00000408005 9606.ENSP00000384763 0 0 0 62 0 0 243 260 
9606.ENSP00000408005 9606.ENSP00000358547 0 0 0 0 81 0 152 187 
9606.ENSP00000408005 9606.ENSP00000325355 0 0 0 169 88 0 0 210 
9606.ENSP00000408005 9606.ENSP00000217381 0 0 0 129 0 0 168 245 
9606.ENSP00000408005 9606.ENSP00000418868 0 0 0 0 386 0 0 386 
9606.ENSP00000408005 9606.ENSP00000373700 0 0 0 0 185 0 0 185 
9606.ENSP00000408005 9606.ENSP00000379931 0 0 0 0 177 0 0 177 
9606.ENSP00000408005 9606.ENSP00000311837 0 0 0 0 96 0 423 456 
9606.ENSP00000408005 9606.ENSP00000382697 0 0 0 0 185 0 77 216 
9606.ENSP00000408005 9606.ENSP00000360108 0 0 0 64 84 0 230 282 
9606.ENSP00000408005 9606.ENSP00000340465 0 0 0 57 0 0 175 188 
