9606.ENSP00000373360 9606.ENSP00000333926 0 0 0 0 0 0 257 257 
9606.ENSP00000373360 9606.ENSP00000406050 0 0 0 0 0 0 398 398 
9606.ENSP00000373360 9606.ENSP00000326806 0 0 0 0 0 0 295 295 
9606.ENSP00000373360 9606.ENSP00000276603 0 0 0 0 0 0 186 186 
9606.ENSP00000373360 9606.ENSP00000265593 0 0 0 0 0 0 348 348 
9606.ENSP00000373360 9606.ENSP00000318016 0 0 0 0 0 0 347 347 
9606.ENSP00000373360 9606.ENSP00000395012 0 0 0 0 0 0 476 476 
9606.ENSP00000373360 9606.ENSP00000220853 0 0 0 0 0 0 416 416 
9606.ENSP00000373360 9606.ENSP00000350078 0 0 0 0 0 0 535 535 
9606.ENSP00000373360 9606.ENSP00000389630 0 0 0 0 0 0 570 570 
9606.ENSP00000373360 9606.ENSP00000356416 0 0 0 0 0 0 219 219 
9606.ENSP00000373360 9606.ENSP00000416255 0 0 0 0 0 0 335 335 
9606.ENSP00000373360 9606.ENSP00000223862 0 0 0 0 0 0 183 183 
9606.ENSP00000373360 9606.ENSP00000405812 0 0 0 98 0 0 107 160 
9606.ENSP00000373360 9606.ENSP00000233826 0 0 0 0 0 0 303 303 
9606.ENSP00000373360 9606.ENSP00000384551 0 0 0 111 0 0 151 213 
9606.ENSP00000373360 9606.ENSP00000296238 0 0 0 64 0 0 444 457 
9606.ENSP00000373360 9606.ENSP00000359013 0 0 0 0 0 0 195 195 
9606.ENSP00000373360 9606.ENSP00000332771 0 0 0 0 0 0 254 254 
9606.ENSP00000373360 9606.ENSP00000220849 0 0 0 0 0 0 269 269 
9606.ENSP00000373360 9606.ENSP00000260810 0 0 0 0 0 0 210 210 
9606.ENSP00000373360 9606.ENSP00000396103 0 0 0 150 0 0 0 150 
9606.ENSP00000373360 9606.ENSP00000230122 0 0 0 0 0 0 398 398 
9606.ENSP00000373360 9606.ENSP00000290291 0 0 0 0 0 0 165 165 
9606.ENSP00000373360 9606.ENSP00000479097 0 0 0 0 0 0 198 198 
9606.ENSP00000373360 9606.ENSP00000316054 0 0 0 0 0 0 293 293 
9606.ENSP00000373360 9606.ENSP00000357301 0 0 0 0 0 0 171 171 
9606.ENSP00000373360 9606.ENSP00000370213 0 0 0 64 0 0 269 287 
9606.ENSP00000373360 9606.ENSP00000380793 0 0 0 0 0 0 547 547 
9606.ENSP00000373360 9606.ENSP00000261514 0 0 0 64 0 0 177 196 
9606.ENSP00000373360 9606.ENSP00000254654 0 0 0 0 0 0 765 765 
9606.ENSP00000373360 9606.ENSP00000398688 0 0 0 75 0 0 609 623 
9606.ENSP00000373360 9606.ENSP00000411471 0 0 0 0 0 0 552 552 
9606.ENSP00000373360 9606.ENSP00000215781 0 0 0 0 0 0 208 208 
9606.ENSP00000373360 9606.ENSP00000480348 0 0 0 0 0 0 195 195 
9606.ENSP00000373360 9606.ENSP00000204604 0 0 0 65 0 0 381 397 
9606.ENSP00000373360 9606.ENSP00000313007 0 0 0 0 0 0 163 163 
9606.ENSP00000373360 9606.ENSP00000314560 0 0 0 0 0 0 519 519 
9606.ENSP00000373360 9606.ENSP00000337675 0 0 0 0 0 0 297 297 
9606.ENSP00000373360 9606.ENSP00000402152 0 0 0 0 0 0 209 209 
9606.ENSP00000373360 9606.ENSP00000295927 0 0 0 0 0 0 258 258 
9606.ENSP00000373360 9606.ENSP00000327197 0 0 0 0 0 0 309 309 
9606.ENSP00000373360 9606.ENSP00000362413 0 0 0 0 0 0 214 214 
9606.ENSP00000373360 9606.ENSP00000254878 0 0 0 0 0 0 410 410 
9606.ENSP00000373360 9606.ENSP00000292807 0 0 0 61 0 0 358 371 
9606.ENSP00000373360 9606.ENSP00000350170 0 0 0 0 0 0 242 242 
9606.ENSP00000373360 9606.ENSP00000343273 0 0 0 0 0 0 311 311 
9606.ENSP00000373360 9606.ENSP00000384223 0 0 0 61 0 0 477 488 
9606.ENSP00000373360 9606.ENSP00000375730 0 0 0 0 0 0 174 174 
9606.ENSP00000373360 9606.ENSP00000379531 0 0 0 0 0 0 309 309 
9606.ENSP00000373360 9606.ENSP00000452634 0 0 0 0 0 0 373 373 
9606.ENSP00000373360 9606.ENSP00000264059 0 0 0 64 0 0 279 296 
9606.ENSP00000373360 9606.ENSP00000371929 0 0 0 0 0 0 424 424 
9606.ENSP00000373360 9606.ENSP00000379203 0 0 0 0 0 0 317 317 
9606.ENSP00000373360 9606.ENSP00000273783 0 0 0 0 0 0 503 503 
9606.ENSP00000373360 9606.ENSP00000345873 0 0 0 0 0 0 252 252 
9606.ENSP00000373360 9606.ENSP00000204615 0 0 0 0 0 0 302 302 
9606.ENSP00000373360 9606.ENSP00000310129 0 0 0 0 0 0 358 358 
9606.ENSP00000373360 9606.ENSP00000305766 0 0 0 0 0 0 188 188 
9606.ENSP00000373360 9606.ENSP00000341342 0 0 0 0 0 0 413 413 
9606.ENSP00000373360 9606.ENSP00000338345 0 0 0 64 0 0 138 158 
9606.ENSP00000373360 9606.ENSP00000364831 0 0 0 0 0 0 161 161 
9606.ENSP00000373360 9606.ENSP00000408526 0 0 0 0 0 0 323 323 
9606.ENSP00000373360 9606.ENSP00000297338 0 0 0 0 0 0 165 165 
9606.ENSP00000373360 9606.ENSP00000362841 0 0 0 63 0 0 365 380 
9606.ENSP00000373360 9606.ENSP00000338235 0 0 0 0 0 0 195 195 
9606.ENSP00000373360 9606.ENSP00000269097 0 0 0 0 0 0 428 428 
9606.ENSP00000373360 9606.ENSP00000393066 0 0 0 134 0 0 107 193 
9606.ENSP00000373360 9606.ENSP00000429084 0 0 0 0 0 0 206 206 
9606.ENSP00000373360 9606.ENSP00000306983 0 0 0 0 0 0 491 491 
9606.ENSP00000373360 9606.ENSP00000226225 0 0 0 0 0 0 313 313 
9606.ENSP00000373360 9606.ENSP00000477590 0 0 0 61 0 0 354 367 
9606.ENSP00000373360 9606.ENSP00000393557 0 0 0 62 0 0 224 240 
9606.ENSP00000373360 9606.ENSP00000272641 0 0 0 81 0 0 254 285 
9606.ENSP00000373360 9606.ENSP00000262646 0 0 0 0 0 0 213 213 
9606.ENSP00000373360 9606.ENSP00000325421 0 0 0 0 0 0 356 356 
