9606.ENSP00000308270 9606.ENSP00000357714 0 0 0 189 0 0 0 189 
9606.ENSP00000308270 9606.ENSP00000380019 0 0 0 0 0 0 210 210 
9606.ENSP00000308270 9606.ENSP00000364609 0 0 0 0 0 0 196 196 
9606.ENSP00000308270 9606.ENSP00000324831 0 0 0 183 0 0 0 183 
9606.ENSP00000308270 9606.ENSP00000233596 0 0 0 0 0 900 0 900 
9606.ENSP00000308270 9606.ENSP00000381844 0 0 0 0 0 0 161 161 
9606.ENSP00000308270 9606.ENSP00000326718 0 0 0 152 0 0 0 152 
9606.ENSP00000308270 9606.ENSP00000321419 0 0 0 192 0 0 0 192 
9606.ENSP00000308270 9606.ENSP00000320302 0 0 0 156 0 0 0 156 
9606.ENSP00000308270 9606.ENSP00000227525 0 0 0 0 0 0 173 173 
9606.ENSP00000308270 9606.ENSP00000249499 0 0 0 0 0 0 186 186 
9606.ENSP00000308270 9606.ENSP00000317578 0 0 0 0 0 600 0 600 
9606.ENSP00000308270 9606.ENSP00000261405 0 0 0 0 0 0 150 150 
9606.ENSP00000308270 9606.ENSP00000372286 0 0 0 213 0 0 0 213 
9606.ENSP00000308270 9606.ENSP00000329689 0 0 0 171 0 0 0 171 
9606.ENSP00000308270 9606.ENSP00000334051 0 0 0 0 0 900 0 900 
9606.ENSP00000308270 9606.ENSP00000327585 0 0 0 158 0 0 0 158 
9606.ENSP00000308270 9606.ENSP00000356908 0 0 0 76 0 0 412 433 
9606.ENSP00000308270 9606.ENSP00000350976 0 0 0 65 0 900 46 903 
9606.ENSP00000308270 9606.ENSP00000371594 0 0 0 0 0 600 0 600 
9606.ENSP00000308270 9606.ENSP00000311712 0 0 0 0 0 900 46 900 
9606.ENSP00000308270 9606.ENSP00000321447 0 0 0 155 0 0 0 155 
9606.ENSP00000308270 9606.ENSP00000359719 0 0 0 0 0 600 0 600 
9606.ENSP00000308270 9606.ENSP00000248572 0 0 0 0 0 900 0 900 
9606.ENSP00000308270 9606.ENSP00000327525 0 0 0 154 0 0 0 154 
9606.ENSP00000308270 9606.ENSP00000334418 0 0 0 158 0 0 0 158 
9606.ENSP00000308270 9606.ENSP00000248072 0 0 0 153 0 0 0 153 
9606.ENSP00000308270 9606.ENSP00000366488 0 0 0 0 0 600 0 600 
9606.ENSP00000308270 9606.ENSP00000264463 0 0 0 0 0 0 186 186 
9606.ENSP00000308270 9606.ENSP00000303864 0 0 0 179 0 0 42 180 
9606.ENSP00000308270 9606.ENSP00000309591 0 0 0 0 0 600 0 600 
9606.ENSP00000308270 9606.ENSP00000304807 0 0 0 155 0 0 0 155 
9606.ENSP00000308270 9606.ENSP00000438346 0 0 0 0 0 900 0 900 
9606.ENSP00000308270 9606.ENSP00000221566 0 0 0 0 0 0 167 167 
9606.ENSP00000308270 9606.ENSP00000231021 0 0 0 0 0 0 211 211 
9606.ENSP00000308270 9606.ENSP00000424607 0 0 0 88 0 0 373 403 
9606.ENSP00000308270 9606.ENSP00000275198 0 0 0 95 0 0 408 441 
9606.ENSP00000308270 9606.ENSP00000319322 0 0 0 230 0 0 0 230 
9606.ENSP00000308270 9606.ENSP00000346575 0 0 0 151 0 0 0 151 
9606.ENSP00000308270 9606.ENSP00000327290 0 0 0 0 0 0 420 420 
9606.ENSP00000308270 9606.ENSP00000305011 0 0 0 157 0 0 0 157 
9606.ENSP00000308270 9606.ENSP00000481878 0 0 0 0 0 900 0 900 
9606.ENSP00000308270 9606.ENSP00000319197 0 0 0 158 0 0 0 158 
9606.ENSP00000308270 9606.ENSP00000342836 0 0 0 151 0 0 0 151 
9606.ENSP00000308270 9606.ENSP00000477760 0 0 0 0 0 0 329 329 
9606.ENSP00000308270 9606.ENSP00000334681 0 0 0 158 0 0 0 158 
9606.ENSP00000308270 9606.ENSP00000323853 0 0 0 157 0 0 0 157 
9606.ENSP00000308270 9606.ENSP00000431813 0 0 0 0 0 0 156 156 
9606.ENSP00000308270 9606.ENSP00000324958 0 0 0 155 0 0 0 155 
9606.ENSP00000308270 9606.ENSP00000334721 0 0 0 165 0 0 0 165 
9606.ENSP00000308270 9606.ENSP00000257749 0 0 0 0 0 0 328 328 
9606.ENSP00000308270 9606.ENSP00000296142 0 0 0 0 0 900 50 900 
9606.ENSP00000308270 9606.ENSP00000378286 0 0 0 0 0 0 161 161 
9606.ENSP00000308270 9606.ENSP00000324111 0 0 0 276 0 0 0 276 
9606.ENSP00000308270 9606.ENSP00000337224 0 0 0 0 0 0 155 155 
9606.ENSP00000308270 9606.ENSP00000367552 0 0 0 0 0 0 400 400 
9606.ENSP00000308270 9606.ENSP00000332110 0 0 0 181 0 0 0 181 
9606.ENSP00000308270 9606.ENSP00000357920 0 0 0 53 0 0 237 246 
9606.ENSP00000308270 9606.ENSP00000373195 0 0 0 175 0 0 0 175 
9606.ENSP00000308270 9606.ENSP00000362863 0 0 0 0 0 900 0 900 
9606.ENSP00000308270 9606.ENSP00000345374 0 0 0 0 0 900 0 900 
9606.ENSP00000308270 9606.ENSP00000364164 0 0 0 151 0 0 0 151 
9606.ENSP00000308270 9606.ENSP00000403701 0 0 0 0 0 600 0 600 
9606.ENSP00000308270 9606.ENSP00000265471 0 0 0 0 0 0 161 161 
9606.ENSP00000308270 9606.ENSP00000227349 0 0 0 0 0 0 398 398 
9606.ENSP00000308270 9606.ENSP00000351466 0 0 0 154 0 0 0 154 
9606.ENSP00000308270 9606.ENSP00000444134 0 0 0 151 0 0 0 151 
9606.ENSP00000308270 9606.ENSP00000369738 0 0 0 104 0 0 155 211 
9606.ENSP00000308270 9606.ENSP00000368959 0 0 0 0 0 900 0 900 
9606.ENSP00000308270 9606.ENSP00000323612 0 0 0 151 0 0 0 151 
9606.ENSP00000308270 9606.ENSP00000248150 0 0 0 0 0 600 0 600 
9606.ENSP00000308270 9606.ENSP00000435416 0 0 0 213 0 0 0 213 
9606.ENSP00000308270 9606.ENSP00000306651 0 0 0 151 0 0 0 151 
9606.ENSP00000308270 9606.ENSP00000245312 0 0 0 0 0 0 159 159 
9606.ENSP00000308270 9606.ENSP00000276689 0 0 0 0 0 0 165 165 
9606.ENSP00000308270 9606.ENSP00000335025 0 0 0 213 0 0 0 213 
9606.ENSP00000308270 9606.ENSP00000409581 0 0 0 0 0 600 0 600 
9606.ENSP00000308270 9606.ENSP00000308595 0 0 0 183 0 0 0 183 
9606.ENSP00000308270 9606.ENSP00000259030 0 0 0 0 0 900 0 900 
9606.ENSP00000308270 9606.ENSP00000369948 0 0 0 0 0 0 195 195 
9606.ENSP00000308270 9606.ENSP00000367649 0 0 0 182 0 0 41 182 
9606.ENSP00000308270 9606.ENSP00000323928 0 0 0 185 0 0 42 186 
9606.ENSP00000308270 9606.ENSP00000452277 0 0 0 157 0 0 0 157 
9606.ENSP00000308270 9606.ENSP00000305469 0 0 0 158 0 0 0 158 
9606.ENSP00000308270 9606.ENSP00000335567 0 0 0 151 0 0 0 151 
9606.ENSP00000308270 9606.ENSP00000335358 0 0 0 163 0 0 0 163 
9606.ENSP00000308270 9606.ENSP00000303482 0 0 0 0 0 900 0 900 
9606.ENSP00000308270 9606.ENSP00000350359 0 0 0 0 0 0 418 418 
9606.ENSP00000308270 9606.ENSP00000259782 0 0 0 0 0 0 559 559 
9606.ENSP00000308270 9606.ENSP00000308725 0 0 0 63 0 0 138 157 
9606.ENSP00000308270 9606.ENSP00000319511 0 0 0 171 0 0 0 171 
9606.ENSP00000308270 9606.ENSP00000367664 0 0 0 277 0 0 48 282 
9606.ENSP00000308270 9606.ENSP00000324913 0 0 0 154 0 0 0 154 
9606.ENSP00000308270 9606.ENSP00000441354 0 0 0 194 0 0 0 194 
9606.ENSP00000308270 9606.ENSP00000304188 0 0 0 171 0 0 0 171 
9606.ENSP00000308270 9606.ENSP00000259362 0 0 0 151 0 0 0 151 
9606.ENSP00000308270 9606.ENSP00000307515 0 0 0 159 0 0 41 159 
9606.ENSP00000308270 9606.ENSP00000312262 0 0 0 0 0 600 0 600 
9606.ENSP00000308270 9606.ENSP00000485678 0 0 0 151 0 0 0 151 
9606.ENSP00000308270 9606.ENSP00000325065 0 0 0 151 0 0 0 151 
9606.ENSP00000308270 9606.ENSP00000342235 0 0 0 0 0 0 188 188 
9606.ENSP00000308270 9606.ENSP00000319217 0 0 0 156 0 0 43 159 
9606.ENSP00000308270 9606.ENSP00000258034 0 0 0 79 0 0 368 393 
9606.ENSP00000308270 9606.ENSP00000275200 0 0 0 119 0 0 337 391 
9606.ENSP00000308270 9606.ENSP00000485424 0 0 0 157 0 0 0 157 
9606.ENSP00000308270 9606.ENSP00000367590 0 0 0 0 0 900 0 900 
9606.ENSP00000308270 9606.ENSP00000323555 0 0 0 156 0 0 0 156 
