9606.ENSP00000374390 9606.ENSP00000294053 0 0 0 62 0 0 174 193 
9606.ENSP00000374390 9606.ENSP00000361177 0 0 0 0 169 0 0 169 
9606.ENSP00000374390 9606.ENSP00000396620 0 0 0 61 50 0 136 161 
9606.ENSP00000374390 9606.ENSP00000351185 0 0 0 61 124 0 102 196 
9606.ENSP00000374390 9606.ENSP00000418915 0 0 0 56 157 0 56 184 
9606.ENSP00000374390 9606.ENSP00000423933 51 0 0 57 131 0 63 173 
9606.ENSP00000374390 9606.ENSP00000350698 0 0 0 329 0 0 179 425 
9606.ENSP00000374390 9606.ENSP00000426632 0 0 0 0 169 0 0 169 
9606.ENSP00000374390 9606.ENSP00000355279 0 0 0 50 163 0 104 225 
9606.ENSP00000374390 9606.ENSP00000478017 0 0 0 82 183 0 57 230 
9606.ENSP00000374390 9606.ENSP00000319464 0 0 0 0 169 0 0 169 
9606.ENSP00000374390 9606.ENSP00000429089 0 0 0 0 163 0 52 172 
9606.ENSP00000374390 9606.ENSP00000368455 0 0 0 64 112 0 63 153 
9606.ENSP00000374390 9606.ENSP00000362576 89 0 0 64 0 0 105 170 
9606.ENSP00000374390 9606.ENSP00000380044 0 0 0 55 124 0 56 150 
9606.ENSP00000374390 9606.ENSP00000389714 0 0 0 70 0 0 195 219 
9606.ENSP00000374390 9606.ENSP00000249269 0 0 0 61 130 0 56 161 
9606.ENSP00000374390 9606.ENSP00000326981 51 0 0 230 0 0 62 254 
9606.ENSP00000374390 9606.ENSP00000445508 0 0 0 63 171 0 77 220 
9606.ENSP00000374390 9606.ENSP00000447000 0 0 0 61 157 0 0 174 
9606.ENSP00000374390 9606.ENSP00000264926 0 0 0 64 0 0 226 244 
9606.ENSP00000374390 9606.ENSP00000445077 0 0 0 130 85 0 59 185 
9606.ENSP00000374390 9606.ENSP00000360493 0 0 0 0 134 0 62 152 
9606.ENSP00000374390 9606.ENSP00000256495 0 0 0 0 0 0 171 171 
9606.ENSP00000374390 9606.ENSP00000249299 0 0 0 0 328 0 58 339 
9606.ENSP00000374390 9606.ENSP00000386796 0 0 0 0 0 0 300 300 
9606.ENSP00000374390 9606.ENSP00000440643 0 0 0 0 169 0 0 169 
9606.ENSP00000374390 9606.ENSP00000306117 0 0 0 64 84 0 164 220 
9606.ENSP00000374390 9606.ENSP00000416673 0 0 0 63 188 0 73 233 
9606.ENSP00000374390 9606.ENSP00000377353 0 0 0 76 0 0 139 170 
9606.ENSP00000374390 9606.ENSP00000314792 0 0 0 82 183 0 57 230 
9606.ENSP00000374390 9606.ENSP00000360525 0 0 0 62 298 0 138 382 
9606.ENSP00000374390 9606.ENSP00000332604 0 0 0 224 42 0 65 244 
9606.ENSP00000374390 9606.ENSP00000331944 0 0 0 170 185 0 53 303 
9606.ENSP00000374390 9606.ENSP00000378699 0 0 0 0 185 0 63 204 
9606.ENSP00000374390 9606.ENSP00000387694 0 0 0 95 0 0 107 158 
9606.ENSP00000374390 9606.ENSP00000480221 0 0 0 0 0 0 173 173 
9606.ENSP00000374390 9606.ENSP00000445408 0 0 0 0 0 0 249 249 
9606.ENSP00000374390 9606.ENSP00000405708 0 0 0 61 0 0 210 226 
9606.ENSP00000374390 9606.ENSP00000406986 0 0 0 155 0 0 167 266 
9606.ENSP00000374390 9606.ENSP00000255108 0 0 0 130 60 0 50 155 
9606.ENSP00000374390 9606.ENSP00000466897 0 0 0 82 183 0 57 230 
9606.ENSP00000374390 9606.ENSP00000355388 0 0 0 62 157 0 57 189 
9606.ENSP00000374390 9606.ENSP00000217939 0 0 0 0 169 0 0 169 
9606.ENSP00000374390 9606.ENSP00000361626 45 0 0 0 160 0 85 201 
9606.ENSP00000374390 9606.ENSP00000283109 0 0 0 243 54 0 227 398 
9606.ENSP00000374390 9606.ENSP00000308012 0 0 0 141 123 0 67 235 
9606.ENSP00000374390 9606.ENSP00000312535 0 0 0 0 169 0 0 169 
9606.ENSP00000374390 9606.ENSP00000339532 51 0 0 57 131 0 63 173 
9606.ENSP00000374390 9606.ENSP00000444136 0 0 0 460 83 0 101 515 
9606.ENSP00000374390 9606.ENSP00000423917 0 0 0 86 0 0 306 339 
9606.ENSP00000374390 9606.ENSP00000297837 0 0 0 61 157 0 50 182 
9606.ENSP00000374390 9606.ENSP00000314348 0 0 0 482 0 0 314 629 
9606.ENSP00000374390 9606.ENSP00000369855 0 0 0 56 157 0 42 171 
9606.ENSP00000374390 9606.ENSP00000466989 0 0 0 0 169 0 0 169 
9606.ENSP00000374390 9606.ENSP00000485672 0 0 0 0 0 0 173 173 
9606.ENSP00000374390 9606.ENSP00000279387 0 0 0 62 125 0 54 155 
9606.ENSP00000374390 9606.ENSP00000320658 51 0 0 160 0 0 78 200 
9606.ENSP00000374390 9606.ENSP00000351524 0 0 0 61 124 0 62 161 
9606.ENSP00000374390 9606.ENSP00000355187 0 0 0 83 170 0 0 206 
9606.ENSP00000374390 9606.ENSP00000360782 0 0 0 61 130 0 113 212 
9606.ENSP00000374390 9606.ENSP00000348959 0 0 0 171 0 0 0 171 
9606.ENSP00000374390 9606.ENSP00000278572 0 0 0 129 130 0 59 224 
9606.ENSP00000374390 9606.ENSP00000222247 0 0 0 64 191 0 113 269 
9606.ENSP00000374390 9606.ENSP00000364289 0 0 0 63 168 0 182 306 
9606.ENSP00000374390 9606.ENSP00000373648 0 0 0 98 99 0 0 152 
9606.ENSP00000374390 9606.ENSP00000222511 44 0 0 86 188 0 57 241 
9606.ENSP00000374390 9606.ENSP00000356658 0 0 0 0 0 0 180 180 
9606.ENSP00000374390 9606.ENSP00000378548 0 0 0 0 0 0 392 392 
9606.ENSP00000374390 9606.ENSP00000386636 0 0 0 63 141 0 55 172 
9606.ENSP00000374390 9606.ENSP00000356134 49 0 0 109 64 0 86 178 
9606.ENSP00000374390 9606.ENSP00000460348 0 0 0 63 327 0 57 353 
9606.ENSP00000374390 9606.ENSP00000484645 0 0 0 0 90 0 134 178 
9606.ENSP00000374390 9606.ENSP00000339795 0 0 0 152 186 0 80 309 
9606.ENSP00000374390 9606.ENSP00000426909 0 0 0 142 131 0 67 243 
9606.ENSP00000374390 9606.ENSP00000352642 0 0 0 77 170 0 0 201 
9606.ENSP00000374390 9606.ENSP00000371201 0 0 0 97 175 0 58 236 
9606.ENSP00000374390 9606.ENSP00000367942 0 0 0 0 63 0 195 213 
9606.ENSP00000374390 9606.ENSP00000355523 0 0 0 77 0 0 215 244 
9606.ENSP00000374390 9606.ENSP00000392257 0 0 0 62 188 0 56 218 
9606.ENSP00000374390 9606.ENSP00000417161 0 0 0 0 0 0 374 374 
9606.ENSP00000374390 9606.ENSP00000417196 0 0 0 0 169 0 56 181 
9606.ENSP00000374390 9606.ENSP00000377470 0 0 0 57 0 0 233 245 
9606.ENSP00000374390 9606.ENSP00000351244 0 0 0 0 0 0 251 251 
9606.ENSP00000374390 9606.ENSP00000326759 0 0 0 0 169 0 0 169 
9606.ENSP00000374390 9606.ENSP00000343054 0 0 0 0 157 0 75 186 
9606.ENSP00000374390 9606.ENSP00000263857 0 0 0 445 177 0 173 589 
9606.ENSP00000374390 9606.ENSP00000274849 0 0 0 230 171 0 86 365 
9606.ENSP00000374390 9606.ENSP00000381824 0 0 0 0 157 0 42 157 
9606.ENSP00000374390 9606.ENSP00000373274 0 0 0 0 52 0 421 427 
9606.ENSP00000374390 9606.ENSP00000423067 0 0 0 450 0 0 56 458 
9606.ENSP00000374390 9606.ENSP00000259727 0 0 0 162 0 0 55 174 
9606.ENSP00000374390 9606.ENSP00000276925 0 0 0 56 157 0 42 171 
9606.ENSP00000374390 9606.ENSP00000364293 0 0 0 445 55 0 0 453 
9606.ENSP00000374390 9606.ENSP00000359990 0 0 0 0 169 0 0 169 
9606.ENSP00000374390 9606.ENSP00000331111 0 0 0 189 54 0 85 236 
9606.ENSP00000374390 9606.ENSP00000265140 0 0 0 56 157 0 42 171 
9606.ENSP00000374390 9606.ENSP00000215941 0 0 0 56 157 0 42 171 
9606.ENSP00000374390 9606.ENSP00000297071 0 0 0 82 183 0 57 230 
9606.ENSP00000374390 9606.ENSP00000262519 0 0 0 129 85 0 94 214 
9606.ENSP00000374390 9606.ENSP00000366135 0 0 0 147 103 0 104 254 
9606.ENSP00000374390 9606.ENSP00000300305 0 0 0 0 134 0 62 152 
9606.ENSP00000374390 9606.ENSP00000419425 0 0 0 0 188 0 56 200 
9606.ENSP00000374390 9606.ENSP00000277458 0 0 0 56 157 0 42 171 
9606.ENSP00000374390 9606.ENSP00000417401 75 0 0 108 193 0 128 341 
9606.ENSP00000374390 9606.ENSP00000279068 0 0 0 62 176 0 91 236 
9606.ENSP00000374390 9606.ENSP00000261015 0 0 0 261 185 0 69 390 
9606.ENSP00000374390 9606.ENSP00000355436 0 0 0 0 0 0 220 220 
9606.ENSP00000374390 9606.ENSP00000364404 0 0 0 0 0 0 253 253 
9606.ENSP00000374390 9606.ENSP00000370258 0 0 0 224 42 0 65 244 
9606.ENSP00000374390 9606.ENSP00000384164 0 0 0 0 84 0 212 247 
9606.ENSP00000374390 9606.ENSP00000363298 0 0 0 0 84 0 307 338 
9606.ENSP00000374390 9606.ENSP00000357292 0 0 0 55 127 0 56 153 
9606.ENSP00000374390 9606.ENSP00000298746 50 0 0 228 262 0 83 437 
9606.ENSP00000374390 9606.ENSP00000247003 0 0 0 429 0 0 441 667 
9606.ENSP00000374390 9606.ENSP00000354652 0 0 0 0 0 0 266 266 
9606.ENSP00000374390 9606.ENSP00000356247 0 0 0 0 170 0 67 193 
9606.ENSP00000374390 9606.ENSP00000451575 0 0 0 56 157 0 42 171 
9606.ENSP00000374390 9606.ENSP00000237654 0 0 0 0 163 0 95 210 
9606.ENSP00000374390 9606.ENSP00000356191 0 0 0 0 169 0 0 169 
9606.ENSP00000374390 9606.ENSP00000436773 0 0 0 55 0 0 158 170 
9606.ENSP00000374390 9606.ENSP00000300648 0 0 0 152 88 0 56 206 
9606.ENSP00000374390 9606.ENSP00000346001 0 0 0 108 169 0 85 262 
9606.ENSP00000374390 9606.ENSP00000295119 0 0 0 61 0 0 136 154 
9606.ENSP00000374390 9606.ENSP00000354432 0 0 0 56 157 0 42 171 
9606.ENSP00000374390 9606.ENSP00000318861 0 0 0 63 132 0 66 174 
9606.ENSP00000374390 9606.ENSP00000464813 0 0 0 77 178 0 62 226 
9606.ENSP00000374390 9606.ENSP00000356581 0 0 0 0 0 0 175 175 
9606.ENSP00000374390 9606.ENSP00000346414 0 0 0 77 170 0 0 201 
9606.ENSP00000374390 9606.ENSP00000426964 0 0 0 62 266 0 69 303 
9606.ENSP00000374390 9606.ENSP00000280154 0 0 0 81 195 0 50 235 
9606.ENSP00000374390 9606.ENSP00000260443 0 0 0 462 188 0 59 553 
9606.ENSP00000374390 9606.ENSP00000260191 0 0 0 0 0 0 410 410 
9606.ENSP00000374390 9606.ENSP00000203407 0 0 0 61 130 0 56 161 
9606.ENSP00000374390 9606.ENSP00000319240 0 0 0 62 298 0 138 382 
9606.ENSP00000374390 9606.ENSP00000304767 0 0 0 0 0 0 237 237 
9606.ENSP00000374390 9606.ENSP00000335636 0 0 0 61 131 0 50 157 
9606.ENSP00000374390 9606.ENSP00000379475 0 0 0 63 0 0 204 222 
9606.ENSP00000374390 9606.ENSP00000416534 0 0 0 109 0 0 253 305 
9606.ENSP00000374390 9606.ENSP00000418721 0 0 0 61 133 0 57 165 
9606.ENSP00000374390 9606.ENSP00000297579 0 0 0 421 53 0 56 437 
9606.ENSP00000374390 9606.ENSP00000348010 0 0 0 62 129 0 80 182 
9606.ENSP00000374390 9606.ENSP00000479953 0 0 0 0 169 0 0 169 
9606.ENSP00000374390 9606.ENSP00000261537 0 0 0 56 335 0 42 346 
9606.ENSP00000374390 9606.ENSP00000339992 0 0 0 64 192 0 55 222 
9606.ENSP00000374390 9606.ENSP00000343924 0 0 0 0 170 0 270 368 
9606.ENSP00000374390 9606.ENSP00000357301 0 0 0 0 0 0 461 461 
9606.ENSP00000374390 9606.ENSP00000399979 0 0 0 0 0 0 224 224 
9606.ENSP00000374390 9606.ENSP00000262415 0 0 0 164 157 0 101 311 
9606.ENSP00000374390 9606.ENSP00000371927 0 0 0 0 0 0 227 227 
9606.ENSP00000374390 9606.ENSP00000343867 0 0 0 63 123 0 67 166 
9606.ENSP00000374390 9606.ENSP00000298910 0 0 0 0 265 0 67 284 
9606.ENSP00000374390 9606.ENSP00000266719 0 0 0 0 169 0 0 169 
9606.ENSP00000374390 9606.ENSP00000300571 0 0 0 0 0 0 213 213 
9606.ENSP00000374390 9606.ENSP00000346762 0 0 0 0 175 0 58 189 
9606.ENSP00000374390 9606.ENSP00000471502 0 0 0 70 170 0 0 195 
9606.ENSP00000374390 9606.ENSP00000378917 0 0 0 63 138 0 81 192 
9606.ENSP00000374390 9606.ENSP00000248668 0 0 0 0 169 0 0 169 
9606.ENSP00000374390 9606.ENSP00000268616 0 0 0 87 115 0 61 175 
9606.ENSP00000374390 9606.ENSP00000434849 0 0 0 0 169 0 0 169 
9606.ENSP00000374390 9606.ENSP00000217026 0 0 0 64 192 0 55 222 
9606.ENSP00000374390 9606.ENSP00000352956 0 0 0 62 125 0 96 193 
9606.ENSP00000374390 9606.ENSP00000327179 0 0 0 460 0 0 44 461 
9606.ENSP00000374390 9606.ENSP00000483495 0 0 0 495 64 0 121 548 
9606.ENSP00000374390 9606.ENSP00000232978 0 0 0 62 188 0 56 218 
9606.ENSP00000374390 9606.ENSP00000361076 0 0 0 109 262 0 67 332 
9606.ENSP00000374390 9606.ENSP00000259239 0 0 0 409 176 0 64 504 
9606.ENSP00000374390 9606.ENSP00000302801 0 0 0 159 56 0 0 172 
9606.ENSP00000374390 9606.ENSP00000365174 0 0 0 64 112 0 63 153 
9606.ENSP00000374390 9606.ENSP00000255008 0 0 0 98 0 0 120 173 
9606.ENSP00000374390 9606.ENSP00000457723 0 0 0 55 125 0 75 168 
9606.ENSP00000374390 9606.ENSP00000468354 0 0 0 56 157 0 42 171 
9606.ENSP00000374390 9606.ENSP00000314193 0 0 0 340 50 0 44 348 
9606.ENSP00000374390 9606.ENSP00000222329 0 0 0 0 63 0 138 157 
9606.ENSP00000374390 9606.ENSP00000452037 0 0 0 77 170 0 0 201 
9606.ENSP00000374390 9606.ENSP00000321584 0 0 0 162 0 0 55 174 
9606.ENSP00000374390 9606.ENSP00000413707 0 0 0 0 169 0 0 169 
9606.ENSP00000374390 9606.ENSP00000276201 0 0 0 61 112 0 98 182 
9606.ENSP00000374390 9606.ENSP00000256079 0 0 0 112 85 0 74 181 
9606.ENSP00000374390 9606.ENSP00000355316 0 0 0 87 0 0 263 298 
9606.ENSP00000374390 9606.ENSP00000365950 0 0 0 82 183 0 57 230 
9606.ENSP00000374390 9606.ENSP00000313007 0 0 0 141 123 0 67 235 
9606.ENSP00000374390 9606.ENSP00000454699 0 0 0 64 84 0 164 220 
9606.ENSP00000374390 9606.ENSP00000417602 0 0 0 269 0 0 53 278 
9606.ENSP00000374390 9606.ENSP00000424737 0 0 0 65 157 0 132 256 
9606.ENSP00000374390 9606.ENSP00000460871 0 0 0 486 169 0 69 567 
9606.ENSP00000374390 9606.ENSP00000298317 0 0 0 112 64 0 63 153 
9606.ENSP00000374390 9606.ENSP00000379051 0 0 0 61 133 0 57 165 
9606.ENSP00000374390 9606.ENSP00000423665 0 0 0 0 185 0 56 197 
9606.ENSP00000374390 9606.ENSP00000338613 0 0 0 0 0 0 231 231 
9606.ENSP00000374390 9606.ENSP00000308908 0 0 0 65 0 0 153 174 
9606.ENSP00000374390 9606.ENSP00000012443 0 0 0 82 125 0 54 173 
9606.ENSP00000374390 9606.ENSP00000410396 0 0 0 459 50 0 50 469 
9606.ENSP00000374390 9606.ENSP00000346027 0 0 0 64 158 0 49 185 
9606.ENSP00000374390 9606.ENSP00000370966 0 0 0 0 0 0 243 243 
9606.ENSP00000374390 9606.ENSP00000259486 0 0 0 0 0 0 197 197 
9606.ENSP00000374390 9606.ENSP00000308179 0 0 0 487 64 0 52 505 
9606.ENSP00000374390 9606.ENSP00000362041 0 0 0 0 0 0 200 200 
9606.ENSP00000374390 9606.ENSP00000428982 0 0 0 0 50 0 227 234 
9606.ENSP00000374390 9606.ENSP00000416683 0 0 0 0 169 0 0 169 
9606.ENSP00000374390 9606.ENSP00000216797 0 0 0 56 157 0 42 171 
9606.ENSP00000374390 9606.ENSP00000305343 0 0 0 64 0 0 164 184 
9606.ENSP00000374390 9606.ENSP00000312587 0 0 0 61 193 0 52 218 
9606.ENSP00000374390 9606.ENSP00000295628 0 0 0 0 170 0 515 580 
9606.ENSP00000374390 9606.ENSP00000290583 0 0 0 144 78 0 50 184 
9606.ENSP00000374390 9606.ENSP00000386717 0 0 0 61 158 0 0 175 
9606.ENSP00000374390 9606.ENSP00000346065 0 0 0 0 175 0 58 189 
9606.ENSP00000374390 9606.ENSP00000361170 51 0 0 63 50 0 260 292 
9606.ENSP00000374390 9606.ENSP00000442973 0 0 0 0 82 0 158 194 
9606.ENSP00000374390 9606.ENSP00000317992 0 0 0 468 130 0 82 538 
9606.ENSP00000374390 9606.ENSP00000471604 0 0 0 233 53 0 0 242 
9606.ENSP00000374390 9606.ENSP00000263382 0 0 0 62 0 0 225 241 
9606.ENSP00000374390 9606.ENSP00000402338 0 0 0 489 157 0 68 563 
9606.ENSP00000374390 9606.ENSP00000263576 0 0 0 64 84 0 164 220 
9606.ENSP00000374390 9606.ENSP00000387303 0 0 0 63 157 0 252 357 
9606.ENSP00000374390 9606.ENSP00000281543 0 0 0 99 0 0 101 155 
9606.ENSP00000374390 9606.ENSP00000379182 0 0 0 62 185 0 115 264 
9606.ENSP00000374390 9606.ENSP00000256447 0 0 0 0 169 0 0 169 
9606.ENSP00000374390 9606.ENSP00000225174 0 0 0 0 188 0 56 200 
9606.ENSP00000374390 9606.ENSP00000309689 0 0 0 0 169 0 0 169 
9606.ENSP00000374390 9606.ENSP00000363313 0 0 0 61 163 0 56 193 
9606.ENSP00000374390 9606.ENSP00000480740 0 0 0 0 169 0 0 169 
9606.ENSP00000374390 9606.ENSP00000380453 0 0 0 82 106 0 58 159 
9606.ENSP00000374390 9606.ENSP00000367154 0 0 0 0 169 0 0 169 
9606.ENSP00000374390 9606.ENSP00000305640 0 0 0 0 0 0 243 243 
9606.ENSP00000374390 9606.ENSP00000260102 0 0 0 64 173 0 56 205 
9606.ENSP00000374390 9606.ENSP00000353874 0 0 0 0 169 0 0 169 
9606.ENSP00000374390 9606.ENSP00000354720 0 0 0 63 0 0 134 153 
9606.ENSP00000374390 9606.ENSP00000355890 75 0 0 79 55 0 113 190 
9606.ENSP00000374390 9606.ENSP00000357218 0 0 0 62 266 0 69 303 
9606.ENSP00000374390 9606.ENSP00000268482 0 0 0 64 157 0 203 316 
9606.ENSP00000374390 9606.ENSP00000330631 0 0 0 0 170 0 390 472 
9606.ENSP00000374390 9606.ENSP00000371451 0 0 0 109 84 0 58 164 
9606.ENSP00000374390 9606.ENSP00000228850 0 0 0 0 0 0 186 186 
9606.ENSP00000374390 9606.ENSP00000384126 0 0 0 0 169 0 0 169 
9606.ENSP00000374390 9606.ENSP00000313953 0 0 0 199 0 0 86 236 
9606.ENSP00000374390 9606.ENSP00000371711 0 0 0 0 86 0 148 188 
9606.ENSP00000374390 9606.ENSP00000346453 0 0 0 180 85 0 128 288 
9606.ENSP00000374390 9606.ENSP00000282007 0 0 0 109 107 0 81 204 
9606.ENSP00000374390 9606.ENSP00000266022 0 0 0 0 157 0 75 186 
9606.ENSP00000374390 9606.ENSP00000245934 0 0 0 0 157 0 50 164 
9606.ENSP00000374390 9606.ENSP00000407323 0 0 0 464 173 0 66 549 
9606.ENSP00000374390 9606.ENSP00000382972 0 0 0 0 261 0 57 273 
9606.ENSP00000374390 9606.ENSP00000377640 0 0 0 93 188 0 59 246 
9606.ENSP00000374390 9606.ENSP00000332198 0 0 0 152 261 0 92 381 
9606.ENSP00000374390 9606.ENSP00000281882 0 0 0 0 57 0 146 160 
9606.ENSP00000374390 9606.ENSP00000238714 0 0 0 0 131 0 90 175 
9606.ENSP00000374390 9606.ENSP00000463057 0 0 0 0 188 0 56 200 
9606.ENSP00000374390 9606.ENSP00000307822 0 0 0 0 0 0 161 161 
9606.ENSP00000374390 9606.ENSP00000356846 0 0 0 51 71 0 215 247 
9606.ENSP00000374390 9606.ENSP00000328511 0 0 0 98 99 0 62 171 
9606.ENSP00000374390 9606.ENSP00000285814 0 0 0 454 260 0 63 588 
9606.ENSP00000374390 9606.ENSP00000251607 0 0 0 61 177 0 97 241 
9606.ENSP00000374390 9606.ENSP00000364448 0 0 0 61 112 0 98 182 
9606.ENSP00000374390 9606.ENSP00000332148 0 0 0 0 0 0 445 445 
9606.ENSP00000374390 9606.ENSP00000384708 0 0 0 0 0 0 197 197 
9606.ENSP00000374390 9606.ENSP00000350248 0 0 0 0 0 0 199 199 
9606.ENSP00000374390 9606.ENSP00000340510 0 0 0 0 80 0 173 206 
9606.ENSP00000374390 9606.ENSP00000386804 0 0 0 0 0 0 282 282 
9606.ENSP00000374390 9606.ENSP00000377344 45 0 0 95 85 0 127 217 
9606.ENSP00000374390 9606.ENSP00000348828 0 0 0 0 55 0 211 222 
9606.ENSP00000374390 9606.ENSP00000263666 0 0 0 0 0 0 197 197 
9606.ENSP00000374390 9606.ENSP00000244496 0 0 0 252 171 0 59 365 
9606.ENSP00000374390 9606.ENSP00000369531 0 0 0 55 127 0 56 153 
9606.ENSP00000374390 9606.ENSP00000306330 0 0 0 0 261 0 50 267 
9606.ENSP00000374390 9606.ENSP00000400591 0 0 0 0 261 0 57 273 
9606.ENSP00000374390 9606.ENSP00000374482 0 0 0 0 0 0 171 171 
9606.ENSP00000374390 9606.ENSP00000359127 0 0 0 169 0 0 0 169 
9606.ENSP00000374390 9606.ENSP00000358309 0 0 0 76 78 0 109 175 
9606.ENSP00000374390 9606.ENSP00000233156 0 0 0 0 0 0 193 193 
9606.ENSP00000374390 9606.ENSP00000244230 0 0 0 227 171 0 68 350 
9606.ENSP00000374390 9606.ENSP00000383931 0 0 0 0 169 0 0 169 
9606.ENSP00000374390 9606.ENSP00000357812 0 0 0 0 64 0 282 299 
9606.ENSP00000374390 9606.ENSP00000422626 0 0 0 56 141 0 55 166 
9606.ENSP00000374390 9606.ENSP00000480020 0 0 0 0 0 0 299 299 
9606.ENSP00000374390 9606.ENSP00000262144 0 0 0 61 85 0 99 158 
9606.ENSP00000374390 9606.ENSP00000362105 0 0 0 227 50 0 176 342 
9606.ENSP00000374390 9606.ENSP00000379241 0 0 0 0 169 0 0 169 
9606.ENSP00000374390 9606.ENSP00000334952 0 0 0 0 170 0 135 251 
9606.ENSP00000374390 9606.ENSP00000306328 0 0 0 169 0 0 0 169 
9606.ENSP00000374390 9606.ENSP00000428223 0 0 0 75 186 0 86 251 
9606.ENSP00000374390 9606.ENSP00000362936 0 0 0 82 183 0 57 230 
9606.ENSP00000374390 9606.ENSP00000359370 0 0 0 0 185 0 0 185 
9606.ENSP00000374390 9606.ENSP00000370589 50 0 0 469 303 0 86 635 
9606.ENSP00000374390 9606.ENSP00000291576 0 0 0 295 132 0 85 391 
9606.ENSP00000374390 9606.ENSP00000435370 0 0 0 61 127 0 65 167 
9606.ENSP00000374390 9606.ENSP00000370083 0 0 0 0 150 0 56 163 
9606.ENSP00000374390 9606.ENSP00000302811 0 0 0 0 0 0 290 290 
9606.ENSP00000374390 9606.ENSP00000349967 0 0 0 0 0 0 182 182 
9606.ENSP00000374390 9606.ENSP00000324122 50 0 0 100 269 0 86 352 
9606.ENSP00000374390 9606.ENSP00000381198 0 0 0 61 132 0 0 150 
9606.ENSP00000374390 9606.ENSP00000366604 0 0 0 0 130 0 137 217 
9606.ENSP00000374390 9606.ENSP00000367029 0 0 0 331 129 0 0 392 
9606.ENSP00000374390 9606.ENSP00000378306 0 0 0 57 125 0 54 151 
9606.ENSP00000374390 9606.ENSP00000274606 0 0 0 462 306 0 67 621 
9606.ENSP00000374390 9606.ENSP00000315569 46 0 0 107 133 0 82 231 
9606.ENSP00000374390 9606.ENSP00000390410 0 0 0 0 0 0 282 282 
9606.ENSP00000374390 9606.ENSP00000412064 0 0 0 0 0 0 340 340 
9606.ENSP00000374390 9606.ENSP00000329684 0 0 0 0 0 0 206 206 
9606.ENSP00000374390 9606.ENSP00000252037 0 0 0 63 85 0 268 317 
9606.ENSP00000374390 9606.ENSP00000451605 0 0 0 0 0 0 427 427 
9606.ENSP00000374390 9606.ENSP00000380982 0 0 0 461 156 0 0 525 
9606.ENSP00000374390 9606.ENSP00000355471 49 0 0 332 64 0 86 383 
9606.ENSP00000374390 9606.ENSP00000405095 0 0 0 0 0 0 162 162 
9606.ENSP00000374390 9606.ENSP00000311430 0 0 0 117 185 0 92 289 
9606.ENSP00000374390 9606.ENSP00000451223 0 0 0 0 0 0 269 269 
9606.ENSP00000374390 9606.ENSP00000298386 0 0 0 0 169 0 0 169 
9606.ENSP00000374390 9606.ENSP00000379003 0 0 0 0 153 0 0 153 
9606.ENSP00000374390 9606.ENSP00000318966 0 0 0 192 138 0 56 285 
9606.ENSP00000374390 9606.ENSP00000232461 0 0 0 0 0 0 159 159 
9606.ENSP00000374390 9606.ENSP00000370201 0 0 0 88 0 0 226 263 
9606.ENSP00000374390 9606.ENSP00000253099 0 0 0 173 185 0 86 330 
9606.ENSP00000374390 9606.ENSP00000379412 0 0 0 61 124 0 62 161 
9606.ENSP00000374390 9606.ENSP00000352678 0 0 0 64 76 0 145 195 
9606.ENSP00000374390 9606.ENSP00000263634 0 0 0 56 157 0 42 171 
9606.ENSP00000374390 9606.ENSP00000316032 0 0 0 61 159 0 125 248 
9606.ENSP00000374390 9606.ENSP00000437402 0 0 0 61 185 0 138 282 
9606.ENSP00000374390 9606.ENSP00000459551 0 0 0 0 169 0 0 169 
9606.ENSP00000374390 9606.ENSP00000262577 0 0 0 61 157 0 84 211 
9606.ENSP00000374390 9606.ENSP00000263083 0 0 0 130 60 0 50 155 
9606.ENSP00000374390 9606.ENSP00000401371 42 0 0 55 110 0 91 169 
9606.ENSP00000374390 9606.ENSP00000398744 0 0 0 156 0 0 57 170 
9606.ENSP00000374390 9606.ENSP00000357748 0 0 0 242 0 0 0 242 
9606.ENSP00000374390 9606.ENSP00000259324 0 0 0 0 169 0 0 169 
9606.ENSP00000374390 9606.ENSP00000323047 0 0 0 84 163 0 50 208 
9606.ENSP00000374390 9606.ENSP00000426978 0 0 0 0 90 0 134 178 
9606.ENSP00000374390 9606.ENSP00000366396 0 0 0 63 129 0 136 233 
9606.ENSP00000374390 9606.ENSP00000274793 0 0 0 0 0 0 251 251 
9606.ENSP00000374390 9606.ENSP00000344233 0 0 0 77 170 0 0 201 
9606.ENSP00000374390 9606.ENSP00000216190 0 0 0 148 0 0 74 177 
9606.ENSP00000374390 9606.ENSP00000435777 52 0 0 100 160 0 89 259 
9606.ENSP00000374390 9606.ENSP00000366828 0 0 0 189 0 0 0 189 
9606.ENSP00000374390 9606.ENSP00000312988 0 0 0 56 157 0 42 171 
9606.ENSP00000374390 9606.ENSP00000267890 0 0 0 55 124 0 56 150 
9606.ENSP00000374390 9606.ENSP00000485450 0 0 0 82 183 0 57 230 
9606.ENSP00000374390 9606.ENSP00000464342 0 0 0 63 158 0 0 177 
9606.ENSP00000374390 9606.ENSP00000253144 0 0 0 0 52 0 210 219 
9606.ENSP00000374390 9606.ENSP00000323858 0 0 0 464 52 0 223 570 
9606.ENSP00000374390 9606.ENSP00000308925 0 0 0 0 169 0 0 169 
9606.ENSP00000374390 9606.ENSP00000351327 0 0 0 0 0 0 150 150 
9606.ENSP00000374390 9606.ENSP00000476955 0 0 0 0 286 0 66 304 
9606.ENSP00000374390 9606.ENSP00000355402 0 0 0 69 170 0 0 194 
9606.ENSP00000374390 9606.ENSP00000405841 0 0 0 61 170 0 0 187 
9606.ENSP00000374390 9606.ENSP00000474988 0 0 0 0 169 0 0 169 
9606.ENSP00000374390 9606.ENSP00000216420 0 0 0 0 0 0 288 288 
9606.ENSP00000374390 9606.ENSP00000341826 0 0 0 82 183 0 57 230 
9606.ENSP00000374390 9606.ENSP00000476117 0 0 0 207 85 0 92 283 
9606.ENSP00000374390 9606.ENSP00000325682 0 0 0 0 0 0 263 263 
9606.ENSP00000374390 9606.ENSP00000221801 0 0 0 244 261 0 129 470 
9606.ENSP00000374390 9606.ENSP00000309830 0 0 0 61 169 0 43 188 
9606.ENSP00000374390 9606.ENSP00000256383 0 0 0 172 73 0 55 211 
9606.ENSP00000374390 9606.ENSP00000299440 0 0 0 0 0 0 156 156 
9606.ENSP00000374390 9606.ENSP00000395772 0 0 0 394 163 0 53 477 
9606.ENSP00000374390 9606.ENSP00000480301 0 0 0 0 77 0 167 198 
9606.ENSP00000374390 9606.ENSP00000455106 0 0 0 448 215 0 114 582 
9606.ENSP00000374390 9606.ENSP00000311135 0 0 0 430 157 0 112 536 
9606.ENSP00000374390 9606.ENSP00000399797 0 0 0 61 124 0 62 161 
9606.ENSP00000374390 9606.ENSP00000298875 0 0 0 63 125 0 49 152 
9606.ENSP00000374390 9606.ENSP00000308533 0 0 0 0 185 0 56 197 
9606.ENSP00000374390 9606.ENSP00000372959 0 0 0 0 169 0 0 169 
9606.ENSP00000374390 9606.ENSP00000329803 0 0 0 0 0 0 213 213 
9606.ENSP00000374390 9606.ENSP00000220913 0 0 0 61 50 0 136 161 
9606.ENSP00000374390 9606.ENSP00000417518 0 0 0 0 0 0 165 165 
9606.ENSP00000374390 9606.ENSP00000362621 0 0 0 193 123 0 67 282 
9606.ENSP00000374390 9606.ENSP00000302621 0 0 0 0 169 0 0 169 
9606.ENSP00000374390 9606.ENSP00000225972 0 0 0 0 169 0 0 169 
9606.ENSP00000374390 9606.ENSP00000378193 0 0 0 0 192 0 55 203 
9606.ENSP00000374390 9606.ENSP00000376007 0 0 0 63 0 0 378 392 
9606.ENSP00000374390 9606.ENSP00000266058 0 0 0 76 170 0 182 318 
9606.ENSP00000374390 9606.ENSP00000366997 46 0 0 107 133 0 82 231 
9606.ENSP00000374390 9606.ENSP00000381490 0 0 0 80 179 0 173 320 
9606.ENSP00000374390 9606.ENSP00000359454 0 0 0 61 264 0 82 310 
9606.ENSP00000374390 9606.ENSP00000263629 0 0 0 114 191 0 94 293 
9606.ENSP00000374390 9606.ENSP00000203001 0 0 0 255 50 0 0 261 
9606.ENSP00000374390 9606.ENSP00000267339 0 0 0 56 157 0 42 171 
9606.ENSP00000374390 9606.ENSP00000415899 0 0 0 189 56 0 68 224 
9606.ENSP00000374390 9606.ENSP00000483484 0 0 0 264 185 0 74 396 
9606.ENSP00000374390 9606.ENSP00000251089 0 0 0 61 125 0 62 162 
9606.ENSP00000374390 9606.ENSP00000254803 0 0 0 342 171 0 67 446 
9606.ENSP00000374390 9606.ENSP00000428579 0 0 0 61 346 0 50 365 
9606.ENSP00000374390 9606.ENSP00000415536 0 0 0 143 51 0 43 153 
9606.ENSP00000374390 9606.ENSP00000335156 0 0 0 0 0 0 451 451 
9606.ENSP00000374390 9606.ENSP00000266079 0 0 0 63 304 0 68 339 
9606.ENSP00000374390 9606.ENSP00000381657 0 0 0 0 132 0 79 166 
9606.ENSP00000374390 9606.ENSP00000401191 0 0 0 229 73 0 58 267 
9606.ENSP00000374390 9606.ENSP00000326324 0 0 0 0 169 0 0 169 
9606.ENSP00000374390 9606.ENSP00000462647 0 0 0 76 0 0 299 324 
9606.ENSP00000374390 9606.ENSP00000419005 0 0 0 426 0 0 110 467 
9606.ENSP00000374390 9606.ENSP00000288135 0 0 0 0 0 0 197 197 
9606.ENSP00000374390 9606.ENSP00000342538 0 0 0 140 0 0 63 159 
9606.ENSP00000374390 9606.ENSP00000370034 0 0 0 0 169 0 0 169 
9606.ENSP00000374390 9606.ENSP00000318884 0 0 0 65 185 0 0 205 
9606.ENSP00000374390 9606.ENSP00000364320 0 0 0 441 164 0 86 535 
9606.ENSP00000374390 9606.ENSP00000382731 0 0 0 156 0 0 57 170 
9606.ENSP00000374390 9606.ENSP00000405987 0 0 0 0 169 0 0 169 
9606.ENSP00000374390 9606.ENSP00000369335 0 0 0 61 62 0 171 206 
9606.ENSP00000374390 9606.ENSP00000357810 0 0 0 0 169 0 0 169 
9606.ENSP00000374390 9606.ENSP00000432016 0 0 0 63 157 0 42 177 
9606.ENSP00000374390 9606.ENSP00000308772 0 0 0 56 157 0 42 171 
9606.ENSP00000374390 9606.ENSP00000360532 0 0 0 63 192 0 55 222 
9606.ENSP00000374390 9606.ENSP00000306662 0 0 0 0 0 0 345 345 
9606.ENSP00000374390 9606.ENSP00000216277 0 0 0 0 131 0 90 175 
9606.ENSP00000374390 9606.ENSP00000242257 0 0 0 88 174 0 86 251 
9606.ENSP00000374390 9606.ENSP00000326806 0 0 0 0 286 0 66 304 
9606.ENSP00000374390 9606.ENSP00000329219 0 0 0 0 185 0 0 185 
9606.ENSP00000374390 9606.ENSP00000463233 0 0 0 141 123 0 67 235 
9606.ENSP00000374390 9606.ENSP00000321804 43 0 0 0 81 0 157 194 
9606.ENSP00000374390 9606.ENSP00000451145 0 0 0 192 138 0 125 337 
9606.ENSP00000374390 9606.ENSP00000363136 0 0 0 61 0 0 432 444 
9606.ENSP00000374390 9606.ENSP00000043402 0 0 0 0 169 0 0 169 
9606.ENSP00000374390 9606.ENSP00000417240 0 0 0 133 57 0 84 185 
9606.ENSP00000374390 9606.ENSP00000371394 0 0 0 0 0 0 257 257 
9606.ENSP00000374390 9606.ENSP00000355551 0 0 0 49 0 0 472 477 
9606.ENSP00000374390 9606.ENSP00000412566 0 0 0 0 261 0 57 273 
9606.ENSP00000374390 9606.ENSP00000249842 0 0 0 0 169 0 0 169 
9606.ENSP00000374390 9606.ENSP00000306864 0 0 0 0 169 0 0 169 
9606.ENSP00000374390 9606.ENSP00000368516 0 0 0 0 170 0 115 234 
9606.ENSP00000374390 9606.ENSP00000415034 0 0 0 0 0 0 245 245 
9606.ENSP00000374390 9606.ENSP00000246802 0 0 0 427 50 0 50 437 
9606.ENSP00000374390 9606.ENSP00000351108 0 0 0 82 183 0 57 230 
9606.ENSP00000374390 9606.ENSP00000362153 0 0 0 461 163 0 105 560 
9606.ENSP00000374390 9606.ENSP00000441543 0 0 0 55 127 0 56 153 
9606.ENSP00000374390 9606.ENSP00000424838 0 0 0 144 50 0 284 367 
9606.ENSP00000374390 9606.ENSP00000419101 0 0 0 61 0 0 167 184 
9606.ENSP00000374390 9606.ENSP00000297990 0 0 0 356 171 0 65 457 
9606.ENSP00000374390 9606.ENSP00000360412 0 0 0 481 210 0 68 584 
9606.ENSP00000374390 9606.ENSP00000263519 0 0 0 123 82 0 0 160 
9606.ENSP00000374390 9606.ENSP00000382800 0 0 0 0 134 0 78 168 
9606.ENSP00000374390 9606.ENSP00000312981 0 0 0 61 261 0 53 285 
9606.ENSP00000374390 9606.ENSP00000293441 0 0 0 83 157 0 42 195 
9606.ENSP00000374390 9606.ENSP00000306614 0 0 0 61 188 0 56 217 
9606.ENSP00000374390 9606.ENSP00000315035 0 0 0 61 298 0 53 321 
9606.ENSP00000374390 9606.ENSP00000382140 0 0 0 77 170 0 0 201 
9606.ENSP00000374390 9606.ENSP00000310303 0 0 0 0 0 0 477 477 
9606.ENSP00000374390 9606.ENSP00000364586 0 0 0 116 0 0 145 212 
9606.ENSP00000374390 9606.ENSP00000383382 0 0 0 0 169 0 0 169 
9606.ENSP00000374390 9606.ENSP00000358554 0 0 0 61 300 0 49 320 
9606.ENSP00000374390 9606.ENSP00000314901 0 0 0 0 169 0 0 169 
9606.ENSP00000374390 9606.ENSP00000365806 0 0 0 227 163 0 50 331 
9606.ENSP00000374390 9606.ENSP00000382204 0 0 0 0 0 0 607 607 
9606.ENSP00000374390 9606.ENSP00000377051 0 0 0 61 157 0 42 175 
9606.ENSP00000374390 9606.ENSP00000316042 0 0 0 82 183 0 57 230 
9606.ENSP00000374390 9606.ENSP00000370938 0 0 0 63 0 0 167 186 
9606.ENSP00000374390 9606.ENSP00000392094 0 0 0 64 266 0 78 311 
9606.ENSP00000374390 9606.ENSP00000316628 0 0 0 0 84 0 295 327 
9606.ENSP00000374390 9606.ENSP00000380878 0 0 0 57 125 0 54 151 
9606.ENSP00000374390 9606.ENSP00000369042 0 0 0 112 85 0 74 181 
9606.ENSP00000374390 9606.ENSP00000253008 0 0 0 0 0 0 174 174 
9606.ENSP00000374390 9606.ENSP00000346080 0 0 0 62 157 0 50 183 
9606.ENSP00000374390 9606.ENSP00000260184 45 0 0 95 85 0 127 217 
9606.ENSP00000374390 9606.ENSP00000217244 0 0 0 61 138 0 52 165 
9606.ENSP00000374390 9606.ENSP00000352438 0 0 0 0 169 0 56 181 
9606.ENSP00000374390 9606.ENSP00000231498 0 0 0 63 123 0 50 151 
9606.ENSP00000374390 9606.ENSP00000221138 0 0 0 61 125 0 54 154 
9606.ENSP00000374390 9606.ENSP00000314223 0 0 0 76 0 0 274 301 
9606.ENSP00000374390 9606.ENSP00000269349 0 0 0 142 0 0 253 331 
9606.ENSP00000374390 9606.ENSP00000422392 0 0 0 61 261 0 57 288 
9606.ENSP00000374390 9606.ENSP00000316955 0 0 0 0 0 0 196 196 
9606.ENSP00000374390 9606.ENSP00000298292 0 0 0 49 185 0 0 191 
9606.ENSP00000374390 9606.ENSP00000242776 0 0 0 63 0 0 204 222 
9606.ENSP00000374390 9606.ENSP00000377944 0 0 0 229 159 0 66 341 
9606.ENSP00000374390 9606.ENSP00000406197 43 0 0 0 81 0 404 430 
9606.ENSP00000374390 9606.ENSP00000385410 0 0 0 156 72 0 51 191 
9606.ENSP00000374390 9606.ENSP00000477695 0 0 0 56 157 0 42 171 
9606.ENSP00000374390 9606.ENSP00000406367 0 0 0 0 170 0 256 356 
9606.ENSP00000374390 9606.ENSP00000285243 0 0 0 0 185 0 0 185 
9606.ENSP00000374390 9606.ENSP00000314441 0 0 0 254 82 0 65 303 
9606.ENSP00000374390 9606.ENSP00000274026 0 0 0 49 163 0 76 200 
9606.ENSP00000374390 9606.ENSP00000401701 0 0 0 0 52 0 244 252 
9606.ENSP00000374390 9606.ENSP00000331879 0 0 0 189 73 0 69 238 
9606.ENSP00000374390 9606.ENSP00000264607 0 0 0 56 157 0 42 171 
9606.ENSP00000374390 9606.ENSP00000338887 0 0 0 0 169 0 0 169 
9606.ENSP00000374390 9606.ENSP00000480986 0 0 0 164 157 0 101 311 
9606.ENSP00000374390 9606.ENSP00000381429 0 0 0 53 0 0 267 276 
9606.ENSP00000374390 9606.ENSP00000256737 0 0 0 77 0 0 146 178 
9606.ENSP00000374390 9606.ENSP00000261530 0 0 0 0 157 0 75 186 
9606.ENSP00000374390 9606.ENSP00000220849 0 0 0 143 0 0 49 150 
9606.ENSP00000374390 9606.ENSP00000264741 0 0 0 0 0 0 268 268 
9606.ENSP00000374390 9606.ENSP00000357631 0 0 0 63 185 0 67 225 
9606.ENSP00000374390 9606.ENSP00000479256 0 0 0 0 169 0 0 169 
9606.ENSP00000374390 9606.ENSP00000361092 0 0 0 156 169 0 64 286 
9606.ENSP00000374390 9606.ENSP00000264042 0 0 0 0 0 0 382 382 
9606.ENSP00000374390 9606.ENSP00000339918 0 0 0 0 169 0 0 169 
9606.ENSP00000374390 9606.ENSP00000199320 49 0 0 332 64 0 86 383 
9606.ENSP00000374390 9606.ENSP00000323288 0 0 0 112 64 0 63 153 
9606.ENSP00000374390 9606.ENSP00000254193 0 0 0 0 170 0 78 202 
9606.ENSP00000374390 9606.ENSP00000378195 0 0 0 61 0 0 388 400 
9606.ENSP00000374390 9606.ENSP00000361949 0 0 0 141 123 0 67 235 
9606.ENSP00000374390 9606.ENSP00000436767 0 0 0 84 163 0 50 208 
9606.ENSP00000374390 9606.ENSP00000322937 0 0 0 0 169 0 0 169 
9606.ENSP00000374390 9606.ENSP00000349891 0 0 0 56 157 0 42 171 
9606.ENSP00000374390 9606.ENSP00000399547 0 0 0 56 157 0 42 171 
9606.ENSP00000374390 9606.ENSP00000363944 0 0 0 132 85 0 43 173 
9606.ENSP00000374390 9606.ENSP00000359345 0 0 0 115 85 0 53 166 
9606.ENSP00000374390 9606.ENSP00000347444 0 0 0 0 175 0 58 189 
9606.ENSP00000374390 9606.ENSP00000369390 0 0 0 0 185 0 56 197 
9606.ENSP00000374390 9606.ENSP00000433109 0 0 0 84 99 0 62 158 
9606.ENSP00000374390 9606.ENSP00000418221 0 0 0 152 186 0 80 309 
9606.ENSP00000374390 9606.ENSP00000482396 0 0 0 173 0 0 67 195 
9606.ENSP00000374390 9606.ENSP00000253048 0 0 0 0 157 0 50 164 
9606.ENSP00000374390 9606.ENSP00000455026 0 0 0 112 64 0 63 153 
9606.ENSP00000374390 9606.ENSP00000473212 0 0 0 0 0 0 250 250 
9606.ENSP00000374390 9606.ENSP00000352021 0 0 0 129 53 0 90 183 
9606.ENSP00000374390 9606.ENSP00000317123 0 0 0 61 264 0 87 313 
9606.ENSP00000374390 9606.ENSP00000225387 0 0 0 0 0 0 191 191 
9606.ENSP00000374390 9606.ENSP00000290231 0 0 0 61 159 0 125 248 
9606.ENSP00000374390 9606.ENSP00000355110 0 0 0 0 0 0 169 169 
9606.ENSP00000374390 9606.ENSP00000368766 0 0 0 0 0 0 412 412 
9606.ENSP00000374390 9606.ENSP00000397133 0 0 0 0 96 0 101 152 
9606.ENSP00000374390 9606.ENSP00000364520 0 0 0 0 0 0 196 196 
9606.ENSP00000374390 9606.ENSP00000478303 0 0 0 126 128 0 0 205 
9606.ENSP00000374390 9606.ENSP00000381097 0 0 0 83 78 0 171 238 
9606.ENSP00000374390 9606.ENSP00000310042 0 0 0 188 66 0 76 238 
9606.ENSP00000374390 9606.ENSP00000356143 0 0 0 0 169 0 0 169 
9606.ENSP00000374390 9606.ENSP00000332118 0 0 0 54 78 0 237 276 
9606.ENSP00000374390 9606.ENSP00000276282 0 0 0 0 169 0 0 169 
9606.ENSP00000374390 9606.ENSP00000355166 0 0 0 0 169 0 0 169 
9606.ENSP00000374390 9606.ENSP00000436049 0 0 0 173 0 0 0 173 
9606.ENSP00000374390 9606.ENSP00000256398 0 0 0 193 0 0 67 214 
9606.ENSP00000374390 9606.ENSP00000291536 0 0 0 0 0 0 171 171 
9606.ENSP00000374390 9606.ENSP00000396673 0 0 0 501 174 0 86 590 
9606.ENSP00000374390 9606.ENSP00000260129 0 0 0 62 125 0 57 158 
9606.ENSP00000374390 9606.ENSP00000251453 0 0 0 87 185 0 269 408 
9606.ENSP00000374390 9606.ENSP00000338352 0 0 0 64 112 0 63 153 
9606.ENSP00000374390 9606.ENSP00000481495 0 0 0 471 76 0 178 563 
9606.ENSP00000374390 9606.ENSP00000337797 0 0 0 0 254 0 50 261 
9606.ENSP00000374390 9606.ENSP00000262506 0 0 0 61 138 0 52 165 
9606.ENSP00000374390 9606.ENSP00000262450 0 0 0 98 88 0 57 156 
9606.ENSP00000374390 9606.ENSP00000319341 0 0 0 0 261 0 57 273 
9606.ENSP00000374390 9606.ENSP00000376403 0 0 0 0 0 0 255 255 
9606.ENSP00000374390 9606.ENSP00000268802 0 0 0 232 73 0 106 307 
9606.ENSP00000374390 9606.ENSP00000442982 0 0 0 64 0 0 388 402 
9606.ENSP00000374390 9606.ENSP00000238823 0 0 0 0 177 0 0 177 
9606.ENSP00000374390 9606.ENSP00000324573 0 0 0 59 170 0 44 188 
9606.ENSP00000374390 9606.ENSP00000255465 0 0 0 61 163 0 145 269 
9606.ENSP00000374390 9606.ENSP00000303754 0 0 0 62 188 0 56 218 
9606.ENSP00000374390 9606.ENSP00000378504 0 0 0 0 90 0 134 178 
9606.ENSP00000374390 9606.ENSP00000227756 0 0 0 0 0 0 444 444 
9606.ENSP00000374390 9606.ENSP00000282272 0 0 0 56 157 0 42 171 
9606.ENSP00000374390 9606.ENSP00000358815 0 0 0 0 0 0 189 189 
9606.ENSP00000374390 9606.ENSP00000411471 48 0 0 169 89 0 56 228 
9606.ENSP00000374390 9606.ENSP00000272348 0 0 0 0 327 0 59 339 
9606.ENSP00000374390 9606.ENSP00000319009 0 0 0 0 0 0 447 447 
9606.ENSP00000374390 9606.ENSP00000324105 0 0 0 61 185 0 116 264 
9606.ENSP00000374390 9606.ENSP00000388648 0 0 0 53 127 0 57 152 
9606.ENSP00000374390 9606.ENSP00000313756 0 0 0 56 157 0 42 171 
9606.ENSP00000374390 9606.ENSP00000228347 0 0 0 129 83 0 86 206 
9606.ENSP00000374390 9606.ENSP00000366413 0 0 0 0 64 0 136 157 
9606.ENSP00000374390 9606.ENSP00000400088 0 0 0 0 185 0 56 197 
9606.ENSP00000374390 9606.ENSP00000261211 0 0 0 0 185 0 56 197 
9606.ENSP00000374390 9606.ENSP00000365160 0 0 0 64 112 0 63 153 
9606.ENSP00000374390 9606.ENSP00000386357 0 0 0 0 169 0 0 169 
9606.ENSP00000374390 9606.ENSP00000389455 0 0 0 152 186 0 80 309 
9606.ENSP00000374390 9606.ENSP00000281821 0 0 0 54 78 0 144 188 
9606.ENSP00000374390 9606.ENSP00000362306 0 0 0 61 172 0 102 240 
9606.ENSP00000374390 9606.ENSP00000377547 0 0 0 0 163 0 52 172 
9606.ENSP00000374390 9606.ENSP00000482325 0 0 0 56 157 0 42 171 
9606.ENSP00000374390 9606.ENSP00000363642 0 0 0 491 190 0 159 622 
9606.ENSP00000374390 9606.ENSP00000332766 0 0 0 0 0 0 175 175 
9606.ENSP00000374390 9606.ENSP00000321711 46 0 0 107 133 0 82 231 
9606.ENSP00000374390 9606.ENSP00000377015 0 0 0 0 182 0 44 184 
9606.ENSP00000374390 9606.ENSP00000229214 0 0 0 405 261 0 57 549 
9606.ENSP00000374390 9606.ENSP00000320688 0 0 0 169 0 0 0 169 
9606.ENSP00000374390 9606.ENSP00000397312 0 0 0 0 169 0 0 169 
9606.ENSP00000374390 9606.ENSP00000449328 0 0 0 129 164 0 115 299 
9606.ENSP00000374390 9606.ENSP00000332164 0 0 0 0 170 0 135 251 
9606.ENSP00000374390 9606.ENSP00000454157 0 0 0 0 0 0 348 348 
9606.ENSP00000374390 9606.ENSP00000326817 0 0 0 0 169 0 0 169 
9606.ENSP00000374390 9606.ENSP00000449770 46 0 0 228 58 0 53 255 
9606.ENSP00000374390 9606.ENSP00000469759 0 0 0 0 169 0 0 169 
9606.ENSP00000374390 9606.ENSP00000246194 0 0 0 82 183 0 57 230 
9606.ENSP00000374390 9606.ENSP00000367815 0 0 0 77 170 0 0 201 
9606.ENSP00000374390 9606.ENSP00000379506 0 0 0 80 178 0 85 247 
9606.ENSP00000374390 9606.ENSP00000299213 0 0 0 56 141 0 55 166 
9606.ENSP00000374390 9606.ENSP00000485630 0 0 0 295 132 0 85 391 
9606.ENSP00000374390 9606.ENSP00000471730 0 0 0 82 125 0 54 173 
9606.ENSP00000374390 9606.ENSP00000269881 0 0 0 0 0 0 319 319 
9606.ENSP00000374390 9606.ENSP00000277942 0 0 0 0 0 0 162 162 
9606.ENSP00000374390 9606.ENSP00000344411 0 0 0 0 0 0 171 171 
9606.ENSP00000374390 9606.ENSP00000260010 0 0 0 0 169 0 0 169 
9606.ENSP00000374390 9606.ENSP00000452549 0 0 0 62 266 0 69 303 
9606.ENSP00000374390 9606.ENSP00000417229 0 0 0 88 125 0 50 175 
9606.ENSP00000374390 9606.ENSP00000357907 0 0 0 63 0 0 167 186 
9606.ENSP00000374390 9606.ENSP00000302160 0 0 0 0 328 0 57 339 
9606.ENSP00000374390 9606.ENSP00000262643 0 0 0 0 163 0 52 172 
9606.ENSP00000374390 9606.ENSP00000345175 0 0 0 0 169 0 0 169 
9606.ENSP00000374390 9606.ENSP00000331741 0 0 0 0 0 0 164 164 
9606.ENSP00000374390 9606.ENSP00000334564 0 0 0 174 64 0 48 199 
9606.ENSP00000374390 9606.ENSP00000363643 0 0 0 0 0 0 309 309 
9606.ENSP00000374390 9606.ENSP00000320236 0 0 0 246 0 0 0 246 
9606.ENSP00000374390 9606.ENSP00000400467 0 0 0 63 164 0 68 206 
9606.ENSP00000374390 9606.ENSP00000288207 0 0 0 0 163 0 95 210 
9606.ENSP00000374390 9606.ENSP00000422591 0 0 0 0 170 0 65 190 
9606.ENSP00000374390 9606.ENSP00000320503 0 0 0 62 266 0 69 303 
9606.ENSP00000374390 9606.ENSP00000480050 0 0 0 76 0 0 134 165 
9606.ENSP00000374390 9606.ENSP00000368565 0 0 0 231 0 0 48 236 
9606.ENSP00000374390 9606.ENSP00000379888 0 0 0 113 185 0 74 272 
9606.ENSP00000374390 9606.ENSP00000368135 0 0 0 0 169 0 0 169 
9606.ENSP00000374390 9606.ENSP00000347041 0 0 0 0 169 0 0 169 
9606.ENSP00000374390 9606.ENSP00000442053 0 0 0 250 64 0 67 287 
9606.ENSP00000374390 9606.ENSP00000364700 0 0 0 0 169 0 0 169 
9606.ENSP00000374390 9606.ENSP00000320949 0 0 0 50 327 0 89 366 
9606.ENSP00000374390 9606.ENSP00000370625 0 0 0 81 83 0 86 162 
9606.ENSP00000374390 9606.ENSP00000273261 0 0 0 0 169 0 0 169 
9606.ENSP00000374390 9606.ENSP00000332454 0 0 0 56 157 0 67 192 
9606.ENSP00000374390 9606.ENSP00000419038 0 0 0 146 266 0 78 371 
9606.ENSP00000374390 9606.ENSP00000359688 0 0 0 430 176 0 64 521 
9606.ENSP00000374390 9606.ENSP00000286317 0 0 0 0 262 0 55 272 
9606.ENSP00000374390 9606.ENSP00000311899 0 0 0 61 163 0 56 193 
9606.ENSP00000374390 9606.ENSP00000284690 0 0 0 301 157 0 131 443 
9606.ENSP00000374390 9606.ENSP00000245960 0 0 0 0 156 0 0 156 
9606.ENSP00000374390 9606.ENSP00000446485 0 0 0 0 0 0 336 336 
9606.ENSP00000374390 9606.ENSP00000291592 0 0 0 0 169 0 0 169 
9606.ENSP00000374390 9606.ENSP00000401264 0 0 0 171 88 0 49 218 
9606.ENSP00000374390 9606.ENSP00000463058 0 0 0 62 327 0 108 388 
9606.ENSP00000374390 9606.ENSP00000367323 0 0 0 61 0 0 403 415 
9606.ENSP00000374390 9606.ENSP00000482767 0 0 0 62 90 0 136 198 
9606.ENSP00000374390 9606.ENSP00000355566 0 0 0 157 0 0 0 157 
9606.ENSP00000374390 9606.ENSP00000311344 0 0 0 61 132 0 0 150 
9606.ENSP00000374390 9606.ENSP00000447001 0 0 0 63 191 0 107 263 
9606.ENSP00000374390 9606.ENSP00000380286 0 0 0 309 50 0 0 315 
9606.ENSP00000374390 9606.ENSP00000377040 0 0 0 85 127 0 48 173 
9606.ENSP00000374390 9606.ENSP00000232888 0 0 0 430 0 0 264 562 
9606.ENSP00000374390 9606.ENSP00000253673 0 0 0 0 0 0 248 248 
9606.ENSP00000374390 9606.ENSP00000438264 0 0 0 65 170 0 0 190 
9606.ENSP00000374390 9606.ENSP00000466967 53 0 0 310 129 0 0 381 
9606.ENSP00000374390 9606.ENSP00000362931 0 0 0 61 131 0 57 163 
9606.ENSP00000374390 9606.ENSP00000266735 0 0 0 0 327 0 0 327 
9606.ENSP00000374390 9606.ENSP00000362036 45 0 0 148 68 0 84 212 
9606.ENSP00000374390 9606.ENSP00000219240 50 0 0 188 43 0 87 235 
9606.ENSP00000374390 9606.ENSP00000262903 0 0 0 61 157 0 58 189 
9606.ENSP00000374390 9606.ENSP00000355195 0 0 0 56 157 0 42 171 
9606.ENSP00000374390 9606.ENSP00000427567 0 0 0 0 185 0 0 185 
9606.ENSP00000374390 9606.ENSP00000387365 0 0 0 461 78 0 0 481 
9606.ENSP00000374390 9606.ENSP00000293677 42 0 0 55 110 0 91 169 
9606.ENSP00000374390 9606.ENSP00000298124 0 0 0 0 169 0 0 169 
9606.ENSP00000374390 9606.ENSP00000379838 45 0 0 0 160 0 85 201 
9606.ENSP00000374390 9606.ENSP00000373277 0 0 0 62 0 0 255 271 
9606.ENSP00000374390 9606.ENSP00000345555 0 0 0 61 185 0 79 233 
9606.ENSP00000374390 9606.ENSP00000245255 0 0 0 0 129 0 213 285 
9606.ENSP00000374390 9606.ENSP00000318077 0 0 0 0 0 0 173 173 
9606.ENSP00000374390 9606.ENSP00000419199 0 0 0 56 157 0 42 171 
9606.ENSP00000374390 9606.ENSP00000355899 0 0 0 189 184 0 86 342 
9606.ENSP00000374390 9606.ENSP00000225298 0 0 0 233 171 0 43 338 
9606.ENSP00000374390 9606.ENSP00000358464 0 0 0 0 169 0 0 169 
9606.ENSP00000374390 9606.ENSP00000262551 0 0 0 0 169 0 0 169 
9606.ENSP00000374390 9606.ENSP00000469880 0 0 0 55 124 0 56 150 
9606.ENSP00000374390 9606.ENSP00000268206 0 0 0 82 266 0 78 324 
9606.ENSP00000374390 9606.ENSP00000366249 0 0 0 55 127 0 56 153 
9606.ENSP00000374390 9606.ENSP00000268379 0 0 0 64 130 0 56 164 
9606.ENSP00000374390 9606.ENSP00000383402 0 0 0 61 132 0 0 150 
9606.ENSP00000374390 9606.ENSP00000209540 0 0 0 0 0 0 240 240 
9606.ENSP00000374390 9606.ENSP00000374447 0 0 0 0 169 0 0 169 
9606.ENSP00000374390 9606.ENSP00000299001 0 0 0 0 129 0 85 168 
9606.ENSP00000374390 9606.ENSP00000481697 0 0 0 62 262 0 67 297 
9606.ENSP00000374390 9606.ENSP00000464265 0 0 0 55 127 0 56 153 
9606.ENSP00000374390 9606.ENSP00000261637 0 0 0 189 0 0 83 224 
9606.ENSP00000374390 9606.ENSP00000283195 0 0 0 56 260 0 56 282 
9606.ENSP00000374390 9606.ENSP00000473172 0 0 0 62 100 0 105 178 
9606.ENSP00000374390 9606.ENSP00000464535 0 0 0 0 169 0 0 169 
9606.ENSP00000374390 9606.ENSP00000351159 0 0 0 61 160 0 85 215 
9606.ENSP00000374390 9606.ENSP00000265104 0 0 0 0 0 0 183 183 
9606.ENSP00000374390 9606.ENSP00000252622 0 0 0 61 327 0 63 356 
9606.ENSP00000374390 9606.ENSP00000369395 0 0 0 0 169 0 0 169 
9606.ENSP00000374390 9606.ENSP00000326381 0 0 0 117 0 0 150 217 
9606.ENSP00000374390 9606.ENSP00000275015 0 0 0 56 157 0 42 171 
9606.ENSP00000374390 9606.ENSP00000273179 0 0 0 79 0 0 281 309 
9606.ENSP00000374390 9606.ENSP00000345917 0 0 0 453 0 0 49 457 
9606.ENSP00000374390 9606.ENSP00000381876 0 0 0 0 185 0 0 185 
9606.ENSP00000374390 9606.ENSP00000288071 0 0 0 64 84 0 164 220 
9606.ENSP00000374390 9606.ENSP00000263960 0 0 0 61 193 0 52 218 
9606.ENSP00000374390 9606.ENSP00000271375 0 0 0 61 0 0 242 258 
9606.ENSP00000374390 9606.ENSP00000365210 0 0 0 0 163 0 95 210 
9606.ENSP00000374390 9606.ENSP00000351875 0 0 0 56 157 0 42 171 
9606.ENSP00000374390 9606.ENSP00000303057 0 0 0 0 188 0 56 200 
9606.ENSP00000374390 9606.ENSP00000359483 0 0 0 0 169 0 0 169 
9606.ENSP00000374390 9606.ENSP00000337445 45 0 0 171 0 0 57 188 
9606.ENSP00000374390 9606.ENSP00000357682 0 0 0 56 157 0 42 171 
9606.ENSP00000374390 9606.ENSP00000245539 0 0 0 88 99 0 95 191 
9606.ENSP00000374390 9606.ENSP00000381736 0 0 0 129 56 0 131 223 
9606.ENSP00000374390 9606.ENSP00000321388 0 0 0 56 157 0 42 171 
9606.ENSP00000374390 9606.ENSP00000455442 0 0 0 0 153 0 0 153 
9606.ENSP00000374390 9606.ENSP00000331901 0 0 0 111 85 0 110 212 
9606.ENSP00000374390 9606.ENSP00000481593 0 0 0 0 0 0 204 204 
9606.ENSP00000374390 9606.ENSP00000382379 0 0 0 56 157 0 42 171 
9606.ENSP00000374390 9606.ENSP00000005226 0 0 0 0 0 0 196 196 
9606.ENSP00000374390 9606.ENSP00000278198 0 0 0 98 170 0 0 219 
9606.ENSP00000374390 9606.ENSP00000344401 45 0 0 0 160 0 85 201 
9606.ENSP00000374390 9606.ENSP00000328854 0 0 0 309 58 0 67 339 
9606.ENSP00000374390 9606.ENSP00000255324 0 0 0 0 179 0 86 217 
9606.ENSP00000374390 9606.ENSP00000289371 0 0 0 63 191 0 94 253 
9606.ENSP00000374390 9606.ENSP00000366557 0 0 0 63 171 0 130 265 
9606.ENSP00000374390 9606.ENSP00000308332 0 0 0 410 51 0 62 428 
9606.ENSP00000374390 9606.ENSP00000229758 0 0 0 49 0 0 265 271 
9606.ENSP00000374390 9606.ENSP00000266674 0 0 0 0 170 0 80 204 
9606.ENSP00000374390 9606.ENSP00000323424 0 0 0 170 185 0 53 303 
9606.ENSP00000374390 9606.ENSP00000264951 0 0 0 52 129 0 109 200 
9606.ENSP00000374390 9606.ENSP00000272418 0 0 0 188 53 0 55 209 
9606.ENSP00000374390 9606.ENSP00000348596 0 0 0 502 0 0 46 504 
9606.ENSP00000374390 9606.ENSP00000454748 0 0 0 77 170 0 0 201 
9606.ENSP00000374390 9606.ENSP00000321679 0 0 0 56 157 0 42 171 
9606.ENSP00000374390 9606.ENSP00000330032 0 0 0 0 0 0 296 296 
9606.ENSP00000374390 9606.ENSP00000425261 0 0 0 145 64 0 57 179 
9606.ENSP00000374390 9606.ENSP00000265245 0 0 0 227 163 0 50 331 
9606.ENSP00000374390 9606.ENSP00000388895 0 0 0 0 0 0 227 227 
9606.ENSP00000374390 9606.ENSP00000215882 0 0 0 63 0 0 137 156 
9606.ENSP00000374390 9606.ENSP00000250237 50 0 0 62 125 0 81 187 
9606.ENSP00000374390 9606.ENSP00000393785 0 0 0 0 0 0 214 214 
9606.ENSP00000374390 9606.ENSP00000271764 0 0 0 61 147 0 44 167 
9606.ENSP00000374390 9606.ENSP00000446271 0 0 0 62 176 0 91 236 
9606.ENSP00000374390 9606.ENSP00000362962 0 0 0 77 170 0 0 201 
9606.ENSP00000374390 9606.ENSP00000362300 0 0 0 61 172 0 102 240 
9606.ENSP00000374390 9606.ENSP00000338862 0 0 0 340 180 0 99 469 
9606.ENSP00000374390 9606.ENSP00000304923 0 0 0 0 169 0 0 169 
9606.ENSP00000374390 9606.ENSP00000351416 0 0 0 63 157 0 42 177 
9606.ENSP00000374390 9606.ENSP00000364813 0 0 0 61 261 0 57 288 
9606.ENSP00000374390 9606.ENSP00000302478 0 0 0 225 0 0 50 232 
9606.ENSP00000374390 9606.ENSP00000264220 0 0 0 129 0 0 87 170 
9606.ENSP00000374390 9606.ENSP00000298532 0 0 0 0 192 0 55 203 
9606.ENSP00000374390 9606.ENSP00000403536 0 0 0 216 0 0 0 216 
9606.ENSP00000374390 9606.ENSP00000262545 0 0 0 109 83 0 90 192 
9606.ENSP00000374390 9606.ENSP00000373600 0 0 0 0 189 0 67 210 
9606.ENSP00000374390 9606.ENSP00000463419 0 0 0 0 188 0 56 200 
9606.ENSP00000374390 9606.ENSP00000316109 0 0 0 0 157 0 75 186 
9606.ENSP00000374390 9606.ENSP00000336741 0 0 0 301 157 0 131 443 
9606.ENSP00000374390 9606.ENSP00000481559 0 0 0 114 93 0 54 173 
9606.ENSP00000374390 9606.ENSP00000268661 0 0 0 108 169 0 85 262 
9606.ENSP00000374390 9606.ENSP00000380256 0 0 0 0 163 0 52 172 
9606.ENSP00000374390 9606.ENSP00000370968 0 0 0 194 53 0 0 204 
9606.ENSP00000374390 9606.ENSP00000452479 0 0 0 55 125 0 93 184 
9606.ENSP00000374390 9606.ENSP00000472985 0 0 0 88 99 0 95 191 
9606.ENSP00000374390 9606.ENSP00000281701 0 0 0 221 54 0 57 244 
9606.ENSP00000374390 9606.ENSP00000323714 0 0 0 97 131 0 108 239 
9606.ENSP00000374390 9606.ENSP00000251241 0 0 0 164 157 0 101 311 
9606.ENSP00000374390 9606.ENSP00000463379 0 0 0 83 160 0 58 211 
9606.ENSP00000374390 9606.ENSP00000359095 0 0 0 189 73 0 69 238 
9606.ENSP00000374390 9606.ENSP00000311083 0 0 0 0 288 0 0 288 
9606.ENSP00000374390 9606.ENSP00000380904 0 0 0 146 56 0 0 159 
9606.ENSP00000374390 9606.ENSP00000458986 0 0 0 141 123 0 56 226 
9606.ENSP00000374390 9606.ENSP00000364815 0 0 0 77 63 0 105 158 
9606.ENSP00000374390 9606.ENSP00000454836 0 0 0 461 53 0 66 481 
9606.ENSP00000374390 9606.ENSP00000336721 0 0 0 64 141 0 55 173 
9606.ENSP00000374390 9606.ENSP00000269025 0 0 0 77 170 0 0 201 
9606.ENSP00000374390 9606.ENSP00000296792 0 0 0 445 50 0 101 484 
9606.ENSP00000374390 9606.ENSP00000437256 0 0 0 63 103 0 87 165 
9606.ENSP00000374390 9606.ENSP00000358765 0 0 0 0 169 0 0 169 
9606.ENSP00000374390 9606.ENSP00000380734 0 0 0 0 177 0 0 177 
9606.ENSP00000374390 9606.ENSP00000292616 0 0 0 0 169 0 0 169 
9606.ENSP00000374390 9606.ENSP00000381185 0 0 0 0 0 0 225 225 
9606.ENSP00000374390 9606.ENSP00000307889 0 0 0 133 158 0 0 238 
9606.ENSP00000374390 9606.ENSP00000483254 0 0 0 82 183 0 57 230 
9606.ENSP00000374390 9606.ENSP00000356057 0 0 0 0 0 0 447 447 
9606.ENSP00000374390 9606.ENSP00000350331 0 0 0 56 157 0 42 171 
9606.ENSP00000374390 9606.ENSP00000294635 0 0 0 87 170 0 0 209 
9606.ENSP00000374390 9606.ENSP00000401878 0 0 0 0 0 0 266 266 
9606.ENSP00000374390 9606.ENSP00000360560 0 0 0 0 169 0 0 169 
9606.ENSP00000374390 9606.ENSP00000461324 0 0 0 227 66 0 50 254 
9606.ENSP00000374390 9606.ENSP00000380820 0 0 0 0 157 0 42 157 
9606.ENSP00000374390 9606.ENSP00000265593 0 0 0 0 0 0 194 194 
9606.ENSP00000374390 9606.ENSP00000243563 0 0 0 0 263 0 57 275 
9606.ENSP00000374390 9606.ENSP00000442699 0 0 0 61 76 0 144 192 
9606.ENSP00000374390 9606.ENSP00000296702 0 0 0 63 185 0 67 225 
9606.ENSP00000374390 9606.ENSP00000371267 0 0 0 0 261 0 50 267 
9606.ENSP00000374390 9606.ENSP00000386226 0 0 0 82 183 0 57 230 
9606.ENSP00000374390 9606.ENSP00000256442 0 0 0 0 163 0 95 210 
9606.ENSP00000374390 9606.ENSP00000441039 0 0 0 0 0 0 169 169 
9606.ENSP00000374390 9606.ENSP00000421557 0 0 0 0 0 0 340 340 
9606.ENSP00000374390 9606.ENSP00000361982 50 0 0 96 137 0 83 229 
9606.ENSP00000374390 9606.ENSP00000363746 0 0 0 461 64 0 0 473 
9606.ENSP00000374390 9606.ENSP00000394624 0 0 0 61 0 0 269 285 
9606.ENSP00000374390 9606.ENSP00000261708 0 0 0 460 55 0 50 472 
9606.ENSP00000374390 9606.ENSP00000331907 0 0 0 164 157 0 101 311 
9606.ENSP00000374390 9606.ENSP00000264080 0 0 0 0 0 0 356 356 
9606.ENSP00000374390 9606.ENSP00000224140 0 0 0 63 124 0 62 162 
9606.ENSP00000374390 9606.ENSP00000381266 0 0 0 192 0 0 0 192 
9606.ENSP00000374390 9606.ENSP00000353538 0 0 0 77 170 0 0 201 
9606.ENSP00000374390 9606.ENSP00000260257 45 0 0 204 0 0 59 222 
9606.ENSP00000374390 9606.ENSP00000302886 46 0 0 228 58 0 53 255 
9606.ENSP00000374390 9606.ENSP00000263657 0 0 0 460 157 0 68 538 
9606.ENSP00000374390 9606.ENSP00000327336 0 0 0 0 169 0 0 169 
9606.ENSP00000374390 9606.ENSP00000361918 0 0 0 53 188 0 56 210 
9606.ENSP00000374390 9606.ENSP00000378704 0 0 0 206 79 0 44 239 
9606.ENSP00000374390 9606.ENSP00000315379 0 0 0 61 298 0 53 321 
9606.ENSP00000374390 9606.ENSP00000280155 0 0 0 0 0 0 170 170 
9606.ENSP00000374390 9606.ENSP00000379804 0 0 0 0 0 0 282 282 
9606.ENSP00000374390 9606.ENSP00000361072 0 0 0 0 0 0 309 309 
9606.ENSP00000374390 9606.ENSP00000372067 0 0 0 212 73 0 69 261 
9606.ENSP00000374390 9606.ENSP00000360623 0 0 0 61 139 0 0 156 
9606.ENSP00000374390 9606.ENSP00000364694 0 0 0 0 169 0 0 169 
9606.ENSP00000374390 9606.ENSP00000390011 55 0 0 77 0 0 113 158 
9606.ENSP00000374390 9606.ENSP00000353741 0 0 0 138 50 0 49 153 
9606.ENSP00000374390 9606.ENSP00000417078 0 0 0 63 157 0 200 313 
9606.ENSP00000374390 9606.ENSP00000345195 0 0 0 55 127 0 56 153 
9606.ENSP00000374390 9606.ENSP00000368887 0 0 0 460 128 0 50 513 
9606.ENSP00000374390 9606.ENSP00000378163 0 0 0 133 158 0 176 345 
9606.ENSP00000374390 9606.ENSP00000269499 0 0 0 87 115 0 61 175 
9606.ENSP00000374390 9606.ENSP00000266718 0 0 0 0 170 0 99 220 
9606.ENSP00000374390 9606.ENSP00000230340 0 0 0 473 125 0 84 540 
9606.ENSP00000374390 9606.ENSP00000367766 0 0 0 62 133 0 90 195 
9606.ENSP00000374390 9606.ENSP00000372199 0 0 0 189 157 0 50 293 
9606.ENSP00000374390 9606.ENSP00000371054 0 0 0 0 0 0 238 238 
9606.ENSP00000374390 9606.ENSP00000304604 0 0 0 0 125 0 79 159 
9606.ENSP00000374390 9606.ENSP00000215939 0 0 0 0 0 0 188 188 
9606.ENSP00000374390 9606.ENSP00000227524 0 0 0 64 327 0 0 343 
9606.ENSP00000374390 9606.ENSP00000319883 0 0 0 0 0 0 167 167 
9606.ENSP00000374390 9606.ENSP00000275198 0 0 0 0 0 0 159 159 
9606.ENSP00000374390 9606.ENSP00000349612 0 0 0 56 157 0 42 171 
9606.ENSP00000374390 9606.ENSP00000275764 0 0 0 0 0 0 155 155 
9606.ENSP00000374390 9606.ENSP00000431040 0 0 0 80 160 0 49 200 
9606.ENSP00000374390 9606.ENSP00000367315 0 0 0 0 169 0 0 169 
9606.ENSP00000374390 9606.ENSP00000353246 0 0 0 429 185 0 59 523 
9606.ENSP00000374390 9606.ENSP00000466285 0 0 0 0 169 0 0 169 
9606.ENSP00000374390 9606.ENSP00000361704 0 0 0 171 88 0 49 218 
9606.ENSP00000374390 9606.ENSP00000362287 0 0 0 61 172 0 102 240 
9606.ENSP00000374390 9606.ENSP00000377140 0 0 0 65 0 0 143 164 
9606.ENSP00000374390 9606.ENSP00000307208 0 0 0 115 79 0 227 314 
9606.ENSP00000374390 9606.ENSP00000322396 0 0 0 460 127 0 69 522 
9606.ENSP00000374390 9606.ENSP00000464619 0 0 0 0 188 0 56 200 
9606.ENSP00000374390 9606.ENSP00000368612 0 0 0 182 52 0 73 218 
9606.ENSP00000374390 9606.ENSP00000366179 0 0 0 231 0 0 48 236 
9606.ENSP00000374390 9606.ENSP00000346050 0 0 0 141 53 0 49 158 
9606.ENSP00000374390 9606.ENSP00000350708 0 0 0 62 127 0 56 159 
9606.ENSP00000374390 9606.ENSP00000253108 0 0 0 162 157 0 43 264 
9606.ENSP00000374390 9606.ENSP00000362082 0 0 0 0 194 0 69 217 
9606.ENSP00000374390 9606.ENSP00000253329 0 0 0 61 188 0 60 220 
9606.ENSP00000374390 9606.ENSP00000296525 0 0 0 56 157 0 42 171 
9606.ENSP00000374390 9606.ENSP00000376384 0 0 0 0 170 0 293 388 
9606.ENSP00000374390 9606.ENSP00000358159 0 0 0 61 264 0 82 310 
9606.ENSP00000374390 9606.ENSP00000363676 0 0 0 79 98 0 97 184 
9606.ENSP00000374390 9606.ENSP00000478458 0 0 0 50 0 0 212 219 
9606.ENSP00000374390 9606.ENSP00000389395 0 0 0 0 131 0 88 173 
9606.ENSP00000374390 9606.ENSP00000408576 46 0 0 64 61 0 149 191 
9606.ENSP00000374390 9606.ENSP00000352455 0 0 0 0 0 0 310 310 
9606.ENSP00000374390 9606.ENSP00000419740 0 0 0 278 175 0 58 389 
9606.ENSP00000374390 9606.ENSP00000467024 0 0 0 62 127 0 56 159 
9606.ENSP00000374390 9606.ENSP00000357880 0 0 0 114 165 0 77 257 
9606.ENSP00000374390 9606.ENSP00000350090 0 0 0 82 183 0 57 230 
9606.ENSP00000374390 9606.ENSP00000338573 0 0 0 394 163 0 53 477 
9606.ENSP00000374390 9606.ENSP00000360329 0 0 0 231 0 0 0 231 
9606.ENSP00000374390 9606.ENSP00000305790 0 0 0 77 126 0 0 158 
9606.ENSP00000374390 9606.ENSP00000199814 0 0 0 42 300 0 0 300 
9606.ENSP00000374390 9606.ENSP00000263377 0 0 0 206 79 0 44 239 
9606.ENSP00000374390 9606.ENSP00000264883 0 0 0 61 123 0 81 177 
9606.ENSP00000374390 9606.ENSP00000371169 0 0 0 146 0 0 131 226 
9606.ENSP00000374390 9606.ENSP00000358983 0 0 0 56 157 0 42 171 
9606.ENSP00000374390 9606.ENSP00000357453 0 0 0 171 0 0 0 171 
9606.ENSP00000374390 9606.ENSP00000290913 0 0 0 0 0 0 246 246 
9606.ENSP00000374390 9606.ENSP00000349208 0 0 0 0 129 0 85 168 
9606.ENSP00000374390 9606.ENSP00000384638 0 0 0 84 0 0 165 203 
9606.ENSP00000374390 9606.ENSP00000295600 0 0 0 55 0 0 246 257 
9606.ENSP00000374390 9606.ENSP00000362965 0 0 0 0 0 0 240 240 
9606.ENSP00000374390 9606.ENSP00000280871 0 0 0 0 92 0 203 245 
9606.ENSP00000374390 9606.ENSP00000328598 0 0 0 0 0 0 432 432 
9606.ENSP00000374390 9606.ENSP00000325738 0 0 0 0 0 0 556 556 
9606.ENSP00000374390 9606.ENSP00000376335 0 0 0 0 0 0 303 303 
9606.ENSP00000374390 9606.ENSP00000363574 0 0 0 64 186 0 204 340 
9606.ENSP00000374390 9606.ENSP00000375647 0 0 0 98 0 0 120 172 
9606.ENSP00000374390 9606.ENSP00000264335 0 0 0 0 261 0 50 267 
9606.ENSP00000374390 9606.ENSP00000269601 0 0 0 50 264 0 115 327 
9606.ENSP00000374390 9606.ENSP00000453273 0 0 0 77 170 0 0 201 
9606.ENSP00000374390 9606.ENSP00000286175 0 0 0 62 188 0 56 218 
9606.ENSP00000374390 9606.ENSP00000355929 0 0 0 61 125 0 62 162 
9606.ENSP00000374390 9606.ENSP00000387006 0 0 0 62 189 0 71 231 
9606.ENSP00000374390 9606.ENSP00000265969 0 0 0 98 99 0 0 152 
9606.ENSP00000374390 9606.ENSP00000400803 0 0 0 0 169 0 0 169 
9606.ENSP00000374390 9606.ENSP00000410758 0 0 0 61 261 0 57 288 
9606.ENSP00000374390 9606.ENSP00000040663 0 0 0 151 0 0 0 151 
9606.ENSP00000374390 9606.ENSP00000356652 0 0 0 60 0 0 137 154 
9606.ENSP00000374390 9606.ENSP00000457991 0 0 0 0 193 0 0 193 
9606.ENSP00000374390 9606.ENSP00000358674 0 0 0 55 127 0 56 153 
9606.ENSP00000374390 9606.ENSP00000484803 0 0 0 0 93 0 148 194 
9606.ENSP00000374390 9606.ENSP00000380659 0 0 0 61 328 0 50 348 
9606.ENSP00000374390 9606.ENSP00000300146 0 0 0 63 188 0 73 233 
9606.ENSP00000374390 9606.ENSP00000282572 0 0 0 0 163 0 95 210 
9606.ENSP00000374390 9606.ENSP00000378557 0 0 0 0 185 0 0 185 
9606.ENSP00000374390 9606.ENSP00000390111 0 0 0 0 0 0 250 250 
9606.ENSP00000374390 9606.ENSP00000321320 0 0 0 236 0 0 0 236 
9606.ENSP00000374390 9606.ENSP00000308369 0 0 0 62 125 0 277 354 
9606.ENSP00000374390 9606.ENSP00000345096 0 0 0 162 0 0 55 174 
9606.ENSP00000374390 9606.ENSP00000469689 0 0 0 56 157 0 42 171 
9606.ENSP00000374390 9606.ENSP00000361483 0 0 0 0 0 0 304 304 
9606.ENSP00000374390 9606.ENSP00000406052 0 0 0 0 175 0 267 369 
9606.ENSP00000374390 9606.ENSP00000436679 0 0 0 0 90 0 134 178 
9606.ENSP00000374390 9606.ENSP00000426103 0 0 0 56 335 0 42 346 
9606.ENSP00000374390 9606.ENSP00000315743 0 0 0 0 163 0 95 210 
9606.ENSP00000374390 9606.ENSP00000386532 0 0 0 56 157 0 42 171 
9606.ENSP00000374390 9606.ENSP00000284674 0 0 0 65 0 0 226 245 
9606.ENSP00000374390 9606.ENSP00000419270 0 0 0 0 189 0 0 189 
9606.ENSP00000374390 9606.ENSP00000341944 0 0 0 0 169 0 0 169 
9606.ENSP00000374390 9606.ENSP00000379287 0 0 0 0 261 0 50 267 
9606.ENSP00000374390 9606.ENSP00000367157 0 0 0 0 169 0 0 169 
9606.ENSP00000374390 9606.ENSP00000282466 0 0 0 0 169 0 0 169 
9606.ENSP00000374390 9606.ENSP00000280191 0 0 0 0 0 0 154 154 
9606.ENSP00000374390 9606.ENSP00000296795 0 0 0 0 169 0 0 169 
9606.ENSP00000374390 9606.ENSP00000342510 0 0 0 77 170 0 0 201 
9606.ENSP00000374390 9606.ENSP00000425658 0 0 0 56 157 0 42 171 
9606.ENSP00000374390 9606.ENSP00000337133 0 0 0 0 0 0 190 190 
9606.ENSP00000374390 9606.ENSP00000307863 0 0 0 0 126 0 75 156 
9606.ENSP00000374390 9606.ENSP00000052754 0 0 0 0 169 0 0 169 
9606.ENSP00000374390 9606.ENSP00000485638 0 0 0 0 188 0 56 200 
9606.ENSP00000374390 9606.ENSP00000385852 0 0 0 63 56 0 243 271 
9606.ENSP00000374390 9606.ENSP00000230640 0 0 0 309 85 0 269 497 
9606.ENSP00000374390 9606.ENSP00000367059 0 0 0 56 157 0 42 171 
9606.ENSP00000374390 9606.ENSP00000376910 0 0 0 77 170 0 0 201 
9606.ENSP00000374390 9606.ENSP00000420008 0 0 0 0 169 0 56 181 
9606.ENSP00000374390 9606.ENSP00000303942 0 0 0 0 169 0 0 169 
9606.ENSP00000374390 9606.ENSP00000330284 0 0 0 58 0 0 227 240 
9606.ENSP00000374390 9606.ENSP00000458791 0 0 0 61 0 0 538 547 
9606.ENSP00000374390 9606.ENSP00000269466 45 0 0 171 0 0 57 188 
9606.ENSP00000374390 9606.ENSP00000261973 0 0 0 62 185 0 113 262 
9606.ENSP00000374390 9606.ENSP00000349486 0 0 0 0 169 0 0 169 
9606.ENSP00000374390 9606.ENSP00000362993 0 0 0 62 171 0 71 214 
9606.ENSP00000374390 9606.ENSP00000376946 0 0 0 88 53 0 140 192 
9606.ENSP00000374390 9606.ENSP00000298281 0 0 0 0 122 0 154 225 
9606.ENSP00000374390 9606.ENSP00000363414 43 0 0 0 81 0 354 383 
9606.ENSP00000374390 9606.ENSP00000344758 0 0 0 0 169 0 0 169 
9606.ENSP00000374390 9606.ENSP00000397351 0 0 0 0 185 0 0 185 
9606.ENSP00000374390 9606.ENSP00000230792 0 0 0 56 157 0 42 171 
9606.ENSP00000374390 9606.ENSP00000348708 0 0 0 61 126 0 90 187 
9606.ENSP00000374390 9606.ENSP00000262794 0 0 0 61 124 0 62 161 
9606.ENSP00000374390 9606.ENSP00000482107 0 0 0 295 132 0 85 391 
9606.ENSP00000374390 9606.ENSP00000250863 0 0 0 82 183 0 147 305 
9606.ENSP00000374390 9606.ENSP00000392147 0 0 0 61 125 0 98 194 
9606.ENSP00000374390 9606.ENSP00000368699 0 0 0 55 127 0 56 153 
9606.ENSP00000374390 9606.ENSP00000318916 0 0 0 0 0 0 517 517 
9606.ENSP00000374390 9606.ENSP00000226574 0 0 0 56 157 0 42 171 
9606.ENSP00000374390 9606.ENSP00000377170 0 0 0 56 157 0 42 171 
9606.ENSP00000374390 9606.ENSP00000302485 45 0 0 61 160 0 85 218 
9606.ENSP00000374390 9606.ENSP00000333837 0 0 0 225 66 0 0 245 
9606.ENSP00000374390 9606.ENSP00000305924 0 0 0 61 132 0 302 382 
9606.ENSP00000374390 9606.ENSP00000354125 0 0 0 216 125 0 50 291 
9606.ENSP00000374390 9606.ENSP00000313199 0 0 0 82 183 0 57 230 
9606.ENSP00000374390 9606.ENSP00000309126 0 0 0 97 175 0 58 236 
9606.ENSP00000374390 9606.ENSP00000231749 0 0 0 61 0 0 171 188 
9606.ENSP00000374390 9606.ENSP00000325546 0 0 0 0 52 0 360 368 
9606.ENSP00000374390 9606.ENSP00000420914 0 0 0 0 0 0 204 204 
9606.ENSP00000374390 9606.ENSP00000464893 0 0 0 59 86 0 117 174 
9606.ENSP00000374390 9606.ENSP00000476119 0 0 0 64 112 0 63 153 
9606.ENSP00000374390 9606.ENSP00000386398 0 0 0 56 157 0 42 171 
9606.ENSP00000374390 9606.ENSP00000339484 0 0 0 61 127 0 62 163 
9606.ENSP00000374390 9606.ENSP00000347997 0 0 0 55 127 0 56 153 
9606.ENSP00000374390 9606.ENSP00000396441 0 0 0 192 138 0 56 285 
9606.ENSP00000374390 9606.ENSP00000389600 0 0 0 0 169 0 0 169 
9606.ENSP00000374390 9606.ENSP00000358812 0 0 0 429 262 0 123 598 
9606.ENSP00000374390 9606.ENSP00000361433 0 0 0 111 0 0 140 202 
9606.ENSP00000374390 9606.ENSP00000305702 0 0 0 230 0 0 224 376 
9606.ENSP00000374390 9606.ENSP00000273450 0 0 0 0 50 0 155 163 
9606.ENSP00000374390 9606.ENSP00000265753 0 0 0 82 183 0 57 230 
9606.ENSP00000374390 9606.ENSP00000362803 0 0 0 62 188 0 56 218 
9606.ENSP00000374390 9606.ENSP00000305975 0 0 0 0 0 0 165 165 
9606.ENSP00000374390 9606.ENSP00000228251 45 0 0 0 160 0 85 201 
9606.ENSP00000374390 9606.ENSP00000257068 0 0 0 0 0 0 173 173 
9606.ENSP00000374390 9606.ENSP00000258416 0 0 0 0 131 0 81 167 
9606.ENSP00000374390 9606.ENSP00000304697 0 0 0 55 127 0 56 153 
9606.ENSP00000374390 9606.ENSP00000335321 0 0 0 64 185 0 62 221 
9606.ENSP00000374390 9606.ENSP00000283268 0 0 0 0 52 0 170 180 
9606.ENSP00000374390 9606.ENSP00000298119 0 0 0 76 170 0 0 200 
9606.ENSP00000374390 9606.ENSP00000235382 0 0 0 0 0 0 195 195 
9606.ENSP00000374390 9606.ENSP00000391950 0 0 0 56 157 0 42 171 
9606.ENSP00000374390 9606.ENSP00000161863 0 0 0 171 157 0 311 476 
9606.ENSP00000374390 9606.ENSP00000263635 0 0 0 56 157 0 42 171 
9606.ENSP00000374390 9606.ENSP00000408002 0 0 0 55 124 0 56 150 
9606.ENSP00000374390 9606.ENSP00000344393 0 0 0 148 51 0 109 216 
9606.ENSP00000374390 9606.ENSP00000368917 0 0 0 0 0 0 281 281 
9606.ENSP00000374390 9606.ENSP00000267812 0 0 0 0 246 0 0 246 
9606.ENSP00000374390 9606.ENSP00000348722 0 0 0 189 56 0 68 224 
9606.ENSP00000374390 9606.ENSP00000246841 0 0 0 0 170 0 54 181 
9606.ENSP00000374390 9606.ENSP00000354085 0 0 0 63 157 0 42 177 
9606.ENSP00000374390 9606.ENSP00000278353 45 0 0 56 0 0 138 155 
9606.ENSP00000374390 9606.ENSP00000262457 0 0 0 56 157 0 42 171 
9606.ENSP00000374390 9606.ENSP00000342374 0 0 0 0 261 0 57 273 
9606.ENSP00000374390 9606.ENSP00000476221 0 0 0 257 175 0 58 372 
9606.ENSP00000374390 9606.ENSP00000253039 0 0 0 130 85 0 59 185 
9606.ENSP00000374390 9606.ENSP00000297873 0 0 0 229 73 0 58 267 
9606.ENSP00000374390 9606.ENSP00000339145 0 0 0 344 168 0 164 503 
9606.ENSP00000374390 9606.ENSP00000255078 0 0 0 61 124 0 64 162 
9606.ENSP00000374390 9606.ENSP00000417517 0 0 0 0 169 0 0 169 
9606.ENSP00000374390 9606.ENSP00000222567 0 0 0 428 55 0 51 442 
9606.ENSP00000374390 9606.ENSP00000362618 0 0 0 141 123 0 67 235 
9606.ENSP00000374390 9606.ENSP00000225969 0 0 0 143 72 0 50 178 
9606.ENSP00000374390 9606.ENSP00000346067 0 0 0 133 57 0 84 185 
9606.ENSP00000374390 9606.ENSP00000229595 0 0 0 62 0 0 225 241 
9606.ENSP00000374390 9606.ENSP00000353717 0 0 0 56 157 0 42 171 
9606.ENSP00000374390 9606.ENSP00000301364 0 0 0 479 57 0 53 494 
9606.ENSP00000374390 9606.ENSP00000320917 0 0 0 482 261 0 64 610 
9606.ENSP00000374390 9606.ENSP00000325448 0 0 0 115 63 0 83 173 
9606.ENSP00000374390 9606.ENSP00000334553 0 0 0 0 188 0 56 200 
9606.ENSP00000374390 9606.ENSP00000348033 0 0 0 0 0 0 255 255 
9606.ENSP00000374390 9606.ENSP00000386488 0 0 0 0 157 0 50 164 
9606.ENSP00000374390 9606.ENSP00000361232 0 0 0 457 95 0 314 633 
9606.ENSP00000374390 9606.ENSP00000478754 0 0 0 61 0 0 313 327 
9606.ENSP00000374390 9606.ENSP00000354525 0 0 0 62 186 0 112 262 
9606.ENSP00000374390 9606.ENSP00000300176 0 0 0 0 73 0 287 310 
9606.ENSP00000374390 9606.ENSP00000384700 0 0 0 0 131 0 90 175 
9606.ENSP00000374390 9606.ENSP00000266970 0 0 0 0 185 0 97 232 
9606.ENSP00000374390 9606.ENSP00000332706 0 0 0 61 133 0 61 169 
9606.ENSP00000374390 9606.ENSP00000414302 0 0 0 82 183 0 57 230 
9606.ENSP00000374390 9606.ENSP00000437289 0 0 0 0 0 0 167 167 
9606.ENSP00000374390 9606.ENSP00000346015 0 0 0 62 173 0 56 203 
9606.ENSP00000374390 9606.ENSP00000421592 0 0 0 55 266 0 137 349 
9606.ENSP00000374390 9606.ENSP00000393952 0 0 0 0 0 0 416 416 
9606.ENSP00000374390 9606.ENSP00000270115 0 0 0 77 170 0 0 201 
9606.ENSP00000374390 9606.ENSP00000387593 0 0 0 56 157 0 42 171 
9606.ENSP00000374390 9606.ENSP00000380402 0 0 0 54 0 0 140 152 
9606.ENSP00000374390 9606.ENSP00000260947 0 0 0 56 157 0 42 171 
9606.ENSP00000374390 9606.ENSP00000387822 0 0 0 206 79 0 44 239 
9606.ENSP00000374390 9606.ENSP00000406472 0 0 0 0 185 0 56 197 
9606.ENSP00000374390 9606.ENSP00000305766 0 0 0 0 0 0 176 176 
9606.ENSP00000374390 9606.ENSP00000477848 0 0 0 415 116 0 56 469 
9606.ENSP00000374390 9606.ENSP00000359829 0 0 0 65 66 0 257 294 
9606.ENSP00000374390 9606.ENSP00000389103 0 0 0 64 185 0 62 221 
9606.ENSP00000374390 9606.ENSP00000387046 0 0 0 0 0 0 319 319 
9606.ENSP00000374390 9606.ENSP00000355902 0 0 0 0 157 0 75 186 
9606.ENSP00000374390 9606.ENSP00000400459 0 0 0 111 182 0 44 244 
9606.ENSP00000374390 9606.ENSP00000457703 0 0 0 55 127 0 56 153 
9606.ENSP00000374390 9606.ENSP00000428085 0 0 0 62 169 0 57 200 
9606.ENSP00000374390 9606.ENSP00000292476 0 0 0 0 157 0 50 164 
9606.ENSP00000374390 9606.ENSP00000261254 0 0 0 0 194 0 152 287 
9606.ENSP00000374390 9606.ENSP00000267425 0 0 0 455 86 0 67 494 
9606.ENSP00000374390 9606.ENSP00000414321 0 0 0 64 52 0 130 160 
9606.ENSP00000374390 9606.ENSP00000347748 0 0 0 0 0 0 429 429 
9606.ENSP00000374390 9606.ENSP00000272317 0 0 0 61 127 0 135 228 
9606.ENSP00000374390 9606.ENSP00000257904 0 0 0 0 185 0 57 199 
9606.ENSP00000374390 9606.ENSP00000384876 0 0 0 0 84 0 458 482 
9606.ENSP00000374390 9606.ENSP00000369960 0 0 0 0 0 0 155 155 
9606.ENSP00000374390 9606.ENSP00000288937 0 0 0 142 57 0 43 158 
9606.ENSP00000374390 9606.ENSP00000431482 0 0 0 61 127 0 56 158 
9606.ENSP00000374390 9606.ENSP00000268483 0 0 0 50 264 0 115 327 
9606.ENSP00000374390 9606.ENSP00000374399 0 0 0 159 56 0 0 172 
9606.ENSP00000374390 9606.ENSP00000306397 0 0 0 85 53 0 167 215 
9606.ENSP00000374390 9606.ENSP00000259469 0 0 0 62 158 0 91 219 
9606.ENSP00000374390 9606.ENSP00000253363 0 0 0 62 125 0 96 193 
9606.ENSP00000374390 9606.ENSP00000262584 0 0 0 105 186 0 50 247 
9606.ENSP00000374390 9606.ENSP00000354812 0 0 0 227 54 0 0 237 
9606.ENSP00000374390 9606.ENSP00000261172 0 0 0 0 169 0 0 169 
9606.ENSP00000374390 9606.ENSP00000420311 0 0 0 65 157 0 92 221 
9606.ENSP00000374390 9606.ENSP00000450909 0 0 0 82 183 0 57 230 
9606.ENSP00000374390 9606.ENSP00000363314 45 0 0 0 160 0 93 209 
9606.ENSP00000374390 9606.ENSP00000361930 0 0 0 0 261 0 50 267 
9606.ENSP00000374390 9606.ENSP00000454770 0 0 0 56 157 0 42 171 
9606.ENSP00000374390 9606.ENSP00000217420 0 0 0 158 0 0 43 160 
9606.ENSP00000374390 9606.ENSP00000369757 0 0 0 140 50 0 127 224 
9606.ENSP00000374390 9606.ENSP00000365625 0 0 0 63 157 0 127 250 
9606.ENSP00000374390 9606.ENSP00000467740 0 0 0 56 157 0 42 171 
9606.ENSP00000374390 9606.ENSP00000281589 0 0 0 141 123 0 67 235 
9606.ENSP00000374390 9606.ENSP00000245552 0 0 0 0 0 0 163 163 
9606.ENSP00000374390 9606.ENSP00000365837 0 0 0 147 0 0 64 167 
9606.ENSP00000374390 9606.ENSP00000285046 0 0 0 0 0 0 270 270 
9606.ENSP00000374390 9606.ENSP00000355140 0 0 0 0 0 0 221 221 
9606.ENSP00000374390 9606.ENSP00000428619 0 0 0 229 159 0 66 341 
9606.ENSP00000374390 9606.ENSP00000425979 0 0 0 162 103 0 87 253 
9606.ENSP00000374390 9606.ENSP00000479504 0 0 0 461 122 0 271 624 
9606.ENSP00000374390 9606.ENSP00000349594 0 0 0 128 0 0 155 232 
9606.ENSP00000374390 9606.ENSP00000335147 0 0 0 56 157 0 42 171 
9606.ENSP00000374390 9606.ENSP00000254940 0 0 0 455 185 0 56 544 
9606.ENSP00000374390 9606.ENSP00000358400 0 0 0 182 52 0 73 218 
9606.ENSP00000374390 9606.ENSP00000332103 0 0 0 0 261 0 57 273 
9606.ENSP00000374390 9606.ENSP00000308315 0 0 0 0 169 0 0 169 
9606.ENSP00000374390 9606.ENSP00000363452 0 0 0 171 0 0 0 171 
9606.ENSP00000374390 9606.ENSP00000264645 0 0 0 0 323 0 43 324 
9606.ENSP00000374390 9606.ENSP00000326869 0 0 0 0 87 0 160 200 
9606.ENSP00000374390 9606.ENSP00000364037 0 0 0 354 50 0 54 368 
9606.ENSP00000374390 9606.ENSP00000479365 0 0 0 82 183 0 57 230 
9606.ENSP00000374390 9606.ENSP00000485357 0 0 0 0 57 0 242 255 
9606.ENSP00000374390 9606.ENSP00000252136 49 0 0 230 0 0 62 253 
9606.ENSP00000374390 9606.ENSP00000293414 0 0 0 56 157 0 42 171 
9606.ENSP00000374390 9606.ENSP00000337632 0 0 0 61 157 0 0 174 
9606.ENSP00000374390 9606.ENSP00000355541 0 0 0 457 64 0 68 484 
9606.ENSP00000374390 9606.ENSP00000382840 0 0 0 144 50 0 224 313 
9606.ENSP00000374390 9606.ENSP00000354040 0 0 0 464 192 0 132 591 
9606.ENSP00000374390 9606.ENSP00000429633 0 0 0 64 192 0 55 222 
9606.ENSP00000374390 9606.ENSP00000242480 0 0 0 0 52 0 162 171 
9606.ENSP00000374390 9606.ENSP00000386764 0 0 0 0 157 0 50 164 
9606.ENSP00000374390 9606.ENSP00000408598 0 0 0 55 125 0 75 168 
9606.ENSP00000374390 9606.ENSP00000315106 0 0 0 61 0 0 480 491 
9606.ENSP00000374390 9606.ENSP00000303706 0 0 0 0 156 0 0 156 
9606.ENSP00000374390 9606.ENSP00000364543 0 0 0 63 85 0 220 272 
9606.ENSP00000374390 9606.ENSP00000470560 0 0 0 211 0 0 51 219 
9606.ENSP00000374390 9606.ENSP00000429931 0 0 0 113 0 0 93 161 
9606.ENSP00000374390 9606.ENSP00000404179 0 0 0 109 262 0 67 332 
9606.ENSP00000374390 9606.ENSP00000430493 0 0 0 50 163 0 104 225 
9606.ENSP00000374390 9606.ENSP00000312082 0 0 0 0 169 0 0 169 
9606.ENSP00000374390 9606.ENSP00000376309 0 0 0 82 183 0 57 230 
9606.ENSP00000374390 9606.ENSP00000260563 0 0 0 146 0 0 131 226 
9606.ENSP00000374390 9606.ENSP00000227507 0 0 0 0 194 0 0 194 
9606.ENSP00000374390 9606.ENSP00000470142 0 0 0 65 157 0 132 256 
9606.ENSP00000374390 9606.ENSP00000391692 0 0 0 0 0 0 250 250 
9606.ENSP00000374390 9606.ENSP00000382610 0 0 0 56 157 0 42 171 
9606.ENSP00000374390 9606.ENSP00000342356 0 0 0 0 0 0 152 152 
9606.ENSP00000374390 9606.ENSP00000410561 0 0 0 0 185 0 56 197 
9606.ENSP00000374390 9606.ENSP00000261700 0 0 0 55 185 0 0 196 
9606.ENSP00000374390 9606.ENSP00000366843 0 0 0 63 138 0 81 192 
9606.ENSP00000374390 9606.ENSP00000304586 0 0 0 56 157 0 42 171 
9606.ENSP00000374390 9606.ENSP00000419422 0 0 0 0 0 0 173 173 
9606.ENSP00000374390 9606.ENSP00000363089 0 0 0 0 169 0 0 169 
9606.ENSP00000374390 9606.ENSP00000243673 0 0 0 0 0 0 195 195 
9606.ENSP00000374390 9606.ENSP00000420195 0 0 0 82 183 0 57 230 
9606.ENSP00000374390 9606.ENSP00000315017 0 0 0 95 134 0 64 202 
9606.ENSP00000374390 9606.ENSP00000469468 0 0 0 61 327 0 64 356 
9606.ENSP00000374390 9606.ENSP00000359119 0 0 0 61 131 0 57 163 
9606.ENSP00000374390 9606.ENSP00000475027 0 0 0 79 112 0 69 172 
9606.ENSP00000374390 9606.ENSP00000346805 0 0 0 0 0 0 168 168 
9606.ENSP00000374390 9606.ENSP00000302768 0 0 0 145 189 0 106 325 
9606.ENSP00000374390 9606.ENSP00000276052 0 0 0 0 185 0 56 197 
9606.ENSP00000374390 9606.ENSP00000369162 42 0 0 130 0 0 360 420 
9606.ENSP00000374390 9606.ENSP00000418447 0 0 0 61 125 0 54 154 
9606.ENSP00000374390 9606.ENSP00000358563 50 0 0 228 262 0 83 437 
9606.ENSP00000374390 9606.ENSP00000264279 50 0 0 445 269 0 93 603 
9606.ENSP00000374390 9606.ENSP00000386239 0 0 0 61 157 0 42 175 
9606.ENSP00000374390 9606.ENSP00000397157 0 0 0 0 0 0 202 202 
9606.ENSP00000374390 9606.ENSP00000366519 0 0 0 257 175 0 58 372 
9606.ENSP00000374390 9606.ENSP00000348043 0 0 0 0 169 0 0 169 
9606.ENSP00000374390 9606.ENSP00000238146 0 0 0 442 53 0 308 602 
9606.ENSP00000374390 9606.ENSP00000262027 0 0 0 149 58 0 90 206 
9606.ENSP00000374390 9606.ENSP00000372857 0 0 0 0 0 0 224 224 
9606.ENSP00000374390 9606.ENSP00000374455 0 0 0 0 191 0 0 191 
9606.ENSP00000374390 9606.ENSP00000215829 0 0 0 0 261 0 73 285 
9606.ENSP00000374390 9606.ENSP00000267377 0 0 0 0 0 0 278 278 
9606.ENSP00000374390 9606.ENSP00000326948 0 0 0 113 174 0 86 271 
9606.ENSP00000374390 9606.ENSP00000330031 0 0 0 0 129 0 66 151 
9606.ENSP00000374390 9606.ENSP00000410584 0 0 0 116 78 0 50 158 
9606.ENSP00000374390 9606.ENSP00000446184 0 0 0 464 129 0 69 527 
9606.ENSP00000374390 9606.ENSP00000260970 0 0 0 62 188 0 56 218 
9606.ENSP00000374390 9606.ENSP00000346694 0 0 0 82 183 0 57 230 
9606.ENSP00000374390 9606.ENSP00000286918 0 0 0 56 157 0 42 171 
9606.ENSP00000374390 9606.ENSP00000430774 0 0 0 61 130 0 126 223 
9606.ENSP00000374390 9606.ENSP00000380495 0 0 0 261 0 0 226 403 
9606.ENSP00000374390 9606.ENSP00000245838 0 0 0 109 107 0 81 204 
9606.ENSP00000374390 9606.ENSP00000275820 0 0 0 307 171 0 137 460 
9606.ENSP00000374390 9606.ENSP00000419117 0 0 0 87 158 0 63 216 
9606.ENSP00000374390 9606.ENSP00000468837 0 0 0 50 143 0 50 159 
9606.ENSP00000374390 9606.ENSP00000405111 0 0 0 63 157 0 113 238 
9606.ENSP00000374390 9606.ENSP00000305918 0 0 0 206 79 0 44 239 
9606.ENSP00000374390 9606.ENSP00000294818 0 0 0 0 169 0 0 169 
9606.ENSP00000374390 9606.ENSP00000264995 0 0 0 85 169 0 107 261 
9606.ENSP00000374390 9606.ENSP00000464411 0 0 0 83 160 0 58 211 
9606.ENSP00000374390 9606.ENSP00000459943 0 0 0 61 157 0 42 175 
9606.ENSP00000374390 9606.ENSP00000320893 0 0 0 56 157 0 42 171 
9606.ENSP00000374390 9606.ENSP00000220592 0 0 0 61 172 0 102 240 
9606.ENSP00000374390 9606.ENSP00000318297 0 0 0 82 100 0 57 152 
9606.ENSP00000374390 9606.ENSP00000380109 0 0 0 56 157 0 42 171 
9606.ENSP00000374390 9606.ENSP00000451291 0 0 0 82 183 0 57 230 
9606.ENSP00000374390 9606.ENSP00000260843 0 0 0 0 0 0 234 234 
9606.ENSP00000374390 9606.ENSP00000365253 0 0 0 0 169 0 0 169 
9606.ENSP00000374390 9606.ENSP00000475615 0 0 0 61 323 0 54 346 
9606.ENSP00000374390 9606.ENSP00000432886 0 0 0 0 263 0 57 275 
9606.ENSP00000374390 9606.ENSP00000416959 0 0 0 82 183 0 57 230 
9606.ENSP00000374390 9606.ENSP00000347451 0 0 0 69 170 0 0 194 
9606.ENSP00000374390 9606.ENSP00000411250 0 0 0 62 191 0 0 208 
9606.ENSP00000374390 9606.ENSP00000430985 0 0 0 56 157 0 42 171 
9606.ENSP00000374390 9606.ENSP00000424400 0 0 0 0 0 0 165 165 
9606.ENSP00000374390 9606.ENSP00000434847 0 0 0 0 169 0 0 169 
9606.ENSP00000374390 9606.ENSP00000259750 0 0 0 104 124 0 56 194 
9606.ENSP00000374390 9606.ENSP00000377262 0 0 0 61 131 0 57 163 
9606.ENSP00000374390 9606.ENSP00000354207 0 0 0 70 78 0 91 152 
9606.ENSP00000374390 9606.ENSP00000376410 0 0 0 0 185 0 0 185 
9606.ENSP00000374390 9606.ENSP00000164227 0 0 0 56 157 0 42 171 
9606.ENSP00000374390 9606.ENSP00000248975 0 0 0 0 261 0 50 267 
9606.ENSP00000374390 9606.ENSP00000390600 0 0 0 61 0 0 204 220 
9606.ENSP00000374390 9606.ENSP00000365042 0 0 0 61 157 0 49 181 
9606.ENSP00000374390 9606.ENSP00000362688 0 0 0 113 80 0 48 155 
9606.ENSP00000374390 9606.ENSP00000358140 0 0 0 145 53 0 71 182 
9606.ENSP00000374390 9606.ENSP00000293831 0 0 0 117 0 0 150 217 
9606.ENSP00000374390 9606.ENSP00000388806 0 0 0 82 183 0 57 230 
9606.ENSP00000374390 9606.ENSP00000473553 0 0 0 61 138 0 52 165 
9606.ENSP00000374390 9606.ENSP00000353575 0 0 0 81 92 0 69 155 
9606.ENSP00000374390 9606.ENSP00000416255 0 0 0 145 189 0 106 325 
9606.ENSP00000374390 9606.ENSP00000380759 0 0 0 189 73 0 69 238 
9606.ENSP00000374390 9606.ENSP00000378323 0 0 0 57 125 0 54 151 
9606.ENSP00000374390 9606.ENSP00000373331 0 0 0 112 64 0 63 153 
9606.ENSP00000374390 9606.ENSP00000276241 0 0 0 61 124 0 62 161 
9606.ENSP00000374390 9606.ENSP00000318195 0 0 0 141 123 0 67 235 
9606.ENSP00000374390 9606.ENSP00000273286 0 0 0 0 169 0 0 169 
9606.ENSP00000374390 9606.ENSP00000223073 0 0 0 492 261 0 74 622 
9606.ENSP00000374390 9606.ENSP00000432651 0 0 0 182 85 0 132 293 
9606.ENSP00000374390 9606.ENSP00000290943 0 0 0 56 157 0 42 171 
9606.ENSP00000374390 9606.ENSP00000262811 0 0 0 0 0 0 194 194 
9606.ENSP00000374390 9606.ENSP00000435509 0 0 0 76 52 0 388 417 
9606.ENSP00000374390 9606.ENSP00000366416 0 0 0 0 0 0 401 401 
9606.ENSP00000374390 9606.ENSP00000359925 0 0 0 0 169 0 0 169 
9606.ENSP00000374390 9606.ENSP00000370119 0 0 0 0 150 0 56 163 
9606.ENSP00000374390 9606.ENSP00000268717 0 0 0 61 0 0 173 190 
9606.ENSP00000374390 9606.ENSP00000321997 0 0 0 64 141 0 55 173 
9606.ENSP00000374390 9606.ENSP00000364976 0 0 0 0 288 0 0 288 
9606.ENSP00000374390 9606.ENSP00000436768 0 0 0 0 0 0 387 387 
9606.ENSP00000374390 9606.ENSP00000361010 0 0 0 170 185 0 53 303 
9606.ENSP00000374390 9606.ENSP00000454038 0 0 0 162 0 0 55 174 
9606.ENSP00000374390 9606.ENSP00000363286 0 0 0 48 59 0 173 194 
9606.ENSP00000374390 9606.ENSP00000357928 0 0 0 62 185 0 55 214 
9606.ENSP00000374390 9606.ENSP00000446252 45 0 0 114 65 0 62 158 
9606.ENSP00000374390 9606.ENSP00000416429 0 0 0 62 195 0 101 262 
9606.ENSP00000374390 9606.ENSP00000222286 0 0 0 0 51 0 227 235 
9606.ENSP00000374390 9606.ENSP00000396755 0 0 0 0 163 0 95 210 
9606.ENSP00000374390 9606.ENSP00000258772 0 0 0 461 0 0 49 465 
9606.ENSP00000374390 9606.ENSP00000448073 0 0 0 63 194 0 130 285 
9606.ENSP00000374390 9606.ENSP00000361446 0 0 0 112 177 0 72 262 
9606.ENSP00000374390 9606.ENSP00000336752 0 0 0 0 157 0 64 177 
9606.ENSP00000374390 9606.ENSP00000419944 0 0 0 0 0 0 243 243 
9606.ENSP00000374390 9606.ENSP00000363384 0 0 0 177 0 0 180 296 
9606.ENSP00000374390 9606.ENSP00000390932 0 0 0 77 170 0 0 201 
9606.ENSP00000374390 9606.ENSP00000422375 0 0 0 0 0 0 398 398 
9606.ENSP00000374390 9606.ENSP00000221233 0 0 0 114 57 0 85 168 
9606.ENSP00000374390 9606.ENSP00000307741 0 0 0 0 0 0 286 286 
9606.ENSP00000374390 9606.ENSP00000433664 0 0 0 145 189 0 106 325 
9606.ENSP00000374390 9606.ENSP00000363018 0 0 0 64 134 0 64 175 
9606.ENSP00000374390 9606.ENSP00000397655 0 0 0 56 157 0 42 171 
9606.ENSP00000374390 9606.ENSP00000356548 0 0 0 335 58 0 56 357 
9606.ENSP00000374390 9606.ENSP00000342560 0 0 0 95 0 0 123 172 
9606.ENSP00000374390 9606.ENSP00000397459 0 0 0 62 92 0 87 155 
9606.ENSP00000374390 9606.ENSP00000380679 0 0 0 52 0 0 212 221 
9606.ENSP00000374390 9606.ENSP00000345985 0 0 0 88 170 0 0 210 
9606.ENSP00000374390 9606.ENSP00000383949 0 0 0 141 262 0 67 356 
9606.ENSP00000374390 9606.ENSP00000411827 0 0 0 49 0 0 428 433 
9606.ENSP00000374390 9606.ENSP00000376465 0 0 0 0 0 0 217 217 
9606.ENSP00000374390 9606.ENSP00000369328 0 0 0 65 170 0 0 190 
9606.ENSP00000374390 9606.ENSP00000432119 0 0 0 364 192 0 44 465 
9606.ENSP00000374390 9606.ENSP00000257570 0 0 0 55 127 0 56 153 
9606.ENSP00000374390 9606.ENSP00000365576 0 0 0 55 127 0 56 153 
9606.ENSP00000374390 9606.ENSP00000371985 0 0 0 108 99 0 173 278 
9606.ENSP00000374390 9606.ENSP00000344242 0 0 0 0 169 0 0 169 
9606.ENSP00000374390 9606.ENSP00000397297 0 0 0 0 0 0 278 278 
9606.ENSP00000374390 9606.ENSP00000366826 0 0 0 56 157 0 42 171 
9606.ENSP00000374390 9606.ENSP00000355396 0 0 0 0 169 0 0 169 
9606.ENSP00000374390 9606.ENSP00000377224 0 0 0 56 157 0 42 171 
9606.ENSP00000374390 9606.ENSP00000358783 0 0 0 93 0 0 262 302 
9606.ENSP00000374390 9606.ENSP00000328625 0 0 0 0 169 0 0 169 
9606.ENSP00000374390 9606.ENSP00000229239 0 0 0 0 51 0 145 154 
9606.ENSP00000374390 9606.ENSP00000417235 0 0 0 61 0 0 249 264 
9606.ENSP00000374390 9606.ENSP00000247271 0 0 0 0 169 0 0 169 
9606.ENSP00000374390 9606.ENSP00000324804 0 0 0 61 132 0 0 150 
9606.ENSP00000374390 9606.ENSP00000403852 48 0 0 100 0 0 112 172 
9606.ENSP00000374390 9606.ENSP00000371661 0 0 0 0 0 0 378 378 
9606.ENSP00000374390 9606.ENSP00000403681 0 0 0 0 0 0 475 475 
9606.ENSP00000374390 9606.ENSP00000423812 0 0 0 0 169 0 0 169 
9606.ENSP00000374390 9606.ENSP00000309334 0 0 0 145 158 0 158 341 
9606.ENSP00000374390 9606.ENSP00000316054 0 0 0 62 88 0 94 157 
9606.ENSP00000374390 9606.ENSP00000378803 43 0 0 0 81 0 406 432 
9606.ENSP00000374390 9606.ENSP00000216639 0 0 0 55 124 0 56 150 
9606.ENSP00000374390 9606.ENSP00000261574 0 0 0 180 85 0 128 288 
9606.ENSP00000374390 9606.ENSP00000478610 0 0 0 61 157 0 49 181 
9606.ENSP00000374390 9606.ENSP00000255136 0 0 0 141 123 0 67 235 
9606.ENSP00000374390 9606.ENSP00000334044 0 0 0 55 127 0 56 153 
9606.ENSP00000374390 9606.ENSP00000340989 0 0 0 0 261 0 50 267 
9606.ENSP00000374390 9606.ENSP00000217456 53 0 0 62 262 0 94 326 
9606.ENSP00000374390 9606.ENSP00000369436 0 0 0 56 157 0 42 171 
9606.ENSP00000374390 9606.ENSP00000225296 0 0 0 164 157 0 101 311 
9606.ENSP00000374390 9606.ENSP00000444408 0 0 0 0 0 0 267 267 
9606.ENSP00000374390 9606.ENSP00000414303 0 0 0 0 0 0 218 218 
9606.ENSP00000374390 9606.ENSP00000401197 0 0 0 65 66 0 162 204 
9606.ENSP00000374390 9606.ENSP00000413496 0 0 0 76 50 0 287 319 
9606.ENSP00000374390 9606.ENSP00000322339 0 0 0 0 0 0 293 293 
9606.ENSP00000374390 9606.ENSP00000384621 0 0 0 301 157 0 131 443 
9606.ENSP00000374390 9606.ENSP00000370950 0 0 0 152 186 0 80 309 
9606.ENSP00000374390 9606.ENSP00000338330 43 0 0 0 81 0 280 312 
9606.ENSP00000374390 9606.ENSP00000250495 0 0 0 61 127 0 56 158 
9606.ENSP00000374390 9606.ENSP00000216241 0 0 0 0 169 0 0 169 
9606.ENSP00000374390 9606.ENSP00000356520 0 0 0 63 157 0 61 193 
9606.ENSP00000374390 9606.ENSP00000454786 0 0 0 87 80 0 72 152 
9606.ENSP00000374390 9606.ENSP00000360268 232 0 0 62 0 0 43 250 
9606.ENSP00000374390 9606.ENSP00000354932 0 0 0 0 169 0 0 169 
9606.ENSP00000374390 9606.ENSP00000249363 0 0 0 64 170 0 0 189 
9606.ENSP00000374390 9606.ENSP00000405068 0 0 0 477 82 0 91 525 
9606.ENSP00000374390 9606.ENSP00000202816 0 0 0 429 171 0 87 530 
9606.ENSP00000374390 9606.ENSP00000344635 0 0 0 0 163 0 95 210 
9606.ENSP00000374390 9606.ENSP00000230050 0 0 0 62 262 0 67 297 
9606.ENSP00000374390 9606.ENSP00000265734 0 0 0 0 185 0 56 197 
9606.ENSP00000374390 9606.ENSP00000297185 0 0 0 64 67 0 118 162 
9606.ENSP00000374390 9606.ENSP00000334375 0 0 0 0 169 0 0 169 
9606.ENSP00000374390 9606.ENSP00000251864 0 0 0 0 175 0 58 189 
9606.ENSP00000374390 9606.ENSP00000387641 0 0 0 61 0 0 194 210 
9606.ENSP00000374390 9606.ENSP00000417464 0 0 0 344 168 0 164 503 
9606.ENSP00000374390 9606.ENSP00000340328 0 0 0 0 169 0 0 169 
9606.ENSP00000374390 9606.ENSP00000402257 0 0 0 65 0 0 202 222 
9606.ENSP00000374390 9606.ENSP00000361577 0 0 0 0 170 0 78 202 
9606.ENSP00000374390 9606.ENSP00000263160 0 0 0 169 0 0 0 169 
9606.ENSP00000374390 9606.ENSP00000302719 0 0 0 61 0 0 167 184 
9606.ENSP00000374390 9606.ENSP00000356476 53 0 0 310 129 0 0 381 
9606.ENSP00000374390 9606.ENSP00000332340 0 0 0 329 0 0 179 425 
9606.ENSP00000374390 9606.ENSP00000398211 0 0 0 0 0 0 330 330 
9606.ENSP00000374390 9606.ENSP00000419542 0 0 0 66 170 0 0 191 
9606.ENSP00000374390 9606.ENSP00000325120 0 0 0 0 50 0 161 168 
9606.ENSP00000374390 9606.ENSP00000400646 53 0 0 62 262 0 94 326 
9606.ENSP00000374390 9606.ENSP00000346088 0 0 0 62 157 0 50 183 
9606.ENSP00000374390 9606.ENSP00000453399 0 0 0 61 0 0 312 326 
9606.ENSP00000374390 9606.ENSP00000405620 0 0 0 63 157 0 113 238 
9606.ENSP00000374390 9606.ENSP00000363391 0 0 0 55 0 0 284 295 
9606.ENSP00000374390 9606.ENSP00000284629 0 0 0 56 157 0 42 171 
9606.ENSP00000374390 9606.ENSP00000467753 0 0 0 0 169 0 0 169 
9606.ENSP00000374390 9606.ENSP00000312634 0 0 0 0 58 0 169 184 
9606.ENSP00000374390 9606.ENSP00000430128 0 0 0 126 183 0 57 268 
9606.ENSP00000374390 9606.ENSP00000397798 0 0 0 83 160 0 58 211 
9606.ENSP00000374390 9606.ENSP00000259455 0 0 0 87 0 0 123 165 
9606.ENSP00000374390 9606.ENSP00000480279 0 0 0 56 157 0 59 186 
9606.ENSP00000374390 9606.ENSP00000479203 0 0 0 82 183 0 57 230 
9606.ENSP00000374390 9606.ENSP00000262265 0 0 0 49 185 0 0 191 
9606.ENSP00000374390 9606.ENSP00000367292 0 0 0 0 170 0 53 180 
9606.ENSP00000374390 9606.ENSP00000439444 0 0 0 0 188 0 56 200 
9606.ENSP00000374390 9606.ENSP00000266529 0 0 0 82 183 0 57 230 
9606.ENSP00000374390 9606.ENSP00000363308 0 0 0 142 131 0 67 243 
9606.ENSP00000374390 9606.ENSP00000483491 0 0 0 145 64 0 57 179 
9606.ENSP00000374390 9606.ENSP00000373404 0 0 0 52 185 0 50 201 
9606.ENSP00000374390 9606.ENSP00000362413 0 0 0 61 0 0 137 155 
9606.ENSP00000374390 9606.ENSP00000369897 46 0 0 109 0 0 102 170 
9606.ENSP00000374390 9606.ENSP00000479134 0 0 0 0 185 0 56 197 
9606.ENSP00000374390 9606.ENSP00000259569 0 0 0 180 85 0 128 288 
9606.ENSP00000374390 9606.ENSP00000281321 0 0 0 0 64 0 168 188 
9606.ENSP00000374390 9606.ENSP00000306565 0 0 0 170 185 0 53 303 
9606.ENSP00000374390 9606.ENSP00000309189 0 0 0 59 0 0 199 214 
9606.ENSP00000374390 9606.ENSP00000356251 0 0 0 62 0 0 256 272 
9606.ENSP00000374390 9606.ENSP00000384302 0 0 0 461 50 0 57 474 
9606.ENSP00000374390 9606.ENSP00000305556 0 0 0 0 169 0 56 181 
9606.ENSP00000374390 9606.ENSP00000222388 48 0 0 168 89 0 56 227 
9606.ENSP00000374390 9606.ENSP00000311778 0 0 0 61 0 0 288 302 
9606.ENSP00000374390 9606.ENSP00000384015 0 0 0 55 0 0 141 153 
9606.ENSP00000374390 9606.ENSP00000366628 0 0 0 0 0 0 461 461 
9606.ENSP00000374390 9606.ENSP00000176195 0 0 0 0 0 0 231 231 
9606.ENSP00000374390 9606.ENSP00000378721 0 0 0 0 185 0 0 185 
9606.ENSP00000374390 9606.ENSP00000324464 0 0 0 55 124 0 56 150 
9606.ENSP00000374390 9606.ENSP00000369198 0 0 0 0 0 0 340 340 
9606.ENSP00000374390 9606.ENSP00000377385 0 0 0 308 181 0 56 418 
9606.ENSP00000374390 9606.ENSP00000383168 0 0 0 0 169 0 56 181 
9606.ENSP00000374390 9606.ENSP00000234038 0 0 0 77 170 0 0 201 
9606.ENSP00000374390 9606.ENSP00000331867 0 0 0 0 0 0 205 205 
9606.ENSP00000374390 9606.ENSP00000274711 0 0 0 65 170 0 0 190 
9606.ENSP00000374390 9606.ENSP00000296328 0 0 0 64 177 0 72 222 
9606.ENSP00000374390 9606.ENSP00000310723 0 0 0 63 0 0 140 159 
9606.ENSP00000374390 9606.ENSP00000307940 0 0 0 129 266 0 78 359 
9606.ENSP00000374390 9606.ENSP00000322439 0 0 0 221 85 0 86 291 
9606.ENSP00000374390 9606.ENSP00000328848 0 0 0 0 157 0 75 186 
9606.ENSP00000374390 9606.ENSP00000346725 0 0 0 503 185 0 103 604 
9606.ENSP00000374390 9606.ENSP00000312311 0 0 0 161 72 0 43 189 
9606.ENSP00000374390 9606.ENSP00000035383 0 0 0 65 170 0 0 190 
9606.ENSP00000374390 9606.ENSP00000308733 0 0 0 0 0 0 309 309 
9606.ENSP00000374390 9606.ENSP00000283254 0 0 0 90 0 0 108 153 
9606.ENSP00000374390 9606.ENSP00000321449 0 0 0 309 50 0 0 315 
9606.ENSP00000374390 9606.ENSP00000375730 0 0 0 126 134 0 68 232 
9606.ENSP00000374390 9606.ENSP00000228468 0 0 0 61 0 0 272 287 
9606.ENSP00000374390 9606.ENSP00000254605 0 0 0 354 189 0 64 466 
9606.ENSP00000374390 9606.ENSP00000485586 0 0 0 0 90 0 134 178 
9606.ENSP00000374390 9606.ENSP00000379880 0 0 0 77 170 0 399 499 
9606.ENSP00000374390 9606.ENSP00000262662 0 0 0 56 157 0 42 171 
9606.ENSP00000374390 9606.ENSP00000328412 0 0 0 0 0 0 173 173 
9606.ENSP00000374390 9606.ENSP00000252530 0 0 0 0 177 0 0 177 
9606.ENSP00000374390 9606.ENSP00000447942 0 0 0 61 0 0 256 271 
9606.ENSP00000374390 9606.ENSP00000257829 0 0 0 485 176 0 135 600 
9606.ENSP00000374390 9606.ENSP00000446278 0 0 0 97 170 0 0 218 
9606.ENSP00000374390 9606.ENSP00000238256 0 0 0 271 85 0 43 305 
9606.ENSP00000374390 9606.ENSP00000425561 0 0 0 63 131 0 108 210 
9606.ENSP00000374390 9606.ENSP00000393845 0 0 0 0 188 0 56 200 
9606.ENSP00000374390 9606.ENSP00000391869 0 0 0 0 0 0 169 169 
9606.ENSP00000374390 9606.ENSP00000223324 0 0 0 107 72 0 85 175 
9606.ENSP00000374390 9606.ENSP00000321656 0 0 0 0 156 0 0 156 
9606.ENSP00000374390 9606.ENSP00000419952 0 0 0 61 0 0 220 236 
9606.ENSP00000374390 9606.ENSP00000310448 0 0 0 55 129 0 62 160 
9606.ENSP00000374390 9606.ENSP00000157600 0 0 0 0 64 0 348 363 
9606.ENSP00000374390 9606.ENSP00000361465 0 0 0 239 101 0 59 300 
9606.ENSP00000374390 9606.ENSP00000411788 0 0 0 0 0 0 251 251 
9606.ENSP00000374390 9606.ENSP00000256261 0 0 0 107 92 0 0 155 
9606.ENSP00000374390 9606.ENSP00000358730 0 0 0 0 0 0 187 187 
9606.ENSP00000374390 9606.ENSP00000295057 0 0 0 98 170 0 0 219 
9606.ENSP00000374390 9606.ENSP00000420267 0 0 0 0 50 0 368 374 
9606.ENSP00000374390 9606.ENSP00000481149 0 0 0 56 157 0 42 171 
9606.ENSP00000374390 9606.ENSP00000310856 0 0 0 0 0 0 252 252 
9606.ENSP00000374390 9606.ENSP00000262105 0 0 0 95 81 0 87 174 
9606.ENSP00000374390 9606.ENSP00000335397 0 0 0 0 170 0 419 497 
9606.ENSP00000374390 9606.ENSP00000354204 0 0 0 157 0 0 0 157 
9606.ENSP00000374390 9606.ENSP00000403302 0 0 0 56 157 0 42 171 
9606.ENSP00000374390 9606.ENSP00000485206 0 0 0 0 188 0 56 200 
9606.ENSP00000374390 9606.ENSP00000384169 0 0 0 0 57 0 354 364 
9606.ENSP00000374390 9606.ENSP00000225430 0 0 0 61 158 0 0 175 
9606.ENSP00000374390 9606.ENSP00000184183 0 0 0 0 0 0 236 236 
9606.ENSP00000374390 9606.ENSP00000398882 0 0 0 266 0 0 58 279 
9606.ENSP00000374390 9606.ENSP00000419004 0 0 0 340 64 0 91 389 
9606.ENSP00000374390 9606.ENSP00000253107 0 0 0 308 181 0 56 418 
9606.ENSP00000374390 9606.ENSP00000300413 0 0 0 0 261 0 57 273 
9606.ENSP00000374390 9606.ENSP00000451560 0 0 0 63 0 0 134 154 
9606.ENSP00000374390 9606.ENSP00000310596 0 0 0 0 157 0 94 203 
9606.ENSP00000374390 9606.ENSP00000463784 0 0 0 75 186 0 86 251 
9606.ENSP00000374390 9606.ENSP00000301021 0 0 0 0 0 0 204 204 
9606.ENSP00000374390 9606.ENSP00000473383 0 0 0 266 261 0 129 486 
9606.ENSP00000374390 9606.ENSP00000342295 0 0 0 56 157 0 42 171 
9606.ENSP00000374390 9606.ENSP00000375894 0 0 0 0 0 0 196 196 
9606.ENSP00000374390 9606.ENSP00000431391 0 0 0 61 52 0 134 161 
9606.ENSP00000374390 9606.ENSP00000306163 0 0 0 56 157 0 42 171 
9606.ENSP00000374390 9606.ENSP00000258383 0 0 0 114 103 0 87 211 
9606.ENSP00000374390 9606.ENSP00000386134 0 0 0 429 171 0 57 514 
9606.ENSP00000374390 9606.ENSP00000287907 0 0 0 136 0 0 100 189 
9606.ENSP00000374390 9606.ENSP00000360138 0 0 0 0 0 0 167 167 
9606.ENSP00000374390 9606.ENSP00000346829 0 0 0 0 0 0 310 310 
9606.ENSP00000374390 9606.ENSP00000442924 0 0 0 129 85 0 94 214 
9606.ENSP00000374390 9606.ENSP00000264977 0 0 0 58 0 0 160 174 
9606.ENSP00000374390 9606.ENSP00000362208 52 0 0 116 160 0 89 272 
9606.ENSP00000374390 9606.ENSP00000315791 0 0 0 63 157 0 68 199 
9606.ENSP00000374390 9606.ENSP00000359859 44 0 0 86 188 0 57 241 
9606.ENSP00000374390 9606.ENSP00000263694 0 0 0 61 278 0 54 302 
9606.ENSP00000374390 9606.ENSP00000263239 0 0 0 229 0 0 224 376 
9606.ENSP00000374390 9606.ENSP00000298288 0 0 0 0 169 0 0 169 
9606.ENSP00000374390 9606.ENSP00000383274 0 0 0 145 189 0 106 325 
9606.ENSP00000374390 9606.ENSP00000420682 50 0 0 64 125 0 81 189 
9606.ENSP00000374390 9606.ENSP00000393324 0 0 0 0 131 0 81 167 
9606.ENSP00000374390 9606.ENSP00000371101 0 0 0 460 118 0 66 516 
9606.ENSP00000374390 9606.ENSP00000329380 0 0 0 0 169 0 0 169 
9606.ENSP00000374390 9606.ENSP00000333934 0 0 0 227 0 0 0 227 
9606.ENSP00000374390 9606.ENSP00000391137 0 0 0 56 157 0 42 171 
9606.ENSP00000374390 9606.ENSP00000295569 0 0 0 0 0 0 294 294 
9606.ENSP00000374390 9606.ENSP00000469337 0 0 0 0 169 0 0 169 
9606.ENSP00000374390 9606.ENSP00000251636 0 0 0 63 157 0 113 238 
9606.ENSP00000374390 9606.ENSP00000332448 0 0 0 129 85 0 0 168 
9606.ENSP00000374390 9606.ENSP00000369344 0 0 0 0 0 0 389 389 
9606.ENSP00000374390 9606.ENSP00000332591 0 0 0 77 0 0 140 172 
9606.ENSP00000374390 9606.ENSP00000306894 0 0 0 0 63 0 160 179 
9606.ENSP00000374390 9606.ENSP00000325091 0 0 0 0 169 0 0 169 
9606.ENSP00000374390 9606.ENSP00000358089 42 0 0 55 110 0 91 169 
9606.ENSP00000374390 9606.ENSP00000370460 0 0 0 61 188 0 60 220 
9606.ENSP00000374390 9606.ENSP00000332674 0 0 0 0 169 0 0 169 
9606.ENSP00000374390 9606.ENSP00000317232 0 0 0 63 85 0 180 236 
9606.ENSP00000374390 9606.ENSP00000007699 45 0 0 0 160 0 85 201 
9606.ENSP00000374390 9606.ENSP00000365529 0 0 0 95 0 0 354 390 
9606.ENSP00000374390 9606.ENSP00000267116 0 0 0 56 157 0 42 171 
9606.ENSP00000374390 9606.ENSP00000307766 0 0 0 102 0 0 212 262 
9606.ENSP00000374390 9606.ENSP00000361965 0 0 0 156 0 0 57 170 
9606.ENSP00000374390 9606.ENSP00000406162 0 0 0 189 73 0 69 238 
9606.ENSP00000374390 9606.ENSP00000360998 0 0 0 56 157 0 42 171 
9606.ENSP00000374390 9606.ENSP00000252011 0 0 0 164 157 0 101 311 
9606.ENSP00000374390 9606.ENSP00000274054 0 0 0 231 50 0 0 238 
9606.ENSP00000374390 9606.ENSP00000343900 0 0 0 0 157 0 50 164 
9606.ENSP00000374390 9606.ENSP00000318986 0 0 0 278 175 0 58 389 
9606.ENSP00000374390 9606.ENSP00000484634 0 0 0 77 170 0 0 201 
9606.ENSP00000374390 9606.ENSP00000226796 0 0 0 189 267 0 0 380 
9606.ENSP00000374390 9606.ENSP00000478982 0 0 0 141 262 0 67 356 
9606.ENSP00000374390 9606.ENSP00000280350 0 0 0 49 185 0 0 191 
9606.ENSP00000374390 9606.ENSP00000399441 0 0 0 0 169 0 0 169 
9606.ENSP00000374390 9606.ENSP00000360762 0 0 0 56 157 0 78 202 
9606.ENSP00000374390 9606.ENSP00000334148 0 0 0 62 185 0 55 214 
9606.ENSP00000374390 9606.ENSP00000354896 0 0 0 92 0 0 129 175 
9606.ENSP00000374390 9606.ENSP00000413572 0 0 0 295 54 0 58 316 
9606.ENSP00000374390 9606.ENSP00000246071 0 0 0 0 263 0 57 275 
9606.ENSP00000374390 9606.ENSP00000329158 0 0 0 0 0 0 173 173 
9606.ENSP00000374390 9606.ENSP00000310305 0 0 0 0 0 0 309 309 
9606.ENSP00000374390 9606.ENSP00000371858 0 0 0 257 175 0 58 372 
9606.ENSP00000374390 9606.ENSP00000478257 0 0 0 0 163 0 95 210 
9606.ENSP00000374390 9606.ENSP00000342188 0 0 0 0 169 0 0 169 
9606.ENSP00000374390 9606.ENSP00000360597 0 0 0 0 169 0 0 169 
9606.ENSP00000374390 9606.ENSP00000354573 0 0 0 0 80 0 130 166 
9606.ENSP00000374390 9606.ENSP00000253237 0 0 0 460 0 0 56 468 
9606.ENSP00000374390 9606.ENSP00000234170 0 0 0 232 171 0 66 353 
9606.ENSP00000374390 9606.ENSP00000234590 0 0 0 61 185 0 271 393 
9606.ENSP00000374390 9606.ENSP00000264230 0 0 0 107 163 0 50 227 
9606.ENSP00000374390 9606.ENSP00000300026 0 0 0 0 188 0 56 200 
9606.ENSP00000374390 9606.ENSP00000261531 0 0 0 67 265 0 89 320 
9606.ENSP00000374390 9606.ENSP00000295522 0 0 0 0 0 0 162 162 
9606.ENSP00000374390 9606.ENSP00000471932 0 0 0 61 0 0 393 405 
9606.ENSP00000374390 9606.ENSP00000386023 0 0 0 62 310 0 67 343 
9606.ENSP00000374390 9606.ENSP00000417914 0 0 0 56 157 0 42 171 
9606.ENSP00000374390 9606.ENSP00000366248 0 0 0 0 0 0 176 176 
9606.ENSP00000374390 9606.ENSP00000261368 0 0 0 56 157 0 42 171 
9606.ENSP00000374390 9606.ENSP00000384616 0 0 0 0 0 0 269 269 
9606.ENSP00000374390 9606.ENSP00000325663 0 0 0 56 157 0 42 171 
9606.ENSP00000374390 9606.ENSP00000339115 0 0 0 56 157 0 42 171 
9606.ENSP00000374390 9606.ENSP00000264670 0 0 0 278 175 0 58 389 
9606.ENSP00000374390 9606.ENSP00000216727 0 0 0 55 125 0 142 229 
9606.ENSP00000374390 9606.ENSP00000306548 0 0 0 87 134 0 68 198 
9606.ENSP00000374390 9606.ENSP00000333920 0 0 0 0 192 0 55 203 
9606.ENSP00000374390 9606.ENSP00000480158 0 0 0 64 177 0 72 222 
9606.ENSP00000374390 9606.ENSP00000478026 0 0 0 0 0 0 184 184 
9606.ENSP00000374390 9606.ENSP00000384376 0 0 0 0 175 0 58 189 
9606.ENSP00000374390 9606.ENSP00000397927 0 0 0 55 266 0 137 349 
9606.ENSP00000374390 9606.ENSP00000362027 49 0 0 230 0 0 62 253 
9606.ENSP00000374390 9606.ENSP00000419851 0 0 0 309 0 0 43 310 
9606.ENSP00000374390 9606.ENSP00000285928 43 0 0 77 186 0 63 236 
9606.ENSP00000374390 9606.ENSP00000283875 45 0 0 0 159 0 0 162 
9606.ENSP00000374390 9606.ENSP00000403172 0 0 0 64 178 0 62 215 
