9606.ENSP00000462099 9606.ENSP00000364907 0 0 0 98 0 0 221 267 
9606.ENSP00000462099 9606.ENSP00000441691 0 0 0 152 111 800 114 848 
9606.ENSP00000462099 9606.ENSP00000227065 0 0 0 0 0 0 155 155 
9606.ENSP00000462099 9606.ENSP00000418915 0 0 0 0 0 0 398 398 
9606.ENSP00000462099 9606.ENSP00000360266 0 0 0 61 0 0 147 164 
9606.ENSP00000462099 9606.ENSP00000358807 0 0 0 0 0 0 158 158 
9606.ENSP00000462099 9606.ENSP00000349252 0 0 0 141 299 800 301 904 
9606.ENSP00000462099 9606.ENSP00000429089 0 0 0 55 0 0 142 155 
9606.ENSP00000462099 9606.ENSP00000368455 0 0 0 0 0 0 324 324 
9606.ENSP00000462099 9606.ENSP00000365891 0 0 0 182 0 0 203 321 
9606.ENSP00000462099 9606.ENSP00000421275 0 0 0 0 0 0 208 208 
9606.ENSP00000462099 9606.ENSP00000439601 0 0 0 64 0 0 173 192 
9606.ENSP00000462099 9606.ENSP00000386135 0 0 0 0 0 0 429 429 
9606.ENSP00000462099 9606.ENSP00000420384 0 0 0 143 0 0 102 197 
9606.ENSP00000462099 9606.ENSP00000369217 0 0 0 0 0 0 302 302 
9606.ENSP00000462099 9606.ENSP00000369456 0 0 0 0 0 0 192 192 
9606.ENSP00000462099 9606.ENSP00000324532 0 0 0 0 0 0 161 161 
9606.ENSP00000462099 9606.ENSP00000380271 0 0 0 0 0 800 244 842 
9606.ENSP00000462099 9606.ENSP00000485526 0 0 0 61 0 0 654 662 
9606.ENSP00000462099 9606.ENSP00000357005 0 0 0 0 0 0 187 187 
9606.ENSP00000462099 9606.ENSP00000256935 0 0 0 196 0 0 297 411 
9606.ENSP00000462099 9606.ENSP00000410452 0 0 0 0 0 0 168 168 
9606.ENSP00000462099 9606.ENSP00000357012 0 0 0 152 0 0 0 152 
9606.ENSP00000462099 9606.ENSP00000228945 0 0 0 173 0 0 0 173 
9606.ENSP00000462099 9606.ENSP00000252250 0 0 0 0 0 0 166 166 
9606.ENSP00000462099 9606.ENSP00000338864 0 0 0 88 0 0 459 486 
9606.ENSP00000462099 9606.ENSP00000383118 0 0 0 0 132 0 211 285 
9606.ENSP00000462099 9606.ENSP00000249776 0 0 0 0 0 0 428 428 
9606.ENSP00000462099 9606.ENSP00000256442 0 0 0 0 0 0 237 237 
9606.ENSP00000462099 9606.ENSP00000361982 0 0 0 0 0 0 228 228 
9606.ENSP00000462099 9606.ENSP00000444136 0 0 0 0 0 0 422 422 
9606.ENSP00000462099 9606.ENSP00000252506 0 0 0 0 0 0 171 171 
9606.ENSP00000462099 9606.ENSP00000385571 0 0 0 0 130 800 113 832 
9606.ENSP00000462099 9606.ENSP00000454623 0 0 0 81 111 0 73 177 
9606.ENSP00000462099 9606.ENSP00000229812 0 0 0 0 0 0 354 354 
9606.ENSP00000462099 9606.ENSP00000391583 0 0 0 213 0 0 0 213 
9606.ENSP00000462099 9606.ENSP00000421922 0 0 0 0 0 0 441 441 
9606.ENSP00000462099 9606.ENSP00000333547 0 0 0 0 132 0 83 170 
9606.ENSP00000462099 9606.ENSP00000336630 0 0 0 88 0 0 117 160 
9606.ENSP00000462099 9606.ENSP00000371393 0 0 0 64 0 0 160 181 
9606.ENSP00000462099 9606.ENSP00000266085 0 0 0 0 0 0 194 194 
9606.ENSP00000462099 9606.ENSP00000331727 0 0 0 0 0 0 166 166 
9606.ENSP00000462099 9606.ENSP00000229395 0 0 0 0 190 0 102 242 
9606.ENSP00000462099 9606.ENSP00000380227 0 0 0 100 111 800 115 839 
9606.ENSP00000462099 9606.ENSP00000359663 0 0 0 76 0 0 181 210 
9606.ENSP00000462099 9606.ENSP00000236980 0 0 0 0 0 0 207 207 
9606.ENSP00000462099 9606.ENSP00000479870 0 0 0 151 0 0 0 151 
9606.ENSP00000462099 9606.ENSP00000364791 0 0 0 0 0 0 210 210 
9606.ENSP00000462099 9606.ENSP00000353785 0 0 0 0 0 0 153 153 
9606.ENSP00000462099 9606.ENSP00000242465 0 0 0 155 0 0 64 176 
9606.ENSP00000462099 9606.ENSP00000272519 0 0 0 0 166 0 106 222 
9606.ENSP00000462099 9606.ENSP00000276420 0 0 0 151 0 0 0 151 
9606.ENSP00000462099 9606.ENSP00000226730 0 0 0 0 0 0 166 166 
9606.ENSP00000462099 9606.ENSP00000276077 0 0 0 151 0 0 0 151 
9606.ENSP00000462099 9606.ENSP00000300574 0 0 0 0 0 0 170 170 
9606.ENSP00000462099 9606.ENSP00000327255 0 0 0 0 0 0 201 201 
9606.ENSP00000462099 9606.ENSP00000451594 0 0 0 0 0 0 418 418 
9606.ENSP00000462099 9606.ENSP00000264972 0 0 0 125 0 0 253 318 
9606.ENSP00000462099 9606.ENSP00000304604 0 0 0 0 0 0 160 160 
9606.ENSP00000462099 9606.ENSP00000198536 0 0 0 95 0 0 101 151 
9606.ENSP00000462099 9606.ENSP00000381581 0 0 0 213 0 0 138 292 
9606.ENSP00000462099 9606.ENSP00000312185 0 0 0 80 0 0 128 164 
9606.ENSP00000462099 9606.ENSP00000363371 0 0 0 0 0 0 471 471 
9606.ENSP00000462099 9606.ENSP00000394888 0 0 0 112 0 0 306 358 
9606.ENSP00000462099 9606.ENSP00000359222 0 0 0 0 0 0 163 163 
9606.ENSP00000462099 9606.ENSP00000443021 0 0 0 0 336 0 52 343 
9606.ENSP00000462099 9606.ENSP00000326031 0 0 0 0 64 800 88 814 
9606.ENSP00000462099 9606.ENSP00000357727 0 0 0 134 0 0 90 178 
9606.ENSP00000462099 9606.ENSP00000362680 0 0 0 0 0 0 292 292 
9606.ENSP00000462099 9606.ENSP00000349547 0 0 0 65 510 800 107 907 
9606.ENSP00000462099 9606.ENSP00000369286 0 0 0 179 0 0 0 179 
9606.ENSP00000462099 9606.ENSP00000484431 0 0 0 206 0 0 0 206 
9606.ENSP00000462099 9606.ENSP00000294724 0 0 0 0 511 0 0 511 
9606.ENSP00000462099 9606.ENSP00000356540 0 0 0 154 0 0 0 154 
9606.ENSP00000462099 9606.ENSP00000263334 0 0 0 0 0 0 250 250 
9606.ENSP00000462099 9606.ENSP00000285735 0 0 0 0 132 0 64 152 
9606.ENSP00000462099 9606.ENSP00000370517 0 0 0 0 0 0 207 207 
9606.ENSP00000462099 9606.ENSP00000046794 0 0 0 214 0 0 440 541 
9606.ENSP00000462099 9606.ENSP00000236147 0 0 0 150 0 0 166 260 
9606.ENSP00000462099 9606.ENSP00000465039 0 0 0 76 0 0 170 200 
9606.ENSP00000462099 9606.ENSP00000276925 0 0 0 0 0 0 165 165 
9606.ENSP00000462099 9606.ENSP00000027335 0 0 0 0 0 0 165 165 
9606.ENSP00000462099 9606.ENSP00000365811 0 0 0 0 0 0 236 236 
9606.ENSP00000462099 9606.ENSP00000210633 0 0 0 0 0 0 299 299 
9606.ENSP00000462099 9606.ENSP00000345771 0 0 0 0 0 0 211 211 
9606.ENSP00000462099 9606.ENSP00000261374 0 0 0 0 0 0 171 171 
9606.ENSP00000462099 9606.ENSP00000398698 0 0 0 134 0 0 186 264 
9606.ENSP00000462099 9606.ENSP00000351273 0 0 0 64 0 0 188 207 
9606.ENSP00000462099 9606.ENSP00000296518 0 0 0 0 0 0 291 291 
9606.ENSP00000462099 9606.ENSP00000379140 0 0 0 0 0 0 351 351 
9606.ENSP00000462099 9606.ENSP00000262958 0 0 0 146 0 0 56 159 
9606.ENSP00000462099 9606.ENSP00000358810 0 0 0 0 160 0 108 218 
9606.ENSP00000462099 9606.ENSP00000298316 0 0 0 0 132 0 167 246 
9606.ENSP00000462099 9606.ENSP00000285670 0 0 0 181 0 0 0 181 
9606.ENSP00000462099 9606.ENSP00000377380 0 0 0 158 0 0 0 158 
9606.ENSP00000462099 9606.ENSP00000308576 0 0 0 0 132 0 64 152 
9606.ENSP00000462099 9606.ENSP00000339186 0 0 0 111 0 0 214 271 
9606.ENSP00000462099 9606.ENSP00000358983 0 0 0 69 0 0 173 197 
9606.ENSP00000462099 9606.ENSP00000256953 0 0 0 0 166 0 177 284 
9606.ENSP00000462099 9606.ENSP00000379836 0 0 0 0 0 0 188 188 
9606.ENSP00000462099 9606.ENSP00000317955 0 0 0 0 265 0 70 287 
9606.ENSP00000462099 9606.ENSP00000261038 0 0 0 0 0 0 168 168 
9606.ENSP00000462099 9606.ENSP00000261890 0 0 0 0 132 0 194 271 
9606.ENSP00000462099 9606.ENSP00000272902 0 0 0 0 0 0 158 158 
9606.ENSP00000462099 9606.ENSP00000006658 0 0 0 0 0 0 204 204 
9606.ENSP00000462099 9606.ENSP00000254667 0 0 0 90 0 0 169 212 
9606.ENSP00000462099 9606.ENSP00000269305 0 0 0 0 0 0 593 593 
9606.ENSP00000462099 9606.ENSP00000301727 0 0 0 0 0 0 252 252 
9606.ENSP00000462099 9606.ENSP00000319096 0 0 0 0 235 0 138 312 
9606.ENSP00000462099 9606.ENSP00000248114 0 0 0 0 0 0 211 211 
9606.ENSP00000462099 9606.ENSP00000354927 0 0 0 0 0 0 160 160 
9606.ENSP00000462099 9606.ENSP00000340474 0 0 0 0 0 0 408 408 
9606.ENSP00000462099 9606.ENSP00000354566 0 0 0 152 0 0 49 159 
9606.ENSP00000462099 9606.ENSP00000368698 0 0 0 0 0 0 174 174 
9606.ENSP00000462099 9606.ENSP00000333779 0 0 0 213 0 0 0 213 
9606.ENSP00000462099 9606.ENSP00000296140 0 0 0 151 0 0 0 151 
9606.ENSP00000462099 9606.ENSP00000282412 0 0 0 0 0 0 396 396 
9606.ENSP00000462099 9606.ENSP00000276185 0 0 0 0 0 0 500 500 
9606.ENSP00000462099 9606.ENSP00000391209 0 0 0 0 0 0 365 365 
9606.ENSP00000462099 9606.ENSP00000359596 0 0 0 0 0 0 226 226 
9606.ENSP00000462099 9606.ENSP00000363031 0 0 0 125 0 0 103 181 
9606.ENSP00000462099 9606.ENSP00000409346 0 0 0 98 0 0 118 171 
9606.ENSP00000462099 9606.ENSP00000331462 0 0 0 0 0 0 169 169 
9606.ENSP00000462099 9606.ENSP00000415332 0 0 0 0 0 0 386 386 
9606.ENSP00000462099 9606.ENSP00000266068 0 0 0 0 0 0 160 160 
9606.ENSP00000462099 9606.ENSP00000366487 0 0 0 0 132 0 90 176 
9606.ENSP00000462099 9606.ENSP00000390020 0 0 0 150 0 0 0 150 
9606.ENSP00000462099 9606.ENSP00000361021 0 0 0 59 0 0 197 212 
9606.ENSP00000462099 9606.ENSP00000420686 0 0 0 0 0 0 189 189 
9606.ENSP00000462099 9606.ENSP00000275493 0 0 0 0 0 0 186 186 
9606.ENSP00000462099 9606.ENSP00000377075 0 0 0 0 0 0 342 342 
9606.ENSP00000462099 9606.ENSP00000356231 0 0 0 0 686 0 0 686 
9606.ENSP00000462099 9606.ENSP00000433277 0 0 0 151 0 0 0 151 
9606.ENSP00000462099 9606.ENSP00000365411 0 0 0 152 0 0 771 798 
9606.ENSP00000462099 9606.ENSP00000385450 0 0 0 0 0 0 190 190 
9606.ENSP00000462099 9606.ENSP00000480499 0 0 0 0 379 0 148 448 
9606.ENSP00000462099 9606.ENSP00000362946 0 0 0 0 132 0 74 161 
9606.ENSP00000462099 9606.ENSP00000356033 0 0 0 214 0 0 50 221 
9606.ENSP00000462099 9606.ENSP00000249071 0 0 0 193 132 0 190 383 
9606.ENSP00000462099 9606.ENSP00000303394 0 0 0 0 0 0 386 386 
9606.ENSP00000462099 9606.ENSP00000300086 0 0 0 0 379 0 135 440 
9606.ENSP00000462099 9606.ENSP00000384491 0 0 0 61 0 0 441 452 
9606.ENSP00000462099 9606.ENSP00000377867 0 0 0 79 0 0 149 182 
9606.ENSP00000462099 9606.ENSP00000474230 0 0 0 0 165 0 0 165 
9606.ENSP00000462099 9606.ENSP00000379350 0 0 0 0 0 800 86 809 
9606.ENSP00000462099 9606.ENSP00000420211 0 0 0 0 0 0 219 219 
9606.ENSP00000462099 9606.ENSP00000393511 0 0 0 0 0 0 209 209 
9606.ENSP00000462099 9606.ENSP00000216127 0 0 0 0 165 0 0 165 
9606.ENSP00000462099 9606.ENSP00000198767 0 0 0 0 0 0 317 317 
9606.ENSP00000462099 9606.ENSP00000256366 0 0 0 0 0 0 472 472 
9606.ENSP00000462099 9606.ENSP00000417207 0 0 0 0 0 0 311 311 
9606.ENSP00000462099 9606.ENSP00000381607 0 0 0 0 0 0 218 218 
9606.ENSP00000462099 9606.ENSP00000324890 0 0 0 70 0 0 206 230 
9606.ENSP00000462099 9606.ENSP00000259607 0 0 0 0 0 0 400 400 
9606.ENSP00000462099 9606.ENSP00000238738 0 0 0 0 132 0 86 173 
9606.ENSP00000462099 9606.ENSP00000483621 0 0 0 0 0 0 233 233 
9606.ENSP00000462099 9606.ENSP00000295087 0 0 0 0 132 0 67 155 
9606.ENSP00000462099 9606.ENSP00000363921 0 0 0 0 0 0 177 177 
9606.ENSP00000462099 9606.ENSP00000355652 0 0 0 0 132 0 71 159 
9606.ENSP00000462099 9606.ENSP00000344488 0 0 0 0 0 0 258 258 
9606.ENSP00000462099 9606.ENSP00000360425 0 0 0 0 0 0 197 197 
9606.ENSP00000462099 9606.ENSP00000325836 0 0 0 0 165 0 0 165 
9606.ENSP00000462099 9606.ENSP00000380150 0 0 0 92 0 0 185 228 
9606.ENSP00000462099 9606.ENSP00000239440 0 0 0 0 0 0 258 258 
9606.ENSP00000462099 9606.ENSP00000226574 0 0 0 88 0 0 188 228 
9606.ENSP00000462099 9606.ENSP00000264661 0 0 0 0 0 0 157 157 
9606.ENSP00000462099 9606.ENSP00000364519 0 0 0 0 0 0 182 182 
9606.ENSP00000462099 9606.ENSP00000303939 0 0 0 88 0 0 198 237 
9606.ENSP00000462099 9606.ENSP00000370889 0 0 0 140 0 0 162 248 
9606.ENSP00000462099 9606.ENSP00000360431 0 0 0 0 0 0 165 165 
9606.ENSP00000462099 9606.ENSP00000398410 0 0 0 0 0 0 222 222 
9606.ENSP00000462099 9606.ENSP00000231749 0 74 0 0 0 0 210 238 
9606.ENSP00000462099 9606.ENSP00000267584 0 0 0 0 0 0 341 341 
9606.ENSP00000462099 9606.ENSP00000400175 0 0 0 0 132 0 221 294 
9606.ENSP00000462099 9606.ENSP00000329797 0 0 0 0 0 0 164 164 
9606.ENSP00000462099 9606.ENSP00000329127 0 0 0 76 0 0 149 180 
9606.ENSP00000462099 9606.ENSP00000291823 0 0 0 0 74 800 0 806 
9606.ENSP00000462099 9606.ENSP00000319279 0 0 0 0 0 0 230 230 
9606.ENSP00000462099 9606.ENSP00000384053 0 0 0 213 0 0 0 213 
9606.ENSP00000462099 9606.ENSP00000453508 0 0 0 0 0 0 199 199 
9606.ENSP00000462099 9606.ENSP00000005587 0 0 0 63 0 0 278 294 
9606.ENSP00000462099 9606.ENSP00000365730 0 0 0 79 0 0 292 320 
9606.ENSP00000462099 9606.ENSP00000294964 0 0 0 0 0 0 163 163 
9606.ENSP00000462099 9606.ENSP00000296859 0 0 0 0 0 0 287 287 
9606.ENSP00000462099 9606.ENSP00000316029 0 0 0 0 0 0 444 444 
9606.ENSP00000462099 9606.ENSP00000367851 0 0 0 153 0 0 0 153 
9606.ENSP00000462099 9606.ENSP00000340274 0 0 0 0 166 0 162 271 
9606.ENSP00000462099 9606.ENSP00000357123 0 0 0 154 0 0 44 156 
9606.ENSP00000462099 9606.ENSP00000258416 0 0 0 0 0 0 335 335 
9606.ENSP00000462099 9606.ENSP00000384849 0 0 0 0 0 0 481 481 
9606.ENSP00000462099 9606.ENSP00000304697 0 0 0 0 181 0 0 181 
9606.ENSP00000462099 9606.ENSP00000258787 0 0 0 151 0 0 0 151 
9606.ENSP00000462099 9606.ENSP00000272217 0 0 0 59 132 0 57 162 
9606.ENSP00000462099 9606.ENSP00000392395 0 0 0 0 0 0 266 266 
9606.ENSP00000462099 9606.ENSP00000291700 0 0 0 0 0 0 205 205 
9606.ENSP00000462099 9606.ENSP00000357231 0 0 0 65 0 0 254 273 
9606.ENSP00000462099 9606.ENSP00000358016 0 0 0 0 0 0 188 188 
9606.ENSP00000462099 9606.ENSP00000401010 0 0 0 0 0 0 181 181 
9606.ENSP00000462099 9606.ENSP00000284154 0 0 0 129 0 0 74 158 
9606.ENSP00000462099 9606.ENSP00000363668 0 0 0 61 129 0 183 273 
9606.ENSP00000462099 9606.ENSP00000427772 0 0 0 0 0 0 224 224 
9606.ENSP00000462099 9606.ENSP00000367545 0 0 0 0 0 0 252 252 
9606.ENSP00000462099 9606.ENSP00000303315 0 0 0 88 0 0 204 243 
9606.ENSP00000462099 9606.ENSP00000324729 0 0 0 0 569 0 585 813 
9606.ENSP00000462099 9606.ENSP00000300131 0 0 0 0 0 0 230 230 
9606.ENSP00000462099 9606.ENSP00000338671 0 0 0 0 132 0 157 237 
9606.ENSP00000462099 9606.ENSP00000353259 0 0 0 152 0 0 58 167 
9606.ENSP00000462099 9606.ENSP00000264360 0 0 0 0 0 0 202 202 
9606.ENSP00000462099 9606.ENSP00000354085 0 0 0 0 0 0 167 167 
9606.ENSP00000462099 9606.ENSP00000232375 0 0 0 0 0 0 247 247 
9606.ENSP00000462099 9606.ENSP00000371194 0 0 0 165 0 0 56 178 
9606.ENSP00000462099 9606.ENSP00000274376 0 0 0 0 0 0 200 200 
9606.ENSP00000462099 9606.ENSP00000251646 0 0 0 0 0 0 157 157 
9606.ENSP00000462099 9606.ENSP00000220772 0 0 0 0 0 0 186 186 
9606.ENSP00000462099 9606.ENSP00000364270 0 0 0 0 0 0 416 416 
9606.ENSP00000462099 9606.ENSP00000356920 0 0 0 0 0 0 150 150 
9606.ENSP00000462099 9606.ENSP00000215631 0 0 0 65 0 0 132 154 
9606.ENSP00000462099 9606.ENSP00000468002 0 0 0 0 0 0 230 230 
9606.ENSP00000462099 9606.ENSP00000261435 0 0 0 0 0 0 308 308 
9606.ENSP00000462099 9606.ENSP00000248706 0 0 0 0 165 0 0 165 
9606.ENSP00000462099 9606.ENSP00000349359 0 0 0 289 0 0 0 289 
9606.ENSP00000462099 9606.ENSP00000255006 0 0 0 0 0 0 269 269 
9606.ENSP00000462099 9606.ENSP00000370021 0 0 0 0 0 0 165 165 
9606.ENSP00000462099 9606.ENSP00000262120 0 0 0 0 0 0 215 215 
9606.ENSP00000462099 9606.ENSP00000286355 0 0 0 49 0 0 173 179 
9606.ENSP00000462099 9606.ENSP00000266970 0 0 0 0 87 0 143 184 
9606.ENSP00000462099 9606.ENSP00000264316 0 0 0 89 0 0 122 167 
9606.ENSP00000462099 9606.ENSP00000443319 0 0 0 0 0 0 211 211 
9606.ENSP00000462099 9606.ENSP00000358022 0 0 0 0 0 0 182 182 
9606.ENSP00000462099 9606.ENSP00000265171 0 0 0 63 0 0 152 171 
9606.ENSP00000462099 9606.ENSP00000259371 0 0 0 0 0 0 171 171 
9606.ENSP00000462099 9606.ENSP00000335655 0 0 0 0 0 0 218 218 
9606.ENSP00000462099 9606.ENSP00000317000 0 0 0 0 0 0 150 150 
9606.ENSP00000462099 9606.ENSP00000307292 0 0 0 0 0 0 251 251 
9606.ENSP00000462099 9606.ENSP00000378845 0 0 0 65 0 0 143 164 
9606.ENSP00000462099 9606.ENSP00000389103 0 0 0 0 0 0 227 227 
9606.ENSP00000462099 9606.ENSP00000443654 0 0 0 169 0 0 0 169 
9606.ENSP00000462099 9606.ENSP00000311032 0 0 0 0 0 0 247 247 
9606.ENSP00000462099 9606.ENSP00000350071 0 0 0 55 218 0 66 250 
9606.ENSP00000462099 9606.ENSP00000354884 0 0 0 61 0 0 364 377 
9606.ENSP00000462099 9606.ENSP00000368710 0 0 0 72 510 0 312 660 
9606.ENSP00000462099 9606.ENSP00000310094 0 0 0 61 0 0 156 174 
9606.ENSP00000462099 9606.ENSP00000482128 0 0 0 0 0 0 263 263 
9606.ENSP00000462099 9606.ENSP00000229002 0 0 0 0 165 0 0 165 
9606.ENSP00000462099 9606.ENSP00000334851 0 0 0 0 0 0 190 190 
9606.ENSP00000462099 9606.ENSP00000412886 0 0 0 0 0 0 174 174 
9606.ENSP00000462099 9606.ENSP00000246115 0 0 0 179 0 0 0 179 
9606.ENSP00000462099 9606.ENSP00000308461 0 0 0 0 132 0 142 223 
9606.ENSP00000462099 9606.ENSP00000257904 0 0 0 0 185 0 112 246 
9606.ENSP00000462099 9606.ENSP00000292303 0 0 0 139 0 0 55 151 
9606.ENSP00000462099 9606.ENSP00000267257 0 0 0 0 0 0 210 210 
9606.ENSP00000462099 9606.ENSP00000264192 0 0 0 213 0 0 83 247 
9606.ENSP00000462099 9606.ENSP00000427926 0 0 0 0 132 0 85 171 
9606.ENSP00000462099 9606.ENSP00000341412 0 0 0 0 0 0 173 173 
9606.ENSP00000462099 9606.ENSP00000363516 0 0 0 0 0 0 197 197 
9606.ENSP00000462099 9606.ENSP00000359497 0 0 0 125 0 0 81 162 
9606.ENSP00000462099 9606.ENSP00000464145 0 0 0 0 0 0 168 168 
9606.ENSP00000462099 9606.ENSP00000310406 0 0 0 0 0 0 294 294 
9606.ENSP00000462099 9606.ENSP00000294507 0 0 0 222 0 0 158 317 
9606.ENSP00000462099 9606.ENSP00000339916 0 0 0 0 0 0 217 217 
9606.ENSP00000462099 9606.ENSP00000355991 0 0 0 151 0 0 0 151 
9606.ENSP00000462099 9606.ENSP00000263918 0 0 0 55 214 0 88 264 
9606.ENSP00000462099 9606.ENSP00000269848 0 0 0 0 0 0 211 211 
9606.ENSP00000462099 9606.ENSP00000296755 0 0 0 0 379 0 428 629 
9606.ENSP00000462099 9606.ENSP00000369081 0 0 0 0 0 0 206 206 
9606.ENSP00000462099 9606.ENSP00000417480 0 0 0 0 0 0 416 416 
9606.ENSP00000462099 9606.ENSP00000339136 0 0 0 0 166 0 49 172 
9606.ENSP00000462099 9606.ENSP00000269701 0 0 0 0 0 0 223 223 
9606.ENSP00000462099 9606.ENSP00000271277 0 0 0 0 106 0 96 157 
9606.ENSP00000462099 9606.ENSP00000329967 0 3 0 0 0 0 198 198 
9606.ENSP00000462099 9606.ENSP00000417273 0 0 0 63 0 0 210 228 
9606.ENSP00000462099 9606.ENSP00000234313 0 0 0 213 0 0 250 384 
9606.ENSP00000462099 9606.ENSP00000339467 0 0 0 65 132 0 58 168 
9606.ENSP00000462099 9606.ENSP00000391592 0 0 0 152 0 0 0 152 
9606.ENSP00000462099 9606.ENSP00000321427 0 0 0 0 0 0 187 187 
9606.ENSP00000462099 9606.ENSP00000264832 0 0 0 71 0 0 381 400 
9606.ENSP00000462099 9606.ENSP00000351327 0 0 0 0 0 0 160 160 
9606.ENSP00000462099 9606.ENSP00000368759 0 0 0 0 0 0 167 167 
9606.ENSP00000462099 9606.ENSP00000346560 0 0 0 0 106 0 96 157 
9606.ENSP00000462099 9606.ENSP00000245932 0 0 0 62 0 0 290 306 
9606.ENSP00000462099 9606.ENSP00000385824 0 0 0 0 0 0 198 198 
9606.ENSP00000462099 9606.ENSP00000354040 0 0 0 0 0 0 290 290 
9606.ENSP00000462099 9606.ENSP00000331748 0 0 0 0 166 0 69 190 
9606.ENSP00000462099 9606.ENSP00000368824 0 0 0 0 0 0 262 262 
9606.ENSP00000462099 9606.ENSP00000382783 0 0 0 0 0 0 177 177 
9606.ENSP00000462099 9606.ENSP00000256196 0 0 0 0 491 800 337 926 
9606.ENSP00000462099 9606.ENSP00000380948 0 0 0 214 0 800 364 891 
9606.ENSP00000462099 9606.ENSP00000404503 0 0 0 0 0 0 230 230 
9606.ENSP00000462099 9606.ENSP00000339692 0 0 0 49 510 0 268 629 
9606.ENSP00000462099 9606.ENSP00000268613 0 0 0 0 0 0 323 323 
9606.ENSP00000462099 9606.ENSP00000378015 0 0 0 0 0 0 239 239 
9606.ENSP00000462099 9606.ENSP00000227507 0 0 0 0 0 0 210 210 
9606.ENSP00000462099 9606.ENSP00000368752 0 0 0 0 0 0 197 197 
9606.ENSP00000462099 9606.ENSP00000379366 0 0 0 49 166 0 448 524 
9606.ENSP00000462099 9606.ENSP00000362748 0 0 0 0 0 0 411 411 
9606.ENSP00000462099 9606.ENSP00000415283 0 0 0 61 0 0 205 221 
9606.ENSP00000462099 9606.ENSP00000370057 0 0 0 0 0 0 177 177 
9606.ENSP00000462099 9606.ENSP00000330341 0 0 0 0 0 0 171 171 
9606.ENSP00000462099 9606.ENSP00000309163 0 0 0 49 0 0 402 407 
9606.ENSP00000462099 9606.ENSP00000361120 0 0 0 65 0 0 572 582 
9606.ENSP00000462099 9606.ENSP00000355961 0 0 0 0 0 0 347 347 
9606.ENSP00000462099 9606.ENSP00000434033 0 0 0 0 0 0 421 421 
9606.ENSP00000462099 9606.ENSP00000233154 0 0 0 63 0 0 236 253 
9606.ENSP00000462099 9606.ENSP00000262646 0 0 0 0 132 0 75 162 
9606.ENSP00000462099 9606.ENSP00000376943 0 0 0 0 0 0 163 163 
9606.ENSP00000462099 9606.ENSP00000301068 0 0 0 0 165 0 0 165 
9606.ENSP00000462099 9606.ENSP00000437550 0 0 0 0 0 0 563 563 
9606.ENSP00000462099 9606.ENSP00000356992 0 0 0 214 0 0 0 214 
9606.ENSP00000462099 9606.ENSP00000440365 0 0 0 0 0 0 171 171 
9606.ENSP00000462099 9606.ENSP00000359045 0 0 0 157 0 0 95 205 
9606.ENSP00000462099 9606.ENSP00000372035 0 0 0 0 0 0 391 391 
9606.ENSP00000462099 9606.ENSP00000351697 0 0 0 0 0 0 246 246 
9606.ENSP00000462099 9606.ENSP00000395708 0 0 0 0 0 800 314 857 
9606.ENSP00000462099 9606.ENSP00000260283 0 0 0 0 0 0 220 220 
9606.ENSP00000462099 9606.ENSP00000356985 0 0 0 0 0 0 376 376 
9606.ENSP00000462099 9606.ENSP00000216101 0 0 0 0 165 0 0 165 
9606.ENSP00000462099 9606.ENSP00000364631 0 0 0 155 0 0 50 162 
9606.ENSP00000462099 9606.ENSP00000391524 0 0 0 0 0 0 319 319 
9606.ENSP00000462099 9606.ENSP00000379364 0 0 0 49 166 0 345 435 
9606.ENSP00000462099 9606.ENSP00000225538 0 0 0 152 0 0 0 152 
9606.ENSP00000462099 9606.ENSP00000359206 0 0 0 0 379 0 139 442 
9606.ENSP00000462099 9606.ENSP00000351015 0 0 0 0 0 0 185 185 
9606.ENSP00000462099 9606.ENSP00000303709 0 0 0 0 0 0 240 240 
9606.ENSP00000462099 9606.ENSP00000260526 0 0 0 62 0 0 173 191 
9606.ENSP00000462099 9606.ENSP00000432016 0 0 0 0 0 0 167 167 
9606.ENSP00000462099 9606.ENSP00000362994 0 0 0 142 58 0 50 165 
9606.ENSP00000462099 9606.ENSP00000369921 0 0 0 61 0 0 222 238 
9606.ENSP00000462099 9606.ENSP00000302046 0 0 0 175 0 0 0 175 
9606.ENSP00000462099 9606.ENSP00000357564 0 0 0 0 0 0 163 163 
9606.ENSP00000462099 9606.ENSP00000344403 0 0 0 0 0 0 249 249 
9606.ENSP00000462099 9606.ENSP00000262187 0 0 0 0 166 0 116 231 
9606.ENSP00000462099 9606.ENSP00000307860 0 0 0 0 0 0 242 242 
9606.ENSP00000462099 9606.ENSP00000338171 0 0 0 76 0 0 809 817 
9606.ENSP00000462099 9606.ENSP00000361892 0 0 0 72 979 800 594 998 
9606.ENSP00000462099 9606.ENSP00000378359 0 0 0 0 102 0 93 151 
9606.ENSP00000462099 9606.ENSP00000268638 0 0 0 175 0 0 59 191 
9606.ENSP00000462099 9606.ENSP00000381070 0 0 0 0 0 0 212 212 
9606.ENSP00000462099 9606.ENSP00000339933 0 0 0 0 0 0 201 201 
9606.ENSP00000462099 9606.ENSP00000217131 0 0 0 98 0 0 138 189 
9606.ENSP00000462099 9606.ENSP00000227752 0 0 0 213 0 0 58 226 
9606.ENSP00000462099 9606.ENSP00000483570 0 0 0 183 0 0 41 183 
9606.ENSP00000462099 9606.ENSP00000179259 0 0 0 0 0 0 257 257 
9606.ENSP00000462099 9606.ENSP00000361518 0 0 0 0 0 0 221 221 
9606.ENSP00000462099 9606.ENSP00000441543 0 0 0 0 181 0 0 181 
9606.ENSP00000462099 9606.ENSP00000407586 0 0 0 0 841 800 584 985 
9606.ENSP00000462099 9606.ENSP00000370697 0 0 0 151 0 0 0 151 
9606.ENSP00000462099 9606.ENSP00000430344 0 0 0 0 0 0 163 163 
9606.ENSP00000462099 9606.ENSP00000370527 0 0 0 0 0 0 197 197 
9606.ENSP00000462099 9606.ENSP00000241463 0 0 0 0 165 0 0 165 
9606.ENSP00000462099 9606.ENSP00000382800 0 0 0 118 0 0 211 274 
9606.ENSP00000462099 9606.ENSP00000346300 0 0 0 0 0 0 207 207 
9606.ENSP00000462099 9606.ENSP00000220062 0 0 0 0 165 0 0 165 
9606.ENSP00000462099 9606.ENSP00000360020 0 0 0 0 166 0 69 190 
9606.ENSP00000462099 9606.ENSP00000353850 0 0 0 0 0 0 161 161 
9606.ENSP00000462099 9606.ENSP00000246792 0 0 0 0 422 800 397 924 
9606.ENSP00000462099 9606.ENSP00000354398 0 0 0 89 0 0 175 216 
9606.ENSP00000462099 9606.ENSP00000357305 0 0 0 0 165 0 0 165 
9606.ENSP00000462099 9606.ENSP00000263904 0 0 0 0 0 0 177 177 
9606.ENSP00000462099 9606.ENSP00000373684 0 0 0 0 0 0 299 299 
9606.ENSP00000462099 9606.ENSP00000297596 0 0 0 0 165 0 0 165 
9606.ENSP00000462099 9606.ENSP00000371219 0 0 0 88 132 0 121 244 
9606.ENSP00000462099 9606.ENSP00000357268 0 0 0 98 0 0 215 261 
9606.ENSP00000462099 9606.ENSP00000217289 0 0 0 0 0 0 212 212 
9606.ENSP00000462099 9606.ENSP00000304127 0 0 0 0 0 0 226 226 
9606.ENSP00000462099 9606.ENSP00000320563 0 0 0 177 0 0 0 177 
9606.ENSP00000462099 9606.ENSP00000265191 0 0 0 0 0 0 243 243 
9606.ENSP00000462099 9606.ENSP00000262518 0 0 0 0 0 0 245 245 
9606.ENSP00000462099 9606.ENSP00000361540 0 0 0 0 0 0 246 246 
9606.ENSP00000462099 9606.ENSP00000264431 0 0 0 0 0 0 261 261 
9606.ENSP00000462099 9606.ENSP00000292430 0 0 0 0 0 0 206 206 
9606.ENSP00000462099 9606.ENSP00000218249 0 0 0 0 0 0 227 227 
9606.ENSP00000462099 9606.ENSP00000435233 0 0 0 0 0 0 184 184 
9606.ENSP00000462099 9606.ENSP00000295951 0 0 0 0 121 0 89 164 
9606.ENSP00000462099 9606.ENSP00000187762 0 0 0 0 0 0 442 442 
9606.ENSP00000462099 9606.ENSP00000331614 0 0 0 213 0 0 86 249 
9606.ENSP00000462099 9606.ENSP00000171757 0 0 0 161 0 0 0 161 
9606.ENSP00000462099 9606.ENSP00000262629 0 0 0 139 0 0 73 167 
9606.ENSP00000462099 9606.ENSP00000341779 0 0 0 0 64 800 70 810 
9606.ENSP00000462099 9606.ENSP00000251849 0 0 0 0 0 0 272 272 
9606.ENSP00000462099 9606.ENSP00000483313 0 0 0 0 0 0 278 278 
9606.ENSP00000462099 9606.ENSP00000370737 0 0 0 0 0 0 175 175 
9606.ENSP00000462099 9606.ENSP00000228434 0 0 0 152 0 0 105 208 
9606.ENSP00000462099 9606.ENSP00000290691 0 0 0 69 0 0 250 272 
9606.ENSP00000462099 9606.ENSP00000329418 0 0 0 60 0 0 161 177 
9606.ENSP00000462099 9606.ENSP00000274026 0 0 0 0 0 0 222 222 
9606.ENSP00000462099 9606.ENSP00000306900 0 0 0 0 0 0 153 153 
9606.ENSP00000462099 9606.ENSP00000356042 0 0 0 0 0 0 153 153 
9606.ENSP00000462099 9606.ENSP00000368880 0 0 0 0 0 0 188 188 
9606.ENSP00000462099 9606.ENSP00000325313 0 0 0 0 316 0 617 727 
9606.ENSP00000462099 9606.ENSP00000009105 0 0 0 0 0 0 223 223 
9606.ENSP00000462099 9606.ENSP00000315410 0 0 0 0 0 0 189 189 
9606.ENSP00000462099 9606.ENSP00000280236 0 0 0 0 0 0 448 448 
9606.ENSP00000462099 9606.ENSP00000405338 0 0 0 117 0 0 92 165 
9606.ENSP00000462099 9606.ENSP00000358571 0 0 0 0 400 800 100 882 
9606.ENSP00000462099 9606.ENSP00000358490 0 0 0 152 0 0 80 186 
9606.ENSP00000462099 9606.ENSP00000308597 0 0 0 0 0 0 197 197 
9606.ENSP00000462099 9606.ENSP00000235372 0 0 0 0 0 0 216 216 
9606.ENSP00000462099 9606.ENSP00000478927 0 0 0 0 0 0 309 309 
9606.ENSP00000462099 9606.ENSP00000418081 0 0 0 0 0 0 160 160 
9606.ENSP00000462099 9606.ENSP00000257570 0 0 0 69 127 0 0 152 
9606.ENSP00000462099 9606.ENSP00000451828 0 0 0 57 0 0 307 318 
9606.ENSP00000462099 9606.ENSP00000365576 0 0 0 0 203 0 0 203 
9606.ENSP00000462099 9606.ENSP00000009530 0 0 0 111 0 0 95 161 
9606.ENSP00000462099 9606.ENSP00000217133 0 0 0 88 0 0 107 151 
9606.ENSP00000462099 9606.ENSP00000321805 0 0 0 0 165 0 0 165 
9606.ENSP00000462099 9606.ENSP00000384136 0 0 0 0 0 0 161 161 
9606.ENSP00000462099 9606.ENSP00000229239 0 0 0 0 0 0 161 161 
9606.ENSP00000462099 9606.ENSP00000337501 0 0 0 0 0 0 161 161 
9606.ENSP00000462099 9606.ENSP00000258149 0 0 0 0 400 800 266 904 
9606.ENSP00000462099 9606.ENSP00000308815 0 0 0 0 0 0 161 161 
9606.ENSP00000462099 9606.ENSP00000348461 0 0 0 0 132 0 66 154 
9606.ENSP00000462099 9606.ENSP00000385461 0 0 0 0 0 0 167 167 
9606.ENSP00000462099 9606.ENSP00000377833 0 0 0 0 0 0 498 498 
9606.ENSP00000462099 9606.ENSP00000294728 0 0 0 0 0 0 161 161 
9606.ENSP00000462099 9606.ENSP00000376345 0 0 0 0 0 0 160 160 
9606.ENSP00000462099 9606.ENSP00000353408 0 0 0 0 0 0 153 153 
9606.ENSP00000462099 9606.ENSP00000255608 0 0 0 0 0 0 232 232 
9606.ENSP00000462099 9606.ENSP00000264424 0 0 0 0 0 0 208 208 
9606.ENSP00000462099 9606.ENSP00000381958 0 0 0 0 0 0 163 163 
9606.ENSP00000462099 9606.ENSP00000348888 0 0 0 0 0 0 160 160 
9606.ENSP00000462099 9606.ENSP00000331532 0 0 0 0 0 0 187 187 
9606.ENSP00000462099 9606.ENSP00000358541 0 0 0 0 155 0 66 177 
9606.ENSP00000462099 9606.ENSP00000477815 0 0 0 77 0 0 148 180 
9606.ENSP00000462099 9606.ENSP00000316543 0 0 0 0 0 0 558 558 
9606.ENSP00000462099 9606.ENSP00000258145 0 0 0 0 0 0 205 205 
9606.ENSP00000462099 9606.ENSP00000382004 0 0 0 0 0 0 178 178 
9606.ENSP00000462099 9606.ENSP00000315702 0 0 0 0 173 0 67 195 
9606.ENSP00000462099 9606.ENSP00000232219 0 0 0 0 0 0 156 156 
9606.ENSP00000462099 9606.ENSP00000354932 0 0 0 175 0 0 0 175 
9606.ENSP00000462099 9606.ENSP00000368215 0 0 0 0 0 0 161 161 
9606.ENSP00000462099 9606.ENSP00000255465 0 0 0 0 0 0 258 258 
9606.ENSP00000462099 9606.ENSP00000356047 0 0 0 0 0 0 389 389 
9606.ENSP00000462099 9606.ENSP00000301480 0 0 0 0 0 0 194 194 
9606.ENSP00000462099 9606.ENSP00000265734 0 0 0 0 185 0 166 291 
9606.ENSP00000462099 9606.ENSP00000472929 0 0 0 116 0 0 401 448 
9606.ENSP00000462099 9606.ENSP00000332296 0 0 0 0 0 0 284 284 
9606.ENSP00000462099 9606.ENSP00000228463 0 0 0 166 0 0 82 201 
9606.ENSP00000462099 9606.ENSP00000228347 0 0 0 0 0 0 430 430 
9606.ENSP00000462099 9606.ENSP00000246551 0 0 0 151 0 0 0 151 
9606.ENSP00000462099 9606.ENSP00000360916 0 0 0 51 0 0 216 224 
9606.ENSP00000462099 9606.ENSP00000316176 0 0 0 0 0 0 179 179 
9606.ENSP00000462099 9606.ENSP00000304802 0 0 0 0 0 0 420 420 
9606.ENSP00000462099 9606.ENSP00000266659 0 0 0 65 0 0 161 182 
9606.ENSP00000462099 9606.ENSP00000341198 0 0 0 0 0 0 218 218 
9606.ENSP00000462099 9606.ENSP00000273375 0 0 0 0 0 0 240 240 
9606.ENSP00000462099 9606.ENSP00000261875 0 0 0 0 0 0 173 173 
9606.ENSP00000462099 9606.ENSP00000332049 0 0 0 177 0 0 53 187 
9606.ENSP00000462099 9606.ENSP00000363330 0 0 0 213 0 0 0 213 
9606.ENSP00000462099 9606.ENSP00000332164 0 0 0 0 0 0 167 167 
9606.ENSP00000462099 9606.ENSP00000446101 0 0 0 0 0 0 384 384 
9606.ENSP00000462099 9606.ENSP00000295095 0 0 0 97 0 0 136 187 
9606.ENSP00000462099 9606.ENSP00000356505 0 0 0 179 0 0 0 179 
9606.ENSP00000462099 9606.ENSP00000201979 0 0 0 0 166 0 517 579 
9606.ENSP00000462099 9606.ENSP00000342858 0 0 0 0 0 0 154 154 
9606.ENSP00000462099 9606.ENSP00000440005 0 0 0 0 132 0 64 152 
9606.ENSP00000462099 9606.ENSP00000272771 0 0 0 0 0 0 165 165 
9606.ENSP00000462099 9606.ENSP00000306190 0 0 0 143 0 0 101 196 
9606.ENSP00000462099 9606.ENSP00000320176 0 0 0 210 0 0 0 210 
9606.ENSP00000462099 9606.ENSP00000263025 0 0 0 0 0 0 171 171 
9606.ENSP00000462099 9606.ENSP00000418960 0 0 0 0 0 0 187 187 
9606.ENSP00000462099 9606.ENSP00000227163 0 0 0 185 0 0 0 185 
9606.ENSP00000462099 9606.ENSP00000301281 0 0 0 0 0 0 188 188 
9606.ENSP00000462099 9606.ENSP00000414287 0 0 0 0 510 0 370 678 
9606.ENSP00000462099 9606.ENSP00000256682 0 0 0 0 132 0 88 174 
9606.ENSP00000462099 9606.ENSP00000422591 0 0 0 0 0 0 188 188 
9606.ENSP00000462099 9606.ENSP00000364145 0 0 0 0 0 0 247 247 
9606.ENSP00000462099 9606.ENSP00000380334 0 0 0 213 0 0 0 213 
9606.ENSP00000462099 9606.ENSP00000333568 0 0 0 0 0 0 187 187 
9606.ENSP00000462099 9606.ENSP00000364749 0 0 0 0 165 0 0 165 
9606.ENSP00000462099 9606.ENSP00000274255 0 0 0 0 142 0 93 188 
9606.ENSP00000462099 9606.ENSP00000328547 0 0 0 0 0 0 230 230 
9606.ENSP00000462099 9606.ENSP00000299759 0 0 0 0 166 0 56 179 
9606.ENSP00000462099 9606.ENSP00000398495 0 0 0 0 0 0 170 170 
9606.ENSP00000462099 9606.ENSP00000378769 0 0 0 0 64 800 47 806 
9606.ENSP00000462099 9606.ENSP00000375777 0 0 0 55 152 0 66 186 
9606.ENSP00000462099 9606.ENSP00000253814 0 0 0 0 0 0 160 160 
9606.ENSP00000462099 9606.ENSP00000228872 0 0 0 0 0 0 169 169 
9606.ENSP00000462099 9606.ENSP00000359504 0 0 0 77 0 0 137 170 
9606.ENSP00000462099 9606.ENSP00000370625 0 0 0 0 0 0 402 402 
9606.ENSP00000462099 9606.ENSP00000327145 0 0 0 0 511 0 63 522 
9606.ENSP00000462099 9606.ENSP00000385083 0 0 0 0 0 0 162 162 
9606.ENSP00000462099 9606.ENSP00000273261 0 0 0 0 0 0 178 178 
9606.ENSP00000462099 9606.ENSP00000419000 0 0 0 0 0 0 345 345 
9606.ENSP00000462099 9606.ENSP00000286827 0 0 0 0 0 0 366 366 
9606.ENSP00000462099 9606.ENSP00000284818 0 0 0 97 0 0 100 152 
9606.ENSP00000462099 9606.ENSP00000375960 0 0 0 0 0 0 447 447 
9606.ENSP00000462099 9606.ENSP00000342181 0 0 0 0 0 0 211 211 
9606.ENSP00000462099 9606.ENSP00000453302 0 0 0 153 0 0 0 153 
9606.ENSP00000462099 9606.ENSP00000316729 0 0 0 0 132 0 68 156 
9606.ENSP00000462099 9606.ENSP00000243189 0 0 0 0 0 0 201 201 
9606.ENSP00000462099 9606.ENSP00000256078 0 0 0 0 565 800 548 957 
9606.ENSP00000462099 9606.ENSP00000240617 0 0 0 0 0 0 219 219 
9606.ENSP00000462099 9606.ENSP00000262662 0 0 0 0 0 0 171 171 
9606.ENSP00000462099 9606.ENSP00000019317 0 0 0 0 0 0 330 330 
9606.ENSP00000462099 9606.ENSP00000326261 0 0 0 0 0 0 153 153 
9606.ENSP00000462099 9606.ENSP00000337825 0 0 0 83 0 0 249 282 
9606.ENSP00000462099 9606.ENSP00000341905 0 0 0 214 0 0 0 214 
9606.ENSP00000462099 9606.ENSP00000425048 0 0 0 0 0 0 165 165 
9606.ENSP00000462099 9606.ENSP00000359424 0 0 0 0 0 0 174 174 
9606.ENSP00000462099 9606.ENSP00000219150 0 0 0 200 0 0 187 322 
9606.ENSP00000462099 9606.ENSP00000364649 0 0 0 0 0 0 169 169 
9606.ENSP00000462099 9606.ENSP00000310244 0 0 0 71 0 0 267 289 
9606.ENSP00000462099 9606.ENSP00000376652 0 0 0 78 0 0 140 174 
9606.ENSP00000462099 9606.ENSP00000347730 0 0 0 0 0 0 436 436 
9606.ENSP00000462099 9606.ENSP00000479618 0 0 0 0 0 0 237 237 
9606.ENSP00000462099 9606.ENSP00000244007 0 0 0 0 0 0 194 194 
9606.ENSP00000462099 9606.ENSP00000294066 0 0 0 61 0 0 175 192 
9606.ENSP00000462099 9606.ENSP00000384537 0 0 0 0 0 0 164 164 
9606.ENSP00000462099 9606.ENSP00000427114 0 0 0 155 0 0 576 626 
9606.ENSP00000462099 9606.ENSP00000225688 0 0 0 0 166 0 268 363 
9606.ENSP00000462099 9606.ENSP00000363824 0 0 0 0 0 0 173 173 
9606.ENSP00000462099 9606.ENSP00000341819 0 0 0 0 0 0 155 155 
9606.ENSP00000462099 9606.ENSP00000184183 0 0 0 0 0 0 178 178 
9606.ENSP00000462099 9606.ENSP00000261313 0 0 0 0 0 0 254 254 
9606.ENSP00000462099 9606.ENSP00000322242 0 0 0 0 186 0 0 186 
9606.ENSP00000462099 9606.ENSP00000358548 0 0 0 0 550 800 260 927 
9606.ENSP00000462099 9606.ENSP00000206020 0 0 0 0 0 0 320 320 
9606.ENSP00000462099 9606.ENSP00000357836 0 0 0 0 0 0 249 249 
9606.ENSP00000462099 9606.ENSP00000358464 0 0 0 0 0 0 213 213 
9606.ENSP00000462099 9606.ENSP00000386884 0 0 0 91 0 0 164 207 
9606.ENSP00000462099 9606.ENSP00000420333 0 0 0 0 0 0 497 497 
9606.ENSP00000462099 9606.ENSP00000380713 0 0 0 61 0 0 746 752 
9606.ENSP00000462099 9606.ENSP00000419591 0 0 0 0 0 0 374 374 
9606.ENSP00000462099 9606.ENSP00000363318 0 0 0 207 0 0 0 207 
9606.ENSP00000462099 9606.ENSP00000398655 0 0 0 81 0 0 179 214 
9606.ENSP00000462099 9606.ENSP00000411355 0 0 0 203 0 0 79 235 
9606.ENSP00000462099 9606.ENSP00000246657 0 0 0 141 0 0 206 288 
9606.ENSP00000462099 9606.ENSP00000464265 0 0 0 0 181 0 0 181 
9606.ENSP00000462099 9606.ENSP00000267953 0 0 0 154 0 0 0 154 
9606.ENSP00000462099 9606.ENSP00000320171 0 0 0 0 0 0 187 187 
9606.ENSP00000462099 9606.ENSP00000346671 0 0 0 0 0 0 185 185 
9606.ENSP00000462099 9606.ENSP00000364919 0 0 0 0 165 0 0 165 
9606.ENSP00000462099 9606.ENSP00000232501 0 0 0 0 0 0 193 193 
9606.ENSP00000462099 9606.ENSP00000341551 0 0 0 0 196 0 45 199 
9606.ENSP00000462099 9606.ENSP00000339826 0 0 0 100 0 0 99 154 
9606.ENSP00000462099 9606.ENSP00000359132 0 0 0 0 0 0 207 207 
9606.ENSP00000462099 9606.ENSP00000365596 0 0 0 135 0 0 92 181 
9606.ENSP00000462099 9606.ENSP00000256496 0 0 0 59 132 0 57 162 
9606.ENSP00000462099 9606.ENSP00000361263 0 0 0 65 0 0 428 442 
9606.ENSP00000462099 9606.ENSP00000380869 0 0 0 0 132 0 75 162 
9606.ENSP00000462099 9606.ENSP00000327821 0 0 0 0 0 0 422 422 
9606.ENSP00000462099 9606.ENSP00000320147 0 0 0 0 0 0 229 229 
9606.ENSP00000462099 9606.ENSP00000346442 0 0 0 196 0 0 0 196 
9606.ENSP00000462099 9606.ENSP00000348753 0 0 0 62 0 0 137 155 
9606.ENSP00000462099 9606.ENSP00000290158 0 0 0 0 379 0 0 379 
9606.ENSP00000462099 9606.ENSP00000300589 0 0 0 155 0 0 0 155 
9606.ENSP00000462099 9606.ENSP00000444211 0 0 0 0 0 0 172 172 
9606.ENSP00000462099 9606.ENSP00000412940 0 0 0 0 0 0 229 229 
9606.ENSP00000462099 9606.ENSP00000261340 0 0 0 65 0 0 142 163 
9606.ENSP00000462099 9606.ENSP00000264711 0 0 0 0 132 0 75 162 
9606.ENSP00000462099 9606.ENSP00000221978 0 0 0 171 0 0 0 171 
9606.ENSP00000462099 9606.ENSP00000347198 0 0 0 62 0 0 164 182 
9606.ENSP00000462099 9606.ENSP00000279227 0 0 0 187 0 0 554 622 
9606.ENSP00000462099 9606.ENSP00000267396 0 0 0 0 165 0 0 165 
9606.ENSP00000462099 9606.ENSP00000302111 0 0 0 0 0 0 398 398 
9606.ENSP00000462099 9606.ENSP00000429744 0 0 0 51 897 0 369 933 
9606.ENSP00000462099 9606.ENSP00000211998 0 0 0 0 0 0 214 214 
9606.ENSP00000462099 9606.ENSP00000358723 0 0 0 0 459 900 568 974 
9606.ENSP00000462099 9606.ENSP00000403323 0 0 0 87 0 0 128 170 
9606.ENSP00000462099 9606.ENSP00000380638 0 0 0 116 0 0 203 265 
9606.ENSP00000462099 9606.ENSP00000371278 0 0 0 0 0 0 197 197 
9606.ENSP00000462099 9606.ENSP00000368477 0 0 0 0 0 0 267 267 
9606.ENSP00000462099 9606.ENSP00000344446 0 0 0 0 0 0 199 199 
9606.ENSP00000462099 9606.ENSP00000363117 0 0 0 156 0 0 66 178 
9606.ENSP00000462099 9606.ENSP00000400482 0 0 0 0 0 0 189 189 
9606.ENSP00000462099 9606.ENSP00000261716 0 0 0 61 0 0 142 160 
9606.ENSP00000462099 9606.ENSP00000311401 0 0 0 0 0 0 423 423 
9606.ENSP00000462099 9606.ENSP00000404658 0 0 0 0 0 0 400 400 
9606.ENSP00000462099 9606.ENSP00000284523 0 0 0 0 0 0 156 156 
9606.ENSP00000462099 9606.ENSP00000354573 0 0 0 0 0 0 151 151 
9606.ENSP00000462099 9606.ENSP00000271324 0 0 0 214 0 0 0 214 
9606.ENSP00000462099 9606.ENSP00000289104 0 0 0 0 422 800 335 916 
9606.ENSP00000462099 9606.ENSP00000215637 0 0 0 0 0 0 165 165 
9606.ENSP00000462099 9606.ENSP00000250559 0 0 0 0 411 800 484 934 
9606.ENSP00000462099 9606.ENSP00000351416 0 0 0 0 0 0 167 167 
9606.ENSP00000462099 9606.ENSP00000482133 0 0 0 0 0 0 211 211 
9606.ENSP00000462099 9606.ENSP00000346839 0 0 0 0 0 0 187 187 
9606.ENSP00000462099 9606.ENSP00000245304 0 0 0 0 422 0 651 790 
9606.ENSP00000462099 9606.ENSP00000005257 0 0 0 0 402 0 323 578 
9606.ENSP00000462099 9606.ENSP00000340578 0 0 0 0 0 0 316 316 
9606.ENSP00000462099 9606.ENSP00000410481 0 0 0 169 0 0 0 169 
9606.ENSP00000462099 9606.ENSP00000377771 0 0 0 89 0 0 197 237 
9606.ENSP00000462099 9606.ENSP00000301740 0 0 0 0 0 0 303 303 
9606.ENSP00000462099 9606.ENSP00000244333 0 0 0 0 0 0 220 220 
9606.ENSP00000462099 9606.ENSP00000231790 0 0 0 0 0 0 268 268 
9606.ENSP00000462099 9606.ENSP00000445725 0 0 0 0 158 0 0 158 
9606.ENSP00000462099 9606.ENSP00000286744 0 0 0 0 0 0 175 175 
9606.ENSP00000462099 9606.ENSP00000358784 0 0 0 138 0 0 91 183 
9606.ENSP00000462099 9606.ENSP00000342681 0 0 0 152 0 0 61 169 
9606.ENSP00000462099 9606.ENSP00000411152 0 0 0 59 0 0 174 189 
9606.ENSP00000462099 9606.ENSP00000304226 0 0 0 0 127 800 51 819 
