9606.ENSP00000353032 9606.ENSP00000286301 0 0 0 61 0 0 149 167 
9606.ENSP00000353032 9606.ENSP00000441691 0 0 0 0 0 0 316 316 
9606.ENSP00000353032 9606.ENSP00000370034 0 0 0 85 0 0 251 285 
9606.ENSP00000353032 9606.ENSP00000225538 0 0 0 0 0 900 89 905 
9606.ENSP00000353032 9606.ENSP00000303830 0 0 0 0 0 0 213 213 
9606.ENSP00000353032 9606.ENSP00000378996 0 0 0 0 0 0 151 151 
9606.ENSP00000353032 9606.ENSP00000233242 0 0 0 0 0 0 220 220 
9606.ENSP00000353032 9606.ENSP00000363680 0 0 0 0 0 0 290 290 
9606.ENSP00000353032 9606.ENSP00000300105 0 0 0 0 0 0 208 208 
9606.ENSP00000353032 9606.ENSP00000215829 0 0 0 0 0 0 212 212 
9606.ENSP00000353032 9606.ENSP00000262304 0 0 0 0 0 0 175 175 
9606.ENSP00000353032 9606.ENSP00000229795 0 0 0 0 0 0 294 294 
9606.ENSP00000353032 9606.ENSP00000463653 0 0 0 0 0 0 267 267 
9606.ENSP00000353032 9606.ENSP00000240662 0 0 0 0 141 0 122 213 
9606.ENSP00000353032 9606.ENSP00000317177 0 0 0 0 187 0 50 194 
9606.ENSP00000353032 9606.ENSP00000363134 0 0 0 0 0 0 192 192 
9606.ENSP00000353032 9606.ENSP00000317971 0 0 0 0 0 0 495 495 
9606.ENSP00000353032 9606.ENSP00000257861 0 0 0 0 0 0 190 190 
9606.ENSP00000353032 9606.ENSP00000348521 0 0 0 0 0 0 219 219 
9606.ENSP00000353032 9606.ENSP00000382791 0 0 0 0 0 0 203 203 
9606.ENSP00000353032 9606.ENSP00000331746 0 0 0 0 0 0 310 310 
9606.ENSP00000353032 9606.ENSP00000360423 0 0 0 0 0 0 195 195 
9606.ENSP00000353032 9606.ENSP00000250693 0 0 0 0 0 0 164 164 
9606.ENSP00000353032 9606.ENSP00000378974 0 0 0 0 0 0 165 165 
9606.ENSP00000353032 9606.ENSP00000306662 0 0 0 0 0 0 173 173 
9606.ENSP00000353032 9606.ENSP00000356172 0 0 0 0 0 0 190 190 
9606.ENSP00000353032 9606.ENSP00000386796 0 0 0 0 0 0 197 197 
9606.ENSP00000353032 9606.ENSP00000231509 0 0 0 77 0 0 128 160 
9606.ENSP00000353032 9606.ENSP00000440643 0 0 0 0 0 0 250 250 
9606.ENSP00000353032 9606.ENSP00000264265 0 0 0 0 0 0 186 186 
9606.ENSP00000353032 9606.ENSP00000387694 0 0 0 0 0 0 511 511 
9606.ENSP00000353032 9606.ENSP00000362205 0 0 0 61 0 0 225 241 
9606.ENSP00000353032 9606.ENSP00000461007 0 0 0 0 0 0 538 538 
9606.ENSP00000353032 9606.ENSP00000268638 0 0 0 62 0 0 260 276 
9606.ENSP00000353032 9606.ENSP00000441953 0 0 0 0 163 0 0 163 
9606.ENSP00000353032 9606.ENSP00000342793 0 0 0 0 0 0 311 311 
9606.ENSP00000353032 9606.ENSP00000221930 0 0 0 61 0 0 188 204 
9606.ENSP00000353032 9606.ENSP00000234488 0 0 0 0 0 0 174 174 
9606.ENSP00000353032 9606.ENSP00000345347 0 0 0 0 0 0 189 189 
9606.ENSP00000353032 9606.ENSP00000246062 0 0 0 0 0 0 386 386 
9606.ENSP00000353032 9606.ENSP00000397026 0 0 0 0 0 0 166 166 
9606.ENSP00000353032 9606.ENSP00000447378 0 0 0 0 0 0 190 190 
9606.ENSP00000353032 9606.ENSP00000394624 0 0 0 0 0 0 618 618 
9606.ENSP00000353032 9606.ENSP00000375881 0 0 0 0 0 0 187 187 
9606.ENSP00000353032 9606.ENSP00000320376 0 0 0 0 0 0 771 771 
9606.ENSP00000353032 9606.ENSP00000370697 0 0 0 80 0 0 237 268 
9606.ENSP00000353032 9606.ENSP00000357068 0 0 0 0 0 0 162 162 
9606.ENSP00000353032 9606.ENSP00000300650 0 0 0 0 0 0 447 447 
9606.ENSP00000353032 9606.ENSP00000301825 0 0 0 0 0 0 332 332 
9606.ENSP00000353032 9606.ENSP00000366314 0 0 0 0 0 0 155 155 
9606.ENSP00000353032 9606.ENSP00000377424 0 0 0 0 0 0 244 244 
9606.ENSP00000353032 9606.ENSP00000320239 0 0 0 0 0 0 298 298 
9606.ENSP00000353032 9606.ENSP00000441930 0 0 0 0 230 0 0 230 
9606.ENSP00000353032 9606.ENSP00000421922 0 0 0 0 0 0 254 254 
9606.ENSP00000353032 9606.ENSP00000477455 0 0 0 0 0 0 296 296 
9606.ENSP00000353032 9606.ENSP00000277120 0 0 0 50 0 0 424 429 
9606.ENSP00000353032 9606.ENSP00000336630 0 0 0 0 0 0 568 568 
9606.ENSP00000353032 9606.ENSP00000370571 0 0 0 0 0 0 169 169 
9606.ENSP00000353032 9606.ENSP00000327336 0 0 0 0 0 0 325 325 
9606.ENSP00000353032 9606.ENSP00000371393 0 0 0 0 0 0 153 153 
9606.ENSP00000353032 9606.ENSP00000390600 0 0 0 0 0 0 223 223 
9606.ENSP00000353032 9606.ENSP00000280155 0 0 0 0 0 0 178 178 
9606.ENSP00000353032 9606.ENSP00000356205 0 0 0 0 0 0 573 573 
9606.ENSP00000353032 9606.ENSP00000355155 0 0 0 0 0 0 191 191 
9606.ENSP00000353032 9606.ENSP00000430676 0 0 0 0 0 0 167 167 
9606.ENSP00000353032 9606.ENSP00000337949 0 0 0 0 0 0 235 235 
9606.ENSP00000353032 9606.ENSP00000226730 0 0 0 0 0 0 226 226 
9606.ENSP00000353032 9606.ENSP00000263088 0 0 0 0 0 0 275 275 
9606.ENSP00000353032 9606.ENSP00000303522 0 0 0 0 0 0 190 190 
9606.ENSP00000353032 9606.ENSP00000269499 0 0 0 0 0 0 167 167 
9606.ENSP00000353032 9606.ENSP00000354006 0 0 0 0 0 0 225 225 
9606.ENSP00000353032 9606.ENSP00000268129 0 0 0 0 0 0 388 388 
9606.ENSP00000353032 9606.ENSP00000431418 0 0 0 50 0 0 207 215 
9606.ENSP00000353032 9606.ENSP00000440185 0 0 0 0 0 0 159 159 
9606.ENSP00000353032 9606.ENSP00000358301 0 0 0 0 0 0 153 153 
9606.ENSP00000353032 9606.ENSP00000480090 0 0 0 0 0 0 212 212 
9606.ENSP00000353032 9606.ENSP00000384620 0 0 0 0 0 0 155 155 
9606.ENSP00000353032 9606.ENSP00000481321 0 0 0 0 0 0 297 297 
9606.ENSP00000353032 9606.ENSP00000483624 0 0 0 0 0 0 161 161 
9606.ENSP00000353032 9606.ENSP00000264771 0 0 0 0 0 0 553 553 
9606.ENSP00000353032 9606.ENSP00000348752 0 0 0 0 0 0 191 191 
9606.ENSP00000353032 9606.ENSP00000407487 0 0 0 0 0 0 394 394 
9606.ENSP00000353032 9606.ENSP00000258538 0 0 0 0 0 0 190 190 
9606.ENSP00000353032 9606.ENSP00000367691 0 0 0 0 0 0 365 365 
9606.ENSP00000353032 9606.ENSP00000381412 0 0 0 0 0 0 250 250 
9606.ENSP00000353032 9606.ENSP00000419692 0 0 0 0 0 0 220 220 
9606.ENSP00000353032 9606.ENSP00000286628 0 0 0 0 0 0 274 274 
9606.ENSP00000353032 9606.ENSP00000264497 0 0 0 0 0 0 157 157 
9606.ENSP00000353032 9606.ENSP00000306245 0 0 0 0 0 0 168 168 
9606.ENSP00000353032 9606.ENSP00000171757 0 0 0 63 0 0 440 453 
9606.ENSP00000353032 9606.ENSP00000262629 0 0 0 79 0 0 185 218 
9606.ENSP00000353032 9606.ENSP00000428924 0 0 0 57 0 0 250 262 
9606.ENSP00000353032 9606.ENSP00000353362 0 0 0 0 0 0 169 169 
9606.ENSP00000353032 9606.ENSP00000359300 0 0 0 0 0 0 271 271 
9606.ENSP00000353032 9606.ENSP00000342222 0 0 0 0 0 0 339 339 
9606.ENSP00000353032 9606.ENSP00000003084 0 0 0 0 0 0 212 212 
9606.ENSP00000353032 9606.ENSP00000219596 0 0 0 76 0 0 198 227 
9606.ENSP00000353032 9606.ENSP00000387662 0 0 0 0 0 0 168 168 
9606.ENSP00000353032 9606.ENSP00000420298 0 0 0 0 0 0 166 166 
9606.ENSP00000353032 9606.ENSP00000445135 0 0 0 0 0 0 200 200 
9606.ENSP00000353032 9606.ENSP00000319052 0 0 0 0 0 0 204 204 
9606.ENSP00000353032 9606.ENSP00000378191 0 0 0 0 0 0 256 256 
9606.ENSP00000353032 9606.ENSP00000360683 0 0 0 0 0 0 222 222 
9606.ENSP00000353032 9606.ENSP00000361824 0 0 0 0 0 0 451 451 
9606.ENSP00000353032 9606.ENSP00000359691 0 0 0 0 0 0 155 155 
9606.ENSP00000353032 9606.ENSP00000359520 0 0 0 0 0 0 494 494 
9606.ENSP00000353032 9606.ENSP00000360824 0 0 0 0 0 0 201 201 
9606.ENSP00000353032 9606.ENSP00000321106 0 0 0 0 0 0 402 402 
9606.ENSP00000353032 9606.ENSP00000315118 0 0 0 0 200 0 0 200 
9606.ENSP00000353032 9606.ENSP00000301365 0 0 0 0 0 0 209 209 
9606.ENSP00000353032 9606.ENSP00000368880 0 0 0 0 0 0 211 211 
9606.ENSP00000353032 9606.ENSP00000478492 0 0 0 65 0 0 157 178 
9606.ENSP00000353032 9606.ENSP00000255030 0 0 0 0 0 0 220 220 
9606.ENSP00000353032 9606.ENSP00000237596 0 0 0 0 0 0 224 224 
9606.ENSP00000353032 9606.ENSP00000480573 0 0 0 0 0 0 190 190 
9606.ENSP00000353032 9606.ENSP00000398698 0 0 0 62 0 0 317 332 
9606.ENSP00000353032 9606.ENSP00000409007 0 0 0 0 0 0 195 195 
9606.ENSP00000353032 9606.ENSP00000162749 0 0 0 53 0 0 191 201 
9606.ENSP00000353032 9606.ENSP00000379865 0 0 0 0 0 0 246 246 
9606.ENSP00000353032 9606.ENSP00000376849 0 0 0 65 0 0 168 189 
9606.ENSP00000353032 9606.ENSP00000365441 0 0 0 0 0 0 222 222 
9606.ENSP00000353032 9606.ENSP00000312811 0 0 0 0 0 0 174 174 
9606.ENSP00000353032 9606.ENSP00000363229 0 0 0 62 0 0 135 154 
9606.ENSP00000353032 9606.ENSP00000351059 0 0 0 0 0 0 485 485 
9606.ENSP00000353032 9606.ENSP00000294309 0 0 0 0 0 0 478 478 
9606.ENSP00000353032 9606.ENSP00000266376 0 0 0 0 0 0 244 244 
9606.ENSP00000353032 9606.ENSP00000451828 0 0 0 0 0 0 226 226 
9606.ENSP00000353032 9606.ENSP00000309052 0 0 0 0 0 0 161 161 
9606.ENSP00000353032 9606.ENSP00000371985 0 0 0 0 0 0 170 170 
9606.ENSP00000353032 9606.ENSP00000354511 0 0 0 61 0 0 193 209 
9606.ENSP00000353032 9606.ENSP00000365227 0 0 0 0 0 0 529 529 
9606.ENSP00000353032 9606.ENSP00000357981 0 0 0 85 0 0 133 173 
9606.ENSP00000353032 9606.ENSP00000295897 0 0 0 0 0 0 229 229 
9606.ENSP00000353032 9606.ENSP00000355580 0 0 0 0 0 0 179 179 
9606.ENSP00000353032 9606.ENSP00000354652 0 0 0 0 0 0 156 156 
9606.ENSP00000353032 9606.ENSP00000265310 0 0 0 0 0 0 167 167 
9606.ENSP00000353032 9606.ENSP00000284268 0 0 0 0 0 0 177 177 
9606.ENSP00000353032 9606.ENSP00000265572 0 0 0 0 0 0 560 560 
9606.ENSP00000353032 9606.ENSP00000474412 0 0 0 96 0 0 146 194 
9606.ENSP00000353032 9606.ENSP00000349770 0 0 0 69 0 0 507 522 
9606.ENSP00000353032 9606.ENSP00000421377 0 0 0 0 0 0 161 161 
9606.ENSP00000353032 9606.ENSP00000433109 0 0 0 0 0 0 162 162 
9606.ENSP00000353032 9606.ENSP00000390613 0 0 0 63 0 0 167 186 
9606.ENSP00000353032 9606.ENSP00000389814 0 0 0 0 0 0 218 218 
9606.ENSP00000353032 9606.ENSP00000229239 0 0 0 0 0 0 282 282 
9606.ENSP00000353032 9606.ENSP00000337383 0 0 0 57 0 0 473 481 
9606.ENSP00000353032 9606.ENSP00000263372 0 0 0 66 0 0 201 222 
9606.ENSP00000353032 9606.ENSP00000006053 0 0 0 0 0 0 499 499 
9606.ENSP00000353032 9606.ENSP00000262133 0 0 0 0 0 0 187 187 
9606.ENSP00000353032 9606.ENSP00000401399 0 0 0 61 0 0 140 158 
9606.ENSP00000353032 9606.ENSP00000324343 0 0 0 61 0 0 154 171 
9606.ENSP00000353032 9606.ENSP00000306253 0 0 0 0 0 0 286 286 
9606.ENSP00000353032 9606.ENSP00000269305 0 0 0 0 0 0 514 514 
9606.ENSP00000353032 9606.ENSP00000266014 0 0 0 0 189 0 0 189 
9606.ENSP00000353032 9606.ENSP00000384719 0 0 0 0 0 0 227 227 
9606.ENSP00000353032 9606.ENSP00000307900 0 0 0 0 0 0 279 279 
9606.ENSP00000353032 9606.ENSP00000323872 0 0 0 0 0 0 734 734 
9606.ENSP00000353032 9606.ENSP00000368766 0 0 0 0 0 0 165 165 
9606.ENSP00000353032 9606.ENSP00000295463 0 0 0 0 0 0 187 187 
9606.ENSP00000353032 9606.ENSP00000411593 0 0 0 0 0 0 398 398 
9606.ENSP00000353032 9606.ENSP00000386380 0 0 0 0 0 0 210 210 
9606.ENSP00000353032 9606.ENSP00000304767 0 0 0 0 0 0 827 827 
9606.ENSP00000353032 9606.ENSP00000296677 0 0 0 0 0 0 164 164 
9606.ENSP00000353032 9606.ENSP00000387699 0 0 0 0 0 0 186 186 
9606.ENSP00000353032 9606.ENSP00000296140 0 0 0 49 0 0 153 160 
9606.ENSP00000353032 9606.ENSP00000257770 0 0 0 0 0 0 412 412 
9606.ENSP00000353032 9606.ENSP00000305372 0 0 0 0 0 0 167 167 
9606.ENSP00000353032 9606.ENSP00000284981 0 0 0 0 0 0 171 171 
9606.ENSP00000353032 9606.ENSP00000371084 0 0 0 0 0 0 248 248 
9606.ENSP00000353032 9606.ENSP00000379110 0 0 0 0 0 0 156 156 
9606.ENSP00000353032 9606.ENSP00000312286 0 0 0 0 0 0 646 646 
9606.ENSP00000353032 9606.ENSP00000347213 0 0 0 0 0 0 511 511 
9606.ENSP00000353032 9606.ENSP00000260645 0 0 0 0 0 0 237 237 
9606.ENSP00000353032 9606.ENSP00000382428 0 0 0 50 0 0 188 195 
9606.ENSP00000353032 9606.ENSP00000414303 0 0 0 0 0 0 568 568 
9606.ENSP00000353032 9606.ENSP00000306138 0 0 0 0 0 0 165 165 
9606.ENSP00000353032 9606.ENSP00000406261 0 0 0 0 0 0 374 374 
9606.ENSP00000353032 9606.ENSP00000267973 0 0 0 0 0 0 234 234 
9606.ENSP00000353032 9606.ENSP00000278888 0 0 0 65 0 0 129 150 
9606.ENSP00000353032 9606.ENSP00000305974 0 0 0 0 0 0 473 473 
9606.ENSP00000353032 9606.ENSP00000284288 0 0 0 0 0 0 620 620 
9606.ENSP00000353032 9606.ENSP00000155858 0 0 0 0 0 0 159 159 
9606.ENSP00000353032 9606.ENSP00000262888 0 0 0 0 0 0 305 305 
9606.ENSP00000353032 9606.ENSP00000354932 0 0 0 49 0 0 250 256 
9606.ENSP00000353032 9606.ENSP00000341292 0 0 0 0 0 0 173 173 
9606.ENSP00000353032 9606.ENSP00000298125 0 0 0 0 0 0 163 163 
9606.ENSP00000353032 9606.ENSP00000326627 0 0 0 49 0 0 208 215 
9606.ENSP00000353032 9606.ENSP00000478059 0 0 0 0 0 0 282 282 
9606.ENSP00000353032 9606.ENSP00000274093 0 0 0 0 0 0 384 384 
9606.ENSP00000353032 9606.ENSP00000296795 0 0 0 0 0 0 243 243 
9606.ENSP00000353032 9606.ENSP00000265023 0 0 0 0 0 0 273 273 
9606.ENSP00000353032 9606.ENSP00000218075 0 0 0 0 0 0 386 386 
9606.ENSP00000353032 9606.ENSP00000381105 0 0 0 0 0 0 287 287 
9606.ENSP00000353032 9606.ENSP00000448083 0 0 0 0 0 0 421 421 
9606.ENSP00000353032 9606.ENSP00000379818 0 0 0 0 0 0 243 243 
9606.ENSP00000353032 9606.ENSP00000363596 0 0 0 65 0 0 164 184 
9606.ENSP00000353032 9606.ENSP00000247470 0 0 0 0 0 0 244 244 
9606.ENSP00000353032 9606.ENSP00000278379 0 0 0 0 0 0 268 268 
9606.ENSP00000353032 9606.ENSP00000225831 0 0 0 81 0 0 615 631 
9606.ENSP00000353032 9606.ENSP00000386069 0 0 0 0 0 0 180 180 
9606.ENSP00000353032 9606.ENSP00000323926 0 0 0 0 0 0 317 317 
9606.ENSP00000353032 9606.ENSP00000302719 0 0 0 63 0 0 137 157 
9606.ENSP00000353032 9606.ENSP00000379183 0 0 0 0 0 0 608 608 
9606.ENSP00000353032 9606.ENSP00000354859 0 0 0 0 0 0 166 166 
9606.ENSP00000353032 9606.ENSP00000290374 0 0 0 0 0 0 165 165 
9606.ENSP00000353032 9606.ENSP00000459962 0 0 0 0 0 0 526 526 
9606.ENSP00000353032 9606.ENSP00000222693 0 0 0 0 0 0 152 152 
9606.ENSP00000353032 9606.ENSP00000264428 0 0 0 0 0 0 398 398 
9606.ENSP00000353032 9606.ENSP00000324890 0 0 0 0 0 0 230 230 
9606.ENSP00000353032 9606.ENSP00000296721 0 0 0 0 0 0 155 155 
9606.ENSP00000353032 9606.ENSP00000259607 0 0 0 0 0 0 561 561 
9606.ENSP00000353032 9606.ENSP00000263341 0 0 0 61 0 0 356 369 
9606.ENSP00000353032 9606.ENSP00000008391 0 0 0 0 0 0 173 173 
9606.ENSP00000353032 9606.ENSP00000278070 0 0 0 0 0 0 271 271 
9606.ENSP00000353032 9606.ENSP00000363973 0 0 0 0 0 0 186 186 
9606.ENSP00000353032 9606.ENSP00000243997 0 0 0 0 0 0 212 212 
9606.ENSP00000353032 9606.ENSP00000312741 0 0 0 0 0 0 217 217 
9606.ENSP00000353032 9606.ENSP00000275016 0 0 0 0 0 0 227 227 
9606.ENSP00000353032 9606.ENSP00000286621 0 0 0 0 0 0 231 231 
9606.ENSP00000353032 9606.ENSP00000220764 0 0 0 0 0 0 186 186 
9606.ENSP00000353032 9606.ENSP00000377055 0 0 0 0 0 0 311 311 
9606.ENSP00000353032 9606.ENSP00000262839 0 0 0 50 0 0 148 156 
9606.ENSP00000353032 9606.ENSP00000311035 0 0 0 60 0 0 151 168 
9606.ENSP00000353032 9606.ENSP00000344192 0 0 0 0 0 0 268 268 
9606.ENSP00000353032 9606.ENSP00000259486 0 0 0 0 0 0 154 154 
9606.ENSP00000353032 9606.ENSP00000411528 0 0 0 0 0 0 212 212 
9606.ENSP00000353032 9606.ENSP00000333181 0 0 0 63 0 0 169 188 
9606.ENSP00000353032 9606.ENSP00000454071 0 0 0 0 0 0 211 211 
9606.ENSP00000353032 9606.ENSP00000347754 0 0 0 0 0 0 324 324 
9606.ENSP00000353032 9606.ENSP00000264661 0 0 0 0 0 0 251 251 
9606.ENSP00000353032 9606.ENSP00000263269 0 0 0 0 0 0 212 212 
9606.ENSP00000353032 9606.ENSP00000325017 0 0 0 0 0 0 324 324 
9606.ENSP00000353032 9606.ENSP00000299022 0 0 0 0 0 0 282 282 
9606.ENSP00000353032 9606.ENSP00000447149 0 0 0 0 0 0 227 227 
9606.ENSP00000353032 9606.ENSP00000260010 0 0 0 73 0 0 348 370 
9606.ENSP00000353032 9606.ENSP00000297512 0 0 0 49 0 0 568 571 
9606.ENSP00000353032 9606.ENSP00000292807 0 0 0 0 266 0 69 287 
9606.ENSP00000353032 9606.ENSP00000263025 0 0 0 0 0 0 212 212 
9606.ENSP00000353032 9606.ENSP00000226279 0 0 0 0 0 0 263 263 
9606.ENSP00000353032 9606.ENSP00000262209 0 0 0 0 0 0 384 384 
9606.ENSP00000353032 9606.ENSP00000363643 0 0 0 0 0 0 810 810 
9606.ENSP00000353032 9606.ENSP00000444948 0 0 0 0 0 0 190 190 
9606.ENSP00000353032 9606.ENSP00000389600 0 0 0 49 0 0 247 253 
9606.ENSP00000353032 9606.ENSP00000339191 0 0 0 0 0 0 170 170 
9606.ENSP00000353032 9606.ENSP00000265038 0 0 0 0 0 0 413 413 
9606.ENSP00000353032 9606.ENSP00000384364 0 0 0 0 0 0 211 211 
9606.ENSP00000353032 9606.ENSP00000347170 0 0 0 0 0 0 345 345 
9606.ENSP00000353032 9606.ENSP00000356438 0 0 0 0 0 0 150 150 
9606.ENSP00000353032 9606.ENSP00000380432 0 0 0 0 0 0 221 221 
9606.ENSP00000353032 9606.ENSP00000410910 0 0 0 0 0 0 196 196 
9606.ENSP00000353032 9606.ENSP00000362888 0 0 0 0 0 0 289 289 
9606.ENSP00000353032 9606.ENSP00000409126 0 0 0 0 0 0 342 342 
9606.ENSP00000353032 9606.ENSP00000353874 0 0 0 0 0 0 228 228 
9606.ENSP00000353032 9606.ENSP00000261751 0 0 0 0 0 0 173 173 
9606.ENSP00000353032 9606.ENSP00000410833 0 0 0 0 0 0 347 347 
9606.ENSP00000353032 9606.ENSP00000419313 0 0 0 50 0 0 256 262 
9606.ENSP00000353032 9606.ENSP00000465295 0 0 0 0 0 0 163 163 
9606.ENSP00000353032 9606.ENSP00000330631 0 0 0 0 0 0 197 197 
9606.ENSP00000353032 9606.ENSP00000365840 0 0 0 0 0 0 206 206 
9606.ENSP00000353032 9606.ENSP00000295640 0 0 0 0 0 0 214 214 
9606.ENSP00000353032 9606.ENSP00000315602 0 0 0 0 0 0 151 151 
9606.ENSP00000353032 9606.ENSP00000340913 0 0 0 50 0 0 184 191 
9606.ENSP00000353032 9606.ENSP00000322249 0 0 0 0 0 0 190 190 
9606.ENSP00000353032 9606.ENSP00000345629 0 0 0 0 0 0 150 150 
9606.ENSP00000353032 9606.ENSP00000416193 0 0 0 0 261 900 115 928 
9606.ENSP00000353032 9606.ENSP00000292301 0 0 0 0 0 0 319 319 
9606.ENSP00000353032 9606.ENSP00000288078 0 0 0 0 0 0 153 153 
9606.ENSP00000353032 9606.ENSP00000276414 0 0 0 0 0 0 167 167 
9606.ENSP00000353032 9606.ENSP00000359376 0 0 0 49 0 0 433 438 
9606.ENSP00000353032 9606.ENSP00000283254 0 0 0 0 0 0 312 312 
9606.ENSP00000353032 9606.ENSP00000407978 0 0 0 0 0 0 191 191 
9606.ENSP00000353032 9606.ENSP00000228468 0 0 0 49 0 0 603 607 
9606.ENSP00000353032 9606.ENSP00000388909 0 0 0 0 235 0 0 235 
9606.ENSP00000353032 9606.ENSP00000385090 0 0 0 0 0 0 190 190 
9606.ENSP00000353032 9606.ENSP00000251296 0 0 0 0 0 0 174 174 
9606.ENSP00000353032 9606.ENSP00000359285 0 0 0 0 0 0 213 213 
9606.ENSP00000353032 9606.ENSP00000370842 0 0 0 0 0 0 167 167 
9606.ENSP00000353032 9606.ENSP00000295453 0 0 0 0 0 0 186 186 
9606.ENSP00000353032 9606.ENSP00000282499 0 0 0 0 0 0 152 152 
9606.ENSP00000353032 9606.ENSP00000307822 0 0 0 0 0 0 205 205 
9606.ENSP00000353032 9606.ENSP00000384092 0 0 0 0 0 0 190 190 
9606.ENSP00000353032 9606.ENSP00000357547 0 0 0 0 0 0 158 158 
9606.ENSP00000353032 9606.ENSP00000381023 0 0 0 0 0 0 168 168 
9606.ENSP00000353032 9606.ENSP00000326232 0 0 0 0 0 0 250 250 
9606.ENSP00000353032 9606.ENSP00000307599 0 0 0 0 0 0 207 207 
9606.ENSP00000353032 9606.ENSP00000268876 0 0 0 0 0 0 338 338 
9606.ENSP00000353032 9606.ENSP00000344352 0 0 0 0 0 0 169 169 
9606.ENSP00000353032 9606.ENSP00000328813 0 0 0 0 0 0 221 221 
9606.ENSP00000353032 9606.ENSP00000346534 0 0 0 0 0 0 164 164 
9606.ENSP00000353032 9606.ENSP00000229135 0 0 0 0 0 0 185 185 
9606.ENSP00000353032 9606.ENSP00000417569 0 0 0 0 0 0 189 189 
9606.ENSP00000353032 9606.ENSP00000336764 0 0 0 0 0 0 563 563 
9606.ENSP00000353032 9606.ENSP00000358730 0 0 0 63 0 0 581 590 
9606.ENSP00000353032 9606.ENSP00000304501 0 0 0 0 0 0 576 576 
9606.ENSP00000353032 9606.ENSP00000227266 0 0 0 51 0 0 224 232 
9606.ENSP00000353032 9606.ENSP00000265334 0 0 0 61 0 0 153 171 
9606.ENSP00000353032 9606.ENSP00000405330 0 0 0 0 0 0 189 189 
9606.ENSP00000353032 9606.ENSP00000428994 0 0 0 0 0 0 290 290 
9606.ENSP00000353032 9606.ENSP00000334198 0 0 0 0 0 0 171 171 
9606.ENSP00000353032 9606.ENSP00000360250 0 0 0 50 0 0 522 526 
9606.ENSP00000353032 9606.ENSP00000385675 0 0 0 0 0 0 439 439 
9606.ENSP00000353032 9606.ENSP00000379133 0 0 0 0 0 0 240 240 
9606.ENSP00000353032 9606.ENSP00000331736 0 0 0 50 0 0 222 229 
9606.ENSP00000353032 9606.ENSP00000273783 0 0 0 0 196 0 0 196 
9606.ENSP00000353032 9606.ENSP00000358525 0 0 0 0 0 0 340 340 
9606.ENSP00000353032 9606.ENSP00000306328 0 0 0 0 0 0 341 341 
9606.ENSP00000353032 9606.ENSP00000264316 0 0 0 0 0 0 155 155 
9606.ENSP00000353032 9606.ENSP00000386884 0 0 0 0 0 0 165 165 
9606.ENSP00000353032 9606.ENSP00000272286 0 0 0 0 0 0 237 237 
9606.ENSP00000353032 9606.ENSP00000397925 0 0 0 0 0 0 173 173 
9606.ENSP00000353032 9606.ENSP00000480616 0 0 0 0 0 0 266 266 
9606.ENSP00000353032 9606.ENSP00000267205 0 0 0 0 0 0 356 356 
9606.ENSP00000353032 9606.ENSP00000217386 0 0 0 0 0 0 188 188 
9606.ENSP00000353032 9606.ENSP00000263733 0 0 0 0 518 0 0 518 
9606.ENSP00000353032 9606.ENSP00000265171 0 0 0 0 0 0 152 152 
9606.ENSP00000353032 9606.ENSP00000364000 0 0 0 0 0 0 248 248 
9606.ENSP00000353032 9606.ENSP00000343339 0 0 0 0 261 900 123 929 
9606.ENSP00000353032 9606.ENSP00000369027 0 0 0 50 0 0 147 155 
9606.ENSP00000353032 9606.ENSP00000319053 0 0 0 0 0 0 468 468 
9606.ENSP00000353032 9606.ENSP00000231449 0 0 0 0 0 0 171 171 
9606.ENSP00000353032 9606.ENSP00000360561 0 0 0 61 0 0 355 368 
9606.ENSP00000353032 9606.ENSP00000257981 0 0 0 0 0 0 161 161 
9606.ENSP00000353032 9606.ENSP00000481554 0 0 0 0 0 0 256 256 
9606.ENSP00000353032 9606.ENSP00000227638 0 0 0 62 0 0 787 792 
9606.ENSP00000353032 9606.ENSP00000307259 0 0 0 0 0 0 784 784 
9606.ENSP00000353032 9606.ENSP00000347454 0 0 0 0 0 0 174 174 
9606.ENSP00000353032 9606.ENSP00000344115 0 0 0 0 379 0 113 425 
9606.ENSP00000353032 9606.ENSP00000330696 0 0 0 86 351 900 121 940 
9606.ENSP00000353032 9606.ENSP00000468500 0 0 0 0 0 0 290 290 
9606.ENSP00000353032 9606.ENSP00000329926 0 0 0 0 0 0 166 166 
9606.ENSP00000353032 9606.ENSP00000433138 0 0 0 55 0 0 514 521 
9606.ENSP00000353032 9606.ENSP00000451406 0 0 0 0 0 0 229 229 
9606.ENSP00000353032 9606.ENSP00000444201 0 0 0 0 0 0 218 218 
9606.ENSP00000353032 9606.ENSP00000306512 0 0 0 0 0 0 198 198 
9606.ENSP00000353032 9606.ENSP00000311032 0 0 0 0 0 0 176 176 
9606.ENSP00000353032 9606.ENSP00000306275 0 0 0 0 0 0 166 166 
9606.ENSP00000353032 9606.ENSP00000327611 0 0 0 0 0 0 203 203 
9606.ENSP00000353032 9606.ENSP00000225823 0 0 0 49 0 0 408 413 
9606.ENSP00000353032 9606.ENSP00000412237 0 0 0 69 0 0 293 313 
9606.ENSP00000353032 9606.ENSP00000447300 0 0 0 0 0 0 233 233 
9606.ENSP00000353032 9606.ENSP00000356468 0 0 0 0 0 0 157 157 
9606.ENSP00000353032 9606.ENSP00000363435 0 0 0 0 0 0 264 264 
9606.ENSP00000353032 9606.ENSP00000319591 0 0 0 0 0 0 159 159 
9606.ENSP00000353032 9606.ENSP00000292303 0 0 0 65 0 0 138 159 
9606.ENSP00000353032 9606.ENSP00000319370 0 0 0 0 0 0 181 181 
9606.ENSP00000353032 9606.ENSP00000369960 0 0 0 0 0 0 167 167 
9606.ENSP00000353032 9606.ENSP00000359483 0 0 0 0 0 0 295 295 
9606.ENSP00000353032 9606.ENSP00000304915 0 0 0 0 0 0 160 160 
9606.ENSP00000353032 9606.ENSP00000358532 0 0 0 0 0 0 257 257 
9606.ENSP00000353032 9606.ENSP00000478516 0 0 0 0 0 0 329 329 
9606.ENSP00000353032 9606.ENSP00000250092 0 0 0 0 0 0 193 193 
9606.ENSP00000353032 9606.ENSP00000270142 0 0 0 0 0 0 211 211 
9606.ENSP00000353032 9606.ENSP00000264079 0 0 0 0 0 0 405 405 
9606.ENSP00000353032 9606.ENSP00000385523 0 0 0 0 0 0 222 222 
9606.ENSP00000353032 9606.ENSP00000354238 0 0 0 61 0 0 280 295 
9606.ENSP00000353032 9606.ENSP00000234961 0 0 0 0 0 0 562 562 
9606.ENSP00000353032 9606.ENSP00000332674 0 0 0 0 0 0 155 155 
9606.ENSP00000353032 9606.ENSP00000341342 0 0 0 96 0 0 129 179 
9606.ENSP00000353032 9606.ENSP00000360608 0 0 0 0 0 0 261 261 
9606.ENSP00000353032 9606.ENSP00000225328 0 0 0 0 0 900 105 906 
9606.ENSP00000353032 9606.ENSP00000280357 0 0 0 0 0 0 378 378 
9606.ENSP00000353032 9606.ENSP00000338345 0 0 0 0 0 0 236 236 
9606.ENSP00000353032 9606.ENSP00000428518 0 0 0 0 0 0 215 215 
9606.ENSP00000353032 9606.ENSP00000300061 0 0 0 49 0 0 213 220 
9606.ENSP00000353032 9606.ENSP00000361965 0 0 0 62 0 0 311 326 
9606.ENSP00000353032 9606.ENSP00000310721 0 0 0 0 0 0 256 256 
9606.ENSP00000353032 9606.ENSP00000259324 0 0 0 0 0 0 154 154 
9606.ENSP00000353032 9606.ENSP00000406191 0 0 0 0 0 0 370 370 
9606.ENSP00000353032 9606.ENSP00000343676 0 0 0 0 0 0 161 161 
9606.ENSP00000353032 9606.ENSP00000258796 0 0 0 0 0 0 280 280 
9606.ENSP00000353032 9606.ENSP00000315476 0 0 0 0 0 0 236 236 
9606.ENSP00000353032 9606.ENSP00000333298 0 0 0 0 0 0 238 238 
9606.ENSP00000353032 9606.ENSP00000361700 0 0 0 0 0 0 388 388 
9606.ENSP00000353032 9606.ENSP00000233078 0 0 0 61 0 0 355 368 
9606.ENSP00000353032 9606.ENSP00000310305 0 0 0 0 0 0 846 846 
9606.ENSP00000353032 9606.ENSP00000283206 0 0 0 0 0 0 178 178 
9606.ENSP00000353032 9606.ENSP00000215832 0 0 0 0 0 0 234 234 
9606.ENSP00000353032 9606.ENSP00000386306 0 0 0 0 0 0 168 168 
9606.ENSP00000353032 9606.ENSP00000283632 0 0 0 0 0 0 183 183 
9606.ENSP00000353032 9606.ENSP00000410309 0 0 0 0 0 0 220 220 
9606.ENSP00000353032 9606.ENSP00000353292 0 0 0 49 0 0 219 226 
9606.ENSP00000353032 9606.ENSP00000297494 0 0 0 0 0 0 524 524 
9606.ENSP00000353032 9606.ENSP00000308925 0 0 0 68 0 0 250 271 
9606.ENSP00000353032 9606.ENSP00000361405 0 0 0 0 0 0 195 195 
9606.ENSP00000353032 9606.ENSP00000370010 0 0 0 0 0 0 163 163 
9606.ENSP00000353032 9606.ENSP00000263314 0 0 0 0 0 900 110 907 
9606.ENSP00000353032 9606.ENSP00000356105 0 0 0 0 0 0 200 200 
9606.ENSP00000353032 9606.ENSP00000274545 0 0 0 0 0 0 227 227 
9606.ENSP00000353032 9606.ENSP00000287820 0 0 0 0 0 0 190 190 
9606.ENSP00000353032 9606.ENSP00000312652 0 0 0 0 0 0 250 250 
9606.ENSP00000353032 9606.ENSP00000335246 0 0 0 0 0 0 211 211 
9606.ENSP00000353032 9606.ENSP00000358513 0 0 0 0 0 0 179 179 
9606.ENSP00000353032 9606.ENSP00000368966 0 0 0 50 0 0 189 196 
9606.ENSP00000353032 9606.ENSP00000394033 0 0 0 0 0 0 308 308 
9606.ENSP00000353032 9606.ENSP00000346839 0 0 0 0 0 0 570 570 
9606.ENSP00000353032 9606.ENSP00000295589 0 0 0 0 0 0 154 154 
9606.ENSP00000353032 9606.ENSP00000265113 0 0 0 0 0 0 186 186 
9606.ENSP00000353032 9606.ENSP00000281830 0 0 0 0 0 0 159 159 
9606.ENSP00000353032 9606.ENSP00000296435 0 0 0 0 0 0 226 226 
9606.ENSP00000353032 9606.ENSP00000072869 0 0 0 0 0 0 162 162 
9606.ENSP00000353032 9606.ENSP00000351250 0 0 0 0 0 0 534 534 
9606.ENSP00000353032 9606.ENSP00000480966 0 0 0 62 0 0 836 839 
9606.ENSP00000353032 9606.ENSP00000359380 0 0 0 0 0 0 250 250 
9606.ENSP00000353032 9606.ENSP00000480012 0 0 0 0 0 0 321 321 
9606.ENSP00000353032 9606.ENSP00000288139 0 0 0 0 0 0 200 200 
9606.ENSP00000353032 9606.ENSP00000301015 0 0 0 0 0 0 265 265 
9606.ENSP00000353032 9606.ENSP00000312082 0 0 0 62 0 0 247 263 
9606.ENSP00000353032 9606.ENSP00000416250 0 0 0 0 635 0 0 635 
9606.ENSP00000353032 9606.ENSP00000308361 0 0 0 0 0 0 680 680 
9606.ENSP00000353032 9606.ENSP00000368752 0 0 0 0 0 0 180 180 
9606.ENSP00000353032 9606.ENSP00000380241 0 0 0 0 0 0 227 227 
9606.ENSP00000353032 9606.ENSP00000463574 0 0 0 0 0 0 344 344 
9606.ENSP00000353032 9606.ENSP00000358784 0 0 0 0 0 0 190 190 
9606.ENSP00000353032 9606.ENSP00000269195 0 0 0 0 195 0 0 195 
9606.ENSP00000353032 9606.ENSP00000216452 0 0 0 0 235 0 0 235 
9606.ENSP00000353032 9606.ENSP00000366843 0 0 0 0 0 0 222 222 
9606.ENSP00000353032 9606.ENSP00000411152 0 0 0 0 0 0 161 161 
9606.ENSP00000353032 9606.ENSP00000422338 0 0 0 63 0 0 147 166 
9606.ENSP00000353032 9606.ENSP00000385019 0 0 0 0 0 0 210 210 
9606.ENSP00000353032 9606.ENSP00000282561 0 0 0 0 0 0 360 360 
9606.ENSP00000353032 9606.ENSP00000363089 0 0 0 59 0 0 425 435 
