9606.ENSP00000248114 9606.ENSP00000306425 0 0 0 0 0 900 472 944 
9606.ENSP00000248114 9606.ENSP00000358149 0 0 0 104 0 0 284 332 
9606.ENSP00000248114 9606.ENSP00000294053 0 0 0 90 0 0 116 161 
9606.ENSP00000248114 9606.ENSP00000300619 0 0 0 49 0 0 148 155 
9606.ENSP00000248114 9606.ENSP00000327801 0 0 0 79 0 0 534 553 
9606.ENSP00000248114 9606.ENSP00000360266 0 0 0 0 0 0 165 165 
9606.ENSP00000248114 9606.ENSP00000364815 0 0 0 109 0 0 117 180 
9606.ENSP00000248114 9606.ENSP00000199447 0 0 0 65 0 0 168 188 
9606.ENSP00000248114 9606.ENSP00000382863 0 0 0 61 0 0 386 398 
9606.ENSP00000248114 9606.ENSP00000454836 0 0 0 97 0 0 138 188 
9606.ENSP00000248114 9606.ENSP00000467266 0 0 0 62 0 0 285 300 
9606.ENSP00000248114 9606.ENSP00000341838 0 0 0 0 0 0 327 327 
9606.ENSP00000248114 9606.ENSP00000356694 0 0 0 0 0 0 186 186 
9606.ENSP00000248114 9606.ENSP00000362576 0 0 0 64 0 0 377 392 
9606.ENSP00000248114 9606.ENSP00000344219 0 0 0 0 0 0 172 172 
9606.ENSP00000248114 9606.ENSP00000445806 0 0 0 204 0 0 791 826 
9606.ENSP00000248114 9606.ENSP00000342056 0 0 0 0 0 0 300 300 
9606.ENSP00000248114 9606.ENSP00000242839 0 0 0 0 0 0 221 221 
9606.ENSP00000248114 9606.ENSP00000283916 0 0 0 62 0 0 531 541 
9606.ENSP00000248114 9606.ENSP00000393241 0 0 0 63 0 0 217 235 
9606.ENSP00000248114 9606.ENSP00000383365 0 0 0 62 0 0 255 271 
9606.ENSP00000248114 9606.ENSP00000270538 0 0 0 80 0 0 716 727 
9606.ENSP00000248114 9606.ENSP00000317971 0 0 0 0 0 0 217 217 
9606.ENSP00000248114 9606.ENSP00000309539 0 0 0 0 0 0 155 155 
9606.ENSP00000248114 9606.ENSP00000436318 0 0 0 0 0 0 477 477 
9606.ENSP00000248114 9606.ENSP00000311733 0 0 0 0 0 0 347 347 
9606.ENSP00000248114 9606.ENSP00000318480 0 0 0 61 51 0 495 511 
9606.ENSP00000248114 9606.ENSP00000341030 0 0 0 0 305 0 0 305 
9606.ENSP00000248114 9606.ENSP00000381185 0 0 0 0 0 0 468 468 
9606.ENSP00000248114 9606.ENSP00000281043 0 0 0 0 0 0 191 191 
9606.ENSP00000248114 9606.ENSP00000411565 0 0 0 61 0 0 136 154 
9606.ENSP00000248114 9606.ENSP00000363211 0 0 0 70 129 0 156 256 
9606.ENSP00000248114 9606.ENSP00000355094 0 0 0 230 0 0 0 230 
9606.ENSP00000248114 9606.ENSP00000300145 0 0 0 64 0 0 790 795 
9606.ENSP00000248114 9606.ENSP00000368688 0 0 0 0 0 0 211 211 
9606.ENSP00000248114 9606.ENSP00000252137 0 0 0 108 0 0 139 200 
9606.ENSP00000248114 9606.ENSP00000265316 0 0 0 63 0 0 240 258 
9606.ENSP00000248114 9606.ENSP00000367629 0 0 0 318 0 0 87 351 
9606.ENSP00000248114 9606.ENSP00000378294 0 0 0 84 0 0 133 172 
9606.ENSP00000248114 9606.ENSP00000262375 0 0 0 81 0 0 393 418 
9606.ENSP00000248114 9606.ENSP00000383118 0 0 0 0 0 0 222 222 
9606.ENSP00000248114 9606.ENSP00000258886 0 0 0 0 0 0 204 204 
9606.ENSP00000248114 9606.ENSP00000391826 0 0 0 0 0 0 229 229 
9606.ENSP00000248114 9606.ENSP00000379999 0 0 0 83 185 0 410 521 
9606.ENSP00000248114 9606.ENSP00000481421 0 0 0 0 0 0 351 351 
9606.ENSP00000248114 9606.ENSP00000290349 0 0 0 61 0 0 136 154 
9606.ENSP00000248114 9606.ENSP00000225777 0 0 0 0 0 0 177 177 
9606.ENSP00000248114 9606.ENSP00000484887 0 0 0 0 0 0 189 189 
9606.ENSP00000248114 9606.ENSP00000253255 0 0 0 0 0 0 282 282 
9606.ENSP00000248114 9606.ENSP00000313432 0 0 0 0 847 0 0 847 
9606.ENSP00000248114 9606.ENSP00000269973 0 0 0 49 0 0 249 255 
9606.ENSP00000248114 9606.ENSP00000320658 0 0 0 61 0 0 164 181 
9606.ENSP00000248114 9606.ENSP00000479860 0 0 0 72 0 0 139 167 
9606.ENSP00000248114 9606.ENSP00000307786 0 0 0 63 267 0 861 896 
9606.ENSP00000248114 9606.ENSP00000378408 0 0 0 72 0 0 370 390 
9606.ENSP00000248114 9606.ENSP00000270517 0 0 0 137 0 0 132 219 
9606.ENSP00000248114 9606.ENSP00000216455 0 0 0 65 0 0 182 203 
9606.ENSP00000248114 9606.ENSP00000317159 0 0 0 142 0 0 241 321 
9606.ENSP00000248114 9606.ENSP00000254730 0 0 0 129 0 0 86 170 
9606.ENSP00000248114 9606.ENSP00000226730 0 0 0 0 0 0 213 213 
9606.ENSP00000248114 9606.ENSP00000396308 0 0 0 0 0 0 198 198 
9606.ENSP00000248114 9606.ENSP00000343690 0 0 0 0 0 0 155 155 
9606.ENSP00000248114 9606.ENSP00000262844 0 0 0 0 211 0 0 211 
9606.ENSP00000248114 9606.ENSP00000370981 0 0 0 577 0 0 0 577 
9606.ENSP00000248114 9606.ENSP00000452398 0 0 0 0 0 0 214 214 
9606.ENSP00000248114 9606.ENSP00000351284 0 0 0 0 0 0 212 212 
9606.ENSP00000248114 9606.ENSP00000356134 0 0 0 63 0 0 132 151 
9606.ENSP00000248114 9606.ENSP00000330237 0 0 0 0 0 0 230 230 
9606.ENSP00000248114 9606.ENSP00000432561 0 0 0 0 0 0 211 211 
9606.ENSP00000248114 9606.ENSP00000420174 0 0 0 0 0 0 342 342 
9606.ENSP00000248114 9606.ENSP00000363868 0 0 0 112 0 0 125 190 
9606.ENSP00000248114 9606.ENSP00000438455 0 0 0 61 0 900 483 947 
9606.ENSP00000248114 9606.ENSP00000369314 0 0 0 64 0 0 481 493 
9606.ENSP00000248114 9606.ENSP00000356972 0 0 0 0 0 0 242 242 
9606.ENSP00000248114 9606.ENSP00000299335 0 0 0 65 0 0 496 508 
9606.ENSP00000248114 9606.ENSP00000326031 0 55 0 82 0 0 98 150 
9606.ENSP00000248114 9606.ENSP00000325958 0 0 0 74 0 0 213 240 
9606.ENSP00000248114 9606.ENSP00000369666 0 0 0 146 0 0 170 260 
9606.ENSP00000248114 9606.ENSP00000362680 0 0 0 89 0 0 111 156 
9606.ENSP00000248114 9606.ENSP00000349547 0 0 0 0 0 0 226 226 
9606.ENSP00000248114 9606.ENSP00000418348 0 0 0 0 185 0 104 238 
9606.ENSP00000248114 9606.ENSP00000418668 0 0 0 0 0 0 218 218 
9606.ENSP00000248114 9606.ENSP00000459566 0 0 0 49 0 0 173 179 
9606.ENSP00000248114 9606.ENSP00000367823 0 0 0 637 0 0 0 637 
9606.ENSP00000248114 9606.ENSP00000375919 0 0 0 0 0 0 206 206 
9606.ENSP00000248114 9606.ENSP00000342015 0 0 0 61 0 900 855 985 
9606.ENSP00000248114 9606.ENSP00000296786 0 0 0 64 0 0 167 186 
9606.ENSP00000248114 9606.ENSP00000321498 0 0 0 0 0 0 317 317 
9606.ENSP00000248114 9606.ENSP00000236147 0 0 0 0 0 0 227 227 
9606.ENSP00000248114 9606.ENSP00000301732 0 0 0 818 0 0 146 838 
9606.ENSP00000248114 9606.ENSP00000381824 0 0 0 77 0 0 153 185 
9606.ENSP00000248114 9606.ENSP00000262302 0 0 0 82 0 0 281 312 
9606.ENSP00000248114 9606.ENSP00000219069 0 0 0 69 0 0 287 308 
9606.ENSP00000248114 9606.ENSP00000352639 0 0 0 62 0 0 170 188 
9606.ENSP00000248114 9606.ENSP00000351342 0 0 0 49 0 0 181 188 
9606.ENSP00000248114 9606.ENSP00000360035 0 0 0 0 0 0 371 371 
9606.ENSP00000248114 9606.ENSP00000459043 0 0 0 228 0 0 0 228 
9606.ENSP00000248114 9606.ENSP00000361923 0 0 0 88 0 0 234 272 
9606.ENSP00000248114 9606.ENSP00000418944 0 0 0 0 0 0 372 372 
9606.ENSP00000248114 9606.ENSP00000363641 0 0 0 61 379 0 659 784 
9606.ENSP00000248114 9606.ENSP00000420026 0 0 0 141 0 0 551 598 
9606.ENSP00000248114 9606.ENSP00000478035 0 0 0 97 0 0 411 445 
9606.ENSP00000248114 9606.ENSP00000370648 0 0 0 61 0 0 147 164 
9606.ENSP00000248114 9606.ENSP00000296518 0 0 0 0 0 0 160 160 
9606.ENSP00000248114 9606.ENSP00000430598 0 0 0 61 0 0 293 308 
9606.ENSP00000248114 9606.ENSP00000358810 0 0 0 0 0 0 154 154 
9606.ENSP00000248114 9606.ENSP00000426638 0 0 0 0 0 0 161 161 
9606.ENSP00000248114 9606.ENSP00000419975 0 0 0 0 0 0 211 211 
9606.ENSP00000248114 9606.ENSP00000342026 0 0 0 0 0 0 150 150 
9606.ENSP00000248114 9606.ENSP00000259335 0 0 0 0 0 0 214 214 
9606.ENSP00000248114 9606.ENSP00000238994 0 0 0 0 0 0 225 225 
9606.ENSP00000248114 9606.ENSP00000365694 0 0 0 0 0 0 309 309 
9606.ENSP00000248114 9606.ENSP00000357360 0 0 0 99 0 0 178 228 
9606.ENSP00000248114 9606.ENSP00000356410 0 0 0 64 0 0 380 395 
9606.ENSP00000248114 9606.ENSP00000295897 0 0 0 0 0 0 267 267 
9606.ENSP00000248114 9606.ENSP00000301585 0 0 0 129 0 0 128 208 
9606.ENSP00000248114 9606.ENSP00000295600 0 0 0 0 0 0 235 235 
9606.ENSP00000248114 9606.ENSP00000368341 0 0 0 0 0 0 159 159 
9606.ENSP00000248114 9606.ENSP00000369703 0 0 0 62 139 0 0 157 
9606.ENSP00000248114 9606.ENSP00000379845 0 0 0 0 0 0 321 321 
9606.ENSP00000248114 9606.ENSP00000310491 0 0 0 0 0 0 254 254 
9606.ENSP00000248114 9606.ENSP00000449079 0 0 0 61 0 0 339 353 
9606.ENSP00000248114 9606.ENSP00000297534 0 0 0 62 0 0 162 180 
9606.ENSP00000248114 9606.ENSP00000346001 0 0 0 62 0 0 416 428 
9606.ENSP00000248114 9606.ENSP00000417548 0 0 0 64 0 0 270 287 
9606.ENSP00000248114 9606.ENSP00000370376 0 0 0 0 0 0 468 468 
9606.ENSP00000248114 9606.ENSP00000264093 0 0 0 0 0 0 173 173 
9606.ENSP00000248114 9606.ENSP00000269305 0 0 0 0 0 0 230 230 
9606.ENSP00000248114 9606.ENSP00000301727 0 0 0 105 0 0 160 216 
9606.ENSP00000248114 9606.ENSP00000344041 0 0 0 0 0 0 177 177 
9606.ENSP00000248114 9606.ENSP00000355308 0 0 0 0 0 0 252 252 
9606.ENSP00000248114 9606.ENSP00000385790 0 0 0 0 0 0 171 171 
9606.ENSP00000248114 9606.ENSP00000400365 0 0 0 0 0 0 214 214 
9606.ENSP00000248114 9606.ENSP00000323678 0 0 0 0 0 0 222 222 
9606.ENSP00000248114 9606.ENSP00000387699 0 0 0 0 0 0 222 222 
9606.ENSP00000248114 9606.ENSP00000415579 0 0 0 49 0 0 482 486 
9606.ENSP00000248114 9606.ENSP00000332433 0 0 0 49 0 0 325 330 
9606.ENSP00000248114 9606.ENSP00000380659 0 0 0 818 0 0 0 818 
9606.ENSP00000248114 9606.ENSP00000362935 0 0 0 0 0 0 281 281 
9606.ENSP00000248114 9606.ENSP00000314499 0 0 0 343 0 0 93 378 
9606.ENSP00000248114 9606.ENSP00000365007 0 0 0 64 0 0 270 287 
9606.ENSP00000248114 9606.ENSP00000454646 0 0 0 527 0 0 0 527 
9606.ENSP00000248114 9606.ENSP00000477716 0 0 0 49 0 0 591 594 
9606.ENSP00000248114 9606.ENSP00000262623 0 0 0 0 0 0 313 313 
9606.ENSP00000248114 9606.ENSP00000309899 0 0 0 62 0 0 314 329 
9606.ENSP00000248114 9606.ENSP00000248121 0 0 0 60 0 0 658 665 
9606.ENSP00000248114 9606.ENSP00000317997 0 0 0 0 0 0 156 156 
9606.ENSP00000248114 9606.ENSP00000380793 0 0 0 818 0 0 0 818 
9606.ENSP00000248114 9606.ENSP00000359215 0 0 0 155 0 0 0 155 
9606.ENSP00000248114 9606.ENSP00000354876 0 0 0 62 0 0 416 429 
9606.ENSP00000248114 9606.ENSP00000309477 0 0 0 0 0 0 287 287 
9606.ENSP00000248114 9606.ENSP00000306752 0 0 0 82 0 0 137 174 
9606.ENSP00000248114 9606.ENSP00000482968 0 0 0 545 0 0 56 552 
9606.ENSP00000248114 9606.ENSP00000255390 0 0 0 0 170 0 451 524 
9606.ENSP00000248114 9606.ENSP00000217026 0 0 0 60 0 0 381 393 
9606.ENSP00000248114 9606.ENSP00000366482 0 0 0 68 0 0 419 435 
9606.ENSP00000248114 9606.ENSP00000360157 0 0 0 0 0 0 351 351 
9606.ENSP00000248114 9606.ENSP00000260327 0 0 0 64 0 0 167 186 
9606.ENSP00000248114 9606.ENSP00000356967 0 0 0 99 0 0 441 474 
9606.ENSP00000248114 9606.ENSP00000361021 0 0 0 141 0 0 112 205 
9606.ENSP00000248114 9606.ENSP00000376167 0 0 0 124 305 0 0 365 
9606.ENSP00000248114 9606.ENSP00000303997 0 0 0 0 0 0 279 279 
9606.ENSP00000248114 9606.ENSP00000378588 0 0 0 0 261 0 840 877 
9606.ENSP00000248114 9606.ENSP00000373572 0 0 0 0 0 0 179 179 
9606.ENSP00000248114 9606.ENSP00000254101 0 0 0 0 0 0 167 167 
9606.ENSP00000248114 9606.ENSP00000384491 0 0 0 0 0 0 188 188 
9606.ENSP00000248114 9606.ENSP00000377311 0 0 0 112 0 0 435 476 
9606.ENSP00000248114 9606.ENSP00000361980 0 0 0 0 0 0 293 293 
9606.ENSP00000248114 9606.ENSP00000391457 0 0 0 0 0 0 177 177 
9606.ENSP00000248114 9606.ENSP00000436262 0 0 0 153 0 0 0 153 
9606.ENSP00000248114 9606.ENSP00000271640 0 0 0 0 0 0 267 267 
9606.ENSP00000248114 9606.ENSP00000378517 0 0 0 0 0 0 254 254 
9606.ENSP00000248114 9606.ENSP00000457230 0 0 0 61 0 0 136 154 
9606.ENSP00000248114 9606.ENSP00000296412 0 0 0 0 0 0 286 286 
9606.ENSP00000248114 9606.ENSP00000262238 0 0 0 49 0 0 353 358 
9606.ENSP00000248114 9606.ENSP00000261434 0 0 0 0 0 0 235 235 
9606.ENSP00000248114 9606.ENSP00000308318 0 0 0 0 0 0 456 456 
9606.ENSP00000248114 9606.ENSP00000477908 0 0 0 0 0 0 230 230 
9606.ENSP00000248114 9606.ENSP00000222390 0 0 0 61 0 0 297 311 
9606.ENSP00000248114 9606.ENSP00000259008 0 0 0 62 0 0 184 202 
9606.ENSP00000248114 9606.ENSP00000378830 0 0 0 0 0 0 194 194 
9606.ENSP00000248114 9606.ENSP00000387219 0 0 0 64 0 0 517 529 
9606.ENSP00000248114 9606.ENSP00000350512 0 0 0 62 379 0 647 777 
9606.ENSP00000248114 9606.ENSP00000296577 0 0 0 66 0 0 143 165 
9606.ENSP00000248114 9606.ENSP00000443598 0 0 0 431 0 0 0 431 
9606.ENSP00000248114 9606.ENSP00000264982 0 0 0 0 0 0 194 194 
9606.ENSP00000248114 9606.ENSP00000381148 0 0 0 64 0 0 167 186 
9606.ENSP00000248114 9606.ENSP00000368173 0 0 0 90 0 0 136 180 
9606.ENSP00000248114 9606.ENSP00000221804 0 0 0 0 0 0 286 286 
9606.ENSP00000248114 9606.ENSP00000354499 0 0 0 0 0 0 181 181 
9606.ENSP00000248114 9606.ENSP00000345728 0 0 0 0 0 0 238 238 
9606.ENSP00000248114 9606.ENSP00000380019 0 0 0 818 0 0 0 818 
9606.ENSP00000248114 9606.ENSP00000381007 0 0 0 189 0 0 0 189 
9606.ENSP00000248114 9606.ENSP00000361993 0 0 0 62 0 900 726 972 
9606.ENSP00000248114 9606.ENSP00000467176 0 0 0 0 0 0 181 181 
9606.ENSP00000248114 9606.ENSP00000225726 0 0 0 0 0 0 244 244 
9606.ENSP00000248114 9606.ENSP00000377668 0 0 0 78 0 0 177 209 
9606.ENSP00000248114 9606.ENSP00000199936 0 0 0 0 0 0 336 336 
9606.ENSP00000248114 9606.ENSP00000386717 0 0 0 63 0 0 227 244 
9606.ENSP00000248114 9606.ENSP00000391594 0 0 0 0 0 0 560 560 
9606.ENSP00000248114 9606.ENSP00000380466 0 0 0 63 0 0 411 424 
9606.ENSP00000248114 9606.ENSP00000377033 0 0 0 64 0 0 185 204 
9606.ENSP00000248114 9606.ENSP00000386942 0 0 0 0 0 0 349 349 
9606.ENSP00000248114 9606.ENSP00000417864 0 0 0 63 0 0 310 325 
9606.ENSP00000248114 9606.ENSP00000324124 0 0 0 242 0 0 0 242 
9606.ENSP00000248114 9606.ENSP00000418287 0 0 0 0 0 0 530 530 
9606.ENSP00000248114 9606.ENSP00000386398 0 0 0 62 0 0 246 262 
9606.ENSP00000248114 9606.ENSP00000284287 0 0 0 0 0 0 171 171 
9606.ENSP00000248114 9606.ENSP00000434516 0 0 0 65 0 0 131 152 
9606.ENSP00000248114 9606.ENSP00000373620 0 0 0 63 0 0 267 283 
9606.ENSP00000248114 9606.ENSP00000296511 0 0 0 0 0 0 448 448 
9606.ENSP00000248114 9606.ENSP00000296513 0 0 0 0 0 0 173 173 
9606.ENSP00000248114 9606.ENSP00000381565 0 0 0 0 0 0 376 376 
9606.ENSP00000248114 9606.ENSP00000168216 0 0 0 0 0 0 184 184 
9606.ENSP00000248114 9606.ENSP00000365730 0 0 0 63 0 0 221 238 
9606.ENSP00000248114 9606.ENSP00000362803 0 0 0 108 0 0 146 205 
9606.ENSP00000248114 9606.ENSP00000359740 0 0 0 49 0 0 456 461 
9606.ENSP00000248114 9606.ENSP00000338343 0 0 0 0 0 0 400 400 
9606.ENSP00000248114 9606.ENSP00000380432 0 0 0 0 0 0 208 208 
9606.ENSP00000248114 9606.ENSP00000346340 0 0 0 0 305 0 0 305 
9606.ENSP00000248114 9606.ENSP00000367668 0 0 0 64 0 0 182 202 
9606.ENSP00000248114 9606.ENSP00000359526 0 0 0 62 0 0 182 200 
9606.ENSP00000248114 9606.ENSP00000314132 0 0 0 85 0 0 172 211 
9606.ENSP00000248114 9606.ENSP00000362710 0 0 0 61 0 0 209 225 
9606.ENSP00000248114 9606.ENSP00000485378 0 0 0 61 0 0 171 188 
9606.ENSP00000248114 9606.ENSP00000265107 0 0 0 232 0 0 0 232 
9606.ENSP00000248114 9606.ENSP00000229307 0 0 0 0 0 0 468 468 
9606.ENSP00000248114 9606.ENSP00000356674 0 0 0 49 0 0 181 188 
9606.ENSP00000248114 9606.ENSP00000334314 0 0 0 0 0 0 288 288 
9606.ENSP00000248114 9606.ENSP00000300030 0 0 0 91 0 0 205 246 
9606.ENSP00000248114 9606.ENSP00000264010 0 0 0 49 0 0 470 474 
9606.ENSP00000248114 9606.ENSP00000396688 0 0 0 0 0 0 152 152 
9606.ENSP00000248114 9606.ENSP00000375907 0 0 0 0 0 0 246 246 
9606.ENSP00000248114 9606.ENSP00000482609 0 0 0 0 0 0 537 537 
9606.ENSP00000248114 9606.ENSP00000333776 0 0 0 49 0 0 203 210 
9606.ENSP00000248114 9606.ENSP00000377914 0 0 0 65 0 0 698 705 
9606.ENSP00000248114 9606.ENSP00000450607 0 0 0 0 321 0 0 321 
9606.ENSP00000248114 9606.ENSP00000459451 0 0 0 0 0 0 161 161 
9606.ENSP00000248114 9606.ENSP00000281741 0 0 0 62 0 0 209 226 
9606.ENSP00000248114 9606.ENSP00000324729 0 0 0 0 0 0 244 244 
9606.ENSP00000248114 9606.ENSP00000452007 0 0 0 63 0 0 442 454 
9606.ENSP00000248114 9606.ENSP00000354923 0 0 0 62 0 0 187 204 
9606.ENSP00000248114 9606.ENSP00000433415 0 0 0 0 0 0 204 204 
9606.ENSP00000248114 9606.ENSP00000483494 0 0 0 573 0 0 93 596 
9606.ENSP00000248114 9606.ENSP00000381859 0 0 0 0 0 0 248 248 
9606.ENSP00000248114 9606.ENSP00000385006 0 0 0 141 638 0 0 676 
9606.ENSP00000248114 9606.ENSP00000373570 0 0 0 0 0 0 187 187 
9606.ENSP00000248114 9606.ENSP00000306625 0 0 0 61 0 0 334 347 
9606.ENSP00000248114 9606.ENSP00000344504 0 0 0 0 0 0 208 208 
9606.ENSP00000248114 9606.ENSP00000385828 0 0 0 69 0 0 142 167 
9606.ENSP00000248114 9606.ENSP00000348510 0 0 0 62 0 0 222 239 
9606.ENSP00000248114 9606.ENSP00000367408 0 0 0 0 0 0 155 155 
9606.ENSP00000248114 9606.ENSP00000276651 0 0 0 0 0 0 155 155 
9606.ENSP00000248114 9606.ENSP00000240123 0 0 0 76 0 0 127 158 
9606.ENSP00000248114 9606.ENSP00000398597 0 0 0 133 0 0 106 191 
9606.ENSP00000248114 9606.ENSP00000281081 0 0 0 63 0 0 369 383 
9606.ENSP00000248114 9606.ENSP00000348442 0 0 0 62 0 0 133 152 
9606.ENSP00000248114 9606.ENSP00000368523 0 0 0 58 0 0 339 350 
9606.ENSP00000248114 9606.ENSP00000229135 0 0 0 0 0 0 215 215 
9606.ENSP00000248114 9606.ENSP00000382595 0 0 0 0 0 0 264 264 
9606.ENSP00000248114 9606.ENSP00000297477 0 0 0 0 0 0 171 171 
9606.ENSP00000248114 9606.ENSP00000348828 0 0 0 519 0 0 0 519 
9606.ENSP00000248114 9606.ENSP00000302961 0 0 0 51 0 0 219 227 
9606.ENSP00000248114 9606.ENSP00000475473 0 0 0 0 0 0 354 354 
9606.ENSP00000248114 9606.ENSP00000484525 0 0 0 98 0 0 206 253 
9606.ENSP00000248114 9606.ENSP00000386456 0 0 0 0 0 0 206 206 
9606.ENSP00000248114 9606.ENSP00000337688 0 0 0 0 64 0 175 195 
9606.ENSP00000248114 9606.ENSP00000370377 0 0 0 0 0 0 202 202 
9606.ENSP00000248114 9606.ENSP00000288774 0 0 0 76 0 0 203 232 
9606.ENSP00000248114 9606.ENSP00000333401 0 0 0 188 0 0 143 274 
9606.ENSP00000248114 9606.ENSP00000264051 0 0 0 301 0 0 0 301 
9606.ENSP00000248114 9606.ENSP00000409799 0 0 0 62 0 0 206 223 
9606.ENSP00000248114 9606.ENSP00000353920 0 0 0 0 0 0 339 339 
9606.ENSP00000248114 9606.ENSP00000260408 0 0 0 0 0 0 175 175 
9606.ENSP00000248114 9606.ENSP00000335595 0 0 0 0 0 0 282 282 
9606.ENSP00000248114 9606.ENSP00000410339 0 0 0 115 0 0 675 700 
9606.ENSP00000248114 9606.ENSP00000411409 0 0 0 104 114 0 0 172 
9606.ENSP00000248114 9606.ENSP00000221130 0 0 0 77 0 0 483 502 
9606.ENSP00000248114 9606.ENSP00000310696 0 0 0 77 0 0 160 191 
9606.ENSP00000248114 9606.ENSP00000337976 0 0 0 75 0 0 138 168 
9606.ENSP00000248114 9606.ENSP00000418719 0 0 0 49 0 0 329 334 
9606.ENSP00000248114 9606.ENSP00000223127 0 0 0 0 0 0 173 173 
9606.ENSP00000248114 9606.ENSP00000356574 0 0 0 0 0 0 736 736 
9606.ENSP00000248114 9606.ENSP00000306328 0 0 0 59 0 0 248 262 
9606.ENSP00000248114 9606.ENSP00000358022 0 0 0 0 0 0 254 254 
9606.ENSP00000248114 9606.ENSP00000265171 0 0 0 0 0 0 212 212 
9606.ENSP00000248114 9606.ENSP00000396648 0 0 0 0 0 0 161 161 
9606.ENSP00000248114 9606.ENSP00000274137 0 0 0 111 0 0 269 322 
9606.ENSP00000248114 9606.ENSP00000259915 0 0 0 55 0 0 452 459 
9606.ENSP00000248114 9606.ENSP00000379712 0 0 0 69 0 0 240 262 
9606.ENSP00000248114 9606.ENSP00000316905 0 0 0 0 221 0 0 221 
9606.ENSP00000248114 9606.ENSP00000224073 0 0 0 173 0 0 0 173 
9606.ENSP00000248114 9606.ENSP00000451818 0 0 0 0 0 0 493 493 
9606.ENSP00000248114 9606.ENSP00000370750 0 0 0 61 0 0 147 164 
9606.ENSP00000248114 9606.ENSP00000354560 0 0 0 0 0 0 208 208 
9606.ENSP00000248114 9606.ENSP00000380008 0 0 0 0 0 0 201 201 
9606.ENSP00000248114 9606.ENSP00000260570 0 0 0 0 0 0 171 171 
9606.ENSP00000248114 9606.ENSP00000420919 0 0 0 0 0 0 189 189 
9606.ENSP00000248114 9606.ENSP00000340684 0 0 0 0 0 0 173 173 
9606.ENSP00000248114 9606.ENSP00000282903 0 0 0 0 0 0 173 173 
9606.ENSP00000248114 9606.ENSP00000380958 0 0 0 0 0 0 191 191 
9606.ENSP00000248114 9606.ENSP00000228437 0 0 0 49 0 0 144 151 
9606.ENSP00000248114 9606.ENSP00000357461 0 0 0 226 0 0 0 226 
9606.ENSP00000248114 9606.ENSP00000311032 0 0 0 0 0 0 167 167 
9606.ENSP00000248114 9606.ENSP00000262878 0 0 0 0 0 0 158 158 
9606.ENSP00000248114 9606.ENSP00000321606 0 0 0 0 0 0 155 155 
9606.ENSP00000248114 9606.ENSP00000351536 0 0 0 65 0 0 769 775 
9606.ENSP00000248114 9606.ENSP00000371211 0 0 0 818 0 0 0 818 
9606.ENSP00000248114 9606.ENSP00000400906 0 0 0 152 0 0 0 152 
9606.ENSP00000248114 9606.ENSP00000450614 0 0 0 61 0 0 136 154 
9606.ENSP00000248114 9606.ENSP00000478672 0 0 0 0 0 0 188 188 
9606.ENSP00000248114 9606.ENSP00000362057 0 0 0 0 0 0 195 195 
9606.ENSP00000248114 9606.ENSP00000468897 0 0 0 0 0 0 154 154 
9606.ENSP00000248114 9606.ENSP00000298699 0 0 0 64 0 0 297 313 
9606.ENSP00000248114 9606.ENSP00000356468 0 0 0 60 0 0 149 166 
9606.ENSP00000248114 9606.ENSP00000358060 0 0 0 62 0 0 251 267 
9606.ENSP00000248114 9606.ENSP00000261254 0 0 0 0 0 0 256 256 
9606.ENSP00000248114 9606.ENSP00000248089 0 0 0 90 0 0 419 449 
9606.ENSP00000248114 9606.ENSP00000423822 0 0 0 64 0 0 162 182 
9606.ENSP00000248114 9606.ENSP00000343428 0 0 0 0 0 0 189 189 
9606.ENSP00000248114 9606.ENSP00000257904 0 0 0 61 138 0 44 158 
9606.ENSP00000248114 9606.ENSP00000267859 0 0 0 0 0 0 254 254 
9606.ENSP00000248114 9606.ENSP00000268483 0 0 0 0 0 0 161 161 
9606.ENSP00000248114 9606.ENSP00000317272 0 0 0 0 0 0 183 183 
9606.ENSP00000248114 9606.ENSP00000471455 0 0 0 200 0 0 0 200 
9606.ENSP00000248114 9606.ENSP00000264192 0 0 0 0 0 0 237 237 
9606.ENSP00000248114 9606.ENSP00000437402 0 0 0 61 0 0 210 226 
9606.ENSP00000248114 9606.ENSP00000374399 0 0 0 201 0 0 0 201 
9606.ENSP00000248114 9606.ENSP00000216268 0 0 0 0 0 0 156 156 
9606.ENSP00000248114 9606.ENSP00000215570 0 0 0 86 0 900 860 986 
9606.ENSP00000248114 9606.ENSP00000306397 0 0 0 0 0 0 249 249 
9606.ENSP00000248114 9606.ENSP00000292147 0 0 0 55 0 0 247 258 
9606.ENSP00000248114 9606.ENSP00000363314 0 0 0 0 0 0 448 448 
9606.ENSP00000248114 9606.ENSP00000310721 0 0 0 0 0 0 215 215 
9606.ENSP00000248114 9606.ENSP00000291458 0 0 0 173 0 0 0 173 
9606.ENSP00000248114 9606.ENSP00000356807 0 0 0 0 0 0 447 447 
9606.ENSP00000248114 9606.ENSP00000331504 0 0 0 0 0 0 268 268 
9606.ENSP00000248114 9606.ENSP00000371554 0 0 0 54 0 0 363 371 
9606.ENSP00000248114 9606.ENSP00000204679 0 0 0 0 0 0 284 284 
9606.ENSP00000248114 9606.ENSP00000168712 0 0 0 0 0 0 203 203 
9606.ENSP00000248114 9606.ENSP00000383145 0 0 0 0 0 0 234 234 
9606.ENSP00000248114 9606.ENSP00000365837 0 0 0 77 0 0 264 292 
9606.ENSP00000248114 9606.ENSP00000216034 0 0 0 63 0 0 722 728 
9606.ENSP00000248114 9606.ENSP00000297504 0 0 0 61 0 0 152 169 
9606.ENSP00000248114 9606.ENSP00000262394 0 0 0 49 0 0 383 388 
9606.ENSP00000248114 9606.ENSP00000384851 0 0 0 114 0 0 108 177 
9606.ENSP00000248114 9606.ENSP00000431404 0 0 0 0 0 0 153 153 
9606.ENSP00000248114 9606.ENSP00000391121 0 0 0 61 0 0 153 170 
9606.ENSP00000248114 9606.ENSP00000353377 0 0 0 0 0 0 248 248 
9606.ENSP00000248114 9606.ENSP00000271277 0 0 0 0 0 0 150 150 
9606.ENSP00000248114 9606.ENSP00000365243 0 0 0 0 0 0 161 161 
9606.ENSP00000248114 9606.ENSP00000262626 0 0 0 62 0 0 166 184 
9606.ENSP00000248114 9606.ENSP00000356951 0 0 0 0 0 0 204 204 
9606.ENSP00000248114 9606.ENSP00000319705 0 0 0 534 0 0 0 534 
9606.ENSP00000248114 9606.ENSP00000381773 0 0 0 96 0 0 126 176 
9606.ENSP00000248114 9606.ENSP00000353270 0 0 0 64 0 0 168 188 
9606.ENSP00000248114 9606.ENSP00000311677 0 0 0 0 0 0 247 247 
9606.ENSP00000248114 9606.ENSP00000339435 0 0 0 52 0 0 205 214 
9606.ENSP00000248114 9606.ENSP00000315152 0 0 0 55 0 0 168 180 
9606.ENSP00000248114 9606.ENSP00000363804 0 0 0 49 0 0 354 359 
9606.ENSP00000248114 9606.ENSP00000460885 0 0 0 88 0 0 427 455 
9606.ENSP00000248114 9606.ENSP00000257818 0 0 0 0 0 0 254 254 
9606.ENSP00000248114 9606.ENSP00000299440 0 0 0 0 0 0 192 192 
9606.ENSP00000248114 9606.ENSP00000371388 0 0 0 65 0 0 147 168 
9606.ENSP00000248114 9606.ENSP00000264954 0 0 0 87 0 0 532 554 
9606.ENSP00000248114 9606.ENSP00000483599 0 0 0 0 0 0 179 179 
9606.ENSP00000248114 9606.ENSP00000418695 0 0 0 81 0 0 314 342 
9606.ENSP00000248114 9606.ENSP00000382163 0 0 0 0 0 0 314 314 
9606.ENSP00000248114 9606.ENSP00000221891 0 0 0 0 0 0 319 319 
9606.ENSP00000248114 9606.ENSP00000358999 0 0 0 65 0 0 187 207 
9606.ENSP00000248114 9606.ENSP00000262189 0 0 0 0 0 0 426 426 
9606.ENSP00000248114 9606.ENSP00000418428 0 0 0 97 0 900 360 937 
9606.ENSP00000248114 9606.ENSP00000379042 0 0 0 0 147 0 494 549 
9606.ENSP00000248114 9606.ENSP00000227507 0 0 0 0 0 0 185 185 
9606.ENSP00000248114 9606.ENSP00000415941 0 0 0 0 0 0 154 154 
9606.ENSP00000248114 9606.ENSP00000368169 0 0 0 111 0 0 110 175 
9606.ENSP00000248114 9606.ENSP00000282356 0 0 0 0 0 0 275 275 
9606.ENSP00000248114 9606.ENSP00000359454 0 0 0 61 0 0 159 176 
9606.ENSP00000248114 9606.ENSP00000265333 0 0 0 0 0 0 294 294 
9606.ENSP00000248114 9606.ENSP00000484656 0 0 0 0 0 0 177 177 
9606.ENSP00000248114 9606.ENSP00000376943 0 0 0 0 0 0 234 234 
9606.ENSP00000248114 9606.ENSP00000241052 0 0 0 0 0 0 186 186 
9606.ENSP00000248114 9606.ENSP00000437550 0 0 0 0 0 0 212 212 
9606.ENSP00000248114 9606.ENSP00000288135 0 0 0 0 0 0 231 231 
9606.ENSP00000248114 9606.ENSP00000373477 0 0 0 64 0 0 140 160 
9606.ENSP00000248114 9606.ENSP00000354681 0 0 0 0 0 0 255 255 
9606.ENSP00000248114 9606.ENSP00000384000 0 0 0 49 0 0 219 226 
9606.ENSP00000248114 9606.ENSP00000347872 0 0 0 55 0 0 269 279 
9606.ENSP00000248114 9606.ENSP00000364631 0 0 0 63 0 0 137 156 
9606.ENSP00000248114 9606.ENSP00000379364 0 0 0 0 0 0 167 167 
9606.ENSP00000248114 9606.ENSP00000351015 0 0 0 0 0 0 229 229 
9606.ENSP00000248114 9606.ENSP00000355026 0 0 0 301 0 0 0 301 
9606.ENSP00000248114 9606.ENSP00000359211 0 0 0 0 0 0 180 180 
9606.ENSP00000248114 9606.ENSP00000029410 0 0 0 121 0 0 227 291 
9606.ENSP00000248114 9606.ENSP00000331369 0 0 0 82 0 0 317 346 
9606.ENSP00000248114 9606.ENSP00000262027 0 0 0 62 108 0 93 174 
9606.ENSP00000248114 9606.ENSP00000269143 0 0 0 62 0 0 248 265 
9606.ENSP00000248114 9606.ENSP00000235329 0 0 0 65 0 0 221 241 
9606.ENSP00000248114 9606.ENSP00000387471 0 0 0 91 0 0 162 205 
9606.ENSP00000248114 9606.ENSP00000292907 0 0 0 0 0 0 469 469 
9606.ENSP00000248114 9606.ENSP00000368646 0 0 0 0 0 0 248 248 
9606.ENSP00000248114 9606.ENSP00000326579 0 0 0 63 194 0 502 591 
9606.ENSP00000248114 9606.ENSP00000377494 0 0 0 0 0 0 214 214 
9606.ENSP00000248114 9606.ENSP00000264047 0 0 0 0 0 0 309 309 
9606.ENSP00000248114 9606.ENSP00000475084 0 0 0 0 0 0 156 156 
9606.ENSP00000248114 9606.ENSP00000343204 0 0 0 153 0 0 0 153 
9606.ENSP00000248114 9606.ENSP00000318158 0 0 0 64 0 0 339 355 
9606.ENSP00000248114 9606.ENSP00000356256 0 0 0 83 185 0 656 720 
9606.ENSP00000248114 9606.ENSP00000361892 0 0 0 62 0 0 258 274 
9606.ENSP00000248114 9606.ENSP00000345282 0 0 0 0 0 0 271 271 
9606.ENSP00000248114 9606.ENSP00000264389 0 0 0 0 0 0 300 300 
9606.ENSP00000248114 9606.ENSP00000296271 0 0 0 0 0 0 188 188 
9606.ENSP00000248114 9606.ENSP00000310623 0 0 0 0 0 0 450 450 
9606.ENSP00000248114 9606.ENSP00000264995 0 0 0 63 0 0 181 199 
9606.ENSP00000248114 9606.ENSP00000316173 0 0 0 0 0 0 195 195 
9606.ENSP00000248114 9606.ENSP00000325655 0 0 0 0 0 900 243 921 
9606.ENSP00000248114 9606.ENSP00000378812 0 0 0 64 0 900 282 926 
9606.ENSP00000248114 9606.ENSP00000328059 0 0 0 0 0 0 434 434 
9606.ENSP00000248114 9606.ENSP00000215565 0 0 0 177 0 0 137 259 
9606.ENSP00000248114 9606.ENSP00000369383 0 0 0 61 0 0 190 206 
9606.ENSP00000248114 9606.ENSP00000416515 0 0 0 97 0 0 389 425 
9606.ENSP00000248114 9606.ENSP00000412698 0 0 0 0 0 0 488 488 
9606.ENSP00000248114 9606.ENSP00000342002 0 0 0 49 0 0 209 216 
9606.ENSP00000248114 9606.ENSP00000354558 0 0 0 0 0 0 230 230 
9606.ENSP00000248114 9606.ENSP00000359240 0 0 0 179 0 0 0 179 
9606.ENSP00000248114 9606.ENSP00000323588 0 0 0 0 0 0 313 313 
9606.ENSP00000248114 9606.ENSP00000222330 0 0 0 90 0 0 108 153 
9606.ENSP00000248114 9606.ENSP00000352673 0 0 0 0 0 0 416 416 
9606.ENSP00000248114 9606.ENSP00000407586 0 0 0 185 0 0 0 185 
9606.ENSP00000248114 9606.ENSP00000485628 0 0 0 0 0 0 222 222 
9606.ENSP00000248114 9606.ENSP00000269919 0 0 0 0 204 0 0 204 
9606.ENSP00000248114 9606.ENSP00000357459 0 0 0 0 0 0 188 188 
9606.ENSP00000248114 9606.ENSP00000316842 0 0 0 76 0 0 349 372 
9606.ENSP00000248114 9606.ENSP00000268624 0 0 0 0 0 0 173 173 
9606.ENSP00000248114 9606.ENSP00000274532 0 0 0 0 0 0 339 339 
9606.ENSP00000248114 9606.ENSP00000361667 0 0 0 108 0 0 105 168 
9606.ENSP00000248114 9606.ENSP00000351619 0 0 0 0 0 0 201 201 
9606.ENSP00000248114 9606.ENSP00000325562 0 0 0 0 0 0 224 224 
9606.ENSP00000248114 9606.ENSP00000249442 0 0 0 0 0 0 231 231 
9606.ENSP00000248114 9606.ENSP00000301634 0 0 0 62 0 0 136 154 
9606.ENSP00000248114 9606.ENSP00000252711 0 0 0 0 0 0 226 226 
9606.ENSP00000248114 9606.ENSP00000312250 0 0 0 818 0 0 0 818 
9606.ENSP00000248114 9606.ENSP00000362688 0 0 0 64 0 0 168 187 
9606.ENSP00000248114 9606.ENSP00000323065 0 0 0 152 0 0 0 152 
9606.ENSP00000248114 9606.ENSP00000215567 0 0 0 0 0 0 376 376 
9606.ENSP00000248114 9606.ENSP00000446743 0 0 0 0 0 0 177 177 
9606.ENSP00000248114 9606.ENSP00000264553 0 0 0 62 0 0 148 167 
9606.ENSP00000248114 9606.ENSP00000355672 0 0 0 63 0 0 567 577 
9606.ENSP00000248114 9606.ENSP00000177742 0 0 0 179 0 0 0 179 
9606.ENSP00000248114 9606.ENSP00000396896 0 0 0 89 0 0 127 171 
9606.ENSP00000248114 9606.ENSP00000459533 0 0 0 0 0 0 220 220 
9606.ENSP00000248114 9606.ENSP00000311766 0 0 0 63 0 0 157 176 
9606.ENSP00000248114 9606.ENSP00000346437 0 0 0 52 134 0 64 164 
9606.ENSP00000248114 9606.ENSP00000233627 0 0 0 126 0 0 286 349 
9606.ENSP00000248114 9606.ENSP00000265421 0 0 0 0 0 0 156 156 
9606.ENSP00000248114 9606.ENSP00000262570 0 0 0 0 0 900 357 932 
9606.ENSP00000248114 9606.ENSP00000342267 0 0 0 65 0 0 187 208 
9606.ENSP00000248114 9606.ENSP00000462099 0 0 0 0 0 0 211 211 
9606.ENSP00000248114 9606.ENSP00000393154 0 0 0 0 0 0 470 470 
9606.ENSP00000248114 9606.ENSP00000254868 0 0 0 0 0 0 251 251 
9606.ENSP00000248114 9606.ENSP00000268717 0 0 0 0 0 0 246 246 
9606.ENSP00000248114 9606.ENSP00000295225 0 0 0 50 0 0 160 168 
9606.ENSP00000248114 9606.ENSP00000295951 0 0 0 0 0 0 270 270 
9606.ENSP00000248114 9606.ENSP00000356723 0 0 0 0 0 0 168 168 
9606.ENSP00000248114 9606.ENSP00000250448 0 0 0 0 0 0 296 296 
9606.ENSP00000248114 9606.ENSP00000485133 0 0 0 152 0 0 0 152 
9606.ENSP00000248114 9606.ENSP00000472919 0 0 0 0 0 0 167 167 
9606.ENSP00000248114 9606.ENSP00000237283 0 0 0 65 0 0 427 441 
9606.ENSP00000248114 9606.ENSP00000446252 0 0 0 0 0 0 223 223 
9606.ENSP00000248114 9606.ENSP00000483720 0 0 0 49 0 0 196 202 
9606.ENSP00000248114 9606.ENSP00000341779 0 55 0 62 0 0 147 178 
9606.ENSP00000248114 9606.ENSP00000222286 0 0 0 70 0 0 144 169 
9606.ENSP00000248114 9606.ENSP00000444433 0 0 0 69 0 0 332 352 
9606.ENSP00000248114 9606.ENSP00000276410 0 0 0 191 0 0 0 191 
9606.ENSP00000248114 9606.ENSP00000288466 0 0 0 49 0 0 157 164 
9606.ENSP00000248114 9606.ENSP00000338272 0 0 0 0 0 0 175 175 
9606.ENSP00000248114 9606.ENSP00000265462 0 0 0 104 0 0 113 171 
9606.ENSP00000248114 9606.ENSP00000477841 0 0 0 94 0 0 194 239 
9606.ENSP00000248114 9606.ENSP00000298585 0 0 0 177 0 0 0 177 
9606.ENSP00000248114 9606.ENSP00000461749 0 0 0 91 0 0 167 210 
9606.ENSP00000248114 9606.ENSP00000219400 0 0 0 62 0 900 225 920 
9606.ENSP00000248114 9606.ENSP00000367797 0 0 0 0 0 0 296 296 
9606.ENSP00000248114 9606.ENSP00000362873 0 0 0 81 0 0 131 167 
9606.ENSP00000248114 9606.ENSP00000268124 0 0 0 84 0 0 231 266 
9606.ENSP00000248114 9606.ENSP00000264709 0 0 0 0 0 0 161 161 
9606.ENSP00000248114 9606.ENSP00000360645 0 0 0 0 0 0 538 538 
9606.ENSP00000248114 9606.ENSP00000261881 0 0 0 0 319 0 0 319 
9606.ENSP00000248114 9606.ENSP00000300151 0 0 0 107 0 0 313 360 
9606.ENSP00000248114 9606.ENSP00000361042 0 0 0 0 0 0 300 300 
9606.ENSP00000248114 9606.ENSP00000368165 0 0 0 107 0 0 231 283 
9606.ENSP00000248114 9606.ENSP00000216259 0 0 0 62 0 0 191 209 
9606.ENSP00000248114 9606.ENSP00000363018 0 0 0 65 0 0 271 289 
9606.ENSP00000248114 9606.ENSP00000007390 0 0 0 227 0 0 0 227 
9606.ENSP00000248114 9606.ENSP00000380544 0 0 0 76 0 0 141 172 
9606.ENSP00000248114 9606.ENSP00000315774 0 0 0 117 0 0 173 238 
9606.ENSP00000248114 9606.ENSP00000315680 0 0 0 49 0 0 238 244 
9606.ENSP00000248114 9606.ENSP00000251108 0 0 0 0 0 0 234 234 
9606.ENSP00000248114 9606.ENSP00000399415 0 0 0 0 0 0 164 164 
9606.ENSP00000248114 9606.ENSP00000308032 0 0 0 0 0 0 366 366 
9606.ENSP00000248114 9606.ENSP00000275364 0 0 0 61 0 0 155 173 
9606.ENSP00000248114 9606.ENSP00000419446 0 0 0 0 0 0 173 173 
9606.ENSP00000248114 9606.ENSP00000323288 0 0 0 62 0 0 363 377 
9606.ENSP00000248114 9606.ENSP00000219481 0 0 0 63 0 0 323 339 
9606.ENSP00000248114 9606.ENSP00000478927 0 0 0 0 0 0 400 400 
9606.ENSP00000248114 9606.ENSP00000295767 0 0 0 63 300 900 960 997 
9606.ENSP00000248114 9606.ENSP00000270747 0 0 0 171 0 0 0 171 
9606.ENSP00000248114 9606.ENSP00000402414 0 0 0 0 0 0 187 187 
9606.ENSP00000248114 9606.ENSP00000451828 0 0 0 70 0 0 138 164 
9606.ENSP00000248114 9606.ENSP00000298510 0 0 0 0 0 0 154 154 
9606.ENSP00000248114 9606.ENSP00000370222 0 0 0 61 0 0 228 244 
9606.ENSP00000248114 9606.ENSP00000399805 0 0 0 55 0 0 138 150 
9606.ENSP00000248114 9606.ENSP00000379895 0 0 0 0 0 0 294 294 
9606.ENSP00000248114 9606.ENSP00000350509 0 0 0 0 0 0 416 416 
9606.ENSP00000248114 9606.ENSP00000323895 0 0 0 63 0 0 309 325 
9606.ENSP00000248114 9606.ENSP00000447879 0 0 0 0 0 0 156 156 
9606.ENSP00000248114 9606.ENSP00000301280 0 0 0 76 0 0 177 208 
9606.ENSP00000248114 9606.ENSP00000317780 0 0 0 0 0 0 329 329 
9606.ENSP00000248114 9606.ENSP00000355944 0 0 0 0 0 0 555 555 
9606.ENSP00000248114 9606.ENSP00000248150 0 0 0 0 0 0 447 447 
9606.ENSP00000248114 9606.ENSP00000229239 0 0 0 0 0 0 255 255 
9606.ENSP00000248114 9606.ENSP00000455026 0 0 0 121 0 0 128 201 
9606.ENSP00000248114 9606.ENSP00000337103 0 0 0 0 0 0 214 214 
9606.ENSP00000248114 9606.ENSP00000351686 0 0 0 49 0 0 164 170 
9606.ENSP00000248114 9606.ENSP00000353332 0 0 0 96 0 0 206 251 
9606.ENSP00000248114 9606.ENSP00000387262 0 0 0 0 0 0 505 505 
9606.ENSP00000248114 9606.ENSP00000264657 0 0 0 0 0 0 220 220 
9606.ENSP00000248114 9606.ENSP00000354632 0 0 0 0 0 0 453 453 
9606.ENSP00000248114 9606.ENSP00000328720 0 0 0 0 0 0 207 207 
9606.ENSP00000248114 9606.ENSP00000367086 0 0 0 81 0 0 212 245 
9606.ENSP00000248114 9606.ENSP00000259870 0 0 0 0 0 0 402 402 
9606.ENSP00000248114 9606.ENSP00000205402 0 0 0 61 0 0 194 210 
9606.ENSP00000248114 9606.ENSP00000265806 0 0 0 821 0 0 0 821 
9606.ENSP00000248114 9606.ENSP00000295324 0 0 0 0 0 0 187 187 
9606.ENSP00000248114 9606.ENSP00000386869 0 0 0 0 0 0 159 159 
9606.ENSP00000248114 9606.ENSP00000352516 0 0 0 0 0 0 210 210 
9606.ENSP00000248114 9606.ENSP00000359802 0 0 0 49 0 0 173 179 
9606.ENSP00000248114 9606.ENSP00000366157 0 0 0 0 0 0 209 209 
9606.ENSP00000248114 9606.ENSP00000216027 0 0 0 64 118 0 395 457 
9606.ENSP00000248114 9606.ENSP00000382120 0 0 0 64 0 0 158 178 
9606.ENSP00000248114 9606.ENSP00000309565 0 0 0 0 0 0 171 171 
9606.ENSP00000248114 9606.ENSP00000316543 0 0 0 0 0 0 165 165 
9606.ENSP00000248114 9606.ENSP00000300952 0 0 0 0 0 0 198 198 
9606.ENSP00000248114 9606.ENSP00000304331 0 0 0 0 0 0 242 242 
9606.ENSP00000248114 9606.ENSP00000352904 0 0 0 0 0 0 216 216 
9606.ENSP00000248114 9606.ENSP00000304429 0 0 0 0 0 0 161 161 
9606.ENSP00000248114 9606.ENSP00000284061 0 0 0 0 0 0 269 269 
9606.ENSP00000248114 9606.ENSP00000408288 0 0 0 0 0 0 209 209 
9606.ENSP00000248114 9606.ENSP00000268719 0 0 0 0 0 0 208 208 
9606.ENSP00000248114 9606.ENSP00000351214 0 0 0 0 0 0 398 398 
9606.ENSP00000248114 9606.ENSP00000230050 0 0 0 61 0 0 184 201 
9606.ENSP00000248114 9606.ENSP00000254654 0 0 0 51 0 0 251 259 
9606.ENSP00000248114 9606.ENSP00000332595 0 0 0 49 0 0 680 682 
9606.ENSP00000248114 9606.ENSP00000297185 0 0 0 64 0 0 322 338 
9606.ENSP00000248114 9606.ENSP00000357927 0 0 0 0 379 0 643 768 
9606.ENSP00000248114 9606.ENSP00000380450 0 0 0 0 0 0 554 554 
9606.ENSP00000248114 9606.ENSP00000273062 0 0 0 91 0 0 167 210 
9606.ENSP00000248114 9606.ENSP00000423399 0 0 0 250 0 0 0 250 
9606.ENSP00000248114 9606.ENSP00000263270 0 0 0 177 0 0 0 177 
9606.ENSP00000248114 9606.ENSP00000387356 0 0 0 63 0 0 161 180 
9606.ENSP00000248114 9606.ENSP00000360576 0 0 0 113 0 0 529 564 
9606.ENSP00000248114 9606.ENSP00000391601 0 0 0 76 0 0 211 239 
9606.ENSP00000248114 9606.ENSP00000330051 0 0 0 231 0 0 0 231 
9606.ENSP00000248114 9606.ENSP00000449795 0 0 0 0 0 0 389 389 
9606.ENSP00000248114 9606.ENSP00000331087 0 0 0 161 0 0 0 161 
9606.ENSP00000248114 9606.ENSP00000385763 0 0 0 59 0 0 345 357 
9606.ENSP00000248114 9606.ENSP00000171111 0 0 0 80 0 0 138 173 
9606.ENSP00000248114 9606.ENSP00000309430 0 0 0 514 0 0 0 514 
9606.ENSP00000248114 9606.ENSP00000300870 0 0 0 49 0 0 225 231 
9606.ENSP00000248114 9606.ENSP00000420588 0 0 0 62 0 0 224 241 
9606.ENSP00000248114 9606.ENSP00000253047 0 0 0 114 0 0 136 202 
9606.ENSP00000248114 9606.ENSP00000379873 0 0 0 0 0 0 189 189 
9606.ENSP00000248114 9606.ENSP00000372005 0 0 0 58 0 0 555 563 
9606.ENSP00000248114 9606.ENSP00000407521 0 0 0 0 0 0 188 188 
9606.ENSP00000248114 9606.ENSP00000468956 0 0 0 155 0 0 0 155 
9606.ENSP00000248114 9606.ENSP00000329558 0 0 0 87 0 0 439 465 
9606.ENSP00000248114 9606.ENSP00000312741 0 0 0 0 0 0 311 311 
9606.ENSP00000248114 9606.ENSP00000261070 0 0 0 84 128 900 825 984 
9606.ENSP00000248114 9606.ENSP00000474534 0 0 0 69 0 0 128 153 
9606.ENSP00000248114 9606.ENSP00000363642 0 0 0 61 0 0 135 153 
9606.ENSP00000248114 9606.ENSP00000220764 0 0 0 61 0 0 253 268 
9606.ENSP00000248114 9606.ENSP00000344666 0 0 0 0 0 0 187 187 
9606.ENSP00000248114 9606.ENSP00000221855 0 0 0 116 0 0 214 275 
9606.ENSP00000248114 9606.ENSP00000264932 0 0 0 64 157 0 155 275 
9606.ENSP00000248114 9606.ENSP00000353868 0 0 0 65 0 0 144 166 
9606.ENSP00000248114 9606.ENSP00000417190 0 0 0 86 0 0 227 263 
9606.ENSP00000248114 9606.ENSP00000320688 0 0 0 61 0 0 384 396 
9606.ENSP00000248114 9606.ENSP00000327197 0 0 0 62 0 0 229 246 
9606.ENSP00000248114 9606.ENSP00000483491 0 0 0 64 0 0 556 567 
9606.ENSP00000248114 9606.ENSP00000407107 0 0 0 0 0 0 417 417 
9606.ENSP00000248114 9606.ENSP00000219548 0 0 0 168 0 0 0 168 
9606.ENSP00000248114 9606.ENSP00000325674 0 0 0 643 0 0 0 643 
9606.ENSP00000248114 9606.ENSP00000478877 0 0 0 172 0 0 0 172 
9606.ENSP00000248114 9606.ENSP00000261643 0 0 0 80 0 0 303 331 
9606.ENSP00000248114 9606.ENSP00000440864 0 0 0 0 0 0 282 282 
9606.ENSP00000248114 9606.ENSP00000448165 0 0 0 0 0 0 244 244 
9606.ENSP00000248114 9606.ENSP00000358496 0 0 0 60 0 900 0 901 
9606.ENSP00000248114 9606.ENSP00000379396 0 0 0 189 0 0 0 189 
9606.ENSP00000248114 9606.ENSP00000317743 0 0 0 0 0 0 174 174 
9606.ENSP00000248114 9606.ENSP00000357907 0 0 0 0 0 0 193 193 
9606.ENSP00000248114 9606.ENSP00000313816 0 0 0 0 0 0 167 167 
9606.ENSP00000248114 9606.ENSP00000262643 0 0 0 65 0 0 282 299 
9606.ENSP00000248114 9606.ENSP00000373518 0 0 0 0 0 0 208 208 
9606.ENSP00000248114 9606.ENSP00000449089 0 0 0 0 0 0 360 360 
9606.ENSP00000248114 9606.ENSP00000464522 0 0 0 70 129 0 180 278 
9606.ENSP00000248114 9606.ENSP00000352069 0 0 0 0 0 0 384 384 
9606.ENSP00000248114 9606.ENSP00000341213 0 0 0 64 0 0 165 185 
9606.ENSP00000248114 9606.ENSP00000418960 0 0 0 0 0 0 221 221 
9606.ENSP00000248114 9606.ENSP00000231061 0 0 0 0 0 0 292 292 
9606.ENSP00000248114 9606.ENSP00000349576 0 0 0 0 0 0 426 426 
9606.ENSP00000248114 9606.ENSP00000344254 0 0 0 0 0 0 386 386 
9606.ENSP00000248114 9606.ENSP00000305556 0 0 0 0 400 0 54 408 
9606.ENSP00000248114 9606.ENSP00000320236 0 0 0 64 129 0 298 378 
9606.ENSP00000248114 9606.ENSP00000301281 0 0 0 52 0 0 158 167 
9606.ENSP00000248114 9606.ENSP00000457411 0 0 0 242 0 0 0 242 
9606.ENSP00000248114 9606.ENSP00000272190 0 0 0 0 0 0 188 188 
9606.ENSP00000248114 9606.ENSP00000380690 0 0 0 433 0 0 0 433 
9606.ENSP00000248114 9606.ENSP00000267803 0 0 0 534 0 0 0 534 
9606.ENSP00000248114 9606.ENSP00000441823 0 0 0 0 0 0 167 167 
9606.ENSP00000248114 9606.ENSP00000334996 0 0 0 60 0 0 160 176 
9606.ENSP00000248114 9606.ENSP00000261658 0 0 0 0 0 0 187 187 
9606.ENSP00000248114 9606.ENSP00000368253 0 0 0 0 0 0 294 294 
9606.ENSP00000248114 9606.ENSP00000354671 0 0 0 93 0 0 127 174 
9606.ENSP00000248114 9606.ENSP00000328547 0 0 0 61 0 0 135 153 
9606.ENSP00000248114 9606.ENSP00000222008 0 0 0 101 0 0 130 184 
9606.ENSP00000248114 9606.ENSP00000360635 0 0 0 76 0 0 241 268 
9606.ENSP00000248114 9606.ENSP00000398495 0 0 0 0 141 0 91 185 
9606.ENSP00000248114 9606.ENSP00000261751 0 0 0 226 0 0 0 226 
9606.ENSP00000248114 9606.ENSP00000367096 0 0 0 0 0 0 268 268 
9606.ENSP00000248114 9606.ENSP00000370713 0 0 0 0 0 0 339 339 
9606.ENSP00000248114 9606.ENSP00000320949 0 428 0 63 0 0 461 686 
9606.ENSP00000248114 9606.ENSP00000284320 0 0 0 0 0 0 564 564 
9606.ENSP00000248114 9606.ENSP00000364212 0 0 0 0 0 0 426 426 
9606.ENSP00000248114 9606.ENSP00000328069 0 0 0 0 0 0 163 163 
9606.ENSP00000248114 9606.ENSP00000347919 0 0 0 0 0 900 435 941 
9606.ENSP00000248114 9606.ENSP00000419038 0 0 0 0 0 0 186 186 
9606.ENSP00000248114 9606.ENSP00000299166 0 0 0 64 0 0 337 352 
9606.ENSP00000248114 9606.ENSP00000450436 0 0 0 0 0 0 319 319 
9606.ENSP00000248114 9606.ENSP00000429200 0 0 0 55 0 0 213 224 
9606.ENSP00000248114 9606.ENSP00000322439 0 0 0 150 0 0 123 222 
9606.ENSP00000248114 9606.ENSP00000290390 0 0 0 61 0 0 136 154 
9606.ENSP00000248114 9606.ENSP00000361397 0 0 0 0 0 0 186 186 
9606.ENSP00000248114 9606.ENSP00000314029 0 0 0 117 0 0 99 171 
9606.ENSP00000248114 9606.ENSP00000452280 0 0 0 0 0 0 227 227 
9606.ENSP00000248114 9606.ENSP00000355566 0 0 0 0 0 0 396 396 
9606.ENSP00000248114 9606.ENSP00000331698 0 0 0 0 0 0 269 269 
9606.ENSP00000248114 9606.ENSP00000290354 0 0 0 83 0 0 136 174 
9606.ENSP00000248114 9606.ENSP00000342676 0 0 0 198 0 0 0 198 
9606.ENSP00000248114 9606.ENSP00000346103 0 0 0 64 0 0 178 197 
9606.ENSP00000248114 9606.ENSP00000349436 0 0 0 77 0 0 130 162 
9606.ENSP00000248114 9606.ENSP00000332287 0 0 0 0 0 0 177 177 
9606.ENSP00000248114 9606.ENSP00000383042 0 0 0 0 115 0 170 234 
9606.ENSP00000248114 9606.ENSP00000331103 0 0 0 62 0 0 237 254 
9606.ENSP00000248114 9606.ENSP00000169551 0 0 0 0 0 0 640 640 
9606.ENSP00000248114 9606.ENSP00000253024 0 0 0 78 0 0 206 237 
9606.ENSP00000248114 9606.ENSP00000406327 0 0 0 0 0 0 204 204 
9606.ENSP00000248114 9606.ENSP00000286091 0 0 0 56 0 0 222 234 
9606.ENSP00000248114 9606.ENSP00000231420 0 0 0 0 0 0 384 384 
9606.ENSP00000248114 9606.ENSP00000283027 0 0 0 63 0 0 429 442 
9606.ENSP00000248114 9606.ENSP00000480987 0 268 0 64 0 0 0 285 
9606.ENSP00000248114 9606.ENSP00000354554 0 0 0 0 0 0 390 390 
9606.ENSP00000248114 9606.ENSP00000398131 0 0 0 62 0 0 177 195 
9606.ENSP00000248114 9606.ENSP00000322373 0 0 0 0 175 0 0 175 
9606.ENSP00000248114 9606.ENSP00000362036 0 0 0 65 0 0 197 217 
9606.ENSP00000248114 9606.ENSP00000216185 0 0 0 89 0 0 148 190 
9606.ENSP00000248114 9606.ENSP00000479618 0 0 0 0 0 0 614 614 
9606.ENSP00000248114 9606.ENSP00000255631 0 0 0 161 0 0 124 234 
9606.ENSP00000248114 9606.ENSP00000299259 0 0 0 0 305 0 116 359 
9606.ENSP00000248114 9606.ENSP00000386597 0 0 0 0 0 0 202 202 
9606.ENSP00000248114 9606.ENSP00000260270 0 0 0 112 0 0 310 361 
9606.ENSP00000248114 9606.ENSP00000262320 0 0 0 95 0 0 104 154 
9606.ENSP00000248114 9606.ENSP00000473153 0 0 0 0 0 0 175 175 
9606.ENSP00000248114 9606.ENSP00000385675 0 0 0 0 0 0 161 161 
9606.ENSP00000248114 9606.ENSP00000300289 0 0 0 56 0 0 260 271 
9606.ENSP00000248114 9606.ENSP00000398882 0 0 0 163 0 0 0 163 
9606.ENSP00000248114 9606.ENSP00000245255 0 0 0 0 0 0 217 217 
9606.ENSP00000248114 9606.ENSP00000358525 0 0 0 0 0 0 185 185 
9606.ENSP00000248114 9606.ENSP00000322242 0 0 0 0 0 0 284 284 
9606.ENSP00000248114 9606.ENSP00000229583 0 0 0 0 0 0 224 224 
9606.ENSP00000248114 9606.ENSP00000411012 0 0 0 0 0 0 242 242 
9606.ENSP00000248114 9606.ENSP00000249075 0 0 0 0 0 0 195 195 
9606.ENSP00000248114 9606.ENSP00000418842 0 0 0 0 0 0 203 203 
9606.ENSP00000248114 9606.ENSP00000368030 0 0 0 146 0 0 116 212 
9606.ENSP00000248114 9606.ENSP00000384371 0 0 0 49 0 0 254 260 
9606.ENSP00000248114 9606.ENSP00000196061 0 0 0 0 0 0 173 173 
9606.ENSP00000248114 9606.ENSP00000363205 0 0 0 53 0 0 474 481 
9606.ENSP00000248114 9606.ENSP00000380713 0 0 0 76 0 0 205 234 
9606.ENSP00000248114 9606.ENSP00000239316 0 0 0 0 0 0 216 216 
9606.ENSP00000248114 9606.ENSP00000402653 0 0 0 127 0 0 67 150 
9606.ENSP00000248114 9606.ENSP00000380437 0 0 0 0 0 0 386 386 
9606.ENSP00000248114 9606.ENSP00000216714 0 0 0 63 0 0 133 152 
9606.ENSP00000248114 9606.ENSP00000350336 0 0 0 0 0 0 716 716 
9606.ENSP00000248114 9606.ENSP00000268704 0 0 0 62 0 0 216 233 
9606.ENSP00000248114 9606.ENSP00000353094 0 0 0 107 0 0 214 268 
9606.ENSP00000248114 9606.ENSP00000333196 0 0 0 0 0 0 323 323 
9606.ENSP00000248114 9606.ENSP00000299001 0 0 0 0 0 0 225 225 
9606.ENSP00000248114 9606.ENSP00000481096 0 0 0 0 0 0 168 168 
9606.ENSP00000248114 9606.ENSP00000460602 0 0 0 0 0 0 157 157 
9606.ENSP00000248114 9606.ENSP00000229390 0 0 0 56 0 0 139 153 
9606.ENSP00000248114 9606.ENSP00000273320 0 0 0 49 0 0 270 276 
9606.ENSP00000248114 9606.ENSP00000364150 0 0 0 0 0 0 179 179 
9606.ENSP00000248114 9606.ENSP00000247930 0 0 0 115 0 0 83 155 
9606.ENSP00000248114 9606.ENSP00000451406 0 0 0 0 0 0 375 375 
9606.ENSP00000248114 9606.ENSP00000357920 0 0 0 0 0 0 270 270 
9606.ENSP00000248114 9606.ENSP00000476767 0 0 0 117 0 0 140 208 
9606.ENSP00000248114 9606.ENSP00000417192 0 0 0 49 0 0 147 154 
9606.ENSP00000248114 9606.ENSP00000273179 0 0 0 64 0 0 167 186 
9606.ENSP00000248114 9606.ENSP00000441875 0 0 0 110 51 0 172 240 
9606.ENSP00000248114 9606.ENSP00000330070 0 0 0 0 0 0 270 270 
9606.ENSP00000248114 9606.ENSP00000251588 0 0 0 63 0 0 525 536 
9606.ENSP00000248114 9606.ENSP00000246554 0 0 0 63 0 0 399 412 
9606.ENSP00000248114 9606.ENSP00000348849 0 0 0 66 0 0 156 178 
9606.ENSP00000248114 9606.ENSP00000254066 0 0 0 70 0 0 231 254 
9606.ENSP00000248114 9606.ENSP00000253023 0 0 0 217 0 0 66 237 
9606.ENSP00000248114 9606.ENSP00000360850 0 0 0 329 0 0 0 329 
9606.ENSP00000248114 9606.ENSP00000452762 0 0 0 0 0 0 167 167 
9606.ENSP00000248114 9606.ENSP00000297354 0 0 0 0 187 0 0 187 
9606.ENSP00000248114 9606.ENSP00000353864 0 0 0 0 0 0 157 157 
9606.ENSP00000248114 9606.ENSP00000271588 0 0 0 0 0 0 210 210 
9606.ENSP00000248114 9606.ENSP00000276594 0 0 0 49 0 0 469 473 
9606.ENSP00000248114 9606.ENSP00000372326 0 0 0 0 0 0 161 161 
9606.ENSP00000248114 9606.ENSP00000332448 0 0 0 119 0 0 427 473 
9606.ENSP00000248114 9606.ENSP00000263208 0 0 0 88 0 0 125 167 
9606.ENSP00000248114 9606.ENSP00000376141 0 0 0 342 0 0 0 342 
9606.ENSP00000248114 9606.ENSP00000328676 0 0 0 0 0 0 645 645 
9606.ENSP00000248114 9606.ENSP00000345445 0 0 0 62 0 0 620 628 
9606.ENSP00000248114 9606.ENSP00000234454 0 0 0 95 0 0 167 214 
9606.ENSP00000248114 9606.ENSP00000370621 0 0 0 0 0 0 156 156 
9606.ENSP00000248114 9606.ENSP00000357633 0 0 0 64 0 0 490 502 
9606.ENSP00000248114 9606.ENSP00000016171 0 0 0 0 0 0 266 266 
9606.ENSP00000248114 9606.ENSP00000245539 0 0 0 93 0 0 181 225 
9606.ENSP00000248114 9606.ENSP00000381736 0 0 0 65 0 0 159 180 
9606.ENSP00000248114 9606.ENSP00000400142 0 0 0 0 0 0 212 212 
9606.ENSP00000248114 9606.ENSP00000378426 0 0 0 0 0 0 346 346 
9606.ENSP00000248114 9606.ENSP00000270142 0 0 0 54 0 0 558 564 
9606.ENSP00000248114 9606.ENSP00000322450 0 0 0 110 0 0 103 168 
9606.ENSP00000248114 9606.ENSP00000420443 0 0 0 0 0 0 208 208 
9606.ENSP00000248114 9606.ENSP00000302037 0 0 0 0 0 0 250 250 
9606.ENSP00000248114 9606.ENSP00000390849 0 0 0 0 0 0 161 161 
9606.ENSP00000248114 9606.ENSP00000442563 0 0 0 0 0 0 197 197 
9606.ENSP00000248114 9606.ENSP00000380692 0 0 0 62 0 0 309 324 
9606.ENSP00000248114 9606.ENSP00000372649 0 0 0 0 0 0 173 173 
9606.ENSP00000248114 9606.ENSP00000365402 0 0 0 0 0 0 222 222 
9606.ENSP00000248114 9606.ENSP00000321239 0 0 0 0 127 0 558 598 
9606.ENSP00000248114 9606.ENSP00000429744 0 0 0 62 0 0 295 310 
9606.ENSP00000248114 9606.ENSP00000465759 0 0 0 109 0 0 93 158 
9606.ENSP00000248114 9606.ENSP00000419298 0 0 0 55 0 0 293 303 
9606.ENSP00000248114 9606.ENSP00000303511 0 0 0 85 0 0 228 263 
9606.ENSP00000248114 9606.ENSP00000223136 0 0 0 0 0 0 174 174 
9606.ENSP00000248114 9606.ENSP00000221166 0 0 0 0 0 0 244 244 
9606.ENSP00000248114 9606.ENSP00000270590 0 0 0 0 0 0 296 296 
9606.ENSP00000248114 9606.ENSP00000356437 0 0 0 433 0 0 89 461 
9606.ENSP00000248114 9606.ENSP00000233893 0 0 0 69 0 0 284 305 
9606.ENSP00000248114 9606.ENSP00000315476 0 0 0 156 0 0 0 156 
9606.ENSP00000248114 9606.ENSP00000413908 0 0 0 64 0 0 191 210 
9606.ENSP00000248114 9606.ENSP00000403323 0 0 0 0 0 0 299 299 
9606.ENSP00000248114 9606.ENSP00000253577 0 0 0 63 0 0 606 615 
9606.ENSP00000248114 9606.ENSP00000385722 0 0 0 670 0 0 0 670 
9606.ENSP00000248114 9606.ENSP00000348170 0 0 0 62 0 0 281 296 
9606.ENSP00000248114 9606.ENSP00000360762 0 0 0 62 0 0 411 424 
9606.ENSP00000248114 9606.ENSP00000419945 0 0 0 0 0 0 403 403 
9606.ENSP00000248114 9606.ENSP00000355572 0 0 0 62 0 900 274 925 
9606.ENSP00000248114 9606.ENSP00000484580 0 0 0 0 0 0 205 205 
9606.ENSP00000248114 9606.ENSP00000438204 0 0 0 62 0 0 248 264 
9606.ENSP00000248114 9606.ENSP00000342848 0 0 0 76 0 0 613 628 
9606.ENSP00000248114 9606.ENSP00000171887 0 0 0 141 0 0 61 159 
9606.ENSP00000248114 9606.ENSP00000371607 0 0 0 99 0 0 106 160 
9606.ENSP00000248114 9606.ENSP00000364257 0 0 0 0 0 0 199 199 
9606.ENSP00000248114 9606.ENSP00000159060 0 0 0 0 0 0 185 185 
9606.ENSP00000248114 9606.ENSP00000287295 0 0 0 64 186 0 62 222 
9606.ENSP00000248114 9606.ENSP00000346635 0 0 0 0 147 0 494 549 
9606.ENSP00000248114 9606.ENSP00000380996 0 0 0 0 0 0 242 242 
9606.ENSP00000248114 9606.ENSP00000438115 0 0 0 61 0 0 416 428 
9606.ENSP00000248114 9606.ENSP00000334113 0 0 0 61 0 0 136 154 
9606.ENSP00000248114 9606.ENSP00000400341 0 0 0 0 0 0 552 552 
9606.ENSP00000248114 9606.ENSP00000209929 0 0 0 0 0 0 195 195 
9606.ENSP00000248114 9606.ENSP00000425261 0 0 0 64 0 0 528 539 
9606.ENSP00000248114 9606.ENSP00000260447 0 0 0 78 0 0 262 291 
9606.ENSP00000248114 9606.ENSP00000460236 0 0 0 0 0 0 269 269 
9606.ENSP00000248114 9606.ENSP00000219302 0 0 0 90 0 0 238 278 
9606.ENSP00000248114 9606.ENSP00000328570 0 0 0 64 0 0 473 486 
9606.ENSP00000248114 9606.ENSP00000310015 0 0 0 0 0 0 173 173 
9606.ENSP00000248114 9606.ENSP00000254616 0 0 0 0 186 0 519 592 
9606.ENSP00000248114 9606.ENSP00000258214 0 0 0 70 0 0 384 402 
9606.ENSP00000248114 9606.ENSP00000359258 0 0 0 0 0 0 171 171 
9606.ENSP00000248114 9606.ENSP00000479617 0 0 0 61 0 0 168 186 
9606.ENSP00000248114 9606.ENSP00000392028 0 0 0 61 0 0 233 248 
9606.ENSP00000248114 9606.ENSP00000354488 0 0 0 0 0 0 203 203 
9606.ENSP00000248114 9606.ENSP00000330730 0 0 0 0 0 0 766 766 
9606.ENSP00000248114 9606.ENSP00000327124 0 0 0 64 0 0 149 170 
9606.ENSP00000248114 9606.ENSP00000360290 0 0 0 0 0 0 345 345 
9606.ENSP00000248114 9606.ENSP00000228476 0 0 0 0 0 0 156 156 
9606.ENSP00000248114 9606.ENSP00000480428 0 0 0 0 0 0 245 245 
9606.ENSP00000248114 9606.ENSP00000257245 0 0 0 143 266 0 871 911 
9606.ENSP00000248114 9606.ENSP00000346839 0 0 0 0 0 0 221 221 
9606.ENSP00000248114 9606.ENSP00000264220 0 0 0 61 0 0 642 650 
9606.ENSP00000248114 9606.ENSP00000229270 0 0 0 63 0 0 134 154 
9606.ENSP00000248114 9606.ENSP00000363191 0 0 0 110 116 0 0 179 
9606.ENSP00000248114 9606.ENSP00000262812 0 0 0 165 0 0 0 165 
9606.ENSP00000248114 9606.ENSP00000370607 0 0 0 0 0 0 203 203 
9606.ENSP00000248114 9606.ENSP00000365963 0 0 0 49 0 0 222 228 
9606.ENSP00000248114 9606.ENSP00000360803 0 0 0 143 0 0 390 455 
9606.ENSP00000248114 9606.ENSP00000264065 0 0 0 62 0 0 163 182 
9606.ENSP00000248114 9606.ENSP00000282869 0 0 0 49 0 0 214 220 
9606.ENSP00000248114 9606.ENSP00000331127 0 0 0 82 0 0 138 175 
9606.ENSP00000248114 9606.ENSP00000365159 0 0 0 63 0 0 412 426 
9606.ENSP00000248114 9606.ENSP00000215375 0 0 0 129 0 0 176 251 
9606.ENSP00000248114 9606.ENSP00000268661 0 0 0 62 0 0 677 684 
9606.ENSP00000248114 9606.ENSP00000245816 0 0 0 202 0 0 0 202 
9606.ENSP00000248114 9606.ENSP00000472985 0 0 0 93 0 0 269 308 
9606.ENSP00000248114 9606.ENSP00000342681 0 0 0 0 0 0 256 256 
9606.ENSP00000248114 9606.ENSP00000360498 0 0 0 207 0 0 0 207 
9606.ENSP00000248114 9606.ENSP00000315693 0 0 0 96 0 0 612 634 
9606.ENSP00000248114 9606.ENSP00000349658 0 0 0 63 0 0 345 360 
9606.ENSP00000248114 9606.ENSP00000258424 0 0 0 64 0 0 131 151 
9606.ENSP00000248114 9606.ENSP00000420617 0 0 0 0 0 0 224 224 
9606.ENSP00000248114 9606.ENSP00000251241 0 0 0 51 0 0 145 153 
9606.ENSP00000248114 9606.ENSP00000216254 0 0 0 0 0 0 267 267 
9606.ENSP00000248114 9606.ENSP00000360108 0 0 0 559 0 0 50 563 
9606.ENSP00000248114 9606.ENSP00000258106 0 0 0 257 0 0 43 258 
