9606.ENSP00000344218 9606.ENSP00000384886 0 0 0 231 0 0 0 231 
9606.ENSP00000344218 9606.ENSP00000332049 0 0 0 212 0 0 0 212 
9606.ENSP00000344218 9606.ENSP00000361458 0 0 0 0 0 0 250 250 
9606.ENSP00000344218 9606.ENSP00000363330 0 0 0 225 0 0 0 225 
9606.ENSP00000344218 9606.ENSP00000411355 0 0 0 181 0 0 0 181 
9606.ENSP00000344218 9606.ENSP00000309141 0 0 0 0 0 0 224 224 
9606.ENSP00000344218 9606.ENSP00000219919 0 0 0 153 0 0 0 153 
9606.ENSP00000344218 9606.ENSP00000378856 0 0 0 183 0 0 0 183 
9606.ENSP00000344218 9606.ENSP00000366460 0 0 0 175 0 0 0 175 
9606.ENSP00000344218 9606.ENSP00000236147 0 0 0 329 0 0 0 329 
9606.ENSP00000344218 9606.ENSP00000364907 0 0 0 237 0 0 0 237 
9606.ENSP00000344218 9606.ENSP00000427130 0 0 0 0 0 0 615 615 
9606.ENSP00000344218 9606.ENSP00000286301 0 0 0 559 0 0 0 559 
9606.ENSP00000344218 9606.ENSP00000356992 0 0 0 214 0 0 0 214 
9606.ENSP00000344218 9606.ENSP00000441691 0 0 0 319 0 0 0 319 
9606.ENSP00000344218 9606.ENSP00000363869 0 0 0 327 0 0 0 327 
9606.ENSP00000344218 9606.ENSP00000381549 0 0 0 0 0 0 213 213 
9606.ENSP00000344218 9606.ENSP00000247153 0 0 0 181 0 0 0 181 
9606.ENSP00000344218 9606.ENSP00000398778 0 0 0 0 0 0 268 268 
9606.ENSP00000344218 9606.ENSP00000260402 0 0 0 215 0 0 0 215 
9606.ENSP00000344218 9606.ENSP00000329468 0 0 0 321 0 0 0 321 
9606.ENSP00000344218 9606.ENSP00000318916 0 0 0 165 0 0 0 165 
9606.ENSP00000344218 9606.ENSP00000368664 0 0 0 152 0 0 0 152 
9606.ENSP00000344218 9606.ENSP00000444986 0 0 0 532 0 0 0 532 
9606.ENSP00000344218 9606.ENSP00000227880 0 0 0 317 0 0 0 317 
9606.ENSP00000344218 9606.ENSP00000433761 0 0 0 215 0 0 0 215 
9606.ENSP00000344218 9606.ENSP00000386911 0 0 0 270 0 0 0 270 
9606.ENSP00000344218 9606.ENSP00000329507 0 0 0 151 0 0 0 151 
9606.ENSP00000344218 9606.ENSP00000357906 0 0 0 282 0 0 0 282 
9606.ENSP00000344218 9606.ENSP00000357722 0 0 0 215 0 0 0 215 
9606.ENSP00000344218 9606.ENSP00000367196 0 0 0 215 0 0 0 215 
9606.ENSP00000344218 9606.ENSP00000258317 0 0 0 264 0 0 0 264 
9606.ENSP00000344218 9606.ENSP00000343505 0 0 0 264 0 0 0 264 
9606.ENSP00000344218 9606.ENSP00000216338 0 0 0 152 0 0 0 152 
9606.ENSP00000344218 9606.ENSP00000356505 0 0 0 336 0 0 0 336 
9606.ENSP00000344218 9606.ENSP00000339826 0 0 0 154 0 0 0 154 
9606.ENSP00000344218 9606.ENSP00000248598 0 0 0 546 0 0 0 546 
9606.ENSP00000344218 9606.ENSP00000321330 0 0 0 0 0 0 215 215 
9606.ENSP00000344218 9606.ENSP00000419378 0 0 0 0 0 0 382 382 
9606.ENSP00000344218 9606.ENSP00000330838 0 0 0 0 0 0 328 328 
9606.ENSP00000344218 9606.ENSP00000289575 0 0 0 181 0 0 0 181 
9606.ENSP00000344218 9606.ENSP00000365596 0 0 0 336 0 0 0 336 
9606.ENSP00000344218 9606.ENSP00000260010 0 0 0 343 0 0 0 343 
9606.ENSP00000344218 9606.ENSP00000420384 0 0 0 189 0 0 0 189 
9606.ENSP00000344218 9606.ENSP00000296121 0 0 0 0 188 0 0 188 
9606.ENSP00000344218 9606.ENSP00000358490 0 0 0 336 0 0 0 336 
9606.ENSP00000344218 9606.ENSP00000242719 0 0 0 0 199 0 0 199 
9606.ENSP00000344218 9606.ENSP00000364883 0 0 0 0 0 0 186 186 
9606.ENSP00000344218 9606.ENSP00000417626 0 0 0 152 0 0 0 152 
9606.ENSP00000344218 9606.ENSP00000300589 0 0 0 187 0 0 0 187 
9606.ENSP00000344218 9606.ENSP00000311733 0 0 0 155 0 0 0 155 
9606.ENSP00000344218 9606.ENSP00000302046 0 0 0 249 0 0 0 249 
9606.ENSP00000344218 9606.ENSP00000369921 0 0 0 0 0 0 171 171 
9606.ENSP00000344218 9606.ENSP00000376456 0 0 0 0 0 0 248 248 
9606.ENSP00000344218 9606.ENSP00000377380 0 0 0 325 0 0 0 325 
9606.ENSP00000344218 9606.ENSP00000320176 0 0 0 333 0 0 0 333 
9606.ENSP00000344218 9606.ENSP00000360871 0 0 0 319 0 0 0 319 
9606.ENSP00000344218 9606.ENSP00000256935 0 0 0 181 0 0 0 181 
9606.ENSP00000344218 9606.ENSP00000352413 0 0 0 0 0 0 309 309 
9606.ENSP00000344218 9606.ENSP00000297265 0 0 0 0 0 0 414 414 
9606.ENSP00000344218 9606.ENSP00000313967 0 0 0 541 0 0 0 541 
9606.ENSP00000344218 9606.ENSP00000356946 0 0 0 660 0 0 0 660 
9606.ENSP00000344218 9606.ENSP00000358501 0 0 0 0 0 0 185 185 
9606.ENSP00000344218 9606.ENSP00000272427 0 0 0 0 0 0 241 241 
9606.ENSP00000344218 9606.ENSP00000233202 0 0 0 181 0 0 0 181 
9606.ENSP00000344218 9606.ENSP00000355299 0 0 0 0 0 0 511 511 
9606.ENSP00000344218 9606.ENSP00000354718 0 0 0 181 0 0 0 181 
9606.ENSP00000344218 9606.ENSP00000349181 0 0 0 197 0 0 0 197 
9606.ENSP00000344218 9606.ENSP00000269081 0 0 0 0 0 0 189 189 
9606.ENSP00000344218 9606.ENSP00000356430 0 0 0 213 0 0 0 213 
9606.ENSP00000344218 9606.ENSP00000009530 0 0 0 215 0 0 0 215 
9606.ENSP00000344218 9606.ENSP00000376899 0 0 0 0 0 0 150 150 
9606.ENSP00000344218 9606.ENSP00000312002 0 0 0 246 0 0 0 246 
9606.ENSP00000344218 9606.ENSP00000246115 0 0 0 559 0 0 0 559 
9606.ENSP00000344218 9606.ENSP00000262653 0 0 0 0 0 0 402 402 
9606.ENSP00000344218 9606.ENSP00000302833 0 0 0 268 0 0 0 268 
9606.ENSP00000344218 9606.ENSP00000292303 0 0 0 327 0 0 0 327 
9606.ENSP00000344218 9606.ENSP00000264870 0 0 0 215 0 0 0 215 
9606.ENSP00000344218 9606.ENSP00000357981 0 0 0 193 0 0 0 193 
9606.ENSP00000344218 9606.ENSP00000358458 0 0 0 0 0 0 163 163 
9606.ENSP00000344218 9606.ENSP00000356429 0 0 0 265 0 0 76 291 
9606.ENSP00000344218 9606.ENSP00000231009 0 0 0 248 0 0 0 248 
9606.ENSP00000344218 9606.ENSP00000380334 0 0 0 240 0 0 0 240 
9606.ENSP00000344218 9606.ENSP00000250092 0 0 0 181 0 0 0 181 
9606.ENSP00000344218 9606.ENSP00000362965 0 0 0 153 0 0 0 153 
9606.ENSP00000344218 9606.ENSP00000322276 0 0 0 282 0 0 0 282 
9606.ENSP00000344218 9606.ENSP00000375629 0 0 0 900 0 0 0 900 
9606.ENSP00000344218 9606.ENSP00000289707 0 0 0 319 0 0 0 319 
9606.ENSP00000344218 9606.ENSP00000399518 0 0 0 0 0 0 165 165 
9606.ENSP00000344218 9606.ENSP00000378399 0 0 0 0 0 0 443 443 
9606.ENSP00000344218 9606.ENSP00000357123 0 0 0 339 0 0 0 339 
9606.ENSP00000344218 9606.ENSP00000268638 0 0 0 183 0 0 0 183 
9606.ENSP00000344218 9606.ENSP00000254528 0 0 0 181 0 0 0 181 
9606.ENSP00000344218 9606.ENSP00000454783 0 0 0 0 0 0 211 211 
9606.ENSP00000344218 9606.ENSP00000452746 0 0 0 181 0 0 0 181 
9606.ENSP00000344218 9606.ENSP00000466379 0 0 0 0 0 0 355 355 
9606.ENSP00000344218 9606.ENSP00000359497 0 0 0 192 0 0 0 192 
9606.ENSP00000344218 9606.ENSP00000337383 0 0 0 183 0 0 0 183 
9606.ENSP00000344218 9606.ENSP00000349124 0 0 0 0 0 0 205 205 
9606.ENSP00000344218 9606.ENSP00000359488 0 0 0 323 0 0 0 323 
9606.ENSP00000344218 9606.ENSP00000395704 0 0 0 165 0 0 0 165 
9606.ENSP00000344218 9606.ENSP00000479580 0 0 0 265 0 0 0 265 
9606.ENSP00000344218 9606.ENSP00000410269 0 0 0 167 0 0 0 167 
9606.ENSP00000344218 9606.ENSP00000281437 0 0 0 0 0 0 169 169 
9606.ENSP00000344218 9606.ENSP00000227752 0 0 0 543 0 0 0 543 
9606.ENSP00000344218 9606.ENSP00000450607 0 0 0 0 0 0 266 266 
9606.ENSP00000344218 9606.ENSP00000252011 0 0 0 0 0 0 243 243 
9606.ENSP00000344218 9606.ENSP00000323879 0 0 0 0 0 0 265 265 
9606.ENSP00000344218 9606.ENSP00000479955 0 0 0 177 0 0 0 177 
9606.ENSP00000344218 9606.ENSP00000294507 0 0 0 532 0 0 0 532 
9606.ENSP00000344218 9606.ENSP00000320376 0 0 0 165 0 0 0 165 
9606.ENSP00000344218 9606.ENSP00000444810 0 0 0 0 0 0 186 186 
9606.ENSP00000344218 9606.ENSP00000362195 0 0 0 185 0 0 0 185 
9606.ENSP00000344218 9606.ENSP00000454623 0 0 0 211 0 0 0 211 
9606.ENSP00000344218 9606.ENSP00000288078 0 0 0 0 0 0 223 223 
9606.ENSP00000344218 9606.ENSP00000225941 0 0 0 213 0 0 0 213 
9606.ENSP00000344218 9606.ENSP00000248901 0 0 0 272 0 0 0 272 
9606.ENSP00000344218 9606.ENSP00000479664 0 0 0 540 0 0 0 540 
9606.ENSP00000344218 9606.ENSP00000304236 0 0 0 557 0 0 0 557 
9606.ENSP00000344218 9606.ENSP00000391583 0 0 0 165 0 0 0 165 
9606.ENSP00000344218 9606.ENSP00000333779 0 0 0 220 0 0 0 220 
9606.ENSP00000344218 9606.ENSP00000267549 0 0 0 337 0 0 0 337 
9606.ENSP00000344218 9606.ENSP00000352167 0 0 0 0 0 0 441 441 
9606.ENSP00000344218 9606.ENSP00000229332 0 0 0 346 0 0 0 346 
9606.ENSP00000344218 9606.ENSP00000353259 0 0 0 158 0 0 0 158 
9606.ENSP00000344218 9606.ENSP00000385090 0 0 0 325 0 0 0 325 
9606.ENSP00000344218 9606.ENSP00000274793 0 0 0 241 0 0 0 241 
9606.ENSP00000344218 9606.ENSP00000376955 0 0 0 0 0 0 267 267 
9606.ENSP00000344218 9606.ENSP00000274306 0 0 0 181 0 0 0 181 
9606.ENSP00000344218 9606.ENSP00000240617 0 0 0 171 0 0 0 171 
9606.ENSP00000344218 9606.ENSP00000392770 0 0 0 772 0 0 0 772 
9606.ENSP00000344218 9606.ENSP00000363117 0 0 0 558 0 0 0 558 
9606.ENSP00000344218 9606.ENSP00000292432 0 0 0 181 0 0 0 181 
9606.ENSP00000344218 9606.ENSP00000258399 0 0 0 0 0 0 398 398 
9606.ENSP00000344218 9606.ENSP00000357726 0 0 0 192 0 0 70 216 
9606.ENSP00000344218 9606.ENSP00000302079 0 0 0 202 0 0 0 202 
9606.ENSP00000344218 9606.ENSP00000363031 0 0 0 261 0 0 0 261 
9606.ENSP00000344218 9606.ENSP00000352071 0 0 0 681 0 0 0 681 
9606.ENSP00000344218 9606.ENSP00000315474 0 0 0 155 0 0 0 155 
9606.ENSP00000344218 9606.ENSP00000271277 0 0 0 0 0 0 244 244 
9606.ENSP00000344218 9606.ENSP00000394049 0 0 0 559 0 0 0 559 
9606.ENSP00000344218 9606.ENSP00000408697 0 0 0 0 0 0 309 309 
9606.ENSP00000344218 9606.ENSP00000363512 0 0 0 317 0 0 0 317 
9606.ENSP00000344218 9606.ENSP00000479870 0 0 0 769 0 0 0 769 
9606.ENSP00000344218 9606.ENSP00000234313 0 0 0 327 0 0 0 327 
9606.ENSP00000344218 9606.ENSP00000457466 0 0 0 0 0 0 355 355 
9606.ENSP00000344218 9606.ENSP00000363773 0 0 0 335 0 0 0 335 
9606.ENSP00000344218 9606.ENSP00000339634 0 0 0 0 0 0 214 214 
9606.ENSP00000344218 9606.ENSP00000364180 0 0 0 183 0 0 0 183 
9606.ENSP00000344218 9606.ENSP00000300184 0 0 0 337 0 0 0 337 
9606.ENSP00000344218 9606.ENSP00000341821 0 0 0 181 0 0 0 181 
9606.ENSP00000344218 9606.ENSP00000271324 0 0 0 248 0 0 0 248 
9606.ENSP00000344218 9606.ENSP00000265440 0 0 0 194 0 0 0 194 
9606.ENSP00000344218 9606.ENSP00000367911 0 0 0 0 0 0 359 359 
9606.ENSP00000344218 9606.ENSP00000378409 0 0 0 156 0 0 0 156 
9606.ENSP00000344218 9606.ENSP00000255945 0 0 0 549 0 0 0 549 
9606.ENSP00000344218 9606.ENSP00000365048 0 0 0 156 0 0 0 156 
9606.ENSP00000344218 9606.ENSP00000263088 0 0 0 0 0 0 267 267 
9606.ENSP00000344218 9606.ENSP00000216341 0 0 0 266 0 0 99 310 
9606.ENSP00000344218 9606.ENSP00000418194 0 0 0 98 0 0 122 174 
9606.ENSP00000344218 9606.ENSP00000305529 0 0 0 155 0 0 0 155 
9606.ENSP00000344218 9606.ENSP00000263863 0 0 0 104 0 0 205 257 
9606.ENSP00000344218 9606.ENSP00000347140 0 0 0 51 0 0 220 228 
9606.ENSP00000344218 9606.ENSP00000472249 0 0 0 217 0 0 0 217 
9606.ENSP00000344218 9606.ENSP00000354932 0 0 0 181 0 0 0 181 
9606.ENSP00000344218 9606.ENSP00000301712 0 0 0 0 0 0 555 555 
9606.ENSP00000344218 9606.ENSP00000331544 0 0 0 0 0 0 250 250 
9606.ENSP00000344218 9606.ENSP00000264260 0 0 0 307 0 0 0 307 
9606.ENSP00000344218 9606.ENSP00000325708 0 0 0 181 0 0 0 181 
9606.ENSP00000344218 9606.ENSP00000258243 0 0 0 0 0 0 213 213 
9606.ENSP00000344218 9606.ENSP00000358730 0 0 0 213 0 0 0 213 
9606.ENSP00000344218 9606.ENSP00000268389 0 0 0 634 0 0 0 634 
9606.ENSP00000344218 9606.ENSP00000320563 0 0 0 265 0 0 0 265 
9606.ENSP00000344218 9606.ENSP00000344871 0 0 0 317 0 0 0 317 
9606.ENSP00000344218 9606.ENSP00000306157 0 0 0 154 0 0 0 154 
9606.ENSP00000344218 9606.ENSP00000369299 0 0 0 152 0 0 0 152 
9606.ENSP00000344218 9606.ENSP00000346335 0 0 0 0 0 0 266 266 
9606.ENSP00000344218 9606.ENSP00000356920 0 0 0 0 0 0 183 183 
9606.ENSP00000344218 9606.ENSP00000289902 0 0 0 638 0 0 0 638 
9606.ENSP00000344218 9606.ENSP00000007414 0 0 0 0 0 0 266 266 
9606.ENSP00000344218 9606.ENSP00000427223 0 0 0 183 0 0 0 183 
9606.ENSP00000344218 9606.ENSP00000452877 0 0 0 0 0 0 441 441 
9606.ENSP00000344218 9606.ENSP00000380948 0 0 0 673 0 0 0 673 
9606.ENSP00000344218 9606.ENSP00000363770 0 0 0 261 0 0 0 261 
9606.ENSP00000344218 9606.ENSP00000254868 0 0 0 190 0 0 0 190 
9606.ENSP00000344218 9606.ENSP00000255858 0 0 0 0 0 0 510 510 
9606.ENSP00000344218 9606.ENSP00000482259 0 0 0 192 0 0 0 192 
9606.ENSP00000344218 9606.ENSP00000381581 0 0 0 151 0 0 0 151 
9606.ENSP00000344218 9606.ENSP00000479669 0 0 0 0 0 0 224 224 
9606.ENSP00000344218 9606.ENSP00000246006 0 0 0 181 0 0 0 181 
9606.ENSP00000344218 9606.ENSP00000427114 0 0 0 152 0 0 0 152 
9606.ENSP00000344218 9606.ENSP00000279027 0 0 0 0 0 0 165 165 
9606.ENSP00000344218 9606.ENSP00000271450 0 0 0 191 0 0 0 191 
9606.ENSP00000344218 9606.ENSP00000305107 0 0 0 305 0 0 0 305 
9606.ENSP00000344218 9606.ENSP00000357727 0 0 0 183 0 0 0 183 
9606.ENSP00000344218 9606.ENSP00000332340 0 0 0 0 0 0 450 450 
9606.ENSP00000344218 9606.ENSP00000348635 0 0 0 558 0 0 0 558 
9606.ENSP00000344218 9606.ENSP00000435365 0 0 0 0 0 0 224 224 
9606.ENSP00000344218 9606.ENSP00000280325 0 0 0 0 0 0 366 366 
9606.ENSP00000344218 9606.ENSP00000369286 0 0 0 317 0 0 0 317 
9606.ENSP00000344218 9606.ENSP00000349490 0 0 0 153 0 0 0 153 
9606.ENSP00000344218 9606.ENSP00000246551 0 0 0 558 0 0 0 558 
9606.ENSP00000344218 9606.ENSP00000471493 0 0 0 550 0 0 0 550 
9606.ENSP00000344218 9606.ENSP00000484431 0 0 0 151 0 0 0 151 
9606.ENSP00000344218 9606.ENSP00000271835 0 0 0 0 235 0 0 235 
9606.ENSP00000344218 9606.ENSP00000483453 0 0 0 0 0 0 429 429 
9606.ENSP00000344218 9606.ENSP00000262629 0 0 0 817 0 0 0 817 
9606.ENSP00000344218 9606.ENSP00000262262 0 0 0 179 0 0 0 179 
9606.ENSP00000344218 9606.ENSP00000269349 0 0 0 0 0 0 267 267 
9606.ENSP00000344218 9606.ENSP00000246190 0 0 0 0 0 0 533 533 
9606.ENSP00000344218 9606.ENSP00000477920 0 0 0 323 0 0 0 323 
9606.ENSP00000344218 9606.ENSP00000221466 0 0 0 151 0 0 0 151 
9606.ENSP00000344218 9606.ENSP00000263168 0 0 0 0 0 0 355 355 
9606.ENSP00000344218 9606.ENSP00000299663 0 0 0 244 0 0 0 244 
9606.ENSP00000344218 9606.ENSP00000351497 0 0 0 153 0 0 0 153 
9606.ENSP00000344218 9606.ENSP00000380666 0 0 0 499 0 0 138 549 
9606.ENSP00000344218 9606.ENSP00000389414 0 0 0 181 0 0 0 181 
9606.ENSP00000344218 9606.ENSP00000441838 0 0 0 0 0 0 398 398 
9606.ENSP00000344218 9606.ENSP00000322229 0 0 0 0 0 0 224 224 
9606.ENSP00000344218 9606.ENSP00000323527 0 0 0 0 0 0 187 187 
9606.ENSP00000344218 9606.ENSP00000046794 0 0 0 151 0 0 0 151 
