9606.ENSP00000321106 9606.ENSP00000310928 0 0 0 0 0 0 232 232 
9606.ENSP00000321106 9606.ENSP00000225275 0 0 0 0 0 0 460 460 
9606.ENSP00000321106 9606.ENSP00000358142 0 0 0 117 0 0 269 327 
9606.ENSP00000321106 9606.ENSP00000433967 0 0 0 0 0 0 254 254 
9606.ENSP00000321106 9606.ENSP00000300060 0 0 0 0 0 0 305 305 
9606.ENSP00000321106 9606.ENSP00000441691 0 0 0 0 0 0 250 250 
9606.ENSP00000321106 9606.ENSP00000218548 0 0 0 50 0 0 321 327 
9606.ENSP00000321106 9606.ENSP00000418915 0 0 0 0 0 0 185 185 
9606.ENSP00000321106 9606.ENSP00000430548 0 0 0 0 0 0 203 203 
9606.ENSP00000321106 9606.ENSP00000360266 0 0 0 0 0 0 309 309 
9606.ENSP00000321106 9606.ENSP00000362716 0 0 0 0 0 0 456 456 
9606.ENSP00000321106 9606.ENSP00000260402 0 0 0 53 0 900 146 912 
9606.ENSP00000321106 9606.ENSP00000334008 0 0 0 0 0 0 195 195 
9606.ENSP00000321106 9606.ENSP00000297991 0 0 0 0 0 0 218 218 
9606.ENSP00000321106 9606.ENSP00000446280 0 0 0 50 0 0 148 155 
9606.ENSP00000321106 9606.ENSP00000243924 0 0 0 0 0 0 165 165 
9606.ENSP00000321106 9606.ENSP00000232564 0 0 0 62 0 900 41 902 
9606.ENSP00000321106 9606.ENSP00000393379 0 0 0 172 0 0 0 172 
9606.ENSP00000321106 9606.ENSP00000379472 0 0 0 213 0 900 839 986 
9606.ENSP00000321106 9606.ENSP00000296456 0 0 0 61 0 0 134 152 
9606.ENSP00000321106 9606.ENSP00000315006 0 0 0 0 0 0 224 224 
9606.ENSP00000321106 9606.ENSP00000319464 0 0 0 0 0 0 400 400 
9606.ENSP00000321106 9606.ENSP00000258317 0 0 0 0 0 0 295 295 
9606.ENSP00000321106 9606.ENSP00000358106 0 0 0 0 379 0 555 711 
9606.ENSP00000321106 9606.ENSP00000396722 0 0 0 144 0 0 65 166 
9606.ENSP00000321106 9606.ENSP00000350815 0 0 0 63 0 0 205 223 
9606.ENSP00000321106 9606.ENSP00000363680 0 0 0 0 0 0 213 213 
9606.ENSP00000321106 9606.ENSP00000325296 0 0 0 60 0 0 161 178 
9606.ENSP00000321106 9606.ENSP00000245206 0 0 0 0 0 0 164 164 
9606.ENSP00000321106 9606.ENSP00000389714 0 0 0 111 0 0 90 156 
9606.ENSP00000321106 9606.ENSP00000483721 0 0 0 172 0 0 128 248 
9606.ENSP00000321106 9606.ENSP00000356832 0 0 0 61 0 0 132 150 
9606.ENSP00000321106 9606.ENSP00000463653 0 0 0 108 0 0 441 480 
9606.ENSP00000321106 9606.ENSP00000414886 0 0 0 177 0 0 132 256 
9606.ENSP00000321106 9606.ENSP00000371420 0 0 0 0 0 0 514 514 
9606.ENSP00000321106 9606.ENSP00000317971 0 0 0 0 0 0 398 398 
9606.ENSP00000321106 9606.ENSP00000309539 0 0 0 67 0 0 147 171 
9606.ENSP00000321106 9606.ENSP00000380271 0 0 0 99 0 0 136 188 
9606.ENSP00000321106 9606.ENSP00000257861 0 0 0 0 0 0 223 223 
9606.ENSP00000321106 9606.ENSP00000285930 0 0 0 0 0 0 240 240 
9606.ENSP00000321106 9606.ENSP00000424571 0 0 0 0 0 0 250 250 
9606.ENSP00000321106 9606.ENSP00000355632 0 0 0 55 0 0 208 219 
9606.ENSP00000321106 9606.ENSP00000382791 0 0 0 87 0 0 297 331 
9606.ENSP00000321106 9606.ENSP00000318486 0 0 0 108 0 0 215 271 
9606.ENSP00000321106 9606.ENSP00000360423 0 0 0 157 0 0 387 462 
9606.ENSP00000321106 9606.ENSP00000304822 0 0 0 0 0 0 252 252 
9606.ENSP00000321106 9606.ENSP00000234371 0 0 0 81 0 900 287 928 
9606.ENSP00000321106 9606.ENSP00000295256 0 0 0 0 0 0 188 188 
9606.ENSP00000321106 9606.ENSP00000329403 0 0 0 109 0 0 186 244 
9606.ENSP00000321106 9606.ENSP00000225792 0 0 0 0 0 0 232 232 
9606.ENSP00000321106 9606.ENSP00000378974 0 0 0 61 0 0 307 322 
9606.ENSP00000321106 9606.ENSP00000210313 0 0 0 0 0 0 199 199 
9606.ENSP00000321106 9606.ENSP00000358755 0 0 0 0 0 0 154 154 
9606.ENSP00000321106 9606.ENSP00000386796 0 0 0 0 0 0 154 154 
9606.ENSP00000321106 9606.ENSP00000231509 0 0 0 0 0 0 295 295 
9606.ENSP00000321106 9606.ENSP00000440643 0 0 0 0 0 0 254 254 
9606.ENSP00000321106 9606.ENSP00000362446 0 0 0 0 0 0 167 167 
9606.ENSP00000321106 9606.ENSP00000263370 0 0 0 0 0 0 224 224 
9606.ENSP00000321106 9606.ENSP00000359675 0 0 0 0 0 900 0 900 
9606.ENSP00000321106 9606.ENSP00000377353 0 0 0 174 0 0 643 692 
9606.ENSP00000321106 9606.ENSP00000381231 0 0 0 0 0 0 213 213 
9606.ENSP00000321106 9606.ENSP00000387246 0 0 0 0 0 0 353 353 
9606.ENSP00000321106 9606.ENSP00000449253 0 0 0 147 0 0 178 269 
9606.ENSP00000321106 9606.ENSP00000388510 0 0 0 0 0 0 189 189 
9606.ENSP00000321106 9606.ENSP00000354911 0 0 0 0 0 0 225 225 
9606.ENSP00000321106 9606.ENSP00000387694 0 0 0 116 0 0 291 347 
9606.ENSP00000321106 9606.ENSP00000303452 0 0 0 61 0 900 709 970 
9606.ENSP00000321106 9606.ENSP00000307479 0 0 0 88 0 0 128 170 
9606.ENSP00000321106 9606.ENSP00000406986 0 0 0 165 0 0 220 321 
9606.ENSP00000321106 9606.ENSP00000477563 0 0 0 61 0 0 153 171 
9606.ENSP00000321106 9606.ENSP00000383118 0 0 0 0 0 0 268 268 
9606.ENSP00000321106 9606.ENSP00000367891 0 0 0 0 0 0 229 229 
9606.ENSP00000321106 9606.ENSP00000391826 0 0 0 0 0 0 154 154 
9606.ENSP00000321106 9606.ENSP00000295987 0 0 0 170 0 0 229 333 
9606.ENSP00000321106 9606.ENSP00000354536 0 0 0 175 0 0 0 175 
9606.ENSP00000321106 9606.ENSP00000221930 0 0 0 0 0 0 242 242 
9606.ENSP00000321106 9606.ENSP00000260682 0 0 0 0 0 0 167 167 
9606.ENSP00000321106 9606.ENSP00000330862 0 0 0 201 0 0 43 202 
9606.ENSP00000321106 9606.ENSP00000296702 0 0 0 63 0 0 221 238 
9606.ENSP00000321106 9606.ENSP00000371267 0 0 0 0 0 0 187 187 
9606.ENSP00000321106 9606.ENSP00000480132 0 0 0 106 0 0 195 249 
9606.ENSP00000321106 9606.ENSP00000220616 0 0 0 0 0 0 169 169 
9606.ENSP00000321106 9606.ENSP00000231454 0 0 0 0 0 0 311 311 
9606.ENSP00000321106 9606.ENSP00000265709 0 0 0 61 0 0 502 512 
9606.ENSP00000321106 9606.ENSP00000345347 0 0 0 0 0 0 161 161 
9606.ENSP00000321106 9606.ENSP00000226382 0 0 0 0 0 0 455 455 
9606.ENSP00000321106 9606.ENSP00000335592 0 0 0 159 0 0 133 240 
9606.ENSP00000321106 9606.ENSP00000262461 0 0 0 0 0 0 448 448 
9606.ENSP00000321106 9606.ENSP00000397026 0 0 0 86 0 0 224 261 
9606.ENSP00000321106 9606.ENSP00000447378 0 0 0 0 0 0 556 556 
9606.ENSP00000321106 9606.ENSP00000347684 0 0 0 0 0 0 213 213 
9606.ENSP00000321106 9606.ENSP00000358519 0 0 0 97 0 0 134 185 
9606.ENSP00000321106 9606.ENSP00000356236 0 0 0 109 0 0 121 184 
9606.ENSP00000321106 9606.ENSP00000481848 0 0 0 61 0 0 186 202 
9606.ENSP00000321106 9606.ENSP00000362978 0 0 0 0 0 0 467 467 
9606.ENSP00000321106 9606.ENSP00000394624 0 0 0 0 0 0 738 738 
9606.ENSP00000321106 9606.ENSP00000334650 0 0 0 61 0 0 242 258 
9606.ENSP00000321106 9606.ENSP00000346879 0 0 0 0 0 0 210 210 
9606.ENSP00000321106 9606.ENSP00000423917 0 0 0 138 0 0 630 667 
9606.ENSP00000321106 9606.ENSP00000283713 0 0 0 0 0 0 201 201 
9606.ENSP00000321106 9606.ENSP00000357068 0 0 0 98 0 0 207 254 
9606.ENSP00000321106 9606.ENSP00000250535 0 0 0 100 0 0 159 210 
9606.ENSP00000321106 9606.ENSP00000366314 0 0 0 104 0 0 195 248 
9606.ENSP00000321106 9606.ENSP00000295619 0 0 0 0 0 900 204 917 
9606.ENSP00000321106 9606.ENSP00000469474 0 0 0 171 0 0 0 171 
9606.ENSP00000321106 9606.ENSP00000320239 0 0 0 61 0 0 182 199 
9606.ENSP00000321106 9606.ENSP00000262494 0 0 0 146 0 0 114 211 
9606.ENSP00000321106 9606.ENSP00000236671 0 0 0 0 0 0 194 194 
9606.ENSP00000321106 9606.ENSP00000352527 0 0 0 61 0 0 186 202 
9606.ENSP00000321106 9606.ENSP00000477455 0 0 0 137 0 0 399 459 
9606.ENSP00000321106 9606.ENSP00000336630 0 0 0 62 0 0 473 484 
9606.ENSP00000321106 9606.ENSP00000370571 0 0 0 62 0 0 790 794 
9606.ENSP00000321106 9606.ENSP00000468411 0 0 0 0 0 0 266 266 
9606.ENSP00000321106 9606.ENSP00000416341 0 0 0 161 0 0 41 161 
9606.ENSP00000321106 9606.ENSP00000368244 0 0 0 156 0 0 269 357 
9606.ENSP00000321106 9606.ENSP00000392906 0 0 0 0 0 0 167 167 
9606.ENSP00000321106 9606.ENSP00000481006 0 0 0 174 0 0 123 244 
9606.ENSP00000321106 9606.ENSP00000011653 0 0 0 0 0 0 214 214 
9606.ENSP00000321106 9606.ENSP00000287538 0 0 0 70 0 0 138 164 
9606.ENSP00000321106 9606.ENSP00000280155 0 0 0 84 0 0 642 658 
9606.ENSP00000321106 9606.ENSP00000480946 0 0 0 0 0 0 175 175 
9606.ENSP00000321106 9606.ENSP00000370669 0 0 0 96 0 0 136 186 
9606.ENSP00000321106 9606.ENSP00000307786 0 0 0 0 0 0 265 265 
9606.ENSP00000321106 9606.ENSP00000348602 0 0 0 148 0 0 56 161 
9606.ENSP00000321106 9606.ENSP00000364219 0 0 0 99 0 0 100 154 
9606.ENSP00000321106 9606.ENSP00000385143 0 0 0 130 0 0 85 169 
9606.ENSP00000321106 9606.ENSP00000324648 0 0 0 0 0 0 210 210 
9606.ENSP00000321106 9606.ENSP00000302476 0 0 0 65 0 0 190 210 
9606.ENSP00000321106 9606.ENSP00000479322 0 0 0 63 0 0 255 272 
9606.ENSP00000321106 9606.ENSP00000337949 0 0 0 80 0 0 797 805 
9606.ENSP00000321106 9606.ENSP00000226730 0 0 0 0 0 0 625 625 
9606.ENSP00000321106 9606.ENSP00000305355 0 0 0 62 0 0 239 256 
9606.ENSP00000321106 9606.ENSP00000340820 0 0 0 87 0 0 151 191 
9606.ENSP00000321106 9606.ENSP00000222726 0 0 0 0 0 0 254 254 
9606.ENSP00000321106 9606.ENSP00000264249 0 0 0 0 0 0 253 253 
9606.ENSP00000321106 9606.ENSP00000418754 0 0 0 51 0 0 199 207 
9606.ENSP00000321106 9606.ENSP00000373648 0 0 0 98 0 0 123 175 
9606.ENSP00000321106 9606.ENSP00000303522 0 0 0 62 667 900 959 998 
9606.ENSP00000321106 9606.ENSP00000303077 0 0 0 0 0 0 390 390 
9606.ENSP00000321106 9606.ENSP00000382684 0 0 0 0 0 0 189 189 
9606.ENSP00000321106 9606.ENSP00000354960 0 0 0 66 0 0 130 153 
9606.ENSP00000321106 9606.ENSP00000222115 0 0 0 59 0 0 246 260 
9606.ENSP00000321106 9606.ENSP00000247226 0 0 0 0 0 0 263 263 
9606.ENSP00000321106 9606.ENSP00000431418 0 0 0 61 0 0 630 638 
9606.ENSP00000321106 9606.ENSP00000362616 0 0 0 151 0 0 0 151 
9606.ENSP00000321106 9606.ENSP00000283871 0 0 0 0 0 0 587 587 
9606.ENSP00000321106 9606.ENSP00000440185 0 0 0 183 0 0 860 880 
9606.ENSP00000321106 9606.ENSP00000358301 0 0 0 0 0 0 641 641 
9606.ENSP00000321106 9606.ENSP00000316244 0 0 0 139 0 0 552 597 
9606.ENSP00000321106 9606.ENSP00000420009 0 0 0 0 0 0 217 217 
9606.ENSP00000321106 9606.ENSP00000481321 0 0 0 0 0 0 709 709 
9606.ENSP00000321106 9606.ENSP00000434364 0 0 0 97 0 0 294 335 
9606.ENSP00000321106 9606.ENSP00000359446 0 0 0 62 0 0 249 265 
9606.ENSP00000321106 9606.ENSP00000440045 0 0 0 0 0 0 195 195 
9606.ENSP00000321106 9606.ENSP00000350541 0 0 0 0 0 0 227 227 
9606.ENSP00000321106 9606.ENSP00000377372 0 0 0 213 0 0 473 567 
9606.ENSP00000321106 9606.ENSP00000263339 0 0 0 0 0 0 632 632 
9606.ENSP00000321106 9606.ENSP00000353731 0 0 0 61 255 0 543 652 
9606.ENSP00000321106 9606.ENSP00000349588 0 0 0 139 0 0 574 617 
9606.ENSP00000321106 9606.ENSP00000355523 0 0 0 156 0 0 45 160 
9606.ENSP00000321106 9606.ENSP00000368682 0 0 0 0 0 0 386 386 
9606.ENSP00000321106 9606.ENSP00000331210 0 0 0 98 0 0 251 296 
9606.ENSP00000321106 9606.ENSP00000362680 0 0 0 0 0 0 606 606 
9606.ENSP00000321106 9606.ENSP00000386972 0 0 0 0 0 0 402 402 
9606.ENSP00000321106 9606.ENSP00000306245 0 0 0 0 0 0 793 793 
9606.ENSP00000321106 9606.ENSP00000417161 0 0 0 0 0 900 0 900 
9606.ENSP00000321106 9606.ENSP00000287766 0 0 0 170 0 0 227 331 
9606.ENSP00000321106 9606.ENSP00000308921 0 0 0 200 0 0 0 200 
9606.ENSP00000321106 9606.ENSP00000356792 0 0 0 0 0 900 0 900 
9606.ENSP00000321106 9606.ENSP00000378338 0 0 0 0 0 0 215 215 
9606.ENSP00000321106 9606.ENSP00000326366 0 0 0 0 0 0 185 185 
9606.ENSP00000321106 9606.ENSP00000307134 0 0 0 141 0 0 57 155 
9606.ENSP00000321106 9606.ENSP00000298556 0 0 0 0 0 0 188 188 
9606.ENSP00000321106 9606.ENSP00000353414 0 0 0 157 0 0 75 188 
9606.ENSP00000321106 9606.ENSP00000362410 0 0 0 0 0 0 309 309 
9606.ENSP00000321106 9606.ENSP00000353362 0 0 0 106 0 0 261 311 
9606.ENSP00000321106 9606.ENSP00000326159 0 0 0 0 0 0 422 422 
9606.ENSP00000321106 9606.ENSP00000384551 0 0 0 177 0 0 150 271 
9606.ENSP00000321106 9606.ENSP00000386104 0 0 0 132 0 0 244 317 
9606.ENSP00000321106 9606.ENSP00000333800 0 0 0 0 0 0 440 440 
9606.ENSP00000321106 9606.ENSP00000322396 0 0 0 0 0 0 219 219 
9606.ENSP00000321106 9606.ENSP00000342222 0 0 0 0 0 0 464 464 
9606.ENSP00000321106 9606.ENSP00000454303 0 0 0 0 0 0 398 398 
9606.ENSP00000321106 9606.ENSP00000003084 0 0 0 0 0 0 404 404 
9606.ENSP00000321106 9606.ENSP00000380247 0 0 0 61 0 900 540 953 
9606.ENSP00000321106 9606.ENSP00000421566 0 0 0 0 0 0 193 193 
9606.ENSP00000321106 9606.ENSP00000355627 0 0 0 72 0 900 300 929 
9606.ENSP00000321106 9606.ENSP00000439585 0 0 0 0 0 0 190 190 
9606.ENSP00000321106 9606.ENSP00000334329 0 0 0 62 0 0 173 191 
9606.ENSP00000321106 9606.ENSP00000293897 0 0 0 62 0 0 416 428 
9606.ENSP00000321106 9606.ENSP00000236147 0 0 0 0 0 0 347 347 
9606.ENSP00000321106 9606.ENSP00000371587 0 0 0 130 0 0 146 226 
9606.ENSP00000321106 9606.ENSP00000381234 0 0 0 0 0 0 213 213 
9606.ENSP00000321106 9606.ENSP00000366047 0 0 0 94 0 0 121 169 
9606.ENSP00000321106 9606.ENSP00000351342 0 0 0 204 0 0 54 215 
9606.ENSP00000321106 9606.ENSP00000349677 0 0 0 172 0 0 0 172 
9606.ENSP00000321106 9606.ENSP00000335544 0 0 0 130 0 900 348 938 
9606.ENSP00000321106 9606.ENSP00000252825 0 0 0 0 0 0 166 166 
9606.ENSP00000321106 9606.ENSP00000255030 0 0 0 0 0 0 307 307 
9606.ENSP00000321106 9606.ENSP00000381101 0 0 0 0 0 0 219 219 
9606.ENSP00000321106 9606.ENSP00000398698 0 0 0 0 0 0 589 589 
9606.ENSP00000321106 9606.ENSP00000255262 0 0 0 63 0 900 84 906 
9606.ENSP00000321106 9606.ENSP00000409007 0 0 0 0 0 0 514 514 
9606.ENSP00000321106 9606.ENSP00000303356 0 0 0 0 0 0 337 337 
9606.ENSP00000321106 9606.ENSP00000162749 0 0 0 0 0 0 171 171 
9606.ENSP00000321106 9606.ENSP00000366058 0 0 0 168 0 0 0 168 
9606.ENSP00000321106 9606.ENSP00000351273 0 0 0 0 0 0 185 185 
9606.ENSP00000321106 9606.ENSP00000335038 0 0 0 231 0 0 0 231 
9606.ENSP00000321106 9606.ENSP00000379140 0 0 0 0 0 0 295 295 
9606.ENSP00000321106 9606.ENSP00000262958 0 0 0 0 0 900 189 915 
9606.ENSP00000321106 9606.ENSP00000332565 0 0 0 202 0 0 0 202 
9606.ENSP00000321106 9606.ENSP00000364028 0 0 0 0 0 0 349 349 
9606.ENSP00000321106 9606.ENSP00000420387 0 0 0 59 0 0 222 236 
9606.ENSP00000321106 9606.ENSP00000312811 0 0 0 89 0 0 118 162 
9606.ENSP00000321106 9606.ENSP00000323036 0 0 0 0 0 0 250 250 
9606.ENSP00000321106 9606.ENSP00000298316 0 0 0 0 0 0 188 188 
9606.ENSP00000321106 9606.ENSP00000176183 0 0 0 0 0 0 563 563 
9606.ENSP00000321106 9606.ENSP00000270631 0 0 0 0 0 0 158 158 
9606.ENSP00000321106 9606.ENSP00000254322 0 0 0 0 0 0 264 264 
9606.ENSP00000321106 9606.ENSP00000369647 0 0 0 63 0 900 531 952 
9606.ENSP00000321106 9606.ENSP00000250498 0 0 0 0 0 0 329 329 
9606.ENSP00000321106 9606.ENSP00000349076 0 0 0 0 0 0 194 194 
9606.ENSP00000321106 9606.ENSP00000385142 0 0 0 171 0 0 56 184 
9606.ENSP00000321106 9606.ENSP00000483609 0 0 0 0 0 0 454 454 
9606.ENSP00000321106 9606.ENSP00000259206 0 0 0 0 0 0 234 234 
9606.ENSP00000321106 9606.ENSP00000365227 0 0 0 0 0 0 359 359 
9606.ENSP00000321106 9606.ENSP00000295897 0 0 0 0 0 0 571 571 
9606.ENSP00000321106 9606.ENSP00000282091 0 0 0 0 0 0 321 321 
9606.ENSP00000321106 9606.ENSP00000355580 0 0 0 89 0 0 124 168 
9606.ENSP00000321106 9606.ENSP00000200691 0 0 0 140 0 0 69 165 
9606.ENSP00000321106 9606.ENSP00000354652 0 0 0 89 0 0 589 609 
9606.ENSP00000321106 9606.ENSP00000362965 0 0 0 0 0 900 143 910 
9606.ENSP00000321106 9606.ENSP00000328598 0 0 0 61 0 0 239 255 
9606.ENSP00000321106 9606.ENSP00000379845 0 0 0 69 0 0 138 163 
9606.ENSP00000321106 9606.ENSP00000443827 0 0 0 0 0 0 211 211 
9606.ENSP00000321106 9606.ENSP00000391669 0 0 0 0 0 0 177 177 
9606.ENSP00000321106 9606.ENSP00000347184 0 0 0 0 0 0 238 238 
9606.ENSP00000321106 9606.ENSP00000305613 0 0 0 164 0 0 0 164 
9606.ENSP00000321106 9606.ENSP00000265572 0 0 0 64 0 0 710 716 
9606.ENSP00000321106 9606.ENSP00000474412 0 0 0 0 0 0 313 313 
9606.ENSP00000321106 9606.ENSP00000245983 0 0 0 0 0 900 122 908 
9606.ENSP00000321106 9606.ENSP00000410732 0 0 0 207 0 0 134 284 
9606.ENSP00000321106 9606.ENSP00000375647 0 0 0 175 0 0 0 175 
9606.ENSP00000321106 9606.ENSP00000251808 0 0 0 0 0 0 317 317 
9606.ENSP00000321106 9606.ENSP00000256509 0 0 0 128 0 0 152 229 
9606.ENSP00000321106 9606.ENSP00000350198 0 0 0 62 0 0 421 433 
9606.ENSP00000321106 9606.ENSP00000264538 0 0 0 0 0 0 214 214 
9606.ENSP00000321106 9606.ENSP00000008527 0 0 0 0 0 0 194 194 
9606.ENSP00000321106 9606.ENSP00000269305 0 0 0 0 0 0 195 195 
9606.ENSP00000321106 9606.ENSP00000409378 0 0 0 90 0 0 254 293 
9606.ENSP00000321106 9606.ENSP00000307900 0 0 0 0 0 0 269 269 
9606.ENSP00000321106 9606.ENSP00000316861 0 0 0 158 0 0 57 172 
9606.ENSP00000321106 9606.ENSP00000371923 0 0 0 0 0 0 314 314 
9606.ENSP00000321106 9606.ENSP00000331933 0 0 0 172 0 0 0 172 
9606.ENSP00000321106 9606.ENSP00000272928 0 0 0 0 0 0 361 361 
9606.ENSP00000321106 9606.ENSP00000411593 0 0 0 64 0 0 399 413 
9606.ENSP00000321106 9606.ENSP00000265969 0 0 0 186 0 0 196 317 
9606.ENSP00000321106 9606.ENSP00000386380 0 0 0 0 0 0 222 222 
9606.ENSP00000321106 9606.ENSP00000354927 0 0 0 0 0 0 256 256 
9606.ENSP00000321106 9606.ENSP00000337838 0 0 0 79 0 0 195 226 
9606.ENSP00000321106 9606.ENSP00000260191 0 0 0 0 0 0 252 252 
9606.ENSP00000321106 9606.ENSP00000228280 0 0 0 0 0 0 420 420 
9606.ENSP00000321106 9606.ENSP00000298552 0 0 0 0 0 0 225 225 
9606.ENSP00000321106 9606.ENSP00000304767 0 0 0 0 0 900 294 926 
9606.ENSP00000321106 9606.ENSP00000379563 0 0 0 0 0 0 189 189 
9606.ENSP00000321106 9606.ENSP00000222812 0 0 0 103 0 0 96 155 
9606.ENSP00000321106 9606.ENSP00000262960 0 0 0 61 0 0 376 389 
9606.ENSP00000321106 9606.ENSP00000387699 0 0 0 0 0 0 416 416 
9606.ENSP00000321106 9606.ENSP00000377779 0 0 0 116 0 0 124 193 
9606.ENSP00000321106 9606.ENSP00000305372 0 0 0 0 0 0 630 630 
9606.ENSP00000321106 9606.ENSP00000255380 0 0 0 98 0 900 129 914 
9606.ENSP00000321106 9606.ENSP00000371785 0 0 0 136 0 0 129 215 
9606.ENSP00000321106 9606.ENSP00000473159 0 0 0 0 0 900 64 902 
9606.ENSP00000321106 9606.ENSP00000278618 0 0 0 0 0 0 450 450 
9606.ENSP00000321106 9606.ENSP00000384690 0 0 0 154 0 0 0 154 
9606.ENSP00000321106 9606.ENSP00000375942 0 0 0 0 0 0 185 185 
9606.ENSP00000321106 9606.ENSP00000285379 0 0 0 50 0 0 268 274 
9606.ENSP00000321106 9606.ENSP00000382485 0 0 0 0 0 0 238 238 
9606.ENSP00000321106 9606.ENSP00000312286 0 0 0 0 0 0 388 388 
9606.ENSP00000321106 9606.ENSP00000307508 0 0 0 109 0 0 630 656 
9606.ENSP00000321106 9606.ENSP00000262623 0 0 0 83 0 0 321 351 
9606.ENSP00000321106 9606.ENSP00000338185 0 0 0 63 0 900 89 907 
9606.ENSP00000321106 9606.ENSP00000418397 0 0 0 0 0 0 293 293 
9606.ENSP00000321106 9606.ENSP00000222482 0 0 0 55 0 0 148 160 
9606.ENSP00000321106 9606.ENSP00000382428 0 0 0 96 0 0 196 242 
9606.ENSP00000321106 9606.ENSP00000361860 0 0 0 177 0 0 0 177 
9606.ENSP00000321106 9606.ENSP00000302665 0 0 0 0 0 0 430 430 
9606.ENSP00000321106 9606.ENSP00000349723 0 0 0 61 0 0 160 177 
9606.ENSP00000321106 9606.ENSP00000311760 0 0 0 159 0 0 0 159 
9606.ENSP00000321106 9606.ENSP00000359215 0 0 0 0 0 0 161 161 
9606.ENSP00000321106 9606.ENSP00000406261 0 0 0 0 0 0 150 150 
9606.ENSP00000321106 9606.ENSP00000298472 0 0 0 61 0 0 327 341 
9606.ENSP00000321106 9606.ENSP00000364794 0 0 0 0 0 0 186 186 
9606.ENSP00000321106 9606.ENSP00000248564 0 0 0 0 0 900 0 900 
9606.ENSP00000321106 9606.ENSP00000233969 0 0 0 61 0 0 261 276 
9606.ENSP00000321106 9606.ENSP00000372750 0 0 0 62 0 900 126 910 
9606.ENSP00000321106 9606.ENSP00000261514 0 0 0 77 0 0 188 218 
9606.ENSP00000321106 9606.ENSP00000155858 0 0 0 61 0 0 304 318 
9606.ENSP00000321106 9606.ENSP00000357823 0 0 0 0 0 0 159 159 
9606.ENSP00000321106 9606.ENSP00000457421 0 0 0 0 0 0 210 210 
9606.ENSP00000321106 9606.ENSP00000426948 0 0 0 0 0 0 311 311 
9606.ENSP00000321106 9606.ENSP00000286548 0 0 0 0 0 900 146 910 
9606.ENSP00000321106 9606.ENSP00000298125 0 0 0 0 0 0 209 209 
9606.ENSP00000321106 9606.ENSP00000302234 0 0 0 0 0 0 213 213 
9606.ENSP00000321106 9606.ENSP00000296046 0 0 0 55 0 0 157 169 
9606.ENSP00000321106 9606.ENSP00000308938 0 0 0 0 0 0 315 315 
9606.ENSP00000321106 9606.ENSP00000326627 0 0 0 63 0 0 151 170 
9606.ENSP00000321106 9606.ENSP00000299766 0 0 0 84 0 0 235 269 
9606.ENSP00000321106 9606.ENSP00000399485 0 0 0 230 0 0 0 230 
9606.ENSP00000321106 9606.ENSP00000296795 0 0 0 0 0 0 267 267 
9606.ENSP00000321106 9606.ENSP00000275493 0 0 0 0 0 0 290 290 
9606.ENSP00000321106 9606.ENSP00000305260 0 0 0 62 0 900 0 902 
9606.ENSP00000321106 9606.ENSP00000255008 0 0 0 116 0 0 421 466 
9606.ENSP00000321106 9606.ENSP00000265023 0 0 0 0 0 900 893 988 
9606.ENSP00000321106 9606.ENSP00000263233 0 0 0 155 0 0 475 537 
9606.ENSP00000321106 9606.ENSP00000220809 0 0 0 0 0 0 169 169 
9606.ENSP00000321106 9606.ENSP00000265070 0 0 0 0 0 0 163 163 
9606.ENSP00000321106 9606.ENSP00000302486 0 0 0 0 0 0 185 185 
9606.ENSP00000321106 9606.ENSP00000269503 0 0 0 131 0 0 172 251 
9606.ENSP00000321106 9606.ENSP00000324806 0 0 0 0 0 0 185 185 
9606.ENSP00000321106 9606.ENSP00000278379 0 0 0 100 0 0 303 346 
9606.ENSP00000321106 9606.ENSP00000250018 0 0 0 0 0 0 473 473 
9606.ENSP00000321106 9606.ENSP00000386069 0 0 0 63 0 0 653 660 
9606.ENSP00000321106 9606.ENSP00000303394 0 0 0 0 0 0 187 187 
9606.ENSP00000321106 9606.ENSP00000302150 0 0 0 0 0 0 708 708 
9606.ENSP00000321106 9606.ENSP00000322390 0 0 0 60 0 0 145 161 
9606.ENSP00000321106 9606.ENSP00000188790 0 0 0 61 255 0 287 457 
9606.ENSP00000321106 9606.ENSP00000310301 0 0 0 0 0 0 195 195 
9606.ENSP00000321106 9606.ENSP00000379350 0 0 0 0 0 0 229 229 
9606.ENSP00000321106 9606.ENSP00000355316 0 0 0 136 0 0 262 335 
9606.ENSP00000321106 9606.ENSP00000365950 0 0 0 0 0 0 220 220 
9606.ENSP00000321106 9606.ENSP00000290374 0 0 0 62 0 0 138 157 
9606.ENSP00000321106 9606.ENSP00000330269 0 0 0 111 0 0 174 234 
9606.ENSP00000321106 9606.ENSP00000360217 0 0 0 0 0 0 233 233 
9606.ENSP00000321106 9606.ENSP00000339299 0 0 0 0 0 900 0 900 
9606.ENSP00000321106 9606.ENSP00000378517 0 0 0 63 0 0 135 154 
9606.ENSP00000321106 9606.ENSP00000383923 0 0 0 55 0 0 257 267 
9606.ENSP00000321106 9606.ENSP00000330284 0 0 0 63 0 0 625 633 
9606.ENSP00000321106 9606.ENSP00000216127 0 0 0 88 0 0 216 254 
9606.ENSP00000321106 9606.ENSP00000345848 0 0 0 0 0 0 151 151 
9606.ENSP00000321106 9606.ENSP00000302100 0 0 0 0 0 0 227 227 
9606.ENSP00000321106 9606.ENSP00000440077 0 0 0 156 0 0 0 156 
9606.ENSP00000321106 9606.ENSP00000321951 0 0 0 186 0 0 85 224 
9606.ENSP00000321106 9606.ENSP00000296412 0 0 0 0 0 0 217 217 
9606.ENSP00000321106 9606.ENSP00000300035 0 0 0 0 0 0 347 347 
9606.ENSP00000321106 9606.ENSP00000160382 0 0 0 223 0 0 0 223 
9606.ENSP00000321106 9606.ENSP00000397181 0 0 0 126 0 0 167 240 
9606.ENSP00000321106 9606.ENSP00000386187 0 0 0 0 0 0 167 167 
9606.ENSP00000321106 9606.ENSP00000263923 0 0 0 62 0 0 143 161 
9606.ENSP00000321106 9606.ENSP00000259607 0 0 0 0 0 0 157 157 
9606.ENSP00000321106 9606.ENSP00000263341 0 0 0 0 0 0 556 556 
9606.ENSP00000321106 9606.ENSP00000284440 0 0 0 130 0 0 670 700 
9606.ENSP00000321106 9606.ENSP00000274520 0 0 0 0 0 0 169 169 
9606.ENSP00000321106 9606.ENSP00000366061 0 0 0 61 0 900 245 922 
9606.ENSP00000321106 9606.ENSP00000477908 0 0 0 0 0 0 258 258 
9606.ENSP00000321106 9606.ENSP00000306678 0 0 0 0 0 0 230 230 
9606.ENSP00000321106 9606.ENSP00000384103 0 0 0 157 0 0 0 157 
9606.ENSP00000321106 9606.ENSP00000222390 0 0 0 0 0 0 150 150 
9606.ENSP00000321106 9606.ENSP00000360626 0 0 0 77 0 0 166 198 
9606.ENSP00000321106 9606.ENSP00000381364 0 0 0 0 0 0 163 163 
9606.ENSP00000321106 9606.ENSP00000400887 0 0 0 0 0 0 173 173 
9606.ENSP00000321106 9606.ENSP00000351430 0 0 0 0 0 0 568 568 
9606.ENSP00000321106 9606.ENSP00000295452 0 0 0 193 0 0 192 320 
9606.ENSP00000321106 9606.ENSP00000355533 0 0 0 98 0 0 194 242 
9606.ENSP00000321106 9606.ENSP00000395389 0 0 0 0 0 900 165 912 
9606.ENSP00000321106 9606.ENSP00000310405 0 0 0 0 0 900 0 900 
9606.ENSP00000321106 9606.ENSP00000363431 0 0 0 62 0 0 631 639 
9606.ENSP00000321106 9606.ENSP00000357402 0 0 0 157 0 0 92 202 
9606.ENSP00000321106 9606.ENSP00000306490 0 0 0 170 0 900 215 929 
9606.ENSP00000321106 9606.ENSP00000451648 0 0 0 117 0 0 222 284 
9606.ENSP00000321106 9606.ENSP00000356545 0 0 0 116 0 0 233 293 
9606.ENSP00000321106 9606.ENSP00000270310 0 0 0 109 0 0 509 543 
9606.ENSP00000321106 9606.ENSP00000259486 0 0 0 76 0 0 195 224 
9606.ENSP00000321106 9606.ENSP00000345728 0 0 0 0 0 0 268 268 
9606.ENSP00000321106 9606.ENSP00000405327 0 0 0 76 0 0 124 156 
9606.ENSP00000321106 9606.ENSP00000351805 0 0 0 0 0 0 217 217 
9606.ENSP00000321106 9606.ENSP00000347754 0 0 0 66 0 0 788 793 
9606.ENSP00000321106 9606.ENSP00000355904 0 0 0 63 0 0 145 165 
9606.ENSP00000321106 9606.ENSP00000320431 0 0 0 186 0 0 0 186 
9606.ENSP00000321106 9606.ENSP00000340943 0 0 0 0 0 0 372 372 
9606.ENSP00000321106 9606.ENSP00000269141 0 0 0 63 0 0 135 154 
9606.ENSP00000321106 9606.ENSP00000332643 0 0 0 76 0 0 213 241 
9606.ENSP00000321106 9606.ENSP00000216200 0 0 0 123 0 0 586 621 
9606.ENSP00000321106 9606.ENSP00000369695 0 0 0 0 0 0 222 222 
9606.ENSP00000321106 9606.ENSP00000290583 0 0 0 188 0 0 0 188 
9606.ENSP00000321106 9606.ENSP00000264031 0 0 0 0 0 0 186 186 
9606.ENSP00000321106 9606.ENSP00000248933 0 0 0 162 0 0 0 162 
9606.ENSP00000321106 9606.ENSP00000438209 0 0 0 0 0 0 200 200 
9606.ENSP00000321106 9606.ENSP00000400175 0 0 0 0 0 0 186 186 
9606.ENSP00000321106 9606.ENSP00000305877 0 0 0 63 0 900 118 910 
9606.ENSP00000321106 9606.ENSP00000297512 0 0 0 62 0 0 533 543 
9606.ENSP00000321106 9606.ENSP00000327545 0 0 0 112 0 0 160 222 
9606.ENSP00000321106 9606.ENSP00000387159 0 0 0 70 0 0 322 342 
9606.ENSP00000321106 9606.ENSP00000291481 0 0 0 194 0 0 0 194 
9606.ENSP00000321106 9606.ENSP00000436881 0 0 0 0 0 0 262 262 
9606.ENSP00000321106 9606.ENSP00000287641 0 0 0 190 0 0 932 943 
9606.ENSP00000321106 9606.ENSP00000356094 0 0 0 0 0 900 77 903 
9606.ENSP00000321106 9606.ENSP00000261205 0 0 0 174 0 0 170 285 
9606.ENSP00000321106 9606.ENSP00000262209 0 0 0 0 0 0 685 685 
9606.ENSP00000321106 9606.ENSP00000370196 0 0 0 0 0 0 231 231 
9606.ENSP00000321106 9606.ENSP00000264498 0 0 0 0 0 0 329 329 
9606.ENSP00000321106 9606.ENSP00000444948 0 0 0 129 0 0 172 248 
9606.ENSP00000321106 9606.ENSP00000389600 0 0 0 0 0 0 256 256 
9606.ENSP00000321106 9606.ENSP00000368758 0 0 0 170 0 0 0 170 
9606.ENSP00000321106 9606.ENSP00000339191 0 0 0 0 0 0 222 222 
9606.ENSP00000321106 9606.ENSP00000345826 0 0 0 0 0 0 177 177 
9606.ENSP00000321106 9606.ENSP00000295683 0 0 0 0 0 0 166 166 
9606.ENSP00000321106 9606.ENSP00000297770 0 0 0 55 0 0 276 286 
9606.ENSP00000321106 9606.ENSP00000384400 0 0 0 0 0 0 447 447 
9606.ENSP00000321106 9606.ENSP00000384364 0 0 0 129 0 0 898 908 
9606.ENSP00000321106 9606.ENSP00000295082 0 0 0 160 0 0 49 167 
9606.ENSP00000321106 9606.ENSP00000225577 0 0 0 61 0 0 187 203 
9606.ENSP00000321106 9606.ENSP00000400376 0 0 0 0 0 0 227 227 
9606.ENSP00000321106 9606.ENSP00000265643 0 0 0 61 0 0 836 839 
9606.ENSP00000321106 9606.ENSP00000379204 0 0 0 65 0 0 160 181 
9606.ENSP00000321106 9606.ENSP00000380432 0 0 0 0 0 0 570 570 
9606.ENSP00000321106 9606.ENSP00000296859 0 0 0 0 0 0 331 331 
9606.ENSP00000321106 9606.ENSP00000223095 0 0 0 0 0 0 198 198 
9606.ENSP00000321106 9606.ENSP00000367851 0 0 0 0 0 0 171 171 
9606.ENSP00000321106 9606.ENSP00000358120 0 0 0 0 0 0 426 426 
9606.ENSP00000321106 9606.ENSP00000361214 0 0 0 149 0 0 64 169 
9606.ENSP00000321106 9606.ENSP00000206765 0 0 0 0 0 0 191 191 
9606.ENSP00000321106 9606.ENSP00000359793 0 0 0 0 0 900 83 904 
9606.ENSP00000321106 9606.ENSP00000353874 0 0 0 0 0 0 250 250 
9606.ENSP00000321106 9606.ENSP00000257068 0 0 0 0 0 0 188 188 
9606.ENSP00000321106 9606.ENSP00000384849 0 0 0 0 0 0 185 185 
9606.ENSP00000321106 9606.ENSP00000304697 0 0 0 0 0 0 188 188 
9606.ENSP00000321106 9606.ENSP00000355890 0 0 0 0 0 0 347 347 
9606.ENSP00000321106 9606.ENSP00000371594 0 0 0 63 0 900 89 907 
9606.ENSP00000321106 9606.ENSP00000308541 0 0 0 0 0 900 247 921 
9606.ENSP00000321106 9606.ENSP00000298119 0 0 0 190 0 0 0 190 
9606.ENSP00000321106 9606.ENSP00000291700 0 0 0 96 0 0 229 274 
9606.ENSP00000321106 9606.ENSP00000384223 0 0 0 0 0 0 197 197 
9606.ENSP00000321106 9606.ENSP00000336729 0 0 0 89 0 0 429 457 
9606.ENSP00000321106 9606.ENSP00000235382 0 0 0 50 0 0 146 154 
9606.ENSP00000321106 9606.ENSP00000373194 0 0 0 0 0 0 244 244 
9606.ENSP00000321106 9606.ENSP00000252826 0 0 0 61 0 0 203 220 
9606.ENSP00000321106 9606.ENSP00000378418 0 0 0 68 0 0 187 209 
9606.ENSP00000321106 9606.ENSP00000300900 0 0 0 77 0 0 170 201 
9606.ENSP00000321106 9606.ENSP00000322924 0 0 0 61 0 0 285 299 
9606.ENSP00000321106 9606.ENSP00000292301 0 0 0 0 0 0 267 267 
9606.ENSP00000321106 9606.ENSP00000361359 0 0 0 0 0 0 150 150 
9606.ENSP00000321106 9606.ENSP00000361668 0 0 0 0 0 900 163 912 
9606.ENSP00000321106 9606.ENSP00000276414 0 0 0 81 0 900 560 956 
9606.ENSP00000321106 9606.ENSP00000445772 0 0 0 0 0 900 64 902 
9606.ENSP00000321106 9606.ENSP00000230588 0 0 0 0 270 0 56 282 
9606.ENSP00000321106 9606.ENSP00000318222 0 0 0 172 0 0 0 172 
9606.ENSP00000321106 9606.ENSP00000332737 0 0 0 100 0 0 113 167 
9606.ENSP00000321106 9606.ENSP00000378235 0 0 0 0 0 0 221 221 
9606.ENSP00000321106 9606.ENSP00000359285 0 0 0 156 0 0 398 470 
9606.ENSP00000321106 9606.ENSP00000367197 0 0 0 111 0 0 629 656 
9606.ENSP00000321106 9606.ENSP00000367309 0 0 0 76 0 0 145 176 
9606.ENSP00000321106 9606.ENSP00000367440 0 0 0 0 0 0 309 309 
9606.ENSP00000321106 9606.ENSP00000303129 0 0 0 161 0 0 0 161 
9606.ENSP00000321106 9606.ENSP00000362171 0 0 0 151 0 0 0 151 
9606.ENSP00000321106 9606.ENSP00000370842 0 0 0 61 0 0 269 284 
9606.ENSP00000321106 9606.ENSP00000357581 0 0 0 109 0 0 158 219 
9606.ENSP00000321106 9606.ENSP00000389326 0 0 0 0 0 0 186 186 
9606.ENSP00000321106 9606.ENSP00000380489 0 0 0 0 0 0 267 267 
9606.ENSP00000321106 9606.ENSP00000295718 0 0 0 138 0 0 93 184 
9606.ENSP00000321106 9606.ENSP00000363512 0 0 0 0 0 0 188 188 
9606.ENSP00000321106 9606.ENSP00000307822 0 0 0 64 0 900 632 962 
9606.ENSP00000321106 9606.ENSP00000384092 0 0 0 0 0 0 726 726 
9606.ENSP00000321106 9606.ENSP00000328511 0 0 0 114 0 0 161 224 
9606.ENSP00000321106 9606.ENSP00000323929 0 0 0 0 0 0 189 189 
9606.ENSP00000321106 9606.ENSP00000285381 0 0 0 50 0 0 212 219 
9606.ENSP00000321106 9606.ENSP00000344352 0 0 0 0 0 0 278 278 
9606.ENSP00000321106 9606.ENSP00000254976 0 0 0 196 0 0 426 518 
9606.ENSP00000321106 9606.ENSP00000220772 0 0 0 65 0 0 143 164 
9606.ENSP00000321106 9606.ENSP00000373244 0 0 0 99 0 0 105 159 
9606.ENSP00000321106 9606.ENSP00000229135 0 0 0 0 0 0 343 343 
9606.ENSP00000321106 9606.ENSP00000363799 0 0 0 0 0 0 222 222 
9606.ENSP00000321106 9606.ENSP00000387123 0 0 0 0 0 0 204 204 
9606.ENSP00000321106 9606.ENSP00000316909 0 0 0 71 0 0 463 479 
9606.ENSP00000321106 9606.ENSP00000370503 0 0 0 0 0 0 194 194 
9606.ENSP00000321106 9606.ENSP00000307235 0 0 0 0 0 0 270 270 
9606.ENSP00000321106 9606.ENSP00000302961 0 0 0 0 0 0 212 212 
9606.ENSP00000321106 9606.ENSP00000312987 0 0 0 0 0 0 185 185 
9606.ENSP00000321106 9606.ENSP00000243347 0 0 0 0 0 0 181 181 
9606.ENSP00000321106 9606.ENSP00000261769 0 0 0 0 0 0 187 187 
9606.ENSP00000321106 9606.ENSP00000304501 0 0 0 62 0 0 415 427 
9606.ENSP00000321106 9606.ENSP00000277541 0 0 0 0 0 0 184 184 
9606.ENSP00000321106 9606.ENSP00000064571 0 0 0 186 0 0 87 225 
9606.ENSP00000321106 9606.ENSP00000361935 0 0 0 183 0 0 55 195 
9606.ENSP00000321106 9606.ENSP00000262367 0 0 0 0 0 0 208 208 
9606.ENSP00000321106 9606.ENSP00000308024 0 0 0 106 0 0 133 192 
9606.ENSP00000321106 9606.ENSP00000395535 0 0 0 0 0 0 171 171 
9606.ENSP00000321106 9606.ENSP00000405330 0 0 0 0 0 0 269 269 
9606.ENSP00000321106 9606.ENSP00000428994 0 0 0 139 0 0 385 448 
9606.ENSP00000321106 9606.ENSP00000347942 0 0 0 61 0 0 208 224 
9606.ENSP00000321106 9606.ENSP00000261707 0 0 0 61 0 0 421 433 
9606.ENSP00000321106 9606.ENSP00000378161 0 0 0 0 0 0 211 211 
9606.ENSP00000321106 9606.ENSP00000254488 0 0 0 99 0 0 135 188 
9606.ENSP00000321106 9606.ENSP00000384906 0 0 0 0 0 900 48 900 
9606.ENSP00000321106 9606.ENSP00000367743 0 0 0 137 0 0 56 151 
9606.ENSP00000321106 9606.ENSP00000245414 0 0 0 0 0 0 409 409 
9606.ENSP00000321106 9606.ENSP00000334198 0 0 0 62 0 0 269 285 
9606.ENSP00000321106 9606.ENSP00000335153 0 0 0 0 0 0 185 185 
9606.ENSP00000321106 9606.ENSP00000221130 0 0 0 0 0 0 171 171 
9606.ENSP00000321106 9606.ENSP00000337915 0 0 0 0 0 0 351 351 
9606.ENSP00000321106 9606.ENSP00000362987 0 0 0 159 0 0 0 159 
9606.ENSP00000321106 9606.ENSP00000265922 0 0 0 162 0 0 0 162 
9606.ENSP00000321106 9606.ENSP00000296754 0 0 0 0 0 0 227 227 
9606.ENSP00000321106 9606.ENSP00000399745 0 0 0 61 0 0 238 253 
9606.ENSP00000321106 9606.ENSP00000297142 0 0 0 161 0 0 58 176 
9606.ENSP00000321106 9606.ENSP00000406022 0 0 0 87 0 0 335 367 
9606.ENSP00000321106 9606.ENSP00000339804 0 0 0 0 0 0 171 171 
9606.ENSP00000321106 9606.ENSP00000286355 0 0 0 111 0 0 108 173 
9606.ENSP00000321106 9606.ENSP00000345873 0 0 0 0 0 0 198 198 
9606.ENSP00000321106 9606.ENSP00000362353 0 0 0 0 0 0 215 215 
9606.ENSP00000321106 9606.ENSP00000343706 0 0 0 0 0 0 229 229 
9606.ENSP00000321106 9606.ENSP00000376855 0 0 0 112 0 0 101 168 
9606.ENSP00000321106 9606.ENSP00000266682 0 0 0 126 0 0 89 170 
9606.ENSP00000321106 9606.ENSP00000265171 0 0 0 81 0 0 416 440 
9606.ENSP00000321106 9606.ENSP00000231449 0 0 0 0 0 0 446 446 
9606.ENSP00000321106 9606.ENSP00000366234 0 0 0 0 0 0 448 448 
9606.ENSP00000321106 9606.ENSP00000215754 0 0 0 0 0 0 188 188 
9606.ENSP00000321106 9606.ENSP00000302811 0 0 0 61 0 0 218 234 
9606.ENSP00000321106 9606.ENSP00000263574 0 0 0 62 0 0 220 237 
9606.ENSP00000321106 9606.ENSP00000316335 0 0 0 0 0 0 169 169 
9606.ENSP00000321106 9606.ENSP00000282020 0 0 0 174 0 0 90 216 
9606.ENSP00000321106 9606.ENSP00000244769 0 0 0 0 0 0 188 188 
9606.ENSP00000321106 9606.ENSP00000370750 0 0 0 0 0 0 167 167 
9606.ENSP00000321106 9606.ENSP00000380008 0 0 0 0 0 900 132 909 
9606.ENSP00000321106 9606.ENSP00000229264 0 0 0 62 0 900 0 902 
9606.ENSP00000321106 9606.ENSP00000383558 0 0 0 0 0 900 86 904 
9606.ENSP00000321106 9606.ENSP00000305766 0 0 0 0 0 0 224 224 
9606.ENSP00000321106 9606.ENSP00000433295 0 0 0 52 0 0 167 177 
9606.ENSP00000321106 9606.ENSP00000387435 0 0 0 0 0 0 292 292 
9606.ENSP00000321106 9606.ENSP00000324693 0 0 0 0 0 0 266 266 
9606.ENSP00000321106 9606.ENSP00000432816 0 0 0 0 0 0 351 351 
9606.ENSP00000321106 9606.ENSP00000340684 0 0 0 0 0 0 210 210 
9606.ENSP00000321106 9606.ENSP00000287585 0 0 0 160 0 0 0 160 
9606.ENSP00000321106 9606.ENSP00000380958 0 0 0 63 0 0 310 325 
9606.ENSP00000321106 9606.ENSP00000330696 0 0 0 0 0 0 318 318 
9606.ENSP00000321106 9606.ENSP00000371798 0 0 0 0 0 0 186 186 
9606.ENSP00000321106 9606.ENSP00000370194 0 0 0 0 0 0 229 229 
9606.ENSP00000321106 9606.ENSP00000320866 0 0 0 0 0 0 186 186 
9606.ENSP00000321106 9606.ENSP00000263967 0 0 0 0 0 900 0 900 
9606.ENSP00000321106 9606.ENSP00000357461 0 0 0 132 0 0 88 175 
9606.ENSP00000321106 9606.ENSP00000359563 0 0 0 88 0 0 355 386 
9606.ENSP00000321106 9606.ENSP00000261733 0 0 0 0 0 0 212 212 
9606.ENSP00000321106 9606.ENSP00000440498 0 0 0 158 0 0 0 158 
9606.ENSP00000321106 9606.ENSP00000444201 0 0 0 92 0 0 116 163 
9606.ENSP00000321106 9606.ENSP00000306512 0 0 0 0 0 0 738 738 
9606.ENSP00000321106 9606.ENSP00000329684 0 0 0 62 0 0 440 452 
9606.ENSP00000321106 9606.ENSP00000311032 0 0 0 0 0 0 292 292 
9606.ENSP00000321106 9606.ENSP00000333157 0 0 0 0 0 0 357 357 
9606.ENSP00000321106 9606.ENSP00000478639 0 0 0 0 0 0 158 158 
9606.ENSP00000321106 9606.ENSP00000451605 0 0 0 0 0 0 215 215 
9606.ENSP00000321106 9606.ENSP00000322898 0 0 0 0 0 0 176 176 
9606.ENSP00000321106 9606.ENSP00000261837 0 0 0 85 0 900 0 904 
9606.ENSP00000321106 9606.ENSP00000482954 0 0 0 0 0 0 195 195 
9606.ENSP00000321106 9606.ENSP00000357283 0 0 0 0 0 0 199 199 
9606.ENSP00000321106 9606.ENSP00000312631 0 0 0 100 0 0 103 159 
9606.ENSP00000321106 9606.ENSP00000375683 0 0 0 0 0 0 165 165 
9606.ENSP00000321106 9606.ENSP00000256637 0 0 0 0 0 0 216 216 
9606.ENSP00000321106 9606.ENSP00000296641 0 0 0 0 0 900 46 900 
9606.ENSP00000321106 9606.ENSP00000225823 0 0 0 203 0 0 250 377 
9606.ENSP00000321106 9606.ENSP00000356198 0 0 0 0 0 0 165 165 
9606.ENSP00000321106 9606.ENSP00000362566 0 0 0 177 0 0 57 191 
9606.ENSP00000321106 9606.ENSP00000412237 0 0 0 0 0 0 471 471 
9606.ENSP00000321106 9606.ENSP00000400459 0 0 0 200 0 0 0 200 
9606.ENSP00000321106 9606.ENSP00000478672 0 0 0 0 0 0 186 186 
9606.ENSP00000321106 9606.ENSP00000306100 0 0 0 50 0 0 377 382 
9606.ENSP00000321106 9606.ENSP00000468897 0 0 0 0 0 900 147 911 
9606.ENSP00000321106 9606.ENSP00000446215 0 0 0 0 0 0 269 269 
9606.ENSP00000321106 9606.ENSP00000359699 0 0 0 0 0 0 161 161 
9606.ENSP00000321106 9606.ENSP00000292476 0 0 0 0 0 0 270 270 
9606.ENSP00000321106 9606.ENSP00000301244 0 0 0 61 0 0 142 159 
9606.ENSP00000321106 9606.ENSP00000264690 0 0 0 0 0 0 229 229 
9606.ENSP00000321106 9606.ENSP00000353198 0 0 0 0 0 0 589 589 
9606.ENSP00000321106 9606.ENSP00000302216 0 0 0 0 0 0 167 167 
9606.ENSP00000321106 9606.ENSP00000363435 0 0 0 0 0 0 346 346 
9606.ENSP00000321106 9606.ENSP00000454062 0 0 0 0 0 0 195 195 
9606.ENSP00000321106 9606.ENSP00000430711 0 0 0 86 0 900 106 911 
9606.ENSP00000321106 9606.ENSP00000257626 0 0 0 0 0 0 176 176 
9606.ENSP00000321106 9606.ENSP00000319744 0 0 0 0 0 900 95 905 
9606.ENSP00000321106 9606.ENSP00000334851 0 0 0 185 0 0 0 185 
9606.ENSP00000321106 9606.ENSP00000363748 0 0 0 64 0 0 420 433 
9606.ENSP00000321106 9606.ENSP00000349960 0 0 0 0 0 0 211 211 
9606.ENSP00000321106 9606.ENSP00000250111 0 0 0 127 0 0 90 171 
9606.ENSP00000321106 9606.ENSP00000292303 0 0 0 0 0 0 250 250 
9606.ENSP00000321106 9606.ENSP00000357980 0 0 0 0 0 0 258 258 
9606.ENSP00000321106 9606.ENSP00000369960 0 0 0 0 0 900 647 963 
9606.ENSP00000321106 9606.ENSP00000255448 0 0 0 128 0 0 91 173 
9606.ENSP00000321106 9606.ENSP00000299178 0 0 0 0 0 900 201 916 
9606.ENSP00000321106 9606.ENSP00000379822 0 0 0 0 0 0 381 381 
9606.ENSP00000321106 9606.ENSP00000437849 0 0 0 61 0 0 202 218 
9606.ENSP00000321106 9606.ENSP00000320295 0 0 0 63 0 0 177 196 
9606.ENSP00000321106 9606.ENSP00000437402 0 0 0 92 0 0 570 593 
9606.ENSP00000321106 9606.ENSP00000347379 0 0 0 0 0 0 220 220 
9606.ENSP00000321106 9606.ENSP00000357067 0 0 0 184 0 0 53 194 
9606.ENSP00000321106 9606.ENSP00000351646 0 0 0 0 0 0 150 150 
9606.ENSP00000321106 9606.ENSP00000444788 0 0 0 0 0 0 205 205 
9606.ENSP00000321106 9606.ENSP00000296422 0 0 0 0 0 0 626 626 
9606.ENSP00000321106 9606.ENSP00000280772 0 0 0 98 0 0 152 202 
9606.ENSP00000321106 9606.ENSP00000353820 0 0 0 0 0 0 186 186 
9606.ENSP00000321106 9606.ENSP00000225328 0 0 0 0 0 0 183 183 
9606.ENSP00000321106 9606.ENSP00000245919 0 0 0 0 0 0 248 248 
9606.ENSP00000321106 9606.ENSP00000422533 0 0 0 0 0 0 254 254 
9606.ENSP00000321106 9606.ENSP00000281537 0 0 0 0 0 0 198 198 
9606.ENSP00000321106 9606.ENSP00000338345 0 0 0 112 0 0 188 248 
9606.ENSP00000321106 9606.ENSP00000365437 0 0 0 179 0 0 364 456 
9606.ENSP00000321106 9606.ENSP00000218388 0 0 0 0 0 0 213 213 
9606.ENSP00000321106 9606.ENSP00000428518 0 0 0 105 0 0 469 504 
9606.ENSP00000321106 9606.ENSP00000420040 0 0 0 117 0 0 98 170 
9606.ENSP00000321106 9606.ENSP00000217420 0 0 0 230 0 0 339 469 
9606.ENSP00000321106 9606.ENSP00000299798 0 0 0 61 0 0 165 183 
9606.ENSP00000321106 9606.ENSP00000298352 0 0 0 201 0 0 97 248 
9606.ENSP00000321106 9606.ENSP00000264867 0 0 0 0 0 0 185 185 
9606.ENSP00000321106 9606.ENSP00000445306 0 0 0 55 0 0 360 370 
9606.ENSP00000321106 9606.ENSP00000262352 0 0 0 69 0 0 186 209 
9606.ENSP00000321106 9606.ENSP00000342385 0 0 0 0 0 0 165 165 
9606.ENSP00000321106 9606.ENSP00000392423 0 0 0 76 0 0 128 160 
9606.ENSP00000321106 9606.ENSP00000293599 0 0 0 49 0 0 150 157 
9606.ENSP00000321106 9606.ENSP00000357342 0 0 0 77 0 0 117 150 
9606.ENSP00000321106 9606.ENSP00000384193 0 0 0 168 0 0 56 181 
9606.ENSP00000321106 9606.ENSP00000309493 0 0 0 0 0 900 0 900 
9606.ENSP00000321106 9606.ENSP00000265459 0 0 0 158 0 0 0 158 
9606.ENSP00000321106 9606.ENSP00000432083 0 0 0 0 0 0 187 187 
9606.ENSP00000321106 9606.ENSP00000406463 0 0 0 0 0 0 215 215 
9606.ENSP00000321106 9606.ENSP00000274368 0 0 0 62 0 0 363 377 
9606.ENSP00000321106 9606.ENSP00000296755 0 0 0 135 0 0 64 156 
9606.ENSP00000321106 9606.ENSP00000357206 0 0 0 0 0 0 217 217 
9606.ENSP00000321106 9606.ENSP00000312027 0 0 0 0 0 0 243 243 
9606.ENSP00000321106 9606.ENSP00000361562 0 0 0 0 0 0 195 195 
9606.ENSP00000321106 9606.ENSP00000376178 0 0 0 61 0 0 230 246 
9606.ENSP00000321106 9606.ENSP00000362841 0 0 0 111 0 0 98 165 
9606.ENSP00000321106 9606.ENSP00000353377 0 0 0 0 0 0 173 173 
9606.ENSP00000321106 9606.ENSP00000425979 0 0 0 0 0 0 229 229 
9606.ENSP00000321106 9606.ENSP00000309270 0 0 0 173 0 0 0 173 
9606.ENSP00000321106 9606.ENSP00000345083 0 0 0 0 0 0 188 188 
9606.ENSP00000321106 9606.ENSP00000349594 0 0 0 157 0 0 138 243 
9606.ENSP00000321106 9606.ENSP00000250378 0 0 0 0 0 0 491 491 
9606.ENSP00000321106 9606.ENSP00000356793 0 0 0 0 0 900 0 900 
9606.ENSP00000321106 9606.ENSP00000327251 0 0 0 73 0 0 160 188 
9606.ENSP00000321106 9606.ENSP00000432770 0 0 0 0 0 0 216 216 
9606.ENSP00000321106 9606.ENSP00000297494 0 0 0 0 0 0 450 450 
9606.ENSP00000321106 9606.ENSP00000273610 0 0 0 0 0 0 297 297 
9606.ENSP00000321106 9606.ENSP00000308925 0 0 0 0 0 0 266 266 
9606.ENSP00000321106 9606.ENSP00000264832 0 0 0 0 0 0 580 580 
9606.ENSP00000321106 9606.ENSP00000370010 0 0 0 0 0 0 155 155 
9606.ENSP00000321106 9606.ENSP00000264162 0 0 0 0 0 0 152 152 
9606.ENSP00000321106 9606.ENSP00000377721 0 0 0 0 0 0 178 178 
9606.ENSP00000321106 9606.ENSP00000341208 0 0 0 0 0 0 222 222 
9606.ENSP00000321106 9606.ENSP00000263314 0 0 0 0 0 0 660 660 
9606.ENSP00000321106 9606.ENSP00000368759 0 0 0 0 0 0 394 394 
9606.ENSP00000321106 9606.ENSP00000308725 0 0 0 117 0 0 117 188 
9606.ENSP00000321106 9606.ENSP00000274545 0 0 0 141 0 0 221 302 
9606.ENSP00000321106 9606.ENSP00000352544 0 0 0 153 0 0 49 160 
9606.ENSP00000321106 9606.ENSP00000381072 0 0 0 0 0 0 220 220 
9606.ENSP00000321106 9606.ENSP00000276571 0 0 0 77 0 0 742 751 
9606.ENSP00000321106 9606.ENSP00000360822 0 0 0 98 0 0 136 187 
9606.ENSP00000321106 9606.ENSP00000284240 0 0 0 109 0 0 122 185 
9606.ENSP00000321106 9606.ENSP00000362183 0 0 0 133 0 0 126 211 
9606.ENSP00000321106 9606.ENSP00000368966 0 0 0 93 0 0 265 305 
9606.ENSP00000321106 9606.ENSP00000378074 0 0 0 0 0 0 175 175 
9606.ENSP00000321106 9606.ENSP00000354040 0 0 0 0 0 0 237 237 
9606.ENSP00000321106 9606.ENSP00000394033 0 0 0 61 0 0 291 305 
9606.ENSP00000321106 9606.ENSP00000331748 0 0 0 0 0 0 256 256 
9606.ENSP00000321106 9606.ENSP00000265113 0 0 0 98 0 0 236 281 
9606.ENSP00000321106 9606.ENSP00000349493 0 0 0 0 0 0 212 212 
9606.ENSP00000321106 9606.ENSP00000451040 0 0 0 0 0 0 187 187 
9606.ENSP00000321106 9606.ENSP00000242480 0 0 0 0 0 0 161 161 
9606.ENSP00000321106 9606.ENSP00000240652 0 0 0 62 0 0 387 400 
9606.ENSP00000321106 9606.ENSP00000375682 0 0 0 0 0 0 161 161 
9606.ENSP00000321106 9606.ENSP00000429243 0 0 0 214 0 0 89 254 
9606.ENSP00000321106 9606.ENSP00000351807 0 0 0 0 0 0 228 228 
9606.ENSP00000321106 9606.ENSP00000296435 0 0 0 0 0 0 224 224 
9606.ENSP00000321106 9606.ENSP00000306497 0 0 0 214 0 0 127 284 
9606.ENSP00000321106 9606.ENSP00000294725 0 0 0 96 0 0 146 195 
9606.ENSP00000321106 9606.ENSP00000358466 0 0 0 76 0 0 136 167 
9606.ENSP00000321106 9606.ENSP00000328336 0 0 0 162 0 0 0 162 
9606.ENSP00000321106 9606.ENSP00000351250 0 0 0 0 0 0 200 200 
9606.ENSP00000321106 9606.ENSP00000480966 0 0 0 0 0 900 210 917 
9606.ENSP00000321106 9606.ENSP00000360021 0 0 0 0 0 900 0 900 
9606.ENSP00000321106 9606.ENSP00000221891 0 0 0 146 0 0 212 298 
9606.ENSP00000321106 9606.ENSP00000480012 0 0 0 62 0 0 400 413 
9606.ENSP00000321106 9606.ENSP00000268613 0 0 0 0 0 0 161 161 
9606.ENSP00000321106 9606.ENSP00000337128 0 0 0 76 0 900 295 929 
9606.ENSP00000321106 9606.ENSP00000327054 0 0 0 0 0 0 226 226 
9606.ENSP00000321106 9606.ENSP00000362621 0 0 0 196 0 0 0 196 
9606.ENSP00000321106 9606.ENSP00000288139 0 0 0 61 0 0 218 234 
9606.ENSP00000321106 9606.ENSP00000312082 0 0 0 0 0 0 256 256 
9606.ENSP00000321106 9606.ENSP00000302441 0 0 0 0 0 0 187 187 
9606.ENSP00000321106 9606.ENSP00000478255 0 0 0 61 0 0 189 205 
9606.ENSP00000321106 9606.ENSP00000307214 0 0 0 0 0 0 278 278 
9606.ENSP00000321106 9606.ENSP00000368104 0 0 0 0 0 0 188 188 
9606.ENSP00000321106 9606.ENSP00000225371 0 0 0 0 0 0 214 214 
9606.ENSP00000321106 9606.ENSP00000294638 0 0 0 0 0 0 150 150 
9606.ENSP00000321106 9606.ENSP00000368752 0 0 0 0 0 0 189 189 
9606.ENSP00000321106 9606.ENSP00000249016 0 0 0 108 0 900 143 916 
9606.ENSP00000321106 9606.ENSP00000355370 0 0 0 0 0 0 281 281 
9606.ENSP00000321106 9606.ENSP00000219070 0 0 0 0 0 0 250 250 
9606.ENSP00000321106 9606.ENSP00000370057 0 0 0 174 0 0 0 174 
9606.ENSP00000321106 9606.ENSP00000420976 0 0 0 62 0 0 182 200 
9606.ENSP00000321106 9606.ENSP00000341940 0 0 0 0 0 0 167 167 
9606.ENSP00000321106 9606.ENSP00000380479 0 0 0 132 0 0 70 158 
9606.ENSP00000321106 9606.ENSP00000433433 0 0 0 96 0 0 123 173 
9606.ENSP00000321106 9606.ENSP00000282356 0 0 0 85 0 0 128 168 
9606.ENSP00000321106 9606.ENSP00000378736 0 0 0 0 0 0 204 204 
9606.ENSP00000321106 9606.ENSP00000438284 0 0 0 63 0 0 212 230 
9606.ENSP00000321106 9606.ENSP00000335560 0 0 0 85 0 900 0 904 
9606.ENSP00000321106 9606.ENSP00000369798 0 0 0 0 0 0 239 239 
9606.ENSP00000321106 9606.ENSP00000393333 0 0 0 0 0 900 146 910 
9606.ENSP00000321106 9606.ENSP00000356265 0 0 0 0 0 0 211 211 
9606.ENSP00000321106 9606.ENSP00000307188 0 0 0 0 0 0 213 213 
9606.ENSP00000321106 9606.ENSP00000345192 0 0 0 229 0 0 0 229 
9606.ENSP00000321106 9606.ENSP00000385477 0 0 0 76 0 0 146 177 
9606.ENSP00000321106 9606.ENSP00000366843 0 0 0 0 0 0 188 188 
9606.ENSP00000321106 9606.ENSP00000237014 0 0 0 70 0 0 225 248 
9606.ENSP00000321106 9606.ENSP00000385019 0 0 0 77 0 0 167 198 
9606.ENSP00000321106 9606.ENSP00000282561 0 0 0 76 0 0 233 260 
9606.ENSP00000321106 9606.ENSP00000315011 0 0 0 0 0 900 267 923 
9606.ENSP00000321106 9606.ENSP00000419422 0 0 0 0 0 900 323 929 
9606.ENSP00000321106 9606.ENSP00000386458 0 0 0 0 0 0 218 218 
9606.ENSP00000321106 9606.ENSP00000363089 0 0 0 0 0 0 357 357 
9606.ENSP00000321106 9606.ENSP00000296099 0 0 0 0 0 0 330 330 
9606.ENSP00000321106 9606.ENSP00000256857 0 0 0 62 0 900 862 985 
9606.ENSP00000321106 9606.ENSP00000305651 0 0 0 0 0 0 197 197 
9606.ENSP00000321106 9606.ENSP00000362294 0 0 0 161 0 0 54 173 
9606.ENSP00000321106 9606.ENSP00000427015 0 0 0 0 0 0 388 388 
9606.ENSP00000321106 9606.ENSP00000328818 0 0 0 0 0 900 59 901 
9606.ENSP00000321106 9606.ENSP00000241052 0 0 0 0 0 0 297 297 
9606.ENSP00000321106 9606.ENSP00000363553 0 0 0 61 0 900 229 921 
9606.ENSP00000321106 9606.ENSP00000415900 0 0 0 0 0 0 163 163 
9606.ENSP00000321106 9606.ENSP00000462647 0 0 0 131 0 0 628 663 
9606.ENSP00000321106 9606.ENSP00000369981 0 0 0 175 0 0 0 175 
9606.ENSP00000321106 9606.ENSP00000288135 0 0 0 65 0 0 352 368 
9606.ENSP00000321106 9606.ENSP00000335074 0 0 0 0 0 0 511 511 
9606.ENSP00000321106 9606.ENSP00000342538 0 0 0 173 0 0 52 182 
9606.ENSP00000321106 9606.ENSP00000361087 0 0 0 110 0 0 151 213 
9606.ENSP00000321106 9606.ENSP00000368805 0 0 0 0 0 0 159 159 
9606.ENSP00000321106 9606.ENSP00000318884 0 0 0 77 0 0 222 251 
9606.ENSP00000321106 9606.ENSP00000370034 0 0 0 0 0 0 268 268 
9606.ENSP00000321106 9606.ENSP00000482169 0 0 0 229 0 0 171 333 
9606.ENSP00000321106 9606.ENSP00000415491 0 0 0 172 0 0 0 172 
9606.ENSP00000321106 9606.ENSP00000317580 0 0 0 51 0 0 160 168 
9606.ENSP00000321106 9606.ENSP00000264071 0 0 0 145 0 0 124 219 
9606.ENSP00000321106 9606.ENSP00000369643 0 0 0 78 0 900 556 955 
9606.ENSP00000321106 9606.ENSP00000225538 0 0 0 0 0 0 418 418 
9606.ENSP00000321106 9606.ENSP00000370395 0 0 0 81 0 0 219 251 
9606.ENSP00000321106 9606.ENSP00000351015 0 0 0 0 0 0 185 185 
9606.ENSP00000321106 9606.ENSP00000450958 0 0 0 175 0 0 0 175 
9606.ENSP00000321106 9606.ENSP00000268122 0 0 0 0 0 0 199 199 
9606.ENSP00000321106 9606.ENSP00000404100 0 0 0 0 0 0 167 167 
9606.ENSP00000321106 9606.ENSP00000296921 0 0 0 0 0 0 210 210 
9606.ENSP00000321106 9606.ENSP00000296526 0 0 0 176 0 0 196 309 
9606.ENSP00000321106 9606.ENSP00000267377 0 0 0 98 0 0 427 461 
9606.ENSP00000321106 9606.ENSP00000231572 0 0 0 0 0 0 248 248 
9606.ENSP00000321106 9606.ENSP00000384387 0 0 0 61 0 900 123 910 
9606.ENSP00000321106 9606.ENSP00000229795 0 0 0 0 0 0 302 302 
9606.ENSP00000321106 9606.ENSP00000361777 0 0 0 0 0 0 185 185 
9606.ENSP00000321106 9606.ENSP00000311196 0 0 0 118 0 0 91 164 
9606.ENSP00000321106 9606.ENSP00000292513 0 0 0 0 0 900 215 918 
9606.ENSP00000321106 9606.ENSP00000443168 0 0 0 0 0 0 185 185 
9606.ENSP00000321106 9606.ENSP00000357106 0 0 0 155 0 0 49 162 
9606.ENSP00000321106 9606.ENSP00000253796 0 0 0 63 0 0 234 251 
9606.ENSP00000321106 9606.ENSP00000377494 0 0 0 152 0 0 149 248 
9606.ENSP00000321106 9606.ENSP00000470879 0 0 0 187 0 0 0 187 
9606.ENSP00000321106 9606.ENSP00000315130 0 0 0 103 0 0 116 174 
9606.ENSP00000321106 9606.ENSP00000264047 0 0 0 125 0 0 111 188 
9606.ENSP00000321106 9606.ENSP00000222674 0 0 0 61 0 0 180 197 
9606.ENSP00000321106 9606.ENSP00000301420 0 0 0 0 0 0 169 169 
9606.ENSP00000321106 9606.ENSP00000261405 0 0 0 0 0 0 212 212 
9606.ENSP00000321106 9606.ENSP00000260970 0 0 0 0 0 0 290 290 
9606.ENSP00000321106 9606.ENSP00000303540 0 0 0 89 0 0 222 261 
9606.ENSP00000321106 9606.ENSP00000349884 0 0 0 0 0 0 242 242 
9606.ENSP00000321106 9606.ENSP00000346694 0 0 0 0 0 0 207 207 
9606.ENSP00000321106 9606.ENSP00000381293 0 0 0 61 0 0 293 307 
9606.ENSP00000321106 9606.ENSP00000348521 0 0 0 96 0 0 144 193 
9606.ENSP00000321106 9606.ENSP00000331746 0 0 0 61 0 0 928 929 
9606.ENSP00000321106 9606.ENSP00000302648 0 0 0 0 0 0 261 261 
9606.ENSP00000321106 9606.ENSP00000363345 0 0 0 0 0 0 238 238 
9606.ENSP00000321106 9606.ENSP00000354850 0 0 0 0 0 0 243 243 
9606.ENSP00000321106 9606.ENSP00000303212 0 0 0 63 0 0 196 214 
9606.ENSP00000321106 9606.ENSP00000306662 0 0 0 0 0 900 649 963 
9606.ENSP00000321106 9606.ENSP00000428480 0 0 0 62 0 0 146 164 
9606.ENSP00000321106 9606.ENSP00000352035 0 0 0 189 0 0 167 295 
9606.ENSP00000321106 9606.ENSP00000349003 0 0 0 0 0 0 240 240 
9606.ENSP00000321106 9606.ENSP00000378359 0 0 0 0 0 0 222 222 
9606.ENSP00000321106 9606.ENSP00000365435 0 0 0 0 0 0 210 210 
9606.ENSP00000321106 9606.ENSP00000313571 0 0 0 0 0 0 229 229 
9606.ENSP00000321106 9606.ENSP00000296271 0 0 0 64 0 0 385 399 
9606.ENSP00000321106 9606.ENSP00000294973 0 0 0 0 0 0 220 220 
9606.ENSP00000321106 9606.ENSP00000239151 0 0 0 0 0 0 220 220 
9606.ENSP00000321106 9606.ENSP00000461007 0 0 0 0 0 0 905 905 
9606.ENSP00000321106 9606.ENSP00000381070 0 0 0 0 0 0 229 229 
9606.ENSP00000321106 9606.ENSP00000265431 0 0 0 90 0 0 669 686 
9606.ENSP00000321106 9606.ENSP00000426022 0 0 0 0 0 900 47 900 
9606.ENSP00000321106 9606.ENSP00000340874 0 0 0 0 0 0 190 190 
9606.ENSP00000321106 9606.ENSP00000322788 0 0 0 0 0 0 217 217 
9606.ENSP00000321106 9606.ENSP00000233057 0 0 0 0 0 0 203 203 
9606.ENSP00000321106 9606.ENSP00000043402 0 0 0 99 0 0 194 242 
9606.ENSP00000321106 9606.ENSP00000351052 0 0 0 0 0 0 208 208 
9606.ENSP00000321106 9606.ENSP00000466090 0 0 0 0 0 0 196 196 
9606.ENSP00000321106 9606.ENSP00000436607 0 0 0 0 0 0 465 465 
9606.ENSP00000321106 9606.ENSP00000481249 0 0 0 0 0 0 163 163 
9606.ENSP00000321106 9606.ENSP00000327417 0 0 0 0 0 900 111 907 
9606.ENSP00000321106 9606.ENSP00000284262 0 0 0 158 0 0 222 317 
9606.ENSP00000321106 9606.ENSP00000020926 0 0 0 140 0 0 81 175 
9606.ENSP00000321106 9606.ENSP00000354558 0 0 0 0 0 0 185 185 
9606.ENSP00000321106 9606.ENSP00000256339 0 0 0 88 0 0 258 294 
9606.ENSP00000321106 9606.ENSP00000323588 0 0 0 109 0 0 85 150 
9606.ENSP00000321106 9606.ENSP00000407586 0 0 0 0 0 0 201 201 
9606.ENSP00000321106 9606.ENSP00000384582 0 0 0 49 0 0 250 256 
9606.ENSP00000321106 9606.ENSP00000222381 0 0 0 0 0 0 163 163 
9606.ENSP00000321106 9606.ENSP00000276198 0 0 0 111 0 900 367 938 
9606.ENSP00000321106 9606.ENSP00000308258 0 0 0 0 0 0 364 364 
9606.ENSP00000321106 9606.ENSP00000248572 0 0 0 0 0 900 0 900 
9606.ENSP00000321106 9606.ENSP00000480971 0 0 0 77 0 0 414 435 
9606.ENSP00000321106 9606.ENSP00000485512 0 0 0 81 0 900 168 916 
9606.ENSP00000321106 9606.ENSP00000264938 0 0 0 0 0 0 542 542 
9606.ENSP00000321106 9606.ENSP00000267549 0 0 0 0 0 900 93 905 
9606.ENSP00000321106 9606.ENSP00000259750 0 0 0 151 0 0 0 151 
9606.ENSP00000321106 9606.ENSP00000277120 0 0 0 154 0 0 501 560 
9606.ENSP00000321106 9606.ENSP00000354207 0 0 0 96 0 0 399 433 
9606.ENSP00000321106 9606.ENSP00000263519 0 0 0 203 0 0 50 211 
9606.ENSP00000321106 9606.ENSP00000393097 0 0 0 158 0 0 160 263 
9606.ENSP00000321106 9606.ENSP00000484060 0 0 0 111 0 0 218 275 
9606.ENSP00000321106 9606.ENSP00000300873 0 0 0 0 0 900 98 905 
9606.ENSP00000321106 9606.ENSP00000390600 0 0 0 59 0 0 567 575 
9606.ENSP00000321106 9606.ENSP00000258080 0 0 0 0 0 0 404 404 
9606.ENSP00000321106 9606.ENSP00000473036 0 0 0 152 0 0 0 152 
9606.ENSP00000321106 9606.ENSP00000259050 0 0 0 0 0 0 457 457 
9606.ENSP00000321106 9606.ENSP00000356205 0 0 0 88 0 0 447 474 
9606.ENSP00000321106 9606.ENSP00000356297 0 0 0 0 0 0 531 531 
9606.ENSP00000321106 9606.ENSP00000352157 0 0 0 117 0 0 88 161 
9606.ENSP00000321106 9606.ENSP00000378089 0 0 0 0 0 900 552 953 
9606.ENSP00000321106 9606.ENSP00000216629 0 0 0 0 0 900 228 919 
9606.ENSP00000321106 9606.ENSP00000381339 0 0 0 0 0 0 292 292 
9606.ENSP00000321106 9606.ENSP00000355155 0 0 0 0 0 0 165 165 
9606.ENSP00000321106 9606.ENSP00000386444 0 0 0 0 0 0 425 425 
9606.ENSP00000321106 9606.ENSP00000302194 0 0 0 173 0 0 0 173 
9606.ENSP00000321106 9606.ENSP00000364586 0 0 0 151 0 0 156 254 
9606.ENSP00000321106 9606.ENSP00000430676 0 0 0 130 0 0 172 248 
9606.ENSP00000321106 9606.ENSP00000334940 0 0 0 0 0 0 443 443 
9606.ENSP00000321106 9606.ENSP00000263253 0 0 0 0 0 0 202 202 
9606.ENSP00000321106 9606.ENSP00000428331 0 0 0 0 0 0 294 294 
9606.ENSP00000321106 9606.ENSP00000403644 0 0 0 55 0 0 327 336 
9606.ENSP00000321106 9606.ENSP00000308057 0 0 0 211 0 0 69 235 
9606.ENSP00000321106 9606.ENSP00000347197 0 0 0 0 0 0 188 188 
9606.ENSP00000321106 9606.ENSP00000306129 0 0 0 127 0 0 579 617 
9606.ENSP00000321106 9606.ENSP00000228438 0 0 0 0 0 0 243 243 
9606.ENSP00000321106 9606.ENSP00000388825 0 0 0 0 0 900 669 965 
9606.ENSP00000321106 9606.ENSP00000337697 0 0 0 69 0 0 189 213 
9606.ENSP00000321106 9606.ENSP00000327246 0 0 0 52 0 0 408 414 
9606.ENSP00000321106 9606.ENSP00000450540 0 0 0 0 0 0 192 192 
9606.ENSP00000321106 9606.ENSP00000366416 0 0 0 87 0 900 354 935 
9606.ENSP00000321106 9606.ENSP00000384620 0 0 0 0 0 0 175 175 
9606.ENSP00000321106 9606.ENSP00000265634 0 0 0 137 0 0 66 160 
9606.ENSP00000321106 9606.ENSP00000220478 0 0 0 161 0 0 139 247 
9606.ENSP00000321106 9606.ENSP00000434045 0 0 0 0 0 900 68 902 
9606.ENSP00000321106 9606.ENSP00000264431 0 0 0 0 0 0 167 167 
9606.ENSP00000321106 9606.ENSP00000254868 0 0 0 0 0 0 223 223 
9606.ENSP00000321106 9606.ENSP00000311997 0 0 0 121 0 0 392 443 
9606.ENSP00000321106 9606.ENSP00000329093 0 0 0 0 0 0 194 194 
9606.ENSP00000321106 9606.ENSP00000368683 0 0 0 0 0 900 581 956 
9606.ENSP00000321106 9606.ENSP00000354481 0 0 0 159 0 0 0 159 
9606.ENSP00000321106 9606.ENSP00000251127 0 0 0 86 0 0 716 729 
9606.ENSP00000321106 9606.ENSP00000312673 0 0 0 0 0 0 224 224 
9606.ENSP00000321106 9606.ENSP00000352561 0 0 0 0 0 0 170 170 
9606.ENSP00000321106 9606.ENSP00000233146 0 0 0 0 0 0 185 185 
9606.ENSP00000321106 9606.ENSP00000405812 0 0 0 85 0 0 242 277 
9606.ENSP00000321106 9606.ENSP00000367691 0 0 0 0 0 900 0 900 
9606.ENSP00000321106 9606.ENSP00000381412 0 0 0 160 0 0 54 171 
9606.ENSP00000321106 9606.ENSP00000240499 0 0 0 0 0 0 228 228 
9606.ENSP00000321106 9606.ENSP00000230671 0 0 0 171 0 0 0 171 
9606.ENSP00000321106 9606.ENSP00000291294 0 0 0 0 0 0 396 396 
9606.ENSP00000321106 9606.ENSP00000248076 0 0 0 0 0 900 0 900 
9606.ENSP00000321106 9606.ENSP00000326604 0 0 0 0 0 0 204 204 
9606.ENSP00000321106 9606.ENSP00000286628 0 0 0 81 0 0 229 262 
9606.ENSP00000321106 9606.ENSP00000249330 0 0 0 108 0 0 328 375 
9606.ENSP00000321106 9606.ENSP00000408695 0 0 0 62 0 0 149 168 
9606.ENSP00000321106 9606.ENSP00000366233 0 0 0 96 0 0 443 475 
9606.ENSP00000321106 9606.ENSP00000325527 0 0 0 0 0 0 155 155 
9606.ENSP00000321106 9606.ENSP00000314223 0 0 0 135 0 0 234 310 
9606.ENSP00000321106 9606.ENSP00000171757 0 0 0 0 0 900 0 900 
9606.ENSP00000321106 9606.ENSP00000233826 0 0 0 0 0 0 214 214 
9606.ENSP00000321106 9606.ENSP00000322460 0 0 0 137 0 0 63 157 
9606.ENSP00000321106 9606.ENSP00000219197 0 0 0 195 0 0 193 323 
9606.ENSP00000321106 9606.ENSP00000450337 0 0 0 173 0 0 50 181 
9606.ENSP00000321106 9606.ENSP00000287078 0 0 0 0 0 0 173 173 
9606.ENSP00000321106 9606.ENSP00000252575 0 0 0 175 0 0 0 175 
9606.ENSP00000321106 9606.ENSP00000276410 0 0 0 62 0 0 159 178 
9606.ENSP00000321106 9606.ENSP00000349428 0 0 0 0 0 0 223 223 
9606.ENSP00000321106 9606.ENSP00000448073 0 0 0 63 0 0 220 237 
9606.ENSP00000321106 9606.ENSP00000371294 0 0 0 0 0 0 258 258 
9606.ENSP00000321106 9606.ENSP00000440556 0 0 0 123 0 0 145 218 
9606.ENSP00000321106 9606.ENSP00000359532 0 0 0 62 0 900 373 936 
9606.ENSP00000321106 9606.ENSP00000391088 0 0 0 87 0 0 716 729 
9606.ENSP00000321106 9606.ENSP00000482232 0 0 0 0 0 0 188 188 
9606.ENSP00000321106 9606.ENSP00000387662 0 0 0 0 0 900 630 961 
9606.ENSP00000321106 9606.ENSP00000420298 0 0 0 76 0 0 123 155 
9606.ENSP00000321106 9606.ENSP00000165524 0 0 0 0 0 0 320 320 
9606.ENSP00000321106 9606.ENSP00000219400 0 0 0 0 0 0 173 173 
9606.ENSP00000321106 9606.ENSP00000324419 0 0 0 146 0 0 99 197 
9606.ENSP00000321106 9606.ENSP00000331358 0 0 0 0 0 900 703 969 
9606.ENSP00000321106 9606.ENSP00000338019 0 0 0 0 0 0 218 218 
9606.ENSP00000321106 9606.ENSP00000482442 0 0 0 124 0 0 131 206 
9606.ENSP00000321106 9606.ENSP00000262186 0 0 0 57 0 0 150 164 
9606.ENSP00000321106 9606.ENSP00000353915 0 0 0 95 0 0 188 233 
9606.ENSP00000321106 9606.ENSP00000301365 0 0 0 0 0 0 460 460 
9606.ENSP00000321106 9606.ENSP00000369127 0 0 0 0 0 0 191 191 
9606.ENSP00000321106 9606.ENSP00000359682 0 0 0 86 0 900 370 937 
9606.ENSP00000321106 9606.ENSP00000256906 0 0 0 0 0 0 330 330 
9606.ENSP00000321106 9606.ENSP00000372654 0 0 0 152 0 0 213 304 
9606.ENSP00000321106 9606.ENSP00000433664 0 0 0 0 0 0 195 195 
9606.ENSP00000321106 9606.ENSP00000343925 0 0 0 0 0 0 153 153 
9606.ENSP00000321106 9606.ENSP00000386759 0 0 0 0 0 0 211 211 
9606.ENSP00000321106 9606.ENSP00000302051 0 0 0 59 0 0 274 288 
9606.ENSP00000321106 9606.ENSP00000478492 0 0 0 0 0 900 267 923 
9606.ENSP00000321106 9606.ENSP00000332225 0 0 0 82 0 900 324 932 
9606.ENSP00000321106 9606.ENSP00000312318 0 0 0 0 0 0 217 217 
9606.ENSP00000321106 9606.ENSP00000009105 0 0 0 156 0 0 0 156 
9606.ENSP00000321106 9606.ENSP00000397655 0 0 0 0 0 0 169 169 
9606.ENSP00000321106 9606.ENSP00000480573 0 0 0 63 0 0 650 658 
9606.ENSP00000321106 9606.ENSP00000386200 0 0 0 0 0 0 165 165 
9606.ENSP00000321106 9606.ENSP00000388137 0 0 0 152 0 0 0 152 
9606.ENSP00000321106 9606.ENSP00000372170 0 0 0 0 0 0 193 193 
9606.ENSP00000321106 9606.ENSP00000349320 0 0 0 88 0 0 181 222 
9606.ENSP00000321106 9606.ENSP00000303325 0 0 0 99 379 900 891 993 
9606.ENSP00000321106 9606.ENSP00000281806 0 0 0 87 0 900 98 910 
9606.ENSP00000321106 9606.ENSP00000329794 0 0 0 151 0 0 0 151 
9606.ENSP00000321106 9606.ENSP00000477344 0 0 0 98 0 0 118 170 
9606.ENSP00000321106 9606.ENSP00000342560 0 0 0 189 0 0 329 433 
9606.ENSP00000321106 9606.ENSP00000419446 0 0 0 61 0 0 405 417 
9606.ENSP00000321106 9606.ENSP00000216117 0 0 0 0 0 0 161 161 
9606.ENSP00000321106 9606.ENSP00000236877 0 0 0 215 0 0 132 290 
9606.ENSP00000321106 9606.ENSP00000469455 0 0 0 62 0 0 530 540 
9606.ENSP00000321106 9606.ENSP00000260302 0 0 0 0 0 0 189 189 
9606.ENSP00000321106 9606.ENSP00000333496 0 0 0 159 0 0 246 339 
9606.ENSP00000321106 9606.ENSP00000363229 0 0 0 61 0 0 588 596 
9606.ENSP00000321106 9606.ENSP00000351059 0 0 0 0 0 0 282 282 
9606.ENSP00000321106 9606.ENSP00000361141 0 0 0 70 0 900 166 915 
9606.ENSP00000321106 9606.ENSP00000266376 0 0 0 76 0 0 197 226 
9606.ENSP00000321106 9606.ENSP00000451828 0 0 0 0 0 0 605 605 
9606.ENSP00000321106 9606.ENSP00000321326 0 0 0 0 0 900 148 911 
9606.ENSP00000321106 9606.ENSP00000403397 0 0 0 0 0 0 219 219 
9606.ENSP00000321106 9606.ENSP00000419361 0 0 0 145 0 0 137 230 
9606.ENSP00000321106 9606.ENSP00000465500 0 0 0 0 0 0 210 210 
9606.ENSP00000321106 9606.ENSP00000225474 0 0 0 0 0 0 211 211 
9606.ENSP00000321106 9606.ENSP00000371985 0 0 0 194 0 0 198 326 
9606.ENSP00000321106 9606.ENSP00000265362 0 0 0 0 0 0 220 220 
9606.ENSP00000321106 9606.ENSP00000360806 0 0 0 61 0 0 139 157 
9606.ENSP00000321106 9606.ENSP00000009530 0 0 0 0 0 0 162 162 
9606.ENSP00000321106 9606.ENSP00000405388 0 0 0 231 0 0 83 265 
9606.ENSP00000321106 9606.ENSP00000397297 0 0 0 62 0 0 557 566 
9606.ENSP00000321106 9606.ENSP00000321805 0 0 0 173 0 0 0 173 
9606.ENSP00000321106 9606.ENSP00000356213 0 0 0 125 0 0 913 921 
9606.ENSP00000321106 9606.ENSP00000380093 0 0 0 95 0 0 127 176 
9606.ENSP00000321106 9606.ENSP00000296777 0 0 0 175 0 0 427 508 
9606.ENSP00000321106 9606.ENSP00000254079 0 0 0 130 0 0 470 519 
9606.ENSP00000321106 9606.ENSP00000354511 0 0 0 0 0 0 267 267 
9606.ENSP00000321106 9606.ENSP00000265715 0 0 0 0 0 0 202 202 
9606.ENSP00000321106 9606.ENSP00000420194 0 0 0 58 0 900 143 912 
9606.ENSP00000321106 9606.ENSP00000481244 0 0 0 77 0 0 680 693 
9606.ENSP00000321106 9606.ENSP00000358783 0 0 0 97 0 0 634 655 
9606.ENSP00000321106 9606.ENSP00000477999 0 0 0 0 0 0 526 526 
9606.ENSP00000321106 9606.ENSP00000249041 0 0 0 62 0 0 401 414 
9606.ENSP00000321106 9606.ENSP00000274547 0 0 0 173 0 0 64 193 
9606.ENSP00000321106 9606.ENSP00000247815 0 0 0 0 0 0 382 382 
9606.ENSP00000321106 9606.ENSP00000229195 0 0 0 0 0 0 169 169 
9606.ENSP00000321106 9606.ENSP00000328928 0 0 0 0 0 0 175 175 
9606.ENSP00000321106 9606.ENSP00000304467 0 0 0 0 0 0 323 323 
9606.ENSP00000321106 9606.ENSP00000248150 0 0 0 88 0 900 0 904 
9606.ENSP00000321106 9606.ENSP00000421377 0 0 0 0 0 0 256 256 
9606.ENSP00000321106 9606.ENSP00000433109 0 0 0 136 0 0 217 294 
9606.ENSP00000321106 9606.ENSP00000389814 0 0 0 0 0 0 186 186 
9606.ENSP00000321106 9606.ENSP00000229239 0 0 0 0 0 0 357 357 
9606.ENSP00000321106 9606.ENSP00000006053 0 0 0 82 0 0 367 394 
9606.ENSP00000321106 9606.ENSP00000247271 0 0 0 86 0 0 212 249 
9606.ENSP00000321106 9606.ENSP00000337103 0 0 0 64 0 0 733 739 
9606.ENSP00000321106 9606.ENSP00000351686 0 0 0 0 0 0 230 230 
9606.ENSP00000321106 9606.ENSP00000269571 0 0 0 0 0 0 168 168 
9606.ENSP00000321106 9606.ENSP00000337733 0 0 0 0 0 0 167 167 
9606.ENSP00000321106 9606.ENSP00000306253 0 0 0 0 0 0 398 398 
9606.ENSP00000321106 9606.ENSP00000303211 0 0 0 97 0 0 669 688 
9606.ENSP00000321106 9606.ENSP00000222598 0 0 0 61 0 0 161 179 
9606.ENSP00000321106 9606.ENSP00000379087 0 0 0 0 0 0 158 158 
9606.ENSP00000321106 9606.ENSP00000384719 0 0 0 154 0 0 95 202 
9606.ENSP00000321106 9606.ENSP00000242249 0 0 0 0 0 0 171 171 
9606.ENSP00000321106 9606.ENSP00000301908 0 0 0 0 0 0 559 559 
9606.ENSP00000321106 9606.ENSP00000323872 0 0 0 0 0 900 146 910 
9606.ENSP00000321106 9606.ENSP00000352011 0 0 0 88 0 0 144 185 
9606.ENSP00000321106 9606.ENSP00000368766 0 0 0 0 0 900 643 962 
9606.ENSP00000321106 9606.ENSP00000412673 0 0 0 0 0 0 424 424 
9606.ENSP00000321106 9606.ENSP00000358703 0 0 0 151 0 0 0 151 
9606.ENSP00000321106 9606.ENSP00000344173 0 0 0 108 0 0 148 209 
9606.ENSP00000321106 9606.ENSP00000329295 0 0 0 119 0 0 244 306 
9606.ENSP00000321106 9606.ENSP00000231004 0 0 0 0 0 0 212 212 
9606.ENSP00000321106 9606.ENSP00000371067 0 0 0 0 0 0 185 185 
9606.ENSP00000321106 9606.ENSP00000319635 0 0 0 0 0 0 187 187 
9606.ENSP00000321106 9606.ENSP00000416293 0 0 0 0 0 0 188 188 
9606.ENSP00000321106 9606.ENSP00000324270 0 0 0 0 0 900 215 918 
9606.ENSP00000321106 9606.ENSP00000294728 0 0 0 0 0 0 240 240 
9606.ENSP00000321106 9606.ENSP00000264657 0 0 0 0 0 0 208 208 
9606.ENSP00000321106 9606.ENSP00000363092 0 0 0 83 0 0 251 284 
9606.ENSP00000321106 9606.ENSP00000295101 0 0 0 83 0 0 144 182 
9606.ENSP00000321106 9606.ENSP00000483110 0 0 0 76 0 900 920 991 
9606.ENSP00000321106 9606.ENSP00000230658 0 0 0 62 0 0 211 228 
9606.ENSP00000321106 9606.ENSP00000296677 0 0 0 0 0 900 501 948 
9606.ENSP00000321106 9606.ENSP00000364802 0 0 0 0 0 0 187 187 
9606.ENSP00000321106 9606.ENSP00000267845 0 0 0 55 0 0 274 284 
9606.ENSP00000321106 9606.ENSP00000267814 0 0 0 0 0 0 223 223 
9606.ENSP00000321106 9606.ENSP00000054668 0 0 0 0 0 900 174 913 
9606.ENSP00000321106 9606.ENSP00000428340 0 0 0 0 0 0 192 192 
9606.ENSP00000321106 9606.ENSP00000240100 0 0 0 0 0 0 179 179 
9606.ENSP00000321106 9606.ENSP00000252486 0 0 0 61 0 0 188 204 
9606.ENSP00000321106 9606.ENSP00000284981 0 0 0 62 0 900 298 928 
9606.ENSP00000321106 9606.ENSP00000379110 0 0 0 0 0 0 213 213 
9606.ENSP00000321106 9606.ENSP00000333821 0 0 0 0 0 0 252 252 
9606.ENSP00000321106 9606.ENSP00000265148 0 0 0 0 0 0 204 204 
9606.ENSP00000321106 9606.ENSP00000292079 0 0 0 0 0 0 203 203 
9606.ENSP00000321106 9606.ENSP00000427514 0 0 0 0 0 0 185 185 
9606.ENSP00000321106 9606.ENSP00000419782 0 0 0 0 0 0 162 162 
9606.ENSP00000321106 9606.ENSP00000367848 0 0 0 164 0 0 41 164 
9606.ENSP00000321106 9606.ENSP00000414303 0 0 0 81 0 0 670 683 
9606.ENSP00000321106 9606.ENSP00000408205 0 0 0 0 0 900 63 902 
9606.ENSP00000321106 9606.ENSP00000306124 0 0 0 62 0 0 193 210 
9606.ENSP00000321106 9606.ENSP00000264009 0 0 0 0 0 0 154 154 
9606.ENSP00000321106 9606.ENSP00000341170 0 0 0 98 0 0 98 152 
9606.ENSP00000321106 9606.ENSP00000217270 0 0 0 76 0 900 97 909 
9606.ENSP00000321106 9606.ENSP00000306138 0 0 0 172 0 900 388 944 
9606.ENSP00000321106 9606.ENSP00000370950 0 0 0 61 0 900 590 958 
9606.ENSP00000321106 9606.ENSP00000360687 0 0 0 97 0 0 125 176 
9606.ENSP00000321106 9606.ENSP00000375727 0 0 0 90 0 900 135 914 
9606.ENSP00000321106 9606.ENSP00000434241 0 0 0 79 0 0 175 208 
9606.ENSP00000321106 9606.ENSP00000304133 0 0 0 140 0 0 537 584 
9606.ENSP00000321106 9606.ENSP00000282018 0 0 0 0 0 900 124 908 
9606.ENSP00000321106 9606.ENSP00000345708 0 0 0 62 0 0 152 170 
9606.ENSP00000321106 9606.ENSP00000328230 0 0 0 0 0 900 53 901 
9606.ENSP00000321106 9606.ENSP00000262888 0 0 0 0 0 0 164 164 
9606.ENSP00000321106 9606.ENSP00000442982 0 0 0 84 0 900 0 904 
9606.ENSP00000321106 9606.ENSP00000463533 0 0 0 61 0 0 148 165 
9606.ENSP00000321106 9606.ENSP00000358963 0 0 0 92 0 0 495 522 
9606.ENSP00000321106 9606.ENSP00000354932 0 0 0 0 0 0 256 256 
9606.ENSP00000321106 9606.ENSP00000411613 0 0 0 0 0 0 198 198 
9606.ENSP00000321106 9606.ENSP00000381333 0 0 0 169 0 0 654 700 
9606.ENSP00000321106 9606.ENSP00000327875 0 0 0 0 0 900 79 903 
9606.ENSP00000321106 9606.ENSP00000437737 0 0 0 97 0 900 450 946 
9606.ENSP00000321106 9606.ENSP00000215095 0 0 0 129 0 0 68 154 
9606.ENSP00000321106 9606.ENSP00000435648 0 0 0 99 0 0 258 302 
9606.ENSP00000321106 9606.ENSP00000381775 0 0 0 0 0 0 222 222 
9606.ENSP00000321106 9606.ENSP00000478059 0 0 0 0 0 0 169 169 
9606.ENSP00000321106 9606.ENSP00000274093 0 0 0 64 0 0 398 412 
9606.ENSP00000321106 9606.ENSP00000410603 0 0 0 151 0 0 0 151 
9606.ENSP00000321106 9606.ENSP00000175091 0 0 0 0 0 0 349 349 
9606.ENSP00000321106 9606.ENSP00000218075 0 0 0 110 0 0 397 440 
9606.ENSP00000321106 9606.ENSP00000381105 0 0 0 0 0 900 925 992 
9606.ENSP00000321106 9606.ENSP00000295108 0 0 0 97 0 0 108 160 
9606.ENSP00000321106 9606.ENSP00000332296 0 0 0 0 0 0 163 163 
9606.ENSP00000321106 9606.ENSP00000379818 0 0 0 141 0 0 284 359 
9606.ENSP00000321106 9606.ENSP00000243911 0 0 0 0 0 0 212 212 
9606.ENSP00000321106 9606.ENSP00000363596 0 0 0 0 0 0 420 420 
9606.ENSP00000321106 9606.ENSP00000334448 0 0 0 61 0 900 0 902 
9606.ENSP00000321106 9606.ENSP00000312262 0 0 0 0 0 900 246 921 
9606.ENSP00000321106 9606.ENSP00000225831 0 0 0 0 0 0 440 440 
9606.ENSP00000321106 9606.ENSP00000290953 0 0 0 0 0 0 242 242 
9606.ENSP00000321106 9606.ENSP00000387356 0 0 0 61 0 0 243 258 
9606.ENSP00000321106 9606.ENSP00000482259 0 0 0 0 0 0 477 477 
9606.ENSP00000321106 9606.ENSP00000347003 0 0 0 0 0 0 282 282 
9606.ENSP00000321106 9606.ENSP00000323926 0 0 0 61 0 0 577 586 
9606.ENSP00000321106 9606.ENSP00000263160 0 0 0 192 0 0 591 655 
9606.ENSP00000321106 9606.ENSP00000263980 0 0 0 0 0 0 247 247 
9606.ENSP00000321106 9606.ENSP00000350348 0 0 0 64 0 0 185 205 
9606.ENSP00000321106 9606.ENSP00000358210 0 0 0 0 0 0 224 224 
9606.ENSP00000321106 9606.ENSP00000336528 0 0 0 0 0 0 167 167 
9606.ENSP00000321106 9606.ENSP00000164640 0 0 0 165 0 0 49 172 
9606.ENSP00000321106 9606.ENSP00000450482 0 0 0 0 0 900 463 944 
9606.ENSP00000321106 9606.ENSP00000303960 0 0 0 136 0 0 87 177 
9606.ENSP00000321106 9606.ENSP00000366331 0 0 0 0 0 0 167 167 
9606.ENSP00000321106 9606.ENSP00000400258 0 0 0 173 0 0 0 173 
9606.ENSP00000321106 9606.ENSP00000360214 0 0 0 163 0 0 0 163 
9606.ENSP00000321106 9606.ENSP00000379183 0 0 0 81 0 0 119 156 
9606.ENSP00000321106 9606.ENSP00000297350 0 0 0 0 0 0 171 171 
9606.ENSP00000321106 9606.ENSP00000354859 0 0 0 120 0 0 647 676 
9606.ENSP00000321106 9606.ENSP00000459962 0 0 0 0 0 0 905 905 
9606.ENSP00000321106 9606.ENSP00000064724 0 0 0 62 0 0 286 302 
9606.ENSP00000321106 9606.ENSP00000420295 0 0 0 0 0 0 167 167 
9606.ENSP00000321106 9606.ENSP00000222693 0 0 0 0 0 0 166 166 
9606.ENSP00000321106 9606.ENSP00000366413 0 0 0 0 0 0 242 242 
9606.ENSP00000321106 9606.ENSP00000263321 0 0 0 0 0 0 186 186 
9606.ENSP00000321106 9606.ENSP00000302846 0 0 0 0 0 0 252 252 
9606.ENSP00000321106 9606.ENSP00000480791 0 0 0 87 0 0 164 204 
9606.ENSP00000321106 9606.ENSP00000264428 0 0 0 120 0 0 398 447 
9606.ENSP00000321106 9606.ENSP00000330633 0 0 0 196 0 0 45 200 
9606.ENSP00000321106 9606.ENSP00000452780 0 0 0 0 0 0 186 186 
9606.ENSP00000321106 9606.ENSP00000330393 0 0 0 0 0 0 171 171 
9606.ENSP00000321106 9606.ENSP00000352162 0 0 0 159 0 0 261 352 
9606.ENSP00000321106 9606.ENSP00000362144 0 0 0 0 0 0 219 219 
9606.ENSP00000321106 9606.ENSP00000387760 0 0 0 0 0 0 669 669 
9606.ENSP00000321106 9606.ENSP00000310447 0 0 0 77 0 0 121 153 
9606.ENSP00000321106 9606.ENSP00000272847 0 0 0 62 0 0 150 168 
9606.ENSP00000321106 9606.ENSP00000430128 0 0 0 154 0 0 0 154 
9606.ENSP00000321106 9606.ENSP00000312741 0 0 0 0 0 0 188 188 
9606.ENSP00000321106 9606.ENSP00000259455 0 0 0 118 0 0 100 172 
9606.ENSP00000321106 9606.ENSP00000402152 0 0 0 0 0 0 214 214 
9606.ENSP00000321106 9606.ENSP00000430846 0 0 0 144 0 0 53 155 
9606.ENSP00000321106 9606.ENSP00000426083 0 0 0 0 0 0 195 195 
9606.ENSP00000321106 9606.ENSP00000332766 0 0 0 0 0 0 189 189 
9606.ENSP00000321106 9606.ENSP00000331474 0 0 0 165 0 0 0 165 
9606.ENSP00000321106 9606.ENSP00000355330 0 0 0 0 0 0 187 187 
9606.ENSP00000321106 9606.ENSP00000220764 0 0 0 0 0 0 473 473 
9606.ENSP00000321106 9606.ENSP00000430656 0 0 0 50 0 0 149 156 
9606.ENSP00000321106 9606.ENSP00000262839 0 0 0 96 0 0 282 324 
9606.ENSP00000321106 9606.ENSP00000474840 0 0 0 0 0 0 214 214 
9606.ENSP00000321106 9606.ENSP00000344666 0 0 0 0 0 0 214 214 
9606.ENSP00000321106 9606.ENSP00000358747 0 0 0 0 0 0 153 153 
9606.ENSP00000321106 9606.ENSP00000344192 0 0 0 0 0 0 290 290 
9606.ENSP00000321106 9606.ENSP00000382177 0 0 0 0 0 0 218 218 
9606.ENSP00000321106 9606.ENSP00000218721 0 0 0 0 0 900 171 913 
9606.ENSP00000321106 9606.ENSP00000360216 0 0 0 0 0 0 160 160 
9606.ENSP00000321106 9606.ENSP00000263686 0 0 0 0 0 0 507 507 
9606.ENSP00000321106 9606.ENSP00000263269 0 0 0 62 0 0 247 263 
9606.ENSP00000321106 9606.ENSP00000269582 0 0 0 0 0 0 398 398 
9606.ENSP00000321106 9606.ENSP00000420269 0 0 0 0 0 0 221 221 
9606.ENSP00000321106 9606.ENSP00000310036 0 0 0 0 0 0 227 227 
9606.ENSP00000321106 9606.ENSP00000440864 0 0 0 0 0 0 221 221 
9606.ENSP00000321106 9606.ENSP00000448165 0 0 0 0 0 0 187 187 
9606.ENSP00000321106 9606.ENSP00000355747 0 0 0 0 0 0 187 187 
9606.ENSP00000321106 9606.ENSP00000360147 0 0 0 0 0 0 222 222 
9606.ENSP00000321106 9606.ENSP00000328016 0 0 0 0 0 0 264 264 
9606.ENSP00000321106 9606.ENSP00000277942 0 0 0 64 0 900 640 963 
9606.ENSP00000321106 9606.ENSP00000219833 0 0 0 61 0 0 243 259 
9606.ENSP00000321106 9606.ENSP00000344411 0 0 0 0 0 0 164 164 
9606.ENSP00000321106 9606.ENSP00000252723 0 0 0 0 0 0 242 242 
9606.ENSP00000321106 9606.ENSP00000260010 0 0 0 0 0 0 297 297 
9606.ENSP00000321106 9606.ENSP00000272771 0 0 0 123 0 0 81 159 
9606.ENSP00000321106 9606.ENSP00000370372 0 0 0 0 0 0 171 171 
9606.ENSP00000321106 9606.ENSP00000265097 0 0 0 0 0 0 214 214 
9606.ENSP00000321106 9606.ENSP00000353344 0 0 0 0 0 0 177 177 
9606.ENSP00000321106 9606.ENSP00000376776 0 0 0 0 0 0 670 670 
9606.ENSP00000321106 9606.ENSP00000330148 0 0 0 127 0 0 154 231 
9606.ENSP00000321106 9606.ENSP00000263025 0 0 0 0 0 0 441 441 
9606.ENSP00000321106 9606.ENSP00000248553 0 0 0 0 0 0 188 188 
9606.ENSP00000321106 9606.ENSP00000353129 0 0 0 158 0 0 66 180 
9606.ENSP00000321106 9606.ENSP00000304250 0 0 0 170 0 0 144 260 
9606.ENSP00000321106 9606.ENSP00000344254 0 0 0 0 0 0 493 493 
9606.ENSP00000321106 9606.ENSP00000258042 0 0 0 65 0 900 404 939 
9606.ENSP00000321106 9606.ENSP00000363643 0 0 0 0 0 0 207 207 
9606.ENSP00000321106 9606.ENSP00000466009 0 0 0 0 0 0 630 630 
9606.ENSP00000321106 9606.ENSP00000363822 0 0 0 0 0 0 185 185 
9606.ENSP00000321106 9606.ENSP00000367697 0 0 0 0 0 0 180 180 
9606.ENSP00000321106 9606.ENSP00000312134 0 0 0 0 0 0 189 189 
9606.ENSP00000321106 9606.ENSP00000265986 0 0 0 0 0 0 172 172 
9606.ENSP00000321106 9606.ENSP00000372221 0 0 0 0 0 0 210 210 
9606.ENSP00000321106 9606.ENSP00000272190 0 0 0 0 0 0 530 530 
9606.ENSP00000321106 9606.ENSP00000252939 0 0 0 192 0 0 0 192 
9606.ENSP00000321106 9606.ENSP00000209668 0 0 0 0 0 0 220 220 
9606.ENSP00000321106 9606.ENSP00000356438 0 0 0 0 0 0 471 471 
9606.ENSP00000321106 9606.ENSP00000264606 0 0 0 0 0 0 232 232 
9606.ENSP00000321106 9606.ENSP00000480050 0 0 0 155 0 0 48 161 
9606.ENSP00000321106 9606.ENSP00000290271 0 0 0 0 0 0 206 206 
9606.ENSP00000321106 9606.ENSP00000261789 0 0 0 0 0 0 226 226 
9606.ENSP00000321106 9606.ENSP00000366506 0 0 0 0 0 0 266 266 
9606.ENSP00000321106 9606.ENSP00000360635 0 0 0 0 0 0 252 252 
9606.ENSP00000321106 9606.ENSP00000176195 0 0 0 0 0 0 654 654 
9606.ENSP00000321106 9606.ENSP00000378920 0 0 0 0 0 0 220 220 
9606.ENSP00000321106 9606.ENSP00000347046 0 0 0 57 0 0 149 163 
9606.ENSP00000321106 9606.ENSP00000336655 0 0 0 0 0 0 214 214 
9606.ENSP00000321106 9606.ENSP00000265074 0 0 0 0 0 0 161 161 
9606.ENSP00000321106 9606.ENSP00000349336 0 0 0 183 0 0 0 183 
9606.ENSP00000321106 9606.ENSP00000269321 0 0 0 0 0 0 214 214 
9606.ENSP00000321106 9606.ENSP00000418525 0 0 0 0 0 0 818 818 
9606.ENSP00000321106 9606.ENSP00000293190 0 0 0 88 0 0 172 212 
9606.ENSP00000321106 9606.ENSP00000297261 0 0 0 0 0 0 161 161 
9606.ENSP00000321106 9606.ENSP00000419313 0 0 0 82 0 0 217 250 
9606.ENSP00000321106 9606.ENSP00000360184 0 0 0 0 0 0 625 625 
9606.ENSP00000321106 9606.ENSP00000270162 0 0 0 0 0 0 194 194 
9606.ENSP00000321106 9606.ENSP00000299642 0 0 0 0 0 0 250 250 
9606.ENSP00000321106 9606.ENSP00000275162 0 0 0 216 0 0 0 216 
9606.ENSP00000321106 9606.ENSP00000382713 0 0 0 152 0 0 44 154 
9606.ENSP00000321106 9606.ENSP00000246553 0 0 0 0 0 900 69 902 
9606.ENSP00000321106 9606.ENSP00000262178 0 0 0 0 0 0 369 369 
9606.ENSP00000321106 9606.ENSP00000295640 0 0 0 0 0 0 309 309 
9606.ENSP00000321106 9606.ENSP00000376097 0 0 0 0 0 0 174 174 
9606.ENSP00000321106 9606.ENSP00000443256 0 0 0 0 0 900 64 902 
9606.ENSP00000321106 9606.ENSP00000478570 0 0 0 0 0 0 471 471 
9606.ENSP00000321106 9606.ENSP00000014930 0 0 0 0 0 0 364 364 
9606.ENSP00000321106 9606.ENSP00000340913 0 0 0 62 0 0 348 362 
9606.ENSP00000321106 9606.ENSP00000419000 0 0 0 108 0 0 146 206 
9606.ENSP00000321106 9606.ENSP00000401645 0 0 0 0 0 0 228 228 
9606.ENSP00000321106 9606.ENSP00000416193 0 0 0 0 0 0 165 165 
9606.ENSP00000321106 9606.ENSP00000447006 0 0 0 173 0 0 96 220 
9606.ENSP00000321106 9606.ENSP00000300175 0 0 0 137 0 0 213 292 
9606.ENSP00000321106 9606.ENSP00000296871 0 0 0 0 0 0 297 297 
9606.ENSP00000321106 9606.ENSP00000249284 0 0 0 0 0 0 232 232 
9606.ENSP00000321106 9606.ENSP00000288266 0 0 0 0 0 0 185 185 
9606.ENSP00000321106 9606.ENSP00000345672 0 0 0 0 0 0 158 158 
9606.ENSP00000321106 9606.ENSP00000308733 0 0 0 0 0 0 181 181 
9606.ENSP00000321106 9606.ENSP00000283254 0 0 0 83 0 0 306 337 
9606.ENSP00000321106 9606.ENSP00000363779 0 0 0 0 0 0 219 219 
9606.ENSP00000321106 9606.ENSP00000271331 0 0 0 0 0 900 95 905 
9606.ENSP00000321106 9606.ENSP00000228468 0 0 0 84 0 0 280 313 
9606.ENSP00000321106 9606.ENSP00000462046 0 0 0 137 0 0 257 331 
9606.ENSP00000321106 9606.ENSP00000345229 0 0 0 135 0 0 59 151 
9606.ENSP00000321106 9606.ENSP00000254661 0 0 0 0 0 0 420 420 
9606.ENSP00000321106 9606.ENSP00000267102 0 0 0 0 0 0 204 204 
9606.ENSP00000321106 9606.ENSP00000448219 0 0 0 0 0 0 221 221 
9606.ENSP00000321106 9606.ENSP00000357060 0 0 0 50 0 0 236 244 
9606.ENSP00000321106 9606.ENSP00000282499 0 0 0 147 0 0 354 425 
9606.ENSP00000321106 9606.ENSP00000262041 0 0 0 0 0 0 403 403 
9606.ENSP00000321106 9606.ENSP00000299727 0 0 0 62 0 0 460 471 
9606.ENSP00000321106 9606.ENSP00000267843 0 0 0 0 0 0 169 169 
9606.ENSP00000321106 9606.ENSP00000264218 0 0 0 0 0 900 375 934 
9606.ENSP00000321106 9606.ENSP00000378464 0 0 0 135 0 0 65 157 
9606.ENSP00000321106 9606.ENSP00000381023 0 0 0 63 0 0 131 151 
9606.ENSP00000321106 9606.ENSP00000343782 0 0 0 0 0 0 640 640 
9606.ENSP00000321106 9606.ENSP00000334145 0 0 0 0 0 0 150 150 
9606.ENSP00000321106 9606.ENSP00000349147 0 0 0 69 0 0 185 209 
9606.ENSP00000321106 9606.ENSP00000307599 0 0 0 0 0 0 447 447 
9606.ENSP00000321106 9606.ENSP00000221566 0 0 0 77 0 0 209 238 
9606.ENSP00000321106 9606.ENSP00000370078 0 0 0 0 0 0 163 163 
9606.ENSP00000321106 9606.ENSP00000216492 0 0 0 231 0 0 514 610 
9606.ENSP00000321106 9606.ENSP00000172229 0 0 0 0 0 0 375 375 
9606.ENSP00000321106 9606.ENSP00000419952 0 0 0 64 0 0 152 172 
9606.ENSP00000321106 9606.ENSP00000246070 0 0 0 155 0 0 0 155 
9606.ENSP00000321106 9606.ENSP00000350928 0 0 0 108 0 0 480 516 
9606.ENSP00000321106 9606.ENSP00000346534 0 0 0 95 0 0 267 308 
9606.ENSP00000321106 9606.ENSP00000344456 0 0 0 61 0 0 195 211 
9606.ENSP00000321106 9606.ENSP00000381486 0 0 0 0 0 0 201 201 
9606.ENSP00000321106 9606.ENSP00000318032 0 0 0 173 0 0 0 173 
9606.ENSP00000321106 9606.ENSP00000376793 0 0 0 0 0 0 192 192 
9606.ENSP00000321106 9606.ENSP00000312029 0 0 0 0 0 0 177 177 
9606.ENSP00000321106 9606.ENSP00000317334 0 0 0 0 0 0 210 210 
9606.ENSP00000321106 9606.ENSP00000336764 0 0 0 64 0 0 725 731 
9606.ENSP00000321106 9606.ENSP00000256261 0 0 0 155 0 0 149 250 
9606.ENSP00000321106 9606.ENSP00000358730 0 0 0 0 0 0 422 422 
9606.ENSP00000321106 9606.ENSP00000356162 0 0 0 62 0 900 476 946 
9606.ENSP00000321106 9606.ENSP00000295057 0 0 0 172 0 0 0 172 
9606.ENSP00000321106 9606.ENSP00000479618 0 0 0 0 0 0 171 171 
9606.ENSP00000321106 9606.ENSP00000282878 0 0 0 179 0 0 0 179 
9606.ENSP00000321106 9606.ENSP00000267484 0 0 0 166 0 0 111 228 
9606.ENSP00000321106 9606.ENSP00000477437 0 0 0 61 0 0 171 188 
9606.ENSP00000321106 9606.ENSP00000355250 0 0 0 0 0 0 179 179 
9606.ENSP00000321106 9606.ENSP00000262895 0 0 0 118 0 0 164 232 
9606.ENSP00000321106 9606.ENSP00000441197 0 0 0 0 0 0 261 261 
9606.ENSP00000321106 9606.ENSP00000239938 0 0 0 0 0 0 284 284 
9606.ENSP00000321106 9606.ENSP00000384537 0 0 0 68 0 0 172 195 
9606.ENSP00000321106 9606.ENSP00000263431 0 0 0 166 0 0 289 382 
9606.ENSP00000321106 9606.ENSP00000358831 0 0 0 90 0 0 135 179 
9606.ENSP00000321106 9606.ENSP00000439281 0 0 0 0 0 0 155 155 
9606.ENSP00000321106 9606.ENSP00000314407 0 0 0 84 0 0 138 177 
9606.ENSP00000321106 9606.ENSP00000265162 0 0 0 0 0 0 171 171 
9606.ENSP00000321106 9606.ENSP00000481878 0 0 0 62 0 900 0 902 
9606.ENSP00000321106 9606.ENSP00000385675 0 0 0 0 0 0 630 630 
9606.ENSP00000321106 9606.ENSP00000331736 0 0 0 0 0 0 250 250 
9606.ENSP00000321106 9606.ENSP00000471493 0 0 0 0 0 0 159 159 
9606.ENSP00000321106 9606.ENSP00000353032 0 0 0 0 0 0 402 402 
9606.ENSP00000321106 9606.ENSP00000318077 0 0 0 0 0 0 198 198 
9606.ENSP00000321106 9606.ENSP00000306528 0 0 0 0 0 0 188 188 
9606.ENSP00000321106 9606.ENSP00000358525 0 0 0 62 0 0 789 793 
9606.ENSP00000321106 9606.ENSP00000373169 0 0 0 61 0 0 578 586 
9606.ENSP00000321106 9606.ENSP00000261366 0 0 0 0 0 0 309 309 
9606.ENSP00000321106 9606.ENSP00000353508 0 0 0 136 0 0 236 311 
9606.ENSP00000321106 9606.ENSP00000451560 0 0 0 84 0 0 203 240 
9606.ENSP00000321106 9606.ENSP00000334042 0 0 0 0 0 0 730 730 
9606.ENSP00000321106 9606.ENSP00000379683 0 0 0 81 0 0 197 230 
9606.ENSP00000321106 9606.ENSP00000306449 0 0 0 113 0 0 94 163 
9606.ENSP00000321106 9606.ENSP00000429073 0 0 0 95 0 0 314 353 
9606.ENSP00000321106 9606.ENSP00000249075 0 0 0 0 0 0 248 248 
9606.ENSP00000321106 9606.ENSP00000376609 0 0 0 0 0 900 126 908 
9606.ENSP00000321106 9606.ENSP00000334002 0 0 0 0 0 0 210 210 
9606.ENSP00000321106 9606.ENSP00000440945 0 0 0 0 0 0 219 219 
9606.ENSP00000321106 9606.ENSP00000386884 0 0 0 0 0 0 297 297 
9606.ENSP00000321106 9606.ENSP00000473383 0 0 0 169 0 0 0 169 
9606.ENSP00000321106 9606.ENSP00000236826 0 0 0 0 0 0 187 187 
9606.ENSP00000321106 9606.ENSP00000419591 0 0 0 0 0 0 404 404 
9606.ENSP00000321106 9606.ENSP00000363318 0 0 0 0 0 0 186 186 
9606.ENSP00000321106 9606.ENSP00000375894 0 0 0 0 0 0 187 187 
9606.ENSP00000321106 9606.ENSP00000359539 0 0 0 0 0 0 626 626 
9606.ENSP00000321106 9606.ENSP00000217386 0 0 0 86 0 900 670 967 
9606.ENSP00000321106 9606.ENSP00000258400 0 0 0 0 0 900 293 926 
9606.ENSP00000321106 9606.ENSP00000309007 0 0 0 0 0 0 256 256 
9606.ENSP00000321106 9606.ENSP00000343339 0 0 0 0 0 0 431 431 
9606.ENSP00000321106 9606.ENSP00000418563 0 0 0 0 0 0 555 555 
9606.ENSP00000321106 9606.ENSP00000369027 0 0 0 89 0 0 292 328 
9606.ENSP00000321106 9606.ENSP00000411355 0 0 0 0 0 0 264 264 
9606.ENSP00000321106 9606.ENSP00000287907 0 0 0 207 0 0 111 265 
9606.ENSP00000321106 9606.ENSP00000309117 0 0 0 185 0 0 0 185 
9606.ENSP00000321106 9606.ENSP00000359212 0 0 0 60 0 0 171 187 
9606.ENSP00000321106 9606.ENSP00000283752 0 0 0 0 0 0 158 158 
9606.ENSP00000321106 9606.ENSP00000263754 0 0 0 0 0 0 188 188 
9606.ENSP00000321106 9606.ENSP00000417222 0 0 0 55 0 0 215 227 
9606.ENSP00000321106 9606.ENSP00000353094 0 0 0 0 0 0 319 319 
9606.ENSP00000321106 9606.ENSP00000481554 0 0 0 116 0 0 119 188 
9606.ENSP00000321106 9606.ENSP00000227638 0 0 0 62 0 0 163 181 
9606.ENSP00000321106 9606.ENSP00000307259 0 0 0 61 0 0 206 222 
9606.ENSP00000321106 9606.ENSP00000365651 0 0 0 0 0 0 250 250 
9606.ENSP00000321106 9606.ENSP00000383920 0 0 0 0 0 0 181 181 
9606.ENSP00000321106 9606.ENSP00000265052 0 0 0 0 0 0 208 208 
9606.ENSP00000321106 9606.ENSP00000347454 0 0 0 59 0 0 285 299 
9606.ENSP00000321106 9606.ENSP00000268383 0 0 0 0 0 0 453 453 
9606.ENSP00000321106 9606.ENSP00000348299 0 0 0 0 0 0 555 555 
9606.ENSP00000321106 9606.ENSP00000222254 0 0 0 0 0 900 0 900 
9606.ENSP00000321106 9606.ENSP00000468500 0 0 0 120 0 0 382 433 
9606.ENSP00000321106 9606.ENSP00000362403 0 0 0 61 667 900 983 999 
9606.ENSP00000321106 9606.ENSP00000433138 0 0 0 0 0 0 185 185 
9606.ENSP00000321106 9606.ENSP00000372206 0 0 0 0 0 0 227 227 
9606.ENSP00000321106 9606.ENSP00000433490 0 0 0 0 0 0 418 418 
9606.ENSP00000321106 9606.ENSP00000384517 0 0 0 0 0 0 157 157 
9606.ENSP00000321106 9606.ENSP00000263056 0 0 0 0 0 0 195 195 
9606.ENSP00000321106 9606.ENSP00000363411 0 0 0 0 0 900 0 900 
9606.ENSP00000321106 9606.ENSP00000318799 0 0 0 108 0 0 250 302 
9606.ENSP00000321106 9606.ENSP00000306275 0 0 0 59 0 0 213 227 
9606.ENSP00000321106 9606.ENSP00000378265 0 0 0 0 0 0 173 173 
9606.ENSP00000321106 9606.ENSP00000433847 0 0 0 99 0 0 208 255 
9606.ENSP00000321106 9606.ENSP00000455711 0 0 0 192 0 0 82 227 
9606.ENSP00000321106 9606.ENSP00000280187 0 0 0 172 0 0 78 203 
9606.ENSP00000321106 9606.ENSP00000293330 0 0 0 61 0 900 547 953 
9606.ENSP00000321106 9606.ENSP00000298925 0 0 0 119 0 0 297 354 
9606.ENSP00000321106 9606.ENSP00000403701 0 0 0 0 0 0 236 236 
9606.ENSP00000321106 9606.ENSP00000340526 0 0 0 0 0 900 0 900 
9606.ENSP00000321106 9606.ENSP00000344479 0 0 0 0 0 0 157 157 
9606.ENSP00000321106 9606.ENSP00000256010 0 0 0 63 0 900 890 988 
9606.ENSP00000321106 9606.ENSP00000324248 0 0 0 133 0 0 734 760 
9606.ENSP00000321106 9606.ENSP00000216267 0 0 0 0 0 0 242 242 
9606.ENSP00000321106 9606.ENSP00000319591 0 0 0 109 0 0 162 222 
9606.ENSP00000321106 9606.ENSP00000241256 0 0 0 61 0 900 400 938 
9606.ENSP00000321106 9606.ENSP00000220003 0 0 0 0 0 0 413 413 
9606.ENSP00000321106 9606.ENSP00000252996 0 0 0 0 0 0 192 192 
9606.ENSP00000321106 9606.ENSP00000354612 0 0 0 0 0 0 220 220 
9606.ENSP00000321106 9606.ENSP00000354416 0 0 0 0 0 0 284 284 
9606.ENSP00000321106 9606.ENSP00000221421 0 0 0 0 0 0 389 389 
9606.ENSP00000321106 9606.ENSP00000369344 0 0 0 0 0 0 186 186 
9606.ENSP00000321106 9606.ENSP00000327716 0 0 0 0 0 0 668 668 
9606.ENSP00000321106 9606.ENSP00000332591 0 0 0 111 0 0 589 619 
9606.ENSP00000321106 9606.ENSP00000311165 0 0 0 72 0 0 189 215 
9606.ENSP00000321106 9606.ENSP00000410257 0 0 0 57 0 0 214 227 
9606.ENSP00000321106 9606.ENSP00000287598 0 0 0 0 0 0 226 226 
9606.ENSP00000321106 9606.ENSP00000346265 0 0 0 76 0 0 129 161 
9606.ENSP00000321106 9606.ENSP00000361845 0 0 0 0 0 0 198 198 
9606.ENSP00000321106 9606.ENSP00000305839 0 0 0 66 0 0 244 264 
9606.ENSP00000321106 9606.ENSP00000243052 0 0 0 87 0 0 184 223 
9606.ENSP00000321106 9606.ENSP00000361151 0 0 0 56 0 0 145 158 
9606.ENSP00000321106 9606.ENSP00000304915 0 0 0 0 0 0 347 347 
9606.ENSP00000321106 9606.ENSP00000250092 0 0 0 62 0 0 251 267 
9606.ENSP00000321106 9606.ENSP00000334294 0 0 0 0 0 0 668 668 
9606.ENSP00000321106 9606.ENSP00000354490 0 0 0 135 0 0 242 317 
9606.ENSP00000321106 9606.ENSP00000266744 0 0 0 76 0 0 138 169 
9606.ENSP00000321106 9606.ENSP00000306606 0 0 0 0 0 0 218 218 
9606.ENSP00000321106 9606.ENSP00000375586 0 0 0 0 0 0 179 179 
9606.ENSP00000321106 9606.ENSP00000234961 0 0 0 82 0 0 722 733 
9606.ENSP00000321106 9606.ENSP00000296870 0 0 0 0 0 0 292 292 
9606.ENSP00000321106 9606.ENSP00000438388 0 0 0 213 0 0 0 213 
9606.ENSP00000321106 9606.ENSP00000078429 0 0 0 0 0 900 188 915 
9606.ENSP00000321106 9606.ENSP00000418994 0 0 0 205 0 0 89 246 
9606.ENSP00000321106 9606.ENSP00000429842 0 0 0 102 0 0 130 185 
9606.ENSP00000321106 9606.ENSP00000303686 0 0 0 152 0 900 383 943 
9606.ENSP00000321106 9606.ENSP00000428281 0 0 0 0 0 0 173 173 
9606.ENSP00000321106 9606.ENSP00000360608 0 0 0 207 0 0 358 469 
9606.ENSP00000321106 9606.ENSP00000340914 0 0 0 159 0 0 93 205 
9606.ENSP00000321106 9606.ENSP00000280357 0 0 0 0 0 0 293 293 
9606.ENSP00000321106 9606.ENSP00000323516 0 0 0 0 0 900 45 900 
9606.ENSP00000321106 9606.ENSP00000363694 0 0 0 69 0 0 129 154 
9606.ENSP00000321106 9606.ENSP00000366288 0 0 0 176 0 0 79 209 
9606.ENSP00000321106 9606.ENSP00000300061 0 0 0 49 0 0 316 321 
9606.ENSP00000321106 9606.ENSP00000361965 0 0 0 0 0 0 288 288 
9606.ENSP00000321106 9606.ENSP00000302111 0 0 0 0 0 0 156 156 
9606.ENSP00000321106 9606.ENSP00000406191 0 0 0 0 0 0 566 566 
9606.ENSP00000321106 9606.ENSP00000477548 0 0 0 76 0 900 108 910 
9606.ENSP00000321106 9606.ENSP00000402060 0 0 0 0 0 0 218 218 
9606.ENSP00000321106 9606.ENSP00000221166 0 0 0 231 0 0 127 300 
9606.ENSP00000321106 9606.ENSP00000380307 0 0 0 170 0 0 0 170 
9606.ENSP00000321106 9606.ENSP00000409581 0 0 0 0 0 0 347 347 
9606.ENSP00000321106 9606.ENSP00000342952 0 0 0 88 0 0 152 194 
9606.ENSP00000321106 9606.ENSP00000413908 0 0 0 0 0 0 347 347 
9606.ENSP00000321106 9606.ENSP00000443631 0 0 0 53 0 900 91 906 
9606.ENSP00000321106 9606.ENSP00000361765 0 0 0 152 0 0 0 152 
9606.ENSP00000321106 9606.ENSP00000361700 0 0 0 110 0 0 399 442 
9606.ENSP00000321106 9606.ENSP00000353452 0 0 0 0 0 0 187 187 
9606.ENSP00000321106 9606.ENSP00000376048 0 0 0 162 0 0 215 314 
9606.ENSP00000321106 9606.ENSP00000348170 0 0 0 0 0 0 171 171 
9606.ENSP00000321106 9606.ENSP00000408979 0 0 0 185 0 0 0 185 
9606.ENSP00000321106 9606.ENSP00000270349 0 0 0 61 0 0 355 368 
9606.ENSP00000321106 9606.ENSP00000349156 0 0 0 0 0 0 190 190 
9606.ENSP00000321106 9606.ENSP00000354896 0 0 0 143 0 900 310 935 
9606.ENSP00000321106 9606.ENSP00000413572 0 0 0 0 0 0 471 471 
9606.ENSP00000321106 9606.ENSP00000299855 0 0 0 0 0 0 284 284 
9606.ENSP00000321106 9606.ENSP00000005284 0 0 0 162 0 0 66 184 
9606.ENSP00000321106 9606.ENSP00000420091 0 0 0 158 0 0 0 158 
9606.ENSP00000321106 9606.ENSP00000334382 0 0 0 0 0 0 171 171 
9606.ENSP00000321106 9606.ENSP00000302324 0 0 0 0 0 0 211 211 
9606.ENSP00000321106 9606.ENSP00000240874 0 0 0 79 0 900 0 903 
9606.ENSP00000321106 9606.ENSP00000367001 0 0 0 120 0 0 104 178 
9606.ENSP00000321106 9606.ENSP00000444688 0 0 0 148 0 0 266 348 
9606.ENSP00000321106 9606.ENSP00000338475 0 0 0 0 0 0 161 161 
9606.ENSP00000321106 9606.ENSP00000310305 0 0 0 0 0 900 294 926 
9606.ENSP00000321106 9606.ENSP00000352071 0 0 0 0 0 0 459 459 
9606.ENSP00000321106 9606.ENSP00000377854 0 0 0 0 0 0 223 223 
9606.ENSP00000321106 9606.ENSP00000255224 0 0 0 230 0 0 112 287 
9606.ENSP00000321106 9606.ENSP00000226413 0 0 0 0 0 900 100 906 
9606.ENSP00000321106 9606.ENSP00000479811 0 0 0 145 0 0 48 151 
9606.ENSP00000321106 9606.ENSP00000215832 0 0 0 0 0 0 347 347 
9606.ENSP00000321106 9606.ENSP00000297146 0 0 0 63 0 0 176 194 
9606.ENSP00000321106 9606.ENSP00000386306 0 0 0 63 0 0 461 473 
9606.ENSP00000321106 9606.ENSP00000303276 0 0 0 0 0 0 167 167 
9606.ENSP00000321106 9606.ENSP00000482829 0 0 0 0 0 0 171 171 
9606.ENSP00000321106 9606.ENSP00000314214 0 0 0 100 0 0 164 215 
9606.ENSP00000321106 9606.ENSP00000377948 0 0 0 61 0 900 176 915 
9606.ENSP00000321106 9606.ENSP00000460236 0 0 0 71 0 0 186 211 
9606.ENSP00000321106 9606.ENSP00000360538 0 0 0 0 0 900 66 902 
9606.ENSP00000321106 9606.ENSP00000361405 0 0 0 0 0 0 333 333 
9606.ENSP00000321106 9606.ENSP00000243167 0 0 0 0 0 0 302 302 
9606.ENSP00000321106 9606.ENSP00000357255 0 0 0 0 0 0 187 187 
9606.ENSP00000321106 9606.ENSP00000258214 0 0 0 0 0 0 424 424 
9606.ENSP00000321106 9606.ENSP00000264381 0 0 0 0 0 0 400 400 
9606.ENSP00000321106 9606.ENSP00000347591 0 0 0 0 0 0 213 213 
9606.ENSP00000321106 9606.ENSP00000295206 0 0 0 0 0 0 208 208 
9606.ENSP00000321106 9606.ENSP00000350005 0 0 0 0 0 0 440 440 
9606.ENSP00000321106 9606.ENSP00000262741 0 0 0 0 0 900 0 900 
9606.ENSP00000321106 9606.ENSP00000351207 0 0 0 0 0 0 446 446 
9606.ENSP00000321106 9606.ENSP00000357669 0 0 0 0 0 0 222 222 
9606.ENSP00000321106 9606.ENSP00000312652 0 0 0 0 0 0 618 618 
9606.ENSP00000321106 9606.ENSP00000238628 0 0 0 0 0 0 189 189 
9606.ENSP00000321106 9606.ENSP00000360973 0 0 0 0 0 0 294 294 
9606.ENSP00000321106 9606.ENSP00000267017 0 0 0 0 0 900 269 923 
9606.ENSP00000321106 9606.ENSP00000358513 0 0 0 125 0 0 573 610 
9606.ENSP00000321106 9606.ENSP00000310631 0 0 0 0 0 0 479 479 
9606.ENSP00000321106 9606.ENSP00000286574 0 0 0 160 0 0 0 160 
9606.ENSP00000321106 9606.ENSP00000412326 0 0 0 107 0 0 355 400 
9606.ENSP00000321106 9606.ENSP00000218230 0 0 0 115 0 0 354 405 
9606.ENSP00000321106 9606.ENSP00000381237 0 0 0 0 0 0 556 556 
9606.ENSP00000321106 9606.ENSP00000346839 0 0 0 0 379 0 398 610 
9606.ENSP00000321106 9606.ENSP00000365663 0 0 0 0 0 0 275 275 
9606.ENSP00000321106 9606.ENSP00000295589 0 0 0 0 0 900 319 928 
9606.ENSP00000321106 9606.ENSP00000366248 0 0 0 60 0 0 310 324 
9606.ENSP00000321106 9606.ENSP00000289957 0 0 0 65 0 0 132 154 
9606.ENSP00000321106 9606.ENSP00000428056 0 0 0 0 0 900 0 900 
9606.ENSP00000321106 9606.ENSP00000325663 0 0 0 0 0 0 230 230 
9606.ENSP00000321106 9606.ENSP00000384763 0 0 0 62 0 0 210 228 
9606.ENSP00000321106 9606.ENSP00000419195 0 0 0 196 0 0 0 196 
9606.ENSP00000321106 9606.ENSP00000216336 0 0 0 0 0 0 211 211 
9606.ENSP00000321106 9606.ENSP00000262545 0 0 0 124 0 0 214 282 
9606.ENSP00000321106 9606.ENSP00000263246 0 0 0 0 0 0 213 213 
9606.ENSP00000321106 9606.ENSP00000216727 0 0 0 0 0 0 210 210 
9606.ENSP00000321106 9606.ENSP00000297109 0 0 0 0 0 0 183 183 
9606.ENSP00000321106 9606.ENSP00000367762 0 0 0 53 0 900 0 901 
9606.ENSP00000321106 9606.ENSP00000366221 0 0 0 0 0 0 158 158 
9606.ENSP00000321106 9606.ENSP00000290866 0 0 0 0 0 0 670 670 
9606.ENSP00000321106 9606.ENSP00000239032 0 0 0 62 0 0 202 220 
9606.ENSP00000321106 9606.ENSP00000426070 0 0 0 62 0 0 901 903 
9606.ENSP00000321106 9606.ENSP00000481126 0 0 0 0 0 0 231 231 
9606.ENSP00000321106 9606.ENSP00000393557 0 0 0 95 0 0 300 340 
9606.ENSP00000321106 9606.ENSP00000272641 0 0 0 150 0 0 62 169 
9606.ENSP00000321106 9606.ENSP00000296589 0 0 0 62 0 0 143 161 
9606.ENSP00000321106 9606.ENSP00000221485 0 0 0 105 0 0 445 482 
9606.ENSP00000321106 9606.ENSP00000294117 0 0 0 142 0 900 0 910 
9606.ENSP00000321106 9606.ENSP00000483791 0 0 0 0 0 0 289 289 
9606.ENSP00000321106 9606.ENSP00000366109 0 0 0 0 0 900 89 905 
9606.ENSP00000321106 9606.ENSP00000437790 0 0 0 140 0 0 54 151 
9606.ENSP00000321106 9606.ENSP00000402790 0 0 0 151 0 0 0 151 
9606.ENSP00000321106 9606.ENSP00000350386 0 0 0 0 0 0 212 212 
9606.ENSP00000321106 9606.ENSP00000393161 0 0 0 186 0 0 0 186 
9606.ENSP00000321106 9606.ENSP00000358784 0 0 0 0 0 0 163 163 
9606.ENSP00000321106 9606.ENSP00000370115 0 0 0 0 0 0 153 153 
9606.ENSP00000321106 9606.ENSP00000483521 0 0 0 0 0 0 282 282 
9606.ENSP00000321106 9606.ENSP00000320324 0 0 0 0 0 0 250 250 
9606.ENSP00000321106 9606.ENSP00000378492 0 0 0 102 0 0 263 309 
9606.ENSP00000321106 9606.ENSP00000411152 0 0 0 0 0 0 410 410 
9606.ENSP00000321106 9606.ENSP00000339208 0 0 0 61 0 0 386 398 
9606.ENSP00000321106 9606.ENSP00000287713 0 0 0 161 0 0 0 161 
9606.ENSP00000321106 9606.ENSP00000482504 0 0 0 0 0 0 208 208 
9606.ENSP00000321106 9606.ENSP00000358802 0 0 0 84 0 0 259 292 
9606.ENSP00000321106 9606.ENSP00000258302 0 0 0 191 0 0 48 197 
9606.ENSP00000321106 9606.ENSP00000367177 0 0 0 162 0 0 41 161 
9606.ENSP00000321106 9606.ENSP00000365807 0 0 0 0 0 900 52 901 
