9606.ENSP00000234453 9606.ENSP00000311962 0 0 0 0 0 0 245 245 
9606.ENSP00000234453 9606.ENSP00000416097 0 0 0 0 0 0 356 356 
9606.ENSP00000234453 9606.ENSP00000304783 0 0 0 55 0 0 138 150 
9606.ENSP00000234453 9606.ENSP00000359000 0 0 0 53 0 0 261 271 
9606.ENSP00000234453 9606.ENSP00000418915 0 0 0 0 0 0 412 412 
9606.ENSP00000234453 9606.ENSP00000370990 0 0 0 140 0 0 138 226 
9606.ENSP00000234453 9606.ENSP00000264864 0 0 0 0 0 0 335 335 
9606.ENSP00000234453 9606.ENSP00000307939 0 0 0 0 0 0 219 219 
9606.ENSP00000234453 9606.ENSP00000323435 0 0 0 0 0 0 171 171 
9606.ENSP00000234453 9606.ENSP00000243924 0 0 0 0 0 0 209 209 
9606.ENSP00000234453 9606.ENSP00000423933 0 0 0 0 0 0 222 222 
9606.ENSP00000234453 9606.ENSP00000357998 0 0 0 61 0 0 186 202 
9606.ENSP00000234453 9606.ENSP00000484903 0 0 0 0 207 0 0 207 
9606.ENSP00000234453 9606.ENSP00000373312 0 0 0 0 0 0 206 206 
9606.ENSP00000234453 9606.ENSP00000394071 0 0 0 61 0 0 157 174 
9606.ENSP00000234453 9606.ENSP00000384651 0 0 0 0 0 0 294 294 
9606.ENSP00000234453 9606.ENSP00000373713 0 0 0 48 0 0 669 671 
9606.ENSP00000234453 9606.ENSP00000464006 0 0 0 0 0 0 199 199 
9606.ENSP00000234453 9606.ENSP00000273047 0 0 0 0 0 0 328 328 
9606.ENSP00000234453 9606.ENSP00000440005 0 0 0 63 0 900 683 967 
9606.ENSP00000234453 9606.ENSP00000447679 0 0 0 0 0 0 221 221 
9606.ENSP00000234453 9606.ENSP00000317177 0 0 0 0 0 0 186 186 
9606.ENSP00000234453 9606.ENSP00000452793 0 0 0 152 0 0 0 152 
9606.ENSP00000234453 9606.ENSP00000359683 0 0 0 0 0 0 155 155 
9606.ENSP00000234453 9606.ENSP00000315263 0 104 0 0 0 0 803 816 
9606.ENSP00000234453 9606.ENSP00000290130 0 0 0 0 0 0 165 165 
9606.ENSP00000234453 9606.ENSP00000358071 0 0 0 63 0 0 146 165 
9606.ENSP00000234453 9606.ENSP00000333262 0 0 0 0 0 0 156 156 
9606.ENSP00000234453 9606.ENSP00000252971 0 0 0 0 0 0 311 311 
9606.ENSP00000234453 9606.ENSP00000317902 0 0 0 0 0 0 224 224 
9606.ENSP00000234453 9606.ENSP00000393978 0 0 0 0 0 0 265 265 
9606.ENSP00000234453 9606.ENSP00000350012 0 0 0 50 0 0 164 172 
9606.ENSP00000234453 9606.ENSP00000381293 0 0 0 0 0 0 161 161 
9606.ENSP00000234453 9606.ENSP00000241436 0 0 0 0 0 0 175 175 
9606.ENSP00000234453 9606.ENSP00000360154 0 0 0 0 0 0 295 295 
9606.ENSP00000234453 9606.ENSP00000256682 0 0 0 56 0 0 163 176 
9606.ENSP00000234453 9606.ENSP00000265062 0 0 0 0 0 0 205 205 
9606.ENSP00000234453 9606.ENSP00000372221 0 0 0 0 0 0 167 167 
9606.ENSP00000234453 9606.ENSP00000329374 0 0 0 0 0 0 360 360 
9606.ENSP00000234453 9606.ENSP00000417354 0 0 0 61 0 0 134 152 
9606.ENSP00000234453 9606.ENSP00000300935 0 0 0 0 0 0 169 169 
9606.ENSP00000234453 9606.ENSP00000383003 0 0 0 0 0 0 257 257 
9606.ENSP00000234453 9606.ENSP00000380334 0 0 0 0 0 0 249 249 
9606.ENSP00000234453 9606.ENSP00000265316 0 0 0 0 0 0 571 571 
9606.ENSP00000234453 9606.ENSP00000333568 0 0 0 0 0 0 270 270 
9606.ENSP00000234453 9606.ENSP00000297044 0 0 0 53 0 0 557 562 
9606.ENSP00000234453 9606.ENSP00000362888 0 0 0 0 0 0 163 163 
9606.ENSP00000234453 9606.ENSP00000378721 0 0 0 0 0 0 167 167 
9606.ENSP00000234453 9606.ENSP00000240922 0 0 0 62 0 0 170 188 
9606.ENSP00000234453 9606.ENSP00000340776 0 0 0 64 0 0 296 312 
9606.ENSP00000234453 9606.ENSP00000281156 0 0 0 0 0 0 354 354 
9606.ENSP00000234453 9606.ENSP00000263265 0 0 0 0 0 0 444 444 
9606.ENSP00000234453 9606.ENSP00000302548 0 0 0 0 0 0 333 333 
9606.ENSP00000234453 9606.ENSP00000230085 0 0 0 63 0 0 138 157 
9606.ENSP00000234453 9606.ENSP00000325594 0 0 0 0 0 0 186 186 
9606.ENSP00000234453 9606.ENSP00000379898 0 0 0 0 0 0 345 345 
9606.ENSP00000234453 9606.ENSP00000336127 0 0 0 69 0 0 407 424 
9606.ENSP00000234453 9606.ENSP00000306788 0 0 0 0 0 0 196 196 
9606.ENSP00000234453 9606.ENSP00000483570 0 0 0 0 0 0 246 246 
9606.ENSP00000234453 9606.ENSP00000255882 0 0 0 0 0 0 410 410 
9606.ENSP00000234453 9606.ENSP00000357986 0 0 0 0 0 0 560 560 
9606.ENSP00000234453 9606.ENSP00000387784 0 0 0 0 0 0 150 150 
9606.ENSP00000234453 9606.ENSP00000355651 0 0 0 0 0 0 289 289 
9606.ENSP00000234453 9606.ENSP00000286063 0 0 0 69 0 0 160 184 
9606.ENSP00000234453 9606.ENSP00000286827 0 0 0 0 0 0 234 234 
9606.ENSP00000234453 9606.ENSP00000482228 0 0 0 0 0 0 290 290 
9606.ENSP00000234453 9606.ENSP00000307183 0 0 0 0 0 0 214 214 
9606.ENSP00000234453 9606.ENSP00000387286 0 0 0 0 0 0 270 270 
9606.ENSP00000234453 9606.ENSP00000363157 0 0 0 0 185 0 0 185 
9606.ENSP00000234453 9606.ENSP00000215957 0 0 0 0 0 0 255 255 
9606.ENSP00000234453 9606.ENSP00000331201 0 0 0 0 0 0 262 262 
9606.ENSP00000234453 9606.ENSP00000409667 0 0 0 0 0 0 332 332 
9606.ENSP00000234453 9606.ENSP00000449241 0 0 0 0 0 0 161 161 
9606.ENSP00000234453 9606.ENSP00000392204 0 0 0 151 0 0 0 151 
9606.ENSP00000234453 9606.ENSP00000348602 0 0 0 0 0 0 167 167 
9606.ENSP00000234453 9606.ENSP00000478061 0 0 0 0 0 0 191 191 
9606.ENSP00000234453 9606.ENSP00000450838 0 0 0 0 0 0 668 668 
9606.ENSP00000234453 9606.ENSP00000348772 0 0 0 0 0 0 313 313 
9606.ENSP00000234453 9606.ENSP00000378464 0 0 0 0 0 0 750 750 
9606.ENSP00000234453 9606.ENSP00000285814 0 0 0 0 0 0 213 213 
9606.ENSP00000234453 9606.ENSP00000354398 0 0 0 53 0 0 510 516 
9606.ENSP00000234453 9606.ENSP00000354519 0 0 0 48 0 0 250 255 
9606.ENSP00000234453 9606.ENSP00000413937 0 0 0 0 0 0 206 206 
9606.ENSP00000234453 9606.ENSP00000481762 0 0 0 0 185 0 0 185 
9606.ENSP00000234453 9606.ENSP00000251047 0 0 0 61 0 0 214 230 
9606.ENSP00000234453 9606.ENSP00000324287 0 0 0 0 0 0 210 210 
9606.ENSP00000234453 9606.ENSP00000436901 0 0 0 0 0 0 286 286 
9606.ENSP00000234453 9606.ENSP00000398273 0 0 0 0 0 0 360 360 
9606.ENSP00000234453 9606.ENSP00000387498 0 0 0 0 0 0 186 186 
9606.ENSP00000234453 9606.ENSP00000394791 0 0 0 0 0 0 159 159 
9606.ENSP00000234453 9606.ENSP00000334474 0 0 0 0 0 0 169 169 
9606.ENSP00000234453 9606.ENSP00000007414 0 0 0 0 0 0 173 173 
9606.ENSP00000234453 9606.ENSP00000314615 0 0 0 0 0 0 225 225 
9606.ENSP00000234453 9606.ENSP00000261183 0 0 0 0 0 0 180 180 
9606.ENSP00000234453 9606.ENSP00000327116 0 0 0 0 0 0 187 187 
9606.ENSP00000234453 9606.ENSP00000384081 0 0 0 0 0 0 229 229 
9606.ENSP00000234453 9606.ENSP00000377275 0 0 0 0 0 0 353 353 
9606.ENSP00000234453 9606.ENSP00000233055 0 0 0 0 0 0 161 161 
9606.ENSP00000234453 9606.ENSP00000482437 0 0 0 0 0 0 171 171 
9606.ENSP00000234453 9606.ENSP00000359128 0 0 0 0 0 0 230 230 
9606.ENSP00000234453 9606.ENSP00000296503 0 0 0 0 0 0 165 165 
9606.ENSP00000234453 9606.ENSP00000413575 0 0 0 0 0 0 331 331 
9606.ENSP00000234453 9606.ENSP00000358363 0 0 0 0 0 0 227 227 
9606.ENSP00000234453 9606.ENSP00000479153 0 0 0 0 0 0 251 251 
9606.ENSP00000234453 9606.ENSP00000390783 0 0 0 0 0 0 233 233 
9606.ENSP00000234453 9606.ENSP00000263847 0 0 0 0 0 0 272 272 
9606.ENSP00000234453 9606.ENSP00000314173 0 0 0 0 0 0 486 486 
9606.ENSP00000234453 9606.ENSP00000247461 0 0 0 0 0 0 186 186 
9606.ENSP00000234453 9606.ENSP00000359378 0 0 0 175 0 0 0 175 
9606.ENSP00000234453 9606.ENSP00000332773 0 0 0 0 0 0 197 197 
9606.ENSP00000234453 9606.ENSP00000296220 0 0 0 0 0 0 194 194 
9606.ENSP00000234453 9606.ENSP00000263245 0 0 0 0 0 0 250 250 
9606.ENSP00000234453 9606.ENSP00000064778 0 0 0 0 0 0 360 360 
9606.ENSP00000234453 9606.ENSP00000264167 0 0 0 0 0 0 284 284 
9606.ENSP00000234453 9606.ENSP00000261483 0 0 0 0 0 0 290 290 
9606.ENSP00000234453 9606.ENSP00000420095 0 0 0 0 0 0 260 260 
9606.ENSP00000234453 9606.ENSP00000359423 0 0 0 0 0 0 295 295 
9606.ENSP00000234453 9606.ENSP00000479762 0 0 0 0 0 0 196 196 
9606.ENSP00000234453 9606.ENSP00000416066 0 0 0 0 0 0 203 203 
9606.ENSP00000234453 9606.ENSP00000261208 0 0 0 0 325 0 0 325 
9606.ENSP00000234453 9606.ENSP00000264451 0 0 0 62 0 0 223 240 
9606.ENSP00000234453 9606.ENSP00000315410 0 0 0 0 0 0 173 173 
9606.ENSP00000234453 9606.ENSP00000403495 0 0 0 0 263 0 0 263 
9606.ENSP00000234453 9606.ENSP00000398698 0 0 0 0 302 0 0 302 
9606.ENSP00000234453 9606.ENSP00000255262 0 0 0 0 0 0 167 167 
9606.ENSP00000234453 9606.ENSP00000357583 0 0 0 0 0 0 227 227 
9606.ENSP00000234453 9606.ENSP00000289473 0 0 0 0 0 0 195 195 
9606.ENSP00000234453 9606.ENSP00000320251 0 0 0 0 0 0 448 448 
9606.ENSP00000234453 9606.ENSP00000437073 0 0 0 0 0 0 459 459 
9606.ENSP00000234453 9606.ENSP00000362566 0 0 0 0 0 0 163 163 
9606.ENSP00000234453 9606.ENSP00000356567 0 0 0 0 0 0 191 191 
9606.ENSP00000234453 9606.ENSP00000400459 0 0 0 0 0 0 284 284 
9606.ENSP00000234453 9606.ENSP00000407726 0 0 0 48 0 0 205 211 
9606.ENSP00000234453 9606.ENSP00000298316 0 0 0 0 0 0 199 199 
9606.ENSP00000234453 9606.ENSP00000377522 0 0 0 64 0 0 428 441 
9606.ENSP00000234453 9606.ENSP00000264276 0 232 0 0 0 0 0 232 
9606.ENSP00000234453 9606.ENSP00000440374 0 0 0 0 0 0 215 215 
9606.ENSP00000234453 9606.ENSP00000377380 0 0 0 0 0 0 354 354 
9606.ENSP00000234453 9606.ENSP00000426638 0 0 0 0 0 0 394 394 
9606.ENSP00000234453 9606.ENSP00000451828 0 0 0 0 0 0 210 210 
9606.ENSP00000234453 9606.ENSP00000410083 0 0 0 0 0 0 356 356 
9606.ENSP00000234453 9606.ENSP00000387051 0 0 0 0 0 0 361 361 
9606.ENSP00000234453 9606.ENSP00000385780 0 0 0 62 0 0 469 481 
9606.ENSP00000234453 9606.ENSP00000315136 0 0 0 0 0 0 242 242 
9606.ENSP00000234453 9606.ENSP00000379709 0 0 0 0 0 0 347 347 
9606.ENSP00000234453 9606.ENSP00000369862 0 0 0 0 0 0 178 178 
9606.ENSP00000234453 9606.ENSP00000261381 0 0 0 0 0 0 185 185 
9606.ENSP00000234453 9606.ENSP00000272203 0 0 0 0 0 0 212 212 
9606.ENSP00000234453 9606.ENSP00000361625 0 0 0 0 0 0 199 199 
9606.ENSP00000234453 9606.ENSP00000366702 0 0 0 0 227 0 0 227 
9606.ENSP00000234453 9606.ENSP00000361151 0 0 0 0 0 0 800 800 
9606.ENSP00000234453 9606.ENSP00000299886 0 0 0 0 0 0 231 231 
9606.ENSP00000234453 9606.ENSP00000429824 0 0 0 0 0 0 420 420 
9606.ENSP00000234453 9606.ENSP00000361048 0 0 0 0 0 0 204 204 
9606.ENSP00000234453 9606.ENSP00000317955 0 0 0 61 0 0 410 422 
9606.ENSP00000234453 9606.ENSP00000261890 0 0 0 61 0 0 287 301 
9606.ENSP00000234453 9606.ENSP00000436773 0 0 0 0 0 0 408 408 
9606.ENSP00000234453 9606.ENSP00000482396 0 0 0 0 0 0 171 171 
9606.ENSP00000234453 9606.ENSP00000420311 0 0 0 0 0 0 242 242 
9606.ENSP00000234453 9606.ENSP00000359665 0 0 0 0 0 0 226 226 
9606.ENSP00000234453 9606.ENSP00000313869 0 0 0 0 0 0 231 231 
9606.ENSP00000234453 9606.ENSP00000310226 0 0 0 0 0 0 217 217 
9606.ENSP00000234453 9606.ENSP00000349727 0 0 0 0 202 0 0 202 
9606.ENSP00000234453 9606.ENSP00000343223 0 0 0 0 197 0 0 197 
9606.ENSP00000234453 9606.ENSP00000378320 0 0 0 0 0 0 156 156 
9606.ENSP00000234453 9606.ENSP00000413152 0 0 0 0 0 0 647 647 
9606.ENSP00000234453 9606.ENSP00000354346 0 0 0 0 0 0 152 152 
9606.ENSP00000234453 9606.ENSP00000356515 0 0 0 0 0 0 223 223 
9606.ENSP00000234453 9606.ENSP00000361475 0 0 0 0 0 0 222 222 
9606.ENSP00000234453 9606.ENSP00000483280 0 0 0 0 0 0 533 533 
9606.ENSP00000234453 9606.ENSP00000372804 0 0 0 0 209 0 0 209 
9606.ENSP00000234453 9606.ENSP00000253577 0 0 0 0 0 0 154 154 
9606.ENSP00000234453 9606.ENSP00000414921 0 0 0 0 0 0 196 196 
9606.ENSP00000234453 9606.ENSP00000368356 0 0 0 0 0 0 165 165 
9606.ENSP00000234453 9606.ENSP00000423602 0 0 0 0 0 0 473 473 
9606.ENSP00000234453 9606.ENSP00000297135 0 0 0 0 0 0 264 264 
9606.ENSP00000234453 9606.ENSP00000478187 0 0 0 0 0 0 156 156 
9606.ENSP00000234453 9606.ENSP00000263650 0 0 0 0 0 0 168 168 
9606.ENSP00000234453 9606.ENSP00000376293 0 0 0 0 0 0 549 549 
9606.ENSP00000234453 9606.ENSP00000320566 0 0 0 0 0 0 198 198 
9606.ENSP00000234453 9606.ENSP00000234313 0 0 0 0 0 0 630 630 
9606.ENSP00000234453 9606.ENSP00000418751 0 0 0 181 0 0 0 181 
9606.ENSP00000234453 9606.ENSP00000344087 0 0 0 0 0 0 151 151 
9606.ENSP00000234453 9606.ENSP00000271732 0 0 0 64 0 0 147 168 
9606.ENSP00000234453 9606.ENSP00000425587 0 0 0 0 0 0 167 167 
9606.ENSP00000234453 9606.ENSP00000476117 0 0 0 0 0 0 208 208 
9606.ENSP00000234453 9606.ENSP00000480332 0 0 0 0 0 0 165 165 
9606.ENSP00000234453 9606.ENSP00000386443 0 0 0 0 0 0 358 358 
9606.ENSP00000234453 9606.ENSP00000304429 0 0 0 62 0 0 223 240 
9606.ENSP00000234453 9606.ENSP00000262039 0 0 0 0 0 0 167 167 
9606.ENSP00000234453 9606.ENSP00000435648 0 0 0 0 0 0 187 187 
9606.ENSP00000234453 9606.ENSP00000362285 0 0 0 0 0 0 154 154 
9606.ENSP00000234453 9606.ENSP00000410481 0 0 0 0 185 0 0 185 
9606.ENSP00000234453 9606.ENSP00000265070 0 0 0 86 0 0 429 455 
9606.ENSP00000234453 9606.ENSP00000237837 0 0 0 179 0 0 0 179 
9606.ENSP00000234453 9606.ENSP00000349305 0 0 0 0 0 0 224 224 
9606.ENSP00000234453 9606.ENSP00000158762 0 0 0 0 0 0 167 167 
9606.ENSP00000234453 9606.ENSP00000348471 0 0 0 0 0 0 167 167 
9606.ENSP00000234453 9606.ENSP00000291574 0 0 0 0 0 0 193 193 
9606.ENSP00000234453 9606.ENSP00000264380 0 0 0 0 0 0 456 456 
9606.ENSP00000234453 9606.ENSP00000438507 0 0 0 56 0 0 147 160 
9606.ENSP00000234453 9606.ENSP00000379644 0 0 0 0 0 0 247 247 
9606.ENSP00000234453 9606.ENSP00000260762 0 0 0 0 0 0 289 289 
9606.ENSP00000234453 9606.ENSP00000359819 0 0 0 64 0 0 662 670 
9606.ENSP00000234453 9606.ENSP00000265022 0 0 0 64 0 0 223 241 
9606.ENSP00000234453 9606.ENSP00000481314 0 0 0 61 0 0 162 179 
9606.ENSP00000234453 9606.ENSP00000357869 0 0 0 0 0 0 528 528 
9606.ENSP00000234453 9606.ENSP00000298229 0 0 0 0 0 0 212 212 
9606.ENSP00000234453 9606.ENSP00000376372 0 0 0 0 0 0 196 196 
9606.ENSP00000234453 9606.ENSP00000335560 0 0 0 0 0 0 206 206 
9606.ENSP00000234453 9606.ENSP00000242729 0 0 0 0 0 0 171 171 
9606.ENSP00000234453 9606.ENSP00000265909 0 0 0 0 0 0 474 474 
9606.ENSP00000234453 9606.ENSP00000345656 0 0 0 141 0 0 345 413 
9606.ENSP00000234453 9606.ENSP00000417175 0 0 0 88 0 0 299 334 
9606.ENSP00000234453 9606.ENSP00000320324 0 158 0 0 0 0 0 158 
9606.ENSP00000234453 9606.ENSP00000387122 0 0 0 64 0 0 135 155 
9606.ENSP00000234453 9606.ENSP00000319799 0 0 0 0 0 0 444 444 
