9606.ENSP00000350333 9606.ENSP00000374280 0 0 0 328 0 0 0 328 
9606.ENSP00000350333 9606.ENSP00000377969 0 0 0 203 0 0 0 203 
9606.ENSP00000350333 9606.ENSP00000382863 0 0 0 188 0 0 56 200 
9606.ENSP00000350333 9606.ENSP00000250113 0 0 0 81 361 0 0 387 
9606.ENSP00000350333 9606.ENSP00000278412 0 0 0 175 0 0 0 175 
9606.ENSP00000350333 9606.ENSP00000307288 0 0 0 168 0 0 0 168 
9606.ENSP00000350333 9606.ENSP00000434359 0 0 0 170 361 0 0 446 
9606.ENSP00000350333 9606.ENSP00000311857 0 0 0 162 0 0 0 162 
9606.ENSP00000350333 9606.ENSP00000383063 0 0 0 0 0 360 0 360 
9606.ENSP00000350333 9606.ENSP00000358374 0 0 0 216 0 0 0 216 
9606.ENSP00000350333 9606.ENSP00000415151 0 0 0 179 0 0 0 179 
9606.ENSP00000350333 9606.ENSP00000447000 0 0 0 66 0 0 224 244 
9606.ENSP00000350333 9606.ENSP00000483254 0 0 0 246 0 0 0 246 
9606.ENSP00000350333 9606.ENSP00000484261 0 0 0 0 0 900 0 900 
9606.ENSP00000350333 9606.ENSP00000377686 0 0 0 152 0 0 0 152 
9606.ENSP00000350333 9606.ENSP00000316114 0 0 0 88 0 900 0 904 
9606.ENSP00000350333 9606.ENSP00000339017 0 0 0 52 0 0 325 333 
9606.ENSP00000350333 9606.ENSP00000362110 0 0 0 229 0 0 270 413 
9606.ENSP00000350333 9606.ENSP00000367022 0 0 0 62 0 900 0 902 
9606.ENSP00000350333 9606.ENSP00000360525 0 0 0 67 247 0 0 267 
9606.ENSP00000350333 9606.ENSP00000313601 0 0 0 86 0 0 226 262 
9606.ENSP00000350333 9606.ENSP00000380820 0 0 0 192 0 0 0 192 
9606.ENSP00000350333 9606.ENSP00000260210 0 0 0 0 0 0 309 309 
9606.ENSP00000350333 9606.ENSP00000243563 0 0 0 219 0 0 56 231 
9606.ENSP00000350333 9606.ENSP00000480421 0 0 0 222 0 0 0 222 
9606.ENSP00000350333 9606.ENSP00000444029 0 0 0 170 0 0 0 170 
9606.ENSP00000350333 9606.ENSP00000347978 0 0 0 181 0 0 0 181 
9606.ENSP00000350333 9606.ENSP00000439856 0 0 0 237 0 0 0 237 
9606.ENSP00000350333 9606.ENSP00000362978 0 0 0 183 0 0 0 183 
9606.ENSP00000350333 9606.ENSP00000316512 0 0 0 189 0 0 312 418 
9606.ENSP00000350333 9606.ENSP00000483345 0 0 0 175 0 0 0 175 
9606.ENSP00000350333 9606.ENSP00000279387 0 0 0 215 0 0 0 215 
9606.ENSP00000350333 9606.ENSP00000239882 0 0 0 183 0 0 0 183 
9606.ENSP00000350333 9606.ENSP00000352925 0 0 0 87 0 900 65 907 
9606.ENSP00000350333 9606.ENSP00000341947 0 0 0 87 0 0 113 155 
9606.ENSP00000350333 9606.ENSP00000351524 0 0 0 162 0 0 0 162 
9606.ENSP00000350333 9606.ENSP00000322142 0 0 0 64 261 0 201 399 
9606.ENSP00000350333 9606.ENSP00000267064 0 0 0 192 0 0 0 192 
9606.ENSP00000350333 9606.ENSP00000479964 0 0 0 72 0 0 322 343 
9606.ENSP00000350333 9606.ENSP00000289316 0 0 0 0 0 900 0 900 
9606.ENSP00000350333 9606.ENSP00000233468 0 0 0 153 0 0 0 153 
9606.ENSP00000350333 9606.ENSP00000254325 0 0 0 176 0 0 0 176 
9606.ENSP00000350333 9606.ENSP00000265840 0 0 0 0 0 0 239 239 
9606.ENSP00000350333 9606.ENSP00000351811 0 0 0 157 0 0 0 157 
9606.ENSP00000350333 9606.ENSP00000434024 0 0 0 65 0 900 0 902 
9606.ENSP00000350333 9606.ENSP00000368887 0 0 0 63 0 0 210 228 
9606.ENSP00000350333 9606.ENSP00000417510 0 0 0 0 0 900 0 900 
9606.ENSP00000350333 9606.ENSP00000332530 0 0 0 0 0 0 186 186 
9606.ENSP00000350333 9606.ENSP00000242351 0 0 0 173 0 0 0 173 
9606.ENSP00000350333 9606.ENSP00000262844 0 0 0 0 0 0 237 237 
9606.ENSP00000350333 9606.ENSP00000363228 0 0 0 221 0 0 0 221 
9606.ENSP00000350333 9606.ENSP00000386636 0 0 0 152 0 0 0 152 
9606.ENSP00000350333 9606.ENSP00000383973 0 0 0 49 0 540 0 543 
9606.ENSP00000350333 9606.ENSP00000341094 0 0 0 0 0 900 0 900 
9606.ENSP00000350333 9606.ENSP00000443988 0 0 0 203 365 900 398 965 
9606.ENSP00000350333 9606.ENSP00000262241 0 0 0 144 0 0 171 260 
9606.ENSP00000350333 9606.ENSP00000347581 0 0 0 0 0 0 222 222 
9606.ENSP00000350333 9606.ENSP00000373772 0 0 0 223 0 0 0 223 
9606.ENSP00000350333 9606.ENSP00000384109 0 0 0 100 377 0 0 415 
9606.ENSP00000350333 9606.ENSP00000477907 0 0 0 0 0 900 0 900 
9606.ENSP00000350333 9606.ENSP00000230859 0 0 0 67 0 0 156 179 
9606.ENSP00000350333 9606.ENSP00000258281 0 0 0 49 0 900 0 900 
9606.ENSP00000350333 9606.ENSP00000359128 0 0 0 153 0 0 0 153 
9606.ENSP00000350333 9606.ENSP00000307684 0 0 0 0 0 900 228 919 
9606.ENSP00000350333 9606.ENSP00000259241 0 0 0 0 0 0 426 426 
9606.ENSP00000350333 9606.ENSP00000297347 0 0 0 228 0 0 0 228 
9606.ENSP00000350333 9606.ENSP00000371586 0 0 0 156 0 0 0 156 
9606.ENSP00000350333 9606.ENSP00000003302 0 0 0 288 0 0 0 288 
9606.ENSP00000350333 9606.ENSP00000348211 0 0 0 0 0 0 358 358 
9606.ENSP00000350333 9606.ENSP00000439585 0 0 0 0 0 900 0 900 
9606.ENSP00000350333 9606.ENSP00000225983 0 0 0 64 0 540 44 552 
9606.ENSP00000350333 9606.ENSP00000383059 0 0 0 272 0 0 0 272 
9606.ENSP00000350333 9606.ENSP00000429986 0 0 0 49 0 900 0 900 
9606.ENSP00000350333 9606.ENSP00000296504 0 0 0 103 532 900 493 975 
9606.ENSP00000350333 9606.ENSP00000363676 0 0 0 181 0 0 0 181 
9606.ENSP00000350333 9606.ENSP00000265271 0 0 0 228 0 0 0 228 
9606.ENSP00000350333 9606.ENSP00000314709 0 0 0 63 0 0 148 167 
9606.ENSP00000350333 9606.ENSP00000338629 0 0 0 55 0 360 0 369 
9606.ENSP00000350333 9606.ENSP00000351446 0 0 0 162 0 0 0 162 
9606.ENSP00000350333 9606.ENSP00000335038 0 0 0 0 0 0 201 201 
9606.ENSP00000350333 9606.ENSP00000297431 0 0 0 152 0 0 0 152 
9606.ENSP00000350333 9606.ENSP00000358151 0 0 0 0 0 900 0 900 
9606.ENSP00000350333 9606.ENSP00000290246 0 0 0 0 0 0 187 187 
9606.ENSP00000350333 9606.ENSP00000360797 0 0 0 0 0 0 293 293 
9606.ENSP00000350333 9606.ENSP00000263205 0 0 0 214 0 0 0 214 
9606.ENSP00000350333 9606.ENSP00000255120 0 0 0 195 0 0 0 195 
9606.ENSP00000350333 9606.ENSP00000384164 0 0 0 0 0 0 198 198 
9606.ENSP00000350333 9606.ENSP00000263697 0 0 0 175 0 0 0 175 
9606.ENSP00000350333 9606.ENSP00000377024 0 0 0 0 0 0 222 222 
9606.ENSP00000350333 9606.ENSP00000384048 0 0 0 179 0 0 0 179 
9606.ENSP00000350333 9606.ENSP00000348168 0 0 0 269 0 0 0 269 
9606.ENSP00000350333 9606.ENSP00000387006 0 0 0 173 0 0 0 173 
9606.ENSP00000350333 9606.ENSP00000335636 0 0 0 263 0 0 0 263 
9606.ENSP00000350333 9606.ENSP00000416534 0 0 0 200 0 0 0 200 
9606.ENSP00000350333 9606.ENSP00000481622 0 0 0 0 0 900 0 900 
9606.ENSP00000350333 9606.ENSP00000276079 0 0 0 141 0 0 86 181 
9606.ENSP00000350333 9606.ENSP00000326767 0 0 0 288 0 0 0 288 
9606.ENSP00000350333 9606.ENSP00000262415 0 0 0 284 0 0 50 290 
9606.ENSP00000350333 9606.ENSP00000331462 0 0 0 0 534 0 0 534 
9606.ENSP00000350333 9606.ENSP00000436679 0 0 0 159 0 0 0 159 
9606.ENSP00000350333 9606.ENSP00000483903 0 0 0 0 0 900 0 900 
9606.ENSP00000350333 9606.ENSP00000221419 0 0 0 113 119 0 0 185 
9606.ENSP00000350333 9606.ENSP00000332194 0 0 0 0 0 900 0 900 
9606.ENSP00000350333 9606.ENSP00000353769 0 0 0 151 0 0 0 151 
9606.ENSP00000350333 9606.ENSP00000302967 0 0 0 104 0 540 90 592 
9606.ENSP00000350333 9606.ENSP00000442788 0 0 0 0 261 0 0 261 
9606.ENSP00000350333 9606.ENSP00000376167 0 0 0 66 470 0 81 505 
9606.ENSP00000350333 9606.ENSP00000219905 0 0 0 0 0 0 205 205 
9606.ENSP00000350333 9606.ENSP00000307863 0 0 0 185 0 0 0 185 
9606.ENSP00000350333 9606.ENSP00000322837 0 0 0 0 0 0 274 274 
9606.ENSP00000350333 9606.ENSP00000479526 0 0 0 165 0 0 0 165 
9606.ENSP00000350333 9606.ENSP00000399862 0 0 0 114 0 0 317 368 
9606.ENSP00000350333 9606.ENSP00000457230 0 0 0 0 185 0 0 185 
9606.ENSP00000350333 9606.ENSP00000296417 0 0 0 0 0 900 85 904 
9606.ENSP00000350333 9606.ENSP00000476136 0 0 0 0 0 900 0 900 
9606.ENSP00000350333 9606.ENSP00000360515 0 0 0 0 361 900 0 933 
9606.ENSP00000350333 9606.ENSP00000261973 0 0 0 181 0 0 0 181 
9606.ENSP00000350333 9606.ENSP00000298281 0 0 0 230 0 0 0 230 
9606.ENSP00000350333 9606.ENSP00000378830 0 0 0 288 0 0 0 288 
9606.ENSP00000350333 9606.ENSP00000350512 0 0 0 61 377 0 56 399 
9606.ENSP00000350333 9606.ENSP00000406157 0 0 0 0 0 0 168 168 
9606.ENSP00000350333 9606.ENSP00000354645 0 0 0 0 0 0 426 426 
9606.ENSP00000350333 9606.ENSP00000380019 0 0 0 76 62 0 191 237 
9606.ENSP00000350333 9606.ENSP00000367028 0 0 0 272 0 0 0 272 
9606.ENSP00000350333 9606.ENSP00000441786 0 0 0 154 0 0 0 154 
9606.ENSP00000350333 9606.ENSP00000365439 0 0 0 158 361 0 0 438 
9606.ENSP00000350333 9606.ENSP00000354125 0 0 0 42 0 0 219 219 
9606.ENSP00000350333 9606.ENSP00000462337 0 0 0 175 62 0 0 193 
9606.ENSP00000350333 9606.ENSP00000381216 0 0 0 262 0 0 0 262 
9606.ENSP00000350333 9606.ENSP00000378402 0 0 0 234 854 900 305 991 
9606.ENSP00000350333 9606.ENSP00000326563 0 0 0 228 0 0 0 228 
9606.ENSP00000350333 9606.ENSP00000218089 0 0 0 161 0 0 0 161 
9606.ENSP00000350333 9606.ENSP00000350170 0 0 0 62 361 0 0 374 
9606.ENSP00000350333 9606.ENSP00000378307 0 0 0 170 0 0 0 170 
9606.ENSP00000350333 9606.ENSP00000261819 0 0 0 152 0 0 0 152 
9606.ENSP00000350333 9606.ENSP00000438553 0 0 0 0 0 900 0 900 
9606.ENSP00000350333 9606.ENSP00000362803 0 0 0 0 532 0 0 532 
9606.ENSP00000350333 9606.ENSP00000238112 0 0 0 162 0 0 0 162 
9606.ENSP00000350333 9606.ENSP00000384192 0 0 0 0 0 0 357 357 
9606.ENSP00000350333 9606.ENSP00000485378 0 0 0 0 0 0 426 426 
9606.ENSP00000350333 9606.ENSP00000229307 0 0 0 0 165 0 0 165 
9606.ENSP00000350333 9606.ENSP00000335321 0 0 0 183 379 0 188 552 
9606.ENSP00000350333 9606.ENSP00000264010 0 0 0 137 62 0 0 155 
9606.ENSP00000350333 9606.ENSP00000284154 0 0 0 183 0 0 0 183 
9606.ENSP00000350333 9606.ENSP00000305442 0 0 0 0 0 0 268 268 
9606.ENSP00000350333 9606.ENSP00000286523 0 0 0 117 0 540 0 576 
9606.ENSP00000350333 9606.ENSP00000344393 0 0 0 0 0 0 368 368 
9606.ENSP00000350333 9606.ENSP00000313953 0 0 0 0 0 0 583 583 
9606.ENSP00000350333 9606.ENSP00000282007 0 0 0 183 0 0 0 183 
9606.ENSP00000350333 9606.ENSP00000267812 0 0 0 183 0 0 0 183 
9606.ENSP00000350333 9606.ENSP00000301764 0 0 0 45 377 0 166 460 
9606.ENSP00000350333 9606.ENSP00000245934 0 0 0 155 0 0 0 155 
9606.ENSP00000350333 9606.ENSP00000387187 0 0 0 202 0 0 0 202 
9606.ENSP00000350333 9606.ENSP00000295757 0 0 0 64 0 540 44 552 
9606.ENSP00000350333 9606.ENSP00000361363 0 0 0 183 0 0 65 203 
9606.ENSP00000350333 9606.ENSP00000307822 0 0 0 0 0 0 155 155 
9606.ENSP00000350333 9606.ENSP00000272647 0 0 0 0 0 0 426 426 
9606.ENSP00000350333 9606.ENSP00000430432 0 0 0 94 365 900 169 945 
9606.ENSP00000350333 9606.ENSP00000326804 0 0 0 141 377 0 0 442 
9606.ENSP00000350333 9606.ENSP00000255078 0 0 0 171 0 0 0 171 
9606.ENSP00000350333 9606.ENSP00000479169 0 0 0 0 0 900 0 900 
9606.ENSP00000350333 9606.ENSP00000040738 0 0 0 169 0 0 0 169 
9606.ENSP00000350333 9606.ENSP00000264029 0 0 0 0 0 0 177 177 
9606.ENSP00000350333 9606.ENSP00000268712 0 0 0 127 270 0 141 404 
9606.ENSP00000350333 9606.ENSP00000262367 0 0 0 172 0 0 0 172 
9606.ENSP00000350333 9606.ENSP00000229595 0 0 0 139 0 0 98 190 
9606.ENSP00000350333 9606.ENSP00000425133 0 0 0 165 0 0 0 165 
9606.ENSP00000350333 9606.ENSP00000422626 0 0 0 235 0 0 0 235 
9606.ENSP00000350333 9606.ENSP00000216252 0 0 0 161 0 0 0 161 
9606.ENSP00000350333 9606.ENSP00000247001 0 0 0 272 0 0 0 272 
9606.ENSP00000350333 9606.ENSP00000380136 0 0 0 63 0 0 200 218 
9606.ENSP00000350333 9606.ENSP00000013070 0 0 0 169 0 0 0 169 
9606.ENSP00000350333 9606.ENSP00000283131 0 0 0 173 0 900 0 913 
9606.ENSP00000350333 9606.ENSP00000315386 0 0 0 0 0 0 315 315 
9606.ENSP00000350333 9606.ENSP00000209875 0 0 0 63 0 540 0 550 
9606.ENSP00000350333 9606.ENSP00000323720 0 0 0 220 0 0 0 220 
9606.ENSP00000350333 9606.ENSP00000478501 0 0 0 181 0 0 0 181 
9606.ENSP00000350333 9606.ENSP00000465432 0 0 0 158 0 0 0 158 
9606.ENSP00000350333 9606.ENSP00000349205 0 0 0 0 0 0 173 173 
9606.ENSP00000350333 9606.ENSP00000224073 0 0 0 62 0 0 162 180 
9606.ENSP00000350333 9606.ENSP00000368517 0 0 0 0 0 0 385 385 
9606.ENSP00000350333 9606.ENSP00000387128 0 0 0 0 0 0 162 162 
9606.ENSP00000350333 9606.ENSP00000397259 0 0 0 0 0 900 0 900 
9606.ENSP00000350333 9606.ENSP00000366604 0 0 0 271 0 0 0 271 
9606.ENSP00000350333 9606.ENSP00000483408 0 0 0 181 0 0 0 181 
9606.ENSP00000350333 9606.ENSP00000355261 0 0 0 158 0 0 0 158 
9606.ENSP00000350333 9606.ENSP00000313422 0 0 0 228 0 0 0 228 
9606.ENSP00000350333 9606.ENSP00000334061 0 0 0 64 0 540 44 552 
9606.ENSP00000350333 9606.ENSP00000362314 0 0 0 0 0 0 282 282 
9606.ENSP00000350333 9606.ENSP00000346120 0 0 0 102 0 0 132 187 
9606.ENSP00000350333 9606.ENSP00000369131 0 0 0 122 667 900 180 972 
9606.ENSP00000350333 9606.ENSP00000358497 0 0 0 169 0 0 0 169 
9606.ENSP00000350333 9606.ENSP00000253363 0 0 0 271 0 0 221 408 
9606.ENSP00000350333 9606.ENSP00000304229 0 0 0 0 0 540 0 540 
9606.ENSP00000350333 9606.ENSP00000379847 0 0 0 183 62 0 156 296 
9606.ENSP00000350333 9606.ENSP00000318374 0 0 0 272 0 0 0 272 
9606.ENSP00000350333 9606.ENSP00000342755 0 0 0 0 195 0 0 195 
9606.ENSP00000350333 9606.ENSP00000365625 0 0 0 116 0 0 403 449 
9606.ENSP00000350333 9606.ENSP00000308022 0 0 0 0 0 900 0 900 
9606.ENSP00000350333 9606.ENSP00000413098 0 0 0 248 0 0 0 248 
9606.ENSP00000350333 9606.ENSP00000383866 0 0 0 218 0 0 0 218 
9606.ENSP00000350333 9606.ENSP00000366396 0 0 0 168 0 0 0 168 
9606.ENSP00000350333 9606.ENSP00000406463 0 0 0 156 0 0 0 156 
9606.ENSP00000350333 9606.ENSP00000281871 0 0 0 269 0 0 0 269 
9606.ENSP00000350333 9606.ENSP00000229332 0 0 0 0 0 0 153 153 
9606.ENSP00000350333 9606.ENSP00000265069 0 0 0 230 0 0 0 230 
9606.ENSP00000350333 9606.ENSP00000434466 0 0 0 71 0 0 227 251 
9606.ENSP00000350333 9606.ENSP00000263073 0 0 0 166 0 0 0 166 
9606.ENSP00000350333 9606.ENSP00000377725 0 0 0 0 62 0 406 419 
9606.ENSP00000350333 9606.ENSP00000384421 0 0 0 181 0 0 0 181 
9606.ENSP00000350333 9606.ENSP00000300093 0 0 0 88 133 0 0 176 
9606.ENSP00000350333 9606.ENSP00000396052 0 0 0 103 0 540 58 577 
9606.ENSP00000350333 9606.ENSP00000216271 0 0 0 64 0 540 44 552 
9606.ENSP00000350333 9606.ENSP00000353463 0 0 0 139 0 540 0 587 
9606.ENSP00000350333 9606.ENSP00000462116 0 0 0 271 0 900 0 923 
9606.ENSP00000350333 9606.ENSP00000337632 0 0 0 164 0 0 116 229 
9606.ENSP00000350333 9606.ENSP00000286070 0 0 0 81 0 0 370 396 
9606.ENSP00000350333 9606.ENSP00000361705 0 0 0 72 0 540 0 554 
9606.ENSP00000350333 9606.ENSP00000298875 0 0 0 201 0 0 0 201 
9606.ENSP00000350333 9606.ENSP00000306983 0 0 0 228 0 0 0 228 
9606.ENSP00000350333 9606.ENSP00000355778 0 0 0 85 260 0 57 305 
9606.ENSP00000350333 9606.ENSP00000308533 0 0 0 83 0 0 127 165 
9606.ENSP00000350333 9606.ENSP00000378165 0 0 0 160 0 0 0 160 
9606.ENSP00000350333 9606.ENSP00000340823 0 0 0 156 0 0 0 156 
9606.ENSP00000350333 9606.ENSP00000349430 0 0 0 0 0 900 0 900 
9606.ENSP00000350333 9606.ENSP00000302441 0 0 0 0 0 0 199 199 
9606.ENSP00000350333 9606.ENSP00000362748 0 0 0 0 261 0 0 261 
9606.ENSP00000350333 9606.ENSP00000264108 0 0 0 78 0 0 314 340 
9606.ENSP00000350333 9606.ENSP00000369871 0 0 0 153 0 0 0 153 
9606.ENSP00000350333 9606.ENSP00000307746 0 0 0 0 0 0 513 513 
9606.ENSP00000350333 9606.ENSP00000254803 0 0 0 156 0 0 0 156 
9606.ENSP00000350333 9606.ENSP00000247843 0 0 0 273 0 0 0 273 
9606.ENSP00000350333 9606.ENSP00000386458 0 0 0 289 0 0 0 289 
9606.ENSP00000350333 9606.ENSP00000355013 0 0 0 165 0 0 0 165 
9606.ENSP00000350333 9606.ENSP00000483667 0 0 0 173 0 0 42 174 
9606.ENSP00000350333 9606.ENSP00000355050 0 0 0 183 0 0 0 183 
9606.ENSP00000350333 9606.ENSP00000388638 0 0 0 165 0 0 0 165 
9606.ENSP00000350333 9606.ENSP00000350223 0 0 0 0 0 0 224 224 
9606.ENSP00000350333 9606.ENSP00000362687 0 0 0 108 0 0 318 365 
9606.ENSP00000350333 9606.ENSP00000349748 0 0 0 201 0 0 56 214 
9606.ENSP00000350333 9606.ENSP00000215574 0 0 0 198 0 0 0 198 
9606.ENSP00000350333 9606.ENSP00000332681 0 0 0 0 0 0 179 179 
9606.ENSP00000350333 9606.ENSP00000360532 0 0 0 232 980 0 0 983 
9606.ENSP00000350333 9606.ENSP00000324792 0 0 0 183 0 0 0 183 
9606.ENSP00000350333 9606.ENSP00000401112 0 0 0 0 0 360 0 360 
9606.ENSP00000350333 9606.ENSP00000266679 0 0 0 169 0 0 0 169 
9606.ENSP00000350333 9606.ENSP00000242257 0 0 0 0 0 0 366 366 
9606.ENSP00000350333 9606.ENSP00000350869 0 0 0 0 0 0 363 363 
9606.ENSP00000350333 9606.ENSP00000271555 0 0 0 183 0 0 0 183 
9606.ENSP00000350333 9606.ENSP00000424896 0 0 0 47 0 0 174 179 
9606.ENSP00000350333 9606.ENSP00000246081 0 0 0 0 0 0 247 247 
9606.ENSP00000350333 9606.ENSP00000374529 0 0 0 284 0 0 0 284 
9606.ENSP00000350333 9606.ENSP00000464036 0 0 0 289 0 0 0 289 
9606.ENSP00000350333 9606.ENSP00000307183 0 0 0 64 866 540 127 943 
9606.ENSP00000350333 9606.ENSP00000225941 0 0 0 154 0 0 0 154 
9606.ENSP00000350333 9606.ENSP00000368927 0 0 0 45 0 0 204 207 
9606.ENSP00000350333 9606.ENSP00000328484 0 0 0 0 0 900 0 900 
9606.ENSP00000350333 9606.ENSP00000312981 0 0 0 113 0 0 320 371 
9606.ENSP00000350333 9606.ENSP00000080059 0 0 0 70 0 360 44 381 
9606.ENSP00000350333 9606.ENSP00000411099 0 0 0 203 0 0 155 298 
9606.ENSP00000350333 9606.ENSP00000416255 0 0 0 107 361 0 0 404 
9606.ENSP00000350333 9606.ENSP00000263974 0 0 0 0 0 900 0 900 
9606.ENSP00000350333 9606.ENSP00000362592 0 0 0 147 0 540 294 699 
9606.ENSP00000350333 9606.ENSP00000359042 0 0 0 260 0 0 0 260 
9606.ENSP00000350333 9606.ENSP00000392094 0 0 0 144 532 0 0 582 
9606.ENSP00000350333 9606.ENSP00000250916 0 0 0 0 62 0 133 151 
9606.ENSP00000350333 9606.ENSP00000446880 0 0 0 66 0 900 0 902 
9606.ENSP00000350333 9606.ENSP00000340271 0 0 0 64 475 0 63 500 
9606.ENSP00000350333 9606.ENSP00000467423 0 0 0 183 0 0 0 183 
9606.ENSP00000350333 9606.ENSP00000393596 0 0 0 97 0 0 300 341 
9606.ENSP00000350333 9606.ENSP00000261167 0 0 0 175 0 0 0 175 
9606.ENSP00000350333 9606.ENSP00000217244 0 0 0 80 0 540 0 558 
9606.ENSP00000350333 9606.ENSP00000234296 0 0 0 181 0 0 0 181 
9606.ENSP00000350333 9606.ENSP00000335677 0 0 0 64 270 0 0 287 
9606.ENSP00000350333 9606.ENSP00000397843 0 0 0 175 0 0 0 175 
9606.ENSP00000350333 9606.ENSP00000257789 0 0 0 185 0 0 0 185 
9606.ENSP00000350333 9606.ENSP00000359988 0 0 0 303 0 0 0 303 
9606.ENSP00000350333 9606.ENSP00000357928 0 0 0 75 0 0 162 191 
9606.ENSP00000350333 9606.ENSP00000278823 0 0 0 88 0 540 0 562 
9606.ENSP00000350333 9606.ENSP00000310670 0 0 0 182 0 0 0 182 
9606.ENSP00000350333 9606.ENSP00000478396 0 0 0 158 0 0 0 158 
9606.ENSP00000350333 9606.ENSP00000303427 0 0 0 157 0 0 0 157 
9606.ENSP00000350333 9606.ENSP00000449999 0 0 0 0 0 0 227 227 
9606.ENSP00000350333 9606.ENSP00000269349 0 0 0 75 247 0 0 273 
9606.ENSP00000350333 9606.ENSP00000287652 0 0 0 0 0 0 319 319 
9606.ENSP00000350333 9606.ENSP00000367406 0 0 0 82 0 0 321 350 
9606.ENSP00000350333 9606.ENSP00000251849 0 0 0 154 0 0 0 154 
9606.ENSP00000350333 9606.ENSP00000321617 0 0 0 154 0 0 0 154 
9606.ENSP00000350333 9606.ENSP00000376276 0 0 0 302 0 0 0 302 
9606.ENSP00000350333 9606.ENSP00000256474 0 0 0 0 377 0 0 377 
9606.ENSP00000350333 9606.ENSP00000380024 0 0 0 64 261 0 124 341 
9606.ENSP00000350333 9606.ENSP00000334538 0 0 0 273 0 0 0 273 
9606.ENSP00000350333 9606.ENSP00000360270 0 0 0 0 0 0 186 186 
9606.ENSP00000350333 9606.ENSP00000341483 0 0 0 155 0 0 0 155 
9606.ENSP00000350333 9606.ENSP00000355077 0 0 0 158 0 0 0 158 
9606.ENSP00000350333 9606.ENSP00000361007 0 0 0 0 0 0 266 266 
9606.ENSP00000350333 9606.ENSP00000286835 0 0 0 235 0 0 0 235 
9606.ENSP00000350333 9606.ENSP00000331310 0 0 0 122 0 540 43 579 
9606.ENSP00000350333 9606.ENSP00000485022 0 0 0 153 0 0 0 153 
9606.ENSP00000350333 9606.ENSP00000262815 0 0 0 288 0 0 0 288 
9606.ENSP00000350333 9606.ENSP00000427108 0 0 0 171 0 0 0 171 
9606.ENSP00000350333 9606.ENSP00000251038 0 0 0 66 0 0 268 287 
9606.ENSP00000350333 9606.ENSP00000274764 0 0 0 0 0 900 0 900 
9606.ENSP00000350333 9606.ENSP00000174618 0 0 0 0 0 0 317 317 
9606.ENSP00000350333 9606.ENSP00000481351 0 0 0 0 254 0 0 254 
9606.ENSP00000350333 9606.ENSP00000416951 0 0 0 183 0 0 0 183 
9606.ENSP00000350333 9606.ENSP00000300651 0 0 0 153 0 0 0 153 
9606.ENSP00000350333 9606.ENSP00000253048 0 0 0 247 0 0 0 247 
9606.ENSP00000350333 9606.ENSP00000417235 0 0 0 159 0 0 0 159 
9606.ENSP00000350333 9606.ENSP00000450832 0 0 0 169 0 0 0 169 
9606.ENSP00000350333 9606.ENSP00000329933 0 0 0 96 0 540 0 566 
9606.ENSP00000350333 9606.ENSP00000262306 0 0 0 46 377 0 66 396 
9606.ENSP00000350333 9606.ENSP00000483562 0 0 0 0 0 360 0 360 
9606.ENSP00000350333 9606.ENSP00000401867 0 0 0 0 514 0 320 655 
9606.ENSP00000350333 9606.ENSP00000368801 0 0 0 0 185 0 0 185 
9606.ENSP00000350333 9606.ENSP00000262887 0 0 0 169 0 0 55 181 
9606.ENSP00000350333 9606.ENSP00000439689 0 0 0 82 0 540 0 559 
9606.ENSP00000350333 9606.ENSP00000328720 0 0 0 177 199 0 0 312 
9606.ENSP00000350333 9606.ENSP00000349508 0 0 0 133 0 540 62 593 
9606.ENSP00000350333 9606.ENSP00000358799 0 0 0 167 0 0 0 167 
9606.ENSP00000350333 9606.ENSP00000339245 0 0 0 247 0 0 0 247 
9606.ENSP00000350333 9606.ENSP00000434614 0 0 0 159 0 0 0 159 
9606.ENSP00000350333 9606.ENSP00000386869 0 0 0 0 185 0 0 185 
9606.ENSP00000350333 9606.ENSP00000352516 0 0 0 77 0 900 0 903 
9606.ENSP00000350333 9606.ENSP00000352400 0 0 0 183 0 0 0 183 
9606.ENSP00000350333 9606.ENSP00000369038 0 0 0 0 0 0 154 154 
9606.ENSP00000350333 9606.ENSP00000320566 0 0 0 64 261 0 83 310 
9606.ENSP00000350333 9606.ENSP00000430338 0 0 0 160 0 0 0 160 
9606.ENSP00000350333 9606.ENSP00000262450 0 0 0 62 0 540 62 559 
9606.ENSP00000350333 9606.ENSP00000355114 0 0 0 188 0 0 0 188 
9606.ENSP00000350333 9606.ENSP00000282272 0 0 0 173 0 0 0 173 
9606.ENSP00000350333 9606.ENSP00000322579 0 0 0 0 188 0 0 188 
9606.ENSP00000350333 9606.ENSP00000216807 0 0 0 103 0 540 58 577 
9606.ENSP00000350333 9606.ENSP00000330188 0 0 0 183 0 0 0 183 
9606.ENSP00000350333 9606.ENSP00000465099 0 0 0 154 0 0 0 154 
9606.ENSP00000350333 9606.ENSP00000356476 0 0 0 163 0 0 0 163 
9606.ENSP00000350333 9606.ENSP00000477527 0 0 0 48 0 900 0 900 
9606.ENSP00000350333 9606.ENSP00000299238 0 0 0 156 0 0 0 156 
9606.ENSP00000350333 9606.ENSP00000360167 0 0 0 171 0 0 0 171 
9606.ENSP00000350333 9606.ENSP00000483453 0 0 0 183 0 0 0 183 
9606.ENSP00000350333 9606.ENSP00000264444 0 0 0 0 280 0 48 285 
9606.ENSP00000350333 9606.ENSP00000292431 0 0 0 148 62 0 0 166 
9606.ENSP00000350333 9606.ENSP00000296490 0 0 0 230 0 0 0 230 
9606.ENSP00000350333 9606.ENSP00000398824 0 0 0 61 0 540 50 553 
9606.ENSP00000350333 9606.ENSP00000371475 0 0 0 85 673 0 0 688 
9606.ENSP00000350333 9606.ENSP00000412302 0 0 0 85 0 540 0 561 
9606.ENSP00000350333 9606.ENSP00000408617 0 0 0 64 0 540 44 552 
9606.ENSP00000350333 9606.ENSP00000294168 0 0 0 0 0 900 0 900 
9606.ENSP00000350333 9606.ENSP00000368984 0 0 0 152 0 0 0 152 
9606.ENSP00000350333 9606.ENSP00000334675 0 0 0 72 0 0 183 209 
9606.ENSP00000350333 9606.ENSP00000444986 0 0 0 0 177 0 0 177 
9606.ENSP00000350333 9606.ENSP00000378350 0 0 0 183 0 0 0 183 
9606.ENSP00000350333 9606.ENSP00000360526 0 0 0 49 62 540 0 553 
9606.ENSP00000350333 9606.ENSP00000221494 0 0 0 72 734 0 0 742 
9606.ENSP00000350333 9606.ENSP00000356405 0 0 0 171 0 0 0 171 
9606.ENSP00000350333 9606.ENSP00000385751 0 0 0 183 0 0 0 183 
9606.ENSP00000350333 9606.ENSP00000372335 0 0 0 228 0 0 0 228 
9606.ENSP00000350333 9606.ENSP00000229314 0 0 0 0 0 0 226 226 
9606.ENSP00000350333 9606.ENSP00000263773 0 0 0 181 0 0 0 181 
9606.ENSP00000350333 9606.ENSP00000377566 0 0 0 0 0 0 171 171 
9606.ENSP00000350333 9606.ENSP00000225916 0 0 0 61 0 900 68 904 
9606.ENSP00000350333 9606.ENSP00000220496 0 0 0 288 0 0 0 288 
9606.ENSP00000350333 9606.ENSP00000248553 0 0 0 51 740 0 0 742 
9606.ENSP00000350333 9606.ENSP00000441214 0 0 0 179 0 0 0 179 
9606.ENSP00000350333 9606.ENSP00000259006 0 0 0 212 0 0 0 212 
9606.ENSP00000350333 9606.ENSP00000320503 0 0 0 126 0 0 270 334 
9606.ENSP00000350333 9606.ENSP00000264606 0 0 0 64 0 540 44 552 
9606.ENSP00000350333 9606.ENSP00000415433 0 0 0 183 0 0 0 183 
9606.ENSP00000350333 9606.ENSP00000334300 0 0 0 0 0 0 309 309 
9606.ENSP00000350333 9606.ENSP00000308405 0 0 0 42 0 900 85 904 
9606.ENSP00000350333 9606.ENSP00000371505 0 0 0 0 0 0 204 204 
9606.ENSP00000350333 9606.ENSP00000328547 0 0 0 0 0 900 0 900 
9606.ENSP00000350333 9606.ENSP00000237264 0 0 0 149 0 0 48 155 
9606.ENSP00000350333 9606.ENSP00000349124 0 0 0 170 133 0 0 249 
9606.ENSP00000350333 9606.ENSP00000261497 0 0 0 92 0 900 0 905 
9606.ENSP00000350333 9606.ENSP00000320949 0 0 0 183 0 0 0 183 
9606.ENSP00000350333 9606.ENSP00000297540 0 0 0 228 0 0 0 228 
9606.ENSP00000350333 9606.ENSP00000299601 0 0 0 93 0 0 285 324 
9606.ENSP00000350333 9606.ENSP00000312311 0 0 0 0 0 0 319 319 
9606.ENSP00000350333 9606.ENSP00000342181 0 0 0 46 0 0 204 208 
9606.ENSP00000350333 9606.ENSP00000314029 0 0 0 173 0 0 0 173 
9606.ENSP00000350333 9606.ENSP00000255764 0 0 0 0 0 0 207 207 
9606.ENSP00000350333 9606.ENSP00000258648 0 0 0 272 0 0 0 272 
9606.ENSP00000350333 9606.ENSP00000326261 0 0 0 229 0 0 0 229 
9606.ENSP00000350333 9606.ENSP00000271715 0 0 0 181 62 0 0 198 
9606.ENSP00000350333 9606.ENSP00000264183 0 0 0 62 936 900 0 993 
9606.ENSP00000350333 9606.ENSP00000350676 0 0 0 161 0 0 0 161 
9606.ENSP00000350333 9606.ENSP00000291386 0 0 0 183 0 0 0 183 
9606.ENSP00000350333 9606.ENSP00000348074 0 0 0 0 0 0 258 258 
9606.ENSP00000350333 9606.ENSP00000254108 0 0 0 213 0 0 0 213 
9606.ENSP00000350333 9606.ENSP00000265260 0 0 0 153 0 0 0 153 
9606.ENSP00000350333 9606.ENSP00000283027 0 0 0 48 0 0 209 214 
9606.ENSP00000350333 9606.ENSP00000285398 0 0 0 71 0 0 272 295 
9606.ENSP00000350333 9606.ENSP00000436901 0 0 0 233 0 0 0 233 
9606.ENSP00000350333 9606.ENSP00000323421 0 0 0 167 0 0 0 167 
9606.ENSP00000350333 9606.ENSP00000351490 0 0 0 69 141 0 48 172 
9606.ENSP00000350333 9606.ENSP00000379346 0 0 0 239 0 0 0 239 
9606.ENSP00000350333 9606.ENSP00000204517 0 0 0 0 115 0 147 212 
9606.ENSP00000350333 9606.ENSP00000346634 0 0 0 152 0 0 0 152 
9606.ENSP00000350333 9606.ENSP00000251871 0 0 0 183 0 0 0 183 
9606.ENSP00000350333 9606.ENSP00000298231 0 0 0 0 0 0 168 168 
9606.ENSP00000350333 9606.ENSP00000479618 0 0 0 0 377 0 64 392 
9606.ENSP00000350333 9606.ENSP00000391723 0 0 0 179 0 0 0 179 
9606.ENSP00000350333 9606.ENSP00000359804 0 0 0 270 0 0 0 270 
9606.ENSP00000350333 9606.ENSP00000299424 0 0 0 0 860 900 0 985 
9606.ENSP00000350333 9606.ENSP00000433919 0 0 0 271 0 0 0 271 
9606.ENSP00000350333 9606.ENSP00000362649 0 0 0 180 365 900 226 954 
9606.ENSP00000350333 9606.ENSP00000384371 0 0 0 0 183 0 0 183 
9606.ENSP00000350333 9606.ENSP00000363193 0 0 0 226 0 0 0 226 
9606.ENSP00000350333 9606.ENSP00000359518 0 0 0 135 0 0 326 392 
9606.ENSP00000350333 9606.ENSP00000431391 0 0 0 182 0 0 131 258 
9606.ENSP00000350333 9606.ENSP00000324827 0 0 0 271 0 0 0 271 
9606.ENSP00000350333 9606.ENSP00000283179 0 0 0 154 0 0 0 154 
9606.ENSP00000350333 9606.ENSP00000295321 0 0 0 244 0 0 59 258 
9606.ENSP00000350333 9606.ENSP00000418563 0 0 0 192 0 0 0 192 
9606.ENSP00000350333 9606.ENSP00000353128 0 0 0 161 0 0 0 161 
9606.ENSP00000350333 9606.ENSP00000351137 0 0 0 245 0 0 43 247 
9606.ENSP00000350333 9606.ENSP00000477781 0 0 0 49 0 0 228 234 
9606.ENSP00000350333 9606.ENSP00000481842 0 0 0 86 0 900 204 920 
9606.ENSP00000350333 9606.ENSP00000473172 0 0 0 97 0 0 222 267 
9606.ENSP00000350333 9606.ENSP00000337477 0 0 0 0 664 540 0 838 
9606.ENSP00000350333 9606.ENSP00000244520 0 0 0 169 0 0 0 169 
9606.ENSP00000350333 9606.ENSP00000326381 0 0 0 0 0 0 153 153 
9606.ENSP00000350333 9606.ENSP00000361263 0 0 0 173 0 0 0 173 
9606.ENSP00000350333 9606.ENSP00000378295 0 0 0 155 0 0 0 155 
9606.ENSP00000350333 9606.ENSP00000362674 0 0 0 64 0 540 65 562 
9606.ENSP00000350333 9606.ENSP00000254066 0 0 0 49 361 0 0 366 
9606.ENSP00000350333 9606.ENSP00000252996 0 0 0 151 0 0 0 151 
9606.ENSP00000350333 9606.ENSP00000375770 0 0 0 82 62 540 0 569 
9606.ENSP00000350333 9606.ENSP00000482674 0 0 0 0 0 900 0 900 
9606.ENSP00000350333 9606.ENSP00000463334 0 0 0 63 0 0 165 184 
9606.ENSP00000350333 9606.ENSP00000268058 0 0 0 0 361 0 0 361 
9606.ENSP00000350333 9606.ENSP00000386043 0 0 0 0 0 0 277 277 
9606.ENSP00000350333 9606.ENSP00000215793 0 0 0 199 0 0 0 199 
9606.ENSP00000350333 9606.ENSP00000384018 0 0 0 0 0 540 153 593 
9606.ENSP00000350333 9606.ENSP00000372459 0 0 0 63 0 0 404 417 
9606.ENSP00000350333 9606.ENSP00000315476 0 0 0 156 0 0 0 156 
9606.ENSP00000350333 9606.ENSP00000366618 0 0 0 0 0 900 0 900 
9606.ENSP00000350333 9606.ENSP00000266087 0 0 0 181 0 0 0 181 
9606.ENSP00000350333 9606.ENSP00000259253 0 0 0 0 0 0 511 511 
9606.ENSP00000350333 9606.ENSP00000369716 0 0 0 96 0 540 62 575 
9606.ENSP00000350333 9606.ENSP00000257181 0 0 0 126 0 0 416 467 
9606.ENSP00000350333 9606.ENSP00000277575 0 0 0 61 0 0 209 226 
9606.ENSP00000350333 9606.ENSP00000333633 0 0 0 0 0 540 0 540 
9606.ENSP00000350333 9606.ENSP00000039989 0 0 0 61 0 0 432 444 
9606.ENSP00000350333 9606.ENSP00000272418 0 0 0 45 0 0 406 408 
9606.ENSP00000350333 9606.ENSP00000348596 0 0 0 181 0 0 0 181 
9606.ENSP00000350333 9606.ENSP00000246071 0 0 0 221 0 0 249 390 
9606.ENSP00000350333 9606.ENSP00000466971 0 0 0 0 0 0 315 315 
9606.ENSP00000350333 9606.ENSP00000319104 0 0 0 135 0 0 80 170 
9606.ENSP00000350333 9606.ENSP00000363787 0 0 0 182 0 0 0 182 
9606.ENSP00000350333 9606.ENSP00000356848 0 0 0 0 0 900 0 900 
9606.ENSP00000350333 9606.ENSP00000298310 0 0 0 153 0 0 0 153 
9606.ENSP00000350333 9606.ENSP00000405674 0 0 0 46 0 0 368 371 
9606.ENSP00000350333 9606.ENSP00000252542 0 0 0 171 0 0 0 171 
9606.ENSP00000350333 9606.ENSP00000261531 0 0 0 180 104 0 0 233 
9606.ENSP00000350333 9606.ENSP00000477014 0 0 0 0 0 0 371 371 
9606.ENSP00000350333 9606.ENSP00000444856 0 0 0 58 377 0 56 397 
9606.ENSP00000350333 9606.ENSP00000360642 0 0 0 46 0 0 426 428 
9606.ENSP00000350333 9606.ENSP00000452877 0 0 0 157 62 0 0 175 
9606.ENSP00000350333 9606.ENSP00000364929 0 0 0 108 711 0 107 749 
9606.ENSP00000350333 9606.ENSP00000417509 0 0 0 183 0 0 0 183 
9606.ENSP00000350333 9606.ENSP00000369424 0 0 0 168 429 540 322 832 
9606.ENSP00000350333 9606.ENSP00000301740 0 0 0 152 0 0 0 152 
9606.ENSP00000350333 9606.ENSP00000333920 0 0 0 63 0 900 0 902 
9606.ENSP00000350333 9606.ENSP00000480158 0 0 0 158 0 0 91 201 
9606.ENSP00000350333 9606.ENSP00000297109 0 0 0 64 0 900 127 911 
9606.ENSP00000350333 9606.ENSP00000345206 0 0 0 155 0 0 0 155 
9606.ENSP00000350333 9606.ENSP00000397927 0 0 0 154 0 0 0 154 
9606.ENSP00000350333 9606.ENSP00000364589 0 0 0 95 377 0 0 412 
9606.ENSP00000350333 9606.ENSP00000336750 0 0 0 64 0 900 0 902 
9606.ENSP00000350333 9606.ENSP00000313829 0 0 0 171 0 0 0 171 
9606.ENSP00000350333 9606.ENSP00000379931 0 0 0 223 0 0 0 223 
9606.ENSP00000350333 9606.ENSP00000261900 0 0 0 209 0 0 0 209 
9606.ENSP00000350333 9606.ENSP00000296003 0 0 0 53 0 0 311 319 
9606.ENSP00000350333 9606.ENSP00000330694 0 0 0 183 0 0 0 183 
9606.ENSP00000350333 9606.ENSP00000283875 0 0 0 159 0 0 0 159 
9606.ENSP00000350333 9606.ENSP00000299663 0 0 0 0 0 0 507 507 
9606.ENSP00000350333 9606.ENSP00000256429 0 0 0 72 0 900 0 903 
9606.ENSP00000350333 9606.ENSP00000361162 0 0 0 288 625 0 0 721 
