9606.ENSP00000341992 9606.ENSP00000338034 0 0 0 61 185 0 0 201 
9606.ENSP00000341992 9606.ENSP00000254323 0 0 0 0 0 0 398 398 
9606.ENSP00000341992 9606.ENSP00000397911 0 0 0 61 185 0 0 201 
9606.ENSP00000341992 9606.ENSP00000263640 0 0 0 61 136 0 63 173 
9606.ENSP00000341992 9606.ENSP00000355437 0 0 0 61 185 0 55 213 
9606.ENSP00000341992 9606.ENSP00000355279 0 0 0 0 64 0 257 274 
9606.ENSP00000341992 9606.ENSP00000410858 0 0 0 61 185 0 0 201 
9606.ENSP00000341992 9606.ENSP00000265131 0 0 0 0 0 0 186 186 
9606.ENSP00000341992 9606.ENSP00000262419 0 0 0 0 185 0 0 185 
9606.ENSP00000341992 9606.ENSP00000326981 0 0 0 64 194 0 85 249 
9606.ENSP00000341992 9606.ENSP00000293303 0 0 0 0 0 0 161 161 
9606.ENSP00000341992 9606.ENSP00000445508 0 0 0 0 176 0 108 233 
9606.ENSP00000341992 9606.ENSP00000284551 0 0 0 61 185 0 0 201 
9606.ENSP00000341992 9606.ENSP00000325376 0 0 0 61 185 0 0 201 
9606.ENSP00000341992 9606.ENSP00000401878 0 0 0 0 0 0 165 165 
9606.ENSP00000341992 9606.ENSP00000416673 0 0 0 62 163 0 0 181 
9606.ENSP00000341992 9606.ENSP00000314792 0 0 0 0 84 0 563 583 
9606.ENSP00000341992 9606.ENSP00000388510 0 0 0 0 0 0 202 202 
9606.ENSP00000341992 9606.ENSP00000401721 0 0 0 62 176 0 0 194 
9606.ENSP00000341992 9606.ENSP00000361626 0 0 0 64 0 0 208 227 
9606.ENSP00000341992 9606.ENSP00000256442 0 0 0 112 126 0 85 227 
9606.ENSP00000341992 9606.ENSP00000421142 0 0 0 61 185 0 0 201 
9606.ENSP00000341992 9606.ENSP00000314348 0 0 0 61 79 0 97 150 
9606.ENSP00000341992 9606.ENSP00000386186 0 0 0 0 0 0 197 197 
9606.ENSP00000341992 9606.ENSP00000287538 0 0 0 0 64 0 187 206 
9606.ENSP00000341992 9606.ENSP00000274031 0 0 0 61 173 0 0 190 
9606.ENSP00000341992 9606.ENSP00000470441 0 0 0 61 185 0 0 201 
9606.ENSP00000341992 9606.ENSP00000216237 0 0 0 62 129 0 44 150 
9606.ENSP00000341992 9606.ENSP00000296098 0 0 0 61 185 0 0 201 
9606.ENSP00000341992 9606.ENSP00000379826 0 0 0 61 185 0 0 201 
9606.ENSP00000341992 9606.ENSP00000417078 0 0 0 61 149 0 43 168 
9606.ENSP00000341992 9606.ENSP00000417510 0 0 0 62 0 0 140 158 
9606.ENSP00000341992 9606.ENSP00000440440 0 0 0 0 0 0 219 219 
9606.ENSP00000341992 9606.ENSP00000235090 0 0 0 0 156 0 0 156 
9606.ENSP00000341992 9606.ENSP00000269499 0 0 0 62 168 0 0 186 
9606.ENSP00000341992 9606.ENSP00000359506 0 0 0 0 0 0 186 186 
9606.ENSP00000341992 9606.ENSP00000268129 0 0 0 0 0 0 203 203 
9606.ENSP00000341992 9606.ENSP00000245479 0 0 0 49 0 0 239 245 
9606.ENSP00000341992 9606.ENSP00000375236 0 0 0 0 0 0 260 260 
9606.ENSP00000341992 9606.ENSP00000275764 0 0 0 0 0 0 677 677 
9606.ENSP00000341992 9606.ENSP00000340982 0 0 0 0 0 0 248 248 
9606.ENSP00000341992 9606.ENSP00000367942 0 0 0 0 100 0 436 471 
9606.ENSP00000341992 9606.ENSP00000269383 0 0 0 61 185 0 0 201 
9606.ENSP00000341992 9606.ENSP00000378217 0 0 0 0 0 0 233 233 
9606.ENSP00000341992 9606.ENSP00000317686 0 0 0 0 64 0 210 228 
9606.ENSP00000341992 9606.ENSP00000357597 0 0 0 61 0 0 192 209 
9606.ENSP00000341992 9606.ENSP00000369965 0 0 0 0 0 0 203 203 
9606.ENSP00000341992 9606.ENSP00000362287 0 0 0 51 131 0 102 194 
9606.ENSP00000341992 9606.ENSP00000005386 0 0 0 0 0 0 544 544 
9606.ENSP00000341992 9606.ENSP00000190165 0 0 0 0 0 0 251 251 
9606.ENSP00000341992 9606.ENSP00000219596 0 0 0 61 185 0 0 201 
9606.ENSP00000341992 9606.ENSP00000431962 0 0 0 62 129 0 44 150 
9606.ENSP00000341992 9606.ENSP00000375919 0 0 0 62 168 0 0 186 
9606.ENSP00000341992 9606.ENSP00000315568 0 0 0 0 0 0 338 338 
9606.ENSP00000341992 9606.ENSP00000417492 0 0 0 61 185 0 0 201 
9606.ENSP00000341992 9606.ENSP00000367552 0 0 0 49 0 0 171 177 
9606.ENSP00000341992 9606.ENSP00000414019 0 0 0 0 0 0 438 438 
9606.ENSP00000341992 9606.ENSP00000297625 0 0 0 0 0 0 159 159 
9606.ENSP00000341992 9606.ENSP00000409007 0 0 0 0 0 0 313 313 
9606.ENSP00000341992 9606.ENSP00000335038 0 0 0 73 0 0 273 297 
9606.ENSP00000341992 9606.ENSP00000379140 0 0 0 0 0 0 166 166 
9606.ENSP00000341992 9606.ENSP00000279068 0 0 0 79 163 0 201 330 
9606.ENSP00000341992 9606.ENSP00000305790 0 0 0 0 0 0 258 258 
9606.ENSP00000341992 9606.ENSP00000428657 0 0 0 62 125 0 72 172 
9606.ENSP00000341992 9606.ENSP00000342197 0 0 0 61 185 0 0 201 
9606.ENSP00000341992 9606.ENSP00000363298 0 0 0 61 185 0 0 201 
9606.ENSP00000341992 9606.ENSP00000349208 0 0 0 64 149 0 512 577 
9606.ENSP00000341992 9606.ENSP00000245451 0 0 0 0 100 0 427 462 
9606.ENSP00000341992 9606.ENSP00000305161 0 0 0 61 185 0 0 201 
9606.ENSP00000341992 9606.ENSP00000328598 0 0 0 61 88 0 104 165 
9606.ENSP00000341992 9606.ENSP00000237654 0 0 0 112 126 0 50 198 
9606.ENSP00000341992 9606.ENSP00000231368 0 0 0 0 0 0 178 178 
9606.ENSP00000341992 9606.ENSP00000291416 0 0 0 61 185 0 0 201 
9606.ENSP00000341992 9606.ENSP00000377024 0 0 0 0 134 0 234 308 
9606.ENSP00000341992 9606.ENSP00000355658 0 0 0 61 185 0 0 201 
9606.ENSP00000341992 9606.ENSP00000263409 0 0 0 0 0 0 266 266 
9606.ENSP00000341992 9606.ENSP00000333097 0 0 0 63 0 0 426 439 
9606.ENSP00000341992 9606.ENSP00000245046 0 0 0 0 0 0 179 179 
9606.ENSP00000341992 9606.ENSP00000338173 0 0 0 63 782 0 646 921 
9606.ENSP00000341992 9606.ENSP00000448051 0 0 0 0 0 0 196 196 
9606.ENSP00000341992 9606.ENSP00000228280 0 0 0 0 0 0 256 256 
9606.ENSP00000341992 9606.ENSP00000325377 0 0 0 0 156 0 0 156 
9606.ENSP00000341992 9606.ENSP00000300146 0 0 0 62 163 0 0 181 
9606.ENSP00000341992 9606.ENSP00000282572 0 0 0 112 126 0 50 198 
9606.ENSP00000341992 9606.ENSP00000328347 0 0 0 0 0 0 162 162 
9606.ENSP00000341992 9606.ENSP00000286349 0 0 0 61 185 0 0 201 
9606.ENSP00000341992 9606.ENSP00000297537 0 0 0 61 88 0 90 152 
9606.ENSP00000341992 9606.ENSP00000406052 0 0 0 55 111 0 425 475 
9606.ENSP00000341992 9606.ENSP00000268616 0 0 0 62 168 0 0 186 
9606.ENSP00000341992 9606.ENSP00000315743 0 0 0 112 126 0 50 198 
9606.ENSP00000341992 9606.ENSP00000392936 0 0 0 61 185 0 0 201 
9606.ENSP00000341992 9606.ENSP00000286548 0 0 0 52 0 0 162 171 
9606.ENSP00000341992 9606.ENSP00000236979 0 0 0 0 0 0 228 228 
9606.ENSP00000341992 9606.ENSP00000280191 0 0 0 0 0 0 293 293 
9606.ENSP00000341992 9606.ENSP00000361927 0 0 0 0 156 0 0 156 
9606.ENSP00000341992 9606.ENSP00000442788 0 0 0 0 0 0 161 161 
9606.ENSP00000341992 9606.ENSP00000334657 0 0 0 61 185 0 0 201 
9606.ENSP00000341992 9606.ENSP00000322390 0 0 0 0 0 0 157 157 
9606.ENSP00000341992 9606.ENSP00000327604 0 0 0 61 185 0 55 213 
9606.ENSP00000341992 9606.ENSP00000285402 0 0 0 0 0 0 155 155 
9606.ENSP00000341992 9606.ENSP00000373715 0 0 0 0 176 0 112 237 
9606.ENSP00000341992 9606.ENSP00000454699 0 0 0 0 0 0 165 165 
9606.ENSP00000341992 9606.ENSP00000360913 0 0 0 0 0 0 201 201 
9606.ENSP00000341992 9606.ENSP00000386187 0 0 0 0 0 0 180 180 
9606.ENSP00000341992 9606.ENSP00000318094 0 0 0 62 129 0 44 150 
9606.ENSP00000341992 9606.ENSP00000474850 0 0 0 61 185 0 55 213 
9606.ENSP00000341992 9606.ENSP00000315112 0 0 0 0 0 0 270 270 
9606.ENSP00000341992 9606.ENSP00000397351 0 0 0 61 129 0 55 159 
9606.ENSP00000341992 9606.ENSP00000319799 0 0 0 134 0 0 165 246 
9606.ENSP00000341992 9606.ENSP00000416739 0 0 0 61 0 0 160 177 
9606.ENSP00000341992 9606.ENSP00000262794 0 0 0 50 0 0 190 197 
9606.ENSP00000341992 9606.ENSP00000250863 0 0 0 63 84 0 833 844 
9606.ENSP00000341992 9606.ENSP00000312678 0 0 0 61 185 0 0 201 
9606.ENSP00000341992 9606.ENSP00000360922 0 0 0 0 131 0 110 194 
9606.ENSP00000341992 9606.ENSP00000223215 0 0 0 0 0 0 179 179 
9606.ENSP00000341992 9606.ENSP00000346065 0 0 0 62 111 0 177 254 
9606.ENSP00000341992 9606.ENSP00000254816 0 0 0 61 185 0 0 201 
9606.ENSP00000341992 9606.ENSP00000269216 0 0 0 0 0 0 170 170 
9606.ENSP00000341992 9606.ENSP00000263576 0 0 0 0 0 0 218 218 
9606.ENSP00000341992 9606.ENSP00000387303 0 0 0 61 149 0 311 401 
9606.ENSP00000341992 9606.ENSP00000264498 0 0 0 0 0 0 284 284 
9606.ENSP00000341992 9606.ENSP00000419266 0 0 0 0 0 0 402 402 
9606.ENSP00000341992 9606.ENSP00000481815 0 0 0 61 185 0 0 201 
9606.ENSP00000341992 9606.ENSP00000296513 0 0 0 55 0 0 269 280 
9606.ENSP00000341992 9606.ENSP00000281772 0 0 0 0 161 0 0 161 
9606.ENSP00000341992 9606.ENSP00000379204 0 0 0 0 100 0 129 182 
9606.ENSP00000341992 9606.ENSP00000373272 0 0 0 61 185 0 0 201 
9606.ENSP00000341992 9606.ENSP00000369440 0 0 0 61 185 0 0 201 
9606.ENSP00000341992 9606.ENSP00000404860 0 0 0 0 0 0 156 156 
9606.ENSP00000341992 9606.ENSP00000485378 0 0 0 61 185 0 55 213 
9606.ENSP00000341992 9606.ENSP00000449137 0 0 0 0 0 0 424 424 
9606.ENSP00000341992 9606.ENSP00000229307 0 0 0 64 0 0 497 509 
9606.ENSP00000341992 9606.ENSP00000348216 0 0 0 61 185 0 0 201 
9606.ENSP00000341992 9606.ENSP00000371958 0 0 0 0 0 0 192 192 
9606.ENSP00000341992 9606.ENSP00000268482 0 0 0 0 85 0 154 193 
9606.ENSP00000341992 9606.ENSP00000161863 0 0 0 61 149 0 62 184 
9606.ENSP00000341992 9606.ENSP00000358016 0 0 0 62 129 0 44 150 
9606.ENSP00000341992 9606.ENSP00000311219 0 0 0 61 185 0 0 201 
9606.ENSP00000341992 9606.ENSP00000383096 0 0 0 61 185 0 0 201 
9606.ENSP00000341992 9606.ENSP00000254336 0 0 0 0 0 0 347 347 
9606.ENSP00000341992 9606.ENSP00000404438 0 0 0 76 0 0 532 549 
9606.ENSP00000341992 9606.ENSP00000371711 0 0 0 0 379 0 603 743 
9606.ENSP00000341992 9606.ENSP00000378235 0 0 0 62 129 0 44 150 
9606.ENSP00000341992 9606.ENSP00000282369 0 0 0 61 185 0 69 225 
9606.ENSP00000341992 9606.ENSP00000382972 0 0 0 0 0 0 453 453 
9606.ENSP00000341992 9606.ENSP00000417686 0 0 0 64 0 0 159 179 
9606.ENSP00000341992 9606.ENSP00000485140 0 0 0 0 0 0 471 471 
9606.ENSP00000341992 9606.ENSP00000335651 0 0 0 61 185 0 0 201 
9606.ENSP00000341992 9606.ENSP00000356846 0 0 0 0 0 0 388 388 
9606.ENSP00000341992 9606.ENSP00000298546 0 0 0 0 0 0 298 298 
9606.ENSP00000341992 9606.ENSP00000384708 0 0 0 0 0 0 297 297 
9606.ENSP00000341992 9606.ENSP00000349596 0 0 0 61 185 0 0 201 
9606.ENSP00000341992 9606.ENSP00000287139 0 0 0 0 100 0 167 218 
9606.ENSP00000341992 9606.ENSP00000424497 0 0 0 61 185 0 0 201 
9606.ENSP00000341992 9606.ENSP00000365884 0 0 0 61 185 0 0 201 
9606.ENSP00000341992 9606.ENSP00000254337 0 0 0 64 0 0 285 302 
9606.ENSP00000341992 9606.ENSP00000347942 0 0 0 60 0 0 182 199 
9606.ENSP00000341992 9606.ENSP00000482546 0 0 0 62 0 0 282 298 
9606.ENSP00000341992 9606.ENSP00000390621 0 0 0 0 79 0 336 362 
9606.ENSP00000341992 9606.ENSP00000454919 0 0 0 95 185 0 0 231 
9606.ENSP00000341992 9606.ENSP00000335153 0 0 0 0 161 0 0 161 
9606.ENSP00000341992 9606.ENSP00000361232 0 0 0 55 79 0 130 176 
9606.ENSP00000341992 9606.ENSP00000362146 0 0 0 0 0 0 331 331 
9606.ENSP00000341992 9606.ENSP00000478754 0 0 0 77 176 0 157 303 
9606.ENSP00000341992 9606.ENSP00000468304 0 0 0 62 129 0 44 150 
9606.ENSP00000341992 9606.ENSP00000476369 0 0 0 0 0 0 172 172 
9606.ENSP00000341992 9606.ENSP00000355785 0 0 0 0 100 0 145 197 
9606.ENSP00000341992 9606.ENSP00000369373 0 0 0 61 185 0 0 201 
9606.ENSP00000341992 9606.ENSP00000334952 0 0 0 0 0 0 303 303 
9606.ENSP00000341992 9606.ENSP00000273064 0 0 0 0 71 0 205 230 
9606.ENSP00000341992 9606.ENSP00000360609 0 0 0 0 161 0 0 161 
9606.ENSP00000341992 9606.ENSP00000262193 0 0 0 0 102 0 102 159 
9606.ENSP00000341992 9606.ENSP00000265171 0 0 0 79 0 0 148 182 
9606.ENSP00000341992 9606.ENSP00000259915 0 0 0 96 0 0 542 568 
9606.ENSP00000341992 9606.ENSP00000429473 0 0 0 0 0 0 186 186 
9606.ENSP00000341992 9606.ENSP00000465432 0 0 0 0 0 0 329 329 
9606.ENSP00000341992 9606.ENSP00000445626 0 0 0 63 64 0 165 203 
9606.ENSP00000341992 9606.ENSP00000340176 0 0 0 0 0 0 173 173 
9606.ENSP00000341992 9606.ENSP00000442656 0 0 0 61 136 0 0 154 
9606.ENSP00000341992 9606.ENSP00000371798 0 0 0 65 0 0 136 158 
9606.ENSP00000341992 9606.ENSP00000332969 0 0 0 61 185 0 0 201 
9606.ENSP00000341992 9606.ENSP00000382590 0 0 0 0 0 0 210 210 
9606.ENSP00000341992 9606.ENSP00000327994 0 0 0 61 185 0 0 201 
9606.ENSP00000341992 9606.ENSP00000262294 0 0 0 61 185 0 0 201 
9606.ENSP00000341992 9606.ENSP00000289473 0 0 0 0 0 0 175 175 
9606.ENSP00000341992 9606.ENSP00000380982 0 0 0 0 0 0 301 301 
9606.ENSP00000341992 9606.ENSP00000310094 0 0 0 63 173 0 0 191 
9606.ENSP00000341992 9606.ENSP00000366404 0 0 0 61 185 0 50 209 
9606.ENSP00000341992 9606.ENSP00000221496 0 0 0 0 100 0 404 441 
9606.ENSP00000341992 9606.ENSP00000301244 0 0 0 0 0 0 218 218 
9606.ENSP00000341992 9606.ENSP00000261254 0 0 0 0 0 0 195 195 
9606.ENSP00000341992 9606.ENSP00000267425 0 0 0 0 0 0 234 234 
9606.ENSP00000341992 9606.ENSP00000327738 0 0 0 61 185 0 0 201 
9606.ENSP00000341992 9606.ENSP00000384876 0 0 0 61 185 0 0 201 
9606.ENSP00000341992 9606.ENSP00000350547 0 0 0 0 0 0 173 173 
9606.ENSP00000341992 9606.ENSP00000344967 0 0 0 0 0 0 198 198 
9606.ENSP00000341992 9606.ENSP00000401371 0 0 0 61 93 0 121 185 
9606.ENSP00000341992 9606.ENSP00000300069 0 0 0 0 0 0 351 351 
9606.ENSP00000341992 9606.ENSP00000363314 0 0 0 64 0 0 450 463 
9606.ENSP00000341992 9606.ENSP00000294954 0 0 0 0 0 0 161 161 
9606.ENSP00000341992 9606.ENSP00000343223 0 0 0 0 0 0 197 197 
9606.ENSP00000341992 9606.ENSP00000362690 0 0 0 0 0 0 267 267 
9606.ENSP00000341992 9606.ENSP00000365625 0 0 0 0 85 0 115 155 
9606.ENSP00000341992 9606.ENSP00000355140 0 0 0 61 88 0 319 365 
9606.ENSP00000341992 9606.ENSP00000428619 0 0 0 0 0 0 187 187 
9606.ENSP00000341992 9606.ENSP00000366396 0 0 0 0 156 0 0 156 
9606.ENSP00000341992 9606.ENSP00000357342 0 0 0 0 0 0 186 186 
9606.ENSP00000341992 9606.ENSP00000422473 0 0 0 55 0 0 173 185 
9606.ENSP00000341992 9606.ENSP00000265069 0 0 0 0 0 0 278 278 
9606.ENSP00000341992 9606.ENSP00000339136 0 0 0 0 0 0 151 151 
9606.ENSP00000341992 9606.ENSP00000364133 0 0 0 61 136 0 0 154 
9606.ENSP00000341992 9606.ENSP00000355205 0 0 0 0 0 0 173 173 
9606.ENSP00000341992 9606.ENSP00000369380 0 0 0 62 129 0 44 150 
9606.ENSP00000341992 9606.ENSP00000293805 0 0 0 0 64 0 438 452 
9606.ENSP00000341992 9606.ENSP00000323858 0 0 0 0 79 0 129 163 
9606.ENSP00000341992 9606.ENSP00000217971 0 0 0 0 0 0 151 151 
9606.ENSP00000341992 9606.ENSP00000360540 0 0 0 0 0 0 207 207 
9606.ENSP00000341992 9606.ENSP00000380353 0 0 0 62 129 0 44 150 
9606.ENSP00000341992 9606.ENSP00000201031 0 0 0 55 0 0 616 622 
9606.ENSP00000341992 9606.ENSP00000274545 0 0 0 84 0 0 112 152 
9606.ENSP00000341992 9606.ENSP00000363804 0 0 0 0 64 0 310 326 
9606.ENSP00000341992 9606.ENSP00000355541 0 0 0 0 0 0 203 203 
9606.ENSP00000341992 9606.ENSP00000382840 0 0 0 53 79 0 159 202 
9606.ENSP00000341992 9606.ENSP00000362799 0 0 0 109 0 0 153 213 
9606.ENSP00000341992 9606.ENSP00000369299 0 0 0 61 185 0 0 201 
9606.ENSP00000341992 9606.ENSP00000428280 0 0 0 0 0 0 165 165 
9606.ENSP00000341992 9606.ENSP00000296145 0 0 0 64 0 0 145 165 
9606.ENSP00000341992 9606.ENSP00000351250 0 0 0 61 185 0 0 201 
9606.ENSP00000341992 9606.ENSP00000252677 0 0 0 64 100 0 418 466 
9606.ENSP00000341992 9606.ENSP00000430493 0 0 0 55 64 0 461 482 
9606.ENSP00000341992 9606.ENSP00000368104 0 0 0 0 100 0 202 251 
9606.ENSP00000341992 9606.ENSP00000294638 0 0 0 0 0 0 242 242 
9606.ENSP00000341992 9606.ENSP00000295851 0 0 0 63 0 0 136 156 
9606.ENSP00000341992 9606.ENSP00000328923 0 0 0 0 0 0 214 214 
9606.ENSP00000341992 9606.ENSP00000362748 0 0 0 0 0 0 212 212 
9606.ENSP00000341992 9606.ENSP00000359454 0 0 0 0 0 0 287 287 
9606.ENSP00000341992 9606.ENSP00000320815 0 0 0 0 0 0 169 169 
9606.ENSP00000341992 9606.ENSP00000251089 0 0 0 60 134 0 69 175 
9606.ENSP00000341992 9606.ENSP00000246957 0 0 0 0 161 0 0 161 
9606.ENSP00000341992 9606.ENSP00000378326 0 0 0 57 0 0 337 348 
9606.ENSP00000341992 9606.ENSP00000302251 0 0 0 61 88 0 196 252 
9606.ENSP00000341992 9606.ENSP00000454561 0 0 0 60 0 0 210 225 
9606.ENSP00000341992 9606.ENSP00000477715 0 0 0 98 0 0 163 212 
9606.ENSP00000341992 9606.ENSP00000242462 0 0 0 0 0 0 361 361 
9606.ENSP00000341992 9606.ENSP00000364678 0 0 0 0 82 0 116 153 
9606.ENSP00000341992 9606.ENSP00000288135 0 0 0 60 0 0 430 441 
9606.ENSP00000341992 9606.ENSP00000372035 0 0 0 0 0 0 173 173 
9606.ENSP00000341992 9606.ENSP00000380675 0 0 0 64 0 0 186 206 
9606.ENSP00000341992 9606.ENSP00000302768 0 0 0 0 129 0 89 173 
9606.ENSP00000341992 9606.ENSP00000358307 0 0 0 61 185 0 0 201 
9606.ENSP00000341992 9606.ENSP00000351602 0 0 0 0 0 0 352 352 
9606.ENSP00000341992 9606.ENSP00000317177 0 0 0 0 0 0 313 313 
9606.ENSP00000341992 9606.ENSP00000330031 0 0 0 64 149 0 111 230 
9606.ENSP00000341992 9606.ENSP00000410446 0 0 0 61 185 0 0 201 
9606.ENSP00000341992 9606.ENSP00000303540 0 0 0 0 0 0 452 452 
9606.ENSP00000341992 9606.ENSP00000379226 0 0 0 0 0 0 246 246 
9606.ENSP00000341992 9606.ENSP00000430774 0 0 0 0 180 0 50 187 
9606.ENSP00000341992 9606.ENSP00000260731 0 0 0 0 50 0 167 174 
9606.ENSP00000341992 9606.ENSP00000405111 0 0 0 61 149 0 43 168 
9606.ENSP00000341992 9606.ENSP00000433102 0 0 0 61 185 0 0 201 
9606.ENSP00000341992 9606.ENSP00000262753 0 0 0 0 0 0 185 185 
9606.ENSP00000341992 9606.ENSP00000297316 0 0 0 49 0 0 425 430 
9606.ENSP00000341992 9606.ENSP00000424896 0 0 0 0 134 0 198 276 
9606.ENSP00000341992 9606.ENSP00000311697 0 0 0 0 0 0 296 296 
9606.ENSP00000341992 9606.ENSP00000373574 0 0 0 61 136 0 0 154 
9606.ENSP00000341992 9606.ENSP00000367972 0 0 0 0 0 0 290 290 
9606.ENSP00000341992 9606.ENSP00000220592 0 0 0 51 131 0 57 154 
9606.ENSP00000341992 9606.ENSP00000216139 0 0 0 55 0 0 330 340 
9606.ENSP00000341992 9606.ENSP00000412566 0 0 0 0 0 0 228 228 
9606.ENSP00000341992 9606.ENSP00000417710 0 0 0 0 0 0 354 354 
9606.ENSP00000341992 9606.ENSP00000339659 0 0 0 61 185 0 0 201 
9606.ENSP00000341992 9606.ENSP00000265866 0 0 0 0 157 0 41 156 
9606.ENSP00000341992 9606.ENSP00000323588 0 0 0 53 0 0 422 429 
9606.ENSP00000341992 9606.ENSP00000339155 0 0 0 0 0 0 205 205 
9606.ENSP00000341992 9606.ENSP00000333188 0 0 0 0 0 0 461 461 
9606.ENSP00000341992 9606.ENSP00000440190 0 0 0 62 0 0 259 276 
9606.ENSP00000341992 9606.ENSP00000274773 0 0 0 61 185 0 55 213 
9606.ENSP00000341992 9606.ENSP00000381382 0 0 0 0 0 0 180 180 
9606.ENSP00000341992 9606.ENSP00000424838 0 0 0 62 79 0 569 595 
9606.ENSP00000341992 9606.ENSP00000378650 0 0 0 0 0 0 207 207 
9606.ENSP00000341992 9606.ENSP00000301924 0 0 0 61 185 0 55 213 
9606.ENSP00000341992 9606.ENSP00000408292 0 0 0 61 185 0 57 215 
9606.ENSP00000341992 9606.ENSP00000265340 0 0 0 0 0 0 162 162 
9606.ENSP00000341992 9606.ENSP00000263735 0 0 0 0 0 0 154 154 
9606.ENSP00000341992 9606.ENSP00000309572 0 0 0 62 0 0 191 209 
9606.ENSP00000341992 9606.ENSP00000343246 0 0 0 61 88 0 259 310 
9606.ENSP00000341992 9606.ENSP00000343023 0 0 0 61 185 0 0 201 
9606.ENSP00000341992 9606.ENSP00000387361 0 0 0 0 0 0 187 187 
9606.ENSP00000341992 9606.ENSP00000207457 0 0 0 0 0 0 271 271 
9606.ENSP00000341992 9606.ENSP00000423390 0 0 0 0 0 0 156 156 
9606.ENSP00000341992 9606.ENSP00000293441 0 0 0 69 0 0 173 197 
9606.ENSP00000341992 9606.ENSP00000356669 0 0 0 0 0 0 167 167 
9606.ENSP00000341992 9606.ENSP00000359396 0 0 0 0 0 0 194 194 
9606.ENSP00000341992 9606.ENSP00000364586 0 0 0 69 0 0 450 466 
9606.ENSP00000341992 9606.ENSP00000445366 0 0 0 111 0 0 871 880 
9606.ENSP00000341992 9606.ENSP00000416255 0 0 0 0 129 0 154 232 
9606.ENSP00000341992 9606.ENSP00000422488 0 0 0 61 0 0 214 230 
9606.ENSP00000341992 9606.ENSP00000302586 0 0 0 0 0 0 306 306 
9606.ENSP00000341992 9606.ENSP00000335306 0 0 0 60 0 0 389 401 
9606.ENSP00000341992 9606.ENSP00000216024 0 0 0 54 0 0 430 438 
9606.ENSP00000341992 9606.ENSP00000341282 0 0 0 69 0 0 326 345 
9606.ENSP00000341992 9606.ENSP00000420465 0 0 0 61 185 0 0 201 
9606.ENSP00000341992 9606.ENSP00000383594 0 0 0 0 0 0 153 153 
9606.ENSP00000341992 9606.ENSP00000316628 0 0 0 61 185 0 274 396 
9606.ENSP00000341992 9606.ENSP00000350162 0 0 0 0 0 0 197 197 
9606.ENSP00000341992 9606.ENSP00000393154 0 0 0 57 0 0 151 165 
9606.ENSP00000341992 9606.ENSP00000363390 0 0 0 61 185 0 0 201 
9606.ENSP00000341992 9606.ENSP00000300747 0 0 0 61 185 0 55 213 
9606.ENSP00000341992 9606.ENSP00000358716 0 0 0 0 79 0 179 212 
9606.ENSP00000341992 9606.ENSP00000368164 0 0 0 62 0 0 245 261 
9606.ENSP00000341992 9606.ENSP00000436552 0 0 0 79 0 0 216 247 
9606.ENSP00000341992 9606.ENSP00000366233 0 0 0 0 0 0 221 221 
9606.ENSP00000341992 9606.ENSP00000272134 0 0 0 0 100 0 193 243 
9606.ENSP00000341992 9606.ENSP00000396755 0 0 0 112 126 0 50 198 
9606.ENSP00000341992 9606.ENSP00000361998 0 0 0 62 0 0 145 163 
9606.ENSP00000341992 9606.ENSP00000242776 0 0 0 63 79 0 120 174 
9606.ENSP00000341992 9606.ENSP00000421828 0 0 0 63 0 0 426 439 
9606.ENSP00000341992 9606.ENSP00000483764 0 0 0 61 185 0 0 201 
9606.ENSP00000341992 9606.ENSP00000376317 0 0 0 63 173 0 0 191 
9606.ENSP00000341992 9606.ENSP00000343819 0 0 0 0 0 0 185 185 
9606.ENSP00000341992 9606.ENSP00000274026 0 0 0 92 85 0 66 156 
9606.ENSP00000341992 9606.ENSP00000264709 0 0 0 0 0 0 162 162 
9606.ENSP00000341992 9606.ENSP00000270172 0 0 0 0 0 0 265 265 
9606.ENSP00000341992 9606.ENSP00000341787 0 0 0 61 185 0 0 201 
9606.ENSP00000341992 9606.ENSP00000341021 0 0 0 0 299 0 124 360 
9606.ENSP00000341992 9606.ENSP00000243349 0 0 0 61 136 0 0 154 
9606.ENSP00000341992 9606.ENSP00000485108 0 0 0 0 0 0 296 296 
9606.ENSP00000341992 9606.ENSP00000330200 0 0 0 61 185 0 0 201 
9606.ENSP00000341992 9606.ENSP00000254799 0 0 0 0 157 0 45 160 
9606.ENSP00000341992 9606.ENSP00000221856 0 0 0 61 185 0 0 201 
9606.ENSP00000341992 9606.ENSP00000341346 0 0 0 0 0 0 370 370 
9606.ENSP00000341992 9606.ENSP00000361595 0 0 0 61 185 0 0 201 
9606.ENSP00000341992 9606.ENSP00000354152 0 0 0 62 185 0 0 202 
9606.ENSP00000341992 9606.ENSP00000361949 0 0 0 61 0 0 143 161 
9606.ENSP00000341992 9606.ENSP00000302120 0 0 0 61 185 0 0 201 
9606.ENSP00000341992 9606.ENSP00000402414 0 0 0 61 185 0 55 213 
9606.ENSP00000341992 9606.ENSP00000304336 0 0 0 61 185 0 0 201 
9606.ENSP00000341992 9606.ENSP00000395086 0 0 0 61 185 0 55 213 
9606.ENSP00000341992 9606.ENSP00000269945 0 0 0 0 0 0 234 234 
9606.ENSP00000341992 9606.ENSP00000365844 0 0 0 61 185 0 55 213 
9606.ENSP00000341992 9606.ENSP00000257312 0 0 0 0 0 0 361 361 
9606.ENSP00000341992 9606.ENSP00000347444 0 0 0 63 111 0 795 814 
9606.ENSP00000341992 9606.ENSP00000229195 0 0 0 0 130 0 85 169 
9606.ENSP00000341992 9606.ENSP00000229239 0 0 0 63 0 0 133 153 
9606.ENSP00000341992 9606.ENSP00000001146 0 0 0 60 0 0 420 431 
9606.ENSP00000341992 9606.ENSP00000477973 0 0 0 0 0 0 336 336 
9606.ENSP00000341992 9606.ENSP00000403681 0 0 0 0 0 0 182 182 
9606.ENSP00000341992 9606.ENSP00000196489 0 0 0 0 64 0 405 419 
9606.ENSP00000341992 9606.ENSP00000331745 0 0 0 64 100 0 188 256 
9606.ENSP00000341992 9606.ENSP00000296682 0 0 0 0 64 0 225 243 
9606.ENSP00000341992 9606.ENSP00000346342 0 0 0 84 185 0 0 221 
9606.ENSP00000341992 9606.ENSP00000370345 0 0 0 0 175 0 0 175 
9606.ENSP00000341992 9606.ENSP00000394770 0 0 0 61 185 0 0 201 
9606.ENSP00000341992 9606.ENSP00000363092 0 0 0 0 0 0 183 183 
9606.ENSP00000341992 9606.ENSP00000483110 0 0 0 0 0 0 166 166 
9606.ENSP00000341992 9606.ENSP00000400433 0 0 0 0 157 0 116 223 
9606.ENSP00000341992 9606.ENSP00000360310 0 0 0 63 0 0 230 248 
9606.ENSP00000341992 9606.ENSP00000244360 0 0 0 61 185 0 0 201 
9606.ENSP00000341992 9606.ENSP00000338157 0 0 0 0 64 0 542 553 
9606.ENSP00000341992 9606.ENSP00000359567 0 0 0 49 0 0 304 310 
9606.ENSP00000341992 9606.ENSP00000352516 0 0 0 0 0 0 160 160 
9606.ENSP00000341992 9606.ENSP00000291536 0 0 0 0 0 0 150 150 
9606.ENSP00000341992 9606.ENSP00000410533 0 0 0 61 185 0 0 201 
9606.ENSP00000341992 9606.ENSP00000398516 0 0 0 62 129 0 88 190 
9606.ENSP00000341992 9606.ENSP00000384334 0 0 0 0 0 0 268 268 
9606.ENSP00000341992 9606.ENSP00000348132 0 0 0 55 0 0 192 204 
9606.ENSP00000341992 9606.ENSP00000420182 0 0 0 0 0 0 156 156 
9606.ENSP00000341992 9606.ENSP00000305906 0 0 0 0 0 0 409 409 
9606.ENSP00000341992 9606.ENSP00000349168 0 0 0 0 156 0 0 156 
9606.ENSP00000341992 9606.ENSP00000254436 0 0 0 61 185 0 118 266 
9606.ENSP00000341992 9606.ENSP00000365777 0 0 0 0 0 0 234 234 
9606.ENSP00000341992 9606.ENSP00000422581 0 0 0 61 185 0 0 201 
9606.ENSP00000341992 9606.ENSP00000255465 0 0 0 92 85 0 228 302 
9606.ENSP00000341992 9606.ENSP00000368924 0 0 0 55 0 0 187 199 
9606.ENSP00000341992 9606.ENSP00000301633 0 0 0 82 125 0 100 213 
9606.ENSP00000341992 9606.ENSP00000344635 0 0 0 112 126 0 50 198 
9606.ENSP00000341992 9606.ENSP00000251864 0 0 0 55 111 0 367 422 
9606.ENSP00000341992 9606.ENSP00000377793 0 0 0 0 0 0 159 159 
9606.ENSP00000341992 9606.ENSP00000270458 0 0 0 0 0 0 179 179 
9606.ENSP00000341992 9606.ENSP00000382976 0 0 0 62 129 0 44 150 
9606.ENSP00000341992 9606.ENSP00000368920 0 0 0 61 185 0 0 201 
9606.ENSP00000341992 9606.ENSP00000346916 0 0 0 61 185 0 0 201 
9606.ENSP00000341992 9606.ENSP00000171111 0 0 0 0 0 0 158 158 
9606.ENSP00000341992 9606.ENSP00000387266 0 0 0 0 163 0 0 163 
9606.ENSP00000341992 9606.ENSP00000405620 0 0 0 61 149 0 43 168 
9606.ENSP00000341992 9606.ENSP00000453177 0 0 0 61 185 0 55 213 
9606.ENSP00000341992 9606.ENSP00000368881 0 0 0 0 0 0 280 280 
9606.ENSP00000341992 9606.ENSP00000312675 0 0 0 61 185 0 106 256 
9606.ENSP00000341992 9606.ENSP00000363973 0 0 0 0 0 0 250 250 
9606.ENSP00000341992 9606.ENSP00000259455 0 0 0 0 0 0 315 315 
9606.ENSP00000341992 9606.ENSP00000333024 0 0 0 51 82 0 204 246 
9606.ENSP00000341992 9606.ENSP00000362306 0 0 0 51 131 0 57 154 
9606.ENSP00000341992 9606.ENSP00000466134 0 0 0 0 0 0 273 273 
9606.ENSP00000341992 9606.ENSP00000371155 0 0 0 55 0 0 158 170 
9606.ENSP00000341992 9606.ENSP00000324292 0 0 0 0 0 0 269 269 
9606.ENSP00000341992 9606.ENSP00000479134 0 0 0 62 129 0 50 156 
9606.ENSP00000341992 9606.ENSP00000388299 0 0 0 61 185 0 55 213 
9606.ENSP00000341992 9606.ENSP00000307519 0 0 0 55 0 0 172 184 
9606.ENSP00000341992 9606.ENSP00000046087 0 0 0 0 0 0 234 234 
9606.ENSP00000341992 9606.ENSP00000318615 0 0 0 61 185 0 0 201 
9606.ENSP00000341992 9606.ENSP00000345175 0 0 0 0 0 0 268 268 
9606.ENSP00000341992 9606.ENSP00000380131 0 0 0 61 0 0 138 156 
9606.ENSP00000341992 9606.ENSP00000317902 0 0 0 0 0 0 293 293 
9606.ENSP00000341992 9606.ENSP00000320869 0 0 0 61 185 0 0 201 
9606.ENSP00000341992 9606.ENSP00000323889 0 0 0 61 185 0 0 201 
9606.ENSP00000341992 9606.ENSP00000407182 0 0 0 62 0 0 151 169 
9606.ENSP00000341992 9606.ENSP00000481457 0 0 0 61 185 0 55 213 
9606.ENSP00000341992 9606.ENSP00000465776 0 0 0 63 0 0 146 165 
9606.ENSP00000341992 9606.ENSP00000288207 0 0 0 112 126 0 57 204 
9606.ENSP00000341992 9606.ENSP00000368253 0 0 0 61 0 0 172 189 
9606.ENSP00000341992 9606.ENSP00000393275 0 0 0 0 262 0 221 400 
9606.ENSP00000341992 9606.ENSP00000442439 0 0 0 0 0 0 204 204 
9606.ENSP00000341992 9606.ENSP00000376572 0 0 0 107 185 0 0 241 
9606.ENSP00000341992 9606.ENSP00000285805 0 0 0 61 185 0 0 201 
9606.ENSP00000341992 9606.ENSP00000328547 0 0 0 0 0 0 330 330 
9606.ENSP00000341992 9606.ENSP00000356331 0 0 0 0 0 0 211 211 
9606.ENSP00000341992 9606.ENSP00000306396 0 0 0 61 185 0 0 201 
9606.ENSP00000341992 9606.ENSP00000483005 0 0 0 61 185 0 0 201 
9606.ENSP00000341992 9606.ENSP00000419457 0 0 0 0 0 0 442 442 
9606.ENSP00000341992 9606.ENSP00000258381 0 0 0 61 185 0 0 201 
9606.ENSP00000341992 9606.ENSP00000320949 0 0 0 0 807 0 181 835 
9606.ENSP00000341992 9606.ENSP00000256186 0 0 0 0 0 0 154 154 
9606.ENSP00000341992 9606.ENSP00000377840 0 0 0 67 0 0 142 165 
9606.ENSP00000341992 9606.ENSP00000476046 0 0 0 0 185 0 225 341 
9606.ENSP00000341992 9606.ENSP00000328340 0 0 0 61 185 0 0 201 
9606.ENSP00000341992 9606.ENSP00000345464 0 0 0 61 185 0 0 201 
9606.ENSP00000341992 9606.ENSP00000332444 0 0 0 61 93 0 111 176 
9606.ENSP00000341992 9606.ENSP00000446485 0 0 0 113 0 0 367 414 
9606.ENSP00000341992 9606.ENSP00000283254 0 0 0 0 0 0 221 221 
9606.ENSP00000341992 9606.ENSP00000218224 0 0 0 0 0 0 187 187 
9606.ENSP00000341992 9606.ENSP00000228468 0 0 0 88 0 0 157 198 
9606.ENSP00000341992 9606.ENSP00000254661 0 0 0 65 0 0 223 242 
9606.ENSP00000341992 9606.ENSP00000269844 0 0 0 0 64 0 272 290 
9606.ENSP00000341992 9606.ENSP00000358535 0 0 0 0 0 0 420 420 
9606.ENSP00000341992 9606.ENSP00000344996 0 0 0 0 0 0 211 211 
9606.ENSP00000341992 9606.ENSP00000382707 0 0 0 0 0 0 290 290 
9606.ENSP00000341992 9606.ENSP00000284637 0 0 0 61 185 0 0 201 
9606.ENSP00000341992 9606.ENSP00000485097 0 0 0 61 185 0 55 213 
9606.ENSP00000341992 9606.ENSP00000253673 0 0 0 54 0 0 146 157 
9606.ENSP00000341992 9606.ENSP00000253024 0 0 0 61 185 0 0 201 
9606.ENSP00000341992 9606.ENSP00000258428 0 0 0 66 0 0 300 319 
9606.ENSP00000341992 9606.ENSP00000346534 0 0 0 0 0 0 233 233 
9606.ENSP00000341992 9606.ENSP00000280665 0 0 0 0 185 0 160 286 
9606.ENSP00000341992 9606.ENSP00000007735 0 0 0 0 0 0 177 177 
9606.ENSP00000341992 9606.ENSP00000339250 0 0 0 0 0 0 474 474 
9606.ENSP00000341992 9606.ENSP00000314505 0 0 0 62 0 0 311 326 
9606.ENSP00000341992 9606.ENSP00000334458 0 0 0 0 0 0 213 213 
9606.ENSP00000341992 9606.ENSP00000309186 0 0 0 73 185 0 0 212 
9606.ENSP00000341992 9606.ENSP00000340507 0 0 0 61 185 0 0 201 
9606.ENSP00000341992 9606.ENSP00000357073 0 0 0 0 0 0 155 155 
9606.ENSP00000341992 9606.ENSP00000391723 0 0 0 63 664 0 370 784 
9606.ENSP00000341992 9606.ENSP00000420267 0 0 0 0 0 0 211 211 
9606.ENSP00000341992 9606.ENSP00000385036 0 0 0 0 0 0 187 187 
9606.ENSP00000341992 9606.ENSP00000245255 0 0 0 64 149 0 737 772 
9606.ENSP00000341992 9606.ENSP00000263707 0 0 0 0 0 0 244 244 
9606.ENSP00000341992 9606.ENSP00000474003 0 0 0 61 185 0 55 213 
9606.ENSP00000341992 9606.ENSP00000379683 0 0 0 0 0 0 226 226 
9606.ENSP00000341992 9606.ENSP00000249075 0 0 0 0 0 0 194 194 
9606.ENSP00000341992 9606.ENSP00000386884 0 0 0 0 0 0 206 206 
9606.ENSP00000341992 9606.ENSP00000359361 0 0 0 62 79 0 161 212 
9606.ENSP00000341992 9606.ENSP00000264833 0 0 0 0 0 0 217 217 
9606.ENSP00000341992 9606.ENSP00000299001 0 0 0 64 149 0 518 583 
9606.ENSP00000341992 9606.ENSP00000261637 0 0 0 0 0 0 191 191 
9606.ENSP00000341992 9606.ENSP00000348299 0 0 0 61 185 0 0 201 
9606.ENSP00000341992 9606.ENSP00000217086 0 0 0 62 0 0 403 416 
9606.ENSP00000341992 9606.ENSP00000323913 0 0 0 61 185 0 0 201 
9606.ENSP00000341992 9606.ENSP00000351159 0 0 0 0 416 0 232 532 
9606.ENSP00000341992 9606.ENSP00000243786 0 0 0 0 100 0 150 202 
9606.ENSP00000341992 9606.ENSP00000263239 0 0 0 0 79 0 126 160 
9606.ENSP00000341992 9606.ENSP00000364263 0 0 0 61 185 0 0 201 
9606.ENSP00000341992 9606.ENSP00000320147 0 0 0 61 173 0 58 204 
9606.ENSP00000341992 9606.ENSP00000251636 0 0 0 61 149 0 43 168 
9606.ENSP00000341992 9606.ENSP00000276594 0 0 0 59 64 0 796 804 
9606.ENSP00000341992 9606.ENSP00000365210 0 0 0 112 126 0 131 266 
9606.ENSP00000341992 9606.ENSP00000384966 0 0 0 0 0 0 193 193 
9606.ENSP00000341992 9606.ENSP00000345151 0 0 0 61 185 0 0 201 
9606.ENSP00000341992 9606.ENSP00000306894 0 0 0 0 0 0 191 191 
9606.ENSP00000341992 9606.ENSP00000321179 0 0 0 0 0 0 651 651 
9606.ENSP00000341992 9606.ENSP00000374332 0 0 0 0 0 0 432 432 
9606.ENSP00000341992 9606.ENSP00000268058 0 0 0 61 185 0 0 201 
9606.ENSP00000341992 9606.ENSP00000349456 0 0 0 0 0 0 248 248 
9606.ENSP00000341992 9606.ENSP00000358089 0 0 0 61 93 0 220 278 
9606.ENSP00000341992 9606.ENSP00000234961 0 0 0 0 0 0 321 321 
9606.ENSP00000341992 9606.ENSP00000078429 0 0 0 52 0 0 262 270 
9606.ENSP00000341992 9606.ENSP00000235310 0 0 0 55 0 0 213 225 
9606.ENSP00000341992 9606.ENSP00000262843 0 0 0 61 185 0 0 201 
9606.ENSP00000341992 9606.ENSP00000007699 0 0 0 64 0 0 524 535 
9606.ENSP00000341992 9606.ENSP00000375899 0 0 0 61 185 0 0 201 
9606.ENSP00000341992 9606.ENSP00000307014 0 0 0 0 0 0 199 199 
9606.ENSP00000341992 9606.ENSP00000255324 0 0 0 55 111 0 297 357 
9606.ENSP00000341992 9606.ENSP00000339063 0 0 0 62 0 0 134 153 
9606.ENSP00000341992 9606.ENSP00000419325 0 0 0 0 0 0 159 159 
9606.ENSP00000341992 9606.ENSP00000256649 0 0 0 61 185 0 0 201 
9606.ENSP00000341992 9606.ENSP00000371790 0 0 0 0 0 0 250 250 
9606.ENSP00000341992 9606.ENSP00000419298 0 0 0 96 0 0 106 157 
9606.ENSP00000341992 9606.ENSP00000224356 0 0 0 0 0 0 169 169 
9606.ENSP00000341992 9606.ENSP00000269289 0 0 0 0 82 0 128 165 
9606.ENSP00000341992 9606.ENSP00000264951 0 0 0 0 186 0 60 202 
9606.ENSP00000341992 9606.ENSP00000251900 0 0 0 62 129 0 44 150 
9606.ENSP00000341992 9606.ENSP00000348596 0 0 0 0 0 0 204 204 
9606.ENSP00000341992 9606.ENSP00000369210 0 0 0 0 0 0 478 478 
9606.ENSP00000341992 9606.ENSP00000325775 0 0 0 63 0 0 191 210 
9606.ENSP00000341992 9606.ENSP00000272395 0 0 0 61 185 0 206 339 
9606.ENSP00000341992 9606.ENSP00000311290 0 0 0 0 0 0 159 159 
9606.ENSP00000341992 9606.ENSP00000358092 0 0 0 0 0 0 702 702 
9606.ENSP00000341992 9606.ENSP00000332288 0 0 0 61 185 0 0 201 
9606.ENSP00000341992 9606.ENSP00000419454 0 0 0 61 185 0 0 201 
9606.ENSP00000341992 9606.ENSP00000261716 0 0 0 63 173 0 0 191 
9606.ENSP00000341992 9606.ENSP00000376658 0 0 0 0 0 0 563 563 
9606.ENSP00000341992 9606.ENSP00000478257 0 0 0 112 126 0 50 198 
9606.ENSP00000341992 9606.ENSP00000319169 0 0 0 0 0 0 205 205 
9606.ENSP00000341992 9606.ENSP00000404658 0 0 0 61 173 0 0 190 
9606.ENSP00000341992 9606.ENSP00000248071 0 0 0 0 64 0 244 262 
9606.ENSP00000341992 9606.ENSP00000361107 0 0 0 61 136 0 51 163 
9606.ENSP00000341992 9606.ENSP00000479617 0 0 0 0 0 0 243 243 
9606.ENSP00000341992 9606.ENSP00000347591 0 0 0 0 0 0 549 549 
9606.ENSP00000341992 9606.ENSP00000397073 0 0 0 61 185 0 0 201 
9606.ENSP00000341992 9606.ENSP00000446271 0 0 0 79 163 0 180 312 
9606.ENSP00000341992 9606.ENSP00000401907 0 0 0 61 136 0 57 168 
9606.ENSP00000341992 9606.ENSP00000362300 0 0 0 51 131 0 57 154 
9606.ENSP00000341992 9606.ENSP00000317224 0 0 0 62 168 0 76 215 
9606.ENSP00000341992 9606.ENSP00000422947 0 0 0 61 185 0 0 201 
9606.ENSP00000341992 9606.ENSP00000341765 0 0 0 0 0 0 205 205 
9606.ENSP00000341992 9606.ENSP00000367494 0 0 0 0 163 0 0 163 
9606.ENSP00000341992 9606.ENSP00000384376 0 0 0 49 111 0 81 155 
9606.ENSP00000341992 9606.ENSP00000231790 0 0 0 62 106 0 201 272 
9606.ENSP00000341992 9606.ENSP00000365924 0 0 0 61 185 0 0 201 
9606.ENSP00000341992 9606.ENSP00000249007 0 0 0 61 185 0 0 201 
9606.ENSP00000341992 9606.ENSP00000361915 0 0 0 0 100 0 428 464 
9606.ENSP00000341992 9606.ENSP00000231487 0 0 0 0 180 0 50 187 
9606.ENSP00000341992 9606.ENSP00000316940 0 0 0 0 0 0 307 307 
9606.ENSP00000341992 9606.ENSP00000431971 0 0 0 59 0 0 212 226 
9606.ENSP00000341992 9606.ENSP00000423391 0 0 0 61 185 0 0 201 
