9606.ENSP00000354090 9606.ENSP00000364907 0 0 0 99 0 0 183 232 
9606.ENSP00000354090 9606.ENSP00000303366 0 0 0 0 0 0 210 210 
9606.ENSP00000354090 9606.ENSP00000286301 0 0 0 160 0 0 50 168 
9606.ENSP00000354090 9606.ENSP00000441691 0 0 0 213 0 900 85 921 
9606.ENSP00000354090 9606.ENSP00000370034 0 0 0 126 100 0 142 267 
9606.ENSP00000354090 9606.ENSP00000251642 0 0 0 61 129 0 58 162 
9606.ENSP00000354090 9606.ENSP00000199447 0 0 0 152 0 0 50 159 
9606.ENSP00000354090 9606.ENSP00000342570 0 0 0 139 0 0 95 188 
9606.ENSP00000354090 9606.ENSP00000221515 0 0 0 151 0 0 0 151 
9606.ENSP00000354090 9606.ENSP00000365261 0 0 0 151 0 0 0 151 
9606.ENSP00000354090 9606.ENSP00000225538 0 0 0 151 0 0 0 151 
9606.ENSP00000354090 9606.ENSP00000382941 0 0 0 63 0 900 186 917 
9606.ENSP00000354090 9606.ENSP00000332369 0 0 0 0 0 0 186 186 
9606.ENSP00000354090 9606.ENSP00000315997 0 0 0 152 0 0 191 285 
9606.ENSP00000354090 9606.ENSP00000349252 0 0 0 155 0 0 0 155 
9606.ENSP00000354090 9606.ENSP00000451851 0 0 0 0 0 0 288 288 
9606.ENSP00000354090 9606.ENSP00000352849 0 0 0 159 0 0 0 159 
9606.ENSP00000354090 9606.ENSP00000365891 0 0 0 157 0 0 43 159 
9606.ENSP00000354090 9606.ENSP00000470259 0 0 0 309 0 0 62 324 
9606.ENSP00000354090 9606.ENSP00000291759 0 0 0 140 0 0 210 292 
9606.ENSP00000354090 9606.ENSP00000361850 0 0 0 0 0 900 0 900 
9606.ENSP00000354090 9606.ENSP00000302046 0 0 0 169 0 0 0 169 
9606.ENSP00000354090 9606.ENSP00000291526 0 0 0 0 0 0 197 197 
9606.ENSP00000354090 9606.ENSP00000357012 0 0 0 155 0 0 61 172 
9606.ENSP00000354090 9606.ENSP00000433642 0 0 0 174 0 0 42 175 
9606.ENSP00000354090 9606.ENSP00000440643 0 0 0 78 100 0 79 169 
9606.ENSP00000354090 9606.ENSP00000365435 0 0 0 133 0 0 104 190 
9606.ENSP00000354090 9606.ENSP00000322276 0 0 0 163 0 0 0 163 
9606.ENSP00000354090 9606.ENSP00000199764 0 0 0 55 0 0 461 469 
9606.ENSP00000354090 9606.ENSP00000362205 0 0 0 74 0 0 137 167 
9606.ENSP00000354090 9606.ENSP00000341141 0 0 0 140 0 0 243 322 
9606.ENSP00000354090 9606.ENSP00000268638 0 0 0 152 0 0 63 171 
9606.ENSP00000354090 9606.ENSP00000452746 0 0 0 125 0 0 340 397 
9606.ENSP00000354090 9606.ENSP00000482472 0 0 0 0 0 0 157 157 
9606.ENSP00000354090 9606.ENSP00000263663 0 0 0 0 0 0 150 150 
9606.ENSP00000354090 9606.ENSP00000342793 0 0 0 0 0 900 0 900 
9606.ENSP00000354090 9606.ENSP00000466090 0 0 0 76 0 0 137 168 
9606.ENSP00000354090 9606.ENSP00000227752 0 0 0 160 0 0 0 160 
9606.ENSP00000354090 9606.ENSP00000483570 0 0 0 152 0 0 56 165 
9606.ENSP00000354090 9606.ENSP00000301204 0 0 0 0 0 0 258 258 
9606.ENSP00000354090 9606.ENSP00000256339 0 0 0 0 0 0 226 226 
9606.ENSP00000354090 9606.ENSP00000415034 0 0 0 0 0 900 0 900 
9606.ENSP00000354090 9606.ENSP00000246802 0 0 0 0 0 0 165 165 
9606.ENSP00000354090 9606.ENSP00000447378 0 0 0 98 0 900 0 905 
9606.ENSP00000354090 9606.ENSP00000363616 0 0 0 0 0 0 214 214 
9606.ENSP00000354090 9606.ENSP00000320376 0 0 0 182 0 0 50 189 
9606.ENSP00000354090 9606.ENSP00000454623 0 0 0 213 0 900 0 917 
9606.ENSP00000354090 9606.ENSP00000391583 0 0 0 170 0 0 0 170 
9606.ENSP00000354090 9606.ENSP00000309124 0 0 0 0 0 900 74 903 
9606.ENSP00000354090 9606.ENSP00000244289 0 0 0 0 0 0 203 203 
9606.ENSP00000354090 9606.ENSP00000379738 0 0 0 0 0 0 281 281 
9606.ENSP00000354090 9606.ENSP00000263593 0 0 0 0 0 0 242 242 
9606.ENSP00000354090 9606.ENSP00000468411 0 0 0 0 0 0 173 173 
9606.ENSP00000354090 9606.ENSP00000379651 0 0 0 130 0 0 210 283 
9606.ENSP00000354090 9606.ENSP00000261811 0 0 0 0 0 900 0 900 
9606.ENSP00000354090 9606.ENSP00000302079 0 0 0 139 0 0 97 189 
9606.ENSP00000354090 9606.ENSP00000428540 0 0 0 0 0 0 153 153 
9606.ENSP00000354090 9606.ENSP00000479870 0 0 0 140 0 0 58 155 
9606.ENSP00000354090 9606.ENSP00000353785 0 0 0 0 0 0 259 259 
9606.ENSP00000354090 9606.ENSP00000276420 0 0 0 157 0 0 0 157 
9606.ENSP00000354090 9606.ENSP00000424183 0 0 0 0 0 900 0 900 
9606.ENSP00000354090 9606.ENSP00000369213 0 0 0 0 178 0 71 204 
9606.ENSP00000354090 9606.ENSP00000347197 0 0 0 139 0 0 97 189 
9606.ENSP00000354090 9606.ENSP00000481114 0 0 0 88 0 0 229 266 
9606.ENSP00000354090 9606.ENSP00000321343 0 0 0 0 0 0 187 187 
9606.ENSP00000354090 9606.ENSP00000268389 0 0 0 140 0 0 91 185 
9606.ENSP00000354090 9606.ENSP00000320563 0 0 0 214 0 0 0 214 
9606.ENSP00000354090 9606.ENSP00000344871 0 0 0 163 0 0 0 163 
9606.ENSP00000354090 9606.ENSP00000357905 0 0 0 0 0 0 256 256 
9606.ENSP00000354090 9606.ENSP00000377257 0 0 0 0 0 0 256 256 
9606.ENSP00000354090 9606.ENSP00000254868 0 0 0 152 0 0 54 163 
9606.ENSP00000354090 9606.ENSP00000198536 0 0 0 156 0 0 0 156 
9606.ENSP00000354090 9606.ENSP00000246006 0 0 0 138 0 900 0 910 
9606.ENSP00000354090 9606.ENSP00000299665 0 0 0 153 0 900 0 911 
9606.ENSP00000354090 9606.ENSP00000347714 0 0 0 92 0 900 48 906 
9606.ENSP00000354090 9606.ENSP00000357727 0 0 0 167 0 0 0 167 
9606.ENSP00000354090 9606.ENSP00000369286 0 0 0 224 0 0 0 224 
9606.ENSP00000354090 9606.ENSP00000484431 0 0 0 151 0 0 0 151 
9606.ENSP00000354090 9606.ENSP00000262629 0 0 0 299 379 900 559 978 
9606.ENSP00000354090 9606.ENSP00000449999 0 0 0 161 0 900 244 931 
9606.ENSP00000354090 9606.ENSP00000377303 0 0 0 69 0 0 211 234 
9606.ENSP00000354090 9606.ENSP00000245620 0 0 0 152 0 0 157 254 
9606.ENSP00000354090 9606.ENSP00000379191 0 0 0 0 0 900 0 900 
9606.ENSP00000354090 9606.ENSP00000263071 0 0 0 88 0 0 150 191 
9606.ENSP00000354090 9606.ENSP00000219596 0 0 0 102 71 0 65 151 
9606.ENSP00000354090 9606.ENSP00000046794 0 0 0 152 0 0 52 161 
9606.ENSP00000354090 9606.ENSP00000355361 0 0 0 0 0 900 0 900 
9606.ENSP00000354090 9606.ENSP00000236147 0 0 0 147 0 0 81 182 
9606.ENSP00000354090 9606.ENSP00000156626 0 0 0 0 0 0 244 244 
9606.ENSP00000354090 9606.ENSP00000390431 0 0 0 69 0 0 130 155 
9606.ENSP00000354090 9606.ENSP00000391748 0 0 0 0 0 0 256 256 
9606.ENSP00000354090 9606.ENSP00000264717 0 0 0 0 0 0 156 156 
9606.ENSP00000354090 9606.ENSP00000420494 0 0 0 157 0 0 0 157 
9606.ENSP00000354090 9606.ENSP00000359787 0 0 0 63 0 0 150 169 
9606.ENSP00000354090 9606.ENSP00000075120 0 0 0 0 0 900 0 900 
9606.ENSP00000354090 9606.ENSP00000433761 0 0 0 213 0 0 0 213 
9606.ENSP00000354090 9606.ENSP00000161559 0 0 0 50 0 900 92 906 
9606.ENSP00000354090 9606.ENSP00000398698 0 0 0 98 0 0 149 200 
9606.ENSP00000354090 9606.ENSP00000225276 0 0 0 0 0 0 289 289 
9606.ENSP00000354090 9606.ENSP00000439454 0 0 0 52 0 900 0 901 
9606.ENSP00000354090 9606.ENSP00000251372 0 0 0 313 0 0 67 331 
9606.ENSP00000354090 9606.ENSP00000294064 0 0 0 0 0 0 211 211 
9606.ENSP00000354090 9606.ENSP00000420387 0 0 0 0 0 900 0 900 
9606.ENSP00000354090 9606.ENSP00000413861 0 0 0 213 0 0 81 246 
9606.ENSP00000354090 9606.ENSP00000345243 0 0 0 138 0 0 108 199 
9606.ENSP00000354090 9606.ENSP00000360871 0 0 0 151 0 0 0 151 
9606.ENSP00000354090 9606.ENSP00000356946 0 0 0 190 0 0 42 191 
9606.ENSP00000354090 9606.ENSP00000233202 0 0 0 152 0 900 121 918 
9606.ENSP00000354090 9606.ENSP00000356430 0 0 0 181 0 0 0 181 
9606.ENSP00000354090 9606.ENSP00000365227 0 0 0 151 0 0 0 151 
9606.ENSP00000354090 9606.ENSP00000379997 0 0 0 177 0 0 0 177 
9606.ENSP00000354090 9606.ENSP00000362965 0 0 0 139 0 900 0 910 
9606.ENSP00000354090 9606.ENSP00000224652 0 0 0 0 0 0 243 243 
9606.ENSP00000354090 9606.ENSP00000319096 0 0 0 0 0 900 0 900 
9606.ENSP00000354090 9606.ENSP00000346130 0 0 0 0 0 900 0 900 
9606.ENSP00000354090 9606.ENSP00000465261 0 0 0 0 0 900 0 900 
9606.ENSP00000354090 9606.ENSP00000376345 0 0 0 0 0 0 246 246 
9606.ENSP00000354090 9606.ENSP00000347916 0 0 0 210 0 900 0 917 
9606.ENSP00000354090 9606.ENSP00000262915 0 0 0 0 0 0 216 216 
9606.ENSP00000354090 9606.ENSP00000479664 0 0 0 151 0 0 0 151 
9606.ENSP00000354090 9606.ENSP00000261267 0 0 0 127 0 0 104 184 
9606.ENSP00000354090 9606.ENSP00000296140 0 0 0 152 0 0 103 207 
9606.ENSP00000354090 9606.ENSP00000169298 0 0 0 0 0 0 299 299 
9606.ENSP00000354090 9606.ENSP00000276185 0 0 0 0 0 900 0 900 
9606.ENSP00000354090 9606.ENSP00000354335 0 0 0 214 0 0 0 214 
9606.ENSP00000354090 9606.ENSP00000357726 0 0 0 213 0 0 111 271 
9606.ENSP00000354090 9606.ENSP00000371018 0 0 0 98 0 0 385 421 
9606.ENSP00000354090 9606.ENSP00000336733 0 0 0 0 0 0 171 171 
9606.ENSP00000354090 9606.ENSP00000221972 0 0 0 103 0 0 335 378 
9606.ENSP00000354090 9606.ENSP00000335358 0 0 0 0 0 0 242 242 
9606.ENSP00000354090 9606.ENSP00000365048 0 0 0 111 0 0 95 161 
9606.ENSP00000354090 9606.ENSP00000254436 0 0 0 0 177 0 0 177 
9606.ENSP00000354090 9606.ENSP00000354932 0 0 0 138 84 0 79 209 
9606.ENSP00000354090 9606.ENSP00000237642 0 0 0 0 0 900 0 900 
9606.ENSP00000354090 9606.ENSP00000472929 0 0 0 118 0 0 95 168 
9606.ENSP00000354090 9606.ENSP00000362946 0 0 0 0 0 900 0 900 
9606.ENSP00000354090 9606.ENSP00000356033 0 0 0 175 0 0 0 175 
9606.ENSP00000354090 9606.ENSP00000215781 0 0 0 153 0 0 0 153 
9606.ENSP00000354090 9606.ENSP00000376397 0 0 0 269 0 0 173 370 
9606.ENSP00000354090 9606.ENSP00000333680 0 0 0 169 0 0 0 169 
9606.ENSP00000354090 9606.ENSP00000363369 0 0 0 0 0 0 299 299 
9606.ENSP00000354090 9606.ENSP00000261623 0 0 0 61 0 900 0 902 
9606.ENSP00000354090 9606.ENSP00000231461 0 0 0 74 0 0 168 196 
9606.ENSP00000354090 9606.ENSP00000271450 0 0 0 139 0 0 68 163 
9606.ENSP00000354090 9606.ENSP00000435460 0 0 0 0 0 0 156 156 
9606.ENSP00000354090 9606.ENSP00000366280 0 0 0 0 0 0 268 268 
9606.ENSP00000354090 9606.ENSP00000364403 0 0 0 0 0 900 0 900 
9606.ENSP00000354090 9606.ENSP00000383923 0 0 0 151 0 0 0 151 
9606.ENSP00000354090 9606.ENSP00000246551 0 0 0 139 0 0 212 292 
9606.ENSP00000354090 9606.ENSP00000262262 0 0 0 133 0 900 91 914 
9606.ENSP00000354090 9606.ENSP00000398837 0 0 0 0 156 0 0 156 
9606.ENSP00000354090 9606.ENSP00000392812 0 0 0 151 0 0 0 151 
9606.ENSP00000354090 9606.ENSP00000381607 0 0 0 0 0 0 173 173 
9606.ENSP00000354090 9606.ENSP00000376297 0 0 0 0 0 900 0 900 
9606.ENSP00000354090 9606.ENSP00000302569 0 0 0 139 0 0 104 195 
9606.ENSP00000354090 9606.ENSP00000332049 0 0 0 186 0 0 58 200 
9606.ENSP00000354090 9606.ENSP00000219919 0 0 0 213 0 0 0 213 
9606.ENSP00000354090 9606.ENSP00000346990 0 0 0 0 0 0 215 215 
9606.ENSP00000354090 9606.ENSP00000357288 0 0 0 0 0 900 0 900 
9606.ENSP00000354090 9606.ENSP00000297435 0 0 0 78 0 0 186 217 
9606.ENSP00000354090 9606.ENSP00000368965 0 0 0 0 0 900 0 900 
9606.ENSP00000354090 9606.ENSP00000318916 0 0 0 144 0 0 51 153 
9606.ENSP00000354090 9606.ENSP00000457539 0 0 0 163 0 0 0 163 
9606.ENSP00000354090 9606.ENSP00000444986 0 0 0 213 0 0 0 213 
9606.ENSP00000354090 9606.ENSP00000320431 0 0 0 0 0 0 186 186 
9606.ENSP00000354090 9606.ENSP00000311648 0 0 0 0 0 0 250 250 
9606.ENSP00000354090 9606.ENSP00000329507 0 0 0 213 0 0 0 213 
9606.ENSP00000354090 9606.ENSP00000357722 0 0 0 179 0 0 0 179 
9606.ENSP00000354090 9606.ENSP00000314649 0 0 0 0 0 0 243 243 
9606.ENSP00000354090 9606.ENSP00000356505 0 0 0 169 0 0 0 169 
9606.ENSP00000354090 9606.ENSP00000248598 0 0 0 151 0 0 0 151 
9606.ENSP00000354090 9606.ENSP00000482378 0 0 0 0 0 0 196 196 
9606.ENSP00000354090 9606.ENSP00000388275 0 0 0 0 156 0 0 156 
9606.ENSP00000354090 9606.ENSP00000386942 0 0 0 0 0 0 171 171 
9606.ENSP00000354090 9606.ENSP00000260010 0 0 0 140 100 0 357 459 
9606.ENSP00000354090 9606.ENSP00000306190 0 0 0 102 0 0 173 225 
9606.ENSP00000354090 9606.ENSP00000305603 0 0 0 0 0 0 164 164 
9606.ENSP00000354090 9606.ENSP00000384053 0 0 0 207 0 0 0 207 
9606.ENSP00000354090 9606.ENSP00000263642 0 0 0 0 151 0 43 152 
9606.ENSP00000354090 9606.ENSP00000462309 0 0 0 257 0 0 66 276 
9606.ENSP00000354090 9606.ENSP00000329920 0 0 0 191 0 900 0 915 
9606.ENSP00000354090 9606.ENSP00000367697 0 0 0 0 0 900 0 900 
9606.ENSP00000354090 9606.ENSP00000227163 0 0 0 281 0 0 0 281 
9606.ENSP00000354090 9606.ENSP00000389600 0 0 0 76 84 0 92 164 
9606.ENSP00000354090 9606.ENSP00000305692 0 0 0 0 0 900 0 900 
9606.ENSP00000354090 9606.ENSP00000266254 0 0 0 0 0 0 348 348 
9606.ENSP00000354090 9606.ENSP00000267012 0 0 0 153 0 0 0 153 
9606.ENSP00000354090 9606.ENSP00000263864 0 0 0 0 0 900 0 900 
9606.ENSP00000354090 9606.ENSP00000366549 0 0 0 0 0 0 197 197 
9606.ENSP00000354090 9606.ENSP00000380334 0 0 0 186 0 0 0 186 
9606.ENSP00000354090 9606.ENSP00000338010 0 0 0 95 0 0 173 219 
9606.ENSP00000354090 9606.ENSP00000371505 0 0 0 98 0 0 100 153 
9606.ENSP00000354090 9606.ENSP00000367851 0 0 0 175 0 900 0 913 
9606.ENSP00000354090 9606.ENSP00000289707 0 0 0 106 0 0 105 166 
9606.ENSP00000354090 9606.ENSP00000340274 0 0 0 0 0 900 0 900 
9606.ENSP00000354090 9606.ENSP00000409126 0 0 0 0 0 900 0 900 
9606.ENSP00000354090 9606.ENSP00000353874 0 0 0 76 51 0 121 162 
9606.ENSP00000354090 9606.ENSP00000357123 0 0 0 334 0 0 0 334 
9606.ENSP00000354090 9606.ENSP00000261751 0 0 0 0 0 900 0 900 
9606.ENSP00000354090 9606.ENSP00000396270 0 0 0 0 0 900 0 900 
9606.ENSP00000354090 9606.ENSP00000334928 0 0 0 0 57 900 0 901 
9606.ENSP00000354090 9606.ENSP00000371036 0 0 0 175 0 0 0 175 
9606.ENSP00000354090 9606.ENSP00000349971 0 0 0 143 0 0 105 200 
9606.ENSP00000354090 9606.ENSP00000284818 0 0 0 76 0 0 141 172 
9606.ENSP00000354090 9606.ENSP00000286713 0 0 0 0 0 900 0 900 
9606.ENSP00000354090 9606.ENSP00000304236 0 0 0 136 0 0 84 174 
9606.ENSP00000354090 9606.ENSP00000453302 0 0 0 96 0 900 68 908 
9606.ENSP00000354090 9606.ENSP00000353259 0 0 0 193 0 900 0 915 
9606.ENSP00000354090 9606.ENSP00000321826 0 0 0 0 0 0 167 167 
9606.ENSP00000354090 9606.ENSP00000385090 0 0 0 111 0 0 99 164 
9606.ENSP00000354090 9606.ENSP00000367323 0 0 0 64 0 900 0 902 
9606.ENSP00000354090 9606.ENSP00000215770 0 0 0 0 0 0 195 195 
9606.ENSP00000354090 9606.ENSP00000284509 0 0 0 88 0 900 0 904 
9606.ENSP00000354090 9606.ENSP00000292432 0 0 0 287 0 0 46 290 
9606.ENSP00000354090 9606.ENSP00000381023 0 0 0 88 0 900 0 904 
9606.ENSP00000354090 9606.ENSP00000412361 0 0 0 77 0 0 141 173 
9606.ENSP00000354090 9606.ENSP00000265440 0 0 0 177 0 0 0 177 
9606.ENSP00000354090 9606.ENSP00000254976 0 0 0 0 0 900 0 900 
9606.ENSP00000354090 9606.ENSP00000366827 0 0 0 0 0 0 186 186 
9606.ENSP00000354090 9606.ENSP00000348074 0 0 0 106 0 0 98 159 
9606.ENSP00000354090 9606.ENSP00000323328 0 0 0 184 0 0 85 221 
9606.ENSP00000354090 9606.ENSP00000233840 0 0 0 0 0 0 234 234 
9606.ENSP00000354090 9606.ENSP00000243077 0 0 0 0 0 0 205 205 
9606.ENSP00000354090 9606.ENSP00000256389 0 0 0 0 0 0 328 328 
9606.ENSP00000354090 9606.ENSP00000231420 0 0 0 0 0 0 210 210 
9606.ENSP00000354090 9606.ENSP00000221954 0 0 0 214 0 0 105 266 
9606.ENSP00000354090 9606.ENSP00000260453 0 0 0 0 0 0 312 312 
9606.ENSP00000354090 9606.ENSP00000330959 0 0 0 98 0 0 124 176 
9606.ENSP00000354090 9606.ENSP00000289902 0 0 0 209 0 900 0 917 
9606.ENSP00000354090 9606.ENSP00000402855 0 0 0 139 0 0 74 168 
9606.ENSP00000354090 9606.ENSP00000260408 0 0 0 0 0 900 0 900 
9606.ENSP00000354090 9606.ENSP00000349359 0 0 0 163 0 0 0 163 
9606.ENSP00000354090 9606.ENSP00000384887 0 0 0 0 0 0 321 321 
9606.ENSP00000354090 9606.ENSP00000479536 0 0 0 0 0 900 124 908 
9606.ENSP00000354090 9606.ENSP00000471493 0 0 0 155 0 0 128 231 
9606.ENSP00000354090 9606.ENSP00000358548 0 0 0 0 0 900 0 900 
9606.ENSP00000354090 9606.ENSP00000357097 0 0 0 140 0 0 284 358 
9606.ENSP00000354090 9606.ENSP00000374125 0 0 0 0 0 0 328 328 
9606.ENSP00000354090 9606.ENSP00000351497 0 0 0 167 0 0 50 174 
9606.ENSP00000354090 9606.ENSP00000394227 0 0 0 110 0 0 220 276 
9606.ENSP00000354090 9606.ENSP00000244336 0 0 0 55 0 900 228 920 
9606.ENSP00000354090 9606.ENSP00000293778 0 0 0 63 0 0 167 186 
9606.ENSP00000354090 9606.ENSP00000411355 0 0 0 152 57 0 0 166 
9606.ENSP00000354090 9606.ENSP00000315477 0 0 0 76 0 0 162 192 
9606.ENSP00000354090 9606.ENSP00000245817 0 0 0 0 0 0 237 237 
9606.ENSP00000354090 9606.ENSP00000307259 0 0 0 69 0 0 189 212 
9606.ENSP00000354090 9606.ENSP00000274963 0 0 0 159 0 0 0 159 
9606.ENSP00000354090 9606.ENSP00000480157 0 0 0 165 0 0 0 165 
9606.ENSP00000354090 9606.ENSP00000343505 0 0 0 71 0 0 219 244 
9606.ENSP00000354090 9606.ENSP00000353245 0 0 0 0 0 0 442 442 
9606.ENSP00000354090 9606.ENSP00000436786 0 0 0 0 177 0 0 177 
9606.ENSP00000354090 9606.ENSP00000289473 0 0 0 154 0 0 0 154 
9606.ENSP00000354090 9606.ENSP00000410764 0 0 0 0 0 0 265 265 
9606.ENSP00000354090 9606.ENSP00000484343 0 0 0 0 0 900 54 901 
9606.ENSP00000354090 9606.ENSP00000468897 0 0 0 153 0 900 73 914 
9606.ENSP00000354090 9606.ENSP00000329214 0 0 0 0 0 0 171 171 
9606.ENSP00000354090 9606.ENSP00000377003 0 0 0 0 0 0 156 156 
9606.ENSP00000354090 9606.ENSP00000313967 0 0 0 168 0 0 0 168 
9606.ENSP00000354090 9606.ENSP00000340944 0 0 0 0 124 0 311 370 
9606.ENSP00000354090 9606.ENSP00000358165 0 0 0 141 0 0 76 173 
9606.ENSP00000354090 9606.ENSP00000417583 0 0 0 0 0 0 273 273 
9606.ENSP00000354090 9606.ENSP00000292303 0 0 0 151 0 0 0 151 
9606.ENSP00000354090 9606.ENSP00000257264 0 0 0 0 0 0 203 203 
9606.ENSP00000354090 9606.ENSP00000288937 0 0 0 0 0 0 150 150 
9606.ENSP00000354090 9606.ENSP00000318142 0 0 0 143 0 0 57 157 
9606.ENSP00000354090 9606.ENSP00000375629 0 0 0 298 0 900 200 938 
9606.ENSP00000354090 9606.ENSP00000379353 0 0 0 0 0 0 165 165 
9606.ENSP00000354090 9606.ENSP00000221978 0 0 0 151 0 0 0 151 
9606.ENSP00000354090 9606.ENSP00000355800 0 0 0 0 0 900 0 900 
9606.ENSP00000354090 9606.ENSP00000292147 0 0 0 0 0 0 309 309 
9606.ENSP00000354090 9606.ENSP00000383216 0 0 0 0 0 0 355 355 
9606.ENSP00000354090 9606.ENSP00000362235 0 0 0 0 0 0 186 186 
9606.ENSP00000354090 9606.ENSP00000334644 0 0 0 0 0 0 237 237 
9606.ENSP00000354090 9606.ENSP00000402060 0 0 0 0 0 0 268 268 
9606.ENSP00000354090 9606.ENSP00000408526 0 0 0 0 0 0 156 156 
9606.ENSP00000354090 9606.ENSP00000222032 0 0 0 0 0 0 158 158 
9606.ENSP00000354090 9606.ENSP00000329757 0 0 0 0 0 900 0 900 
9606.ENSP00000354090 9606.ENSP00000294507 0 0 0 160 0 0 0 160 
9606.ENSP00000354090 9606.ENSP00000480884 0 0 0 0 0 0 163 163 
9606.ENSP00000354090 9606.ENSP00000362195 0 0 0 183 0 0 0 183 
9606.ENSP00000354090 9606.ENSP00000311469 0 0 0 0 0 0 150 150 
9606.ENSP00000354090 9606.ENSP00000248901 0 0 0 160 0 0 51 168 
9606.ENSP00000354090 9606.ENSP00000376048 0 0 0 0 0 0 193 193 
9606.ENSP00000354090 9606.ENSP00000450310 0 0 0 159 0 900 0 912 
9606.ENSP00000354090 9606.ENSP00000363117 0 0 0 214 0 0 0 214 
9606.ENSP00000354090 9606.ENSP00000303276 0 0 0 213 0 0 0 213 
9606.ENSP00000354090 9606.ENSP00000331209 0 0 0 0 0 0 286 286 
9606.ENSP00000354090 9606.ENSP00000244709 0 0 0 190 0 0 234 353 
9606.ENSP00000354090 9606.ENSP00000234313 0 0 0 213 0 0 0 213 
9606.ENSP00000354090 9606.ENSP00000378028 0 0 0 0 177 0 0 177 
9606.ENSP00000354090 9606.ENSP00000391592 0 0 0 88 63 0 116 179 
9606.ENSP00000354090 9606.ENSP00000300184 0 0 0 164 0 0 0 164 
9606.ENSP00000354090 9606.ENSP00000271324 0 0 0 165 0 900 0 912 
9606.ENSP00000354090 9606.ENSP00000338648 0 0 0 151 0 0 0 151 
9606.ENSP00000354090 9606.ENSP00000251377 0 0 0 138 0 0 67 161 
9606.ENSP00000354090 9606.ENSP00000264260 0 0 0 137 0 0 251 326 
9606.ENSP00000354090 9606.ENSP00000249923 0 0 0 0 0 900 0 900 
9606.ENSP00000354090 9606.ENSP00000085219 0 0 0 89 0 0 202 243 
9606.ENSP00000354090 9606.ENSP00000375622 0 0 0 136 0 900 57 911 
9606.ENSP00000354090 9606.ENSP00000380948 0 0 0 152 0 900 0 911 
9606.ENSP00000354090 9606.ENSP00000273063 0 0 0 0 0 0 242 242 
9606.ENSP00000354090 9606.ENSP00000312082 0 0 0 298 100 0 69 360 
9606.ENSP00000354090 9606.ENSP00000364080 0 0 0 100 0 0 130 183 
9606.ENSP00000354090 9606.ENSP00000249647 0 0 0 0 0 900 0 900 
9606.ENSP00000354090 9606.ENSP00000368245 0 0 0 0 0 0 190 190 
9606.ENSP00000354090 9606.ENSP00000345563 0 0 0 0 0 0 448 448 
9606.ENSP00000354090 9606.ENSP00000370115 0 0 0 64 0 0 228 247 
9606.ENSP00000354090 9606.ENSP00000299663 0 0 0 110 0 0 105 169 
9606.ENSP00000354090 9606.ENSP00000387122 0 0 0 0 0 0 159 159 
9606.ENSP00000354090 9606.ENSP00000466561 0 0 0 0 0 0 425 425 
9606.ENSP00000354090 9606.ENSP00000440428 0 0 0 0 0 900 138 910 
9606.ENSP00000354090 9606.ENSP00000422753 0 0 0 0 0 0 174 174 
9606.ENSP00000354090 9606.ENSP00000340983 0 0 0 170 0 0 0 170 
9606.ENSP00000354090 9606.ENSP00000363089 0 0 0 98 100 0 177 274 
