9606.ENSP00000463069 9606.ENSP00000288532 0 0 0 0 167 0 0 167 
9606.ENSP00000463069 9606.ENSP00000285071 0 0 0 0 0 0 216 216 
9606.ENSP00000463069 9606.ENSP00000344562 0 0 0 80 111 0 46 151 
9606.ENSP00000463069 9606.ENSP00000418915 0 0 0 0 0 0 430 430 
9606.ENSP00000463069 9606.ENSP00000377969 0 0 0 79 261 0 54 299 
9606.ENSP00000463069 9606.ENSP00000325917 0 0 0 63 261 0 50 284 
9606.ENSP00000463069 9606.ENSP00000380044 0 0 0 62 159 0 0 177 
9606.ENSP00000463069 9606.ENSP00000261464 0 0 0 0 156 0 0 156 
9606.ENSP00000463069 9606.ENSP00000261349 0 0 0 0 0 900 525 950 
9606.ENSP00000463069 9606.ENSP00000281708 0 0 0 62 0 0 327 342 
9606.ENSP00000463069 9606.ENSP00000355094 0 0 0 62 131 0 0 150 
9606.ENSP00000463069 9606.ENSP00000219252 0 0 0 62 264 0 0 280 
9606.ENSP00000463069 9606.ENSP00000426503 0 0 0 61 0 0 182 199 
9606.ENSP00000463069 9606.ENSP00000340648 0 0 0 61 64 0 138 176 
9606.ENSP00000463069 9606.ENSP00000262395 0 0 0 0 156 0 0 156 
9606.ENSP00000463069 9606.ENSP00000257430 0 0 0 55 0 0 265 275 
9606.ENSP00000463069 9606.ENSP00000357494 0 0 0 50 82 0 139 183 
9606.ENSP00000463069 9606.ENSP00000355388 0 0 0 62 123 0 57 156 
9606.ENSP00000463069 9606.ENSP00000444136 0 0 0 0 189 0 0 189 
9606.ENSP00000463069 9606.ENSP00000439856 0 0 0 0 0 0 161 161 
9606.ENSP00000463069 9606.ENSP00000384629 0 0 0 63 159 0 0 178 
9606.ENSP00000463069 9606.ENSP00000225504 0 0 0 51 84 0 211 254 
9606.ENSP00000463069 9606.ENSP00000265849 0 0 0 61 0 0 222 238 
9606.ENSP00000463069 9606.ENSP00000320184 0 0 0 0 0 0 160 160 
9606.ENSP00000463069 9606.ENSP00000355924 0 0 0 0 158 0 0 158 
9606.ENSP00000463069 9606.ENSP00000348714 0 0 0 61 64 0 169 206 
9606.ENSP00000463069 9606.ENSP00000377862 0 0 0 0 65 0 213 232 
9606.ENSP00000463069 9606.ENSP00000418754 0 0 0 61 82 0 113 168 
9606.ENSP00000463069 9606.ENSP00000401277 0 0 0 0 0 0 221 221 
9606.ENSP00000463069 9606.ENSP00000280700 0 0 0 62 157 0 0 175 
9606.ENSP00000463069 9606.ENSP00000276659 0 0 0 63 261 900 663 973 
9606.ENSP00000463069 9606.ENSP00000362680 0 0 0 61 82 0 97 153 
9606.ENSP00000463069 9606.ENSP00000356234 0 0 0 43 221 0 0 222 
9606.ENSP00000463069 9606.ENSP00000229030 0 0 0 0 128 0 166 241 
9606.ENSP00000463069 9606.ENSP00000263857 0 0 0 51 172 0 57 194 
9606.ENSP00000463069 9606.ENSP00000359594 0 0 0 0 0 0 173 173 
9606.ENSP00000463069 9606.ENSP00000296786 0 0 0 145 0 0 59 161 
9606.ENSP00000463069 9606.ENSP00000271526 0 0 0 0 0 0 188 188 
9606.ENSP00000463069 9606.ENSP00000433623 0 0 0 0 156 0 0 156 
9606.ENSP00000463069 9606.ENSP00000292614 0 0 0 61 190 0 0 206 
9606.ENSP00000463069 9606.ENSP00000331111 0 0 0 0 156 0 0 156 
9606.ENSP00000463069 9606.ENSP00000262519 0 0 0 83 159 0 0 195 
9606.ENSP00000463069 9606.ENSP00000354361 0 0 0 63 0 0 134 154 
9606.ENSP00000463069 9606.ENSP00000297431 0 0 0 0 156 0 0 156 
9606.ENSP00000463069 9606.ENSP00000206595 0 0 0 0 158 0 0 158 
9606.ENSP00000463069 9606.ENSP00000290167 0 0 0 0 0 0 257 257 
9606.ENSP00000463069 9606.ENSP00000258411 0 0 0 0 0 0 236 236 
9606.ENSP00000463069 9606.ENSP00000373354 0 0 0 0 158 0 0 158 
9606.ENSP00000463069 9606.ENSP00000256953 0 0 0 61 0 0 213 229 
9606.ENSP00000463069 9606.ENSP00000357292 0 0 0 0 260 0 65 278 
9606.ENSP00000463069 9606.ENSP00000356247 0 0 0 62 0 900 566 955 
9606.ENSP00000463069 9606.ENSP00000368341 0 0 0 64 126 0 59 162 
9606.ENSP00000463069 9606.ENSP00000005340 0 0 0 0 379 0 153 451 
9606.ENSP00000463069 9606.ENSP00000423309 0 0 0 62 190 0 0 207 
9606.ENSP00000463069 9606.ENSP00000377681 0 0 0 49 261 0 0 267 
9606.ENSP00000463069 9606.ENSP00000472836 0 0 0 0 296 0 0 296 
9606.ENSP00000463069 9606.ENSP00000328181 0 0 0 0 0 0 198 198 
9606.ENSP00000463069 9606.ENSP00000261537 0 0 0 62 262 0 81 308 
9606.ENSP00000463069 9606.ENSP00000276079 0 0 0 61 379 0 640 771 
9606.ENSP00000463069 9606.ENSP00000346762 0 0 0 61 0 0 141 158 
9606.ENSP00000463069 9606.ENSP00000437775 0 0 0 0 0 0 195 195 
9606.ENSP00000463069 9606.ENSP00000275493 0 0 0 61 0 0 272 287 
9606.ENSP00000463069 9606.ENSP00000362441 0 0 0 57 0 0 220 233 
9606.ENSP00000463069 9606.ENSP00000322570 0 0 0 62 0 0 318 332 
9606.ENSP00000463069 9606.ENSP00000233948 0 0 0 0 0 0 169 169 
9606.ENSP00000463069 9606.ENSP00000398837 0 0 0 0 159 0 138 244 
9606.ENSP00000463069 9606.ENSP00000263923 0 0 0 0 0 0 242 242 
9606.ENSP00000463069 9606.ENSP00000405738 0 0 0 81 0 0 116 152 
9606.ENSP00000463069 9606.ENSP00000325677 0 0 0 0 0 0 161 161 
9606.ENSP00000463069 9606.ENSP00000386840 0 0 0 0 0 0 169 169 
9606.ENSP00000463069 9606.ENSP00000308720 0 0 0 0 0 0 151 151 
9606.ENSP00000463069 9606.ENSP00000350085 0 0 0 50 50 0 165 180 
9606.ENSP00000463069 9606.ENSP00000381007 0 0 0 0 0 0 303 303 
9606.ENSP00000463069 9606.ENSP00000313983 0 0 0 63 159 0 104 232 
9606.ENSP00000463069 9606.ENSP00000363753 0 0 0 0 156 0 0 156 
9606.ENSP00000463069 9606.ENSP00000344937 0 0 0 63 0 0 192 210 
9606.ENSP00000463069 9606.ENSP00000296839 0 0 0 62 50 0 158 184 
9606.ENSP00000463069 9606.ENSP00000263382 0 0 0 61 159 0 0 176 
9606.ENSP00000463069 9606.ENSP00000376306 0 0 0 61 186 0 0 202 
9606.ENSP00000463069 9606.ENSP00000294304 0 0 0 61 0 900 514 950 
9606.ENSP00000463069 9606.ENSP00000340274 0 0 0 61 0 0 208 224 
9606.ENSP00000463069 9606.ENSP00000454783 0 0 0 80 111 0 46 151 
9606.ENSP00000463069 9606.ENSP00000281156 0 0 0 62 131 0 0 150 
9606.ENSP00000463069 9606.ENSP00000264010 0 0 0 50 50 0 151 167 
9606.ENSP00000463069 9606.ENSP00000426653 0 0 0 0 0 0 187 187 
9606.ENSP00000463069 9606.ENSP00000363668 0 0 0 61 0 0 195 211 
9606.ENSP00000463069 9606.ENSP00000286523 0 0 0 50 0 0 186 193 
9606.ENSP00000463069 9606.ENSP00000253381 0 0 0 0 0 0 197 197 
9606.ENSP00000463069 9606.ENSP00000282397 0 0 0 0 0 0 218 218 
9606.ENSP00000463069 9606.ENSP00000371711 0 0 0 0 50 0 218 225 
9606.ENSP00000463069 9606.ENSP00000356243 0 0 0 0 293 0 58 305 
9606.ENSP00000463069 9606.ENSP00000263666 0 0 0 0 156 0 0 156 
9606.ENSP00000463069 9606.ENSP00000369531 0 0 0 0 260 0 65 278 
9606.ENSP00000463069 9606.ENSP00000365884 0 0 0 55 0 0 150 163 
9606.ENSP00000463069 9606.ENSP00000308024 0 0 0 63 261 0 50 284 
9606.ENSP00000463069 9606.ENSP00000354201 0 0 0 64 193 0 56 224 
9606.ENSP00000463069 9606.ENSP00000337976 0 0 0 0 158 0 0 158 
9606.ENSP00000463069 9606.ENSP00000382492 0 0 0 61 0 0 165 182 
9606.ENSP00000463069 9606.ENSP00000351905 0 0 0 50 82 0 266 303 
9606.ENSP00000463069 9606.ENSP00000435370 0 0 0 51 287 0 56 305 
9606.ENSP00000463069 9606.ENSP00000349131 0 0 0 63 261 900 641 971 
9606.ENSP00000463069 9606.ENSP00000414786 0 0 0 63 55 0 228 257 
9606.ENSP00000463069 9606.ENSP00000414109 0 0 0 0 0 0 206 206 
9606.ENSP00000463069 9606.ENSP00000386766 0 0 0 0 0 0 167 167 
9606.ENSP00000463069 9606.ENSP00000329117 0 0 0 0 0 0 276 276 
9606.ENSP00000463069 9606.ENSP00000263967 0 0 0 55 0 0 448 456 
9606.ENSP00000463069 9606.ENSP00000367029 0 0 0 0 185 0 0 185 
9606.ENSP00000463069 9606.ENSP00000436786 0 0 0 0 159 0 53 169 
9606.ENSP00000463069 9606.ENSP00000417335 0 0 0 0 0 0 359 359 
9606.ENSP00000463069 9606.ENSP00000262482 0 0 0 63 0 0 302 318 
9606.ENSP00000463069 9606.ENSP00000400906 0 0 0 0 193 0 54 203 
9606.ENSP00000463069 9606.ENSP00000318966 0 0 0 0 0 0 167 167 
9606.ENSP00000463069 9606.ENSP00000343428 0 0 0 0 0 0 171 171 
9606.ENSP00000463069 9606.ENSP00000367570 0 0 0 0 158 0 0 158 
9606.ENSP00000463069 9606.ENSP00000375909 0 0 0 0 0 0 230 230 
9606.ENSP00000463069 9606.ENSP00000396935 0 0 0 61 0 0 138 155 
9606.ENSP00000463069 9606.ENSP00000347345 0 0 0 0 185 0 54 196 
9606.ENSP00000463069 9606.ENSP00000261601 0 0 0 144 0 0 83 181 
9606.ENSP00000463069 9606.ENSP00000302625 0 0 0 62 55 0 547 564 
9606.ENSP00000463069 9606.ENSP00000356602 0 0 0 61 154 0 0 171 
9606.ENSP00000463069 9606.ENSP00000222402 0 0 0 0 332 0 58 343 
9606.ENSP00000463069 9606.ENSP00000475594 0 0 0 50 50 0 226 240 
9606.ENSP00000463069 9606.ENSP00000265085 0 0 0 0 0 0 175 175 
9606.ENSP00000463069 9606.ENSP00000298966 0 0 0 0 0 0 162 162 
9606.ENSP00000463069 9606.ENSP00000360613 0 0 0 0 193 0 71 219 
9606.ENSP00000463069 9606.ENSP00000323687 0 0 0 64 193 0 56 224 
9606.ENSP00000463069 9606.ENSP00000371693 0 0 0 61 0 0 187 203 
9606.ENSP00000463069 9606.ENSP00000378356 0 0 0 61 0 0 166 184 
9606.ENSP00000463069 9606.ENSP00000297405 0 0 0 0 0 0 156 156 
9606.ENSP00000463069 9606.ENSP00000368169 0 0 0 61 0 0 299 314 
9606.ENSP00000463069 9606.ENSP00000475915 0 0 0 60 0 0 148 165 
9606.ENSP00000463069 9606.ENSP00000289272 0 0 0 0 0 0 207 207 
9606.ENSP00000463069 9606.ENSP00000415536 0 0 0 51 264 0 0 271 
9606.ENSP00000463069 9606.ENSP00000320485 0 0 0 62 0 0 515 525 
9606.ENSP00000463069 9606.ENSP00000397453 0 0 0 0 193 0 74 220 
9606.ENSP00000463069 9606.ENSP00000358698 0 0 0 61 0 0 297 312 
9606.ENSP00000463069 9606.ENSP00000379258 0 0 0 50 50 0 362 374 
9606.ENSP00000463069 9606.ENSP00000383563 0 0 0 0 0 0 189 189 
9606.ENSP00000463069 9606.ENSP00000264718 0 0 0 0 261 0 0 261 
9606.ENSP00000463069 9606.ENSP00000362994 0 0 0 0 156 0 0 156 
9606.ENSP00000463069 9606.ENSP00000349748 0 0 0 61 379 0 712 817 
9606.ENSP00000463069 9606.ENSP00000270583 0 0 0 51 0 0 231 239 
9606.ENSP00000463069 9606.ENSP00000376204 0 0 0 49 159 0 0 166 
9606.ENSP00000463069 9606.ENSP00000265441 0 0 0 0 0 0 328 328 
9606.ENSP00000463069 9606.ENSP00000353048 0 0 0 0 0 0 250 250 
9606.ENSP00000463069 9606.ENSP00000354607 0 0 0 62 404 900 439 964 
9606.ENSP00000463069 9606.ENSP00000414359 0 0 0 62 0 0 208 225 
9606.ENSP00000463069 9606.ENSP00000368516 0 0 0 62 0 900 747 974 
9606.ENSP00000463069 9606.ENSP00000441543 0 0 0 0 287 900 50 926 
9606.ENSP00000463069 9606.ENSP00000352673 0 0 0 85 0 0 218 255 
9606.ENSP00000463069 9606.ENSP00000377424 0 0 0 0 125 0 73 154 
9606.ENSP00000463069 9606.ENSP00000454207 0 0 0 0 156 0 0 156 
9606.ENSP00000463069 9606.ENSP00000263735 0 0 0 78 0 0 126 160 
9606.ENSP00000463069 9606.ENSP00000380557 0 0 0 0 294 0 806 857 
9606.ENSP00000463069 9606.ENSP00000340466 0 0 0 51 80 0 346 379 
9606.ENSP00000463069 9606.ENSP00000365851 0 0 0 62 0 0 192 210 
9606.ENSP00000463069 9606.ENSP00000217740 0 0 0 0 0 0 155 155 
9606.ENSP00000463069 9606.ENSP00000373696 0 0 0 63 54 0 203 231 
9606.ENSP00000463069 9606.ENSP00000278616 0 0 0 61 0 0 257 272 
9606.ENSP00000463069 9606.ENSP00000292430 0 0 0 0 0 0 250 250 
9606.ENSP00000463069 9606.ENSP00000301691 0 0 0 0 0 0 172 172 
9606.ENSP00000463069 9606.ENSP00000312411 0 0 0 62 0 0 369 383 
9606.ENSP00000463069 9606.ENSP00000217244 0 0 0 50 169 0 0 176 
9606.ENSP00000463069 9606.ENSP00000233146 0 0 0 62 0 0 284 299 
9606.ENSP00000463069 9606.ENSP00000485133 0 0 0 0 193 0 54 203 
9606.ENSP00000463069 9606.ENSP00000340347 0 0 0 62 0 0 210 227 
9606.ENSP00000463069 9606.ENSP00000332293 0 0 0 65 0 0 400 415 
9606.ENSP00000463069 9606.ENSP00000362047 0 0 0 0 0 0 289 289 
9606.ENSP00000463069 9606.ENSP00000284292 0 0 0 0 0 0 365 365 
9606.ENSP00000463069 9606.ENSP00000335320 0 0 0 0 0 0 207 207 
9606.ENSP00000463069 9606.ENSP00000371419 0 0 0 55 0 0 194 206 
9606.ENSP00000463069 9606.ENSP00000326581 0 0 0 50 50 0 286 299 
9606.ENSP00000463069 9606.ENSP00000360120 0 0 0 57 82 0 157 206 
9606.ENSP00000463069 9606.ENSP00000386759 0 0 0 80 262 0 272 463 
9606.ENSP00000463069 9606.ENSP00000260983 0 0 0 61 54 0 128 157 
9606.ENSP00000463069 9606.ENSP00000220849 0 0 0 62 0 0 244 260 
9606.ENSP00000463069 9606.ENSP00000383199 0 0 0 61 54 0 176 204 
9606.ENSP00000463069 9606.ENSP00000380635 0 0 0 62 0 0 269 285 
9606.ENSP00000463069 9606.ENSP00000334100 0 0 0 62 131 0 0 150 
9606.ENSP00000463069 9606.ENSP00000278903 0 0 0 0 0 0 154 154 
9606.ENSP00000463069 9606.ENSP00000354461 0 0 0 0 0 0 179 179 
9606.ENSP00000463069 9606.ENSP00000372351 0 0 0 63 159 0 104 232 
9606.ENSP00000463069 9606.ENSP00000369390 0 0 0 61 0 0 386 399 
9606.ENSP00000463069 9606.ENSP00000241453 0 0 0 0 0 0 184 184 
9606.ENSP00000463069 9606.ENSP00000257552 0 0 0 61 0 0 144 162 
9606.ENSP00000463069 9606.ENSP00000384719 0 0 0 55 64 0 292 319 
9606.ENSP00000463069 9606.ENSP00000478303 0 0 0 0 264 0 0 264 
9606.ENSP00000463069 9606.ENSP00000360141 0 0 0 0 0 0 669 669 
9606.ENSP00000463069 9606.ENSP00000353408 0 0 0 0 0 0 155 155 
9606.ENSP00000463069 9606.ENSP00000338157 0 0 0 50 50 0 138 154 
9606.ENSP00000463069 9606.ENSP00000332118 0 0 0 50 82 0 185 227 
9606.ENSP00000463069 9606.ENSP00000359567 0 0 0 45 0 0 173 176 
9606.ENSP00000463069 9606.ENSP00000361900 0 0 0 0 0 0 670 670 
9606.ENSP00000463069 9606.ENSP00000301246 0 0 0 0 0 0 165 165 
9606.ENSP00000463069 9606.ENSP00000228347 0 0 0 0 189 0 0 189 
9606.ENSP00000463069 9606.ENSP00000306372 0 0 0 50 50 0 142 158 
9606.ENSP00000463069 9606.ENSP00000333024 0 0 0 0 158 0 0 158 
9606.ENSP00000463069 9606.ENSP00000378350 0 0 0 0 165 0 0 165 
9606.ENSP00000463069 9606.ENSP00000264658 0 0 0 51 0 0 195 203 
9606.ENSP00000463069 9606.ENSP00000417980 0 0 0 0 158 0 0 158 
9606.ENSP00000463069 9606.ENSP00000303208 0 0 0 63 249 0 50 273 
9606.ENSP00000463069 9606.ENSP00000384651 0 0 0 61 0 0 132 150 
9606.ENSP00000463069 9606.ENSP00000264634 0 0 0 0 0 0 284 284 
9606.ENSP00000463069 9606.ENSP00000355809 0 0 0 0 0 0 162 162 
9606.ENSP00000463069 9606.ENSP00000354855 0 0 0 0 0 0 204 204 
9606.ENSP00000463069 9606.ENSP00000426809 0 0 0 62 0 0 160 178 
9606.ENSP00000463069 9606.ENSP00000457411 0 0 0 63 264 0 83 312 
9606.ENSP00000463069 9606.ENSP00000327608 0 0 0 0 0 0 150 150 
9606.ENSP00000463069 9606.ENSP00000411822 0 0 0 0 156 0 0 156 
9606.ENSP00000463069 9606.ENSP00000483552 0 0 0 63 261 0 287 463 
9606.ENSP00000463069 9606.ENSP00000410402 0 0 0 61 0 0 146 164 
9606.ENSP00000463069 9606.ENSP00000370625 0 0 0 63 312 0 45 330 
9606.ENSP00000463069 9606.ENSP00000273261 0 0 0 63 0 0 284 300 
9606.ENSP00000463069 9606.ENSP00000328340 0 0 0 55 0 0 236 247 
9606.ENSP00000463069 9606.ENSP00000234739 0 0 0 0 0 0 161 161 
9606.ENSP00000463069 9606.ENSP00000388107 0 0 0 62 387 900 45 937 
9606.ENSP00000463069 9606.ENSP00000386788 0 0 0 0 332 0 58 343 
9606.ENSP00000463069 9606.ENSP00000272164 0 0 0 49 0 0 154 161 
9606.ENSP00000463069 9606.ENSP00000295958 0 0 0 0 0 0 187 187 
9606.ENSP00000463069 9606.ENSP00000344456 0 0 0 0 0 0 581 581 
9606.ENSP00000463069 9606.ENSP00000430100 0 0 0 0 0 0 157 157 
9606.ENSP00000463069 9606.ENSP00000318032 0 0 0 0 0 0 153 153 
9606.ENSP00000463069 9606.ENSP00000263390 0 0 0 0 156 0 0 156 
9606.ENSP00000463069 9606.ENSP00000383820 0 0 0 58 0 0 226 239 
9606.ENSP00000463069 9606.ENSP00000479618 0 0 0 50 0 0 294 300 
9606.ENSP00000463069 9606.ENSP00000304360 0 0 0 0 158 0 0 158 
9606.ENSP00000463069 9606.ENSP00000262903 0 0 0 62 64 0 114 154 
9606.ENSP00000463069 9606.ENSP00000262320 0 0 0 54 55 0 481 496 
9606.ENSP00000463069 9606.ENSP00000274063 0 0 0 0 57 0 209 222 
9606.ENSP00000463069 9606.ENSP00000341032 0 0 0 0 0 0 218 218 
9606.ENSP00000463069 9606.ENSP00000285018 0 0 0 0 0 0 171 171 
9606.ENSP00000463069 9606.ENSP00000366249 0 0 0 0 287 0 50 293 
9606.ENSP00000463069 9606.ENSP00000309198 0 0 0 62 54 0 138 168 
9606.ENSP00000463069 9606.ENSP00000464265 0 0 0 0 287 0 50 293 
9606.ENSP00000463069 9606.ENSP00000341551 0 0 0 52 76 0 539 560 
9606.ENSP00000463069 9606.ENSP00000261800 0 0 0 0 0 0 226 226 
9606.ENSP00000463069 9606.ENSP00000428426 0 0 0 0 157 0 41 156 
9606.ENSP00000463069 9606.ENSP00000301067 0 0 0 62 159 0 213 324 
9606.ENSP00000463069 9606.ENSP00000444211 0 0 0 0 0 0 203 203 
9606.ENSP00000463069 9606.ENSP00000410157 0 0 0 0 0 0 284 284 
9606.ENSP00000463069 9606.ENSP00000465759 0 0 0 0 157 0 116 222 
9606.ENSP00000463069 9606.ENSP00000266674 0 0 0 62 800 900 657 992 
9606.ENSP00000463069 9606.ENSP00000385722 0 0 0 63 132 0 0 151 
9606.ENSP00000463069 9606.ENSP00000269289 0 0 0 0 158 0 0 158 
9606.ENSP00000463069 9606.ENSP00000263826 0 0 0 61 82 0 101 157 
9606.ENSP00000463069 9606.ENSP00000450527 0 0 0 0 49 0 169 175 
9606.ENSP00000463069 9606.ENSP00000378028 0 0 0 61 0 0 188 204 
9606.ENSP00000463069 9606.ENSP00000358404 0 0 0 62 379 0 312 564 
9606.ENSP00000463069 9606.ENSP00000267101 0 0 0 64 0 0 151 171 
9606.ENSP00000463069 9606.ENSP00000286574 0 0 0 0 0 0 246 246 
9606.ENSP00000463069 9606.ENSP00000282486 0 0 0 0 0 0 203 203 
9606.ENSP00000463069 9606.ENSP00000352738 0 0 0 49 261 0 0 267 
9606.ENSP00000463069 9606.ENSP00000302478 0 0 0 55 172 0 0 184 
9606.ENSP00000463069 9606.ENSP00000429084 0 0 0 64 54 0 207 236 
9606.ENSP00000463069 9606.ENSP00000264552 0 0 0 0 193 0 97 240 
9606.ENSP00000463069 9606.ENSP00000262545 0 0 0 63 249 0 50 273 
9606.ENSP00000463069 9606.ENSP00000331242 0 4 0 0 0 0 194 194 
9606.ENSP00000463069 9606.ENSP00000261427 0 0 0 64 193 0 158 308 
9606.ENSP00000463069 9606.ENSP00000451261 0 0 0 62 193 0 54 221 
9606.ENSP00000463069 9606.ENSP00000231790 0 0 0 61 0 0 354 367 
9606.ENSP00000463069 9606.ENSP00000384197 0 0 0 0 156 0 0 156 
9606.ENSP00000463069 9606.ENSP00000365924 0 0 0 55 0 0 200 211 
9606.ENSP00000463069 9606.ENSP00000360793 0 0 0 61 0 0 205 221 
9606.ENSP00000463069 9606.ENSP00000277225 0 0 0 50 50 0 218 232 
9606.ENSP00000463069 9606.ENSP00000225512 0 0 0 0 0 0 327 327 
9606.ENSP00000463069 9606.ENSP00000360689 0 0 0 62 0 0 196 214 
9606.ENSP00000463069 9606.ENSP00000323074 0 0 0 0 158 0 0 158 
9606.ENSP00000463069 9606.ENSP00000406293 0 0 0 0 156 0 0 156 
9606.ENSP00000463069 9606.ENSP00000380178 0 0 0 0 193 0 54 203 
9606.ENSP00000463069 9606.ENSP00000446280 0 0 0 63 261 0 58 290 
9606.ENSP00000463069 9606.ENSP00000282030 0 0 0 49 159 0 0 166 
9606.ENSP00000463069 9606.ENSP00000304108 0 0 0 0 0 0 314 314 
9606.ENSP00000463069 9606.ENSP00000469413 0 0 0 61 0 0 155 173 
9606.ENSP00000463069 9606.ENSP00000347433 0 0 0 0 0 0 256 256 
9606.ENSP00000463069 9606.ENSP00000293860 0 0 0 51 157 0 0 165 
9606.ENSP00000463069 9606.ENSP00000478721 0 0 0 0 0 0 482 482 
9606.ENSP00000463069 9606.ENSP00000485659 0 0 0 0 0 0 239 239 
9606.ENSP00000463069 9606.ENSP00000402084 0 0 0 59 126 0 63 162 
9606.ENSP00000463069 9606.ENSP00000263925 0 0 0 0 157 0 43 158 
9606.ENSP00000463069 9606.ENSP00000330898 0 0 0 61 190 0 0 206 
9606.ENSP00000463069 9606.ENSP00000341247 0 0 0 49 0 0 148 155 
9606.ENSP00000463069 9606.ENSP00000420659 0 0 0 50 50 0 174 190 
9606.ENSP00000463069 9606.ENSP00000268182 0 0 0 0 0 0 213 213 
9606.ENSP00000463069 9606.ENSP00000378294 0 0 0 61 147 0 440 512 
9606.ENSP00000463069 9606.ENSP00000364860 0 0 0 50 82 0 148 192 
9606.ENSP00000463069 9606.ENSP00000357297 0 0 0 0 0 0 543 543 
9606.ENSP00000463069 9606.ENSP00000348108 0 0 0 62 131 0 0 150 
9606.ENSP00000463069 9606.ENSP00000301788 0 0 0 57 264 0 84 308 
9606.ENSP00000463069 9606.ENSP00000331897 0 0 0 49 0 0 188 194 
9606.ENSP00000463069 9606.ENSP00000370088 0 0 0 0 0 0 155 155 
9606.ENSP00000463069 9606.ENSP00000410715 0 0 0 0 57 0 253 266 
9606.ENSP00000463069 9606.ENSP00000443824 0 0 0 0 0 900 283 925 
9606.ENSP00000463069 9606.ENSP00000377471 0 0 0 80 111 0 59 163 
9606.ENSP00000463069 9606.ENSP00000410294 0 0 0 0 0 0 224 224 
9606.ENSP00000463069 9606.ENSP00000295113 0 0 0 0 57 0 197 210 
9606.ENSP00000463069 9606.ENSP00000353538 0 0 0 62 0 0 132 151 
9606.ENSP00000463069 9606.ENSP00000234420 0 0 0 0 0 0 315 315 
9606.ENSP00000463069 9606.ENSP00000300954 0 0 0 63 261 0 50 284 
9606.ENSP00000463069 9606.ENSP00000352925 0 0 0 61 0 0 162 179 
9606.ENSP00000463069 9606.ENSP00000274031 0 0 0 0 158 0 0 158 
9606.ENSP00000463069 9606.ENSP00000433427 0 0 0 61 0 0 391 404 
9606.ENSP00000463069 9606.ENSP00000382423 0 0 0 0 0 0 153 153 
9606.ENSP00000463069 9606.ENSP00000345195 0 0 0 0 260 0 65 278 
9606.ENSP00000463069 9606.ENSP00000349722 0 0 0 0 479 0 58 488 
9606.ENSP00000463069 9606.ENSP00000245479 0 0 0 45 0 0 256 259 
9606.ENSP00000463069 9606.ENSP00000338703 0 0 0 62 0 0 212 229 
9606.ENSP00000463069 9606.ENSP00000373772 0 0 0 0 0 0 166 166 
9606.ENSP00000463069 9606.ENSP00000247970 0 0 0 87 186 0 58 238 
9606.ENSP00000463069 9606.ENSP00000361499 0 0 0 0 50 0 213 220 
9606.ENSP00000463069 9606.ENSP00000325526 0 0 0 0 0 0 231 231 
9606.ENSP00000463069 9606.ENSP00000350708 0 0 0 49 260 0 50 273 
9606.ENSP00000463069 9606.ENSP00000484824 0 0 0 0 0 0 231 231 
9606.ENSP00000463069 9606.ENSP00000298048 0 0 0 63 0 0 167 186 
9606.ENSP00000463069 9606.ENSP00000387310 0 0 0 62 0 0 378 391 
9606.ENSP00000463069 9606.ENSP00000357196 0 0 0 61 0 0 457 469 
9606.ENSP00000463069 9606.ENSP00000398632 0 0 0 0 0 0 167 167 
9606.ENSP00000463069 9606.ENSP00000375872 0 0 0 61 157 0 0 174 
9606.ENSP00000463069 9606.ENSP00000355629 0 0 0 0 165 0 0 165 
9606.ENSP00000463069 9606.ENSP00000297625 0 0 0 61 84 0 209 260 
9606.ENSP00000463069 9606.ENSP00000343515 0 0 0 0 156 0 0 156 
9606.ENSP00000463069 9606.ENSP00000467024 0 0 0 49 260 0 50 273 
9606.ENSP00000463069 9606.ENSP00000264883 0 0 0 0 167 0 0 167 
9606.ENSP00000463069 9606.ENSP00000348944 0 0 0 63 964 900 735 998 
9606.ENSP00000463069 9606.ENSP00000384638 0 0 0 0 0 0 270 270 
9606.ENSP00000463069 9606.ENSP00000288602 0 0 0 50 82 0 150 194 
9606.ENSP00000463069 9606.ENSP00000261584 0 0 0 0 0 0 309 309 
9606.ENSP00000463069 9606.ENSP00000269305 0 0 0 0 379 0 474 659 
9606.ENSP00000463069 9606.ENSP00000319096 0 0 0 61 0 0 155 172 
9606.ENSP00000463069 9606.ENSP00000403067 0 0 0 0 0 0 171 171 
9606.ENSP00000463069 9606.ENSP00000358674 0 0 0 0 287 0 81 317 
9606.ENSP00000463069 9606.ENSP00000234827 0 0 0 0 156 0 0 156 
9606.ENSP00000463069 9606.ENSP00000426103 0 0 0 62 262 0 81 308 
9606.ENSP00000463069 9606.ENSP00000288368 0 0 0 0 0 0 220 220 
9606.ENSP00000463069 9606.ENSP00000451188 0 0 0 0 156 0 0 156 
9606.ENSP00000463069 9606.ENSP00000361021 0 0 0 57 0 0 327 338 
9606.ENSP00000463069 9606.ENSP00000373586 0 0 0 0 0 0 286 286 
9606.ENSP00000463069 9606.ENSP00000351218 0 0 0 61 190 0 0 206 
9606.ENSP00000463069 9606.ENSP00000442788 0 0 0 0 0 0 214 214 
9606.ENSP00000463069 9606.ENSP00000481029 0 0 0 154 0 0 50 161 
9606.ENSP00000463069 9606.ENSP00000376910 0 0 0 62 0 0 164 182 
9606.ENSP00000463069 9606.ENSP00000271640 0 0 0 62 159 0 0 177 
9606.ENSP00000463069 9606.ENSP00000369497 0 0 0 62 0 0 329 343 
9606.ENSP00000463069 9606.ENSP00000287934 0 0 0 0 134 0 538 582 
9606.ENSP00000463069 9606.ENSP00000345492 0 0 0 0 0 0 167 167 
9606.ENSP00000463069 9606.ENSP00000315112 0 0 0 61 0 0 183 200 
9606.ENSP00000463069 9606.ENSP00000344488 0 0 0 0 0 0 154 154 
9606.ENSP00000463069 9606.ENSP00000348538 0 0 0 63 126 0 59 162 
9606.ENSP00000463069 9606.ENSP00000280377 0 0 0 64 0 0 130 151 
9606.ENSP00000463069 9606.ENSP00000368699 0 0 0 0 287 0 50 293 
9606.ENSP00000463069 9606.ENSP00000255977 0 0 0 61 50 0 142 167 
9606.ENSP00000463069 9606.ENSP00000412292 0 0 0 0 0 0 211 211 
9606.ENSP00000463069 9606.ENSP00000356150 0 0 0 0 0 0 158 158 
9606.ENSP00000463069 9606.ENSP00000262293 0 0 0 0 0 0 465 465 
9606.ENSP00000463069 9606.ENSP00000365233 0 0 0 63 249 0 50 273 
9606.ENSP00000463069 9606.ENSP00000300255 0 0 0 0 0 0 270 270 
9606.ENSP00000463069 9606.ENSP00000269216 0 0 0 0 64 0 130 151 
9606.ENSP00000463069 9606.ENSP00000324124 0 0 0 51 264 0 50 278 
9606.ENSP00000463069 9606.ENSP00000464893 0 0 0 73 177 0 58 218 
9606.ENSP00000463069 9606.ENSP00000419471 0 0 0 62 0 0 156 175 
9606.ENSP00000463069 9606.ENSP00000261517 0 0 0 62 0 0 189 207 
9606.ENSP00000463069 9606.ENSP00000339484 0 0 0 63 287 0 57 314 
9606.ENSP00000463069 9606.ENSP00000378307 0 0 0 61 0 0 297 311 
9606.ENSP00000463069 9606.ENSP00000347997 0 0 0 0 260 0 65 278 
9606.ENSP00000463069 9606.ENSP00000364839 0 0 0 0 0 0 167 167 
9606.ENSP00000463069 9606.ENSP00000483328 0 0 0 61 190 0 0 206 
9606.ENSP00000463069 9606.ENSP00000272645 0 0 0 51 264 0 85 305 
9606.ENSP00000463069 9606.ENSP00000358813 0 0 0 63 0 0 138 157 
9606.ENSP00000463069 9606.ENSP00000381717 0 0 0 0 479 0 58 488 
9606.ENSP00000463069 9606.ENSP00000304697 0 0 0 0 475 900 50 945 
9606.ENSP00000463069 9606.ENSP00000344223 0 0 0 63 249 0 50 273 
9606.ENSP00000463069 9606.ENSP00000293549 0 0 0 0 0 0 215 215 
9606.ENSP00000463069 9606.ENSP00000314724 0 0 0 0 0 0 186 186 
9606.ENSP00000463069 9606.ENSP00000361027 0 0 0 0 0 0 213 213 
9606.ENSP00000463069 9606.ENSP00000460380 0 0 0 77 0 0 157 189 
9606.ENSP00000463069 9606.ENSP00000326340 0 0 0 61 157 0 0 174 
9606.ENSP00000463069 9606.ENSP00000362773 0 0 0 81 170 0 77 234 
9606.ENSP00000463069 9606.ENSP00000311579 0 0 0 62 0 0 350 364 
9606.ENSP00000463069 9606.ENSP00000220772 0 0 0 0 57 0 217 230 
9606.ENSP00000463069 9606.ENSP00000358857 0 0 0 0 0 0 643 643 
9606.ENSP00000463069 9606.ENSP00000222567 0 0 0 0 185 0 0 185 
9606.ENSP00000463069 9606.ENSP00000312987 0 0 0 0 0 0 327 327 
9606.ENSP00000463069 9606.ENSP00000261769 0 0 0 79 0 0 211 242 
9606.ENSP00000463069 9606.ENSP00000277541 0 0 0 0 65 0 266 284 
9606.ENSP00000463069 9606.ENSP00000301061 0 0 0 0 0 0 171 171 
9606.ENSP00000463069 9606.ENSP00000475473 0 0 0 0 0 0 174 174 
9606.ENSP00000463069 9606.ENSP00000265081 0 0 0 0 0 0 183 183 
9606.ENSP00000463069 9606.ENSP00000266066 0 0 0 0 57 0 212 225 
9606.ENSP00000463069 9606.ENSP00000332353 0 0 0 0 0 0 243 243 
9606.ENSP00000463069 9606.ENSP00000262367 0 0 0 63 0 0 145 164 
9606.ENSP00000463069 9606.ENSP00000229595 0 0 0 61 159 0 0 176 
9606.ENSP00000463069 9606.ENSP00000301364 0 0 0 51 0 0 299 306 
9606.ENSP00000463069 9606.ENSP00000263228 0 0 0 0 193 0 54 203 
9606.ENSP00000463069 9606.ENSP00000434034 0 0 0 0 128 900 258 929 
9606.ENSP00000463069 9606.ENSP00000345785 0 0 0 0 128 0 148 225 
9606.ENSP00000463069 9606.ENSP00000390436 0 0 0 50 50 0 147 163 
9606.ENSP00000463069 9606.ENSP00000482304 0 0 0 0 0 0 173 173 
9606.ENSP00000463069 9606.ENSP00000262120 0 0 0 0 0 0 637 637 
9606.ENSP00000463069 9606.ENSP00000265171 0 0 0 0 0 0 161 161 
9606.ENSP00000463069 9606.ENSP00000378965 0 0 0 62 0 0 146 165 
9606.ENSP00000463069 9606.ENSP00000442656 0 0 0 50 82 0 139 183 
9606.ENSP00000463069 9606.ENSP00000346997 0 0 0 0 158 0 0 158 
9606.ENSP00000463069 9606.ENSP00000379721 0 0 0 0 0 0 213 213 
9606.ENSP00000463069 9606.ENSP00000318944 0 0 0 62 157 0 65 196 
9606.ENSP00000463069 9606.ENSP00000287647 0 0 0 62 299 0 0 314 
9606.ENSP00000463069 9606.ENSP00000217260 0 0 0 63 261 900 582 967 
9606.ENSP00000463069 9606.ENSP00000286201 0 0 0 0 134 0 340 404 
9606.ENSP00000463069 9606.ENSP00000457703 0 0 0 0 260 0 65 278 
9606.ENSP00000463069 9606.ENSP00000417963 0 0 0 63 81 0 116 172 
9606.ENSP00000463069 9606.ENSP00000340677 0 0 0 0 0 0 171 171 
9606.ENSP00000463069 9606.ENSP00000272317 0 0 0 0 358 900 50 933 
9606.ENSP00000463069 9606.ENSP00000352463 0 0 0 0 158 0 0 158 
9606.ENSP00000463069 9606.ENSP00000255448 0 0 0 62 0 0 138 156 
9606.ENSP00000463069 9606.ENSP00000431482 0 0 0 61 260 0 50 282 
9606.ENSP00000463069 9606.ENSP00000270279 0 0 0 62 0 0 290 305 
9606.ENSP00000463069 9606.ENSP00000342755 0 0 0 0 157 0 114 221 
9606.ENSP00000463069 9606.ENSP00000294954 0 0 0 0 0 0 160 160 
9606.ENSP00000463069 9606.ENSP00000241416 0 0 0 50 82 0 162 205 
9606.ENSP00000463069 9606.ENSP00000367686 0 0 0 61 0 0 205 222 
9606.ENSP00000463069 9606.ENSP00000364430 0 0 0 50 50 0 150 165 
9606.ENSP00000463069 9606.ENSP00000361818 0 0 0 0 0 0 203 203 
9606.ENSP00000463069 9606.ENSP00000348838 0 0 0 61 193 0 54 220 
9606.ENSP00000463069 9606.ENSP00000247668 0 0 0 0 156 0 0 156 
9606.ENSP00000463069 9606.ENSP00000367203 0 0 0 43 0 0 193 194 
9606.ENSP00000463069 9606.ENSP00000293894 0 0 0 45 0 0 182 185 
9606.ENSP00000463069 9606.ENSP00000367301 0 0 0 0 0 0 302 302 
9606.ENSP00000463069 9606.ENSP00000364037 0 0 0 0 0 0 158 158 
9606.ENSP00000463069 9606.ENSP00000384084 0 0 0 0 156 0 0 156 
9606.ENSP00000463069 9606.ENSP00000482760 0 0 0 63 261 0 113 332 
9606.ENSP00000463069 9606.ENSP00000379228 0 0 0 61 387 0 504 690 
9606.ENSP00000463069 9606.ENSP00000262189 0 0 0 62 159 0 473 547 
9606.ENSP00000463069 9606.ENSP00000340823 0 0 0 0 185 0 54 196 
9606.ENSP00000463069 9606.ENSP00000227507 0 0 0 0 0 0 215 215 
9606.ENSP00000463069 9606.ENSP00000359819 0 0 0 0 53 0 180 190 
9606.ENSP00000463069 9606.ENSP00000274498 0 0 0 51 0 0 189 197 
9606.ENSP00000463069 9606.ENSP00000409016 0 0 0 62 159 0 0 177 
9606.ENSP00000463069 9606.ENSP00000364678 0 0 0 0 158 0 0 158 
9606.ENSP00000463069 9606.ENSP00000366926 0 0 0 0 0 0 256 256 
9606.ENSP00000463069 9606.ENSP00000351015 0 0 0 61 0 0 223 239 
9606.ENSP00000463069 9606.ENSP00000380379 0 0 0 61 0 0 174 191 
9606.ENSP00000463069 9606.ENSP00000374455 0 0 0 62 262 0 59 291 
9606.ENSP00000463069 9606.ENSP00000303709 0 0 0 0 332 0 58 343 
9606.ENSP00000463069 9606.ENSP00000360116 0 0 0 0 193 0 69 216 
9606.ENSP00000463069 9606.ENSP00000343204 0 0 0 50 82 0 211 251 
9606.ENSP00000463069 9606.ENSP00000215574 0 0 0 0 193 0 61 210 
9606.ENSP00000463069 9606.ENSP00000363826 0 0 0 61 182 900 396 947 
9606.ENSP00000463069 9606.ENSP00000324856 0 0 0 63 0 0 313 328 
9606.ENSP00000463069 9606.ENSP00000221992 0 0 0 0 0 0 223 223 
9606.ENSP00000463069 9606.ENSP00000323901 0 0 0 0 134 0 231 306 
9606.ENSP00000463069 9606.ENSP00000407586 0 0 0 61 0 0 559 568 
9606.ENSP00000463069 9606.ENSP00000411250 0 0 0 63 262 0 108 329 
9606.ENSP00000463069 9606.ENSP00000378177 0 0 0 0 0 0 229 229 
9606.ENSP00000463069 9606.ENSP00000296474 0 0 0 82 82 0 83 160 
9606.ENSP00000463069 9606.ENSP00000389630 0 0 0 63 0 0 206 225 
9606.ENSP00000463069 9606.ENSP00000290015 0 0 0 61 0 0 196 212 
9606.ENSP00000463069 9606.ENSP00000265165 0 0 0 62 0 0 206 223 
9606.ENSP00000463069 9606.ENSP00000221859 0 0 0 51 264 0 0 271 
9606.ENSP00000463069 9606.ENSP00000393596 0 0 0 64 193 0 57 225 
9606.ENSP00000463069 9606.ENSP00000219022 0 0 0 0 0 0 229 229 
9606.ENSP00000463069 9606.ENSP00000361895 0 0 0 62 0 0 167 185 
9606.ENSP00000463069 9606.ENSP00000377001 0 0 0 63 0 0 221 238 
9606.ENSP00000463069 9606.ENSP00000470152 0 0 0 0 156 0 0 156 
9606.ENSP00000463069 9606.ENSP00000390265 0 0 0 49 0 0 186 192 
9606.ENSP00000463069 9606.ENSP00000477310 0 0 0 49 157 0 0 164 
9606.ENSP00000463069 9606.ENSP00000361446 0 0 0 51 172 0 57 194 
9606.ENSP00000463069 9606.ENSP00000271452 0 0 0 62 0 0 155 173 
9606.ENSP00000463069 9606.ENSP00000358880 0 0 0 0 0 0 153 153 
9606.ENSP00000463069 9606.ENSP00000372023 0 0 0 86 123 0 110 224 
9606.ENSP00000463069 9606.ENSP00000446916 0 0 0 0 0 0 202 202 
9606.ENSP00000463069 9606.ENSP00000348056 0 0 0 55 193 0 54 215 
9606.ENSP00000463069 9606.ENSP00000478927 0 0 0 61 54 0 164 193 
9606.ENSP00000463069 9606.ENSP00000257570 0 0 0 0 287 0 50 293 
9606.ENSP00000463069 9606.ENSP00000451828 0 0 0 61 82 0 179 231 
9606.ENSP00000463069 9606.ENSP00000370596 0 0 0 58 0 0 410 420 
9606.ENSP00000463069 9606.ENSP00000365576 0 0 0 0 260 0 65 278 
9606.ENSP00000463069 9606.ENSP00000351605 0 0 0 0 128 900 212 925 
9606.ENSP00000463069 9606.ENSP00000473391 0 0 0 62 0 0 196 214 
9606.ENSP00000463069 9606.ENSP00000431265 0 0 0 50 50 0 172 188 
9606.ENSP00000463069 9606.ENSP00000324804 0 0 0 51 0 0 224 232 
9606.ENSP00000463069 9606.ENSP00000403852 0 0 0 63 264 0 50 287 
9606.ENSP00000463069 9606.ENSP00000326330 0 0 0 63 261 0 50 284 
9606.ENSP00000463069 9606.ENSP00000269571 0 0 0 61 0 0 226 242 
9606.ENSP00000463069 9606.ENSP00000273541 0 0 0 0 156 0 0 156 
9606.ENSP00000463069 9606.ENSP00000382269 0 0 0 62 54 0 312 336 
9606.ENSP00000463069 9606.ENSP00000316054 0 0 0 0 0 0 253 253 
9606.ENSP00000463069 9606.ENSP00000375430 0 0 0 0 0 0 251 251 
9606.ENSP00000463069 9606.ENSP00000240100 0 0 0 62 0 0 166 185 
9606.ENSP00000463069 9606.ENSP00000258729 0 0 0 61 0 0 400 412 
9606.ENSP00000463069 9606.ENSP00000334044 0 0 0 0 287 0 50 293 
9606.ENSP00000463069 9606.ENSP00000268459 0 0 0 0 0 0 270 270 
9606.ENSP00000463069 9606.ENSP00000325285 0 0 0 61 0 0 379 392 
9606.ENSP00000463069 9606.ENSP00000250495 0 0 0 61 260 0 50 282 
9606.ENSP00000463069 9606.ENSP00000265339 0 0 0 0 193 0 102 244 
9606.ENSP00000463069 9606.ENSP00000342889 0 0 0 0 264 0 0 264 
9606.ENSP00000463069 9606.ENSP00000241051 0 0 0 59 0 0 241 255 
9606.ENSP00000463069 9606.ENSP00000393453 0 0 0 0 158 0 0 158 
9606.ENSP00000463069 9606.ENSP00000346175 0 0 0 62 159 0 0 177 
9606.ENSP00000463069 9606.ENSP00000342235 0 0 0 62 0 0 149 167 
9606.ENSP00000463069 9606.ENSP00000374152 0 0 0 0 158 0 0 158 
9606.ENSP00000463069 9606.ENSP00000346088 0 0 0 49 0 0 297 302 
9606.ENSP00000463069 9606.ENSP00000316176 0 0 0 0 332 0 58 343 
9606.ENSP00000463069 9606.ENSP00000456566 0 0 0 0 156 0 0 156 
9606.ENSP00000463069 9606.ENSP00000363763 0 0 0 50 82 0 182 225 
9606.ENSP00000463069 9606.ENSP00000376297 0 0 0 49 157 0 0 164 
9606.ENSP00000463069 9606.ENSP00000329097 0 0 0 0 159 0 116 224 
9606.ENSP00000463069 9606.ENSP00000312675 0 0 0 55 0 0 140 153 
9606.ENSP00000463069 9606.ENSP00000375649 0 0 0 0 187 0 0 187 
9606.ENSP00000463069 9606.ENSP00000373952 0 0 0 0 0 0 212 212 
9606.ENSP00000463069 9606.ENSP00000363081 0 0 0 64 0 0 341 356 
9606.ENSP00000463069 9606.ENSP00000418960 0 0 0 0 0 0 226 226 
9606.ENSP00000463069 9606.ENSP00000395654 0 0 0 73 0 0 265 290 
9606.ENSP00000463069 9606.ENSP00000346537 0 0 0 0 0 0 226 226 
9606.ENSP00000463069 9606.ENSP00000337088 0 0 0 0 0 0 281 281 
9606.ENSP00000463069 9606.ENSP00000287156 0 0 0 0 193 0 54 203 
9606.ENSP00000463069 9606.ENSP00000216068 0 0 0 49 157 0 0 164 
9606.ENSP00000463069 9606.ENSP00000296328 0 0 0 64 314 0 57 341 
9606.ENSP00000463069 9606.ENSP00000014914 0 0 0 0 0 0 152 152 
9606.ENSP00000463069 9606.ENSP00000395929 0 0 0 63 159 0 209 322 
9606.ENSP00000463069 9606.ENSP00000328848 0 0 0 63 0 0 173 192 
9606.ENSP00000463069 9606.ENSP00000228682 0 0 0 50 50 0 171 186 
9606.ENSP00000463069 9606.ENSP00000256078 0 0 0 61 0 0 582 590 
9606.ENSP00000463069 9606.ENSP00000364398 0 0 0 0 0 0 256 256 
9606.ENSP00000463069 9606.ENSP00000172229 0 0 0 0 0 0 153 153 
9606.ENSP00000463069 9606.ENSP00000219150 0 0 0 80 111 0 46 151 
9606.ENSP00000463069 9606.ENSP00000361465 0 0 0 61 185 0 0 201 
9606.ENSP00000463069 9606.ENSP00000255631 0 0 0 61 147 0 0 164 
9606.ENSP00000463069 9606.ENSP00000322304 0 0 0 0 0 0 546 546 
9606.ENSP00000463069 9606.ENSP00000263997 0 0 0 0 186 0 68 208 
9606.ENSP00000463069 9606.ENSP00000406861 0 0 0 0 0 0 410 410 
9606.ENSP00000463069 9606.ENSP00000346829 0 0 0 61 0 0 198 214 
9606.ENSP00000463069 9606.ENSP00000442924 0 0 0 83 159 0 0 195 
9606.ENSP00000463069 9606.ENSP00000222462 0 0 0 0 0 0 165 165 
9606.ENSP00000463069 9606.ENSP00000350267 0 0 0 108 0 0 112 174 
9606.ENSP00000463069 9606.ENSP00000320147 0 0 0 0 159 0 97 208 
9606.ENSP00000463069 9606.ENSP00000440038 0 0 0 0 156 0 0 156 
9606.ENSP00000463069 9606.ENSP00000437955 0 0 0 0 0 0 309 309 
9606.ENSP00000463069 9606.ENSP00000394496 0 0 0 80 111 0 46 151 
9606.ENSP00000463069 9606.ENSP00000363019 0 0 0 0 332 0 70 352 
9606.ENSP00000463069 9606.ENSP00000351209 0 0 0 50 82 0 150 194 
9606.ENSP00000463069 9606.ENSP00000078429 0 0 0 57 0 0 161 174 
9606.ENSP00000463069 9606.ENSP00000368959 0 0 0 49 0 0 150 157 
9606.ENSP00000463069 9606.ENSP00000303398 0 0 0 0 0 0 154 154 
9606.ENSP00000463069 9606.ENSP00000380718 0 0 0 63 123 0 81 179 
9606.ENSP00000463069 9606.ENSP00000326227 0 0 0 51 80 0 223 262 
9606.ENSP00000463069 9606.ENSP00000379762 0 0 0 64 0 0 179 198 
9606.ENSP00000463069 9606.ENSP00000404658 0 0 0 0 158 0 0 158 
9606.ENSP00000463069 9606.ENSP00000284523 0 0 0 0 0 900 443 942 
9606.ENSP00000463069 9606.ENSP00000453293 0 0 0 0 0 0 165 165 
9606.ENSP00000463069 9606.ENSP00000419184 0 0 0 0 158 0 0 158 
9606.ENSP00000463069 9606.ENSP00000245304 0 0 0 61 0 0 392 405 
9606.ENSP00000463069 9606.ENSP00000343746 0 0 0 80 111 0 46 151 
9606.ENSP00000463069 9606.ENSP00000261368 0 0 0 0 0 0 179 179 
9606.ENSP00000463069 9606.ENSP00000428056 0 0 0 0 0 0 150 150 
9606.ENSP00000463069 9606.ENSP00000445381 0 0 0 62 0 0 267 283 
9606.ENSP00000463069 9606.ENSP00000480158 0 0 0 62 172 0 57 203 
9606.ENSP00000463069 9606.ENSP00000295317 0 0 0 63 0 0 154 174 
9606.ENSP00000463069 9606.ENSP00000373700 0 0 0 50 82 0 211 251 
9606.ENSP00000463069 9606.ENSP00000313829 0 0 0 62 131 0 0 150 
9606.ENSP00000463069 9606.ENSP00000379931 0 0 0 0 293 0 58 305 
9606.ENSP00000463069 9606.ENSP00000344546 0 0 0 62 0 0 197 214 
