9606.ENSP00000226284 9606.ENSP00000310928 0 0 0 0 0 0 213 213 
9606.ENSP00000226284 9606.ENSP00000300060 0 0 0 62 124 0 168 256 
9606.ENSP00000226284 9606.ENSP00000441691 0 0 0 62 0 0 164 182 
9606.ENSP00000226284 9606.ENSP00000291582 0 0 0 61 85 0 124 181 
9606.ENSP00000226284 9606.ENSP00000418915 0 0 0 62 64 0 116 156 
9606.ENSP00000226284 9606.ENSP00000301466 0 0 0 106 0 0 126 185 
9606.ENSP00000226284 9606.ENSP00000264595 0 0 0 61 0 0 630 638 
9606.ENSP00000226284 9606.ENSP00000338766 0 0 0 0 177 0 42 177 
9606.ENSP00000226284 9606.ENSP00000261464 0 0 0 62 128 0 51 155 
9606.ENSP00000226284 9606.ENSP00000261349 0 0 0 0 0 0 166 166 
9606.ENSP00000226284 9606.ENSP00000373783 0 0 0 61 0 0 185 202 
9606.ENSP00000226284 9606.ENSP00000281708 0 0 0 64 0 0 208 226 
9606.ENSP00000226284 9606.ENSP00000252818 0 0 0 0 0 0 211 211 
9606.ENSP00000226284 9606.ENSP00000360493 0 0 0 0 0 0 893 893 
9606.ENSP00000226284 9606.ENSP00000325376 0 0 0 0 157 0 51 165 
9606.ENSP00000226284 9606.ENSP00000350052 0 0 0 61 85 0 163 218 
9606.ENSP00000226284 9606.ENSP00000231509 0 0 0 0 0 0 177 177 
9606.ENSP00000226284 9606.ENSP00000350199 0 0 0 49 182 0 0 188 
9606.ENSP00000226284 9606.ENSP00000378699 0 0 0 63 50 0 202 228 
9606.ENSP00000226284 9606.ENSP00000354911 0 0 0 0 0 0 158 158 
9606.ENSP00000226284 9606.ENSP00000383118 0 0 0 0 132 0 129 212 
9606.ENSP00000226284 9606.ENSP00000355388 0 0 0 63 290 0 113 358 
9606.ENSP00000226284 9606.ENSP00000412957 0 0 0 59 181 0 102 247 
9606.ENSP00000226284 9606.ENSP00000293379 0 0 0 62 0 600 224 683 
9606.ENSP00000226284 9606.ENSP00000221930 0 0 0 0 0 0 323 323 
9606.ENSP00000226284 9606.ENSP00000352111 0 0 0 62 0 0 159 177 
9606.ENSP00000226284 9606.ENSP00000332744 0 0 0 0 0 0 218 218 
9606.ENSP00000226284 9606.ENSP00000447378 0 0 0 0 0 0 223 223 
9606.ENSP00000226284 9606.ENSP00000482835 0 0 0 49 182 0 0 188 
9606.ENSP00000226284 9606.ENSP00000375881 0 0 0 0 0 0 407 407 
9606.ENSP00000226284 9606.ENSP00000484592 0 0 0 0 0 0 167 167 
9606.ENSP00000226284 9606.ENSP00000236671 0 0 0 62 0 0 135 154 
9606.ENSP00000226284 9606.ENSP00000368544 0 0 0 59 86 0 96 154 
9606.ENSP00000226284 9606.ENSP00000011653 0 0 0 0 0 0 186 186 
9606.ENSP00000226284 9606.ENSP00000408429 0 0 0 0 0 0 161 161 
9606.ENSP00000226284 9606.ENSP00000380227 0 0 0 62 0 600 213 678 
9606.ENSP00000226284 9606.ENSP00000360293 0 0 0 64 0 0 179 198 
9606.ENSP00000226284 9606.ENSP00000307786 0 0 0 0 0 0 222 222 
9606.ENSP00000226284 9606.ENSP00000457466 0 0 0 61 85 0 93 152 
9606.ENSP00000226284 9606.ENSP00000467141 0 0 0 80 0 0 128 164 
9606.ENSP00000226284 9606.ENSP00000455547 0 0 0 88 0 0 130 172 
9606.ENSP00000226284 9606.ENSP00000222726 0 0 0 0 0 0 220 220 
9606.ENSP00000226284 9606.ENSP00000352565 0 0 0 0 50 0 228 235 
9606.ENSP00000226284 9606.ENSP00000222115 0 0 0 0 299 0 150 378 
9606.ENSP00000226284 9606.ENSP00000283871 0 0 0 62 0 0 416 428 
9606.ENSP00000226284 9606.ENSP00000300576 0 0 0 62 0 0 159 177 
9606.ENSP00000226284 9606.ENSP00000330237 0 0 0 0 76 0 232 260 
9606.ENSP00000226284 9606.ENSP00000230538 0 0 0 61 0 0 153 170 
9606.ENSP00000226284 9606.ENSP00000340982 0 0 0 0 0 0 284 284 
9606.ENSP00000226284 9606.ENSP00000394487 0 0 0 62 128 0 50 155 
9606.ENSP00000226284 9606.ENSP00000276659 0 0 0 52 0 0 156 166 
9606.ENSP00000226284 9606.ENSP00000341219 0 0 0 61 177 0 0 194 
9606.ENSP00000226284 9606.ENSP00000345230 0 0 0 121 52 0 82 168 
9606.ENSP00000226284 9606.ENSP00000381611 0 0 0 0 0 0 169 169 
9606.ENSP00000226284 9606.ENSP00000362680 0 0 0 61 0 0 267 282 
9606.ENSP00000226284 9606.ENSP00000005386 0 0 0 62 177 0 42 195 
9606.ENSP00000226284 9606.ENSP00000040584 0 0 0 0 0 0 157 157 
9606.ENSP00000226284 9606.ENSP00000313809 0 0 0 0 0 0 572 572 
9606.ENSP00000226284 9606.ENSP00000414982 0 0 0 0 177 0 42 177 
9606.ENSP00000226284 9606.ENSP00000433623 0 0 0 62 128 0 116 213 
9606.ENSP00000226284 9606.ENSP00000341805 0 0 0 62 0 0 173 191 
9606.ENSP00000226284 9606.ENSP00000348089 0 0 0 61 85 0 130 187 
9606.ENSP00000226284 9606.ENSP00000318437 0 0 0 0 0 0 311 311 
9606.ENSP00000226284 9606.ENSP00000306185 0 0 0 63 0 0 275 292 
9606.ENSP00000226284 9606.ENSP00000262210 0 0 0 0 0 0 224 224 
9606.ENSP00000226284 9606.ENSP00000398698 0 0 0 0 0 0 282 282 
9606.ENSP00000226284 9606.ENSP00000370542 0 0 0 0 0 0 221 221 
9606.ENSP00000226284 9606.ENSP00000366135 0 0 0 63 133 0 64 173 
9606.ENSP00000226284 9606.ENSP00000351273 0 0 0 0 76 0 230 258 
9606.ENSP00000226284 9606.ENSP00000290167 0 0 0 0 0 0 163 163 
9606.ENSP00000226284 9606.ENSP00000293879 0 0 0 62 134 0 0 152 
9606.ENSP00000226284 9606.ENSP00000261597 0 0 0 64 0 0 173 192 
9606.ENSP00000226284 9606.ENSP00000360871 0 0 0 62 0 0 347 361 
9606.ENSP00000226284 9606.ENSP00000372059 0 0 0 64 0 0 302 319 
9606.ENSP00000226284 9606.ENSP00000261647 0 0 0 0 177 0 42 177 
9606.ENSP00000226284 9606.ENSP00000295897 0 0 0 0 0 0 416 416 
9606.ENSP00000226284 9606.ENSP00000282091 0 0 0 0 0 0 644 644 
9606.ENSP00000226284 9606.ENSP00000331902 0 0 0 0 0 900 0 900 
9606.ENSP00000226284 9606.ENSP00000443827 0 0 0 62 83 0 860 869 
9606.ENSP00000226284 9606.ENSP00000357705 0 0 0 0 0 0 165 165 
9606.ENSP00000226284 9606.ENSP00000411940 0 0 0 0 0 0 186 186 
9606.ENSP00000226284 9606.ENSP00000300648 0 0 0 63 0 0 134 153 
9606.ENSP00000226284 9606.ENSP00000312664 0 0 0 0 76 0 345 368 
9606.ENSP00000226284 9606.ENSP00000377536 0 0 0 0 0 0 211 211 
9606.ENSP00000226284 9606.ENSP00000362299 0 0 0 0 0 0 471 471 
9606.ENSP00000226284 9606.ENSP00000362329 0 0 0 79 124 0 65 179 
9606.ENSP00000226284 9606.ENSP00000355308 0 0 0 62 0 0 571 580 
9606.ENSP00000226284 9606.ENSP00000441765 0 0 0 0 0 0 721 721 
9606.ENSP00000226284 9606.ENSP00000328181 0 0 0 0 0 0 416 416 
9606.ENSP00000226284 9606.ENSP00000340736 0 0 0 61 0 0 172 189 
9606.ENSP00000226284 9606.ENSP00000359410 0 0 0 61 192 0 0 208 
9606.ENSP00000226284 9606.ENSP00000379383 0 0 0 0 0 0 475 475 
9606.ENSP00000226284 9606.ENSP00000343924 0 0 0 0 42 0 212 212 
9606.ENSP00000226284 9606.ENSP00000418397 0 0 0 0 0 0 280 280 
9606.ENSP00000226284 9606.ENSP00000266719 0 0 0 0 42 0 189 189 
9606.ENSP00000226284 9606.ENSP00000261514 0 0 0 62 0 0 167 185 
9606.ENSP00000226284 9606.ENSP00000409666 0 0 0 0 157 0 403 475 
9606.ENSP00000226284 9606.ENSP00000366487 0 0 0 0 261 0 87 296 
9606.ENSP00000226284 9606.ENSP00000000233 0 0 0 0 261 0 87 296 
9606.ENSP00000226284 9606.ENSP00000368678 0 0 0 64 0 0 298 315 
9606.ENSP00000226284 9606.ENSP00000275493 0 0 0 0 0 0 185 185 
9606.ENSP00000226284 9606.ENSP00000478319 0 0 0 61 0 0 152 169 
9606.ENSP00000226284 9606.ENSP00000370337 0 0 0 63 133 0 0 152 
9606.ENSP00000226284 9606.ENSP00000322570 0 0 0 143 0 0 50 151 
9606.ENSP00000226284 9606.ENSP00000468367 0 0 0 61 182 0 0 199 
9606.ENSP00000226284 9606.ENSP00000364864 0 0 0 57 59 0 134 164 
9606.ENSP00000226284 9606.ENSP00000377806 0 0 0 63 150 0 0 169 
9606.ENSP00000226284 9606.ENSP00000378517 0 0 0 88 0 0 921 925 
9606.ENSP00000226284 9606.ENSP00000380517 0 0 0 0 0 0 150 150 
9606.ENSP00000226284 9606.ENSP00000263923 0 0 0 0 0 0 169 169 
9606.ENSP00000226284 9606.ENSP00000263341 0 0 0 0 0 0 187 187 
9606.ENSP00000226284 9606.ENSP00000349823 0 0 0 62 85 0 93 153 
9606.ENSP00000226284 9606.ENSP00000222390 0 0 0 0 0 0 167 167 
9606.ENSP00000226284 9606.ENSP00000317872 0 0 0 64 133 0 92 198 
9606.ENSP00000226284 9606.ENSP00000226578 0 0 0 0 0 0 345 345 
9606.ENSP00000226284 9606.ENSP00000362386 0 0 0 0 177 0 42 177 
9606.ENSP00000226284 9606.ENSP00000360162 0 0 0 61 85 0 101 160 
9606.ENSP00000226284 9606.ENSP00000479089 0 0 0 0 0 0 269 269 
9606.ENSP00000226284 9606.ENSP00000254898 0 0 0 0 0 0 170 170 
9606.ENSP00000226284 9606.ENSP00000313500 0 0 0 0 0 0 245 245 
9606.ENSP00000226284 9606.ENSP00000423550 0 0 0 61 85 0 130 187 
9606.ENSP00000226284 9606.ENSP00000264498 0 0 0 0 0 0 713 713 
9606.ENSP00000226284 9606.ENSP00000294304 0 0 0 0 0 0 439 439 
9606.ENSP00000226284 9606.ENSP00000354360 0 0 0 61 0 0 540 549 
9606.ENSP00000226284 9606.ENSP00000296511 0 0 0 0 0 0 171 171 
9606.ENSP00000226284 9606.ENSP00000305692 0 0 0 0 0 0 167 167 
9606.ENSP00000226284 9606.ENSP00000376077 0 0 0 0 157 0 237 329 
9606.ENSP00000226284 9606.ENSP00000362824 0 0 0 0 177 0 67 199 
9606.ENSP00000226284 9606.ENSP00000379204 0 0 0 0 0 0 564 564 
9606.ENSP00000226284 9606.ENSP00000380432 0 0 0 0 0 0 398 398 
9606.ENSP00000226284 9606.ENSP00000322628 0 0 0 0 261 0 87 296 
9606.ENSP00000226284 9606.ENSP00000285039 0 0 0 63 50 0 203 228 
9606.ENSP00000226284 9606.ENSP00000340274 0 0 0 51 132 0 54 152 
9606.ENSP00000226284 9606.ENSP00000477507 0 0 0 0 0 0 170 170 
9606.ENSP00000226284 9606.ENSP00000353654 0 0 0 0 0 900 83 904 
9606.ENSP00000226284 9606.ENSP00000353874 0 0 0 0 42 0 187 187 
9606.ENSP00000226284 9606.ENSP00000354720 0 0 0 125 0 0 69 150 
9606.ENSP00000226284 9606.ENSP00000229307 0 0 0 0 0 0 268 268 
9606.ENSP00000226284 9606.ENSP00000408132 0 0 0 62 0 0 159 177 
9606.ENSP00000226284 9606.ENSP00000367198 0 0 0 51 0 0 191 199 
9606.ENSP00000226284 9606.ENSP00000399679 0 0 0 0 0 0 155 155 
9606.ENSP00000226284 9606.ENSP00000332973 0 0 0 63 0 0 286 302 
9606.ENSP00000226284 9606.ENSP00000332139 0 0 0 0 0 0 313 313 
9606.ENSP00000226284 9606.ENSP00000262426 0 0 0 0 0 0 235 235 
9606.ENSP00000226284 9606.ENSP00000341013 0 0 0 0 0 0 342 342 
9606.ENSP00000226284 9606.ENSP00000282397 0 0 0 0 0 0 165 165 
9606.ENSP00000226284 9606.ENSP00000262160 0 0 0 63 0 0 260 277 
9606.ENSP00000226284 9606.ENSP00000389870 0 0 0 0 77 0 399 421 
9606.ENSP00000226284 9606.ENSP00000262407 0 0 0 62 0 600 213 678 
9606.ENSP00000226284 9606.ENSP00000385828 0 0 0 0 74 0 172 200 
9606.ENSP00000226284 9606.ENSP00000285381 0 0 0 62 0 0 145 163 
9606.ENSP00000226284 9606.ENSP00000323929 0 0 0 63 0 0 163 182 
9606.ENSP00000226284 9606.ENSP00000228938 0 0 0 0 0 0 560 560 
9606.ENSP00000226284 9606.ENSP00000229135 0 0 0 0 0 0 185 185 
9606.ENSP00000226284 9606.ENSP00000340510 0 0 0 53 64 0 300 325 
9606.ENSP00000226284 9606.ENSP00000404247 0 0 0 0 261 0 87 296 
9606.ENSP00000226284 9606.ENSP00000307235 0 0 0 49 0 0 160 167 
9606.ENSP00000226284 9606.ENSP00000405330 0 0 0 0 0 0 266 266 
9606.ENSP00000226284 9606.ENSP00000264712 0 0 0 57 59 0 233 259 
9606.ENSP00000226284 9606.ENSP00000359866 0 0 0 0 0 0 243 243 
9606.ENSP00000226284 9606.ENSP00000358327 0 0 0 0 76 0 294 319 
9606.ENSP00000226284 9606.ENSP00000341189 0 0 0 0 0 600 211 670 
9606.ENSP00000226284 9606.ENSP00000381377 0 0 0 64 130 0 0 150 
9606.ENSP00000226284 9606.ENSP00000414856 0 0 0 136 0 0 511 560 
9606.ENSP00000226284 9606.ENSP00000308208 0 0 0 0 0 0 208 208 
9606.ENSP00000226284 9606.ENSP00000433757 0 0 0 57 180 0 42 194 
9606.ENSP00000226284 9606.ENSP00000458585 0 0 0 0 0 0 195 195 
9606.ENSP00000226284 9606.ENSP00000429273 0 0 0 0 0 0 179 179 
9606.ENSP00000226284 9606.ENSP00000354621 0 0 0 61 0 0 273 288 
9606.ENSP00000226284 9606.ENSP00000209875 0 0 0 61 263 0 105 326 
9606.ENSP00000226284 9606.ENSP00000397552 0 0 0 50 175 0 99 232 
9606.ENSP00000226284 9606.ENSP00000222718 0 0 0 0 0 0 386 386 
9606.ENSP00000226284 9606.ENSP00000269127 0 0 0 61 85 0 93 152 
9606.ENSP00000226284 9606.ENSP00000351905 0 0 0 61 0 0 138 155 
9606.ENSP00000226284 9606.ENSP00000336606 0 0 0 112 85 0 49 159 
9606.ENSP00000226284 9606.ENSP00000359114 0 0 0 62 0 0 266 282 
9606.ENSP00000226284 9606.ENSP00000452786 0 0 0 0 110 900 194 922 
9606.ENSP00000226284 9606.ENSP00000434412 0 0 0 0 0 0 354 354 
9606.ENSP00000226284 9606.ENSP00000282903 0 0 0 0 0 0 202 202 
9606.ENSP00000226284 9606.ENSP00000335285 0 0 0 0 0 0 560 560 
9606.ENSP00000226284 9606.ENSP00000378306 0 0 0 64 63 0 297 329 
9606.ENSP00000226284 9606.ENSP00000324422 0 0 0 91 107 0 221 312 
9606.ENSP00000226284 9606.ENSP00000327513 0 0 0 0 0 0 311 311 
9606.ENSP00000226284 9606.ENSP00000370555 0 0 0 61 0 0 172 189 
9606.ENSP00000226284 9606.ENSP00000436786 0 0 0 63 0 0 287 303 
9606.ENSP00000226284 9606.ENSP00000412237 0 0 0 0 0 0 185 185 
9606.ENSP00000226284 9606.ENSP00000205557 0 0 0 63 50 0 164 190 
9606.ENSP00000226284 9606.ENSP00000377037 0 0 0 0 0 0 203 203 
9606.ENSP00000226284 9606.ENSP00000293970 0 0 0 88 0 0 190 230 
9606.ENSP00000226284 9606.ENSP00000265164 0 0 0 0 76 0 347 370 
9606.ENSP00000226284 9606.ENSP00000283921 0 0 0 0 65 0 174 194 
9606.ENSP00000226284 9606.ENSP00000336790 0 0 0 62 0 0 447 459 
9606.ENSP00000226284 9606.ENSP00000354238 0 0 0 63 0 900 422 941 
9606.ENSP00000226284 9606.ENSP00000305976 0 0 0 0 0 0 246 246 
9606.ENSP00000226284 9606.ENSP00000170564 0 0 0 63 0 0 585 595 
9606.ENSP00000226284 9606.ENSP00000379847 0 0 0 0 83 0 539 559 
9606.ENSP00000226284 9606.ENSP00000218388 0 0 0 0 0 0 242 242 
9606.ENSP00000226284 9606.ENSP00000483673 0 0 0 62 0 0 343 357 
9606.ENSP00000226284 9606.ENSP00000359385 0 0 0 0 0 0 235 235 
9606.ENSP00000226284 9606.ENSP00000302625 0 0 0 0 0 0 286 286 
9606.ENSP00000226284 9606.ENSP00000393887 0 0 0 0 0 0 447 447 
9606.ENSP00000226284 9606.ENSP00000356953 0 0 0 0 0 0 169 169 
9606.ENSP00000226284 9606.ENSP00000384851 0 0 0 0 0 0 186 186 
9606.ENSP00000226284 9606.ENSP00000359333 0 0 0 0 0 0 194 194 
9606.ENSP00000226284 9606.ENSP00000217188 0 0 0 61 0 0 238 254 
9606.ENSP00000226284 9606.ENSP00000377060 0 0 0 61 263 0 105 326 
9606.ENSP00000226284 9606.ENSP00000234313 0 0 0 0 0 0 210 210 
9606.ENSP00000226284 9606.ENSP00000284240 0 0 0 0 0 0 440 440 
9606.ENSP00000226284 9606.ENSP00000221801 0 0 0 62 0 0 164 182 
9606.ENSP00000226284 9606.ENSP00000349790 0 0 0 56 0 0 200 213 
9606.ENSP00000226284 9606.ENSP00000483599 0 0 0 0 0 0 259 259 
9606.ENSP00000226284 9606.ENSP00000266712 0 0 0 0 177 0 42 177 
9606.ENSP00000226284 9606.ENSP00000379330 0 0 0 0 0 0 193 193 
9606.ENSP00000226284 9606.ENSP00000355304 0 0 0 0 179 0 0 179 
9606.ENSP00000226284 9606.ENSP00000351807 0 0 0 0 0 0 639 639 
9606.ENSP00000226284 9606.ENSP00000251496 0 0 0 63 0 0 268 285 
9606.ENSP00000226284 9606.ENSP00000363064 0 0 0 0 83 0 355 383 
9606.ENSP00000226284 9606.ENSP00000363250 0 0 0 61 132 0 0 150 
9606.ENSP00000226284 9606.ENSP00000379891 0 0 0 61 181 0 0 198 
9606.ENSP00000226284 9606.ENSP00000200181 0 0 0 0 110 600 69 639 
9606.ENSP00000226284 9606.ENSP00000294638 0 0 0 0 0 0 282 282 
9606.ENSP00000226284 9606.ENSP00000227520 0 0 0 0 0 0 158 158 
9606.ENSP00000226284 9606.ENSP00000415283 0 0 0 0 0 0 407 407 
9606.ENSP00000226284 9606.ENSP00000219070 0 0 0 0 0 0 360 360 
9606.ENSP00000226284 9606.ENSP00000377280 0 0 0 0 181 0 66 202 
9606.ENSP00000226284 9606.ENSP00000480376 0 0 0 62 0 0 343 357 
9606.ENSP00000226284 9606.ENSP00000355013 0 0 0 61 177 0 182 312 
9606.ENSP00000226284 9606.ENSP00000476384 0 0 0 0 50 0 148 156 
9606.ENSP00000226284 9606.ENSP00000286301 0 0 0 0 0 0 198 198 
9606.ENSP00000226284 9606.ENSP00000288135 0 0 0 0 0 0 190 190 
9606.ENSP00000226284 9606.ENSP00000318884 0 0 0 62 164 0 46 186 
9606.ENSP00000226284 9606.ENSP00000364631 0 0 0 62 128 0 50 155 
9606.ENSP00000226284 9606.ENSP00000379210 0 0 0 82 150 0 0 186 
9606.ENSP00000226284 9606.ENSP00000370395 0 0 0 0 177 0 42 177 
9606.ENSP00000226284 9606.ENSP00000349458 0 0 0 0 179 0 51 187 
9606.ENSP00000226284 9606.ENSP00000296130 0 0 0 0 0 0 208 208 
9606.ENSP00000226284 9606.ENSP00000321999 0 0 0 0 0 0 420 420 
9606.ENSP00000226284 9606.ENSP00000456894 0 0 0 62 0 0 159 177 
9606.ENSP00000226284 9606.ENSP00000379258 0 0 0 64 83 0 100 160 
9606.ENSP00000226284 9606.ENSP00000229795 0 0 0 55 73 0 129 171 
9606.ENSP00000226284 9606.ENSP00000354982 0 0 0 0 0 0 167 167 
9606.ENSP00000226284 9606.ENSP00000432282 0 0 0 64 0 0 187 206 
9606.ENSP00000226284 9606.ENSP00000331746 0 0 0 61 0 0 245 260 
9606.ENSP00000226284 9606.ENSP00000265441 0 0 0 0 0 0 174 174 
9606.ENSP00000226284 9606.ENSP00000401112 0 0 0 0 0 0 388 388 
9606.ENSP00000226284 9606.ENSP00000336687 0 0 0 61 263 0 105 326 
9606.ENSP00000226284 9606.ENSP00000329219 0 0 0 62 164 0 46 186 
9606.ENSP00000226284 9606.ENSP00000340874 0 0 0 0 87 0 162 202 
9606.ENSP00000226284 9606.ENSP00000262965 0 0 0 0 0 0 196 196 
9606.ENSP00000226284 9606.ENSP00000471191 0 0 0 0 0 0 218 218 
9606.ENSP00000226284 9606.ENSP00000005178 0 0 0 63 70 0 104 151 
9606.ENSP00000226284 9606.ENSP00000236137 0 0 0 0 163 0 0 163 
9606.ENSP00000226284 9606.ENSP00000367208 0 0 0 57 180 0 42 194 
9606.ENSP00000226284 9606.ENSP00000393313 0 0 0 61 60 0 132 166 
9606.ENSP00000226284 9606.ENSP00000454207 0 0 0 62 128 0 55 159 
9606.ENSP00000226284 9606.ENSP00000249636 0 0 0 63 0 0 291 307 
9606.ENSP00000226284 9606.ENSP00000225964 0 0 0 55 0 0 676 681 
9606.ENSP00000226284 9606.ENSP00000382800 0 0 0 0 0 0 231 231 
9606.ENSP00000226284 9606.ENSP00000288840 0 0 0 0 0 0 251 251 
9606.ENSP00000226284 9606.ENSP00000270357 0 0 0 61 176 0 0 193 
9606.ENSP00000226284 9606.ENSP00000252999 0 0 0 61 0 0 152 170 
9606.ENSP00000226284 9606.ENSP00000350937 0 0 0 63 150 0 41 169 
9606.ENSP00000226284 9606.ENSP00000377250 0 0 0 0 181 0 127 254 
9606.ENSP00000226284 9606.ENSP00000426691 0 0 0 62 0 0 159 177 
9606.ENSP00000226284 9606.ENSP00000333018 0 0 0 0 177 0 42 177 
9606.ENSP00000226284 9606.ENSP00000237612 0 0 0 62 83 0 222 272 
9606.ENSP00000226284 9606.ENSP00000322323 0 0 0 0 0 0 360 360 
9606.ENSP00000226284 9606.ENSP00000331544 0 0 0 0 0 0 200 200 
9606.ENSP00000226284 9606.ENSP00000354947 0 0 0 0 260 0 80 290 
9606.ENSP00000226284 9606.ENSP00000446880 0 0 0 61 177 0 42 195 
9606.ENSP00000226284 9606.ENSP00000387498 0 0 0 0 0 0 179 179 
9606.ENSP00000226284 9606.ENSP00000363770 0 0 0 76 0 0 459 479 
9606.ENSP00000226284 9606.ENSP00000361540 0 0 0 0 0 0 217 217 
9606.ENSP00000226284 9606.ENSP00000301691 0 0 0 0 0 0 627 627 
9606.ENSP00000226284 9606.ENSP00000254722 0 0 0 0 0 0 189 189 
9606.ENSP00000226284 9606.ENSP00000217244 0 0 0 0 0 0 160 160 
9606.ENSP00000226284 9606.ENSP00000352561 0 0 0 0 0 0 347 347 
9606.ENSP00000226284 9606.ENSP00000419692 0 0 0 0 0 0 192 192 
9606.ENSP00000226284 9606.ENSP00000340347 0 0 0 61 0 0 165 182 
9606.ENSP00000226284 9606.ENSP00000416984 0 0 0 97 0 0 785 797 
9606.ENSP00000226284 9606.ENSP00000361998 0 0 0 62 0 0 144 162 
9606.ENSP00000226284 9606.ENSP00000263168 0 0 0 0 260 0 80 290 
9606.ENSP00000226284 9606.ENSP00000386896 0 0 0 62 0 600 87 627 
9606.ENSP00000226284 9606.ENSP00000325425 0 0 0 0 0 0 268 268 
9606.ENSP00000226284 9606.ENSP00000379401 0 0 0 0 0 0 265 265 
9606.ENSP00000226284 9606.ENSP00000355751 0 0 0 0 0 0 168 168 
9606.ENSP00000226284 9606.ENSP00000261336 0 0 0 63 0 0 132 151 
9606.ENSP00000226284 9606.ENSP00000302051 0 0 0 0 0 0 150 150 
9606.ENSP00000226284 9606.ENSP00000363827 0 0 0 64 0 0 167 186 
9606.ENSP00000226284 9606.ENSP00000369154 0 0 0 63 0 0 181 199 
9606.ENSP00000226284 9606.ENSP00000372170 0 0 0 0 77 0 241 269 
9606.ENSP00000226284 9606.ENSP00000264741 0 0 0 62 0 600 0 608 
9606.ENSP00000226284 9606.ENSP00000352995 0 0 0 0 157 0 59 172 
9606.ENSP00000226284 9606.ENSP00000260302 0 0 0 64 0 0 555 565 
9606.ENSP00000226284 9606.ENSP00000477572 0 0 0 0 0 0 189 189 
9606.ENSP00000226284 9606.ENSP00000354718 0 0 0 0 157 0 43 158 
9606.ENSP00000226284 9606.ENSP00000264664 0 0 0 0 0 0 173 173 
9606.ENSP00000226284 9606.ENSP00000333363 0 0 0 0 0 0 554 554 
9606.ENSP00000226284 9606.ENSP00000420194 0 0 0 0 0 0 236 236 
9606.ENSP00000226284 9606.ENSP00000363708 0 0 0 61 0 0 186 202 
9606.ENSP00000226284 9606.ENSP00000160262 0 0 0 0 0 0 228 228 
9606.ENSP00000226284 9606.ENSP00000338777 0 0 0 64 130 0 0 150 
9606.ENSP00000226284 9606.ENSP00000380942 0 0 0 0 156 0 0 156 
9606.ENSP00000226284 9606.ENSP00000307280 0 0 0 82 150 0 0 186 
9606.ENSP00000226284 9606.ENSP00000401399 0 0 0 0 0 0 185 185 
9606.ENSP00000226284 9606.ENSP00000351686 0 0 0 0 83 0 146 183 
9606.ENSP00000226284 9606.ENSP00000468308 0 0 0 0 0 0 275 275 
9606.ENSP00000226284 9606.ENSP00000337722 0 0 0 0 261 0 146 342 
9606.ENSP00000226284 9606.ENSP00000355110 0 0 0 0 0 0 279 279 
9606.ENSP00000226284 9606.ENSP00000231004 0 0 0 0 0 0 196 196 
9606.ENSP00000226284 9606.ENSP00000412897 0 0 0 0 0 0 235 235 
9606.ENSP00000226284 9606.ENSP00000294728 0 0 0 0 0 0 266 266 
9606.ENSP00000226284 9606.ENSP00000478303 0 0 0 0 157 0 52 166 
9606.ENSP00000226284 9606.ENSP00000283249 0 0 0 0 110 600 230 701 
9606.ENSP00000226284 9606.ENSP00000379011 0 0 0 0 0 0 221 221 
9606.ENSP00000226284 9606.ENSP00000257770 0 0 0 0 0 0 398 398 
9606.ENSP00000226284 9606.ENSP00000349508 0 0 0 61 85 0 101 160 
9606.ENSP00000226284 9606.ENSP00000178638 0 0 0 62 0 0 245 262 
9606.ENSP00000226284 9606.ENSP00000358262 0 0 0 61 85 0 101 160 
9606.ENSP00000226284 9606.ENSP00000362122 0 0 0 64 0 0 297 314 
9606.ENSP00000226284 9606.ENSP00000396843 0 0 0 0 0 0 169 169 
9606.ENSP00000226284 9606.ENSP00000381499 0 0 0 0 0 0 240 240 
9606.ENSP00000226284 9606.ENSP00000327557 0 0 0 64 0 0 161 181 
9606.ENSP00000226284 9606.ENSP00000341170 0 0 0 0 0 0 211 211 
9606.ENSP00000226284 9606.ENSP00000375727 0 0 0 0 0 0 220 220 
9606.ENSP00000226284 9606.ENSP00000260702 0 0 0 61 0 0 199 216 
9606.ENSP00000226284 9606.ENSP00000262450 0 0 0 61 85 0 101 160 
9606.ENSP00000226284 9606.ENSP00000483403 0 0 0 89 0 0 109 153 
9606.ENSP00000226284 9606.ENSP00000383232 0 0 0 0 0 0 198 198 
9606.ENSP00000226284 9606.ENSP00000361900 0 0 0 0 177 0 42 177 
9606.ENSP00000226284 9606.ENSP00000237837 0 0 0 0 0 0 495 495 
9606.ENSP00000226284 9606.ENSP00000393312 0 0 0 0 0 0 249 249 
9606.ENSP00000226284 9606.ENSP00000225831 0 0 0 0 0 0 171 171 
9606.ENSP00000226284 9606.ENSP00000258403 0 0 0 0 163 0 0 163 
9606.ENSP00000226284 9606.ENSP00000204604 0 0 0 0 0 0 170 170 
9606.ENSP00000226284 9606.ENSP00000294489 0 0 0 0 0 0 159 159 
9606.ENSP00000226284 9606.ENSP00000483453 0 0 0 61 60 0 132 166 
9606.ENSP00000226284 9606.ENSP00000480791 0 0 0 0 0 0 154 154 
9606.ENSP00000226284 9606.ENSP00000357516 0 0 0 121 52 0 82 168 
9606.ENSP00000226284 9606.ENSP00000398824 0 0 0 61 85 0 101 160 
9606.ENSP00000226284 9606.ENSP00000420927 0 0 0 63 70 0 145 190 
9606.ENSP00000226284 9606.ENSP00000323847 0 0 0 0 261 0 87 296 
9606.ENSP00000226284 9606.ENSP00000355330 0 0 0 0 0 0 197 197 
9606.ENSP00000226284 9606.ENSP00000234198 0 0 0 0 77 0 203 233 
9606.ENSP00000226284 9606.ENSP00000340935 0 0 0 72 0 0 778 785 
9606.ENSP00000226284 9606.ENSP00000334675 0 0 0 61 85 0 130 187 
9606.ENSP00000226284 9606.ENSP00000382177 0 0 0 63 50 0 407 426 
9606.ENSP00000226284 9606.ENSP00000411528 0 0 0 0 0 0 165 165 
9606.ENSP00000226284 9606.ENSP00000339754 0 0 0 0 261 0 87 296 
9606.ENSP00000226284 9606.ENSP00000449328 0 0 0 62 0 0 133 151 
9606.ENSP00000226284 9606.ENSP00000264908 0 0 0 0 0 0 203 203 
9606.ENSP00000226284 9606.ENSP00000216911 0 0 0 61 186 0 141 286 
9606.ENSP00000226284 9606.ENSP00000264634 0 0 0 0 0 0 237 237 
9606.ENSP00000226284 9606.ENSP00000353072 0 0 0 62 80 0 99 154 
9606.ENSP00000226284 9606.ENSP00000247933 0 0 0 0 0 0 297 297 
9606.ENSP00000226284 9606.ENSP00000323580 0 0 0 0 177 0 42 177 
9606.ENSP00000226284 9606.ENSP00000440005 0 0 0 0 261 0 87 296 
9606.ENSP00000226284 9606.ENSP00000256682 0 0 0 0 261 0 87 296 
9606.ENSP00000226284 9606.ENSP00000399403 0 0 0 0 177 0 42 177 
9606.ENSP00000226284 9606.ENSP00000356438 0 0 0 0 0 0 216 216 
9606.ENSP00000226284 9606.ENSP00000324403 0 0 0 61 85 0 101 160 
9606.ENSP00000226284 9606.ENSP00000216264 0 0 0 0 0 0 544 544 
9606.ENSP00000226284 9606.ENSP00000347041 0 0 0 0 42 0 427 427 
9606.ENSP00000226284 9606.ENSP00000364700 0 0 0 0 42 0 491 491 
9606.ENSP00000226284 9606.ENSP00000370625 0 0 0 81 0 0 138 174 
9606.ENSP00000226284 9606.ENSP00000282588 0 0 0 62 0 600 160 657 
9606.ENSP00000226284 9606.ENSP00000379975 0 0 0 62 59 0 151 185 
9606.ENSP00000226284 9606.ENSP00000014930 0 0 0 0 0 0 215 215 
9606.ENSP00000226284 9606.ENSP00000358310 0 0 0 62 0 600 0 608 
9606.ENSP00000226284 9606.ENSP00000007722 0 0 0 62 0 600 91 629 
9606.ENSP00000226284 9606.ENSP00000337478 0 0 0 0 261 0 87 296 
9606.ENSP00000226284 9606.ENSP00000370473 0 0 0 0 0 0 150 150 
9606.ENSP00000226284 9606.ENSP00000268057 0 0 0 0 177 0 42 177 
9606.ENSP00000226284 9606.ENSP00000295902 0 0 0 63 150 0 0 169 
9606.ENSP00000226284 9606.ENSP00000468767 0 0 0 64 0 0 657 665 
9606.ENSP00000226284 9606.ENSP00000267843 0 0 0 0 0 0 159 159 
9606.ENSP00000226284 9606.ENSP00000264400 0 0 0 62 0 0 348 363 
9606.ENSP00000226284 9606.ENSP00000221566 0 0 0 0 177 0 42 177 
9606.ENSP00000226284 9606.ENSP00000272164 0 0 0 0 0 0 151 151 
9606.ENSP00000226284 9606.ENSP00000344456 0 0 0 61 0 0 407 419 
9606.ENSP00000226284 9606.ENSP00000334458 0 0 0 0 0 0 462 462 
9606.ENSP00000226284 9606.ENSP00000398273 0 0 0 0 0 0 215 215 
9606.ENSP00000226284 9606.ENSP00000370150 0 0 0 62 0 0 222 239 
9606.ENSP00000226284 9606.ENSP00000479618 0 0 0 61 0 0 167 184 
9606.ENSP00000226284 9606.ENSP00000333012 0 0 0 0 191 0 58 205 
9606.ENSP00000226284 9606.ENSP00000374213 0 0 0 82 85 0 98 176 
9606.ENSP00000226284 9606.ENSP00000355157 0 0 0 0 0 0 173 173 
9606.ENSP00000226284 9606.ENSP00000239938 0 0 0 0 83 0 123 161 
9606.ENSP00000226284 9606.ENSP00000427567 0 0 0 62 164 0 46 186 
9606.ENSP00000226284 9606.ENSP00000262320 0 0 0 0 0 0 150 150 
9606.ENSP00000226284 9606.ENSP00000268603 0 0 0 0 0 0 267 267 
9606.ENSP00000226284 9606.ENSP00000363824 0 0 0 61 0 0 160 178 
9606.ENSP00000226284 9606.ENSP00000357177 0 0 0 0 156 0 0 156 
9606.ENSP00000226284 9606.ENSP00000274063 0 0 0 63 0 0 167 186 
9606.ENSP00000226284 9606.ENSP00000358548 0 0 0 51 132 0 94 188 
9606.ENSP00000226284 9606.ENSP00000419199 0 0 0 62 64 0 125 164 
9606.ENSP00000226284 9606.ENSP00000362649 0 0 0 63 0 0 133 152 
9606.ENSP00000226284 9606.ENSP00000261883 0 0 0 0 0 0 211 211 
9606.ENSP00000226284 9606.ENSP00000341032 0 0 0 0 0 0 161 161 
9606.ENSP00000226284 9606.ENSP00000343064 0 0 0 62 0 0 159 177 
9606.ENSP00000226284 9606.ENSP00000262551 0 0 0 64 42 0 388 403 
9606.ENSP00000226284 9606.ENSP00000480291 0 0 0 0 0 0 225 225 
9606.ENSP00000226284 9606.ENSP00000440847 0 0 0 63 150 0 0 169 
9606.ENSP00000226284 9606.ENSP00000349932 0 0 0 62 0 0 137 156 
9606.ENSP00000226284 9606.ENSP00000411355 0 0 0 62 0 0 358 372 
9606.ENSP00000226284 9606.ENSP00000285393 0 0 0 0 0 0 256 256 
9606.ENSP00000226284 9606.ENSP00000473172 0 0 0 64 157 0 58 191 
9606.ENSP00000226284 9606.ENSP00000439065 0 0 0 0 177 0 42 177 
9606.ENSP00000226284 9606.ENSP00000351947 0 0 0 57 0 0 137 151 
9606.ENSP00000226284 9606.ENSP00000265104 0 0 0 0 0 0 328 328 
9606.ENSP00000226284 9606.ENSP00000341551 0 0 0 0 0 0 281 281 
9606.ENSP00000226284 9606.ENSP00000318799 0 0 0 0 0 0 161 161 
9606.ENSP00000226284 9606.ENSP00000376543 0 0 0 63 86 0 96 158 
9606.ENSP00000226284 9606.ENSP00000298925 0 0 0 0 0 0 410 410 
9606.ENSP00000226284 9606.ENSP00000381876 0 0 0 62 164 0 53 193 
9606.ENSP00000226284 9606.ENSP00000269829 0 0 0 0 83 0 174 210 
9606.ENSP00000226284 9606.ENSP00000280527 0 0 0 59 86 0 155 210 
9606.ENSP00000226284 9606.ENSP00000476295 0 0 0 61 292 0 136 375 
9606.ENSP00000226284 9606.ENSP00000316891 0 0 0 63 150 0 0 169 
9606.ENSP00000226284 9606.ENSP00000285599 0 0 0 0 0 0 172 172 
9606.ENSP00000226284 9606.ENSP00000382213 0 0 0 0 0 0 790 790 
9606.ENSP00000226284 9606.ENSP00000272520 0 0 0 0 0 0 508 508 
9606.ENSP00000226284 9606.ENSP00000438388 0 0 0 57 59 0 134 164 
9606.ENSP00000226284 9606.ENSP00000303147 0 0 0 64 0 0 140 160 
9606.ENSP00000226284 9606.ENSP00000339340 0 0 0 64 0 0 173 192 
9606.ENSP00000226284 9606.ENSP00000267082 0 0 0 0 110 600 0 628 
9606.ENSP00000226284 9606.ENSP00000458130 0 0 0 62 0 0 159 177 
9606.ENSP00000226284 9606.ENSP00000360860 0 0 0 0 177 0 42 177 
9606.ENSP00000226284 9606.ENSP00000360985 0 0 0 0 181 0 57 194 
9606.ENSP00000226284 9606.ENSP00000323275 0 0 0 0 177 0 42 177 
9606.ENSP00000226284 9606.ENSP00000297268 0 0 0 0 0 0 473 473 
9606.ENSP00000226284 9606.ENSP00000413908 0 0 0 61 186 0 67 224 
9606.ENSP00000226284 9606.ENSP00000353735 0 0 0 61 137 0 69 179 
9606.ENSP00000226284 9606.ENSP00000327368 0 0 0 61 0 0 511 521 
9606.ENSP00000226284 9606.ENSP00000478478 0 0 0 62 0 0 343 357 
9606.ENSP00000226284 9606.ENSP00000480750 0 0 0 59 86 0 96 154 
9606.ENSP00000226284 9606.ENSP00000215832 0 0 0 55 73 0 253 288 
9606.ENSP00000226284 9606.ENSP00000363773 0 0 0 69 0 0 346 365 
9606.ENSP00000226284 9606.ENSP00000361405 0 0 0 64 0 0 421 434 
9606.ENSP00000226284 9606.ENSP00000361107 0 0 0 61 0 0 310 325 
9606.ENSP00000226284 9606.ENSP00000392028 0 0 0 61 85 0 93 152 
9606.ENSP00000226284 9606.ENSP00000386443 0 0 0 0 0 0 179 179 
9606.ENSP00000226284 9606.ENSP00000287820 0 0 0 0 0 0 402 402 
9606.ENSP00000226284 9606.ENSP00000312652 0 0 0 0 0 0 270 270 
9606.ENSP00000226284 9606.ENSP00000386665 0 0 0 63 150 0 63 188 
9606.ENSP00000226284 9606.ENSP00000286574 0 0 0 61 0 0 187 203 
9606.ENSP00000226284 9606.ENSP00000346839 0 0 0 0 0 0 644 644 
9606.ENSP00000226284 9606.ENSP00000334186 0 0 0 59 86 0 96 154 
9606.ENSP00000226284 9606.ENSP00000258962 0 0 0 51 82 0 104 151 
9606.ENSP00000226284 9606.ENSP00000297161 0 0 0 59 86 0 107 165 
9606.ENSP00000226284 9606.ENSP00000239243 0 0 0 0 77 0 586 601 
9606.ENSP00000226284 9606.ENSP00000296589 0 0 0 0 0 0 187 187 
9606.ENSP00000226284 9606.ENSP00000242208 0 0 0 0 0 0 161 161 
9606.ENSP00000226284 9606.ENSP00000361915 0 0 0 0 0 0 167 167 
9606.ENSP00000226284 9606.ENSP00000372193 0 0 0 62 0 0 227 243 
9606.ENSP00000226284 9606.ENSP00000415090 0 0 0 63 0 0 187 205 
9606.ENSP00000226284 9606.ENSP00000356646 0 0 0 62 0 0 141 159 
9606.ENSP00000226284 9606.ENSP00000374280 0 0 0 62 0 0 203 220 
9606.ENSP00000226284 9606.ENSP00000360266 0 0 0 0 0 0 295 295 
9606.ENSP00000226284 9606.ENSP00000263640 0 0 0 61 0 0 254 270 
9606.ENSP00000226284 9606.ENSP00000382863 0 0 0 61 85 0 93 152 
9606.ENSP00000226284 9606.ENSP00000478589 0 0 0 0 177 0 42 177 
9606.ENSP00000226284 9606.ENSP00000282030 0 0 0 63 0 0 139 158 
9606.ENSP00000226284 9606.ENSP00000379862 0 0 0 59 86 0 96 154 
9606.ENSP00000226284 9606.ENSP00000239462 0 0 0 62 0 0 236 253 
9606.ENSP00000226284 9606.ENSP00000083182 0 0 0 0 177 0 42 177 
9606.ENSP00000226284 9606.ENSP00000221980 0 0 0 0 0 0 443 443 
9606.ENSP00000226284 9606.ENSP00000300403 0 0 0 0 0 0 225 225 
9606.ENSP00000226284 9606.ENSP00000265131 0 0 0 62 0 0 141 160 
9606.ENSP00000226284 9606.ENSP00000485659 0 0 0 59 86 0 96 154 
9606.ENSP00000226284 9606.ENSP00000348099 0 0 0 62 0 0 137 155 
9606.ENSP00000226284 9606.ENSP00000346484 0 0 0 0 179 0 0 179 
9606.ENSP00000226284 9606.ENSP00000378974 0 0 0 0 0 0 305 305 
9606.ENSP00000226284 9606.ENSP00000343158 0 0 0 0 0 0 173 173 
9606.ENSP00000226284 9606.ENSP00000269586 0 0 0 0 261 0 87 296 
9606.ENSP00000226284 9606.ENSP00000342793 0 0 0 0 0 0 204 204 
9606.ENSP00000226284 9606.ENSP00000391826 0 0 0 0 0 0 496 496 
9606.ENSP00000226284 9606.ENSP00000337393 0 0 0 0 0 0 179 179 
9606.ENSP00000226284 9606.ENSP00000177694 0 0 0 0 0 0 188 188 
9606.ENSP00000226284 9606.ENSP00000360891 0 0 0 0 177 0 42 177 
9606.ENSP00000226284 9606.ENSP00000370088 0 0 0 0 0 0 588 588 
9606.ENSP00000226284 9606.ENSP00000410294 0 0 0 0 0 0 262 262 
9606.ENSP00000226284 9606.ENSP00000295113 0 0 0 0 0 0 227 227 
9606.ENSP00000226284 9606.ENSP00000234420 0 0 0 62 132 0 50 158 
9606.ENSP00000226284 9606.ENSP00000367316 0 0 0 62 0 600 108 636 
9606.ENSP00000226284 9606.ENSP00000376534 0 0 0 61 177 0 42 195 
9606.ENSP00000226284 9606.ENSP00000327336 0 0 0 0 42 0 549 549 
9606.ENSP00000226284 9606.ENSP00000378704 0 0 0 61 266 0 54 291 
9606.ENSP00000226284 9606.ENSP00000352925 0 0 0 204 50 0 0 211 
9606.ENSP00000226284 9606.ENSP00000364694 0 0 0 64 42 0 348 364 
9606.ENSP00000226284 9606.ENSP00000306010 0 0 0 0 261 0 87 296 
9606.ENSP00000226284 9606.ENSP00000318635 0 0 0 0 156 0 0 156 
9606.ENSP00000226284 9606.ENSP00000365280 0 0 0 0 0 0 211 211 
9606.ENSP00000226284 9606.ENSP00000399229 0 0 0 0 0 0 540 540 
9606.ENSP00000226284 9606.ENSP00000264036 0 0 0 0 0 0 430 430 
9606.ENSP00000226284 9606.ENSP00000343871 0 0 0 0 177 0 42 177 
9606.ENSP00000226284 9606.ENSP00000266718 0 0 0 0 42 0 246 246 
9606.ENSP00000226284 9606.ENSP00000245479 0 0 0 0 0 0 545 545 
9606.ENSP00000226284 9606.ENSP00000364498 0 0 0 0 0 0 167 167 
9606.ENSP00000226284 9606.ENSP00000440045 0 0 0 62 80 0 227 274 
9606.ENSP00000226284 9606.ENSP00000263339 0 0 0 61 0 0 188 204 
9606.ENSP00000226284 9606.ENSP00000406581 0 0 0 61 85 0 93 152 
9606.ENSP00000226284 9606.ENSP00000368682 0 0 0 0 0 0 564 564 
9606.ENSP00000226284 9606.ENSP00000377710 0 0 0 63 150 0 0 169 
9606.ENSP00000226284 9606.ENSP00000369666 0 0 0 64 125 0 56 159 
9606.ENSP00000226284 9606.ENSP00000306245 0 0 0 61 0 0 355 368 
9606.ENSP00000226284 9606.ENSP00000378207 0 0 0 0 0 0 499 499 
9606.ENSP00000226284 9606.ENSP00000360874 0 0 0 0 177 0 42 177 
9606.ENSP00000226284 9606.ENSP00000298556 0 0 0 0 0 0 169 169 
9606.ENSP00000226284 9606.ENSP00000452120 0 0 0 62 0 600 52 613 
9606.ENSP00000226284 9606.ENSP00000307208 0 0 0 64 350 0 56 375 
9606.ENSP00000226284 9606.ENSP00000247461 0 0 0 0 0 0 338 338 
9606.ENSP00000226284 9606.ENSP00000371682 0 0 0 0 0 0 258 258 
9606.ENSP00000226284 9606.ENSP00000404911 0 0 0 63 150 0 0 169 
9606.ENSP00000226284 9606.ENSP00000302898 0 0 0 61 186 0 141 286 
9606.ENSP00000226284 9606.ENSP00000295992 0 0 0 0 0 0 169 169 
9606.ENSP00000226284 9606.ENSP00000225983 0 0 0 63 0 0 136 156 
9606.ENSP00000226284 9606.ENSP00000384886 0 0 0 0 0 0 197 197 
9606.ENSP00000226284 9606.ENSP00000303550 0 0 0 0 0 0 163 163 
9606.ENSP00000226284 9606.ENSP00000456927 0 0 0 62 0 0 159 177 
9606.ENSP00000226284 9606.ENSP00000355124 0 0 0 0 0 0 184 184 
9606.ENSP00000226284 9606.ENSP00000245222 0 0 0 0 0 0 424 424 
9606.ENSP00000226284 9606.ENSP00000322300 0 0 0 0 177 0 42 177 
9606.ENSP00000226284 9606.ENSP00000365380 0 0 0 0 0 0 187 187 
9606.ENSP00000226284 9606.ENSP00000367542 0 0 0 121 52 0 82 168 
9606.ENSP00000226284 9606.ENSP00000369442 0 0 0 0 0 0 243 243 
9606.ENSP00000226284 9606.ENSP00000398632 0 0 0 0 0 0 420 420 
9606.ENSP00000226284 9606.ENSP00000454322 0 0 0 62 0 0 159 177 
9606.ENSP00000226284 9606.ENSP00000313950 0 0 0 61 186 0 141 286 
9606.ENSP00000226284 9606.ENSP00000409007 0 0 0 0 0 0 419 419 
9606.ENSP00000226284 9606.ENSP00000379140 0 0 0 0 0 0 270 270 
9606.ENSP00000226284 9606.ENSP00000351022 0 0 0 121 52 0 246 317 
9606.ENSP00000226284 9606.ENSP00000263464 0 0 0 59 181 0 102 247 
9606.ENSP00000226284 9606.ENSP00000360329 0 0 0 0 177 0 42 177 
9606.ENSP00000226284 9606.ENSP00000378340 0 0 0 0 0 900 0 900 
9606.ENSP00000226284 9606.ENSP00000263377 0 0 0 61 266 0 0 281 
9606.ENSP00000226284 9606.ENSP00000264377 0 0 0 0 0 0 179 179 
9606.ENSP00000226284 9606.ENSP00000357219 0 0 0 0 177 0 42 177 
9606.ENSP00000226284 9606.ENSP00000428657 0 0 0 59 181 0 102 247 
9606.ENSP00000226284 9606.ENSP00000346032 0 0 0 0 0 0 150 150 
9606.ENSP00000226284 9606.ENSP00000290438 0 0 0 62 0 0 159 177 
9606.ENSP00000226284 9606.ENSP00000245451 0 0 0 0 0 0 546 546 
9606.ENSP00000226284 9606.ENSP00000477856 0 0 0 0 0 0 197 197 
9606.ENSP00000226284 9606.ENSP00000284268 0 0 0 0 0 0 341 341 
9606.ENSP00000226284 9606.ENSP00000325369 0 0 0 64 130 0 0 150 
9606.ENSP00000226284 9606.ENSP00000455298 0 0 0 62 0 0 159 177 
9606.ENSP00000226284 9606.ENSP00000256759 0 0 0 0 0 0 189 189 
9606.ENSP00000226284 9606.ENSP00000456401 0 0 0 62 0 0 159 177 
9606.ENSP00000226284 9606.ENSP00000269305 0 0 0 0 0 0 195 195 
9606.ENSP00000226284 9606.ENSP00000295463 0 0 0 0 0 0 275 275 
9606.ENSP00000226284 9606.ENSP00000362068 0 0 0 0 0 0 154 154 
9606.ENSP00000226284 9606.ENSP00000398454 0 0 0 62 0 0 159 177 
9606.ENSP00000226284 9606.ENSP00000387699 0 0 0 0 0 0 267 267 
9606.ENSP00000226284 9606.ENSP00000375810 0 0 0 0 177 0 42 177 
9606.ENSP00000226284 9606.ENSP00000444957 0 0 0 61 181 0 111 256 
9606.ENSP00000226284 9606.ENSP00000271651 0 0 0 61 0 0 539 548 
9606.ENSP00000226284 9606.ENSP00000378557 0 0 0 62 164 0 46 186 
9606.ENSP00000226284 9606.ENSP00000285379 0 0 0 62 0 0 172 190 
9606.ENSP00000226284 9606.ENSP00000430269 0 0 0 88 192 0 127 300 
9606.ENSP00000226284 9606.ENSP00000302665 0 0 0 0 0 0 396 396 
9606.ENSP00000226284 9606.ENSP00000264716 0 0 0 61 0 0 561 570 
9606.ENSP00000226284 9606.ENSP00000373450 0 0 0 0 177 0 42 177 
9606.ENSP00000226284 9606.ENSP00000341528 0 0 0 0 83 0 174 210 
9606.ENSP00000226284 9606.ENSP00000261023 0 0 0 62 0 900 430 941 
9606.ENSP00000226284 9606.ENSP00000457421 0 0 0 0 0 0 330 330 
9606.ENSP00000226284 9606.ENSP00000481056 0 0 0 59 86 0 96 154 
9606.ENSP00000226284 9606.ENSP00000295731 0 0 0 0 0 0 511 511 
9606.ENSP00000226284 9606.ENSP00000383023 0 0 0 77 102 0 127 213 
9606.ENSP00000226284 9606.ENSP00000405965 0 0 0 0 157 0 255 345 
9606.ENSP00000226284 9606.ENSP00000354597 0 0 0 0 0 0 243 243 
9606.ENSP00000226284 9606.ENSP00000362946 0 0 0 0 132 0 68 156 
9606.ENSP00000226284 9606.ENSP00000293404 0 0 0 0 0 0 151 151 
9606.ENSP00000226284 9606.ENSP00000249071 0 0 0 0 132 0 77 165 
9606.ENSP00000226284 9606.ENSP00000360798 0 0 0 61 60 0 132 166 
9606.ENSP00000226284 9606.ENSP00000264159 0 0 0 62 85 0 97 157 
9606.ENSP00000226284 9606.ENSP00000322390 0 0 0 0 0 0 384 384 
9606.ENSP00000226284 9606.ENSP00000416387 0 0 0 91 107 0 0 153 
9606.ENSP00000226284 9606.ENSP00000052754 0 0 0 0 42 0 558 558 
9606.ENSP00000226284 9606.ENSP00000379350 0 0 0 0 110 600 415 773 
9606.ENSP00000226284 9606.ENSP00000219334 0 0 0 0 0 0 174 174 
9606.ENSP00000226284 9606.ENSP00000379644 0 0 0 0 0 0 220 220 
9606.ENSP00000226284 9606.ENSP00000401303 0 0 0 58 0 0 147 163 
9606.ENSP00000226284 9606.ENSP00000160382 0 0 0 50 175 0 99 232 
9606.ENSP00000226284 9606.ENSP00000382090 0 0 0 0 0 0 197 197 
9606.ENSP00000226284 9606.ENSP00000291744 0 0 0 62 0 0 347 361 
9606.ENSP00000226284 9606.ENSP00000295087 0 0 0 0 261 0 87 296 
9606.ENSP00000226284 9606.ENSP00000381364 0 0 0 63 0 0 384 398 
9606.ENSP00000226284 9606.ENSP00000326022 0 0 0 63 150 0 0 169 
9606.ENSP00000226284 9606.ENSP00000397351 0 0 0 62 164 0 49 189 
9606.ENSP00000226284 9606.ENSP00000356975 0 0 0 62 0 0 172 190 
9606.ENSP00000226284 9606.ENSP00000360425 0 0 0 0 0 0 250 250 
9606.ENSP00000226284 9606.ENSP00000237380 0 0 0 0 0 0 229 229 
9606.ENSP00000226284 9606.ENSP00000240423 0 0 0 84 0 0 127 166 
9606.ENSP00000226284 9606.ENSP00000482264 0 0 0 106 0 0 97 158 
9606.ENSP00000226284 9606.ENSP00000276202 0 0 0 0 0 0 410 410 
9606.ENSP00000226284 9606.ENSP00000288985 0 0 0 61 85 0 130 187 
9606.ENSP00000226284 9606.ENSP00000173898 0 0 0 0 0 0 157 157 
9606.ENSP00000226284 9606.ENSP00000430024 0 0 0 0 0 0 190 190 
9606.ENSP00000226284 9606.ENSP00000311648 0 0 0 0 0 0 628 628 
9606.ENSP00000226284 9606.ENSP00000353458 0 0 0 61 177 0 42 195 
9606.ENSP00000226284 9606.ENSP00000264563 0 0 0 0 0 0 321 321 
9606.ENSP00000226284 9606.ENSP00000356591 0 0 0 106 0 0 96 157 
9606.ENSP00000226284 9606.ENSP00000269141 0 0 0 0 0 0 221 221 
9606.ENSP00000226284 9606.ENSP00000223215 0 0 0 61 192 0 0 208 
9606.ENSP00000226284 9606.ENSP00000400175 0 0 0 0 132 0 243 314 
9606.ENSP00000226284 9606.ENSP00000352121 0 0 0 77 50 0 187 224 
9606.ENSP00000226284 9606.ENSP00000319060 0 0 0 63 0 0 264 280 
9606.ENSP00000226284 9606.ENSP00000274625 0 0 0 0 0 0 252 252 
9606.ENSP00000226284 9606.ENSP00000419085 0 0 0 0 0 0 203 203 
9606.ENSP00000226284 9606.ENSP00000378307 0 0 0 61 177 0 0 194 
9606.ENSP00000226284 9606.ENSP00000364277 0 0 0 62 128 0 68 171 
9606.ENSP00000226284 9606.ENSP00000441365 0 0 0 61 0 0 183 200 
9606.ENSP00000226284 9606.ENSP00000400376 0 0 0 62 124 0 99 195 
9606.ENSP00000226284 9606.ENSP00000316029 0 0 0 0 0 0 222 222 
9606.ENSP00000226284 9606.ENSP00000369976 0 0 0 0 0 0 153 153 
9606.ENSP00000226284 9606.ENSP00000400895 0 0 0 59 86 0 96 154 
9606.ENSP00000226284 9606.ENSP00000366237 0 0 0 0 0 0 205 205 
9606.ENSP00000226284 9606.ENSP00000473929 0 0 0 0 203 0 0 203 
9606.ENSP00000226284 9606.ENSP00000293549 0 0 0 0 0 0 242 242 
9606.ENSP00000226284 9606.ENSP00000319281 0 0 0 0 0 0 206 206 
9606.ENSP00000226284 9606.ENSP00000436812 0 0 0 59 86 0 96 154 
9606.ENSP00000226284 9606.ENSP00000238682 0 0 0 0 0 0 209 209 
9606.ENSP00000226284 9606.ENSP00000369293 0 0 0 0 0 0 188 188 
9606.ENSP00000226284 9606.ENSP00000373570 0 0 0 0 0 0 323 323 
9606.ENSP00000226284 9606.ENSP00000348510 0 0 0 62 157 0 0 175 
9606.ENSP00000226284 9606.ENSP00000261180 0 0 0 62 124 0 56 156 
9606.ENSP00000226284 9606.ENSP00000256104 0 0 0 52 0 0 388 395 
9606.ENSP00000226284 9606.ENSP00000220772 0 0 0 0 0 0 167 167 
9606.ENSP00000226284 9606.ENSP00000387123 0 0 0 0 0 0 222 222 
9606.ENSP00000226284 9606.ENSP00000417517 0 0 0 0 42 0 187 187 
9606.ENSP00000226284 9606.ENSP00000302961 0 0 0 62 0 0 237 253 
9606.ENSP00000226284 9606.ENSP00000312987 0 0 0 62 0 0 216 233 
9606.ENSP00000226284 9606.ENSP00000261769 0 0 0 0 0 0 186 186 
9606.ENSP00000226284 9606.ENSP00000277541 0 0 0 0 0 0 296 296 
9606.ENSP00000226284 9606.ENSP00000301061 0 0 0 0 0 0 243 243 
9606.ENSP00000226284 9606.ENSP00000377747 0 0 0 61 85 0 93 152 
9606.ENSP00000226284 9606.ENSP00000332353 0 0 0 0 0 0 186 186 
9606.ENSP00000226284 9606.ENSP00000262367 0 0 0 77 177 0 92 250 
9606.ENSP00000226284 9606.ENSP00000260356 0 0 0 0 0 0 213 213 
9606.ENSP00000226284 9606.ENSP00000327290 0 0 0 62 0 600 48 611 
9606.ENSP00000226284 9606.ENSP00000379866 0 0 0 0 0 900 48 900 
9606.ENSP00000226284 9606.ENSP00000362836 0 0 0 0 185 0 0 185 
9606.ENSP00000226284 9606.ENSP00000306991 0 0 0 0 299 0 174 396 
9606.ENSP00000226284 9606.ENSP00000390436 0 0 0 62 83 0 162 216 
9606.ENSP00000226284 9606.ENSP00000283131 0 0 0 61 85 0 101 160 
9606.ENSP00000226284 9606.ENSP00000250003 0 0 0 0 0 0 212 212 
9606.ENSP00000226284 9606.ENSP00000265171 0 0 0 0 0 0 284 284 
9606.ENSP00000226284 9606.ENSP00000263733 0 0 0 0 0 0 158 158 
9606.ENSP00000226284 9606.ENSP00000323217 0 0 0 62 0 0 159 177 
9606.ENSP00000226284 9606.ENSP00000259915 0 0 0 62 52 0 249 273 
9606.ENSP00000226284 9606.ENSP00000447173 0 0 0 0 0 0 330 330 
9606.ENSP00000226284 9606.ENSP00000387822 0 0 0 61 266 0 0 281 
9606.ENSP00000226284 9606.ENSP00000442656 0 0 0 61 0 0 134 152 
9606.ENSP00000226284 9606.ENSP00000482306 0 0 0 0 177 0 51 185 
9606.ENSP00000226284 9606.ENSP00000274963 0 0 0 62 128 0 50 155 
9606.ENSP00000226284 9606.ENSP00000345064 0 0 0 63 150 0 0 169 
9606.ENSP00000226284 9606.ENSP00000318944 0 0 0 78 128 0 0 161 
9606.ENSP00000226284 9606.ENSP00000306512 0 0 0 0 0 0 228 228 
9606.ENSP00000226284 9606.ENSP00000311032 0 0 0 0 76 0 221 249 
9606.ENSP00000226284 9606.ENSP00000454407 0 0 0 62 0 0 159 177 
9606.ENSP00000226284 9606.ENSP00000313967 0 0 0 74 0 0 250 276 
9606.ENSP00000226284 9606.ENSP00000262768 0 0 0 0 0 0 183 183 
9606.ENSP00000226284 9606.ENSP00000349960 0 0 0 61 85 0 261 310 
9606.ENSP00000226284 9606.ENSP00000308461 0 0 0 0 132 0 65 154 
9606.ENSP00000226284 9606.ENSP00000257904 0 0 0 63 50 0 198 224 
9606.ENSP00000226284 9606.ENSP00000267257 0 0 0 62 0 0 210 227 
9606.ENSP00000226284 9606.ENSP00000358582 0 0 0 49 182 0 0 188 
9606.ENSP00000226284 9606.ENSP00000385523 0 0 0 0 0 0 209 209 
9606.ENSP00000226284 9606.ENSP00000351646 0 0 0 57 180 0 42 194 
9606.ENSP00000226284 9606.ENSP00000265077 0 0 0 0 0 0 267 267 
9606.ENSP00000226284 9606.ENSP00000482581 0 0 0 0 0 0 235 235 
9606.ENSP00000226284 9606.ENSP00000363516 0 0 0 0 0 0 245 245 
9606.ENSP00000226284 9606.ENSP00000245919 0 0 0 61 0 0 137 154 
9606.ENSP00000226284 9606.ENSP00000446955 0 0 0 82 150 0 0 186 
9606.ENSP00000226284 9606.ENSP00000464145 0 0 0 0 0 0 210 210 
9606.ENSP00000226284 9606.ENSP00000261172 0 0 0 57 42 0 216 229 
9606.ENSP00000226284 9606.ENSP00000389377 0 0 0 0 0 0 412 412 
9606.ENSP00000226284 9606.ENSP00000264867 0 0 0 0 0 0 200 200 
9606.ENSP00000226284 9606.ENSP00000304440 0 0 0 0 299 0 150 378 
9606.ENSP00000226284 9606.ENSP00000360690 0 0 0 61 177 0 42 195 
9606.ENSP00000226284 9606.ENSP00000357206 0 0 0 0 0 0 270 270 
9606.ENSP00000226284 9606.ENSP00000349595 0 0 0 62 80 0 164 215 
9606.ENSP00000226284 9606.ENSP00000362330 0 0 0 61 85 0 93 152 
9606.ENSP00000226284 9606.ENSP00000367203 0 0 0 61 177 0 54 205 
9606.ENSP00000226284 9606.ENSP00000062104 0 0 0 0 0 0 268 268 
9606.ENSP00000226284 9606.ENSP00000242261 0 0 0 0 0 0 311 311 
9606.ENSP00000226284 9606.ENSP00000264832 0 0 0 0 0 0 291 291 
9606.ENSP00000226284 9606.ENSP00000442046 0 0 0 0 177 0 42 177 
9606.ENSP00000226284 9606.ENSP00000367301 0 0 0 59 86 0 112 169 
9606.ENSP00000226284 9606.ENSP00000349259 0 0 0 0 64 0 161 181 
9606.ENSP00000226284 9606.ENSP00000341159 0 0 0 0 0 0 231 231 
9606.ENSP00000226284 9606.ENSP00000245932 0 0 0 0 0 0 239 239 
9606.ENSP00000226284 9606.ENSP00000463051 0 0 0 0 0 0 328 328 
9606.ENSP00000226284 9606.ENSP00000354837 0 0 0 0 156 0 0 156 
9606.ENSP00000226284 9606.ENSP00000339813 0 0 0 0 177 0 42 177 
9606.ENSP00000226284 9606.ENSP00000457904 0 0 0 62 0 0 159 177 
9606.ENSP00000226284 9606.ENSP00000380948 0 0 0 0 110 0 108 172 
9606.ENSP00000226284 9606.ENSP00000381949 0 0 0 0 0 0 171 171 
9606.ENSP00000226284 9606.ENSP00000343885 0 0 0 79 124 0 0 158 
9606.ENSP00000226284 9606.ENSP00000477613 0 0 0 59 181 0 102 247 
9606.ENSP00000226284 9606.ENSP00000391085 0 0 0 62 0 0 159 177 
9606.ENSP00000226284 9606.ENSP00000200457 0 0 0 91 107 0 0 153 
9606.ENSP00000226284 9606.ENSP00000227507 0 0 0 0 0 0 210 210 
9606.ENSP00000226284 9606.ENSP00000368104 0 0 0 0 0 0 735 735 
9606.ENSP00000226284 9606.ENSP00000342356 0 0 0 0 0 0 201 201 
9606.ENSP00000226284 9606.ENSP00000470248 0 0 0 63 150 0 0 169 
9606.ENSP00000226284 9606.ENSP00000361120 0 0 0 59 0 0 221 235 
9606.ENSP00000226284 9606.ENSP00000282561 0 0 0 0 0 0 290 290 
9606.ENSP00000226284 9606.ENSP00000483667 0 0 0 61 85 0 93 152 
9606.ENSP00000226284 9606.ENSP00000261839 0 0 0 63 50 0 164 190 
9606.ENSP00000226284 9606.ENSP00000416097 0 0 0 62 0 0 343 357 
9606.ENSP00000226284 9606.ENSP00000414657 0 0 0 0 83 0 115 153 
9606.ENSP00000226284 9606.ENSP00000217169 0 0 0 59 181 0 102 247 
9606.ENSP00000226284 9606.ENSP00000351697 0 0 0 90 0 0 117 162 
9606.ENSP00000226284 9606.ENSP00000216101 0 0 0 51 132 0 74 170 
9606.ENSP00000226284 9606.ENSP00000351015 0 0 0 127 55 0 106 198 
9606.ENSP00000226284 9606.ENSP00000313681 0 0 0 0 0 0 203 203 
9606.ENSP00000226284 9606.ENSP00000379823 0 0 0 0 0 900 88 904 
9606.ENSP00000226284 9606.ENSP00000369889 0 0 0 55 0 0 553 559 
9606.ENSP00000226284 9606.ENSP00000283147 0 0 0 0 0 0 426 426 
9606.ENSP00000226284 9606.ENSP00000355645 0 0 0 61 85 0 124 182 
9606.ENSP00000226284 9606.ENSP00000302046 0 0 0 0 0 0 161 161 
9606.ENSP00000226284 9606.ENSP00000228740 0 0 0 61 176 0 0 193 
9606.ENSP00000226284 9606.ENSP00000261405 0 0 0 59 86 0 391 431 
9606.ENSP00000226284 9606.ENSP00000262065 0 0 0 64 0 0 233 251 
9606.ENSP00000226284 9606.ENSP00000382323 0 0 0 59 86 0 117 174 
9606.ENSP00000226284 9606.ENSP00000324792 0 0 0 0 156 0 0 156 
9606.ENSP00000226284 9606.ENSP00000260731 0 0 0 67 59 0 162 200 
9606.ENSP00000226284 9606.ENSP00000375717 0 0 0 0 0 0 457 457 
9606.ENSP00000226284 9606.ENSP00000305918 0 0 0 61 266 0 0 281 
9606.ENSP00000226284 9606.ENSP00000353210 0 0 0 0 261 0 87 296 
9606.ENSP00000226284 9606.ENSP00000399518 0 0 0 0 0 0 238 238 
9606.ENSP00000226284 9606.ENSP00000381070 0 0 0 0 0 0 187 187 
9606.ENSP00000226284 9606.ENSP00000482472 0 0 0 91 107 0 0 153 
9606.ENSP00000226284 9606.ENSP00000322788 0 0 0 0 0 0 211 211 
9606.ENSP00000226284 9606.ENSP00000282026 0 0 0 0 261 0 87 296 
9606.ENSP00000226284 9606.ENSP00000379898 0 0 0 0 261 0 87 296 
9606.ENSP00000226284 9606.ENSP00000323588 0 0 0 0 0 0 211 211 
9606.ENSP00000226284 9606.ENSP00000377086 0 0 0 62 186 0 49 210 
9606.ENSP00000226284 9606.ENSP00000407586 0 0 0 51 132 0 386 450 
9606.ENSP00000226284 9606.ENSP00000455826 0 0 0 62 0 0 159 177 
9606.ENSP00000226284 9606.ENSP00000370527 0 0 0 0 0 0 296 296 
9606.ENSP00000226284 9606.ENSP00000259351 0 0 0 62 0 0 173 191 
9606.ENSP00000226284 9606.ENSP00000376410 0 0 0 62 164 0 46 186 
9606.ENSP00000226284 9606.ENSP00000309572 0 0 0 0 0 0 193 193 
9606.ENSP00000226284 9606.ENSP00000323696 0 0 0 0 0 0 240 240 
9606.ENSP00000226284 9606.ENSP00000360242 0 0 0 59 181 0 102 247 
9606.ENSP00000226284 9606.ENSP00000401115 0 0 0 0 191 0 0 191 
9606.ENSP00000226284 9606.ENSP00000263088 0 0 0 0 0 0 204 204 
9606.ENSP00000226284 9606.ENSP00000263253 0 0 0 77 177 0 185 326 
9606.ENSP00000226284 9606.ENSP00000378323 0 0 0 64 63 0 399 426 
9606.ENSP00000226284 9606.ENSP00000305988 0 0 0 0 0 0 349 349 
9606.ENSP00000226284 9606.ENSP00000258390 0 0 0 0 0 0 221 221 
9606.ENSP00000226284 9606.ENSP00000432651 0 0 0 143 64 0 69 187 
9606.ENSP00000226284 9606.ENSP00000260643 0 0 0 0 0 0 167 167 
9606.ENSP00000226284 9606.ENSP00000356954 0 0 0 0 0 0 281 281 
9606.ENSP00000226284 9606.ENSP00000386331 0 0 0 63 0 0 264 280 
9606.ENSP00000226284 9606.ENSP00000265165 0 0 0 61 0 0 211 227 
9606.ENSP00000226284 9606.ENSP00000402527 0 0 0 62 0 0 145 163 
9606.ENSP00000226284 9606.ENSP00000262518 0 0 0 82 85 0 98 176 
9606.ENSP00000226284 9606.ENSP00000393596 0 0 0 62 185 0 129 275 
9606.ENSP00000226284 9606.ENSP00000381003 0 0 0 57 180 0 42 194 
9606.ENSP00000226284 9606.ENSP00000216366 0 0 0 61 181 0 0 198 
9606.ENSP00000226284 9606.ENSP00000441913 0 0 0 0 184 0 44 186 
9606.ENSP00000226284 9606.ENSP00000368683 0 0 0 0 0 0 165 165 
9606.ENSP00000226284 9606.ENSP00000262713 0 0 0 91 107 0 0 153 
9606.ENSP00000226284 9606.ENSP00000425093 0 0 0 0 0 0 250 250 
9606.ENSP00000226284 9606.ENSP00000231524 0 0 0 62 261 0 87 311 
9606.ENSP00000226284 9606.ENSP00000440984 0 0 0 62 133 0 50 159 
9606.ENSP00000226284 9606.ENSP00000338272 0 0 0 0 0 0 155 155 
9606.ENSP00000226284 9606.ENSP00000265686 0 0 0 63 0 0 163 182 
9606.ENSP00000226284 9606.ENSP00000450385 0 0 0 82 150 0 0 186 
9606.ENSP00000226284 9606.ENSP00000346508 0 0 0 0 0 0 163 163 
9606.ENSP00000226284 9606.ENSP00000385721 0 0 0 0 0 0 197 197 
9606.ENSP00000226284 9606.ENSP00000302579 0 0 0 63 150 0 0 169 
9606.ENSP00000226284 9606.ENSP00000222271 0 0 0 0 0 0 474 474 
9606.ENSP00000226284 9606.ENSP00000282701 0 0 0 0 0 0 528 528 
9606.ENSP00000226284 9606.ENSP00000299698 0 0 0 63 0 0 132 151 
9606.ENSP00000226284 9606.ENSP00000443189 0 0 0 0 261 0 87 296 
9606.ENSP00000226284 9606.ENSP00000457380 0 0 0 0 0 0 644 644 
9606.ENSP00000226284 9606.ENSP00000336666 0 0 0 61 181 0 0 198 
9606.ENSP00000226284 9606.ENSP00000376465 0 0 0 0 0 0 167 167 
9606.ENSP00000226284 9606.ENSP00000300226 0 0 0 0 0 0 178 178 
9606.ENSP00000226284 9606.ENSP00000347055 0 0 0 82 150 0 0 186 
9606.ENSP00000226284 9606.ENSP00000451828 0 0 0 61 0 0 296 310 
9606.ENSP00000226284 9606.ENSP00000465500 0 0 0 0 0 0 351 351 
9606.ENSP00000226284 9606.ENSP00000326699 0 0 0 0 0 0 179 179 
9606.ENSP00000226284 9606.ENSP00000405388 0 0 0 62 0 0 408 421 
9606.ENSP00000226284 9606.ENSP00000423159 0 0 0 62 0 0 159 177 
9606.ENSP00000226284 9606.ENSP00000433352 0 0 0 63 150 0 0 169 
9606.ENSP00000226284 9606.ENSP00000378563 0 0 0 62 0 0 211 228 
9606.ENSP00000226284 9606.ENSP00000389814 0 0 0 0 0 0 288 288 
9606.ENSP00000226284 9606.ENSP00000229239 0 0 0 0 0 0 557 557 
9606.ENSP00000226284 9606.ENSP00000006053 0 0 0 0 0 0 220 220 
9606.ENSP00000226284 9606.ENSP00000326330 0 0 0 63 86 0 106 167 
9606.ENSP00000226284 9606.ENSP00000423812 0 0 0 0 42 0 330 330 
9606.ENSP00000226284 9606.ENSP00000254900 0 0 0 62 177 0 0 195 
9606.ENSP00000226284 9606.ENSP00000222598 0 0 0 0 77 0 656 668 
9606.ENSP00000226284 9606.ENSP00000469591 0 0 0 0 83 0 190 225 
9606.ENSP00000226284 9606.ENSP00000363092 0 0 0 62 0 0 631 639 
9606.ENSP00000226284 9606.ENSP00000441954 0 0 0 108 0 0 334 380 
9606.ENSP00000226284 9606.ENSP00000479679 0 0 0 59 86 0 96 154 
9606.ENSP00000226284 9606.ENSP00000434614 0 0 0 0 177 0 42 177 
9606.ENSP00000226284 9606.ENSP00000292408 0 0 0 0 0 0 251 251 
9606.ENSP00000226284 9606.ENSP00000428340 0 0 0 62 0 0 175 193 
9606.ENSP00000226284 9606.ENSP00000222573 0 0 0 0 110 600 41 628 
9606.ENSP00000226284 9606.ENSP00000427514 0 0 0 0 0 0 186 186 
9606.ENSP00000226284 9606.ENSP00000361834 0 0 0 0 0 0 186 186 
9606.ENSP00000226284 9606.ENSP00000479716 0 0 0 0 0 0 179 179 
9606.ENSP00000226284 9606.ENSP00000264387 0 0 0 0 163 0 0 163 
9606.ENSP00000226284 9606.ENSP00000374211 0 0 0 82 85 0 98 176 
9606.ENSP00000226284 9606.ENSP00000326238 0 0 0 0 260 0 80 290 
9606.ENSP00000226284 9606.ENSP00000362107 0 0 0 63 150 0 0 169 
9606.ENSP00000226284 9606.ENSP00000313885 0 0 0 63 0 0 140 159 
9606.ENSP00000226284 9606.ENSP00000301633 0 0 0 59 181 0 102 247 
9606.ENSP00000226284 9606.ENSP00000381775 0 0 0 0 0 0 674 674 
9606.ENSP00000226284 9606.ENSP00000254958 0 0 0 0 0 0 499 499 
9606.ENSP00000226284 9606.ENSP00000233623 0 0 0 57 180 0 42 194 
9606.ENSP00000226284 9606.ENSP00000471635 0 0 0 0 157 0 59 172 
9606.ENSP00000226284 9606.ENSP00000387356 0 0 0 61 0 0 569 577 
9606.ENSP00000226284 9606.ENSP00000438507 0 0 0 0 261 0 87 296 
9606.ENSP00000226284 9606.ENSP00000466953 0 0 0 91 107 0 0 153 
9606.ENSP00000226284 9606.ENSP00000343818 0 0 0 0 133 0 121 205 
9606.ENSP00000226284 9606.ENSP00000297350 0 0 0 0 0 0 673 673 
9606.ENSP00000226284 9606.ENSP00000355245 0 0 0 0 0 0 247 247 
9606.ENSP00000226284 9606.ENSP00000365643 0 0 0 0 0 0 221 221 
9606.ENSP00000226284 9606.ENSP00000363973 0 0 0 0 0 900 653 963 
9606.ENSP00000226284 9606.ENSP00000426568 0 0 0 77 0 0 186 216 
9606.ENSP00000226284 9606.ENSP00000309757 0 0 0 0 0 0 330 330 
9606.ENSP00000226284 9606.ENSP00000339824 0 0 0 0 0 0 288 288 
9606.ENSP00000226284 9606.ENSP00000431186 0 0 0 0 185 0 0 185 
9606.ENSP00000226284 9606.ENSP00000458162 0 0 0 61 85 0 181 235 
9606.ENSP00000226284 9606.ENSP00000342434 0 0 0 61 177 0 42 195 
9606.ENSP00000226284 9606.ENSP00000360869 0 0 0 0 177 0 55 189 
9606.ENSP00000226284 9606.ENSP00000380837 0 0 0 0 0 0 317 317 
9606.ENSP00000226284 9606.ENSP00000254301 0 0 0 52 0 0 240 248 
9606.ENSP00000226284 9606.ENSP00000254846 0 0 0 61 177 0 171 303 
9606.ENSP00000226284 9606.ENSP00000310036 0 0 0 0 0 0 355 355 
9606.ENSP00000226284 9606.ENSP00000338533 0 0 0 0 177 0 42 177 
9606.ENSP00000226284 9606.ENSP00000356405 0 0 0 0 61 0 220 236 
9606.ENSP00000226284 9606.ENSP00000479134 0 0 0 62 164 0 57 195 
9606.ENSP00000226284 9606.ENSP00000255194 0 0 0 62 133 0 64 173 
9606.ENSP00000226284 9606.ENSP00000225916 0 0 0 61 177 0 0 194 
9606.ENSP00000226284 9606.ENSP00000273317 0 0 0 91 107 0 0 153 
9606.ENSP00000226284 9606.ENSP00000263025 0 0 0 55 73 0 353 384 
9606.ENSP00000226284 9606.ENSP00000363081 0 0 0 0 0 0 446 446 
9606.ENSP00000226284 9606.ENSP00000231061 0 0 0 116 0 0 800 816 
9606.ENSP00000226284 9606.ENSP00000376911 0 0 0 64 0 0 181 201 
9606.ENSP00000226284 9606.ENSP00000363822 0 0 0 0 0 0 161 161 
9606.ENSP00000226284 9606.ENSP00000227163 0 0 0 63 0 0 302 318 
9606.ENSP00000226284 9606.ENSP00000395654 0 0 0 80 128 0 153 261 
9606.ENSP00000226284 9606.ENSP00000384725 0 0 0 0 83 0 641 656 
9606.ENSP00000226284 9606.ENSP00000264606 0 0 0 63 0 0 164 183 
9606.ENSP00000226284 9606.ENSP00000308895 0 0 0 0 163 0 0 163 
9606.ENSP00000226284 9606.ENSP00000274341 0 0 0 0 0 0 212 212 
9606.ENSP00000226284 9606.ENSP00000265074 0 0 0 103 0 0 105 162 
9606.ENSP00000226284 9606.ENSP00000297261 0 0 0 0 0 0 265 265 
9606.ENSP00000226284 9606.ENSP00000262215 0 0 0 0 181 0 57 194 
9606.ENSP00000226284 9606.ENSP00000257934 0 0 0 109 0 0 532 566 
9606.ENSP00000226284 9606.ENSP00000295640 0 0 0 61 176 0 0 193 
9606.ENSP00000226284 9606.ENSP00000361043 0 0 0 112 85 0 49 159 
9606.ENSP00000226284 9606.ENSP00000478570 0 0 0 0 0 0 474 474 
9606.ENSP00000226284 9606.ENSP00000257868 0 0 0 0 0 0 163 163 
9606.ENSP00000226284 9606.ENSP00000318650 0 0 0 0 0 0 154 154 
9606.ENSP00000226284 9606.ENSP00000302413 0 0 0 0 177 0 42 177 
9606.ENSP00000226284 9606.ENSP00000296871 0 0 0 0 0 0 172 172 
9606.ENSP00000226284 9606.ENSP00000275428 0 0 0 0 0 0 215 215 
9606.ENSP00000226284 9606.ENSP00000345672 0 0 0 61 0 0 190 207 
9606.ENSP00000226284 9606.ENSP00000348163 0 0 0 0 85 0 133 172 
9606.ENSP00000226284 9606.ENSP00000375730 0 0 0 0 85 0 140 180 
9606.ENSP00000226284 9606.ENSP00000228682 0 0 0 62 83 0 170 223 
9606.ENSP00000226284 9606.ENSP00000260228 0 0 0 0 0 0 323 323 
9606.ENSP00000226284 9606.ENSP00000379880 0 0 0 0 42 0 151 152 
9606.ENSP00000226284 9606.ENSP00000414516 0 0 0 0 191 0 0 191 
9606.ENSP00000226284 9606.ENSP00000360883 0 0 0 0 177 0 53 188 
9606.ENSP00000226284 9606.ENSP00000295453 0 0 0 0 0 0 275 275 
9606.ENSP00000226284 9606.ENSP00000337816 0 0 0 0 0 0 210 210 
9606.ENSP00000226284 9606.ENSP00000296585 0 0 0 62 0 600 170 661 
9606.ENSP00000226284 9606.ENSP00000265260 0 0 0 0 0 0 388 388 
9606.ENSP00000226284 9606.ENSP00000250160 0 0 0 0 0 0 244 244 
9606.ENSP00000226284 9606.ENSP00000157600 0 0 0 63 150 0 0 169 
9606.ENSP00000226284 9606.ENSP00000402373 0 0 0 61 85 0 129 187 
9606.ENSP00000226284 9606.ENSP00000259708 0 0 0 0 177 0 42 177 
9606.ENSP00000226284 9606.ENSP00000259806 0 0 0 0 0 0 248 248 
9606.ENSP00000226284 9606.ENSP00000221730 0 0 0 61 192 0 0 208 
9606.ENSP00000226284 9606.ENSP00000361664 0 0 0 0 83 0 221 255 
9606.ENSP00000226284 9606.ENSP00000385675 0 0 0 0 0 0 351 351 
9606.ENSP00000226284 9606.ENSP00000356825 0 0 0 64 0 0 133 153 
9606.ENSP00000226284 9606.ENSP00000249075 0 0 0 0 0 0 187 187 
9606.ENSP00000226284 9606.ENSP00000386884 0 0 0 0 0 0 224 224 
9606.ENSP00000226284 9606.ENSP00000369071 0 0 0 0 0 0 493 493 
9606.ENSP00000226284 9606.ENSP00000226218 0 0 0 0 0 0 589 589 
9606.ENSP00000226284 9606.ENSP00000406861 0 0 0 59 86 0 96 154 
9606.ENSP00000226284 9606.ENSP00000272542 0 0 0 0 0 0 158 158 
9606.ENSP00000226284 9606.ENSP00000339730 0 0 0 0 0 0 156 156 
9606.ENSP00000226284 9606.ENSP00000261921 0 0 0 0 0 0 181 181 
9606.ENSP00000226284 9606.ENSP00000263754 0 0 0 61 177 0 210 336 
9606.ENSP00000226284 9606.ENSP00000236040 0 0 0 0 0 0 175 175 
9606.ENSP00000226284 9606.ENSP00000339740 0 0 0 63 0 0 155 174 
9606.ENSP00000226284 9606.ENSP00000229390 0 0 0 51 82 0 104 151 
9606.ENSP00000226284 9606.ENSP00000284770 0 0 0 62 0 0 264 280 
9606.ENSP00000226284 9606.ENSP00000327440 0 0 0 0 0 0 173 173 
9606.ENSP00000226284 9606.ENSP00000222462 0 0 0 0 0 0 414 414 
9606.ENSP00000226284 9606.ENSP00000369465 0 0 0 0 0 0 212 212 
9606.ENSP00000226284 9606.ENSP00000377601 0 0 0 61 85 0 101 160 
9606.ENSP00000226284 9606.ENSP00000476960 0 0 0 0 0 0 161 161 
9606.ENSP00000226284 9606.ENSP00000265990 0 0 0 63 0 0 131 150 
9606.ENSP00000226284 9606.ENSP00000239374 0 0 0 0 132 0 82 169 
9606.ENSP00000226284 9606.ENSP00000348849 0 0 0 0 196 0 0 196 
9606.ENSP00000226284 9606.ENSP00000265773 0 0 0 80 128 0 132 242 
9606.ENSP00000226284 9606.ENSP00000323967 0 0 0 62 157 0 0 175 
9606.ENSP00000226284 9606.ENSP00000332448 0 0 0 0 0 0 615 615 
9606.ENSP00000226284 9606.ENSP00000364464 0 0 0 61 176 0 0 193 
9606.ENSP00000226284 9606.ENSP00000341422 0 0 0 62 0 0 149 167 
9606.ENSP00000226284 9606.ENSP00000419027 0 0 0 0 0 0 179 179 
9606.ENSP00000226284 9606.ENSP00000317232 0 0 0 0 0 0 170 170 
9606.ENSP00000226284 9606.ENSP00000371790 0 0 0 0 0 0 212 212 
9606.ENSP00000226284 9606.ENSP00000380718 0 0 0 61 292 0 136 375 
9606.ENSP00000226284 9606.ENSP00000211998 0 0 0 63 0 0 291 307 
9606.ENSP00000226284 9606.ENSP00000221166 0 0 0 59 86 0 96 154 
9606.ENSP00000226284 9606.ENSP00000285311 0 0 0 0 0 0 211 211 
9606.ENSP00000226284 9606.ENSP00000337261 0 0 0 0 156 0 0 156 
9606.ENSP00000226284 9606.ENSP00000380638 0 0 0 0 0 0 161 161 
9606.ENSP00000226284 9606.ENSP00000296181 0 0 0 0 110 800 96 825 
9606.ENSP00000226284 9606.ENSP00000369716 0 0 0 61 85 0 101 160 
9606.ENSP00000226284 9606.ENSP00000299855 0 0 0 0 0 0 353 353 
9606.ENSP00000226284 9606.ENSP00000364257 0 0 0 0 0 0 628 628 
9606.ENSP00000226284 9606.ENSP00000363492 0 0 0 0 0 0 290 290 
9606.ENSP00000226284 9606.ENSP00000364979 0 0 0 0 0 900 112 907 
9606.ENSP00000226284 9606.ENSP00000355896 0 0 0 0 0 0 171 171 
9606.ENSP00000226284 9606.ENSP00000284523 0 0 0 0 0 0 354 354 
9606.ENSP00000226284 9606.ENSP00000369574 0 0 0 0 0 0 187 187 
9606.ENSP00000226284 9606.ENSP00000357255 0 0 0 64 0 0 922 923 
9606.ENSP00000226284 9606.ENSP00000264399 0 0 0 62 0 0 627 636 
9606.ENSP00000226284 9606.ENSP00000385808 0 0 0 57 59 0 119 150 
9606.ENSP00000226284 9606.ENSP00000369554 0 0 0 0 0 0 186 186 
9606.ENSP00000226284 9606.ENSP00000300026 0 0 0 0 0 0 205 205 
9606.ENSP00000226284 9606.ENSP00000246895 0 0 0 0 0 0 428 428 
9606.ENSP00000226284 9606.ENSP00000401907 0 0 0 61 0 0 360 373 
9606.ENSP00000226284 9606.ENSP00000245304 0 0 0 51 132 0 65 162 
9606.ENSP00000226284 9606.ENSP00000286657 0 0 0 62 0 0 139 157 
9606.ENSP00000226284 9606.ENSP00000406909 0 0 0 0 0 0 202 202 
9606.ENSP00000226284 9606.ENSP00000364298 0 0 0 0 177 0 42 177 
9606.ENSP00000226284 9606.ENSP00000221561 0 0 0 0 0 0 366 366 
9606.ENSP00000226284 9606.ENSP00000345681 0 0 0 0 0 0 194 194 
9606.ENSP00000226284 9606.ENSP00000304408 0 0 0 55 0 0 222 233 
9606.ENSP00000226284 9606.ENSP00000305714 0 0 0 0 0 0 325 325 
9606.ENSP00000226284 9606.ENSP00000356399 0 0 0 0 0 0 167 167 
9606.ENSP00000226284 9606.ENSP00000344546 0 0 0 47 0 0 388 391 
9606.ENSP00000226284 9606.ENSP00000245816 0 0 0 62 0 0 148 166 
9606.ENSP00000226284 9606.ENSP00000411152 0 0 0 0 0 0 201 201 
9606.ENSP00000226284 9606.ENSP00000340465 0 0 0 0 0 0 150 150 
