9606.ENSP00000291577 9606.ENSP00000294053 44 0 0 0 0 0 206 208 
9606.ENSP00000291577 9606.ENSP00000223208 0 0 0 0 0 0 243 243 
9606.ENSP00000291577 9606.ENSP00000291582 0 0 0 0 0 0 469 469 
9606.ENSP00000291577 9606.ENSP00000410216 0 0 0 0 0 0 349 349 
9606.ENSP00000291577 9606.ENSP00000321706 0 0 0 0 0 0 469 469 
9606.ENSP00000291577 9606.ENSP00000311984 216 0 0 73 0 0 0 242 
9606.ENSP00000291577 9606.ENSP00000475027 0 0 0 0 0 0 202 202 
9606.ENSP00000291577 9606.ENSP00000257287 0 0 0 0 0 0 530 530 
9606.ENSP00000291577 9606.ENSP00000358563 69 0 0 0 0 0 143 168 
9606.ENSP00000291577 9606.ENSP00000296456 0 0 0 117 0 0 139 207 
9606.ENSP00000291577 9606.ENSP00000296125 0 0 0 0 0 0 190 190 
9606.ENSP00000291577 9606.ENSP00000388638 0 0 0 0 0 0 164 164 
9606.ENSP00000291577 9606.ENSP00000371253 59 0 0 0 0 0 226 240 
9606.ENSP00000291577 9606.ENSP00000388223 0 0 0 0 0 0 426 426 
9606.ENSP00000291577 9606.ENSP00000361800 0 0 0 0 0 0 163 163 
9606.ENSP00000291577 9606.ENSP00000338766 0 0 0 0 0 0 197 197 
9606.ENSP00000291577 9606.ENSP00000363680 0 0 0 0 0 0 398 398 
9606.ENSP00000291577 9606.ENSP00000346173 0 0 0 153 0 0 91 198 
9606.ENSP00000291577 9606.ENSP00000298832 0 0 0 0 0 0 448 448 
9606.ENSP00000291577 9606.ENSP00000303058 0 0 0 0 0 0 388 388 
9606.ENSP00000291577 9606.ENSP00000292513 0 0 0 0 0 0 224 224 
9606.ENSP00000291577 9606.ENSP00000317971 0 0 0 0 0 0 161 161 
9606.ENSP00000291577 9606.ENSP00000362463 0 0 0 63 0 0 172 191 
9606.ENSP00000291577 9606.ENSP00000309539 0 0 0 0 0 0 150 150 
9606.ENSP00000291577 9606.ENSP00000470879 0 0 0 0 0 0 204 204 
9606.ENSP00000291577 9606.ENSP00000301522 0 0 0 63 0 0 150 169 
9606.ENSP00000291577 9606.ENSP00000382646 0 0 0 0 0 0 327 327 
9606.ENSP00000291577 9606.ENSP00000377769 0 0 0 0 0 0 585 585 
9606.ENSP00000291577 9606.ENSP00000262127 0 0 0 0 0 0 440 440 
9606.ENSP00000291577 9606.ENSP00000301329 0 0 0 62 0 0 161 179 
9606.ENSP00000291577 9606.ENSP00000295256 0 0 0 0 0 0 153 153 
9606.ENSP00000291577 9606.ENSP00000210313 0 0 0 0 0 0 156 156 
9606.ENSP00000291577 9606.ENSP00000252137 0 0 0 0 0 0 897 897 
9606.ENSP00000291577 9606.ENSP00000301729 0 0 0 129 0 0 64 150 
9606.ENSP00000291577 9606.ENSP00000261499 0 0 0 0 0 0 221 221 
9606.ENSP00000291577 9606.ENSP00000381231 0 0 0 0 0 0 176 176 
9606.ENSP00000291577 9606.ENSP00000336524 0 0 0 0 0 0 323 323 
9606.ENSP00000291577 9606.ENSP00000378812 0 0 0 61 187 0 99 252 
9606.ENSP00000291577 9606.ENSP00000220592 0 0 0 0 0 0 351 351 
9606.ENSP00000291577 9606.ENSP00000387209 0 0 0 0 0 0 188 188 
9606.ENSP00000291577 9606.ENSP00000255882 0 0 0 0 187 0 0 187 
9606.ENSP00000291577 9606.ENSP00000361982 69 0 0 0 187 0 0 210 
9606.ENSP00000291577 9606.ENSP00000219479 0 0 0 55 187 0 43 200 
9606.ENSP00000291577 9606.ENSP00000447378 0 0 0 0 0 0 246 246 
9606.ENSP00000291577 9606.ENSP00000290349 0 0 0 61 0 0 176 194 
9606.ENSP00000291577 9606.ENSP00000352614 0 0 0 0 0 0 226 226 
9606.ENSP00000291577 9606.ENSP00000244137 0 0 0 122 0 0 75 153 
9606.ENSP00000291577 9606.ENSP00000392549 0 0 0 0 0 0 328 328 
9606.ENSP00000291577 9606.ENSP00000313432 0 0 0 153 0 0 100 205 
9606.ENSP00000291577 9606.ENSP00000304903 0 0 0 0 0 0 225 225 
9606.ENSP00000291577 9606.ENSP00000273480 0 0 0 0 0 0 173 173 
9606.ENSP00000291577 9606.ENSP00000379804 0 0 0 0 0 0 173 173 
9606.ENSP00000291577 9606.ENSP00000254037 0 0 0 0 0 0 167 167 
9606.ENSP00000291577 9606.ENSP00000309572 0 0 0 0 0 0 186 186 
9606.ENSP00000291577 9606.ENSP00000221418 0 0 0 174 187 0 115 354 
9606.ENSP00000291577 9606.ENSP00000259050 0 0 0 0 0 0 150 150 
9606.ENSP00000291577 9606.ENSP00000428864 0 0 0 0 0 0 292 292 
9606.ENSP00000291577 9606.ENSP00000343023 0 0 0 0 0 0 446 446 
9606.ENSP00000291577 9606.ENSP00000355499 0 0 0 0 0 0 213 213 
9606.ENSP00000291577 9606.ENSP00000317159 0 0 0 146 0 0 63 166 
9606.ENSP00000291577 9606.ENSP00000344314 0 0 0 0 0 0 398 398 
9606.ENSP00000291577 9606.ENSP00000344648 0 0 0 0 0 0 223 223 
9606.ENSP00000291577 9606.ENSP00000329715 0 0 0 0 0 0 198 198 
9606.ENSP00000291577 9606.ENSP00000403465 0 0 0 0 0 0 292 292 
9606.ENSP00000291577 9606.ENSP00000428263 0 0 0 0 187 0 0 187 
9606.ENSP00000291577 9606.ENSP00000310117 0 0 0 0 0 0 224 224 
9606.ENSP00000291577 9606.ENSP00000382390 0 0 0 0 0 0 242 242 
9606.ENSP00000291577 9606.ENSP00000311766 0 0 0 0 187 0 0 187 
9606.ENSP00000291577 9606.ENSP00000233627 0 0 0 298 0 0 0 298 
9606.ENSP00000291577 9606.ENSP00000296498 0 0 0 0 0 0 302 302 
9606.ENSP00000291577 9606.ENSP00000393541 0 0 0 0 0 0 187 187 
9606.ENSP00000291577 9606.ENSP00000228438 0 0 0 0 0 0 390 390 
9606.ENSP00000291577 9606.ENSP00000417142 0 0 0 71 187 0 0 213 
9606.ENSP00000291577 9606.ENSP00000291568 0 0 0 0 0 0 245 245 
9606.ENSP00000291577 9606.ENSP00000367766 0 0 0 0 0 0 266 266 
9606.ENSP00000291577 9606.ENSP00000264935 0 0 0 0 0 0 222 222 
9606.ENSP00000291577 9606.ENSP00000323313 0 0 0 45 0 0 182 185 
9606.ENSP00000291577 9606.ENSP00000358716 0 0 0 0 0 0 439 439 
9606.ENSP00000291577 9606.ENSP00000254868 0 0 0 0 0 0 357 357 
9606.ENSP00000291577 9606.ENSP00000346080 0 0 0 0 0 0 223 223 
9606.ENSP00000291577 9606.ENSP00000398523 0 0 0 0 0 0 542 542 
9606.ENSP00000291577 9606.ENSP00000305426 0 0 0 0 0 0 347 347 
9606.ENSP00000291577 9606.ENSP00000431040 0 0 0 0 187 0 0 187 
9606.ENSP00000291577 9606.ENSP00000368683 0 0 0 0 0 0 205 205 
9606.ENSP00000291577 9606.ENSP00000426909 0 0 0 0 0 0 170 170 
9606.ENSP00000291577 9606.ENSP00000261868 0 0 0 0 0 0 163 163 
9606.ENSP00000291577 9606.ENSP00000397261 0 0 0 61 0 0 160 177 
9606.ENSP00000291577 9606.ENSP00000261167 0 0 0 0 0 0 175 175 
9606.ENSP00000291577 9606.ENSP00000262746 0 0 0 61 0 0 136 154 
9606.ENSP00000291577 9606.ENSP00000362121 0 0 0 0 0 0 286 286 
9606.ENSP00000291577 9606.ENSP00000187762 0 0 0 0 0 0 221 221 
9606.ENSP00000291577 9606.ENSP00000333019 0 0 0 61 0 0 171 188 
9606.ENSP00000291577 9606.ENSP00000263774 0 0 0 203 0 0 45 206 
9606.ENSP00000291577 9606.ENSP00000056217 0 0 0 0 0 0 155 155 
9606.ENSP00000291577 9606.ENSP00000291565 0 0 0 0 0 0 313 313 
9606.ENSP00000291577 9606.ENSP00000237937 0 0 0 0 0 0 197 197 
9606.ENSP00000291577 9606.ENSP00000359300 0 0 0 0 0 0 445 445 
9606.ENSP00000291577 9606.ENSP00000338272 0 0 0 0 0 0 157 157 
9606.ENSP00000291577 9606.ENSP00000229329 0 0 0 0 0 0 212 212 
9606.ENSP00000291577 9606.ENSP00000358105 0 0 0 0 0 0 157 157 
9606.ENSP00000291577 9606.ENSP00000323856 0 0 0 0 0 0 154 154 
9606.ENSP00000291577 9606.ENSP00000376276 0 0 0 0 0 0 416 416 
9606.ENSP00000291577 9606.ENSP00000431808 0 0 0 46 0 0 188 192 
9606.ENSP00000291577 9606.ENSP00000460070 0 0 0 61 0 0 236 252 
9606.ENSP00000291577 9606.ENSP00000319052 0 0 0 0 0 0 424 424 
9606.ENSP00000291577 9606.ENSP00000314441 185 0 0 0 0 0 0 185 
9606.ENSP00000291577 9606.ENSP00000346050 0 0 0 0 0 0 215 215 
9606.ENSP00000291577 9606.ENSP00000370803 0 0 0 0 0 0 533 533 
9606.ENSP00000291577 9606.ENSP00000404042 0 0 0 183 0 0 0 183 
9606.ENSP00000291577 9606.ENSP00000482442 0 0 0 0 0 0 180 180 
9606.ENSP00000291577 9606.ENSP00000381234 0 0 0 0 0 0 176 176 
9606.ENSP00000291577 9606.ENSP00000331600 0 0 0 0 0 0 161 161 
9606.ENSP00000291577 9606.ENSP00000475924 0 0 0 0 187 0 87 225 
9606.ENSP00000291577 9606.ENSP00000303424 0 0 0 0 0 0 214 214 
9606.ENSP00000291577 9606.ENSP00000252512 0 0 0 0 0 0 181 181 
9606.ENSP00000291577 9606.ENSP00000367355 0 0 0 0 0 0 155 155 
9606.ENSP00000291577 9606.ENSP00000278935 0 0 0 0 0 0 556 556 
9606.ENSP00000291577 9606.ENSP00000237596 0 0 0 0 0 0 161 161 
9606.ENSP00000291577 9606.ENSP00000442515 0 0 0 0 0 0 297 297 
9606.ENSP00000291577 9606.ENSP00000428259 0 0 0 0 0 0 473 473 
9606.ENSP00000291577 9606.ENSP00000363891 0 0 0 0 0 0 169 169 
9606.ENSP00000291577 9606.ENSP00000389998 0 0 0 0 0 0 250 250 
9606.ENSP00000291577 9606.ENSP00000356864 0 0 0 0 111 0 98 163 
9606.ENSP00000291577 9606.ENSP00000480986 0 0 0 0 0 0 225 225 
9606.ENSP00000291577 9606.ENSP00000284617 0 0 0 0 0 0 330 330 
9606.ENSP00000291577 9606.ENSP00000315774 0 0 0 193 0 0 0 193 
9606.ENSP00000291577 9606.ENSP00000309515 0 0 0 61 0 0 160 177 
9606.ENSP00000291577 9606.ENSP00000480893 0 0 0 0 0 0 226 226 
9606.ENSP00000291577 9606.ENSP00000216733 0 0 0 0 0 0 165 165 
9606.ENSP00000291577 9606.ENSP00000298510 0 0 0 77 0 0 131 164 
9606.ENSP00000291577 9606.ENSP00000444052 0 0 0 0 0 0 295 295 
9606.ENSP00000291577 9606.ENSP00000241305 0 0 0 0 0 0 329 329 
9606.ENSP00000291577 9606.ENSP00000233336 0 0 0 0 0 0 467 467 
9606.ENSP00000291577 9606.ENSP00000360671 0 0 0 77 187 0 0 217 
9606.ENSP00000291577 9606.ENSP00000238508 0 0 0 0 0 0 180 180 
9606.ENSP00000291577 9606.ENSP00000295897 0 0 0 0 0 0 262 262 
9606.ENSP00000291577 9606.ENSP00000392252 0 0 0 0 0 0 400 400 
9606.ENSP00000291577 9606.ENSP00000301585 0 0 0 77 0 0 196 226 
9606.ENSP00000291577 9606.ENSP00000451575 0 0 0 61 0 0 132 150 
9606.ENSP00000291577 9606.ENSP00000346359 0 0 0 0 0 0 290 290 
9606.ENSP00000291577 9606.ENSP00000229239 49 0 0 0 0 0 240 246 
9606.ENSP00000291577 9606.ENSP00000373539 0 0 0 0 0 0 150 150 
9606.ENSP00000291577 9606.ENSP00000380514 0 0 0 106 0 0 127 186 
9606.ENSP00000291577 9606.ENSP00000264538 0 0 0 0 0 0 254 254 
9606.ENSP00000291577 9606.ENSP00000359292 0 0 0 0 0 0 175 175 
9606.ENSP00000291577 9606.ENSP00000269159 0 0 0 0 0 0 152 152 
9606.ENSP00000291577 9606.ENSP00000327533 0 0 0 0 0 0 398 398 
9606.ENSP00000291577 9606.ENSP00000269305 0 0 0 0 0 0 211 211 
9606.ENSP00000291577 9606.ENSP00000348168 0 0 0 0 188 0 0 188 
9606.ENSP00000291577 9606.ENSP00000355110 0 0 0 0 0 0 269 269 
9606.ENSP00000291577 9606.ENSP00000252602 0 0 0 152 0 0 0 152 
9606.ENSP00000291577 9606.ENSP00000366970 0 0 0 0 0 0 183 183 
9606.ENSP00000291577 9606.ENSP00000240316 0 0 0 0 0 0 250 250 
9606.ENSP00000291577 9606.ENSP00000361475 0 0 0 0 0 0 183 183 
9606.ENSP00000291577 9606.ENSP00000316681 0 0 0 0 0 0 169 169 
9606.ENSP00000291577 9606.ENSP00000203407 0 0 0 156 0 0 59 173 
9606.ENSP00000291577 9606.ENSP00000261574 0 0 0 0 0 0 177 177 
9606.ENSP00000291577 9606.ENSP00000377043 0 0 0 0 0 0 527 527 
9606.ENSP00000291577 9606.ENSP00000436049 0 0 0 0 0 0 316 316 
9606.ENSP00000291577 9606.ENSP00000300146 0 0 0 0 0 0 211 211 
9606.ENSP00000291577 9606.ENSP00000262554 0 0 0 0 0 0 343 343 
9606.ENSP00000291577 9606.ENSP00000358753 0 0 0 0 0 0 295 295 
9606.ENSP00000291577 9606.ENSP00000442464 0 0 0 0 0 0 212 212 
9606.ENSP00000291577 9606.ENSP00000263650 0 0 0 0 0 0 336 336 
9606.ENSP00000291577 9606.ENSP00000302665 0 0 0 61 0 0 159 176 
9606.ENSP00000291577 9606.ENSP00000474032 0 0 0 0 0 0 246 246 
9606.ENSP00000291577 9606.ENSP00000373153 0 0 0 0 0 0 226 226 
9606.ENSP00000291577 9606.ENSP00000361554 0 0 0 0 0 0 256 256 
9606.ENSP00000291577 9606.ENSP00000282388 0 0 0 0 0 0 355 355 
9606.ENSP00000291577 9606.ENSP00000248342 0 0 0 88 0 0 128 171 
9606.ENSP00000291577 9606.ENSP00000478962 0 0 0 0 0 0 150 150 
9606.ENSP00000291577 9606.ENSP00000403645 0 0 0 0 0 0 167 167 
9606.ENSP00000291577 9606.ENSP00000317842 0 0 0 0 0 0 239 239 
9606.ENSP00000291577 9606.ENSP00000371308 0 0 0 0 0 0 311 311 
9606.ENSP00000291577 9606.ENSP00000164139 0 0 0 61 0 0 162 180 
9606.ENSP00000291577 9606.ENSP00000216038 0 0 0 0 0 0 216 216 
9606.ENSP00000291577 9606.ENSP00000229633 0 0 0 200 0 0 0 200 
9606.ENSP00000291577 9606.ENSP00000286479 0 0 0 0 0 0 788 788 
9606.ENSP00000291577 9606.ENSP00000345216 0 0 0 0 0 0 226 226 
9606.ENSP00000291577 9606.ENSP00000352572 0 0 0 0 0 0 495 495 
9606.ENSP00000291577 9606.ENSP00000428895 0 0 0 88 0 0 210 249 
9606.ENSP00000291577 9606.ENSP00000324573 0 0 0 0 0 0 364 364 
9606.ENSP00000291577 9606.ENSP00000260327 0 0 0 0 0 0 206 206 
9606.ENSP00000291577 9606.ENSP00000353720 0 0 0 0 0 0 282 282 
9606.ENSP00000291577 9606.ENSP00000364840 0 0 0 0 0 0 150 150 
9606.ENSP00000291577 9606.ENSP00000298125 0 0 0 0 0 0 211 211 
9606.ENSP00000291577 9606.ENSP00000227756 0 0 0 0 0 0 204 204 
9606.ENSP00000291577 9606.ENSP00000342510 0 0 0 0 0 0 402 402 
9606.ENSP00000291577 9606.ENSP00000081029 0 0 0 0 187 0 0 187 
9606.ENSP00000291577 9606.ENSP00000273596 0 0 0 0 0 0 225 225 
9606.ENSP00000291577 9606.ENSP00000370337 0 0 0 0 0 0 473 473 
9606.ENSP00000291577 9606.ENSP00000220058 0 0 0 0 187 0 0 187 
9606.ENSP00000291577 9606.ENSP00000291574 0 0 0 55 0 0 240 251 
9606.ENSP00000291577 9606.ENSP00000364864 0 0 0 0 0 0 196 196 
9606.ENSP00000291577 9606.ENSP00000220509 0 0 0 0 0 0 150 150 
9606.ENSP00000291577 9606.ENSP00000343818 0 0 0 0 0 0 290 290 
9606.ENSP00000291577 9606.ENSP00000346464 0 0 0 0 0 0 347 347 
9606.ENSP00000291577 9606.ENSP00000348064 167 0 0 0 0 0 0 167 
9606.ENSP00000291577 9606.ENSP00000389649 0 0 0 141 0 0 90 185 
9606.ENSP00000291577 9606.ENSP00000327832 0 0 0 0 0 0 236 236 
9606.ENSP00000291577 9606.ENSP00000393583 0 0 0 0 0 0 266 266 
9606.ENSP00000291577 9606.ENSP00000346088 0 0 0 95 0 0 118 168 
9606.ENSP00000291577 9606.ENSP00000261434 167 0 0 0 0 0 0 167 
9606.ENSP00000291577 9606.ENSP00000356015 0 0 0 61 0 0 134 152 
9606.ENSP00000291577 9606.ENSP00000344942 0 0 0 0 0 0 198 198 
9606.ENSP00000291577 9606.ENSP00000310447 0 0 0 0 0 0 527 527 
9606.ENSP00000291577 9606.ENSP00000235835 0 0 0 138 0 0 69 163 
9606.ENSP00000291577 9606.ENSP00000243997 0 0 0 111 187 0 0 247 
9606.ENSP00000291577 9606.ENSP00000353249 0 0 0 0 0 0 325 325 
9606.ENSP00000291577 9606.ENSP00000313169 0 0 0 0 0 0 187 187 
9606.ENSP00000291577 9606.ENSP00000370966 0 0 0 59 0 0 195 210 
9606.ENSP00000291577 9606.ENSP00000477341 0 0 0 0 187 0 0 187 
9606.ENSP00000291577 9606.ENSP00000347710 0 0 0 0 0 0 163 163 
9606.ENSP00000291577 9606.ENSP00000333667 0 0 0 0 187 0 0 187 
9606.ENSP00000291577 9606.ENSP00000480445 0 0 0 0 0 0 281 281 
9606.ENSP00000291577 9606.ENSP00000306105 0 0 0 0 0 0 327 327 
9606.ENSP00000291577 9606.ENSP00000329614 0 0 0 0 0 0 231 231 
9606.ENSP00000291577 9606.ENSP00000357535 0 0 0 167 0 0 87 207 
9606.ENSP00000291577 9606.ENSP00000217961 0 0 0 0 0 0 159 159 
9606.ENSP00000291577 9606.ENSP00000346921 0 0 0 52 0 0 145 155 
9606.ENSP00000291577 9606.ENSP00000417580 0 0 0 69 0 0 243 265 
9606.ENSP00000291577 9606.ENSP00000402457 0 0 0 0 0 0 271 271 
9606.ENSP00000291577 9606.ENSP00000330264 0 0 0 0 0 0 163 163 
9606.ENSP00000291577 9606.ENSP00000323580 0 0 0 0 0 0 560 560 
9606.ENSP00000291577 9606.ENSP00000281243 0 0 0 77 0 0 130 162 
9606.ENSP00000291577 9606.ENSP00000322832 0 0 0 0 0 0 214 214 
9606.ENSP00000291577 9606.ENSP00000285093 0 0 0 114 0 0 79 150 
9606.ENSP00000291577 9606.ENSP00000356978 149 0 0 59 0 0 0 164 
9606.ENSP00000291577 9606.ENSP00000225698 0 0 0 100 187 0 0 237 
9606.ENSP00000291577 9606.ENSP00000266254 0 0 0 0 0 0 517 517 
9606.ENSP00000291577 9606.ENSP00000368102 0 0 0 0 0 0 223 223 
9606.ENSP00000291577 9606.ENSP00000355180 0 0 0 55 0 0 259 270 
9606.ENSP00000291577 9606.ENSP00000300935 0 0 0 0 0 0 269 269 
9606.ENSP00000291577 9606.ENSP00000318406 0 0 0 0 0 0 194 194 
9606.ENSP00000291577 9606.ENSP00000380432 0 0 0 0 0 0 155 155 
9606.ENSP00000291577 9606.ENSP00000369581 0 0 0 0 0 0 258 258 
9606.ENSP00000291577 9606.ENSP00000369976 0 0 0 0 0 0 256 256 
9606.ENSP00000291577 9606.ENSP00000272433 0 0 0 0 0 0 280 280 
9606.ENSP00000291577 9606.ENSP00000390158 0 0 0 0 0 0 212 212 
9606.ENSP00000291577 9606.ENSP00000299642 0 0 0 0 0 0 398 398 
9606.ENSP00000291577 9606.ENSP00000327070 0 0 0 59 0 0 144 160 
9606.ENSP00000291577 9606.ENSP00000357555 0 0 0 0 0 0 165 165 
9606.ENSP00000291577 9606.ENSP00000346255 0 0 0 0 187 0 0 187 
9606.ENSP00000291577 9606.ENSP00000349687 0 0 0 0 0 0 428 428 
9606.ENSP00000291577 9606.ENSP00000358967 0 0 0 0 0 0 186 186 
9606.ENSP00000291577 9606.ENSP00000205061 0 0 0 0 0 0 161 161 
9606.ENSP00000291577 9606.ENSP00000375951 0 0 0 0 0 0 567 567 
9606.ENSP00000291577 9606.ENSP00000232424 0 0 0 0 0 0 175 175 
9606.ENSP00000291577 9606.ENSP00000286317 0 0 0 0 0 0 173 173 
9606.ENSP00000291577 9606.ENSP00000321346 0 0 0 0 0 0 424 424 
9606.ENSP00000291577 9606.ENSP00000480091 0 0 0 0 0 0 151 151 
9606.ENSP00000291577 9606.ENSP00000343412 0 0 0 0 0 0 219 219 
9606.ENSP00000291577 9606.ENSP00000418770 0 0 0 125 0 0 298 360 
9606.ENSP00000291577 9606.ENSP00000361668 0 0 0 0 0 0 286 286 
9606.ENSP00000291577 9606.ENSP00000346725 0 0 0 0 0 0 211 211 
9606.ENSP00000291577 9606.ENSP00000355500 0 0 0 0 0 0 330 330 
9606.ENSP00000291577 9606.ENSP00000242592 0 0 0 112 0 0 106 173 
9606.ENSP00000291577 9606.ENSP00000268057 0 0 0 0 0 0 356 356 
9606.ENSP00000291577 9606.ENSP00000360365 0 0 0 0 0 0 221 221 
9606.ENSP00000291577 9606.ENSP00000247986 0 0 0 0 0 0 206 206 
9606.ENSP00000291577 9606.ENSP00000360944 0 0 0 0 0 0 297 297 
9606.ENSP00000291577 9606.ENSP00000463058 0 0 0 0 0 0 187 187 
9606.ENSP00000291577 9606.ENSP00000295240 0 0 0 0 0 0 211 211 
9606.ENSP00000291577 9606.ENSP00000357060 0 0 0 0 0 0 170 170 
9606.ENSP00000291577 9606.ENSP00000355812 0 0 0 0 0 0 163 163 
9606.ENSP00000291577 9606.ENSP00000339917 0 0 0 0 0 0 201 201 
9606.ENSP00000291577 9606.ENSP00000481646 0 0 0 0 0 0 224 224 
9606.ENSP00000291577 9606.ENSP00000386284 216 0 0 0 0 0 0 216 
9606.ENSP00000291577 9606.ENSP00000258975 195 0 0 90 0 0 0 236 
9606.ENSP00000291577 9606.ENSP00000480313 0 0 46 0 187 0 47 197 
9606.ENSP00000291577 9606.ENSP00000412733 0 0 0 0 0 0 173 173 
9606.ENSP00000291577 9606.ENSP00000388658 0 0 0 0 0 0 165 165 
9606.ENSP00000291577 9606.ENSP00000339145 0 0 0 0 0 0 236 236 
9606.ENSP00000291577 9606.ENSP00000380661 0 0 0 0 0 0 223 223 
9606.ENSP00000291577 9606.ENSP00000338512 0 0 0 0 0 0 341 341 
9606.ENSP00000291577 9606.ENSP00000259037 0 0 0 181 0 0 0 181 
9606.ENSP00000291577 9606.ENSP00000334379 0 0 0 0 0 0 193 193 
9606.ENSP00000291577 9606.ENSP00000229135 0 0 0 0 0 0 229 229 
9606.ENSP00000291577 9606.ENSP00000354554 0 0 0 0 0 0 165 165 
9606.ENSP00000291577 9606.ENSP00000372112 0 0 0 90 0 0 194 235 
9606.ENSP00000291577 9606.ENSP00000369257 0 0 0 0 0 0 163 163 
9606.ENSP00000291577 9606.ENSP00000383820 0 0 0 0 0 0 211 211 
9606.ENSP00000291577 9606.ENSP00000277541 0 0 0 0 0 0 261 261 
9606.ENSP00000291577 9606.ENSP00000464443 0 0 0 0 0 0 349 349 
9606.ENSP00000291577 9606.ENSP00000479618 0 0 0 0 0 0 246 246 
9606.ENSP00000291577 9606.ENSP00000261965 0 0 0 0 0 0 241 241 
9606.ENSP00000291577 9606.ENSP00000337688 0 0 0 61 0 0 148 166 
9606.ENSP00000291577 9606.ENSP00000371472 0 0 0 0 0 0 526 526 
9606.ENSP00000291577 9606.ENSP00000261183 0 0 0 0 0 0 479 479 
9606.ENSP00000291577 9606.ENSP00000370377 0 0 0 49 187 0 0 193 
9606.ENSP00000291577 9606.ENSP00000336817 0 0 0 0 0 0 171 171 
9606.ENSP00000291577 9606.ENSP00000478783 0 0 0 0 0 0 165 165 
9606.ENSP00000291577 9606.ENSP00000305682 0 0 0 0 0 0 171 171 
9606.ENSP00000291577 9606.ENSP00000469970 0 0 0 0 0 0 163 163 
9606.ENSP00000291577 9606.ENSP00000258105 0 0 0 0 292 0 0 292 
9606.ENSP00000291577 9606.ENSP00000470059 0 0 0 61 0 0 171 188 
9606.ENSP00000291577 9606.ENSP00000384887 0 0 0 0 0 0 173 173 
9606.ENSP00000291577 9606.ENSP00000411409 0 0 0 0 0 0 367 367 
9606.ENSP00000291577 9606.ENSP00000379838 0 0 0 0 0 0 165 165 
9606.ENSP00000291577 9606.ENSP00000370021 0 0 0 0 0 0 343 343 
9606.ENSP00000291577 9606.ENSP00000356825 0 0 0 0 0 0 161 161 
9606.ENSP00000291577 9606.ENSP00000403453 0 0 0 0 0 0 491 491 
9606.ENSP00000291577 9606.ENSP00000358363 0 0 0 0 0 0 348 348 
9606.ENSP00000291577 9606.ENSP00000312615 0 0 0 77 0 0 192 222 
9606.ENSP00000291577 9606.ENSP00000369853 0 0 0 0 0 0 196 196 
9606.ENSP00000291577 9606.ENSP00000305664 0 0 0 0 0 0 229 229 
9606.ENSP00000291577 9606.ENSP00000355014 0 0 0 0 221 0 0 221 
9606.ENSP00000291577 9606.ENSP00000262547 0 0 0 0 0 0 187 187 
9606.ENSP00000291577 9606.ENSP00000306760 0 0 0 0 0 0 297 297 
9606.ENSP00000291577 9606.ENSP00000332513 0 0 0 0 0 0 194 194 
9606.ENSP00000291577 9606.ENSP00000363205 0 0 0 59 187 0 0 202 
9606.ENSP00000291577 9606.ENSP00000296220 0 0 0 0 0 0 173 173 
9606.ENSP00000291577 9606.ENSP00000443194 0 0 0 0 0 0 792 792 
9606.ENSP00000291577 9606.ENSP00000260505 0 0 0 0 0 0 424 424 
9606.ENSP00000291577 9606.ENSP00000307298 0 0 0 0 0 0 225 225 
9606.ENSP00000291577 9606.ENSP00000350336 0 0 0 0 0 0 171 171 
9606.ENSP00000291577 9606.ENSP00000339730 0 0 0 0 0 0 336 336 
9606.ENSP00000291577 9606.ENSP00000319053 0 0 0 0 0 0 190 190 
9606.ENSP00000291577 9606.ENSP00000290299 0 0 0 122 0 0 85 162 
9606.ENSP00000291577 9606.ENSP00000400184 0 0 0 0 187 0 0 187 
9606.ENSP00000291577 9606.ENSP00000347322 0 0 0 0 0 0 313 313 
9606.ENSP00000291577 9606.ENSP00000377298 0 0 0 0 0 0 177 177 
9606.ENSP00000291577 9606.ENSP00000367398 0 0 0 0 0 0 167 167 
9606.ENSP00000291577 9606.ENSP00000242591 0 0 0 0 0 0 216 216 
9606.ENSP00000291577 9606.ENSP00000417763 0 0 0 0 0 0 195 195 
9606.ENSP00000291577 9606.ENSP00000296658 59 0 0 0 0 0 224 238 
9606.ENSP00000291577 9606.ENSP00000323913 0 0 0 0 0 0 253 253 
9606.ENSP00000291577 9606.ENSP00000378275 0 0 0 0 0 0 152 152 
9606.ENSP00000291577 9606.ENSP00000222800 0 0 0 0 0 0 267 267 
9606.ENSP00000291577 9606.ENSP00000318165 0 0 0 0 0 0 189 189 
9606.ENSP00000291577 9606.ENSP00000381140 0 0 0 89 0 0 167 208 
9606.ENSP00000291577 9606.ENSP00000287437 0 0 0 0 0 0 204 204 
9606.ENSP00000291577 9606.ENSP00000362424 0 0 0 0 0 0 270 270 
9606.ENSP00000291577 9606.ENSP00000339850 0 0 0 0 0 0 202 202 
9606.ENSP00000291577 9606.ENSP00000334061 0 0 0 0 0 0 187 187 
9606.ENSP00000291577 9606.ENSP00000485663 0 0 0 0 0 0 151 151 
9606.ENSP00000291577 9606.ENSP00000258888 0 0 0 0 0 0 219 219 
9606.ENSP00000291577 9606.ENSP00000447300 0 0 0 0 0 0 210 210 
9606.ENSP00000291577 9606.ENSP00000368464 0 0 0 0 0 0 252 252 
9606.ENSP00000291577 9606.ENSP00000251636 0 0 0 0 0 0 270 270 
9606.ENSP00000291577 9606.ENSP00000270776 0 0 0 0 0 0 189 189 
9606.ENSP00000291577 9606.ENSP00000040877 0 0 0 0 0 0 258 258 
9606.ENSP00000291577 9606.ENSP00000265594 0 0 0 107 0 0 101 163 
9606.ENSP00000291577 9606.ENSP00000288071 0 0 0 0 0 0 224 224 
9606.ENSP00000291577 9606.ENSP00000376352 0 0 0 62 182 0 81 233 
9606.ENSP00000291577 9606.ENSP00000327716 0 0 0 0 0 0 199 199 
9606.ENSP00000291577 9606.ENSP00000286371 0 0 0 0 0 0 156 156 
9606.ENSP00000291577 9606.ENSP00000260600 0 0 0 0 0 0 195 195 
9606.ENSP00000291577 9606.ENSP00000345445 0 0 0 200 0 0 0 200 
9606.ENSP00000291577 9606.ENSP00000264663 0 0 0 0 0 0 181 181 
9606.ENSP00000291577 9606.ENSP00000245157 0 0 0 0 0 0 267 267 
9606.ENSP00000291577 9606.ENSP00000268483 0 0 0 0 0 0 201 201 
9606.ENSP00000291577 9606.ENSP00000381736 0 0 0 153 0 0 0 153 
9606.ENSP00000291577 9606.ENSP00000404079 0 0 0 0 0 0 166 166 
9606.ENSP00000291577 9606.ENSP00000298815 0 0 0 0 0 0 163 163 
9606.ENSP00000291577 9606.ENSP00000400142 0 0 0 0 0 0 568 568 
9606.ENSP00000291577 9606.ENSP00000322450 0 0 0 237 0 0 0 237 
9606.ENSP00000291577 9606.ENSP00000286794 0 0 0 0 0 0 224 224 
9606.ENSP00000291577 9606.ENSP00000438388 0 0 0 0 0 0 165 165 
9606.ENSP00000291577 9606.ENSP00000296422 0 0 0 0 0 0 185 185 
9606.ENSP00000291577 9606.ENSP00000007699 0 0 0 0 0 0 202 202 
9606.ENSP00000291577 9606.ENSP00000414558 0 0 0 0 0 0 183 183 
9606.ENSP00000291577 9606.ENSP00000317379 0 0 0 0 238 0 527 624 
9606.ENSP00000291577 9606.ENSP00000301327 0 0 0 88 0 0 257 293 
9606.ENSP00000291577 9606.ENSP00000295079 0 0 0 0 187 0 0 187 
9606.ENSP00000291577 9606.ENSP00000358840 0 0 0 84 0 0 182 218 
9606.ENSP00000291577 9606.ENSP00000291560 0 0 0 0 0 0 161 161 
9606.ENSP00000291577 9606.ENSP00000370588 0 0 0 0 0 0 167 167 
9606.ENSP00000291577 9606.ENSP00000369614 0 0 0 0 0 0 446 446 
9606.ENSP00000291577 9606.ENSP00000265838 0 0 0 115 0 0 103 173 
9606.ENSP00000291577 9606.ENSP00000323047 0 0 0 61 0 0 170 187 
9606.ENSP00000291577 9606.ENSP00000331504 0 0 0 61 0 0 278 293 
9606.ENSP00000291577 9606.ENSP00000383145 0 0 0 0 0 0 243 243 
9606.ENSP00000291577 9606.ENSP00000427550 0 0 0 0 0 0 330 330 
9606.ENSP00000291577 9606.ENSP00000269848 0 0 0 80 0 0 141 176 
9606.ENSP00000291577 9606.ENSP00000274242 0 0 0 0 0 0 161 161 
9606.ENSP00000291577 9606.ENSP00000265069 0 0 0 0 0 0 169 169 
9606.ENSP00000291577 9606.ENSP00000233078 0 0 0 0 0 0 210 210 
9606.ENSP00000291577 9606.ENSP00000361785 0 0 0 0 0 0 179 179 
9606.ENSP00000291577 9606.ENSP00000364765 0 0 0 0 0 0 386 386 
9606.ENSP00000291577 9606.ENSP00000348965 0 0 0 0 0 0 180 180 
9606.ENSP00000291577 9606.ENSP00000339577 0 0 0 0 0 0 349 349 
9606.ENSP00000291577 9606.ENSP00000304782 0 0 0 0 0 0 269 269 
9606.ENSP00000291577 9606.ENSP00000368592 0 0 0 0 0 0 489 489 
9606.ENSP00000291577 9606.ENSP00000300093 0 0 0 0 0 0 157 157 
9606.ENSP00000291577 9606.ENSP00000356579 0 0 0 0 0 0 286 286 
9606.ENSP00000291577 9606.ENSP00000268035 0 0 0 0 0 0 167 167 
9606.ENSP00000291577 9606.ENSP00000259667 0 0 0 236 0 0 0 236 
9606.ENSP00000291577 9606.ENSP00000358400 0 0 0 0 0 0 174 174 
9606.ENSP00000291577 9606.ENSP00000366682 0 0 0 0 0 0 213 213 
9606.ENSP00000291577 9606.ENSP00000357362 0 0 0 0 0 0 163 163 
9606.ENSP00000291577 9606.ENSP00000480443 0 0 0 0 0 0 169 169 
9606.ENSP00000291577 9606.ENSP00000385808 0 0 0 0 0 0 280 280 
9606.ENSP00000291577 9606.ENSP00000264381 0 0 0 0 0 0 284 284 
9606.ENSP00000291577 9606.ENSP00000244217 0 0 0 77 0 0 161 192 
9606.ENSP00000291577 9606.ENSP00000362962 0 0 0 0 0 0 357 357 
9606.ENSP00000291577 9606.ENSP00000287482 0 0 0 0 0 0 552 552 
9606.ENSP00000291577 9606.ENSP00000472316 0 0 0 0 0 0 171 171 
9606.ENSP00000291577 9606.ENSP00000379512 0 0 0 0 0 0 177 177 
9606.ENSP00000291577 9606.ENSP00000335632 0 0 0 0 0 0 221 221 
9606.ENSP00000291577 9606.ENSP00000270861 0 0 0 0 0 0 422 422 
9606.ENSP00000291577 9606.ENSP00000328182 0 0 0 0 0 0 173 173 
9606.ENSP00000291577 9606.ENSP00000455507 0 0 0 58 0 0 144 160 
9606.ENSP00000291577 9606.ENSP00000258091 0 0 0 141 0 0 74 170 
9606.ENSP00000291577 9606.ENSP00000418695 0 0 0 62 0 0 179 196 
9606.ENSP00000291577 9606.ENSP00000298875 0 0 0 0 0 0 181 181 
9606.ENSP00000291577 9606.ENSP00000300404 0 0 0 0 0 0 185 185 
9606.ENSP00000291577 9606.ENSP00000380911 0 0 0 0 0 0 297 297 
9606.ENSP00000291577 9606.ENSP00000311505 0 0 0 0 0 0 171 171 
9606.ENSP00000291577 9606.ENSP00000448012 0 0 0 0 0 0 473 473 
9606.ENSP00000291577 9606.ENSP00000470560 0 0 0 0 0 0 167 167 
9606.ENSP00000291577 9606.ENSP00000369424 0 0 0 0 0 0 179 179 
9606.ENSP00000291577 9606.ENSP00000338030 0 0 0 0 187 0 0 187 
9606.ENSP00000291577 9606.ENSP00000345206 0 0 0 0 0 0 151 151 
9606.ENSP00000291577 9606.ENSP00000265239 0 0 0 0 0 0 167 167 
9606.ENSP00000291577 9606.ENSP00000310182 0 0 0 0 0 0 254 254 
9606.ENSP00000291577 9606.ENSP00000360905 0 0 0 0 0 0 473 473 
9606.ENSP00000291577 9606.ENSP00000305941 0 0 0 0 0 0 225 225 
9606.ENSP00000291577 9606.ENSP00000317144 0 0 0 0 0 0 328 328 
9606.ENSP00000291577 9606.ENSP00000367346 0 0 0 0 187 0 44 189 
9606.ENSP00000291577 9606.ENSP00000398637 0 0 0 0 0 0 282 282 
9606.ENSP00000291577 9606.ENSP00000406012 0 0 0 0 0 0 213 213 
9606.ENSP00000291577 9606.ENSP00000413049 0 0 0 0 0 0 217 217 
9606.ENSP00000291577 9606.ENSP00000215375 84 0 0 153 0 0 44 193 
9606.ENSP00000291577 9606.ENSP00000451211 0 0 0 0 0 0 317 317 
9606.ENSP00000291577 9606.ENSP00000281142 0 0 0 0 0 0 214 214 
9606.ENSP00000291577 9606.ENSP00000245816 0 0 0 88 0 0 204 243 
9606.ENSP00000291577 9606.ENSP00000265333 0 0 0 64 0 0 210 229 
9606.ENSP00000291577 9606.ENSP00000364691 0 0 0 0 0 0 440 440 
9606.ENSP00000291577 9606.ENSP00000246957 0 0 0 77 0 0 122 155 
9606.ENSP00000291577 9606.ENSP00000354730 0 0 0 0 0 0 167 167 
9606.ENSP00000291577 9606.ENSP00000216254 0 0 0 154 0 0 153 252 
