9606.ENSP00000316454 9606.ENSP00000364907 0 0 0 0 0 0 476 476 
9606.ENSP00000316454 9606.ENSP00000385057 0 0 0 0 0 0 150 150 
9606.ENSP00000316454 9606.ENSP00000280190 0 0 0 62 172 0 55 201 
9606.ENSP00000316454 9606.ENSP00000418915 0 0 0 61 0 0 193 209 
9606.ENSP00000316454 9606.ENSP00000360266 0 0 0 0 379 0 59 390 
9606.ENSP00000316454 9606.ENSP00000243924 0 0 0 0 0 0 208 208 
9606.ENSP00000316454 9606.ENSP00000327468 0 0 0 0 0 0 209 209 
9606.ENSP00000316454 9606.ENSP00000382863 0 0 0 88 0 0 138 180 
9606.ENSP00000316454 9606.ENSP00000263461 0 0 0 177 0 0 0 177 
9606.ENSP00000316454 9606.ENSP00000184956 0 0 0 285 0 0 90 322 
9606.ENSP00000316454 9606.ENSP00000293883 0 0 0 166 0 0 56 179 
9606.ENSP00000316454 9606.ENSP00000393139 0 0 0 177 0 0 0 177 
9606.ENSP00000316454 9606.ENSP00000338766 0 0 0 61 0 0 307 321 
9606.ENSP00000316454 9606.ENSP00000380044 0 0 0 64 0 0 153 173 
9606.ENSP00000316454 9606.ENSP00000262304 0 0 0 86 0 0 285 319 
9606.ENSP00000316454 9606.ENSP00000242839 0 0 0 0 0 0 183 183 
9606.ENSP00000316454 9606.ENSP00000432568 0 0 0 49 0 0 212 218 
9606.ENSP00000316454 9606.ENSP00000317971 0 0 0 164 0 0 80 198 
9606.ENSP00000316454 9606.ENSP00000377769 0 0 0 0 0 0 217 217 
9606.ENSP00000316454 9606.ENSP00000261369 0 0 0 80 235 0 0 266 
9606.ENSP00000316454 9606.ENSP00000296506 0 0 0 0 0 0 190 190 
9606.ENSP00000316454 9606.ENSP00000358755 0 0 0 0 0 0 158 158 
9606.ENSP00000316454 9606.ENSP00000225719 0 0 0 0 0 0 500 500 
9606.ENSP00000316454 9606.ENSP00000260197 0 0 0 0 379 0 455 647 
9606.ENSP00000316454 9606.ENSP00000383118 0 0 0 0 0 0 206 206 
9606.ENSP00000316454 9606.ENSP00000296266 0 0 0 62 172 0 135 269 
9606.ENSP00000316454 9606.ENSP00000362814 0 0 0 0 0 0 249 249 
9606.ENSP00000316454 9606.ENSP00000325594 0 0 0 128 0 0 81 164 
9606.ENSP00000316454 9606.ENSP00000438085 0 0 0 61 348 0 461 641 
9606.ENSP00000316454 9606.ENSP00000355589 0 0 0 62 0 0 227 243 
9606.ENSP00000316454 9606.ENSP00000262461 0 0 0 0 0 0 167 167 
9606.ENSP00000316454 9606.ENSP00000482835 0 0 0 61 0 0 156 173 
9606.ENSP00000316454 9606.ENSP00000347244 0 0 0 59 0 0 179 195 
9606.ENSP00000316454 9606.ENSP00000469474 0 0 0 0 0 0 229 229 
9606.ENSP00000316454 9606.ENSP00000368818 0 0 0 76 0 0 197 226 
9606.ENSP00000316454 9606.ENSP00000236671 0 0 0 64 0 0 130 151 
9606.ENSP00000316454 9606.ENSP00000253255 0 0 0 49 0 0 235 241 
9606.ENSP00000316454 9606.ENSP00000362244 0 0 0 65 0 0 214 233 
9606.ENSP00000316454 9606.ENSP00000307786 0 0 0 0 0 0 254 254 
9606.ENSP00000316454 9606.ENSP00000360158 0 0 0 0 0 0 271 271 
9606.ENSP00000316454 9606.ENSP00000344331 0 0 0 0 0 0 360 360 
9606.ENSP00000316454 9606.ENSP00000312442 0 0 0 62 0 0 200 217 
9606.ENSP00000316454 9606.ENSP00000235090 0 0 0 62 172 0 55 201 
9606.ENSP00000316454 9606.ENSP00000376268 0 0 0 64 0 0 176 195 
9606.ENSP00000316454 9606.ENSP00000290846 0 0 0 0 0 0 261 261 
9606.ENSP00000316454 9606.ENSP00000350954 0 0 0 87 881 0 55 888 
9606.ENSP00000316454 9606.ENSP00000268129 0 0 0 0 0 0 150 150 
9606.ENSP00000316454 9606.ENSP00000283871 0 0 0 0 0 0 188 188 
9606.ENSP00000316454 9606.ENSP00000401277 0 0 0 0 0 0 151 151 
9606.ENSP00000316454 9606.ENSP00000335628 0 0 0 0 0 0 166 166 
9606.ENSP00000316454 9606.ENSP00000264972 0 0 0 0 0 0 550 550 
9606.ENSP00000316454 9606.ENSP00000262241 0 0 0 0 0 0 201 201 
9606.ENSP00000316454 9606.ENSP00000308275 0 0 0 0 0 0 153 153 
9606.ENSP00000316454 9606.ENSP00000338703 0 0 0 0 0 0 196 196 
9606.ENSP00000316454 9606.ENSP00000426909 0 0 0 0 159 0 56 172 
9606.ENSP00000316454 9606.ENSP00000394888 0 0 0 87 0 0 125 166 
9606.ENSP00000316454 9606.ENSP00000367227 0 0 0 0 0 0 211 211 
9606.ENSP00000316454 9606.ENSP00000258281 0 0 0 62 172 0 55 201 
9606.ENSP00000316454 9606.ENSP00000256367 0 0 0 0 0 0 396 396 
9606.ENSP00000316454 9606.ENSP00000307684 0 0 0 141 0 0 213 295 
9606.ENSP00000316454 9606.ENSP00000307260 0 0 0 62 172 0 55 201 
9606.ENSP00000316454 9606.ENSP00000326366 0 0 0 0 0 0 234 234 
9606.ENSP00000316454 9606.ENSP00000359300 0 0 0 0 0 0 261 261 
9606.ENSP00000316454 9606.ENSP00000360065 0 0 0 62 172 0 55 201 
9606.ENSP00000316454 9606.ENSP00000378611 0 0 0 59 0 0 157 173 
9606.ENSP00000316454 9606.ENSP00000317332 0 0 0 0 0 0 533 533 
9606.ENSP00000316454 9606.ENSP00000362480 0 0 0 0 0 0 315 315 
9606.ENSP00000316454 9606.ENSP00000249014 0 0 0 0 0 0 196 196 
9606.ENSP00000316454 9606.ENSP00000324901 0 0 0 0 0 0 319 319 
9606.ENSP00000316454 9606.ENSP00000226319 0 0 0 0 0 0 227 227 
9606.ENSP00000316454 9606.ENSP00000265140 0 0 0 157 0 0 0 157 
9606.ENSP00000316454 9606.ENSP00000306185 0 0 0 0 0 0 203 203 
9606.ENSP00000316454 9606.ENSP00000238616 0 0 0 62 0 0 173 191 
9606.ENSP00000316454 9606.ENSP00000300305 0 0 0 0 0 0 169 169 
9606.ENSP00000316454 9606.ENSP00000260810 0 0 0 150 0 0 0 150 
9606.ENSP00000316454 9606.ENSP00000356641 0 0 0 62 172 0 55 201 
9606.ENSP00000316454 9606.ENSP00000404923 0 0 0 0 0 0 154 154 
9606.ENSP00000316454 9606.ENSP00000309474 0 0 0 0 0 0 224 224 
9606.ENSP00000316454 9606.ENSP00000298316 0 0 0 0 0 0 535 535 
9606.ENSP00000316454 9606.ENSP00000330606 0 0 0 0 0 0 208 208 
9606.ENSP00000316454 9606.ENSP00000352284 0 0 0 0 0 0 166 166 
9606.ENSP00000316454 9606.ENSP00000227918 0 0 0 0 0 0 196 196 
9606.ENSP00000316454 9606.ENSP00000309052 0 0 0 0 0 0 169 169 
9606.ENSP00000316454 9606.ENSP00000230122 0 0 0 55 0 0 172 184 
9606.ENSP00000316454 9606.ENSP00000349076 0 0 0 98 0 0 224 271 
9606.ENSP00000316454 9606.ENSP00000295728 0 0 0 0 0 0 186 186 
9606.ENSP00000316454 9606.ENSP00000317955 0 0 0 61 0 0 158 176 
9606.ENSP00000316454 9606.ENSP00000391669 0 0 0 46 0 0 160 164 
9606.ENSP00000316454 9606.ENSP00000355601 0 0 0 0 0 0 202 202 
9606.ENSP00000316454 9606.ENSP00000428417 0 0 0 63 0 0 413 427 
9606.ENSP00000316454 9606.ENSP00000261890 0 0 0 0 0 0 238 238 
9606.ENSP00000316454 9606.ENSP00000318861 0 0 0 0 0 0 228 228 
9606.ENSP00000316454 9606.ENSP00000310226 0 0 0 0 0 0 243 243 
9606.ENSP00000316454 9606.ENSP00000221086 0 0 0 61 0 0 161 178 
9606.ENSP00000316454 9606.ENSP00000306106 0 0 0 0 0 0 167 167 
9606.ENSP00000316454 9606.ENSP00000264674 0 0 0 55 0 0 275 285 
9606.ENSP00000316454 9606.ENSP00000325377 0 0 0 62 172 0 55 201 
9606.ENSP00000316454 9606.ENSP00000357484 0 0 0 0 0 0 198 198 
9606.ENSP00000316454 9606.ENSP00000375810 0 0 0 61 0 0 309 324 
9606.ENSP00000316454 9606.ENSP00000300181 0 0 0 171 0 0 0 171 
9606.ENSP00000316454 9606.ENSP00000261889 0 0 0 62 0 0 268 284 
9606.ENSP00000316454 9606.ENSP00000371084 0 0 0 62 0 0 132 151 
9606.ENSP00000316454 9606.ENSP00000411816 0 0 0 0 0 0 153 153 
9606.ENSP00000316454 9606.ENSP00000478962 0 0 0 0 0 0 419 419 
9606.ENSP00000316454 9606.ENSP00000320663 0 0 0 62 172 0 308 415 
9606.ENSP00000316454 9606.ENSP00000298472 0 0 0 0 0 0 522 522 
9606.ENSP00000316454 9606.ENSP00000333283 0 0 0 0 181 0 0 181 
9606.ENSP00000316454 9606.ENSP00000360183 0 0 0 0 0 0 210 210 
9606.ENSP00000316454 9606.ENSP00000298125 0 0 0 62 172 0 55 201 
9606.ENSP00000316454 9606.ENSP00000451000 0 0 0 55 0 0 172 184 
9606.ENSP00000316454 9606.ENSP00000377370 0 0 0 0 0 0 244 244 
9606.ENSP00000316454 9606.ENSP00000265070 0 0 0 0 0 0 388 388 
9606.ENSP00000316454 9606.ENSP00000358854 0 0 0 62 172 0 55 201 
9606.ENSP00000316454 9606.ENSP00000418112 0 0 0 77 182 0 0 212 
9606.ENSP00000316454 9606.ENSP00000318629 0 0 0 0 0 0 187 187 
9606.ENSP00000316454 9606.ENSP00000365536 0 0 0 64 0 0 222 240 
9606.ENSP00000316454 9606.ENSP00000413707 0 0 0 61 0 0 208 225 
9606.ENSP00000316454 9606.ENSP00000356791 0 0 0 0 0 0 166 166 
9606.ENSP00000316454 9606.ENSP00000311313 0 0 0 0 0 0 171 171 
9606.ENSP00000316454 9606.ENSP00000382328 0 0 0 0 0 0 275 275 
9606.ENSP00000316454 9606.ENSP00000421048 0 0 0 0 0 0 266 266 
9606.ENSP00000316454 9606.ENSP00000258301 0 0 0 0 0 0 274 274 
9606.ENSP00000316454 9606.ENSP00000311962 0 0 0 0 0 0 420 420 
9606.ENSP00000316454 9606.ENSP00000359000 0 0 0 180 0 0 122 249 
9606.ENSP00000316454 9606.ENSP00000276202 0 0 0 87 0 0 113 156 
9606.ENSP00000316454 9606.ENSP00000345728 0 0 0 0 0 0 242 242 
9606.ENSP00000316454 9606.ENSP00000473348 0 0 0 61 0 0 211 227 
9606.ENSP00000316454 9606.ENSP00000445043 0 0 0 167 0 0 0 167 
9606.ENSP00000316454 9606.ENSP00000267584 0 0 0 0 0 0 225 225 
9606.ENSP00000316454 9606.ENSP00000366326 0 0 0 0 0 0 230 230 
9606.ENSP00000316454 9606.ENSP00000270176 0 0 0 150 0 0 0 150 
9606.ENSP00000316454 9606.ENSP00000414851 0 0 0 0 0 0 463 463 
9606.ENSP00000316454 9606.ENSP00000395995 0 0 0 0 0 0 210 210 
9606.ENSP00000316454 9606.ENSP00000292807 0 0 0 0 0 0 257 257 
9606.ENSP00000316454 9606.ENSP00000263202 0 0 0 0 0 0 173 173 
9606.ENSP00000316454 9606.ENSP00000464893 0 0 0 179 0 0 0 179 
9606.ENSP00000316454 9606.ENSP00000329127 0 0 0 64 0 0 210 228 
9606.ENSP00000316454 9606.ENSP00000326042 0 0 0 0 0 0 171 171 
9606.ENSP00000316454 9606.ENSP00000265062 0 0 0 0 0 0 194 194 
9606.ENSP00000316454 9606.ENSP00000347716 0 0 0 0 0 0 249 249 
9606.ENSP00000316454 9606.ENSP00000318406 0 0 0 0 0 0 229 229 
9606.ENSP00000316454 9606.ENSP00000294964 0 0 0 52 0 0 233 241 
9606.ENSP00000316454 9606.ENSP00000338343 0 0 0 0 0 0 174 174 
9606.ENSP00000316454 9606.ENSP00000316029 0 0 0 85 0 0 144 184 
9606.ENSP00000316454 9606.ENSP00000480853 0 0 0 0 0 0 236 236 
9606.ENSP00000316454 9606.ENSP00000374218 0 0 0 61 0 0 292 306 
9606.ENSP00000316454 9606.ENSP00000334314 0 0 0 81 172 0 123 274 
9606.ENSP00000316454 9606.ENSP00000291700 0 0 0 0 0 0 720 720 
9606.ENSP00000316454 9606.ENSP00000336783 0 0 0 62 0 0 365 379 
9606.ENSP00000316454 9606.ENSP00000305442 0 0 0 0 0 0 167 167 
9606.ENSP00000316454 9606.ENSP00000262305 0 0 0 77 0 0 277 305 
9606.ENSP00000316454 9606.ENSP00000370744 0 0 0 153 0 0 0 153 
9606.ENSP00000316454 9606.ENSP00000378235 0 0 0 0 0 0 464 464 
9606.ENSP00000316454 9606.ENSP00000282369 0 0 0 61 0 0 167 184 
9606.ENSP00000316454 9606.ENSP00000331201 0 0 0 61 0 0 162 180 
9606.ENSP00000316454 9606.ENSP00000278319 0 0 0 55 0 0 278 288 
9606.ENSP00000316454 9606.ENSP00000263780 0 0 0 218 0 0 0 218 
9606.ENSP00000316454 9606.ENSP00000406549 0 0 0 165 0 0 77 196 
9606.ENSP00000316454 9606.ENSP00000310003 0 0 0 61 0 0 188 204 
9606.ENSP00000316454 9606.ENSP00000334785 0 0 0 0 0 0 190 190 
9606.ENSP00000316454 9606.ENSP00000262457 0 0 0 61 0 0 261 276 
9606.ENSP00000316454 9606.ENSP00000460380 0 0 0 108 0 0 94 157 
9606.ENSP00000316454 9606.ENSP00000356470 0 0 0 0 0 0 220 220 
9606.ENSP00000316454 9606.ENSP00000330289 0 0 0 0 0 0 226 226 
9606.ENSP00000316454 9606.ENSP00000422354 0 0 0 0 0 0 286 286 
9606.ENSP00000316454 9606.ENSP00000254976 0 0 0 0 129 0 90 173 
9606.ENSP00000316454 9606.ENSP00000373905 0 0 0 84 0 0 248 282 
9606.ENSP00000316454 9606.ENSP00000311579 0 0 0 61 0 0 468 479 
9606.ENSP00000316454 9606.ENSP00000350024 0 0 0 0 0 0 258 258 
9606.ENSP00000316454 9606.ENSP00000285208 0 0 0 0 0 0 263 263 
9606.ENSP00000316454 9606.ENSP00000310620 0 0 0 0 0 0 171 171 
9606.ENSP00000316454 9606.ENSP00000377344 0 0 0 152 0 0 0 152 
9606.ENSP00000316454 9606.ENSP00000369257 0 0 0 0 0 0 161 161 
9606.ENSP00000316454 9606.ENSP00000244496 0 0 0 0 0 0 167 167 
9606.ENSP00000316454 9606.ENSP00000464443 0 0 0 0 0 0 195 195 
9606.ENSP00000316454 9606.ENSP00000000412 0 0 0 0 0 0 529 529 
9606.ENSP00000316454 9606.ENSP00000356475 0 0 0 177 0 0 0 177 
9606.ENSP00000316454 9606.ENSP00000362836 0 0 0 0 0 0 478 478 
9606.ENSP00000316454 9606.ENSP00000262144 0 0 0 141 172 0 55 269 
9606.ENSP00000316454 9606.ENSP00000349359 0 0 0 0 0 0 218 218 
9606.ENSP00000316454 9606.ENSP00000418379 0 0 0 165 0 0 77 196 
9606.ENSP00000316454 9606.ENSP00000233055 0 0 0 62 172 0 55 201 
9606.ENSP00000316454 9606.ENSP00000222120 0 0 0 0 0 0 221 221 
9606.ENSP00000316454 9606.ENSP00000227474 0 0 0 0 0 0 153 153 
9606.ENSP00000316454 9606.ENSP00000386609 0 0 0 92 0 0 127 173 
9606.ENSP00000316454 9606.ENSP00000410811 0 0 0 0 0 0 203 203 
9606.ENSP00000316454 9606.ENSP00000378529 0 0 0 89 172 0 55 225 
9606.ENSP00000316454 9606.ENSP00000480798 0 0 0 0 0 0 167 167 
9606.ENSP00000316454 9606.ENSP00000379712 0 0 0 80 0 0 156 190 
9606.ENSP00000316454 9606.ENSP00000270115 0 0 0 55 0 0 469 477 
9606.ENSP00000316454 9606.ENSP00000343847 0 0 0 60 0 0 175 192 
9606.ENSP00000316454 9606.ENSP00000479762 0 0 0 0 0 0 198 198 
9606.ENSP00000316454 9606.ENSP00000347979 0 0 0 0 0 0 256 256 
9606.ENSP00000316454 9606.ENSP00000292524 0 0 0 0 0 0 250 250 
9606.ENSP00000316454 9606.ENSP00000483312 0 0 0 62 172 0 57 203 
9606.ENSP00000316454 9606.ENSP00000370109 0 0 0 63 0 0 162 181 
9606.ENSP00000316454 9606.ENSP00000377192 0 0 0 87 0 0 317 350 
9606.ENSP00000316454 9606.ENSP00000367398 0 0 0 61 0 0 355 369 
9606.ENSP00000316454 9606.ENSP00000443654 0 0 0 84 0 0 357 386 
9606.ENSP00000316454 9606.ENSP00000311032 0 0 0 0 0 0 254 254 
9606.ENSP00000316454 9606.ENSP00000256637 0 0 0 0 0 0 347 347 
9606.ENSP00000316454 9606.ENSP00000378260 0 0 0 0 0 0 278 278 
9606.ENSP00000316454 9606.ENSP00000287394 0 0 0 171 0 0 0 171 
9606.ENSP00000316454 9606.ENSP00000363435 0 0 0 154 0 0 76 185 
9606.ENSP00000316454 9606.ENSP00000228495 0 0 0 57 0 0 236 249 
9606.ENSP00000316454 9606.ENSP00000217964 0 0 0 62 172 0 55 201 
9606.ENSP00000316454 9606.ENSP00000260600 0 0 0 64 0 0 508 520 
9606.ENSP00000316454 9606.ENSP00000162044 0 0 0 0 0 0 186 186 
9606.ENSP00000316454 9606.ENSP00000307958 0 0 0 0 795 0 0 795 
9606.ENSP00000316454 9606.ENSP00000374399 0 0 0 0 0 0 153 153 
9606.ENSP00000316454 9606.ENSP00000321703 0 0 0 87 0 0 121 163 
9606.ENSP00000316454 9606.ENSP00000356774 0 0 0 59 0 0 234 248 
9606.ENSP00000316454 9606.ENSP00000310406 0 0 0 0 0 0 211 211 
9606.ENSP00000316454 9606.ENSP00000421294 0 0 0 0 0 0 267 267 
9606.ENSP00000316454 9606.ENSP00000265459 0 0 0 0 0 0 295 295 
9606.ENSP00000316454 9606.ENSP00000198801 0 0 0 0 0 0 159 159 
9606.ENSP00000316454 9606.ENSP00000359333 0 0 0 0 0 0 156 156 
9606.ENSP00000316454 9606.ENSP00000454945 0 0 0 58 0 0 372 384 
9606.ENSP00000316454 9606.ENSP00000434466 0 0 0 205 0 0 69 228 
9606.ENSP00000316454 9606.ENSP00000370781 0 0 0 62 172 0 55 201 
9606.ENSP00000316454 9606.ENSP00000289248 0 0 0 0 0 0 243 243 
9606.ENSP00000316454 9606.ENSP00000374135 0 0 0 0 0 0 167 167 
9606.ENSP00000316454 9606.ENSP00000221957 0 0 0 0 0 0 473 473 
9606.ENSP00000316454 9606.ENSP00000451998 0 0 0 62 172 0 123 259 
9606.ENSP00000316454 9606.ENSP00000396052 0 0 0 63 0 0 188 206 
9606.ENSP00000316454 9606.ENSP00000375248 0 0 0 0 0 0 539 539 
9606.ENSP00000316454 9606.ENSP00000335147 0 0 0 61 0 0 170 187 
9606.ENSP00000316454 9606.ENSP00000217971 0 0 0 0 0 0 420 420 
9606.ENSP00000316454 9606.ENSP00000411418 0 0 0 179 0 0 0 179 
9606.ENSP00000316454 9606.ENSP00000326693 0 0 0 0 0 0 169 169 
9606.ENSP00000316454 9606.ENSP00000476117 0 0 0 62 172 0 55 201 
9606.ENSP00000316454 9606.ENSP00000323687 0 0 0 219 0 0 0 219 
9606.ENSP00000316454 9606.ENSP00000257818 0 0 0 0 0 0 181 181 
9606.ENSP00000316454 9606.ENSP00000388996 0 0 0 56 0 0 264 275 
9606.ENSP00000316454 9606.ENSP00000460547 0 0 0 55 0 0 167 179 
9606.ENSP00000316454 9606.ENSP00000286070 0 0 0 181 0 0 0 181 
9606.ENSP00000316454 9606.ENSP00000455507 0 0 0 0 0 0 224 224 
9606.ENSP00000316454 9606.ENSP00000371070 0 0 0 62 0 0 211 228 
9606.ENSP00000316454 9606.ENSP00000309501 0 0 0 62 172 0 55 201 
9606.ENSP00000316454 9606.ENSP00000391788 0 0 0 0 0 0 173 173 
9606.ENSP00000316454 9606.ENSP00000410804 0 0 0 0 0 0 163 163 
9606.ENSP00000316454 9606.ENSP00000362372 0 0 0 88 172 0 55 224 
9606.ENSP00000316454 9606.ENSP00000258484 0 0 0 165 0 0 0 165 
9606.ENSP00000316454 9606.ENSP00000406012 0 0 0 55 0 0 268 278 
9606.ENSP00000316454 9606.ENSP00000249647 0 0 0 0 81 0 132 168 
9606.ENSP00000316454 9606.ENSP00000270223 0 0 0 146 172 0 55 273 
9606.ENSP00000316454 9606.ENSP00000262231 0 0 0 63 0 0 181 199 
9606.ENSP00000316454 9606.ENSP00000428579 0 0 0 62 172 0 55 201 
9606.ENSP00000316454 9606.ENSP00000387122 0 0 0 158 0 0 0 158 
9606.ENSP00000316454 9606.ENSP00000348489 0 0 0 76 0 0 464 484 
9606.ENSP00000316454 9606.ENSP00000409016 0 0 0 63 0 0 162 181 
9606.ENSP00000316454 9606.ENSP00000328818 0 0 0 0 0 0 160 160 
9606.ENSP00000316454 9606.ENSP00000416097 0 0 0 0 0 0 161 161 
9606.ENSP00000316454 9606.ENSP00000383143 0 0 0 0 0 0 161 161 
9606.ENSP00000316454 9606.ENSP00000289547 0 0 0 79 0 0 130 165 
9606.ENSP00000316454 9606.ENSP00000288065 0 0 0 0 0 0 252 252 
9606.ENSP00000316454 9606.ENSP00000468312 0 0 0 63 172 0 123 260 
9606.ENSP00000316454 9606.ENSP00000251102 0 0 0 0 0 0 575 575 
9606.ENSP00000316454 9606.ENSP00000455068 0 0 0 0 0 0 227 227 
9606.ENSP00000316454 9606.ENSP00000341344 0 0 0 0 0 0 323 323 
9606.ENSP00000316454 9606.ENSP00000276052 0 0 0 61 0 0 475 486 
9606.ENSP00000316454 9606.ENSP00000392330 0 0 0 0 0 0 779 779 
9606.ENSP00000316454 9606.ENSP00000418447 0 0 0 0 379 0 0 379 
9606.ENSP00000316454 9606.ENSP00000350223 0 0 0 0 0 0 167 167 
9606.ENSP00000316454 9606.ENSP00000433681 0 0 0 0 0 0 196 196 
9606.ENSP00000316454 9606.ENSP00000264047 0 0 0 0 0 0 153 153 
9606.ENSP00000316454 9606.ENSP00000327916 0 0 0 0 0 0 198 198 
9606.ENSP00000316454 9606.ENSP00000243389 0 0 0 0 0 0 241 241 
9606.ENSP00000316454 9606.ENSP00000479816 0 0 0 64 0 0 247 265 
9606.ENSP00000316454 9606.ENSP00000468837 0 0 0 146 172 0 58 275 
9606.ENSP00000316454 9606.ENSP00000006275 0 0 0 0 0 0 156 156 
9606.ENSP00000316454 9606.ENSP00000290649 0 0 0 0 0 0 173 173 
9606.ENSP00000316454 9606.ENSP00000275227 0 0 0 0 0 0 205 205 
9606.ENSP00000316454 9606.ENSP00000365198 0 0 0 0 0 0 337 337 
9606.ENSP00000316454 9606.ENSP00000412698 0 0 0 61 0 0 203 219 
9606.ENSP00000316454 9606.ENSP00000320359 0 0 0 0 0 0 282 282 
9606.ENSP00000316454 9606.ENSP00000415034 0 0 0 141 0 0 122 214 
9606.ENSP00000316454 9606.ENSP00000328478 0 0 0 0 0 0 243 243 
9606.ENSP00000316454 9606.ENSP00000263054 0 0 0 0 0 0 226 226 
9606.ENSP00000316454 9606.ENSP00000247270 0 0 0 0 0 0 187 187 
9606.ENSP00000316454 9606.ENSP00000376410 0 0 0 336 0 0 0 336 
9606.ENSP00000316454 9606.ENSP00000250244 0 0 0 0 0 0 282 282 
9606.ENSP00000316454 9606.ENSP00000365042 0 0 0 0 348 0 46 351 
9606.ENSP00000316454 9606.ENSP00000238789 0 0 0 171 0 0 44 173 
9606.ENSP00000316454 9606.ENSP00000358140 0 0 0 0 0 0 216 216 
9606.ENSP00000316454 9606.ENSP00000450962 0 0 0 0 0 0 204 204 
9606.ENSP00000316454 9606.ENSP00000332592 0 0 0 0 0 0 171 171 
9606.ENSP00000316454 9606.ENSP00000473553 0 0 0 64 348 0 0 363 
9606.ENSP00000316454 9606.ENSP00000364586 0 0 0 0 0 0 170 170 
9606.ENSP00000316454 9606.ENSP00000400057 0 0 0 63 0 0 175 194 
9606.ENSP00000316454 9606.ENSP00000358265 0 0 0 0 0 0 154 154 
9606.ENSP00000316454 9606.ENSP00000304127 0 0 0 0 0 0 227 227 
9606.ENSP00000316454 9606.ENSP00000290943 0 0 0 61 0 0 138 155 
9606.ENSP00000316454 9606.ENSP00000366098 0 0 0 0 0 0 311 311 
9606.ENSP00000316454 9606.ENSP00000361540 0 0 0 62 172 0 55 201 
9606.ENSP00000316454 9606.ENSP00000260184 0 0 0 152 0 0 0 152 
9606.ENSP00000316454 9606.ENSP00000217244 0 0 0 64 379 0 775 858 
9606.ENSP00000316454 9606.ENSP00000261726 0 0 0 114 0 0 152 216 
9606.ENSP00000316454 9606.ENSP00000221138 0 0 0 0 379 0 127 434 
9606.ENSP00000316454 9606.ENSP00000331614 0 0 0 55 0 0 261 271 
9606.ENSP00000316454 9606.ENSP00000322460 0 0 0 0 0 0 153 153 
9606.ENSP00000316454 9606.ENSP00000440984 0 0 0 0 0 0 157 157 
9606.ENSP00000316454 9606.ENSP00000428924 0 0 0 0 0 0 213 213 
9606.ENSP00000316454 9606.ENSP00000348842 0 0 0 62 172 0 123 259 
9606.ENSP00000316454 9606.ENSP00000447053 0 0 0 0 0 0 169 169 
9606.ENSP00000316454 9606.ENSP00000426237 0 0 0 0 0 0 315 315 
9606.ENSP00000316454 9606.ENSP00000382982 0 0 0 0 0 0 167 167 
9606.ENSP00000316454 9606.ENSP00000420525 0 0 0 0 0 0 547 547 
9606.ENSP00000316454 9606.ENSP00000432786 0 0 0 62 0 0 140 159 
9606.ENSP00000316454 9606.ENSP00000347719 0 0 0 64 0 0 204 223 
9606.ENSP00000316454 9606.ENSP00000341171 0 0 0 65 0 0 231 250 
9606.ENSP00000316454 9606.ENSP00000319052 0 0 0 0 0 0 225 225 
9606.ENSP00000316454 9606.ENSP00000263934 0 0 0 62 0 0 131 150 
9606.ENSP00000316454 9606.ENSP00000360054 0 0 0 0 0 0 211 211 
9606.ENSP00000316454 9606.ENSP00000415786 0 0 0 0 0 0 190 190 
9606.ENSP00000316454 9606.ENSP00000237596 0 0 0 49 379 0 644 771 
9606.ENSP00000316454 9606.ENSP00000418529 0 0 0 0 0 0 423 423 
9606.ENSP00000316454 9606.ENSP00000389998 0 0 0 0 0 0 225 225 
9606.ENSP00000316454 9606.ENSP00000384211 0 0 0 141 0 0 191 275 
9606.ENSP00000316454 9606.ENSP00000432417 0 0 0 0 0 0 165 165 
9606.ENSP00000316454 9606.ENSP00000307911 0 0 0 0 0 0 165 165 
9606.ENSP00000316454 9606.ENSP00000419446 0 0 0 0 0 0 190 190 
9606.ENSP00000316454 9606.ENSP00000219481 0 0 0 0 0 0 311 311 
9606.ENSP00000316454 9606.ENSP00000418081 0 0 0 0 0 0 196 196 
9606.ENSP00000316454 9606.ENSP00000305647 0 0 0 0 0 0 225 225 
9606.ENSP00000316454 9606.ENSP00000347152 0 0 0 62 0 0 189 206 
9606.ENSP00000316454 9606.ENSP00000360757 0 0 0 61 0 0 469 480 
9606.ENSP00000316454 9606.ENSP00000275034 0 0 0 88 172 0 55 224 
9606.ENSP00000316454 9606.ENSP00000278505 0 0 0 0 0 0 196 196 
9606.ENSP00000316454 9606.ENSP00000371846 0 0 0 0 0 0 150 150 
9606.ENSP00000316454 9606.ENSP00000358866 0 0 0 85 0 0 161 200 
9606.ENSP00000316454 9606.ENSP00000395083 0 0 0 59 0 0 418 429 
9606.ENSP00000316454 9606.ENSP00000450832 0 0 0 62 0 0 173 191 
9606.ENSP00000316454 9606.ENSP00000368831 0 0 0 0 0 0 270 270 
9606.ENSP00000316454 9606.ENSP00000295065 0 0 0 0 0 0 292 292 
9606.ENSP00000316454 9606.ENSP00000306253 0 0 0 154 0 0 72 182 
9606.ENSP00000316454 9606.ENSP00000349629 0 0 0 134 0 0 226 301 
9606.ENSP00000316454 9606.ENSP00000299138 0 0 0 0 0 0 311 311 
9606.ENSP00000316454 9606.ENSP00000328287 0 0 0 224 0 0 0 224 
9606.ENSP00000316454 9606.ENSP00000355110 0 0 0 0 0 0 160 160 
9606.ENSP00000316454 9606.ENSP00000462333 0 0 0 166 0 0 0 166 
9606.ENSP00000316454 9606.ENSP00000351113 0 0 0 168 0 0 0 168 
9606.ENSP00000316454 9606.ENSP00000416696 0 0 0 256 0 0 0 256 
9606.ENSP00000316454 9606.ENSP00000263955 0 0 0 0 0 0 155 155 
9606.ENSP00000316454 9606.ENSP00000478755 0 0 0 61 0 0 171 188 
9606.ENSP00000316454 9606.ENSP00000284981 0 0 0 0 0 0 267 267 
9606.ENSP00000316454 9606.ENSP00000297135 0 0 0 0 0 0 204 204 
9606.ENSP00000316454 9606.ENSP00000312778 0 0 0 62 172 0 60 206 
9606.ENSP00000316454 9606.ENSP00000353732 0 0 0 82 0 0 211 244 
9606.ENSP00000316454 9606.ENSP00000348888 0 0 0 0 0 0 161 161 
9606.ENSP00000316454 9606.ENSP00000331532 0 0 0 0 0 0 338 338 
9606.ENSP00000316454 9606.ENSP00000294179 0 0 0 102 0 0 141 195 
9606.ENSP00000316454 9606.ENSP00000419782 0 0 0 0 0 0 164 164 
9606.ENSP00000316454 9606.ENSP00000401197 0 0 0 88 0 0 271 306 
9606.ENSP00000316454 9606.ENSP00000304133 0 0 0 0 0 0 229 229 
9606.ENSP00000316454 9606.ENSP00000319991 0 0 0 0 0 0 161 161 
9606.ENSP00000316454 9606.ENSP00000262506 0 0 0 64 0 0 578 588 
9606.ENSP00000316454 9606.ENSP00000425587 0 0 0 115 0 0 169 233 
9606.ENSP00000316454 9606.ENSP00000349437 0 0 0 0 379 0 450 643 
9606.ENSP00000316454 9606.ENSP00000313885 0 0 0 119 0 0 185 251 
9606.ENSP00000316454 9606.ENSP00000262715 0 0 0 63 172 0 55 202 
9606.ENSP00000316454 9606.ENSP00000472929 0 0 0 67 0 0 293 313 
9606.ENSP00000316454 9606.ENSP00000461413 0 0 0 55 0 0 266 276 
9606.ENSP00000316454 9606.ENSP00000385025 0 0 0 157 0 0 0 157 
9606.ENSP00000316454 9606.ENSP00000353224 0 0 0 0 0 0 286 286 
9606.ENSP00000316454 9606.ENSP00000331313 0 0 0 62 172 0 55 201 
9606.ENSP00000316454 9606.ENSP00000158762 0 0 0 63 0 0 145 164 
9606.ENSP00000316454 9606.ENSP00000377428 0 0 0 62 172 0 123 259 
9606.ENSP00000316454 9606.ENSP00000216807 0 0 0 63 0 0 186 204 
9606.ENSP00000316454 9606.ENSP00000479606 0 0 0 0 0 0 194 194 
9606.ENSP00000316454 9606.ENSP00000369268 0 0 0 0 0 0 328 328 
9606.ENSP00000316454 9606.ENSP00000482620 0 0 0 0 0 0 186 186 
9606.ENSP00000316454 9606.ENSP00000392678 0 0 0 0 0 0 213 213 
9606.ENSP00000316454 9606.ENSP00000263321 0 0 0 0 0 0 173 173 
9606.ENSP00000316454 9606.ENSP00000356820 0 0 0 0 0 0 174 174 
9606.ENSP00000316454 9606.ENSP00000379873 0 0 0 0 0 0 152 152 
9606.ENSP00000316454 9606.ENSP00000344942 0 0 0 0 0 0 340 340 
9606.ENSP00000316454 9606.ENSP00000261211 0 0 0 55 0 0 402 410 
9606.ENSP00000316454 9606.ENSP00000343741 0 0 0 180 0 0 0 180 
9606.ENSP00000316454 9606.ENSP00000385684 0 0 0 64 0 0 197 216 
9606.ENSP00000316454 9606.ENSP00000313169 0 0 0 0 0 0 206 206 
9606.ENSP00000316454 9606.ENSP00000378254 0 0 0 89 172 0 123 281 
9606.ENSP00000316454 9606.ENSP00000299045 0 0 0 0 0 0 316 316 
9606.ENSP00000316454 9606.ENSP00000377801 0 0 0 62 0 0 200 218 
9606.ENSP00000316454 9606.ENSP00000220764 0 0 0 0 0 0 201 201 
9606.ENSP00000316454 9606.ENSP00000337732 0 0 0 63 0 0 471 483 
9606.ENSP00000316454 9606.ENSP00000434442 0 0 0 150 0 0 0 150 
9606.ENSP00000316454 9606.ENSP00000344666 0 0 0 0 0 0 157 157 
9606.ENSP00000316454 9606.ENSP00000264864 0 0 0 64 0 0 177 196 
9606.ENSP00000316454 9606.ENSP00000230449 0 0 0 62 0 0 139 158 
9606.ENSP00000316454 9606.ENSP00000444986 0 0 0 0 0 0 408 408 
9606.ENSP00000316454 9606.ENSP00000232165 0 0 0 64 0 0 163 183 
9606.ENSP00000316454 9606.ENSP00000311449 0 0 0 0 0 0 256 256 
9606.ENSP00000316454 9606.ENSP00000260746 0 0 0 0 0 0 282 282 
9606.ENSP00000316454 9606.ENSP00000362656 0 0 0 0 0 0 257 257 
9606.ENSP00000316454 9606.ENSP00000483523 0 0 0 0 0 0 210 210 
9606.ENSP00000316454 9606.ENSP00000362937 0 0 0 62 0 0 161 179 
9606.ENSP00000316454 9606.ENSP00000355045 0 0 0 0 0 0 177 177 
9606.ENSP00000316454 9606.ENSP00000255194 0 0 0 0 0 0 223 223 
9606.ENSP00000316454 9606.ENSP00000273047 0 0 0 0 0 0 222 222 
9606.ENSP00000316454 9606.ENSP00000263062 0 0 0 165 0 0 0 165 
9606.ENSP00000316454 9606.ENSP00000440005 0 0 0 0 0 0 365 365 
9606.ENSP00000316454 9606.ENSP00000449089 0 0 0 84 0 0 178 214 
9606.ENSP00000316454 9606.ENSP00000368952 0 0 0 0 0 0 439 439 
9606.ENSP00000316454 9606.ENSP00000312671 0 0 0 95 0 0 104 155 
9606.ENSP00000316454 9606.ENSP00000397435 0 0 0 61 0 0 161 178 
9606.ENSP00000316454 9606.ENSP00000342962 0 0 0 0 0 0 161 161 
9606.ENSP00000316454 9606.ENSP00000364145 0 0 0 0 0 0 201 201 
9606.ENSP00000316454 9606.ENSP00000333568 0 0 0 0 0 0 152 152 
9606.ENSP00000316454 9606.ENSP00000483552 0 0 0 86 379 0 726 831 
9606.ENSP00000316454 9606.ENSP00000308591 0 0 0 0 0 0 333 333 
9606.ENSP00000316454 9606.ENSP00000378769 0 0 0 0 175 0 0 175 
9606.ENSP00000316454 9606.ENSP00000391167 0 0 0 63 0 0 286 303 
9606.ENSP00000316454 9606.ENSP00000303992 0 0 0 0 0 0 270 270 
9606.ENSP00000316454 9606.ENSP00000406084 0 0 0 146 172 0 55 273 
9606.ENSP00000316454 9606.ENSP00000315731 0 0 0 0 0 0 156 156 
9606.ENSP00000316454 9606.ENSP00000421169 0 0 0 0 0 0 211 211 
9606.ENSP00000316454 9606.ENSP00000355651 0 0 0 0 0 0 186 186 
9606.ENSP00000316454 9606.ENSP00000364490 0 0 0 0 0 0 159 159 
9606.ENSP00000316454 9606.ENSP00000352513 0 0 0 0 0 0 161 161 
9606.ENSP00000316454 9606.ENSP00000360058 0 0 0 0 0 0 165 165 
9606.ENSP00000316454 9606.ENSP00000245121 0 0 0 64 0 0 171 190 
9606.ENSP00000316454 9606.ENSP00000478931 0 0 0 0 0 0 226 226 
9606.ENSP00000316454 9606.ENSP00000297591 0 0 0 0 0 0 465 465 
9606.ENSP00000316454 9606.ENSP00000332208 0 0 0 63 0 0 183 202 
9606.ENSP00000316454 9606.ENSP00000268057 0 0 0 61 0 0 145 163 
9606.ENSP00000316454 9606.ENSP00000357707 0 0 0 0 0 0 153 153 
9606.ENSP00000316454 9606.ENSP00000019317 0 0 0 161 0 0 0 161 
9606.ENSP00000316454 9606.ENSP00000250457 0 0 0 0 0 0 330 330 
9606.ENSP00000316454 9606.ENSP00000355812 0 0 0 0 890 0 0 890 
9606.ENSP00000316454 9606.ENSP00000355605 0 0 0 64 0 0 175 195 
9606.ENSP00000316454 9606.ENSP00000330753 0 0 0 88 172 0 55 224 
9606.ENSP00000316454 9606.ENSP00000314067 0 0 0 63 0 0 230 247 
9606.ENSP00000316454 9606.ENSP00000387007 0 0 0 0 0 0 220 220 
9606.ENSP00000316454 9606.ENSP00000337825 0 0 0 0 0 0 224 224 
9606.ENSP00000316454 9606.ENSP00000362010 0 0 0 0 0 0 186 186 
9606.ENSP00000316454 9606.ENSP00000307491 0 0 0 188 0 0 0 188 
9606.ENSP00000316454 9606.ENSP00000283351 0 0 0 179 0 0 0 179 
9606.ENSP00000316454 9606.ENSP00000310448 0 0 0 62 0 0 131 150 
9606.ENSP00000316454 9606.ENSP00000469686 0 0 0 0 0 0 202 202 
9606.ENSP00000316454 9606.ENSP00000333593 0 0 0 0 0 0 246 246 
9606.ENSP00000316454 9606.ENSP00000383295 0 0 0 114 0 0 88 158 
9606.ENSP00000316454 9606.ENSP00000333012 0 0 0 0 0 0 485 485 
9606.ENSP00000316454 9606.ENSP00000261226 0 0 0 0 0 0 210 210 
9606.ENSP00000316454 9606.ENSP00000427567 0 0 0 62 0 0 244 260 
9606.ENSP00000316454 9606.ENSP00000343581 0 0 0 55 0 0 291 301 
9606.ENSP00000316454 9606.ENSP00000262644 0 0 0 0 0 0 189 189 
9606.ENSP00000316454 9606.ENSP00000341819 0 0 0 0 0 0 224 224 
9606.ENSP00000316454 9606.ENSP00000377275 0 0 0 0 0 0 163 163 
9606.ENSP00000316454 9606.ENSP00000427684 0 0 0 0 0 0 246 246 
9606.ENSP00000316454 9606.ENSP00000348848 0 0 0 64 0 0 190 209 
9606.ENSP00000316454 9606.ENSP00000340454 0 0 0 0 0 0 222 222 
9606.ENSP00000316454 9606.ENSP00000262547 0 0 0 0 0 0 266 266 
9606.ENSP00000316454 9606.ENSP00000357836 0 0 0 46 0 0 160 164 
9606.ENSP00000316454 9606.ENSP00000450749 0 0 0 0 0 0 285 285 
9606.ENSP00000316454 9606.ENSP00000296522 0 0 0 0 0 0 172 172 
9606.ENSP00000316454 9606.ENSP00000253861 0 0 0 63 0 0 144 163 
9606.ENSP00000316454 9606.ENSP00000306123 0 0 0 171 0 0 0 171 
9606.ENSP00000316454 9606.ENSP00000236192 0 0 0 0 379 0 414 620 
9606.ENSP00000316454 9606.ENSP00000341658 0 0 0 62 0 0 149 168 
9606.ENSP00000316454 9606.ENSP00000424123 0 0 0 0 0 0 157 157 
9606.ENSP00000316454 9606.ENSP00000354543 0 0 0 0 0 0 286 286 
9606.ENSP00000316454 9606.ENSP00000374447 0 0 0 63 0 0 213 231 
9606.ENSP00000316454 9606.ENSP00000351596 0 0 0 0 0 0 153 153 
9606.ENSP00000316454 9606.ENSP00000309198 0 0 0 62 0 0 149 167 
9606.ENSP00000316454 9606.ENSP00000407193 0 0 0 0 0 0 187 187 
9606.ENSP00000316454 9606.ENSP00000384312 0 0 0 62 0 0 163 181 
9606.ENSP00000316454 9606.ENSP00000265052 0 0 0 0 0 0 311 311 
9606.ENSP00000316454 9606.ENSP00000234392 0 0 0 0 0 0 261 261 
9606.ENSP00000316454 9606.ENSP00000313811 0 0 0 113 0 0 85 154 
9606.ENSP00000316454 9606.ENSP00000368414 0 0 0 71 0 0 227 251 
9606.ENSP00000316454 9606.ENSP00000354742 0 0 0 63 0 0 519 530 
9606.ENSP00000316454 9606.ENSP00000265990 0 0 0 172 0 0 131 249 
9606.ENSP00000316454 9606.ENSP00000369274 0 0 0 0 0 0 235 235 
9606.ENSP00000316454 9606.ENSP00000476295 0 0 0 61 0 0 173 190 
9606.ENSP00000316454 9606.ENSP00000294829 0 0 0 0 0 0 170 170 
9606.ENSP00000316454 9606.ENSP00000410862 0 0 0 63 0 0 469 481 
9606.ENSP00000316454 9606.ENSP00000386918 0 0 0 0 0 0 187 187 
9606.ENSP00000316454 9606.ENSP00000405574 0 0 0 62 172 0 55 201 
9606.ENSP00000316454 9606.ENSP00000368959 0 0 0 0 0 0 157 157 
9606.ENSP00000316454 9606.ENSP00000351908 0 0 0 0 0 0 418 418 
9606.ENSP00000316454 9606.ENSP00000381298 0 0 0 0 0 0 226 226 
9606.ENSP00000316454 9606.ENSP00000376583 0 0 0 0 0 0 255 255 
9606.ENSP00000316454 9606.ENSP00000406191 0 0 0 0 0 0 296 296 
9606.ENSP00000316454 9606.ENSP00000385957 0 0 0 0 0 0 215 215 
9606.ENSP00000316454 9606.ENSP00000419298 0 0 0 0 0 0 186 186 
9606.ENSP00000316454 9606.ENSP00000223136 0 0 0 0 0 0 153 153 
9606.ENSP00000316454 9606.ENSP00000349325 0 0 0 62 0 0 141 160 
9606.ENSP00000316454 9606.ENSP00000378394 0 0 0 0 0 0 151 151 
9606.ENSP00000316454 9606.ENSP00000333298 0 0 0 0 0 0 174 174 
9606.ENSP00000316454 9606.ENSP00000355051 0 0 0 0 0 0 167 167 
9606.ENSP00000316454 9606.ENSP00000380638 0 0 0 84 0 0 138 177 
9606.ENSP00000316454 9606.ENSP00000385722 0 0 0 166 0 0 0 166 
9606.ENSP00000316454 9606.ENSP00000419945 0 0 0 0 0 0 206 206 
9606.ENSP00000316454 9606.ENSP00000366317 0 0 0 0 0 0 265 265 
9606.ENSP00000316454 9606.ENSP00000362014 0 0 0 63 0 0 366 381 
9606.ENSP00000316454 9606.ENSP00000377148 0 0 0 76 348 0 230 496 
9606.ENSP00000316454 9606.ENSP00000255224 0 0 0 0 0 0 234 234 
9606.ENSP00000316454 9606.ENSP00000285021 0 0 0 0 0 0 227 227 
9606.ENSP00000316454 9606.ENSP00000314214 0 0 0 77 0 0 141 173 
9606.ENSP00000316454 9606.ENSP00000272233 0 0 0 0 0 0 156 156 
9606.ENSP00000316454 9606.ENSP00000356105 0 0 0 60 0 0 164 180 
9606.ENSP00000316454 9606.ENSP00000386443 0 0 0 0 0 0 544 544 
9606.ENSP00000316454 9606.ENSP00000303696 0 0 0 55 0 0 238 249 
9606.ENSP00000316454 9606.ENSP00000378784 0 0 0 0 0 0 232 232 
9606.ENSP00000316454 9606.ENSP00000352420 0 0 0 0 0 0 188 188 
9606.ENSP00000316454 9606.ENSP00000384763 0 0 0 0 0 0 166 166 
9606.ENSP00000316454 9606.ENSP00000411506 0 0 0 0 0 0 254 254 
9606.ENSP00000316454 9606.ENSP00000448012 0 0 0 0 0 0 368 368 
9606.ENSP00000316454 9606.ENSP00000347324 0 0 0 0 0 0 222 222 
9606.ENSP00000316454 9606.ENSP00000381104 0 0 0 63 0 0 140 160 
9606.ENSP00000316454 9606.ENSP00000264380 0 0 0 186 0 0 115 249 
9606.ENSP00000316454 9606.ENSP00000260762 0 0 0 66 0 0 198 219 
9606.ENSP00000316454 9606.ENSP00000293745 0 0 0 0 0 0 155 155 
9606.ENSP00000316454 9606.ENSP00000311837 0 0 0 0 0 0 210 210 
9606.ENSP00000316454 9606.ENSP00000268766 0 0 0 60 0 0 221 236 
9606.ENSP00000316454 9606.ENSP00000372193 0 0 0 88 379 0 144 473 
9606.ENSP00000316454 9606.ENSP00000360689 0 0 0 61 0 0 161 178 
9606.ENSP00000316454 9606.ENSP00000296003 0 0 0 307 0 0 0 307 
9606.ENSP00000316454 9606.ENSP00000367527 0 0 0 121 0 0 116 189 
9606.ENSP00000316454 9606.ENSP00000264601 0 0 0 0 0 0 209 209 
