9606.ENSP00000446524 9606.ENSP00000311962 0 0 0 0 0 0 155 155 
9606.ENSP00000446524 9606.ENSP00000306425 0 0 0 0 0 0 441 441 
9606.ENSP00000446524 9606.ENSP00000358149 0 0 0 61 0 0 292 306 
9606.ENSP00000446524 9606.ENSP00000254630 0 0 0 0 102 0 138 193 
9606.ENSP00000446524 9606.ENSP00000294053 0 0 0 0 241 0 0 241 
9606.ENSP00000446524 9606.ENSP00000417378 0 0 0 191 104 0 0 244 
9606.ENSP00000446524 9606.ENSP00000360492 0 0 0 227 0 0 139 306 
9606.ENSP00000446524 9606.ENSP00000484121 0 0 0 0 0 0 171 171 
9606.ENSP00000446524 9606.ENSP00000357288 0 0 0 204 0 0 0 204 
9606.ENSP00000446524 9606.ENSP00000354499 0 0 0 0 294 0 354 524 
9606.ENSP00000446524 9606.ENSP00000264932 0 0 0 63 0 0 196 214 
9606.ENSP00000446524 9606.ENSP00000366617 0 0 0 0 0 0 217 217 
9606.ENSP00000446524 9606.ENSP00000330787 0 0 0 162 0 0 0 162 
9606.ENSP00000446524 9606.ENSP00000361993 0 0 0 92 242 0 91 319 
9606.ENSP00000446524 9606.ENSP00000332887 0 0 0 853 0 0 125 866 
9606.ENSP00000446524 9606.ENSP00000402038 0 0 0 0 0 0 167 167 
9606.ENSP00000446524 9606.ENSP00000417190 0 0 0 0 0 0 244 244 
9606.ENSP00000446524 9606.ENSP00000483491 0 0 0 61 0 0 541 550 
9606.ENSP00000446524 9606.ENSP00000244571 0 0 0 0 0 0 187 187 
9606.ENSP00000446524 9606.ENSP00000467266 0 0 0 188 0 0 211 332 
9606.ENSP00000446524 9606.ENSP00000254759 0 0 0 0 0 0 212 212 
9606.ENSP00000446524 9606.ENSP00000333837 0 0 0 63 0 0 447 459 
9606.ENSP00000446524 9606.ENSP00000261643 0 0 0 61 0 0 695 702 
9606.ENSP00000446524 9606.ENSP00000265881 0 0 0 62 0 0 156 174 
9606.ENSP00000446524 9606.ENSP00000269143 0 0 0 61 102 0 268 328 
9606.ENSP00000446524 9606.ENSP00000377033 0 0 0 171 0 0 0 171 
9606.ENSP00000446524 9606.ENSP00000342056 0 0 0 60 0 0 158 175 
9606.ENSP00000446524 9606.ENSP00000292907 0 0 0 62 0 0 311 326 
9606.ENSP00000446524 9606.ENSP00000452549 0 0 0 501 0 0 0 501 
9606.ENSP00000446524 9606.ENSP00000263063 0 0 0 0 0 0 205 205 
9606.ENSP00000446524 9606.ENSP00000270538 0 0 0 64 103 0 247 312 
9606.ENSP00000446524 9606.ENSP00000326579 0 0 0 64 242 0 0 260 
9606.ENSP00000446524 9606.ENSP00000332663 0 0 0 0 0 0 420 420 
9606.ENSP00000446524 9606.ENSP00000377446 0 0 0 143 0 0 259 337 
9606.ENSP00000446524 9606.ENSP00000476140 0 0 0 87 0 0 199 237 
9606.ENSP00000446524 9606.ENSP00000318158 0 0 0 139 107 0 0 198 
9606.ENSP00000446524 9606.ENSP00000318480 0 0 0 61 242 0 0 257 
9606.ENSP00000446524 9606.ENSP00000301457 0 0 0 534 107 0 0 566 
9606.ENSP00000446524 9606.ENSP00000470539 0 0 0 85 0 0 644 660 
9606.ENSP00000446524 9606.ENSP00000254928 0 0 0 0 110 0 172 232 
9606.ENSP00000446524 9606.ENSP00000242257 0 0 0 0 0 0 172 172 
9606.ENSP00000446524 9606.ENSP00000264828 0 0 0 0 0 0 228 228 
9606.ENSP00000446524 9606.ENSP00000419370 0 0 0 62 0 0 349 363 
9606.ENSP00000446524 9606.ENSP00000362060 0 0 0 254 0 0 64 272 
9606.ENSP00000446524 9606.ENSP00000264995 0 0 0 0 0 0 347 347 
9606.ENSP00000446524 9606.ENSP00000461324 0 0 0 77 0 0 156 187 
9606.ENSP00000446524 9606.ENSP00000418008 0 0 0 0 0 0 295 295 
9606.ENSP00000446524 9606.ENSP00000378812 0 0 0 132 0 0 638 673 
9606.ENSP00000446524 9606.ENSP00000215565 0 0 0 687 0 0 221 746 
9606.ENSP00000446524 9606.ENSP00000417656 0 0 0 91 0 0 266 304 
9606.ENSP00000446524 9606.ENSP00000284320 0 0 0 0 242 0 126 309 
9606.ENSP00000446524 9606.ENSP00000351937 0 0 0 175 0 0 0 175 
9606.ENSP00000446524 9606.ENSP00000369383 0 0 0 49 0 0 185 192 
9606.ENSP00000446524 9606.ENSP00000416515 0 0 0 0 0 0 165 165 
9606.ENSP00000446524 9606.ENSP00000347919 0 0 0 77 0 0 275 302 
9606.ENSP00000446524 9606.ENSP00000419038 0 0 0 0 0 0 223 223 
9606.ENSP00000446524 9606.ENSP00000299166 0 0 0 666 0 0 233 733 
9606.ENSP00000446524 9606.ENSP00000297837 0 0 0 0 0 0 239 239 
9606.ENSP00000446524 9606.ENSP00000276062 0 0 0 546 0 0 0 546 
9606.ENSP00000446524 9606.ENSP00000418770 0 0 0 99 0 0 237 283 
9606.ENSP00000446524 9606.ENSP00000322439 0 0 0 64 0 0 197 216 
9606.ENSP00000446524 9606.ENSP00000341082 0 0 0 62 0 0 156 175 
9606.ENSP00000446524 9606.ENSP00000354580 0 0 0 159 0 0 96 207 
9606.ENSP00000446524 9606.ENSP00000350132 0 0 0 0 0 0 218 218 
9606.ENSP00000446524 9606.ENSP00000228468 0 0 0 0 0 0 270 270 
9606.ENSP00000446524 9606.ENSP00000325562 0 0 0 69 0 0 709 718 
9606.ENSP00000446524 9606.ENSP00000249442 0 0 0 0 175 0 0 175 
9606.ENSP00000446524 9606.ENSP00000447942 0 0 0 192 0 0 0 192 
9606.ENSP00000446524 9606.ENSP00000355566 0 0 0 62 0 0 171 189 
9606.ENSP00000446524 9606.ENSP00000263556 0 0 0 0 241 0 0 241 
9606.ENSP00000446524 9606.ENSP00000252102 0 0 0 282 104 0 47 334 
9606.ENSP00000446524 9606.ENSP00000307786 0 0 0 55 0 900 421 940 
9606.ENSP00000446524 9606.ENSP00000236980 0 0 0 0 0 0 424 424 
9606.ENSP00000446524 9606.ENSP00000342676 0 0 0 171 0 0 440 516 
9606.ENSP00000446524 9606.ENSP00000258975 0 0 0 0 110 0 732 751 
9606.ENSP00000446524 9606.ENSP00000317159 0 0 0 181 0 0 140 266 
9606.ENSP00000446524 9606.ENSP00000388658 0 0 0 0 193 0 73 220 
9606.ENSP00000446524 9606.ENSP00000169551 0 0 0 0 0 0 237 237 
9606.ENSP00000446524 9606.ENSP00000282276 0 0 0 0 0 0 165 165 
9606.ENSP00000446524 9606.ENSP00000247665 0 0 0 168 0 0 0 168 
9606.ENSP00000446524 9606.ENSP00000364649 0 0 0 157 0 0 43 159 
9606.ENSP00000446524 9606.ENSP00000233627 0 0 0 291 107 0 46 343 
9606.ENSP00000446524 9606.ENSP00000406327 0 0 0 0 0 0 613 613 
9606.ENSP00000446524 9606.ENSP00000354554 0 0 0 0 0 0 327 327 
9606.ENSP00000446524 9606.ENSP00000382595 0 0 0 0 0 0 161 161 
9606.ENSP00000446524 9606.ENSP00000262570 0 0 0 0 242 0 64 260 
9606.ENSP00000446524 9606.ENSP00000322775 0 0 0 0 0 0 206 206 
9606.ENSP00000446524 9606.ENSP00000467041 0 0 0 0 0 0 237 237 
9606.ENSP00000446524 9606.ENSP00000290846 0 0 0 0 0 0 236 236 
9606.ENSP00000446524 9606.ENSP00000302961 0 0 0 0 0 0 171 171 
9606.ENSP00000446524 9606.ENSP00000309561 0 0 0 261 0 0 0 261 
9606.ENSP00000446524 9606.ENSP00000225969 0 0 0 150 0 0 0 150 
9606.ENSP00000446524 9606.ENSP00000362036 0 0 0 148 0 0 330 404 
9606.ENSP00000446524 9606.ENSP00000403614 0 0 0 158 0 0 0 158 
9606.ENSP00000446524 9606.ENSP00000296102 0 0 0 119 0 0 119 191 
9606.ENSP00000446524 9606.ENSP00000261893 0 0 0 0 241 0 0 241 
9606.ENSP00000446524 9606.ENSP00000431040 0 0 0 122 0 0 283 344 
9606.ENSP00000446524 9606.ENSP00000438455 0 0 0 198 110 0 84 289 
9606.ENSP00000446524 9606.ENSP00000229379 0 0 0 196 0 0 255 375 
9606.ENSP00000446524 9606.ENSP00000229238 0 0 0 86 0 0 151 191 
9606.ENSP00000446524 9606.ENSP00000428585 0 0 0 64 193 0 0 212 
9606.ENSP00000446524 9606.ENSP00000229903 0 0 0 0 0 0 473 473 
9606.ENSP00000446524 9606.ENSP00000299335 0 0 0 61 0 0 609 617 
9606.ENSP00000446524 9606.ENSP00000263774 0 0 0 165 87 0 74 233 
9606.ENSP00000446524 9606.ENSP00000397843 0 0 0 151 0 0 0 151 
9606.ENSP00000446524 9606.ENSP00000418348 0 0 0 62 0 0 444 456 
9606.ENSP00000446524 9606.ENSP00000216218 0 0 0 0 181 0 0 181 
9606.ENSP00000446524 9606.ENSP00000367938 0 0 0 86 0 0 221 258 
9606.ENSP00000446524 9606.ENSP00000261313 0 0 0 142 0 0 100 195 
9606.ENSP00000446524 9606.ENSP00000379339 0 0 0 159 0 0 47 164 
9606.ENSP00000446524 9606.ENSP00000444433 0 0 0 0 0 0 562 562 
9606.ENSP00000446524 9606.ENSP00000264193 0 0 0 0 241 0 0 241 
9606.ENSP00000446524 9606.ENSP00000418842 0 0 0 209 104 0 0 261 
9606.ENSP00000446524 9606.ENSP00000281031 0 0 0 163 0 0 58 177 
9606.ENSP00000446524 9606.ENSP00000330737 0 0 0 160 0 0 0 160 
9606.ENSP00000446524 9606.ENSP00000360593 0 0 0 0 241 0 0 241 
9606.ENSP00000446524 9606.ENSP00000352265 0 0 0 0 0 0 726 726 
9606.ENSP00000446524 9606.ENSP00000342015 0 0 0 63 0 0 609 618 
9606.ENSP00000446524 9606.ENSP00000380322 0 0 0 178 0 0 0 178 
9606.ENSP00000446524 9606.ENSP00000402653 0 0 0 0 0 0 344 344 
9606.ENSP00000446524 9606.ENSP00000379367 0 0 0 0 0 0 356 356 
9606.ENSP00000446524 9606.ENSP00000274137 0 0 0 168 87 0 112 266 
9606.ENSP00000446524 9606.ENSP00000253233 0 0 0 0 0 0 244 244 
9606.ENSP00000446524 9606.ENSP00000361725 0 0 0 0 241 0 0 241 
9606.ENSP00000446524 9606.ENSP00000466639 0 0 0 650 0 0 0 650 
9606.ENSP00000446524 9606.ENSP00000268379 0 0 0 119 0 0 226 289 
9606.ENSP00000446524 9606.ENSP00000037869 0 0 0 0 241 0 0 241 
9606.ENSP00000446524 9606.ENSP00000301180 0 0 0 0 0 0 297 297 
9606.ENSP00000446524 9606.ENSP00000362873 0 0 0 349 75 0 65 388 
9606.ENSP00000446524 9606.ENSP00000316905 0 0 0 0 0 0 283 283 
9606.ENSP00000446524 9606.ENSP00000312599 0 0 0 0 0 0 229 229 
9606.ENSP00000446524 9606.ENSP00000458770 0 0 0 169 0 0 43 171 
9606.ENSP00000446524 9606.ENSP00000360270 0 0 0 0 0 0 269 269 
9606.ENSP00000446524 9606.ENSP00000316335 0 0 0 0 0 0 171 171 
9606.ENSP00000446524 9606.ENSP00000267103 0 0 0 0 0 0 171 171 
9606.ENSP00000446524 9606.ENSP00000335203 0 0 0 191 0 0 63 210 
9606.ENSP00000446524 9606.ENSP00000290299 0 0 0 173 63 0 48 198 
9606.ENSP00000446524 9606.ENSP00000400168 0 0 0 175 0 0 473 546 
9606.ENSP00000446524 9606.ENSP00000361042 0 0 0 97 117 0 681 723 
9606.ENSP00000446524 9606.ENSP00000351492 0 0 0 188 0 0 0 188 
9606.ENSP00000446524 9606.ENSP00000423673 0 0 0 497 87 0 93 547 
9606.ENSP00000446524 9606.ENSP00000308897 0 0 0 119 107 0 111 239 
9606.ENSP00000446524 9606.ENSP00000439065 0 0 0 62 0 0 203 220 
9606.ENSP00000446524 9606.ENSP00000361923 0 0 0 176 0 0 0 176 
9606.ENSP00000446524 9606.ENSP00000260665 0 0 0 0 0 0 583 583 
9606.ENSP00000446524 9606.ENSP00000366800 0 0 0 0 99 0 266 310 
9606.ENSP00000446524 9606.ENSP00000370882 0 0 0 0 241 0 0 241 
9606.ENSP00000446524 9606.ENSP00000356864 0 0 0 0 0 0 213 213 
9606.ENSP00000446524 9606.ENSP00000370508 0 0 0 77 0 0 249 277 
9606.ENSP00000446524 9606.ENSP00000418438 0 0 0 163 0 0 0 163 
9606.ENSP00000446524 9606.ENSP00000315774 0 0 0 142 107 0 49 207 
9606.ENSP00000446524 9606.ENSP00000321260 0 0 0 117 0 0 401 449 
9606.ENSP00000446524 9606.ENSP00000430494 0 0 0 98 0 0 245 290 
9606.ENSP00000446524 9606.ENSP00000236877 0 0 0 0 0 0 248 248 
9606.ENSP00000446524 9606.ENSP00000457513 0 0 0 122 101 0 475 549 
9606.ENSP00000446524 9606.ENSP00000386485 0 0 0 62 0 0 480 492 
9606.ENSP00000446524 9606.ENSP00000295767 0 0 0 0 0 0 154 154 
9606.ENSP00000446524 9606.ENSP00000246554 0 0 0 260 242 0 417 644 
9606.ENSP00000446524 9606.ENSP00000369176 0 0 0 166 0 0 119 234 
9606.ENSP00000446524 9606.ENSP00000354612 0 0 0 0 0 0 671 671 
9606.ENSP00000446524 9606.ENSP00000376352 0 0 0 0 0 0 216 216 
9606.ENSP00000446524 9606.ENSP00000373176 0 0 0 0 0 0 440 440 
9606.ENSP00000446524 9606.ENSP00000360671 0 0 0 80 117 0 0 153 
9606.ENSP00000446524 9606.ENSP00000261647 0 0 0 0 242 0 104 291 
9606.ENSP00000446524 9606.ENSP00000345445 0 0 0 0 175 0 0 175 
9606.ENSP00000446524 9606.ENSP00000469836 0 0 0 63 0 0 347 362 
9606.ENSP00000446524 9606.ENSP00000467262 0 0 0 697 0 0 170 737 
9606.ENSP00000446524 9606.ENSP00000016171 0 0 0 0 110 0 763 780 
9606.ENSP00000446524 9606.ENSP00000245539 0 0 0 134 0 0 123 208 
9606.ENSP00000446524 9606.ENSP00000317780 0 0 0 106 242 0 511 640 
9606.ENSP00000446524 9606.ENSP00000354762 0 0 0 142 117 0 793 829 
9606.ENSP00000446524 9606.ENSP00000301585 0 0 0 213 0 0 230 368 
9606.ENSP00000446524 9606.ENSP00000322450 0 0 0 105 110 0 46 173 
9606.ENSP00000446524 9606.ENSP00000215570 0 0 0 90 101 0 85 186 
9606.ENSP00000446524 9606.ENSP00000274787 0 0 0 191 0 0 0 191 
9606.ENSP00000446524 9606.ENSP00000389160 0 0 0 660 0 0 0 660 
9606.ENSP00000446524 9606.ENSP00000302037 0 0 0 0 111 0 87 154 
9606.ENSP00000446524 9606.ENSP00000297534 0 0 0 111 0 0 230 286 
9606.ENSP00000446524 9606.ENSP00000442563 0 0 0 0 0 0 171 171 
9606.ENSP00000446524 9606.ENSP00000361084 0 0 0 188 0 0 0 188 
9606.ENSP00000446524 9606.ENSP00000420311 0 0 0 181 0 0 0 181 
9606.ENSP00000446524 9606.ENSP00000305255 0 0 0 174 0 0 0 174 
9606.ENSP00000446524 9606.ENSP00000262306 0 0 0 139 0 0 115 205 
9606.ENSP00000446524 9606.ENSP00000450909 0 0 0 108 0 0 609 637 
9606.ENSP00000446524 9606.ENSP00000358840 0 0 0 156 0 0 616 662 
9606.ENSP00000446524 9606.ENSP00000423600 0 0 0 0 193 0 0 193 
9606.ENSP00000446524 9606.ENSP00000287490 0 0 0 78 0 0 248 277 
9606.ENSP00000446524 9606.ENSP00000264255 0 0 0 89 111 0 0 155 
9606.ENSP00000446524 9606.ENSP00000216225 0 0 0 170 0 0 0 170 
9606.ENSP00000446524 9606.ENSP00000465759 0 0 0 0 0 0 164 164 
9606.ENSP00000446524 9606.ENSP00000313877 0 0 0 0 0 0 198 198 
9606.ENSP00000446524 9606.ENSP00000353295 0 0 0 0 0 0 197 197 
9606.ENSP00000446524 9606.ENSP00000377411 0 0 0 62 0 0 228 245 
9606.ENSP00000446524 9606.ENSP00000415998 0 0 0 0 0 0 286 286 
9606.ENSP00000446524 9606.ENSP00000291458 0 0 0 0 193 0 0 193 
9606.ENSP00000446524 9606.ENSP00000365837 0 0 0 0 0 0 280 280 
9606.ENSP00000446524 9606.ENSP00000276689 0 0 0 348 0 0 43 350 
9606.ENSP00000446524 9606.ENSP00000397881 0 0 0 0 0 0 669 669 
9606.ENSP00000446524 9606.ENSP00000387262 0 0 0 0 94 0 121 169 
9606.ENSP00000446524 9606.ENSP00000216034 0 0 0 0 131 0 86 171 
9606.ENSP00000446524 9606.ENSP00000203407 0 0 0 86 0 0 151 191 
9606.ENSP00000446524 9606.ENSP00000354632 0 0 0 0 0 0 292 292 
9606.ENSP00000446524 9606.ENSP00000386302 0 0 0 0 0 0 510 510 
9606.ENSP00000446524 9606.ENSP00000302543 0 0 0 0 0 0 213 213 
9606.ENSP00000446524 9606.ENSP00000355265 0 0 0 0 0 0 311 311 
9606.ENSP00000446524 9606.ENSP00000253686 0 0 0 64 0 0 212 230 
9606.ENSP00000446524 9606.ENSP00000257181 0 0 0 0 0 0 256 256 
9606.ENSP00000446524 9606.ENSP00000237889 0 0 0 191 0 0 219 341 
9606.ENSP00000446524 9606.ENSP00000355572 0 0 0 194 242 0 630 754 
9606.ENSP00000446524 9606.ENSP00000441126 0 0 0 195 0 0 82 230 
9606.ENSP00000446524 9606.ENSP00000296684 0 0 0 123 0 0 116 191 
9606.ENSP00000446524 9606.ENSP00000355086 0 0 0 0 0 0 266 266 
9606.ENSP00000446524 9606.ENSP00000367939 0 0 0 615 0 0 164 665 
9606.ENSP00000446524 9606.ENSP00000266544 0 0 0 177 75 0 143 291 
9606.ENSP00000446524 9606.ENSP00000376658 0 0 0 0 0 0 266 266 
9606.ENSP00000446524 9606.ENSP00000263702 0 0 0 0 0 0 244 244 
9606.ENSP00000446524 9606.ENSP00000292475 0 0 0 686 0 0 162 725 
9606.ENSP00000446524 9606.ENSP00000425261 0 0 0 0 0 0 564 564 
9606.ENSP00000446524 9606.ENSP00000365243 0 0 0 64 0 0 570 580 
9606.ENSP00000446524 9606.ENSP00000216027 0 0 0 0 0 0 171 171 
9606.ENSP00000446524 9606.ENSP00000354876 0 0 0 0 111 0 220 277 
9606.ENSP00000446524 9606.ENSP00000309565 0 0 0 151 0 0 349 424 
9606.ENSP00000446524 9606.ENSP00000255390 0 0 0 0 111 0 601 630 
9606.ENSP00000446524 9606.ENSP00000332103 0 0 0 205 0 0 0 205 
9606.ENSP00000446524 9606.ENSP00000428895 0 0 0 161 0 0 400 475 
9606.ENSP00000446524 9606.ENSP00000342262 0 0 0 0 128 0 74 158 
9606.ENSP00000446524 9606.ENSP00000333551 0 0 0 0 0 0 243 243 
9606.ENSP00000446524 9606.ENSP00000363506 0 0 0 62 0 0 250 266 
9606.ENSP00000446524 9606.ENSP00000330730 0 0 0 62 0 0 714 720 
9606.ENSP00000446524 9606.ENSP00000327124 0 0 0 175 0 0 0 175 
9606.ENSP00000446524 9606.ENSP00000256441 0 0 0 91 0 0 115 162 
9606.ENSP00000446524 9606.ENSP00000351214 0 0 0 140 0 0 68 165 
9606.ENSP00000446524 9606.ENSP00000339720 0 0 0 139 0 0 442 499 
9606.ENSP00000446524 9606.ENSP00000374562 0 0 0 84 0 0 603 621 
9606.ENSP00000446524 9606.ENSP00000257245 0 0 0 113 0 0 136 202 
9606.ENSP00000446524 9606.ENSP00000270586 0 0 0 160 0 0 0 160 
9606.ENSP00000446524 9606.ENSP00000460964 0 0 0 0 87 0 210 247 
9606.ENSP00000446524 9606.ENSP00000359098 0 0 0 176 0 0 317 413 
9606.ENSP00000446524 9606.ENSP00000306003 0 0 0 803 0 0 0 803 
9606.ENSP00000446524 9606.ENSP00000484135 0 0 0 0 0 0 161 161 
9606.ENSP00000446524 9606.ENSP00000349543 0 0 0 0 0 0 161 161 
9606.ENSP00000446524 9606.ENSP00000072869 0 0 0 0 0 0 266 266 
9606.ENSP00000446524 9606.ENSP00000425759 0 0 0 159 0 0 330 413 
9606.ENSP00000446524 9606.ENSP00000306548 0 0 0 156 0 0 122 227 
9606.ENSP00000446524 9606.ENSP00000356202 0 0 0 0 0 0 167 167 
9606.ENSP00000446524 9606.ENSP00000376732 0 0 0 153 0 0 120 224 
9606.ENSP00000446524 9606.ENSP00000363191 0 0 0 230 0 0 0 230 
9606.ENSP00000446524 9606.ENSP00000220058 0 0 0 61 0 0 234 250 
9606.ENSP00000446524 9606.ENSP00000418428 0 0 0 83 0 0 321 350 
9606.ENSP00000446524 9606.ENSP00000301587 0 0 0 182 0 0 49 189 
9606.ENSP00000446524 9606.ENSP00000377311 0 0 0 63 0 0 313 329 
9606.ENSP00000446524 9606.ENSP00000449795 0 0 0 77 242 0 46 274 
9606.ENSP00000446524 9606.ENSP00000332340 0 0 0 61 0 0 162 179 
9606.ENSP00000446524 9606.ENSP00000391457 0 0 0 0 0 0 237 237 
9606.ENSP00000446524 9606.ENSP00000280325 0 0 0 0 0 0 161 161 
9606.ENSP00000446524 9606.ENSP00000361057 0 0 0 0 0 0 374 374 
9606.ENSP00000446524 9606.ENSP00000327467 0 0 0 267 0 0 0 267 
9606.ENSP00000446524 9606.ENSP00000389649 0 0 0 118 0 0 116 187 
9606.ENSP00000446524 9606.ENSP00000276590 0 0 0 0 0 0 196 196 
9606.ENSP00000446524 9606.ENSP00000381490 0 0 0 0 0 0 398 398 
9606.ENSP00000446524 9606.ENSP00000481559 0 0 0 61 0 0 366 379 
9606.ENSP00000446524 9606.ENSP00000299432 0 0 0 0 0 0 836 836 
9606.ENSP00000446524 9606.ENSP00000401770 0 0 0 257 0 0 689 759 
9606.ENSP00000446524 9606.ENSP00000370414 0 0 0 64 0 0 165 185 
9606.ENSP00000446524 9606.ENSP00000427407 0 0 0 61 0 0 446 457 
9606.ENSP00000446524 9606.ENSP00000245816 0 0 0 120 110 0 0 183 
9606.ENSP00000446524 9606.ENSP00000359680 0 0 0 0 0 0 252 252 
9606.ENSP00000446524 9606.ENSP00000265333 0 0 0 0 0 0 165 165 
9606.ENSP00000446524 9606.ENSP00000292478 0 0 0 0 0 0 476 476 
9606.ENSP00000446524 9606.ENSP00000258424 0 0 0 845 107 0 330 899 
9606.ENSP00000446524 9606.ENSP00000357973 0 0 0 0 0 0 231 231 
9606.ENSP00000446524 9606.ENSP00000379218 0 0 0 64 0 0 726 732 
9606.ENSP00000446524 9606.ENSP00000184266 0 0 0 216 0 0 63 234 
9606.ENSP00000446524 9606.ENSP00000325485 0 0 0 0 0 0 195 195 
9606.ENSP00000446524 9606.ENSP00000261070 0 0 0 110 294 0 529 679 
