9606.ENSP00000347933 9606.ENSP00000424176 0 0 0 118 132 0 59 216 
9606.ENSP00000347933 9606.ENSP00000361177 0 0 0 64 158 0 0 178 
9606.ENSP00000347933 9606.ENSP00000356646 0 0 0 64 157 0 0 177 
9606.ENSP00000347933 9606.ENSP00000300060 0 0 0 62 55 0 301 326 
9606.ENSP00000347933 9606.ENSP00000384214 0 0 0 0 0 0 171 171 
9606.ENSP00000347933 9606.ENSP00000284987 0 0 0 0 0 0 182 182 
9606.ENSP00000347933 9606.ENSP00000379862 0 0 0 64 0 0 182 202 
9606.ENSP00000347933 9606.ENSP00000215743 0 0 0 63 0 0 311 326 
9606.ENSP00000347933 9606.ENSP00000319464 0 0 0 108 99 0 56 175 
9606.ENSP00000347933 9606.ENSP00000258317 0 0 0 0 0 0 177 177 
9606.ENSP00000347933 9606.ENSP00000239462 0 0 0 64 157 0 0 177 
9606.ENSP00000347933 9606.ENSP00000371253 0 0 0 0 0 0 281 281 
9606.ENSP00000347933 9606.ENSP00000265131 0 0 0 64 157 0 0 177 
9606.ENSP00000347933 9606.ENSP00000361850 0 2 0 0 0 0 417 417 
9606.ENSP00000347933 9606.ENSP00000379138 0 0 0 151 0 0 115 216 
9606.ENSP00000347933 9606.ENSP00000436318 0 0 0 0 0 0 158 158 
9606.ENSP00000347933 9606.ENSP00000329374 0 0 0 141 129 0 0 219 
9606.ENSP00000347933 9606.ENSP00000263370 0 0 0 0 0 0 169 169 
9606.ENSP00000347933 9606.ENSP00000220616 0 0 0 0 52 0 190 199 
9606.ENSP00000347933 9606.ENSP00000381133 0 0 0 87 157 0 115 259 
9606.ENSP00000347933 9606.ENSP00000479119 0 0 0 0 161 0 0 161 
9606.ENSP00000347933 9606.ENSP00000263413 0 0 0 188 57 0 0 201 
9606.ENSP00000347933 9606.ENSP00000474090 0 0 0 81 0 0 127 163 
9606.ENSP00000347933 9606.ENSP00000313432 0 0 0 171 0 0 0 171 
9606.ENSP00000347933 9606.ENSP00000266085 0 0 0 0 0 0 166 166 
9606.ENSP00000347933 9606.ENSP00000420237 0 0 0 87 124 0 50 173 
9606.ENSP00000347933 9606.ENSP00000468040 0 0 0 118 132 0 42 202 
9606.ENSP00000347933 9606.ENSP00000304845 0 0 0 143 0 0 56 156 
9606.ENSP00000347933 9606.ENSP00000438615 0 0 0 79 0 0 139 173 
9606.ENSP00000347933 9606.ENSP00000478725 0 0 0 0 161 0 0 161 
9606.ENSP00000347933 9606.ENSP00000283871 0 0 0 243 0 0 0 243 
9606.ENSP00000347933 9606.ENSP00000323568 0 0 0 233 0 0 57 245 
9606.ENSP00000347933 9606.ENSP00000357905 0 0 0 61 0 0 172 189 
9606.ENSP00000347933 9606.ENSP00000483507 0 0 0 219 0 0 73 245 
9606.ENSP00000347933 9606.ENSP00000333203 0 0 0 129 129 0 66 229 
9606.ENSP00000347933 9606.ENSP00000386207 0 0 0 63 129 0 49 156 
9606.ENSP00000347933 9606.ENSP00000326159 0 0 0 56 0 0 253 264 
9606.ENSP00000347933 9606.ENSP00000355627 0 0 0 230 129 0 132 367 
9606.ENSP00000347933 9606.ENSP00000421725 0 0 0 349 0 0 0 349 
9606.ENSP00000347933 9606.ENSP00000265132 0 0 0 671 132 0 0 702 
9606.ENSP00000347933 9606.ENSP00000228837 0 0 0 0 0 0 167 167 
9606.ENSP00000347933 9606.ENSP00000342850 0 0 0 144 129 0 0 222 
9606.ENSP00000347933 9606.ENSP00000168148 0 0 0 234 0 0 0 234 
9606.ENSP00000347933 9606.ENSP00000280606 0 0 0 56 0 0 175 187 
9606.ENSP00000347933 9606.ENSP00000485525 0 0 0 0 0 0 158 158 
9606.ENSP00000347933 9606.ENSP00000320634 0 0 0 62 0 0 161 179 
9606.ENSP00000347933 9606.ENSP00000478458 0 0 0 0 0 0 217 217 
9606.ENSP00000347933 9606.ENSP00000397103 0 0 0 0 0 0 171 171 
9606.ENSP00000347933 9606.ENSP00000245907 0 0 0 148 50 0 46 160 
9606.ENSP00000347933 9606.ENSP00000255030 0 0 0 144 0 0 79 178 
9606.ENSP00000347933 9606.ENSP00000205948 0 0 0 194 0 0 0 194 
9606.ENSP00000347933 9606.ENSP00000229447 0 0 0 173 0 0 0 173 
9606.ENSP00000347933 9606.ENSP00000232003 0 0 0 388 0 0 41 388 
9606.ENSP00000347933 9606.ENSP00000360871 0 0 0 64 157 0 0 177 
9606.ENSP00000347933 9606.ENSP00000302620 0 0 0 258 0 0 0 258 
9606.ENSP00000347933 9606.ENSP00000346032 0 0 0 0 55 0 223 234 
9606.ENSP00000347933 9606.ENSP00000296327 0 0 0 165 0 0 0 165 
9606.ENSP00000347933 9606.ENSP00000295897 0 0 0 229 0 0 319 452 
9606.ENSP00000347933 9606.ENSP00000261195 0 0 0 169 0 0 0 169 
9606.ENSP00000347933 9606.ENSP00000356382 0 0 0 207 0 0 0 207 
9606.ENSP00000347933 9606.ENSP00000356969 0 0 0 229 0 0 0 229 
9606.ENSP00000347933 9606.ENSP00000324343 0 0 0 171 66 0 0 192 
9606.ENSP00000347933 9606.ENSP00000328203 0 0 0 0 0 0 177 177 
9606.ENSP00000347933 9606.ENSP00000308117 0 0 0 0 156 0 0 156 
9606.ENSP00000347933 9606.ENSP00000376893 0 0 0 61 0 0 176 193 
9606.ENSP00000347933 9606.ENSP00000371141 0 0 0 0 0 0 207 207 
9606.ENSP00000347933 9606.ENSP00000382485 0 0 0 0 0 0 716 716 
9606.ENSP00000347933 9606.ENSP00000252490 0 0 0 238 0 0 91 277 
9606.ENSP00000347933 9606.ENSP00000336762 0 0 0 174 0 0 48 180 
9606.ENSP00000347933 9606.ENSP00000222482 0 0 0 87 124 0 50 173 
9606.ENSP00000347933 9606.ENSP00000302665 0 0 0 109 0 0 90 154 
9606.ENSP00000347933 9606.ENSP00000317842 0 0 0 175 52 0 0 184 
9606.ENSP00000347933 9606.ENSP00000370074 0 0 0 63 129 0 50 156 
9606.ENSP00000347933 9606.ENSP00000357879 0 0 0 0 182 0 80 215 
9606.ENSP00000347933 9606.ENSP00000295777 0 0 0 63 129 0 159 253 
9606.ENSP00000347933 9606.ENSP00000353720 0 0 0 175 52 0 0 184 
9606.ENSP00000347933 9606.ENSP00000361735 0 0 0 118 132 0 0 201 
9606.ENSP00000347933 9606.ENSP00000296046 0 0 0 87 124 0 50 173 
9606.ENSP00000347933 9606.ENSP00000378868 0 0 0 188 50 0 0 195 
9606.ENSP00000347933 9606.ENSP00000265023 0 0 0 191 0 0 0 191 
9606.ENSP00000347933 9606.ENSP00000220809 0 2 0 56 0 0 613 619 
9606.ENSP00000347933 9606.ENSP00000337133 0 0 0 118 129 0 0 198 
9606.ENSP00000347933 9606.ENSP00000052754 0 0 0 61 99 0 83 156 
9606.ENSP00000347933 9606.ENSP00000481152 0 0 0 0 161 0 0 161 
9606.ENSP00000347933 9606.ENSP00000399136 0 0 0 163 0 0 0 163 
9606.ENSP00000347933 9606.ENSP00000217428 0 0 0 118 132 0 0 201 
9606.ENSP00000347933 9606.ENSP00000279058 0 0 0 118 132 0 0 201 
9606.ENSP00000347933 9606.ENSP00000291744 0 0 0 64 157 0 0 177 
9606.ENSP00000347933 9606.ENSP00000341584 0 0 0 63 129 0 50 156 
9606.ENSP00000347933 9606.ENSP00000367312 0 0 0 0 0 0 214 214 
9606.ENSP00000347933 9606.ENSP00000222390 0 9 0 59 0 0 443 453 
9606.ENSP00000347933 9606.ENSP00000385834 0 0 0 195 67 0 0 216 
9606.ENSP00000347933 9606.ENSP00000266041 0 0 0 227 0 0 50 234 
9606.ENSP00000347933 9606.ENSP00000465356 0 0 0 115 0 0 86 156 
9606.ENSP00000347933 9606.ENSP00000438349 0 0 0 0 161 0 0 161 
9606.ENSP00000347933 9606.ENSP00000265605 0 0 0 224 52 0 0 232 
9606.ENSP00000347933 9606.ENSP00000317904 0 0 0 169 0 0 0 169 
9606.ENSP00000347933 9606.ENSP00000416683 0 0 0 114 99 0 0 167 
9606.ENSP00000347933 9606.ENSP00000300255 0 0 0 0 0 0 173 173 
9606.ENSP00000347933 9606.ENSP00000447149 0 0 0 208 0 0 0 208 
9606.ENSP00000347933 9606.ENSP00000222543 0 0 0 118 132 0 161 301 
9606.ENSP00000347933 9606.ENSP00000223864 0 0 0 0 170 0 258 358 
9606.ENSP00000347933 9606.ENSP00000219271 0 0 0 63 0 0 307 323 
9606.ENSP00000347933 9606.ENSP00000234071 0 0 0 291 0 0 170 386 
9606.ENSP00000347933 9606.ENSP00000364578 0 0 0 0 0 0 161 161 
9606.ENSP00000347933 9606.ENSP00000264498 0 0 0 0 0 0 161 161 
9606.ENSP00000347933 9606.ENSP00000339328 0 0 0 0 133 0 228 302 
9606.ENSP00000347933 9606.ENSP00000365116 0 3 0 56 0 0 157 170 
9606.ENSP00000347933 9606.ENSP00000218436 0 0 0 150 0 0 50 157 
9606.ENSP00000347933 9606.ENSP00000297770 0 0 0 66 124 0 50 154 
9606.ENSP00000347933 9606.ENSP00000356771 0 0 0 85 264 0 0 297 
9606.ENSP00000347933 9606.ENSP00000334122 0 0 0 0 0 0 156 156 
9606.ENSP00000347933 9606.ENSP00000321691 0 0 0 0 0 0 221 221 
9606.ENSP00000347933 9606.ENSP00000380432 0 0 0 0 0 0 176 176 
9606.ENSP00000347933 9606.ENSP00000223095 0 0 0 63 129 0 480 538 
9606.ENSP00000347933 9606.ENSP00000254227 0 0 0 148 0 0 62 166 
9606.ENSP00000347933 9606.ENSP00000308541 0 2 0 309 0 0 319 509 
9606.ENSP00000347933 9606.ENSP00000428316 0 0 0 63 129 0 58 164 
9606.ENSP00000347933 9606.ENSP00000480091 0 0 0 55 0 0 172 184 
9606.ENSP00000347933 9606.ENSP00000342098 0 0 0 118 132 0 47 207 
9606.ENSP00000347933 9606.ENSP00000360522 0 0 0 193 0 0 53 203 
9606.ENSP00000347933 9606.ENSP00000394936 0 0 0 177 0 0 62 195 
9606.ENSP00000347933 9606.ENSP00000389326 0 0 0 53 0 0 173 183 
9606.ENSP00000347933 9606.ENSP00000448059 0 0 0 263 0 0 0 263 
9606.ENSP00000347933 9606.ENSP00000379157 0 0 0 0 0 0 158 158 
9606.ENSP00000347933 9606.ENSP00000321334 0 9 0 0 0 0 700 700 
9606.ENSP00000347933 9606.ENSP00000260356 0 0 0 0 0 0 152 152 
9606.ENSP00000347933 9606.ENSP00000233156 0 0 0 118 132 0 89 242 
9606.ENSP00000347933 9606.ENSP00000353767 0 0 0 63 0 0 452 464 
9606.ENSP00000347933 9606.ENSP00000260408 0 0 0 0 0 0 171 171 
9606.ENSP00000347933 9606.ENSP00000362524 0 0 0 64 157 0 0 177 
9606.ENSP00000347933 9606.ENSP00000350425 0 0 0 268 0 0 107 318 
9606.ENSP00000347933 9606.ENSP00000308208 0 0 0 63 0 0 241 259 
9606.ENSP00000347933 9606.ENSP00000279441 0 0 0 63 0 0 229 246 
9606.ENSP00000347933 9606.ENSP00000296575 0 0 0 118 132 0 0 201 
9606.ENSP00000347933 9606.ENSP00000346768 0 0 0 143 0 0 50 151 
9606.ENSP00000347933 9606.ENSP00000354458 0 0 0 232 0 0 62 248 
9606.ENSP00000347933 9606.ENSP00000277903 0 1 0 206 0 0 47 210 
9606.ENSP00000347933 9606.ENSP00000259396 0 0 0 177 0 0 62 195 
9606.ENSP00000347933 9606.ENSP00000328307 0 0 0 0 0 0 373 373 
9606.ENSP00000347933 9606.ENSP00000261208 0 0 0 144 0 0 49 151 
9606.ENSP00000347933 9606.ENSP00000218099 0 0 0 227 0 0 150 314 
9606.ENSP00000347933 9606.ENSP00000231751 0 0 0 195 67 0 0 216 
9606.ENSP00000347933 9606.ENSP00000367747 0 0 0 0 0 0 217 217 
9606.ENSP00000347933 9606.ENSP00000310901 0 0 0 0 0 0 175 175 
9606.ENSP00000347933 9606.ENSP00000296641 0 0 0 0 165 0 0 165 
9606.ENSP00000347933 9606.ENSP00000260229 0 0 0 63 0 0 340 355 
9606.ENSP00000347933 9606.ENSP00000371211 0 0 0 227 0 0 0 227 
9606.ENSP00000347933 9606.ENSP00000470478 0 0 0 185 50 0 56 205 
9606.ENSP00000347933 9606.ENSP00000484343 0 0 0 63 129 0 49 156 
9606.ENSP00000347933 9606.ENSP00000301244 0 0 0 118 132 0 42 202 
9606.ENSP00000347933 9606.ENSP00000264690 0 0 0 189 0 0 119 254 
9606.ENSP00000347933 9606.ENSP00000262768 0 0 0 0 0 0 323 323 
9606.ENSP00000347933 9606.ENSP00000294338 0 0 0 0 0 0 197 197 
9606.ENSP00000347933 9606.ENSP00000357980 0 0 0 0 0 0 209 209 
9606.ENSP00000347933 9606.ENSP00000317272 0 0 0 61 50 0 203 227 
9606.ENSP00000347933 9606.ENSP00000444788 0 0 0 151 0 0 0 151 
9606.ENSP00000347933 9606.ENSP00000362525 0 0 0 143 0 0 50 151 
9606.ENSP00000347933 9606.ENSP00000218388 0 0 0 0 0 0 322 322 
9606.ENSP00000347933 9606.ENSP00000361413 0 0 0 64 157 0 0 177 
9606.ENSP00000347933 9606.ENSP00000415769 0 0 0 276 0 0 50 282 
9606.ENSP00000347933 9606.ENSP00000168712 0 0 0 0 0 0 167 167 
9606.ENSP00000347933 9606.ENSP00000393887 0 0 0 323 0 0 159 406 
9606.ENSP00000347933 9606.ENSP00000389843 0 0 0 169 0 0 0 169 
9606.ENSP00000347933 9606.ENSP00000250378 0 0 0 56 0 0 222 235 
9606.ENSP00000347933 9606.ENSP00000262626 0 2 0 64 0 0 175 194 
9606.ENSP00000347933 9606.ENSP00000302938 0 0 0 118 132 0 0 201 
9606.ENSP00000347933 9606.ENSP00000337451 0 0 0 0 50 0 173 180 
9606.ENSP00000347933 9606.ENSP00000336829 0 0 0 677 157 0 0 716 
9606.ENSP00000347933 9606.ENSP00000306361 0 0 0 676 157 0 287 788 
9606.ENSP00000347933 9606.ENSP00000351807 0 0 0 0 0 0 201 201 
9606.ENSP00000347933 9606.ENSP00000335024 0 0 0 88 129 0 0 171 
9606.ENSP00000347933 9606.ENSP00000351250 0 0 0 0 50 0 256 263 
9606.ENSP00000347933 9606.ENSP00000301455 0 0 0 64 157 0 0 177 
9606.ENSP00000347933 9606.ENSP00000368752 0 0 0 0 0 0 445 445 
9606.ENSP00000347933 9606.ENSP00000219070 0 0 0 63 0 0 291 307 
9606.ENSP00000347933 9606.ENSP00000407685 0 0 0 64 157 0 100 227 
9606.ENSP00000347933 9606.ENSP00000364731 0 0 0 318 0 0 67 336 
9606.ENSP00000347933 9606.ENSP00000303174 0 0 0 143 0 0 56 156 
9606.ENSP00000347933 9606.ENSP00000237014 0 0 0 273 0 0 46 276 
9606.ENSP00000347933 9606.ENSP00000314897 0 0 0 64 157 0 62 195 
9606.ENSP00000347933 9606.ENSP00000253496 0 1 0 189 0 0 185 311 
9606.ENSP00000347933 9606.ENSP00000371347 0 0 0 64 157 0 44 179 
9606.ENSP00000347933 9606.ENSP00000378957 0 0 0 64 157 0 0 177 
9606.ENSP00000347933 9606.ENSP00000296130 0 0 0 0 0 0 294 294 
9606.ENSP00000347933 9606.ENSP00000233242 0 0 0 227 50 0 488 591 
9606.ENSP00000347933 9606.ENSP00000259213 0 0 0 62 0 0 176 194 
9606.ENSP00000347933 9606.ENSP00000364709 0 0 0 162 0 0 73 189 
9606.ENSP00000347933 9606.ENSP00000418532 0 0 0 143 0 0 58 158 
9606.ENSP00000347933 9606.ENSP00000356037 0 0 0 167 0 0 189 296 
9606.ENSP00000347933 9606.ENSP00000407497 0 0 0 0 0 0 151 151 
9606.ENSP00000347933 9606.ENSP00000301420 0 2 0 61 0 0 304 318 
9606.ENSP00000347933 9606.ENSP00000264613 0 0 0 209 0 0 150 298 
9606.ENSP00000347933 9606.ENSP00000294973 0 0 0 176 0 0 49 182 
9606.ENSP00000347933 9606.ENSP00000321853 0 0 0 188 129 0 194 380 
9606.ENSP00000347933 9606.ENSP00000322788 0 0 0 63 0 0 290 306 
9606.ENSP00000347933 9606.ENSP00000342109 0 0 0 141 129 0 0 219 
9606.ENSP00000347933 9606.ENSP00000043402 0 0 0 0 99 0 116 169 
9606.ENSP00000347933 9606.ENSP00000355995 0 0 0 133 78 0 43 168 
9606.ENSP00000347933 9606.ENSP00000369050 0 0 0 141 50 0 44 151 
9606.ENSP00000347933 9606.ENSP00000466090 0 0 0 63 0 0 161 181 
9606.ENSP00000347933 9606.ENSP00000272852 0 0 0 66 124 0 50 154 
9606.ENSP00000347933 9606.ENSP00000363988 0 0 0 154 0 0 0 154 
9606.ENSP00000347933 9606.ENSP00000219479 0 0 0 167 0 0 0 167 
9606.ENSP00000347933 9606.ENSP00000373301 0 0 0 0 0 0 156 156 
9606.ENSP00000347933 9606.ENSP00000222381 0 0 0 129 0 0 126 206 
9606.ENSP00000347933 9606.ENSP00000296474 0 0 0 50 50 0 152 168 
9606.ENSP00000347933 9606.ENSP00000370522 0 0 0 61 0 0 218 235 
9606.ENSP00000347933 9606.ENSP00000477949 0 1 0 56 0 0 246 257 
9606.ENSP00000347933 9606.ENSP00000428864 0 0 0 175 52 0 0 184 
9606.ENSP00000347933 9606.ENSP00000356297 0 0 0 0 0 0 265 265 
9606.ENSP00000347933 9606.ENSP00000479636 0 0 0 0 0 0 173 173 
9606.ENSP00000347933 9606.ENSP00000450838 0 0 0 141 129 0 50 227 
9606.ENSP00000347933 9606.ENSP00000356575 0 0 0 0 0 0 167 167 
9606.ENSP00000347933 9606.ENSP00000361298 0 0 0 0 0 0 244 244 
9606.ENSP00000347933 9606.ENSP00000344458 0 0 0 229 0 0 243 391 
9606.ENSP00000347933 9606.ENSP00000466775 0 0 0 238 0 0 85 272 
9606.ENSP00000347933 9606.ENSP00000355231 0 0 0 0 0 0 282 282 
9606.ENSP00000347933 9606.ENSP00000450540 0 0 0 141 129 0 96 264 
9606.ENSP00000347933 9606.ENSP00000253109 0 0 0 64 157 0 0 177 
9606.ENSP00000347933 9606.ENSP00000275560 0 0 0 64 0 0 146 166 
9606.ENSP00000347933 9606.ENSP00000333685 0 0 0 0 53 0 179 189 
9606.ENSP00000347933 9606.ENSP00000291670 0 0 0 626 0 0 0 626 
9606.ENSP00000347933 9606.ENSP00000338532 0 0 0 0 0 0 224 224 
9606.ENSP00000347933 9606.ENSP00000306099 0 0 0 678 157 0 0 716 
9606.ENSP00000347933 9606.ENSP00000254722 0 0 0 63 129 0 227 314 
9606.ENSP00000347933 9606.ENSP00000248076 0 0 0 0 165 0 0 165 
9606.ENSP00000347933 9606.ENSP00000264497 0 0 0 0 0 0 224 224 
9606.ENSP00000347933 9606.ENSP00000265983 0 0 0 345 0 0 252 489 
9606.ENSP00000347933 9606.ENSP00000368066 0 0 0 605 0 0 0 605 
9606.ENSP00000347933 9606.ENSP00000371117 0 0 0 0 0 0 169 169 
9606.ENSP00000347933 9606.ENSP00000222286 0 0 0 0 68 0 132 156 
9606.ENSP00000347933 9606.ENSP00000287078 0 0 0 0 0 0 204 204 
9606.ENSP00000347933 9606.ENSP00000358414 0 0 0 145 58 0 51 168 
9606.ENSP00000347933 9606.ENSP00000384957 0 0 0 189 0 0 145 277 
9606.ENSP00000347933 9606.ENSP00000264717 0 0 0 141 0 0 65 162 
9606.ENSP00000347933 9606.ENSP00000416066 0 0 0 177 129 0 85 286 
9606.ENSP00000347933 9606.ENSP00000259211 0 0 0 0 0 0 175 175 
9606.ENSP00000347933 9606.ENSP00000415786 0 0 0 63 129 0 357 429 
9606.ENSP00000347933 9606.ENSP00000280258 0 0 0 0 0 0 235 235 
9606.ENSP00000347933 9606.ENSP00000260302 0 0 0 63 0 0 185 203 
9606.ENSP00000347933 9606.ENSP00000451828 0 0 0 61 50 0 136 162 
9606.ENSP00000347933 9606.ENSP00000321326 0 0 0 0 179 0 41 179 
9606.ENSP00000347933 9606.ENSP00000361755 0 0 0 118 132 0 0 201 
9606.ENSP00000347933 9606.ENSP00000351190 0 0 0 635 0 0 50 638 
9606.ENSP00000347933 9606.ENSP00000295834 0 0 0 232 0 0 0 232 
9606.ENSP00000347933 9606.ENSP00000383690 0 0 0 205 0 0 0 205 
9606.ENSP00000347933 9606.ENSP00000362513 0 0 0 143 0 0 58 158 
9606.ENSP00000347933 9606.ENSP00000269571 0 0 0 49 0 0 230 237 
9606.ENSP00000347933 9606.ENSP00000445002 0 0 0 173 0 0 0 173 
9606.ENSP00000347933 9606.ENSP00000443432 0 0 0 175 0 0 50 182 
9606.ENSP00000347933 9606.ENSP00000460971 0 0 0 0 76 0 620 633 
9606.ENSP00000347933 9606.ENSP00000376896 0 0 0 0 0 0 175 175 
9606.ENSP00000347933 9606.ENSP00000335255 0 0 0 64 157 0 0 177 
9606.ENSP00000347933 9606.ENSP00000428340 0 0 0 64 157 0 93 221 
9606.ENSP00000347933 9606.ENSP00000223642 0 0 0 127 50 0 60 152 
9606.ENSP00000347933 9606.ENSP00000348888 0 0 0 94 0 0 116 164 
9606.ENSP00000347933 9606.ENSP00000273283 0 0 0 218 0 0 168 322 
9606.ENSP00000347933 9606.ENSP00000408205 0 0 0 0 0 0 153 153 
9606.ENSP00000347933 9606.ENSP00000366015 0 0 0 64 157 0 0 177 
9606.ENSP00000347933 9606.ENSP00000305852 0 0 0 188 0 0 0 188 
9606.ENSP00000347933 9606.ENSP00000293829 0 0 0 0 0 0 167 167 
9606.ENSP00000347933 9606.ENSP00000356671 0 0 0 663 129 0 86 708 
9606.ENSP00000347933 9606.ENSP00000299367 0 0 0 142 0 0 139 230 
9606.ENSP00000347933 9606.ENSP00000347665 0 0 0 62 0 0 221 238 
9606.ENSP00000347933 9606.ENSP00000402861 0 0 0 0 0 0 227 227 
9606.ENSP00000347933 9606.ENSP00000314299 0 0 0 0 0 0 282 282 
9606.ENSP00000347933 9606.ENSP00000234816 0 0 0 64 157 0 0 177 
9606.ENSP00000347933 9606.ENSP00000478289 0 0 0 0 161 0 0 161 
9606.ENSP00000347933 9606.ENSP00000336528 0 0 0 82 0 0 127 164 
9606.ENSP00000347933 9606.ENSP00000380333 0 0 0 209 0 0 50 216 
9606.ENSP00000347933 9606.ENSP00000376024 0 0 0 0 0 0 173 173 
9606.ENSP00000347933 9606.ENSP00000261994 0 0 0 207 129 0 107 330 
9606.ENSP00000347933 9606.ENSP00000296280 0 0 0 169 0 0 0 169 
9606.ENSP00000347933 9606.ENSP00000289004 0 0 0 177 0 0 0 177 
9606.ENSP00000347933 9606.ENSP00000365081 0 0 0 641 0 0 0 641 
9606.ENSP00000347933 9606.ENSP00000402608 0 0 0 198 0 0 63 216 
9606.ENSP00000347933 9606.ENSP00000236850 0 0 0 337 0 0 121 392 
9606.ENSP00000347933 9606.ENSP00000469759 0 0 0 0 157 0 0 157 
9606.ENSP00000347933 9606.ENSP00000303208 0 0 0 86 0 0 176 214 
9606.ENSP00000347933 9606.ENSP00000269491 0 0 0 63 129 0 49 156 
9606.ENSP00000347933 9606.ENSP00000248598 0 0 0 64 157 0 127 251 
9606.ENSP00000347933 9606.ENSP00000201979 0 0 0 0 50 0 157 164 
9606.ENSP00000347933 9606.ENSP00000299022 0 0 0 188 61 0 45 208 
9606.ENSP00000347933 9606.ENSP00000370372 0 0 0 0 0 0 165 165 
9606.ENSP00000347933 9606.ENSP00000215530 0 0 0 0 0 0 167 167 
9606.ENSP00000347933 9606.ENSP00000366307 0 0 0 0 157 0 85 195 
9606.ENSP00000347933 9606.ENSP00000474135 0 0 0 0 161 0 0 161 
9606.ENSP00000347933 9606.ENSP00000414287 0 10 0 160 0 0 398 472 
9606.ENSP00000347933 9606.ENSP00000465776 0 0 0 0 0 0 327 327 
9606.ENSP00000347933 9606.ENSP00000416126 0 0 0 0 0 0 224 224 
9606.ENSP00000347933 9606.ENSP00000310241 0 0 0 114 52 0 154 227 
9606.ENSP00000347933 9606.ENSP00000483552 0 0 0 62 0 0 232 249 
9606.ENSP00000347933 9606.ENSP00000264170 0 0 0 169 0 0 0 169 
9606.ENSP00000347933 9606.ENSP00000287727 0 0 0 0 0 0 161 161 
9606.ENSP00000347933 9606.ENSP00000264705 0 0 0 142 0 0 63 161 
9606.ENSP00000347933 9606.ENSP00000401645 0 0 0 63 129 0 91 193 
9606.ENSP00000347933 9606.ENSP00000215727 0 0 0 226 129 0 58 309 
9606.ENSP00000347933 9606.ENSP00000222481 0 0 0 87 124 0 50 173 
9606.ENSP00000347933 9606.ENSP00000270879 0 0 0 64 157 0 0 177 
9606.ENSP00000347933 9606.ENSP00000011292 0 0 0 87 124 0 50 173 
9606.ENSP00000347933 9606.ENSP00000286614 0 0 0 63 0 0 324 339 
9606.ENSP00000347933 9606.ENSP00000260228 0 0 0 63 0 0 392 406 
9606.ENSP00000347933 9606.ENSP00000340988 0 0 0 0 0 0 208 208 
9606.ENSP00000347933 9606.ENSP00000337816 0 0 0 63 0 0 358 373 
9606.ENSP00000347933 9606.ENSP00000420608 0 0 0 0 0 0 242 242 
9606.ENSP00000347933 9606.ENSP00000479675 0 0 0 0 161 0 0 161 
9606.ENSP00000347933 9606.ENSP00000376793 0 0 0 141 129 0 96 264 
9606.ENSP00000347933 9606.ENSP00000362123 0 0 0 206 0 0 0 206 
9606.ENSP00000347933 9606.ENSP00000360281 0 0 0 291 0 0 50 297 
9606.ENSP00000347933 9606.ENSP00000300289 0 0 0 61 50 0 182 206 
9606.ENSP00000347933 9606.ENSP00000289968 0 0 0 0 0 0 313 313 
9606.ENSP00000347933 9606.ENSP00000358525 0 0 0 0 102 0 186 237 
9606.ENSP00000347933 9606.ENSP00000319412 0 0 0 0 0 0 215 215 
9606.ENSP00000347933 9606.ENSP00000430620 0 0 0 209 0 0 131 283 
9606.ENSP00000347933 9606.ENSP00000226218 0 0 0 251 0 0 139 327 
9606.ENSP00000347933 9606.ENSP00000236826 0 0 0 63 0 0 227 244 
9606.ENSP00000347933 9606.ENSP00000309968 0 0 0 0 0 0 221 221 
9606.ENSP00000347933 9606.ENSP00000265029 0 0 0 635 0 0 50 638 
9606.ENSP00000347933 9606.ENSP00000181383 0 0 0 308 124 0 430 624 
9606.ENSP00000347933 9606.ENSP00000227667 0 0 0 224 0 0 85 259 
9606.ENSP00000347933 9606.ENSP00000283752 0 0 0 63 129 0 49 156 
9606.ENSP00000347933 9606.ENSP00000417222 0 0 0 87 124 0 77 197 
9606.ENSP00000347933 9606.ENSP00000433138 0 0 0 0 56 0 227 239 
9606.ENSP00000347933 9606.ENSP00000299314 0 0 0 0 0 0 155 155 
9606.ENSP00000347933 9606.ENSP00000363079 0 0 0 192 0 0 0 192 
9606.ENSP00000347933 9606.ENSP00000386992 0 0 0 0 0 0 213 213 
9606.ENSP00000347933 9606.ENSP00000355988 0 0 0 0 0 0 153 153 
9606.ENSP00000347933 9606.ENSP00000378130 0 0 0 193 0 0 90 234 
9606.ENSP00000347933 9606.ENSP00000421801 0 0 0 189 0 0 145 277 
9606.ENSP00000347933 9606.ENSP00000263408 0 0 0 665 80 0 86 693 
9606.ENSP00000347933 9606.ENSP00000419027 0 0 0 0 0 0 167 167 
9606.ENSP00000347933 9606.ENSP00000362549 0 0 0 143 0 0 50 151 
9606.ENSP00000347933 9606.ENSP00000255040 0 0 0 167 0 0 0 167 
9606.ENSP00000347933 9606.ENSP00000300061 0 0 0 53 0 0 248 257 
9606.ENSP00000347933 9606.ENSP00000362508 0 0 0 143 0 0 58 158 
9606.ENSP00000347933 9606.ENSP00000285116 0 0 0 0 0 0 204 204 
9606.ENSP00000347933 9606.ENSP00000355517 0 0 0 174 0 0 60 190 
9606.ENSP00000347933 9606.ENSP00000360170 0 0 0 227 157 0 0 320 
9606.ENSP00000347933 9606.ENSP00000452347 0 0 0 251 0 0 135 324 
9606.ENSP00000347933 9606.ENSP00000278742 0 0 0 56 0 0 191 204 
9606.ENSP00000347933 9606.ENSP00000321797 0 0 0 0 0 0 154 154 
9606.ENSP00000347933 9606.ENSP00000361746 0 0 0 118 132 0 0 201 
9606.ENSP00000347933 9606.ENSP00000348234 0 0 0 250 0 0 75 276 
9606.ENSP00000347933 9606.ENSP00000313699 0 0 0 209 0 0 131 283 
9606.ENSP00000347933 9606.ENSP00000364902 0 0 0 0 159 0 0 159 
9606.ENSP00000347933 9606.ENSP00000002165 0 0 0 0 0 0 753 753 
9606.ENSP00000347933 9606.ENSP00000299855 0 0 0 63 0 0 301 317 
9606.ENSP00000347933 9606.ENSP00000388631 0 0 0 0 0 0 173 173 
9606.ENSP00000347933 9606.ENSP00000343838 0 0 0 143 0 0 50 151 
9606.ENSP00000347933 9606.ENSP00000361405 0 0 0 63 0 0 414 428 
9606.ENSP00000347933 9606.ENSP00000297290 0 0 0 0 0 0 163 163 
9606.ENSP00000347933 9606.ENSP00000300026 0 0 0 49 64 0 128 156 
9606.ENSP00000347933 9606.ENSP00000482457 0 0 0 0 0 0 167 167 
9606.ENSP00000347933 9606.ENSP00000260227 0 0 0 63 0 0 430 443 
9606.ENSP00000347933 9606.ENSP00000346839 0 0 0 0 0 0 398 398 
9606.ENSP00000347933 9606.ENSP00000246186 0 0 0 63 0 0 386 401 
9606.ENSP00000347933 9606.ENSP00000420826 0 0 0 0 0 0 710 710 
9606.ENSP00000347933 9606.ENSP00000356399 0 0 0 226 0 0 238 385 
9606.ENSP00000347933 9606.ENSP00000380440 0 0 0 0 0 0 153 153 
9606.ENSP00000347933 9606.ENSP00000265769 0 0 0 63 0 0 159 178 
9606.ENSP00000347933 9606.ENSP00000370115 0 0 0 63 129 0 49 156 
9606.ENSP00000347933 9606.ENSP00000411152 0 0 0 0 0 0 309 309 
9606.ENSP00000347933 9606.ENSP00000380365 0 0 0 147 73 0 0 175 
