9606.ENSP00000259939 9606.ENSP00000380178 0 0 0 63 225 900 64 923 
9606.ENSP00000259939 9606.ENSP00000478474 0 0 0 62 0 900 43 902 
9606.ENSP00000259939 9606.ENSP00000381549 0 0 0 0 0 0 171 171 
9606.ENSP00000259939 9606.ENSP00000327599 0 0 0 0 0 0 157 157 
9606.ENSP00000259939 9606.ENSP00000369217 0 0 0 0 0 0 194 194 
9606.ENSP00000259939 9606.ENSP00000281708 0 0 0 0 0 900 150 911 
9606.ENSP00000259939 9606.ENSP00000263925 0 0 0 61 79 900 0 905 
9606.ENSP00000259939 9606.ENSP00000265094 0 0 0 61 0 900 73 905 
9606.ENSP00000259939 9606.ENSP00000445508 0 0 0 0 0 0 314 314 
9606.ENSP00000259939 9606.ENSP00000318480 0 0 0 61 0 0 184 201 
9606.ENSP00000259939 9606.ENSP00000371805 0 0 0 61 0 900 0 902 
9606.ENSP00000259939 9606.ENSP00000284551 0 0 0 0 85 900 0 904 
9606.ENSP00000259939 9606.ENSP00000354571 0 0 0 0 0 0 264 264 
9606.ENSP00000259939 9606.ENSP00000426503 0 0 0 63 0 900 43 902 
9606.ENSP00000259939 9606.ENSP00000350331 0 0 0 0 50 900 0 900 
9606.ENSP00000259939 9606.ENSP00000401878 0 0 0 61 0 900 0 902 
9606.ENSP00000259939 9606.ENSP00000323348 0 0 0 55 0 900 0 901 
9606.ENSP00000259939 9606.ENSP00000340648 0 0 0 62 0 900 332 931 
9606.ENSP00000259939 9606.ENSP00000349298 0 0 0 61 0 900 44 902 
9606.ENSP00000259939 9606.ENSP00000360025 0 0 0 0 0 0 169 169 
9606.ENSP00000259939 9606.ENSP00000362555 0 0 0 0 0 900 302 927 
9606.ENSP00000259939 9606.ENSP00000331682 0 0 0 61 0 900 0 902 
9606.ENSP00000259939 9606.ENSP00000264350 0 0 0 56 0 900 50 902 
9606.ENSP00000259939 9606.ENSP00000264157 0 0 0 62 185 0 0 202 
9606.ENSP00000259939 9606.ENSP00000421557 0 0 0 0 0 0 248 248 
9606.ENSP00000259939 9606.ENSP00000346240 0 0 0 0 0 900 44 900 
9606.ENSP00000259939 9606.ENSP00000353794 0 0 0 62 0 900 0 902 
9606.ENSP00000259939 9606.ENSP00000304670 0 0 0 61 0 0 609 617 
9606.ENSP00000259939 9606.ENSP00000369855 0 0 0 0 50 900 0 900 
9606.ENSP00000259939 9606.ENSP00000295797 0 0 0 61 157 0 0 174 
9606.ENSP00000259939 9606.ENSP00000422607 0 0 0 76 0 0 128 159 
9606.ENSP00000259939 9606.ENSP00000395835 0 0 0 0 0 0 384 384 
9606.ENSP00000259939 9606.ENSP00000427793 0 0 0 61 0 900 77 905 
9606.ENSP00000259939 9606.ENSP00000383611 0 0 0 62 137 0 0 155 
9606.ENSP00000259939 9606.ENSP00000435412 0 0 0 63 0 0 132 151 
9606.ENSP00000259939 9606.ENSP00000428205 0 0 0 0 0 900 55 901 
9606.ENSP00000259939 9606.ENSP00000307786 0 0 0 81 294 0 73 346 
9606.ENSP00000259939 9606.ENSP00000361245 0 0 0 62 0 900 49 903 
9606.ENSP00000259939 9606.ENSP00000374552 0 0 0 0 157 0 776 803 
9606.ENSP00000259939 9606.ENSP00000348714 0 0 0 62 0 900 236 922 
9606.ENSP00000259939 9606.ENSP00000420714 0 0 0 0 0 0 171 171 
9606.ENSP00000259939 9606.ENSP00000339109 0 0 0 0 0 900 0 900 
9606.ENSP00000259939 9606.ENSP00000345195 0 0 0 0 161 0 0 161 
9606.ENSP00000259939 9606.ENSP00000349722 0 0 0 56 225 900 128 927 
9606.ENSP00000259939 9606.ENSP00000380746 0 0 0 62 0 900 0 902 
9606.ENSP00000259939 9606.ENSP00000347188 0 0 0 0 0 900 0 900 
9606.ENSP00000259939 9606.ENSP00000480439 0 0 0 61 0 0 137 155 
9606.ENSP00000259939 9606.ENSP00000460348 0 0 0 49 0 0 173 179 
9606.ENSP00000259939 9606.ENSP00000311609 0 0 0 51 0 900 0 901 
9606.ENSP00000259939 9606.ENSP00000316357 0 0 0 63 0 0 283 300 
9606.ENSP00000259939 9606.ENSP00000369666 0 0 0 63 0 900 0 902 
9606.ENSP00000259939 9606.ENSP00000344489 0 0 0 0 0 0 240 240 
9606.ENSP00000259939 9606.ENSP00000257575 0 0 0 61 0 0 603 611 
9606.ENSP00000259939 9606.ENSP00000263674 0 0 0 0 0 0 167 167 
9606.ENSP00000259939 9606.ENSP00000403802 0 0 0 0 0 900 50 900 
9606.ENSP00000259939 9606.ENSP00000350708 0 0 0 0 161 0 0 161 
9606.ENSP00000259939 9606.ENSP00000296525 0 0 0 0 50 900 0 900 
9606.ENSP00000259939 9606.ENSP00000216297 0 0 0 64 0 0 202 221 
9606.ENSP00000259939 9606.ENSP00000467024 0 0 0 0 161 0 0 161 
9606.ENSP00000259939 9606.ENSP00000374292 0 0 0 0 0 0 361 361 
9606.ENSP00000259939 9606.ENSP00000348565 0 0 0 50 0 900 56 902 
9606.ENSP00000259939 9606.ENSP00000277458 0 0 0 0 50 900 0 900 
9606.ENSP00000259939 9606.ENSP00000290167 0 0 0 0 0 0 192 192 
9606.ENSP00000259939 9606.ENSP00000369786 0 0 0 52 0 0 373 380 
9606.ENSP00000259939 9606.ENSP00000361990 0 0 0 63 0 900 66 904 
9606.ENSP00000259939 9606.ENSP00000410083 0 0 0 0 0 0 186 186 
9606.ENSP00000259939 9606.ENSP00000302274 0 0 0 0 0 0 257 257 
9606.ENSP00000259939 9606.ENSP00000385570 0 0 0 63 0 0 663 670 
9606.ENSP00000259939 9606.ENSP00000357292 0 0 0 0 161 0 0 161 
9606.ENSP00000259939 9606.ENSP00000313995 0 0 0 0 0 0 328 328 
9606.ENSP00000259939 9606.ENSP00000451575 0 0 0 61 50 900 0 903 
9606.ENSP00000259939 9606.ENSP00000376808 0 0 0 62 0 900 0 902 
9606.ENSP00000259939 9606.ENSP00000340305 0 0 0 0 0 900 0 900 
9606.ENSP00000259939 9606.ENSP00000262133 0 0 0 61 0 0 146 164 
9606.ENSP00000259939 9606.ENSP00000237455 0 0 0 0 0 0 297 297 
9606.ENSP00000259939 9606.ENSP00000388723 0 0 0 62 0 900 0 902 
9606.ENSP00000259939 9606.ENSP00000269305 0 0 0 0 67 0 297 316 
9606.ENSP00000259939 9606.ENSP00000328203 0 0 0 61 0 900 58 903 
9606.ENSP00000259939 9606.ENSP00000403067 0 0 0 0 0 0 362 362 
9606.ENSP00000259939 9606.ENSP00000419124 0 0 0 0 0 0 161 161 
9606.ENSP00000259939 9606.ENSP00000400365 0 0 0 0 0 0 249 249 
9606.ENSP00000259939 9606.ENSP00000307833 0 0 0 0 0 900 0 900 
9606.ENSP00000259939 9606.ENSP00000262384 0 0 0 57 0 0 399 409 
9606.ENSP00000259939 9606.ENSP00000351813 0 0 0 63 0 0 654 662 
9606.ENSP00000259939 9606.ENSP00000358674 0 0 0 0 161 0 0 161 
9606.ENSP00000259939 9606.ENSP00000418397 0 0 0 50 0 0 250 257 
9606.ENSP00000259939 9606.ENSP00000037243 0 0 0 61 261 0 55 286 
9606.ENSP00000259939 9606.ENSP00000376269 0 0 0 0 0 0 225 225 
9606.ENSP00000259939 9606.ENSP00000426103 0 0 0 0 50 900 0 900 
9606.ENSP00000259939 9606.ENSP00000354080 0 0 0 0 0 0 183 183 
9606.ENSP00000259939 9606.ENSP00000386532 0 0 0 0 50 900 0 900 
9606.ENSP00000259939 9606.ENSP00000366487 0 0 0 61 0 0 188 205 
9606.ENSP00000259939 9606.ENSP00000375836 0 0 0 0 0 0 164 164 
9606.ENSP00000259939 9606.ENSP00000368547 0 0 0 61 0 0 249 265 
9606.ENSP00000259939 9606.ENSP00000324277 0 0 0 0 0 0 188 188 
9606.ENSP00000259939 9606.ENSP00000480499 0 0 0 61 0 900 240 922 
9606.ENSP00000259939 9606.ENSP00000371532 0 0 0 0 0 0 177 177 
9606.ENSP00000259939 9606.ENSP00000376910 0 0 0 61 0 0 286 301 
9606.ENSP00000259939 9606.ENSP00000355958 0 0 0 0 0 0 169 169 
9606.ENSP00000259939 9606.ENSP00000322804 0 0 0 0 0 0 294 294 
9606.ENSP00000259939 9606.ENSP00000295926 0 0 0 62 137 0 0 155 
9606.ENSP00000259939 9606.ENSP00000367830 0 0 0 61 157 0 0 174 
9606.ENSP00000259939 9606.ENSP00000355865 0 0 0 63 0 900 178 916 
9606.ENSP00000259939 9606.ENSP00000335091 0 0 0 0 0 900 328 929 
9606.ENSP00000259939 9606.ENSP00000284440 0 0 0 0 85 0 128 168 
9606.ENSP00000259939 9606.ENSP00000363921 0 0 0 0 66 0 326 343 
9606.ENSP00000259939 9606.ENSP00000260385 0 0 0 55 0 0 167 179 
9606.ENSP00000259939 9606.ENSP00000315112 0 0 0 0 157 0 143 247 
9606.ENSP00000259939 9606.ENSP00000363322 0 0 0 0 0 900 57 901 
9606.ENSP00000259939 9606.ENSP00000317872 0 0 0 61 0 900 203 918 
9606.ENSP00000259939 9606.ENSP00000331211 0 0 0 0 0 0 685 685 
9606.ENSP00000259939 9606.ENSP00000262794 0 0 0 49 0 0 190 196 
9606.ENSP00000259939 9606.ENSP00000365961 0 0 0 0 0 900 0 900 
9606.ENSP00000259939 9606.ENSP00000368699 0 0 0 0 161 0 74 189 
9606.ENSP00000259939 9606.ENSP00000255977 0 0 0 0 0 900 167 913 
9606.ENSP00000259939 9606.ENSP00000401023 0 0 0 77 0 900 50 904 
9606.ENSP00000259939 9606.ENSP00000428982 0 0 0 62 137 0 0 155 
9606.ENSP00000259939 9606.ENSP00000363970 0 0 0 61 261 0 55 286 
9606.ENSP00000259939 9606.ENSP00000347548 0 0 0 0 0 900 0 900 
9606.ENSP00000259939 9606.ENSP00000301656 0 0 0 62 0 0 222 239 
9606.ENSP00000259939 9606.ENSP00000264072 0 0 0 0 0 0 374 374 
9606.ENSP00000259939 9606.ENSP00000260187 0 0 0 0 117 0 151 218 
9606.ENSP00000259939 9606.ENSP00000251810 0 0 0 63 0 0 172 190 
9606.ENSP00000259939 9606.ENSP00000383719 0 0 0 0 0 900 0 900 
9606.ENSP00000259939 9606.ENSP00000339484 0 0 0 62 161 0 0 179 
9606.ENSP00000259939 9606.ENSP00000347997 0 0 0 0 161 0 0 161 
9606.ENSP00000259939 9606.ENSP00000244061 0 0 0 61 0 900 50 903 
9606.ENSP00000259939 9606.ENSP00000261819 0 0 0 61 0 900 0 902 
9606.ENSP00000259939 9606.ENSP00000354775 0 0 0 0 0 900 62 902 
9606.ENSP00000259939 9606.ENSP00000273450 0 0 0 0 0 0 287 287 
9606.ENSP00000259939 9606.ENSP00000385610 0 0 0 62 0 900 47 902 
9606.ENSP00000259939 9606.ENSP00000168216 0 0 0 0 0 0 467 467 
9606.ENSP00000259939 9606.ENSP00000373272 0 0 0 0 85 900 0 904 
9606.ENSP00000259939 9606.ENSP00000415203 0 0 0 77 0 0 186 216 
9606.ENSP00000259939 9606.ENSP00000381717 0 0 0 56 225 900 130 927 
9606.ENSP00000259939 9606.ENSP00000384849 0 0 0 0 379 0 171 463 
9606.ENSP00000259939 9606.ENSP00000304697 0 0 0 0 161 900 0 912 
9606.ENSP00000259939 9606.ENSP00000348216 0 0 0 0 85 900 0 904 
9606.ENSP00000259939 9606.ENSP00000428646 0 0 0 49 0 900 0 900 
9606.ENSP00000259939 9606.ENSP00000281623 0 0 0 0 0 900 0 900 
9606.ENSP00000259939 9606.ENSP00000353549 0 0 0 62 0 900 0 902 
9606.ENSP00000259939 9606.ENSP00000425840 0 0 0 0 0 0 280 280 
9606.ENSP00000259939 9606.ENSP00000453872 0 0 0 0 0 900 62 902 
9606.ENSP00000259939 9606.ENSP00000311219 0 0 0 0 85 0 443 468 
9606.ENSP00000259939 9606.ENSP00000261609 0 0 0 49 0 900 48 901 
9606.ENSP00000259939 9606.ENSP00000266458 0 0 0 61 261 0 55 286 
9606.ENSP00000259939 9606.ENSP00000367545 0 0 0 0 379 0 251 515 
9606.ENSP00000259939 9606.ENSP00000267812 0 0 0 49 0 0 170 177 
9606.ENSP00000259939 9606.ENSP00000330247 0 0 0 0 0 0 152 152 
9606.ENSP00000259939 9606.ENSP00000282369 0 0 0 0 85 900 0 904 
9606.ENSP00000259939 9606.ENSP00000356243 0 0 0 56 264 0 57 288 
9606.ENSP00000259939 9606.ENSP00000378152 0 0 0 65 0 0 163 184 
9606.ENSP00000259939 9606.ENSP00000372394 0 0 0 0 0 0 565 565 
9606.ENSP00000259939 9606.ENSP00000353401 0 0 0 0 169 0 0 169 
9606.ENSP00000259939 9606.ENSP00000350024 0 0 0 50 0 0 156 164 
9606.ENSP00000259939 9606.ENSP00000326804 0 0 0 62 0 900 0 902 
9606.ENSP00000259939 9606.ENSP00000257548 0 0 0 61 0 0 531 541 
9606.ENSP00000259939 9606.ENSP00000343001 0 0 0 64 0 0 187 206 
9606.ENSP00000259939 9606.ENSP00000326119 0 0 0 0 0 0 205 205 
9606.ENSP00000259939 9606.ENSP00000302961 0 0 0 52 0 0 167 176 
9606.ENSP00000259939 9606.ENSP00000369531 0 0 0 0 161 0 0 161 
9606.ENSP00000259939 9606.ENSP00000357086 0 0 0 0 0 0 258 258 
9606.ENSP00000259939 9606.ENSP00000288774 0 0 0 49 0 0 201 207 
9606.ENSP00000259939 9606.ENSP00000356475 0 0 0 62 0 0 313 328 
9606.ENSP00000259939 9606.ENSP00000275532 0 0 0 0 0 900 0 900 
9606.ENSP00000259939 9606.ENSP00000013125 0 0 0 62 0 0 147 165 
9606.ENSP00000259939 9606.ENSP00000418070 0 0 0 0 0 0 312 312 
9606.ENSP00000259939 9606.ENSP00000263228 0 0 0 63 225 900 57 922 
9606.ENSP00000259939 9606.ENSP00000260363 0 0 0 64 133 0 0 153 
9606.ENSP00000259939 9606.ENSP00000424198 0 0 0 61 0 900 0 902 
9606.ENSP00000259939 9606.ENSP00000318687 0 0 0 52 0 0 498 504 
9606.ENSP00000259939 9606.ENSP00000476369 0 0 0 61 0 900 0 902 
9606.ENSP00000259939 9606.ENSP00000354201 0 0 0 56 267 900 57 926 
9606.ENSP00000259939 9606.ENSP00000368797 0 0 0 0 0 900 0 900 
9606.ENSP00000259939 9606.ENSP00000358363 0 0 0 0 0 0 172 172 
9606.ENSP00000259939 9606.ENSP00000355014 0 0 0 0 0 900 62 902 
9606.ENSP00000259939 9606.ENSP00000306328 0 0 0 62 0 0 165 184 
9606.ENSP00000259939 9606.ENSP00000366395 0 0 0 61 0 0 131 150 
9606.ENSP00000259939 9606.ENSP00000354621 0 0 0 62 0 900 50 903 
9606.ENSP00000259939 9606.ENSP00000478501 0 0 0 0 0 900 51 901 
9606.ENSP00000259939 9606.ENSP00000362942 0 0 0 52 0 0 212 221 
9606.ENSP00000259939 9606.ENSP00000450524 0 0 0 61 261 0 55 286 
9606.ENSP00000259939 9606.ENSP00000256897 0 0 0 82 137 0 0 173 
9606.ENSP00000259939 9606.ENSP00000358022 0 0 0 0 0 0 150 150 
9606.ENSP00000259939 9606.ENSP00000421592 0 0 0 0 181 0 0 181 
9606.ENSP00000259939 9606.ENSP00000378529 0 0 0 61 0 900 43 902 
9606.ENSP00000259939 9606.ENSP00000274137 0 0 0 0 0 0 490 490 
9606.ENSP00000259939 9606.ENSP00000435370 0 0 0 0 161 0 0 161 
9606.ENSP00000259939 9606.ENSP00000343847 0 0 0 0 0 0 480 480 
9606.ENSP00000259939 9606.ENSP00000260947 0 0 0 0 50 0 145 153 
9606.ENSP00000259939 9606.ENSP00000423897 0 0 0 61 0 900 0 902 
9606.ENSP00000259939 9606.ENSP00000477792 0 0 0 0 0 900 0 900 
9606.ENSP00000259939 9606.ENSP00000318944 0 0 0 60 50 900 43 903 
9606.ENSP00000259939 9606.ENSP00000359829 0 0 0 0 0 0 271 271 
9606.ENSP00000259939 9606.ENSP00000327994 0 0 0 0 85 900 0 904 
9606.ENSP00000259939 9606.ENSP00000358247 0 0 0 81 0 900 205 920 
9606.ENSP00000259939 9606.ENSP00000375683 0 0 0 0 0 0 351 351 
9606.ENSP00000259939 9606.ENSP00000262294 0 0 0 0 85 900 0 904 
9606.ENSP00000259939 9606.ENSP00000339850 0 0 0 62 0 0 185 202 
9606.ENSP00000259939 9606.ENSP00000400906 0 0 0 61 592 0 596 832 
9606.ENSP00000259939 9606.ENSP00000457703 0 0 0 0 161 0 0 161 
9606.ENSP00000259939 9606.ENSP00000478645 0 0 0 63 0 0 384 398 
9606.ENSP00000259939 9606.ENSP00000272317 0 0 0 0 161 900 0 912 
9606.ENSP00000259939 9606.ENSP00000379412 0 0 0 49 0 0 211 218 
9606.ENSP00000259939 9606.ENSP00000431482 0 0 0 0 161 0 0 161 
9606.ENSP00000259939 9606.ENSP00000481038 0 0 0 62 0 0 188 205 
9606.ENSP00000259939 9606.ENSP00000293288 0 0 0 0 294 0 0 294 
9606.ENSP00000259939 9606.ENSP00000296464 0 0 0 52 0 0 167 176 
9606.ENSP00000259939 9606.ENSP00000296980 0 0 0 0 0 0 153 153 
9606.ENSP00000259939 9606.ENSP00000458977 0 0 0 65 0 0 145 166 
9606.ENSP00000259939 9606.ENSP00000392105 0 0 0 0 0 0 259 259 
9606.ENSP00000259939 9606.ENSP00000342755 0 0 0 60 50 900 46 903 
9606.ENSP00000259939 9606.ENSP00000322273 0 0 0 0 0 0 381 381 
9606.ENSP00000259939 9606.ENSP00000216225 0 0 0 0 77 900 42 903 
9606.ENSP00000259939 9606.ENSP00000359385 0 0 0 0 0 900 42 900 
9606.ENSP00000259939 9606.ENSP00000330221 0 0 0 51 0 900 0 901 
9606.ENSP00000259939 9606.ENSP00000356953 0 0 0 64 0 0 179 199 
9606.ENSP00000259939 9606.ENSP00000262394 0 0 0 0 63 900 50 903 
9606.ENSP00000259939 9606.ENSP00000259030 0 0 0 0 0 0 162 162 
9606.ENSP00000259939 9606.ENSP00000222033 0 0 0 0 0 0 278 278 
9606.ENSP00000259939 9606.ENSP00000222402 0 0 0 56 225 900 57 921 
9606.ENSP00000259939 9606.ENSP00000351618 0 0 0 0 66 0 316 333 
9606.ENSP00000259939 9606.ENSP00000426654 0 0 0 0 0 900 58 901 
9606.ENSP00000259939 9606.ENSP00000264122 0 0 0 61 0 900 0 902 
9606.ENSP00000259939 9606.ENSP00000362330 0 0 0 62 0 0 183 201 
9606.ENSP00000259939 9606.ENSP00000348838 0 0 0 56 225 900 85 924 
9606.ENSP00000259939 9606.ENSP00000378624 0 0 0 62 0 900 50 903 
9606.ENSP00000259939 9606.ENSP00000464087 0 0 0 61 0 900 86 906 
9606.ENSP00000259939 9606.ENSP00000247977 0 0 0 62 0 900 147 913 
9606.ENSP00000259939 9606.ENSP00000424328 0 0 0 0 0 0 171 171 
9606.ENSP00000259939 9606.ENSP00000300184 0 0 0 151 0 0 0 151 
9606.ENSP00000259939 9606.ENSP00000312397 0 0 0 61 0 900 0 902 
9606.ENSP00000259939 9606.ENSP00000360613 0 0 0 56 225 900 57 921 
9606.ENSP00000259939 9606.ENSP00000216420 0 0 0 0 0 0 255 255 
9606.ENSP00000259939 9606.ENSP00000321927 0 0 0 62 0 900 0 902 
9606.ENSP00000259939 9606.ENSP00000323687 0 0 0 56 225 900 57 921 
9606.ENSP00000259939 9606.ENSP00000293414 0 0 0 0 50 900 0 900 
9606.ENSP00000259939 9606.ENSP00000364013 0 0 0 0 0 0 186 186 
9606.ENSP00000259939 9606.ENSP00000402949 0 0 0 62 185 0 0 202 
9606.ENSP00000259939 9606.ENSP00000428968 0 0 0 0 0 900 314 928 
9606.ENSP00000259939 9606.ENSP00000369299 0 0 0 102 85 0 104 199 
9606.ENSP00000259939 9606.ENSP00000379228 0 0 0 61 0 0 331 345 
9606.ENSP00000259939 9606.ENSP00000394394 0 0 0 61 0 900 0 902 
9606.ENSP00000259939 9606.ENSP00000283141 0 0 0 0 0 0 213 213 
9606.ENSP00000259939 9606.ENSP00000344424 0 0 0 104 0 0 272 320 
9606.ENSP00000259939 9606.ENSP00000429931 0 0 0 0 0 0 165 165 
9606.ENSP00000259939 9606.ENSP00000313454 0 0 0 61 0 900 98 907 
9606.ENSP00000259939 9606.ENSP00000378356 0 0 0 64 133 0 0 153 
9606.ENSP00000259939 9606.ENSP00000272444 0 0 0 0 0 0 788 788 
9606.ENSP00000259939 9606.ENSP00000376007 0 0 0 63 0 0 195 213 
9606.ENSP00000259939 9606.ENSP00000330341 0 0 0 0 0 900 0 900 
9606.ENSP00000259939 9606.ENSP00000284274 0 0 0 0 0 0 303 303 
9606.ENSP00000259939 9606.ENSP00000344855 0 0 0 62 0 900 0 902 
9606.ENSP00000259939 9606.ENSP00000370671 0 0 0 62 0 900 0 902 
9606.ENSP00000259939 9606.ENSP00000252050 0 0 0 0 0 0 323 323 
9606.ENSP00000259939 9606.ENSP00000403293 0 0 0 0 0 0 213 213 
9606.ENSP00000259939 9606.ENSP00000419485 0 0 0 0 0 0 170 170 
9606.ENSP00000259939 9606.ENSP00000443191 0 0 0 61 0 900 0 902 
9606.ENSP00000259939 9606.ENSP00000231137 0 0 0 0 0 0 244 244 
9606.ENSP00000259939 9606.ENSP00000322457 0 0 0 61 0 900 50 903 
9606.ENSP00000259939 9606.ENSP00000398105 0 0 0 0 0 0 154 154 
9606.ENSP00000259939 9606.ENSP00000356985 0 0 0 0 0 0 163 163 
9606.ENSP00000259939 9606.ENSP00000405424 0 0 0 0 0 0 443 443 
9606.ENSP00000259939 9606.ENSP00000397453 0 0 0 62 225 900 57 922 
9606.ENSP00000259939 9606.ENSP00000323435 0 0 0 53 0 0 262 271 
9606.ENSP00000259939 9606.ENSP00000370223 0 0 0 61 0 0 577 586 
9606.ENSP00000259939 9606.ENSP00000438788 0 0 0 63 85 900 0 906 
9606.ENSP00000259939 9606.ENSP00000359206 0 0 0 61 0 900 57 903 
9606.ENSP00000259939 9606.ENSP00000397157 0 0 0 61 0 0 504 514 
9606.ENSP00000259939 9606.ENSP00000296161 0 0 0 60 0 900 0 901 
9606.ENSP00000259939 9606.ENSP00000478121 0 0 0 0 0 900 0 900 
9606.ENSP00000259939 9606.ENSP00000303709 0 0 0 56 225 900 57 921 
9606.ENSP00000259939 9606.ENSP00000430237 0 0 0 61 0 900 554 954 
9606.ENSP00000259939 9606.ENSP00000444645 0 0 0 62 0 0 490 501 
9606.ENSP00000259939 9606.ENSP00000350032 0 0 0 0 0 0 482 482 
9606.ENSP00000259939 9606.ENSP00000360116 0 0 0 56 267 900 57 926 
9606.ENSP00000259939 9606.ENSP00000463650 0 0 0 0 0 900 62 902 
9606.ENSP00000259939 9606.ENSP00000215574 0 0 0 63 225 900 100 925 
9606.ENSP00000259939 9606.ENSP00000256925 0 0 0 61 0 0 160 177 
9606.ENSP00000259939 9606.ENSP00000428209 0 0 0 0 0 900 0 900 
9606.ENSP00000259939 9606.ENSP00000261402 0 0 0 0 0 0 284 284 
9606.ENSP00000259939 9606.ENSP00000473381 0 0 0 0 0 0 224 224 
9606.ENSP00000259939 9606.ENSP00000320893 0 0 0 0 50 900 0 900 
9606.ENSP00000259939 9606.ENSP00000328059 0 0 0 0 0 900 62 902 
9606.ENSP00000259939 9606.ENSP00000367972 0 0 0 0 0 0 153 153 
9606.ENSP00000259939 9606.ENSP00000366819 0 0 0 0 85 0 128 168 
9606.ENSP00000259939 9606.ENSP00000374529 0 0 0 62 185 0 0 202 
9606.ENSP00000259939 9606.ENSP00000323879 0 0 0 0 0 900 284 925 
9606.ENSP00000259939 9606.ENSP00000260843 0 0 0 0 0 0 418 418 
9606.ENSP00000259939 9606.ENSP00000363616 0 0 0 62 0 0 172 190 
9606.ENSP00000259939 9606.ENSP00000441543 0 0 0 0 405 900 0 937 
9606.ENSP00000259939 9606.ENSP00000373752 0 0 0 64 0 0 290 307 
9606.ENSP00000259939 9606.ENSP00000359149 0 0 0 57 0 900 0 901 
9606.ENSP00000259939 9606.ENSP00000310686 0 0 0 0 0 900 0 900 
9606.ENSP00000259939 9606.ENSP00000269919 0 0 0 0 0 0 230 230 
9606.ENSP00000259939 9606.ENSP00000263795 0 0 0 0 0 0 292 292 
9606.ENSP00000259939 9606.ENSP00000408292 0 0 0 0 85 900 94 909 
9606.ENSP00000259939 9606.ENSP00000387292 0 0 0 57 0 0 679 685 
9606.ENSP00000259939 9606.ENSP00000292211 0 0 0 0 0 900 0 900 
9606.ENSP00000259939 9606.ENSP00000262752 0 0 0 63 0 0 427 440 
9606.ENSP00000259939 9606.ENSP00000338348 0 0 0 0 0 900 50 900 
9606.ENSP00000259939 9606.ENSP00000363976 0 0 0 0 0 0 349 349 
9606.ENSP00000259939 9606.ENSP00000273480 0 0 0 0 77 900 0 903 
9606.ENSP00000259939 9606.ENSP00000265742 0 0 0 0 0 0 328 328 
9606.ENSP00000259939 9606.ENSP00000328484 0 0 0 0 0 0 237 237 
9606.ENSP00000259939 9606.ENSP00000328187 0 0 0 0 0 900 0 900 
9606.ENSP00000259939 9606.ENSP00000310861 0 0 0 61 0 0 140 158 
9606.ENSP00000259939 9606.ENSP00000346437 0 0 0 62 0 900 56 903 
9606.ENSP00000259939 9606.ENSP00000310332 0 0 0 51 0 0 430 436 
9606.ENSP00000259939 9606.ENSP00000244426 0 0 0 64 0 900 0 902 
9606.ENSP00000259939 9606.ENSP00000371000 0 0 0 0 0 900 62 902 
9606.ENSP00000259939 9606.ENSP00000420465 0 0 0 0 85 900 287 929 
9606.ENSP00000259939 9606.ENSP00000373696 0 0 0 61 0 900 249 923 
9606.ENSP00000259939 9606.ENSP00000393596 0 0 0 63 263 0 57 291 
9606.ENSP00000259939 9606.ENSP00000316628 0 0 0 0 85 0 305 337 
9606.ENSP00000259939 9606.ENSP00000393154 0 0 0 0 0 900 0 900 
9606.ENSP00000259939 9606.ENSP00000347834 0 0 0 62 0 900 0 902 
9606.ENSP00000259939 9606.ENSP00000441410 0 0 0 0 50 0 145 153 
9606.ENSP00000259939 9606.ENSP00000363390 0 0 0 0 85 900 0 904 
9606.ENSP00000259939 9606.ENSP00000361540 0 0 0 61 0 900 82 906 
9606.ENSP00000259939 9606.ENSP00000359925 0 0 0 0 0 0 239 239 
9606.ENSP00000259939 9606.ENSP00000261726 0 0 0 0 169 0 0 169 
9606.ENSP00000259939 9606.ENSP00000343657 0 0 0 0 0 0 163 163 
9606.ENSP00000259939 9606.ENSP00000258200 0 0 0 0 0 900 0 900 
9606.ENSP00000259939 9606.ENSP00000485133 0 0 0 61 371 0 596 741 
9606.ENSP00000259939 9606.ENSP00000320508 0 0 0 56 0 0 530 537 
9606.ENSP00000259939 9606.ENSP00000290949 0 0 0 0 0 0 171 171 
9606.ENSP00000259939 9606.ENSP00000321617 0 0 0 0 0 0 150 150 
9606.ENSP00000259939 9606.ENSP00000339958 0 0 0 62 0 0 134 153 
9606.ENSP00000259939 9606.ENSP00000256474 0 0 0 0 0 900 0 900 
9606.ENSP00000259939 9606.ENSP00000356125 0 0 0 0 0 0 499 499 
9606.ENSP00000259939 9606.ENSP00000329418 0 0 0 0 0 900 0 900 
9606.ENSP00000259939 9606.ENSP00000264198 0 0 0 0 0 0 433 433 
9606.ENSP00000259939 9606.ENSP00000328327 0 0 0 61 50 900 0 903 
9606.ENSP00000259939 9606.ENSP00000264607 0 0 0 0 50 900 0 900 
9606.ENSP00000259939 9606.ENSP00000356480 0 0 0 0 0 0 230 230 
9606.ENSP00000259939 9606.ENSP00000296438 0 0 0 56 0 900 0 901 
9606.ENSP00000259939 9606.ENSP00000363018 0 0 0 64 0 0 139 160 
9606.ENSP00000259939 9606.ENSP00000287025 0 0 0 63 0 0 135 155 
9606.ENSP00000259939 9606.ENSP00000306866 0 0 0 61 261 0 55 286 
9606.ENSP00000259939 9606.ENSP00000397655 0 0 0 0 50 900 0 900 
9606.ENSP00000259939 9606.ENSP00000372170 0 0 0 0 62 0 141 160 
9606.ENSP00000259939 9606.ENSP00000260983 0 0 0 61 0 900 248 923 
9606.ENSP00000259939 9606.ENSP00000264731 0 0 0 0 379 0 128 435 
9606.ENSP00000259939 9606.ENSP00000399415 0 0 0 0 0 0 616 616 
9606.ENSP00000259939 9606.ENSP00000348056 0 0 0 62 229 0 57 258 
9606.ENSP00000259939 9606.ENSP00000383199 0 0 0 61 0 900 168 915 
9606.ENSP00000259939 9606.ENSP00000322937 0 0 0 0 0 900 0 900 
9606.ENSP00000259939 9606.ENSP00000257570 0 0 0 60 161 0 0 177 
9606.ENSP00000259939 9606.ENSP00000376945 0 0 0 0 0 900 0 900 
9606.ENSP00000259939 9606.ENSP00000399805 0 0 0 61 0 0 142 160 
9606.ENSP00000259939 9606.ENSP00000388207 0 0 0 0 0 0 541 541 
9606.ENSP00000259939 9606.ENSP00000365576 0 0 0 0 188 0 0 188 
9606.ENSP00000259939 9606.ENSP00000265362 0 0 0 0 0 0 228 228 
9606.ENSP00000259939 9606.ENSP00000304336 0 0 0 0 85 0 135 174 
9606.ENSP00000259939 9606.ENSP00000365844 0 0 0 62 85 900 0 906 
9606.ENSP00000259939 9606.ENSP00000351933 0 0 0 61 0 900 0 902 
9606.ENSP00000259939 9606.ENSP00000349785 0 0 0 61 261 0 55 286 
9606.ENSP00000259939 9606.ENSP00000265872 0 0 0 61 0 0 172 190 
9606.ENSP00000259939 9606.ENSP00000433352 0 0 0 0 0 900 0 900 
9606.ENSP00000259939 9606.ENSP00000476795 0 0 0 61 0 900 0 902 
9606.ENSP00000259939 9606.ENSP00000264346 0 0 0 61 0 900 50 903 
9606.ENSP00000259939 9606.ENSP00000258149 0 0 0 0 0 0 242 242 
9606.ENSP00000259939 9606.ENSP00000365944 0 0 0 0 0 900 0 900 
9606.ENSP00000259939 9606.ENSP00000262306 0 0 0 0 0 900 0 900 
9606.ENSP00000259939 9606.ENSP00000421842 0 0 0 0 0 900 0 900 
9606.ENSP00000259939 9606.ENSP00000254900 0 0 0 55 68 0 190 224 
9606.ENSP00000259939 9606.ENSP00000382269 0 0 0 49 0 900 49 901 
9606.ENSP00000259939 9606.ENSP00000328287 0 0 0 61 0 900 111 909 
9606.ENSP00000259939 9606.ENSP00000217173 0 0 0 63 0 900 393 938 
9606.ENSP00000259939 9606.ENSP00000425996 0 0 0 0 0 0 187 187 
9606.ENSP00000259939 9606.ENSP00000307126 0 0 0 0 0 0 163 163 
9606.ENSP00000259939 9606.ENSP00000432743 0 0 0 0 0 0 268 268 
9606.ENSP00000259939 9606.ENSP00000205214 0 0 0 0 0 0 231 231 
9606.ENSP00000259939 9606.ENSP00000434614 0 0 0 54 0 900 57 903 
9606.ENSP00000259939 9606.ENSP00000338157 0 0 0 61 50 900 0 903 
9606.ENSP00000259939 9606.ENSP00000334044 0 0 0 0 161 0 0 161 
9606.ENSP00000259939 9606.ENSP00000284142 0 0 0 0 0 900 0 900 
9606.ENSP00000259939 9606.ENSP00000209884 0 0 0 61 0 900 0 902 
9606.ENSP00000259939 9606.ENSP00000410533 0 0 0 0 85 0 630 647 
9606.ENSP00000259939 9606.ENSP00000224862 0 0 0 62 0 900 0 902 
9606.ENSP00000259939 9606.ENSP00000442464 0 0 0 43 0 0 169 171 
9606.ENSP00000259939 9606.ENSP00000385096 0 0 0 0 0 0 211 211 
9606.ENSP00000259939 9606.ENSP00000349957 0 0 0 61 77 900 47 906 
9606.ENSP00000259939 9606.ENSP00000379025 0 0 0 0 0 900 0 900 
9606.ENSP00000259939 9606.ENSP00000260508 0 0 0 0 0 0 311 311 
9606.ENSP00000259939 9606.ENSP00000322270 0 0 0 61 0 0 160 178 
9606.ENSP00000259939 9606.ENSP00000336800 0 0 0 61 0 900 0 902 
9606.ENSP00000259939 9606.ENSP00000250495 0 0 0 0 161 0 189 290 
9606.ENSP00000259939 9606.ENSP00000428698 0 0 0 62 0 900 317 930 
9606.ENSP00000259939 9606.ENSP00000421380 0 0 0 0 0 0 150 150 
9606.ENSP00000259939 9606.ENSP00000393183 0 0 0 0 0 900 0 900 
9606.ENSP00000259939 9606.ENSP00000265651 0 0 0 0 0 0 267 267 
9606.ENSP00000259939 9606.ENSP00000265339 0 0 0 56 225 900 57 921 
9606.ENSP00000259939 9606.ENSP00000254436 0 0 0 61 85 900 0 906 
9606.ENSP00000259939 9606.ENSP00000479444 0 0 0 0 0 0 589 589 
9606.ENSP00000259939 9606.ENSP00000310841 0 0 0 0 0 900 0 900 
9606.ENSP00000259939 9606.ENSP00000368799 0 0 0 0 0 900 0 900 
9606.ENSP00000259939 9606.ENSP00000269197 0 0 0 0 0 0 167 167 
9606.ENSP00000259939 9606.ENSP00000364886 0 0 0 0 0 0 376 376 
9606.ENSP00000259939 9606.ENSP00000382976 0 0 0 0 0 0 449 449 
9606.ENSP00000259939 9606.ENSP00000437968 0 0 0 0 229 0 0 229 
9606.ENSP00000259939 9606.ENSP00000364403 0 0 0 61 0 900 95 907 
9606.ENSP00000259939 9606.ENSP00000171111 0 0 0 61 0 900 0 902 
9606.ENSP00000259939 9606.ENSP00000316176 0 0 0 56 225 900 95 924 
9606.ENSP00000259939 9606.ENSP00000261593 0 0 0 62 0 900 49 903 
9606.ENSP00000259939 9606.ENSP00000453177 0 0 0 62 85 900 0 906 
9606.ENSP00000259939 9606.ENSP00000377655 0 0 0 61 0 0 300 315 
9606.ENSP00000259939 9606.ENSP00000385684 0 0 0 62 0 900 50 903 
9606.ENSP00000259939 9606.ENSP00000348769 0 0 0 0 157 900 184 925 
9606.ENSP00000259939 9606.ENSP00000237281 0 0 0 50 0 900 0 900 
9606.ENSP00000259939 9606.ENSP00000313398 0 0 0 61 0 0 143 160 
9606.ENSP00000259939 9606.ENSP00000362308 0 0 0 0 0 0 481 481 
9606.ENSP00000259939 9606.ENSP00000378350 0 0 0 61 0 900 237 922 
9606.ENSP00000259939 9606.ENSP00000232165 0 0 0 63 0 900 193 917 
9606.ENSP00000259939 9606.ENSP00000219548 0 0 0 55 0 900 54 902 
9606.ENSP00000259939 9606.ENSP00000264658 0 0 0 49 0 900 0 900 
9606.ENSP00000259939 9606.ENSP00000477392 0 0 0 0 50 0 268 274 
9606.ENSP00000259939 9606.ENSP00000261643 0 0 0 0 0 0 489 489 
9606.ENSP00000259939 9606.ENSP00000423630 0 0 0 62 0 900 0 902 
9606.ENSP00000259939 9606.ENSP00000479134 0 0 0 61 261 0 55 286 
9606.ENSP00000259939 9606.ENSP00000388275 0 0 0 50 0 0 187 194 
9606.ENSP00000259939 9606.ENSP00000413697 0 0 0 0 0 0 230 230 
9606.ENSP00000259939 9606.ENSP00000267938 0 0 0 0 0 900 0 900 
9606.ENSP00000259939 9606.ENSP00000260010 0 0 0 138 0 0 73 166 
9606.ENSP00000259939 9606.ENSP00000217901 0 0 0 61 0 0 247 262 
9606.ENSP00000259939 9606.ENSP00000233099 0 0 0 0 229 0 0 229 
9606.ENSP00000259939 9606.ENSP00000320869 0 0 0 0 85 900 0 904 
9606.ENSP00000259939 9606.ENSP00000313034 0 0 0 0 0 900 0 900 
9606.ENSP00000259939 9606.ENSP00000376924 0 0 0 0 0 0 282 282 
9606.ENSP00000259939 9606.ENSP00000274255 0 0 0 61 0 900 145 912 
9606.ENSP00000259939 9606.ENSP00000299759 0 0 0 0 0 0 358 358 
9606.ENSP00000259939 9606.ENSP00000289707 0 0 0 88 0 0 147 189 
9606.ENSP00000259939 9606.ENSP00000287156 0 0 0 61 592 900 238 966 
9606.ENSP00000259939 9606.ENSP00000338413 0 0 0 61 0 900 124 910 
9606.ENSP00000259939 9606.ENSP00000390158 0 0 0 49 0 900 48 901 
9606.ENSP00000259939 9606.ENSP00000358283 0 0 0 55 0 900 0 901 
9606.ENSP00000259939 9606.ENSP00000304051 0 0 0 61 0 0 257 273 
9606.ENSP00000259939 9606.ENSP00000462729 0 0 0 0 0 0 287 287 
9606.ENSP00000259939 9606.ENSP00000276062 0 0 0 0 0 0 265 265 
9606.ENSP00000259939 9606.ENSP00000264414 0 0 0 62 0 900 0 902 
9606.ENSP00000259939 9606.ENSP00000249284 0 0 0 0 0 0 229 229 
9606.ENSP00000259939 9606.ENSP00000259512 0 0 0 0 0 0 279 279 
9606.ENSP00000259939 9606.ENSP00000298355 0 0 0 63 0 900 49 903 
9606.ENSP00000259939 9606.ENSP00000354340 0 0 0 64 0 900 56 903 
9606.ENSP00000259939 9606.ENSP00000292432 0 0 0 95 0 0 143 191 
9606.ENSP00000259939 9606.ENSP00000355566 0 0 0 63 294 0 141 382 
9606.ENSP00000259939 9606.ENSP00000388107 0 0 0 0 0 900 0 900 
9606.ENSP00000259939 9606.ENSP00000284637 0 0 0 0 85 900 0 904 
9606.ENSP00000259939 9606.ENSP00000386788 0 0 0 56 225 900 61 922 
9606.ENSP00000259939 9606.ENSP00000424827 0 0 0 61 0 900 173 915 
9606.ENSP00000259939 9606.ENSP00000292853 0 0 0 0 0 900 0 900 
9606.ENSP00000259939 9606.ENSP00000376337 0 0 0 62 0 900 0 902 
9606.ENSP00000259939 9606.ENSP00000340979 0 0 0 0 0 0 346 346 
9606.ENSP00000259939 9606.ENSP00000158771 0 0 0 0 0 0 267 267 
9606.ENSP00000259939 9606.ENSP00000222214 0 0 0 50 0 0 340 346 
9606.ENSP00000259939 9606.ENSP00000262435 0 0 0 62 0 900 82 906 
9606.ENSP00000259939 9606.ENSP00000262903 0 0 0 63 50 900 49 904 
9606.ENSP00000259939 9606.ENSP00000355195 0 0 0 61 50 900 0 903 
9606.ENSP00000259939 9606.ENSP00000478783 0 0 0 111 0 900 85 911 
9606.ENSP00000259939 9606.ENSP00000340596 0 0 0 61 0 900 49 902 
9606.ENSP00000259939 9606.ENSP00000347206 0 0 0 61 0 0 134 152 
9606.ENSP00000259939 9606.ENSP00000353590 0 0 0 0 125 0 73 154 
9606.ENSP00000259939 9606.ENSP00000419199 0 0 0 61 50 900 0 903 
9606.ENSP00000259939 9606.ENSP00000295704 0 0 0 61 0 900 0 902 
9606.ENSP00000259939 9606.ENSP00000358762 0 0 0 77 0 900 0 903 
9606.ENSP00000259939 9606.ENSP00000428338 0 0 0 51 0 900 0 901 
9606.ENSP00000259939 9606.ENSP00000292363 0 0 0 0 0 900 62 902 
9606.ENSP00000259939 9606.ENSP00000366249 0 0 0 0 161 0 0 161 
9606.ENSP00000259939 9606.ENSP00000360821 0 0 0 0 0 900 104 906 
9606.ENSP00000259939 9606.ENSP00000355028 0 0 0 0 0 900 310 928 
9606.ENSP00000259939 9606.ENSP00000309198 0 0 0 0 0 900 49 900 
9606.ENSP00000259939 9606.ENSP00000387362 0 0 0 64 0 900 57 904 
9606.ENSP00000259939 9606.ENSP00000464265 0 0 0 0 161 0 0 161 
9606.ENSP00000259939 9606.ENSP00000264977 0 0 0 63 0 0 142 162 
9606.ENSP00000259939 9606.ENSP00000379057 0 0 0 0 0 0 155 155 
9606.ENSP00000259939 9606.ENSP00000347836 0 0 0 64 0 900 52 903 
9606.ENSP00000259939 9606.ENSP00000366886 0 0 0 61 0 900 0 902 
9606.ENSP00000259939 9606.ENSP00000333266 0 0 0 61 0 900 98 907 
9606.ENSP00000259939 9606.ENSP00000377570 0 0 0 61 0 0 194 211 
9606.ENSP00000259939 9606.ENSP00000298288 0 0 0 0 0 900 56 901 
9606.ENSP00000259939 9606.ENSP00000318165 0 0 0 55 0 0 161 173 
9606.ENSP00000259939 9606.ENSP00000364263 0 0 0 0 85 0 344 374 
9606.ENSP00000259939 9606.ENSP00000314608 0 0 0 62 0 900 0 902 
9606.ENSP00000259939 9606.ENSP00000268607 0 0 0 61 261 0 55 286 
9606.ENSP00000259939 9606.ENSP00000391137 0 0 0 0 50 900 0 900 
9606.ENSP00000259939 9606.ENSP00000253023 0 0 0 62 0 900 43 902 
9606.ENSP00000259939 9606.ENSP00000296135 0 0 0 0 0 0 230 230 
9606.ENSP00000259939 9606.ENSP00000363019 0 0 0 56 225 900 136 928 
9606.ENSP00000259939 9606.ENSP00000321388 0 0 0 0 50 900 0 900 
9606.ENSP00000259939 9606.ENSP00000376258 0 0 0 0 0 900 52 901 
9606.ENSP00000259939 9606.ENSP00000344866 0 0 0 0 0 900 0 900 
9606.ENSP00000259939 9606.ENSP00000381298 0 0 0 61 0 900 0 902 
9606.ENSP00000259939 9606.ENSP00000323516 0 0 0 0 0 0 166 166 
9606.ENSP00000259939 9606.ENSP00000321239 0 0 0 59 0 900 252 923 
9606.ENSP00000259939 9606.ENSP00000348632 0 0 0 0 0 900 81 904 
9606.ENSP00000259939 9606.ENSP00000229758 0 0 0 0 0 0 187 187 
9606.ENSP00000259939 9606.ENSP00000266087 0 0 0 0 0 900 146 910 
9606.ENSP00000259939 9606.ENSP00000349156 0 0 0 61 0 900 50 903 
9606.ENSP00000259939 9606.ENSP00000359025 0 0 0 61 0 0 146 163 
9606.ENSP00000259939 9606.ENSP00000384823 0 0 0 0 0 900 50 900 
9606.ENSP00000259939 9606.ENSP00000419454 0 0 0 0 85 0 583 602 
9606.ENSP00000259939 9606.ENSP00000363787 0 0 0 0 0 0 361 361 
9606.ENSP00000259939 9606.ENSP00000272233 0 0 0 0 0 0 227 227 
9606.ENSP00000259939 9606.ENSP00000295055 0 0 0 0 126 0 79 160 
9606.ENSP00000259939 9606.ENSP00000378028 0 0 0 0 0 900 219 918 
9606.ENSP00000259939 9606.ENSP00000314004 0 0 0 61 0 900 43 902 
9606.ENSP00000259939 9606.ENSP00000430955 0 0 0 61 0 0 198 215 
9606.ENSP00000259939 9606.ENSP00000284669 0 0 0 61 0 900 0 902 
9606.ENSP00000259939 9606.ENSP00000301712 0 0 0 61 0 900 0 902 
9606.ENSP00000259939 9606.ENSP00000264260 0 0 0 0 0 0 162 162 
9606.ENSP00000259939 9606.ENSP00000290650 0 0 0 63 0 900 66 904 
9606.ENSP00000259939 9606.ENSP00000337510 0 0 0 61 0 900 0 902 
9606.ENSP00000259939 9606.ENSP00000456340 0 0 0 59 0 900 340 932 
9606.ENSP00000259939 9606.ENSP00000378431 0 0 0 0 0 0 180 180 
9606.ENSP00000259939 9606.ENSP00000444856 0 0 0 62 0 900 96 907 
9606.ENSP00000259939 9606.ENSP00000300811 0 0 0 0 0 0 354 354 
9606.ENSP00000259939 9606.ENSP00000417914 0 0 0 0 50 900 0 900 
9606.ENSP00000259939 9606.ENSP00000292852 0 0 0 0 0 900 0 900 
9606.ENSP00000259939 9606.ENSP00000264552 0 0 0 56 225 900 550 962 
9606.ENSP00000259939 9606.ENSP00000368884 0 0 0 66 0 0 132 154 
9606.ENSP00000259939 9606.ENSP00000261427 0 0 0 56 225 900 165 930 
9606.ENSP00000259939 9606.ENSP00000297109 0 0 0 0 0 0 242 242 
9606.ENSP00000259939 9606.ENSP00000451261 0 0 0 62 225 900 59 922 
9606.ENSP00000259939 9606.ENSP00000397927 0 0 0 0 181 0 0 181 
9606.ENSP00000259939 9606.ENSP00000357079 0 0 0 0 0 0 351 351 
9606.ENSP00000259939 9606.ENSP00000365924 0 0 0 0 85 0 111 151 
9606.ENSP00000259939 9606.ENSP00000445725 0 0 0 0 0 0 258 258 
9606.ENSP00000259939 9606.ENSP00000295317 0 0 0 77 0 0 202 232 
9606.ENSP00000259939 9606.ENSP00000360793 0 0 0 64 133 0 0 153 
9606.ENSP00000259939 9606.ENSP00000379931 0 0 0 56 225 900 183 932 
9606.ENSP00000259939 9606.ENSP00000356713 0 0 0 77 149 0 0 180 
9606.ENSP00000259939 9606.ENSP00000380256 0 0 0 63 0 900 0 902 
9606.ENSP00000259939 9606.ENSP00000298428 0 0 0 0 0 0 169 169 
9606.ENSP00000259939 9606.ENSP00000261900 0 0 0 62 185 0 0 202 
9606.ENSP00000259939 9606.ENSP00000255499 0 0 0 60 0 0 303 317 
9606.ENSP00000259939 9606.ENSP00000225609 0 0 0 0 0 0 182 182 
9606.ENSP00000259939 9606.ENSP00000231487 0 0 0 0 66 900 84 906 
9606.ENSP00000259939 9606.ENSP00000261721 0 0 0 62 0 900 0 902 
9606.ENSP00000259939 9606.ENSP00000420617 0 0 0 0 0 0 163 163 
9606.ENSP00000259939 9606.ENSP00000262370 0 0 0 0 0 900 0 900 
