9606.ENSP00000471683 9606.ENSP00000254627 0 0 0 57 0 0 145 159 
9606.ENSP00000471683 9606.ENSP00000294053 0 0 0 62 0 0 151 169 
9606.ENSP00000471683 9606.ENSP00000406293 0 0 0 0 0 0 165 165 
9606.ENSP00000471683 9606.ENSP00000483056 0 0 0 154 0 0 0 154 
9606.ENSP00000471683 9606.ENSP00000285071 0 0 0 0 0 0 180 180 
9606.ENSP00000471683 9606.ENSP00000300060 0 0 0 63 0 0 274 290 
9606.ENSP00000471683 9606.ENSP00000327801 0 0 0 0 64 0 151 171 
9606.ENSP00000471683 9606.ENSP00000446280 0 0 0 0 0 0 306 306 
9606.ENSP00000471683 9606.ENSP00000345571 0 0 0 65 0 0 167 187 
9606.ENSP00000471683 9606.ENSP00000480890 0 0 0 61 0 0 217 233 
9606.ENSP00000471683 9606.ENSP00000317382 0 0 0 56 108 0 172 242 
9606.ENSP00000471683 9606.ENSP00000296456 0 0 0 61 0 0 229 245 
9606.ENSP00000471683 9606.ENSP00000365131 0 0 0 0 0 0 167 167 
9606.ENSP00000471683 9606.ENSP00000332369 0 0 0 126 0 0 320 381 
9606.ENSP00000471683 9606.ENSP00000258317 0 0 0 63 0 0 153 172 
9606.ENSP00000471683 9606.ENSP00000342056 0 0 0 135 0 0 85 175 
9606.ENSP00000471683 9606.ENSP00000355518 0 0 0 90 0 0 109 155 
9606.ENSP00000471683 9606.ENSP00000369217 0 0 0 61 0 0 149 166 
9606.ENSP00000471683 9606.ENSP00000317971 0 0 0 0 0 0 378 378 
9606.ENSP00000471683 9606.ENSP00000396749 0 0 0 0 0 0 265 265 
9606.ENSP00000471683 9606.ENSP00000359621 0 0 0 0 0 0 360 360 
9606.ENSP00000471683 9606.ENSP00000295256 0 0 0 0 0 0 269 269 
9606.ENSP00000471683 9606.ENSP00000364986 0 0 0 63 0 0 166 185 
9606.ENSP00000471683 9606.ENSP00000433999 0 0 0 61 0 0 145 162 
9606.ENSP00000471683 9606.ENSP00000320246 0 0 0 61 0 0 138 156 
9606.ENSP00000471683 9606.ENSP00000370128 0 0 0 83 50 0 214 256 
9606.ENSP00000471683 9606.ENSP00000377532 0 0 0 0 0 0 167 167 
9606.ENSP00000471683 9606.ENSP00000316114 0 0 0 0 0 0 471 471 
9606.ENSP00000471683 9606.ENSP00000265316 0 0 0 62 0 0 154 172 
9606.ENSP00000471683 9606.ENSP00000381231 0 0 0 61 0 0 301 316 
9606.ENSP00000471683 9606.ENSP00000407545 0 0 0 0 0 0 376 376 
9606.ENSP00000471683 9606.ENSP00000363417 0 0 0 124 50 0 103 188 
9606.ENSP00000471683 9606.ENSP00000461324 0 0 0 51 0 0 154 163 
9606.ENSP00000471683 9606.ENSP00000380074 0 0 0 0 0 0 355 355 
9606.ENSP00000471683 9606.ENSP00000255108 0 0 0 63 0 0 132 152 
9606.ENSP00000471683 9606.ENSP00000280612 0 0 0 62 50 0 286 308 
9606.ENSP00000471683 9606.ENSP00000456405 0 0 0 62 0 0 145 163 
9606.ENSP00000471683 9606.ENSP00000349446 0 0 0 63 0 0 139 158 
9606.ENSP00000471683 9606.ENSP00000262461 0 0 0 0 50 0 155 163 
9606.ENSP00000471683 9606.ENSP00000447378 0 0 0 0 0 0 473 473 
9606.ENSP00000471683 9606.ENSP00000252506 0 0 0 0 0 0 171 171 
9606.ENSP00000471683 9606.ENSP00000375881 0 0 0 0 0 0 167 167 
9606.ENSP00000471683 9606.ENSP00000384629 0 0 0 0 0 0 150 150 
9606.ENSP00000471683 9606.ENSP00000358515 0 0 0 0 0 0 345 345 
9606.ENSP00000471683 9606.ENSP00000370571 0 0 0 64 0 0 138 159 
9606.ENSP00000471683 9606.ENSP00000274031 0 0 0 0 0 0 267 267 
9606.ENSP00000471683 9606.ENSP00000243298 0 0 0 64 0 0 141 161 
9606.ENSP00000471683 9606.ENSP00000307786 0 0 0 63 0 0 170 189 
9606.ENSP00000471683 9606.ENSP00000370023 0 0 0 0 0 0 188 188 
9606.ENSP00000471683 9606.ENSP00000283033 0 0 0 0 64 0 137 158 
9606.ENSP00000471683 9606.ENSP00000355964 0 0 0 0 0 0 156 156 
9606.ENSP00000471683 9606.ENSP00000235628 0 0 0 0 0 0 338 338 
9606.ENSP00000471683 9606.ENSP00000324648 0 0 0 61 0 0 153 170 
9606.ENSP00000471683 9606.ENSP00000364126 0 0 0 100 0 0 150 203 
9606.ENSP00000471683 9606.ENSP00000380081 0 0 0 61 50 0 147 172 
9606.ENSP00000471683 9606.ENSP00000304845 0 0 0 49 0 0 145 153 
9606.ENSP00000471683 9606.ENSP00000396308 0 0 0 0 0 0 187 187 
9606.ENSP00000471683 9606.ENSP00000358794 0 0 0 0 0 0 234 234 
9606.ENSP00000471683 9606.ENSP00000465734 0 0 0 0 0 0 197 197 
9606.ENSP00000471683 9606.ENSP00000376889 0 0 0 0 0 0 171 171 
9606.ENSP00000471683 9606.ENSP00000478725 0 0 0 0 0 0 165 165 
9606.ENSP00000471683 9606.ENSP00000283871 0 0 0 88 0 0 146 187 
9606.ENSP00000471683 9606.ENSP00000372724 0 0 0 0 0 0 173 173 
9606.ENSP00000471683 9606.ENSP00000359245 0 0 0 82 50 0 217 258 
9606.ENSP00000471683 9606.ENSP00000264110 0 0 0 0 0 0 153 153 
9606.ENSP00000471683 9606.ENSP00000434364 0 0 0 61 0 0 221 237 
9606.ENSP00000471683 9606.ENSP00000369314 0 0 0 57 0 0 218 231 
9606.ENSP00000471683 9606.ENSP00000305302 0 0 0 61 0 0 443 454 
9606.ENSP00000471683 9606.ENSP00000282728 0 0 0 55 0 0 187 198 
9606.ENSP00000471683 9606.ENSP00000320337 0 0 0 0 0 0 244 244 
9606.ENSP00000471683 9606.ENSP00000315644 0 0 0 0 0 0 169 169 
9606.ENSP00000471683 9606.ENSP00000479266 0 0 0 0 0 0 231 231 
9606.ENSP00000471683 9606.ENSP00000371586 0 0 0 0 0 0 198 198 
9606.ENSP00000471683 9606.ENSP00000323856 0 0 0 0 0 0 430 430 
9606.ENSP00000471683 9606.ENSP00000430918 0 0 0 0 0 0 224 224 
9606.ENSP00000471683 9606.ENSP00000381234 0 0 0 61 0 0 301 316 
9606.ENSP00000471683 9606.ENSP00000445175 0 0 0 63 0 0 222 240 
9606.ENSP00000471683 9606.ENSP00000367608 0 0 0 66 0 0 149 171 
9606.ENSP00000471683 9606.ENSP00000075120 0 0 0 62 0 0 190 207 
9606.ENSP00000471683 9606.ENSP00000283415 0 0 0 54 0 0 166 177 
9606.ENSP00000471683 9606.ENSP00000367880 0 0 0 61 0 0 211 228 
9606.ENSP00000471683 9606.ENSP00000482600 0 0 0 0 0 0 418 418 
9606.ENSP00000471683 9606.ENSP00000363891 0 0 0 0 0 0 184 184 
9606.ENSP00000471683 9606.ENSP00000345771 0 0 0 61 0 0 162 180 
9606.ENSP00000471683 9606.ENSP00000363641 0 0 0 55 64 0 329 354 
9606.ENSP00000471683 9606.ENSP00000343515 0 0 0 0 0 0 167 167 
9606.ENSP00000471683 9606.ENSP00000379934 0 0 0 0 0 0 169 169 
9606.ENSP00000471683 9606.ENSP00000263377 0 0 0 0 0 0 198 198 
9606.ENSP00000471683 9606.ENSP00000342026 0 0 0 52 0 0 212 221 
9606.ENSP00000471683 9606.ENSP00000369647 0 0 0 0 0 0 152 152 
9606.ENSP00000471683 9606.ENSP00000253188 0 0 0 62 50 0 143 170 
9606.ENSP00000471683 9606.ENSP00000295897 0 0 0 55 0 0 385 394 
9606.ENSP00000471683 9606.ENSP00000352785 0 0 0 0 0 0 265 265 
9606.ENSP00000471683 9606.ENSP00000222248 0 0 0 86 0 0 130 171 
9606.ENSP00000471683 9606.ENSP00000280871 0 0 0 0 65 0 179 200 
9606.ENSP00000471683 9606.ENSP00000302232 0 0 0 0 0 0 323 323 
9606.ENSP00000471683 9606.ENSP00000226355 0 0 0 55 0 0 164 176 
9606.ENSP00000471683 9606.ENSP00000346298 0 0 0 61 0 0 144 161 
9606.ENSP00000471683 9606.ENSP00000301037 0 0 0 0 131 0 66 153 
9606.ENSP00000471683 9606.ENSP00000330074 0 0 0 0 0 0 151 151 
9606.ENSP00000471683 9606.ENSP00000269305 0 0 0 0 0 0 243 243 
9606.ENSP00000471683 9606.ENSP00000362329 0 0 0 0 0 0 167 167 
9606.ENSP00000471683 9606.ENSP00000280362 0 0 0 0 0 0 161 161 
9606.ENSP00000471683 9606.ENSP00000307900 0 0 0 62 0 0 330 345 
9606.ENSP00000471683 9606.ENSP00000295463 0 0 0 0 0 0 154 154 
9606.ENSP00000471683 9606.ENSP00000245046 0 0 0 0 0 0 171 171 
9606.ENSP00000471683 9606.ENSP00000243501 0 0 0 0 0 0 244 244 
9606.ENSP00000471683 9606.ENSP00000354415 0 0 0 0 0 0 250 250 
9606.ENSP00000471683 9606.ENSP00000306817 0 0 0 61 0 0 213 229 
9606.ENSP00000471683 9606.ENSP00000461382 0 0 0 0 0 0 197 197 
9606.ENSP00000471683 9606.ENSP00000362068 0 0 0 60 0 0 421 432 
9606.ENSP00000471683 9606.ENSP00000340736 0 0 0 0 0 0 163 163 
9606.ENSP00000471683 9606.ENSP00000222812 0 0 0 61 0 0 162 179 
9606.ENSP00000471683 9606.ENSP00000297282 0 0 0 49 0 0 237 243 
9606.ENSP00000471683 9606.ENSP00000404843 0 0 0 0 0 0 242 242 
9606.ENSP00000471683 9606.ENSP00000266771 0 0 0 63 50 0 208 233 
9606.ENSP00000471683 9606.ENSP00000418823 0 0 0 0 0 0 290 290 
9606.ENSP00000471683 9606.ENSP00000375942 0 0 0 55 0 0 171 184 
9606.ENSP00000471683 9606.ENSP00000285379 0 0 0 0 0 0 243 243 
9606.ENSP00000471683 9606.ENSP00000312286 0 0 0 57 0 0 476 484 
9606.ENSP00000471683 9606.ENSP00000454646 0 0 0 0 0 0 284 284 
9606.ENSP00000471683 9606.ENSP00000303525 0 0 0 0 50 0 431 436 
9606.ENSP00000471683 9606.ENSP00000356436 0 0 0 87 0 0 240 277 
9606.ENSP00000471683 9606.ENSP00000257979 0 0 0 0 84 0 134 172 
9606.ENSP00000471683 9606.ENSP00000298472 0 0 0 62 50 0 153 179 
9606.ENSP00000471683 9606.ENSP00000354532 0 0 0 51 0 0 266 273 
9606.ENSP00000471683 9606.ENSP00000417085 0 0 0 63 50 0 231 256 
9606.ENSP00000471683 9606.ENSP00000298125 0 0 0 0 53 0 167 177 
9606.ENSP00000471683 9606.ENSP00000390637 0 0 0 0 0 0 206 206 
9606.ENSP00000471683 9606.ENSP00000260264 0 0 0 0 0 0 314 314 
9606.ENSP00000471683 9606.ENSP00000278379 0 0 0 64 93 0 290 344 
9606.ENSP00000471683 9606.ENSP00000359507 0 0 0 0 0 0 246 246 
9606.ENSP00000471683 9606.ENSP00000245812 0 0 0 0 0 0 153 153 
9606.ENSP00000471683 9606.ENSP00000350263 0 0 0 61 0 0 167 184 
9606.ENSP00000471683 9606.ENSP00000399136 0 0 0 61 0 0 213 229 
9606.ENSP00000471683 9606.ENSP00000360217 0 0 0 97 0 0 287 328 
9606.ENSP00000471683 9606.ENSP00000339299 0 0 0 0 50 0 216 223 
9606.ENSP00000471683 9606.ENSP00000327467 0 0 0 0 0 0 347 347 
9606.ENSP00000471683 9606.ENSP00000300035 0 0 0 0 0 0 163 163 
9606.ENSP00000471683 9606.ENSP00000358896 0 0 0 0 0 0 370 370 
9606.ENSP00000471683 9606.ENSP00000376886 0 0 0 0 0 0 171 171 
9606.ENSP00000471683 9606.ENSP00000296577 0 0 0 0 0 0 282 282 
9606.ENSP00000471683 9606.ENSP00000360425 0 0 0 0 0 0 210 210 
9606.ENSP00000471683 9606.ENSP00000438349 0 0 0 0 0 0 314 314 
9606.ENSP00000471683 9606.ENSP00000359609 0 0 0 0 0 0 224 224 
9606.ENSP00000471683 9606.ENSP00000379326 0 0 0 86 0 0 190 228 
9606.ENSP00000471683 9606.ENSP00000370966 0 0 0 49 0 0 282 287 
9606.ENSP00000471683 9606.ENSP00000361287 0 0 0 61 0 0 185 202 
9606.ENSP00000471683 9606.ENSP00000367028 0 0 0 0 0 0 164 164 
9606.ENSP00000471683 9606.ENSP00000227880 0 0 0 63 50 0 264 288 
9606.ENSP00000471683 9606.ENSP00000333142 0 0 0 0 0 0 313 313 
9606.ENSP00000471683 9606.ENSP00000217961 0 0 0 89 0 0 270 306 
9606.ENSP00000471683 9606.ENSP00000337368 0 0 0 0 0 0 349 349 
9606.ENSP00000471683 9606.ENSP00000297512 0 0 0 0 0 0 153 153 
9606.ENSP00000471683 9606.ENSP00000219431 0 0 0 0 0 0 505 505 
9606.ENSP00000471683 9606.ENSP00000317027 0 0 0 0 0 0 416 416 
9606.ENSP00000471683 9606.ENSP00000373620 0 0 0 49 0 0 146 154 
9606.ENSP00000471683 9606.ENSP00000400376 0 0 0 63 0 0 274 290 
9606.ENSP00000471683 9606.ENSP00000362824 0 0 0 49 0 0 229 235 
9606.ENSP00000471683 9606.ENSP00000380432 0 0 0 62 0 0 266 282 
9606.ENSP00000471683 9606.ENSP00000415203 0 0 0 63 0 0 136 155 
9606.ENSP00000471683 9606.ENSP00000308541 0 0 0 0 0 0 440 440 
9606.ENSP00000471683 9606.ENSP00000396688 0 0 0 69 0 0 172 196 
9606.ENSP00000471683 9606.ENSP00000357844 0 0 0 0 0 0 212 212 
9606.ENSP00000471683 9606.ENSP00000368917 0 0 0 0 0 0 621 621 
9606.ENSP00000471683 9606.ENSP00000359376 0 0 0 140 0 0 61 158 
9606.ENSP00000471683 9606.ENSP00000364246 0 0 0 57 0 0 199 212 
9606.ENSP00000471683 9606.ENSP00000325690 0 0 0 0 0 0 153 153 
9606.ENSP00000471683 9606.ENSP00000261622 0 0 0 97 50 0 440 478 
9606.ENSP00000471683 9606.ENSP00000378364 0 0 0 49 0 0 172 179 
9606.ENSP00000471683 9606.ENSP00000367440 0 0 0 62 0 0 187 204 
9606.ENSP00000471683 9606.ENSP00000455064 0 0 0 62 50 0 438 455 
9606.ENSP00000471683 9606.ENSP00000433415 0 0 0 0 0 0 177 177 
9606.ENSP00000471683 9606.ENSP00000365686 0 0 0 63 50 0 242 266 
9606.ENSP00000471683 9606.ENSP00000380489 0 0 0 0 0 0 156 156 
9606.ENSP00000471683 9606.ENSP00000262407 0 0 0 0 0 0 190 190 
9606.ENSP00000471683 9606.ENSP00000442336 0 0 0 0 0 0 175 175 
9606.ENSP00000471683 9606.ENSP00000290429 0 0 0 0 0 0 365 365 
9606.ENSP00000471683 9606.ENSP00000355536 0 0 0 0 0 0 188 188 
9606.ENSP00000471683 9606.ENSP00000261180 0 0 0 63 0 0 274 290 
9606.ENSP00000471683 9606.ENSP00000254976 0 0 0 61 0 0 473 484 
9606.ENSP00000471683 9606.ENSP00000353401 0 0 0 50 93 0 111 167 
9606.ENSP00000471683 9606.ENSP00000350024 0 0 0 61 50 0 178 203 
9606.ENSP00000471683 9606.ENSP00000369519 0 0 0 0 0 0 173 173 
9606.ENSP00000471683 9606.ENSP00000381666 0 0 0 0 0 0 166 166 
9606.ENSP00000471683 9606.ENSP00000264029 0 0 0 62 0 0 168 186 
9606.ENSP00000471683 9606.ENSP00000290573 0 0 0 63 0 0 172 191 
9606.ENSP00000471683 9606.ENSP00000254488 0 0 0 61 0 0 150 167 
9606.ENSP00000471683 9606.ENSP00000355759 0 0 0 0 0 0 250 250 
9606.ENSP00000471683 9606.ENSP00000279027 0 0 0 49 0 0 214 221 
9606.ENSP00000471683 9606.ENSP00000377783 0 0 0 0 0 0 286 286 
9606.ENSP00000471683 9606.ENSP00000296754 0 0 0 63 0 0 274 290 
9606.ENSP00000471683 9606.ENSP00000384700 0 0 0 62 0 0 358 372 
9606.ENSP00000471683 9606.ENSP00000306328 0 0 0 62 0 0 262 278 
9606.ENSP00000471683 9606.ENSP00000382434 0 0 0 55 0 0 199 211 
9606.ENSP00000471683 9606.ENSP00000335060 0 0 0 95 0 0 158 205 
9606.ENSP00000471683 9606.ENSP00000264167 0 0 0 0 0 0 151 151 
9606.ENSP00000471683 9606.ENSP00000266682 0 0 0 61 0 0 213 229 
9606.ENSP00000471683 9606.ENSP00000265171 0 0 0 62 0 0 137 155 
9606.ENSP00000471683 9606.ENSP00000337354 0 0 0 0 0 0 198 198 
9606.ENSP00000471683 9606.ENSP00000349877 0 0 0 49 0 0 145 152 
9606.ENSP00000471683 9606.ENSP00000444149 0 0 0 54 0 0 211 221 
9606.ENSP00000471683 9606.ENSP00000441065 0 0 0 0 0 0 270 270 
9606.ENSP00000471683 9606.ENSP00000355720 0 0 0 0 0 0 745 745 
9606.ENSP00000471683 9606.ENSP00000361894 0 0 0 59 0 0 306 319 
9606.ENSP00000471683 9606.ENSP00000297375 0 0 0 0 0 0 284 284 
9606.ENSP00000471683 9606.ENSP00000377192 0 0 0 109 0 0 211 267 
9606.ENSP00000471683 9606.ENSP00000371798 0 0 0 67 0 0 192 213 
9606.ENSP00000471683 9606.ENSP00000313851 0 0 0 0 0 0 422 422 
9606.ENSP00000471683 9606.ENSP00000339479 0 0 0 61 0 0 180 197 
9606.ENSP00000471683 9606.ENSP00000282141 0 0 0 0 0 0 398 398 
9606.ENSP00000471683 9606.ENSP00000478639 0 0 0 64 93 0 559 593 
9606.ENSP00000471683 9606.ENSP00000415454 0 0 0 0 0 0 222 222 
9606.ENSP00000471683 9606.ENSP00000202967 0 0 0 0 0 0 189 189 
9606.ENSP00000471683 9606.ENSP00000362314 0 0 0 0 0 0 163 163 
9606.ENSP00000471683 9606.ENSP00000295269 0 0 0 0 0 0 176 176 
9606.ENSP00000471683 9606.ENSP00000292476 0 0 0 0 0 0 198 198 
9606.ENSP00000471683 9606.ENSP00000376352 0 0 0 62 0 0 182 200 
9606.ENSP00000471683 9606.ENSP00000346120 0 0 0 52 0 0 241 250 
9606.ENSP00000471683 9606.ENSP00000367787 0 0 0 0 0 0 164 164 
9606.ENSP00000471683 9606.ENSP00000267859 0 0 0 0 0 0 186 186 
9606.ENSP00000471683 9606.ENSP00000354522 0 0 0 0 0 0 206 206 
9606.ENSP00000471683 9606.ENSP00000264079 0 0 0 0 0 0 201 201 
9606.ENSP00000471683 9606.ENSP00000364249 0 0 0 57 0 0 220 233 
9606.ENSP00000471683 9606.ENSP00000422533 0 0 0 63 0 0 211 229 
9606.ENSP00000471683 9606.ENSP00000317379 0 0 0 0 0 0 492 492 
9606.ENSP00000471683 9606.ENSP00000352216 0 0 0 0 65 0 149 171 
9606.ENSP00000471683 9606.ENSP00000376475 0 0 0 0 387 0 57 397 
9606.ENSP00000471683 9606.ENSP00000331504 0 0 0 69 45 0 244 269 
9606.ENSP00000471683 9606.ENSP00000262352 0 0 0 64 93 0 274 330 
9606.ENSP00000471683 9606.ENSP00000398890 0 0 0 0 0 0 165 165 
9606.ENSP00000471683 9606.ENSP00000326170 0 0 0 0 0 0 211 211 
9606.ENSP00000471683 9606.ENSP00000424191 0 0 0 0 0 0 248 248 
9606.ENSP00000471683 9606.ENSP00000268896 0 0 0 62 0 0 800 804 
9606.ENSP00000471683 9606.ENSP00000372390 0 0 0 63 50 0 172 198 
9606.ENSP00000471683 9606.ENSP00000274793 0 0 0 0 0 0 361 361 
9606.ENSP00000471683 9606.ENSP00000418663 0 0 0 0 0 0 243 243 
9606.ENSP00000471683 9606.ENSP00000484288 0 0 0 0 0 0 203 203 
9606.ENSP00000471683 9606.ENSP00000230431 0 0 0 0 0 0 296 296 
9606.ENSP00000471683 9606.ENSP00000219660 0 0 0 0 84 0 277 309 
9606.ENSP00000471683 9606.ENSP00000242261 0 0 0 0 0 0 288 288 
9606.ENSP00000471683 9606.ENSP00000300658 0 0 0 63 0 0 180 199 
9606.ENSP00000471683 9606.ENSP00000367301 0 0 0 0 0 0 163 163 
9606.ENSP00000471683 9606.ENSP00000268679 0 0 0 58 0 0 136 151 
9606.ENSP00000471683 9606.ENSP00000355011 0 0 0 0 0 0 213 213 
9606.ENSP00000471683 9606.ENSP00000378074 0 0 0 55 0 0 174 186 
9606.ENSP00000471683 9606.ENSP00000362285 0 0 0 61 50 0 192 217 
9606.ENSP00000471683 9606.ENSP00000265113 0 0 0 64 93 0 278 333 
9606.ENSP00000471683 9606.ENSP00000339813 0 0 0 0 0 0 227 227 
9606.ENSP00000471683 9606.ENSP00000263092 0 0 0 55 0 0 162 174 
9606.ENSP00000471683 9606.ENSP00000430493 0 0 0 0 0 0 198 198 
9606.ENSP00000471683 9606.ENSP00000478255 0 0 0 62 0 0 134 153 
9606.ENSP00000471683 9606.ENSP00000383364 0 0 0 57 0 0 400 410 
9606.ENSP00000471683 9606.ENSP00000334223 0 0 0 56 108 0 394 445 
9606.ENSP00000471683 9606.ENSP00000249016 0 0 0 0 0 0 188 188 
9606.ENSP00000471683 9606.ENSP00000415941 0 0 0 49 0 0 143 150 
9606.ENSP00000471683 9606.ENSP00000483825 0 0 0 140 0 0 60 157 
9606.ENSP00000471683 9606.ENSP00000380666 0 0 0 62 50 0 339 360 
9606.ENSP00000471683 9606.ENSP00000290277 0 0 0 100 45 0 120 177 
9606.ENSP00000471683 9606.ENSP00000468984 0 0 0 0 0 0 173 173 
9606.ENSP00000471683 9606.ENSP00000470801 0 0 0 61 0 0 212 228 
9606.ENSP00000471683 9606.ENSP00000401191 0 0 0 0 0 0 176 176 
9606.ENSP00000471683 9606.ENSP00000364678 0 0 0 0 0 0 169 169 
9606.ENSP00000471683 9606.ENSP00000241052 0 0 0 62 64 0 197 233 
9606.ENSP00000471683 9606.ENSP00000326070 0 0 0 55 0 0 328 338 
9606.ENSP00000471683 9606.ENSP00000415900 0 0 0 0 0 0 169 169 
9606.ENSP00000471683 9606.ENSP00000347088 0 0 0 0 0 0 156 156 
9606.ENSP00000471683 9606.ENSP00000389810 0 0 0 0 0 0 250 250 
9606.ENSP00000471683 9606.ENSP00000353791 0 0 0 61 0 0 212 228 
9606.ENSP00000471683 9606.ENSP00000301295 0 0 0 61 0 0 330 343 
9606.ENSP00000471683 9606.ENSP00000319486 0 0 0 0 0 0 167 167 
9606.ENSP00000471683 9606.ENSP00000366942 0 0 0 56 108 0 175 245 
9606.ENSP00000471683 9606.ENSP00000245615 0 0 0 62 0 0 337 351 
9606.ENSP00000471683 9606.ENSP00000029410 0 0 0 0 0 0 367 367 
9606.ENSP00000471683 9606.ENSP00000477639 0 0 0 0 0 0 169 169 
9606.ENSP00000471683 9606.ENSP00000326948 0 0 0 61 0 0 718 723 
9606.ENSP00000471683 9606.ENSP00000418532 0 0 0 49 0 0 155 162 
9606.ENSP00000471683 9606.ENSP00000354982 0 0 0 62 0 0 247 263 
9606.ENSP00000471683 9606.ENSP00000295645 0 0 0 0 0 0 538 538 
9606.ENSP00000471683 9606.ENSP00000301522 0 0 0 52 0 0 158 167 
9606.ENSP00000471683 9606.ENSP00000367384 0 0 0 0 0 0 220 220 
9606.ENSP00000471683 9606.ENSP00000221265 0 0 0 0 0 0 590 590 
9606.ENSP00000471683 9606.ENSP00000261405 0 0 0 0 0 0 174 174 
9606.ENSP00000471683 9606.ENSP00000243389 0 0 0 56 108 0 328 385 
9606.ENSP00000471683 9606.ENSP00000349884 0 0 0 0 0 0 328 328 
9606.ENSP00000471683 9606.ENSP00000262065 0 0 0 0 48 0 313 318 
9606.ENSP00000471683 9606.ENSP00000367123 0 0 0 0 0 0 382 382 
9606.ENSP00000471683 9606.ENSP00000381293 0 0 0 61 0 0 145 162 
9606.ENSP00000471683 9606.ENSP00000375717 0 0 0 0 0 0 171 171 
9606.ENSP00000471683 9606.ENSP00000420294 0 0 0 0 0 0 384 384 
9606.ENSP00000471683 9606.ENSP00000404718 0 0 0 0 0 0 167 167 
9606.ENSP00000471683 9606.ENSP00000414359 0 0 0 0 0 0 216 216 
9606.ENSP00000471683 9606.ENSP00000481249 0 0 0 0 0 0 265 265 
9606.ENSP00000471683 9606.ENSP00000354558 0 0 0 49 63 0 142 168 
9606.ENSP00000471683 9606.ENSP00000260843 0 0 0 0 0 0 178 178 
9606.ENSP00000471683 9606.ENSP00000359640 0 0 0 0 0 0 260 260 
9606.ENSP00000471683 9606.ENSP00000360966 0 0 0 0 65 0 160 181 
9606.ENSP00000471683 9606.ENSP00000290472 0 0 0 55 0 0 226 237 
9606.ENSP00000471683 9606.ENSP00000407586 0 0 0 0 64 0 138 158 
9606.ENSP00000471683 9606.ENSP00000236137 0 0 0 0 0 0 307 307 
9606.ENSP00000471683 9606.ENSP00000377424 0 0 0 61 50 0 137 163 
9606.ENSP00000471683 9606.ENSP00000358232 0 0 0 52 0 0 224 232 
9606.ENSP00000471683 9606.ENSP00000370522 0 0 0 0 0 0 211 211 
9606.ENSP00000471683 9606.ENSP00000390600 0 0 0 0 0 0 396 396 
9606.ENSP00000471683 9606.ENSP00000352645 0 0 0 64 0 0 195 214 
9606.ENSP00000471683 9606.ENSP00000306561 0 0 0 64 0 0 162 182 
9606.ENSP00000471683 9606.ENSP00000337804 0 0 0 0 0 0 428 428 
9606.ENSP00000471683 9606.ENSP00000344458 0 0 0 0 0 0 347 347 
9606.ENSP00000471683 9606.ENSP00000307369 0 0 0 0 0 0 212 212 
9606.ENSP00000471683 9606.ENSP00000237612 0 0 0 63 50 0 224 249 
9606.ENSP00000471683 9606.ENSP00000295050 0 0 0 0 0 0 250 250 
9606.ENSP00000471683 9606.ENSP00000245407 0 0 0 0 0 0 158 158 
9606.ENSP00000471683 9606.ENSP00000381504 0 0 0 77 0 0 124 157 
9606.ENSP00000471683 9606.ENSP00000387498 0 0 0 0 0 0 246 246 
9606.ENSP00000471683 9606.ENSP00000274496 0 0 0 0 422 0 0 422 
9606.ENSP00000471683 9606.ENSP00000361895 0 0 0 51 0 0 178 187 
9606.ENSP00000471683 9606.ENSP00000302851 0 0 0 62 0 0 195 213 
9606.ENSP00000471683 9606.ENSP00000215885 0 0 0 0 0 0 257 257 
9606.ENSP00000471683 9606.ENSP00000480916 0 0 0 97 0 0 279 321 
9606.ENSP00000471683 9606.ENSP00000259467 0 0 0 0 0 0 246 246 
9606.ENSP00000471683 9606.ENSP00000171757 0 0 0 0 0 0 165 165 
9606.ENSP00000471683 9606.ENSP00000354581 0 0 0 0 0 0 159 159 
9606.ENSP00000471683 9606.ENSP00000263274 0 0 0 0 0 0 184 184 
9606.ENSP00000471683 9606.ENSP00000330737 0 0 0 0 0 0 344 344 
9606.ENSP00000471683 9606.ENSP00000354669 0 0 0 59 0 0 278 291 
9606.ENSP00000471683 9606.ENSP00000277865 0 0 0 63 0 0 228 246 
9606.ENSP00000471683 9606.ENSP00000360683 0 0 0 62 0 0 145 163 
9606.ENSP00000471683 9606.ENSP00000329858 0 0 0 63 0 0 148 167 
9606.ENSP00000471683 9606.ENSP00000329418 0 0 0 65 0 0 286 303 
9606.ENSP00000471683 9606.ENSP00000261407 0 0 0 62 0 0 266 282 
9606.ENSP00000471683 9606.ENSP00000400101 0 0 0 0 0 0 164 164 
9606.ENSP00000471683 9606.ENSP00000368637 0 0 0 62 0 0 188 206 
9606.ENSP00000471683 9606.ENSP00000310208 0 0 0 86 0 0 149 188 
9606.ENSP00000471683 9606.ENSP00000331879 0 0 0 51 0 0 325 332 
9606.ENSP00000471683 9606.ENSP00000326581 0 0 0 0 0 0 207 207 
9606.ENSP00000471683 9606.ENSP00000355637 0 0 0 50 0 0 186 194 
9606.ENSP00000471683 9606.ENSP00000388137 0 0 0 0 0 0 220 220 
9606.ENSP00000471683 9606.ENSP00000221856 0 0 0 0 0 0 165 165 
9606.ENSP00000471683 9606.ENSP00000387888 0 0 0 49 0 0 148 156 
9606.ENSP00000471683 9606.ENSP00000483300 0 0 0 0 0 0 295 295 
9606.ENSP00000471683 9606.ENSP00000451828 0 0 0 0 45 0 163 166 
9606.ENSP00000471683 9606.ENSP00000354511 0 0 0 0 0 0 317 317 
9606.ENSP00000471683 9606.ENSP00000275034 0 0 0 0 53 0 221 230 
9606.ENSP00000471683 9606.ENSP00000261783 0 0 0 63 0 0 139 158 
9606.ENSP00000471683 9606.ENSP00000417185 0 0 0 55 0 0 236 247 
9606.ENSP00000471683 9606.ENSP00000332915 0 0 0 0 0 0 193 193 
9606.ENSP00000471683 9606.ENSP00000381386 0 0 0 0 0 0 284 284 
9606.ENSP00000471683 9606.ENSP00000286298 0 0 0 0 0 0 218 218 
9606.ENSP00000471683 9606.ENSP00000372351 0 0 0 62 0 0 136 154 
9606.ENSP00000471683 9606.ENSP00000247815 0 0 0 0 0 0 161 161 
9606.ENSP00000471683 9606.ENSP00000229239 0 0 0 51 0 0 188 197 
9606.ENSP00000471683 9606.ENSP00000351686 0 0 0 0 0 0 474 474 
9606.ENSP00000471683 9606.ENSP00000303211 0 0 0 54 0 0 210 220 
9606.ENSP00000471683 9606.ENSP00000358223 0 0 0 52 0 0 404 411 
9606.ENSP00000471683 9606.ENSP00000231004 0 0 0 0 0 0 211 211 
9606.ENSP00000471683 9606.ENSP00000273158 0 0 0 0 0 0 173 173 
9606.ENSP00000471683 9606.ENSP00000416293 0 0 0 62 0 0 308 323 
9606.ENSP00000471683 9606.ENSP00000420270 0 0 0 0 50 0 155 162 
9606.ENSP00000471683 9606.ENSP00000169298 0 0 0 83 0 0 111 150 
9606.ENSP00000471683 9606.ENSP00000267814 0 0 0 63 0 0 165 184 
9606.ENSP00000471683 9606.ENSP00000264914 0 0 0 0 0 0 150 150 
9606.ENSP00000471683 9606.ENSP00000358045 0 0 0 0 0 0 150 150 
9606.ENSP00000471683 9606.ENSP00000440915 0 0 0 0 0 0 396 396 
9606.ENSP00000471683 9606.ENSP00000444408 0 0 0 64 93 0 644 672 
9606.ENSP00000471683 9606.ENSP00000445340 0 0 0 86 0 0 119 161 
9606.ENSP00000471683 9606.ENSP00000255695 0 0 0 0 0 0 175 175 
9606.ENSP00000471683 9606.ENSP00000389787 0 0 0 62 82 0 94 151 
9606.ENSP00000471683 9606.ENSP00000352904 0 0 0 0 0 0 177 177 
9606.ENSP00000471683 9606.ENSP00000360268 0 0 0 0 0 0 219 219 
9606.ENSP00000471683 9606.ENSP00000481046 0 0 0 0 0 0 158 158 
9606.ENSP00000471683 9606.ENSP00000221742 0 0 0 64 93 0 229 288 
9606.ENSP00000471683 9606.ENSP00000327875 0 0 0 65 0 0 152 173 
9606.ENSP00000471683 9606.ENSP00000230050 0 0 0 0 0 0 207 207 
9606.ENSP00000471683 9606.ENSP00000216489 0 0 0 0 0 0 714 714 
9606.ENSP00000471683 9606.ENSP00000411471 0 0 0 0 0 0 165 165 
9606.ENSP00000471683 9606.ENSP00000332646 0 0 0 62 0 0 484 495 
9606.ENSP00000471683 9606.ENSP00000402257 0 0 0 0 0 0 279 279 
9606.ENSP00000471683 9606.ENSP00000258403 0 0 0 0 0 0 381 381 
9606.ENSP00000471683 9606.ENSP00000302719 0 0 0 0 0 0 165 165 
9606.ENSP00000471683 9606.ENSP00000393847 0 0 0 57 0 0 336 347 
9606.ENSP00000471683 9606.ENSP00000252590 0 0 0 0 0 0 242 242 
9606.ENSP00000471683 9606.ENSP00000449795 0 0 0 0 0 0 165 165 
9606.ENSP00000471683 9606.ENSP00000481301 0 0 0 0 0 800 77 807 
9606.ENSP00000471683 9606.ENSP00000274289 0 0 0 61 0 0 151 168 
9606.ENSP00000471683 9606.ENSP00000337353 0 0 0 0 0 0 243 243 
9606.ENSP00000471683 9606.ENSP00000171111 0 0 0 0 0 0 211 211 
9606.ENSP00000471683 9606.ENSP00000371886 0 0 0 55 0 0 149 162 
9606.ENSP00000471683 9606.ENSP00000258534 0 0 0 0 0 0 171 171 
9606.ENSP00000471683 9606.ENSP00000249396 0 0 0 0 0 0 186 186 
9606.ENSP00000471683 9606.ENSP00000310447 0 0 0 0 0 0 432 432 
9606.ENSP00000471683 9606.ENSP00000364054 0 0 0 94 0 0 125 173 
9606.ENSP00000471683 9606.ENSP00000309757 0 0 0 51 0 0 171 180 
9606.ENSP00000471683 9606.ENSP00000294168 0 0 0 0 0 0 165 165 
9606.ENSP00000471683 9606.ENSP00000220764 0 0 0 0 56 0 341 352 
9606.ENSP00000471683 9606.ENSP00000366118 0 0 0 0 0 0 574 574 
9606.ENSP00000471683 9606.ENSP00000402608 0 0 0 63 0 0 193 212 
9606.ENSP00000471683 9606.ENSP00000483491 0 0 0 0 62 0 196 213 
9606.ENSP00000471683 9606.ENSP00000254301 0 0 0 0 0 0 327 327 
9606.ENSP00000471683 9606.ENSP00000269582 0 0 0 0 0 0 388 388 
9606.ENSP00000471683 9606.ENSP00000466134 0 0 0 0 0 0 191 191 
9606.ENSP00000471683 9606.ENSP00000417980 0 0 0 0 0 0 167 167 
9606.ENSP00000471683 9606.ENSP00000308770 0 0 0 0 0 0 155 155 
9606.ENSP00000471683 9606.ENSP00000219345 0 0 0 50 0 0 277 284 
9606.ENSP00000471683 9606.ENSP00000458762 0 0 0 0 0 0 154 154 
9606.ENSP00000471683 9606.ENSP00000397673 0 0 0 0 0 0 408 408 
9606.ENSP00000471683 9606.ENSP00000228318 0 0 0 62 0 0 150 169 
9606.ENSP00000471683 9606.ENSP00000405218 0 0 0 0 0 0 448 448 
9606.ENSP00000471683 9606.ENSP00000206513 0 0 0 0 0 0 215 215 
9606.ENSP00000471683 9606.ENSP00000416002 45 0 0 0 50 0 200 211 
9606.ENSP00000471683 9606.ENSP00000377446 0 0 0 189 0 0 0 189 
9606.ENSP00000471683 9606.ENSP00000385035 0 0 0 0 0 0 286 286 
9606.ENSP00000471683 9606.ENSP00000395654 0 0 0 0 50 0 296 302 
9606.ENSP00000471683 9606.ENSP00000342778 0 0 0 0 0 0 251 251 
9606.ENSP00000471683 9606.ENSP00000308895 0 0 0 0 0 0 217 217 
9606.ENSP00000471683 9606.ENSP00000443256 0 0 0 0 0 0 154 154 
9606.ENSP00000471683 9606.ENSP00000014930 0 0 0 0 0 0 229 229 
9606.ENSP00000471683 9606.ENSP00000300175 0 0 0 128 0 0 83 166 
9606.ENSP00000471683 9606.ENSP00000346725 0 0 0 80 0 0 348 374 
9606.ENSP00000471683 9606.ENSP00000228468 0 0 0 0 0 0 204 204 
9606.ENSP00000471683 9606.ENSP00000210060 0 0 0 0 0 0 151 151 
9606.ENSP00000471683 9606.ENSP00000325564 0 0 0 0 0 0 171 171 
9606.ENSP00000471683 9606.ENSP00000250615 0 0 0 0 0 0 447 447 
9606.ENSP00000471683 9606.ENSP00000360269 0 0 0 0 0 0 171 171 
9606.ENSP00000471683 9606.ENSP00000295453 0 0 0 0 0 0 159 159 
9606.ENSP00000471683 9606.ENSP00000425561 0 0 0 63 84 0 104 163 
9606.ENSP00000471683 9606.ENSP00000314606 0 0 0 0 0 0 198 198 
9606.ENSP00000471683 9606.ENSP00000307599 0 0 0 0 0 0 745 745 
9606.ENSP00000471683 9606.ENSP00000466967 0 0 0 90 0 0 247 285 
9606.ENSP00000471683 9606.ENSP00000356903 0 0 0 0 0 0 160 160 
9606.ENSP00000471683 9606.ENSP00000464814 0 0 0 0 0 0 211 211 
9606.ENSP00000471683 9606.ENSP00000411788 0 0 0 0 0 0 214 214 
9606.ENSP00000471683 9606.ENSP00000227266 0 0 0 0 53 0 311 319 
9606.ENSP00000471683 9606.ENSP00000216185 0 0 0 0 64 0 142 162 
9606.ENSP00000471683 9606.ENSP00000479618 0 0 0 69 0 0 252 273 
9606.ENSP00000471683 9606.ENSP00000320378 0 0 0 62 50 0 366 385 
9606.ENSP00000471683 9606.ENSP00000263620 0 0 0 0 0 0 248 248 
9606.ENSP00000471683 9606.ENSP00000302177 0 0 0 62 0 0 227 243 
9606.ENSP00000471683 9606.ENSP00000260649 0 0 0 0 0 0 309 309 
9606.ENSP00000471683 9606.ENSP00000356825 0 0 0 0 0 0 151 151 
9606.ENSP00000471683 9606.ENSP00000306528 0 0 0 0 0 0 248 248 
9606.ENSP00000471683 9606.ENSP00000261249 0 0 0 61 0 0 246 261 
9606.ENSP00000471683 9606.ENSP00000339613 0 0 0 0 0 0 233 233 
9606.ENSP00000471683 9606.ENSP00000323076 0 0 0 0 0 0 266 266 
9606.ENSP00000471683 9606.ENSP00000386272 0 0 0 0 0 0 154 154 
9606.ENSP00000471683 9606.ENSP00000363193 0 0 0 163 0 0 0 163 
9606.ENSP00000471683 9606.ENSP00000416418 0 0 0 61 0 0 136 154 
9606.ENSP00000471683 9606.ENSP00000264833 0 0 0 0 0 0 165 165 
9606.ENSP00000471683 9606.ENSP00000272542 0 0 0 0 0 0 175 175 
9606.ENSP00000471683 9606.ENSP00000253382 0 0 0 62 0 0 141 160 
9606.ENSP00000471683 9606.ENSP00000333591 0 0 0 0 50 0 191 199 
9606.ENSP00000471683 9606.ENSP00000417222 0 0 0 52 0 0 151 161 
9606.ENSP00000471683 9606.ENSP00000361473 0 0 0 61 0 0 297 311 
9606.ENSP00000471683 9606.ENSP00000265052 0 0 0 62 0 0 133 152 
9606.ENSP00000471683 9606.ENSP00000320171 0 0 0 61 0 0 135 153 
9606.ENSP00000471683 9606.ENSP00000481096 0 0 0 0 0 0 472 472 
9606.ENSP00000471683 9606.ENSP00000473172 0 0 0 61 0 0 246 261 
9606.ENSP00000471683 9606.ENSP00000278243 0 0 0 0 0 0 220 220 
9606.ENSP00000471683 9606.ENSP00000420200 0 0 0 65 0 0 171 191 
9606.ENSP00000471683 9606.ENSP00000428426 0 0 0 0 0 0 167 167 
9606.ENSP00000471683 9606.ENSP00000256999 0 0 0 0 0 0 150 150 
9606.ENSP00000471683 9606.ENSP00000333934 0 0 0 0 0 0 175 175 
9606.ENSP00000471683 9606.ENSP00000265773 0 0 0 0 50 0 384 389 
9606.ENSP00000471683 9606.ENSP00000262460 0 0 0 0 0 0 158 158 
9606.ENSP00000471683 9606.ENSP00000303206 0 0 0 0 0 0 204 204 
9606.ENSP00000471683 9606.ENSP00000296252 0 0 0 52 0 0 262 271 
9606.ENSP00000471683 9606.ENSP00000321388 0 0 0 0 0 0 308 308 
9606.ENSP00000471683 9606.ENSP00000215730 0 0 0 61 0 0 413 425 
9606.ENSP00000471683 9606.ENSP00000476228 0 0 0 0 0 0 185 185 
9606.ENSP00000471683 9606.ENSP00000299709 0 0 0 0 0 0 211 211 
9606.ENSP00000471683 9606.ENSP00000303147 0 0 0 61 0 0 211 228 
9606.ENSP00000471683 9606.ENSP00000222673 0 0 0 0 0 0 282 282 
9606.ENSP00000471683 9606.ENSP00000362549 0 0 0 49 0 0 145 153 
9606.ENSP00000471683 9606.ENSP00000361965 0 0 0 87 0 0 201 239 
9606.ENSP00000471683 9606.ENSP00000406162 0 0 0 51 0 0 223 231 
9606.ENSP00000471683 9606.ENSP00000302111 46 0 0 0 0 0 250 253 
9606.ENSP00000471683 9606.ENSP00000321239 0 0 0 0 0 0 248 248 
9606.ENSP00000471683 9606.ENSP00000263798 0 0 0 0 45 0 187 190 
9606.ENSP00000471683 9606.ENSP00000327943 0 0 0 86 0 0 169 208 
9606.ENSP00000471683 9606.ENSP00000372804 0 0 0 0 0 0 196 196 
9606.ENSP00000471683 9606.ENSP00000362870 0 0 0 0 0 0 206 206 
9606.ENSP00000471683 9606.ENSP00000477538 0 0 0 63 0 0 131 151 
9606.ENSP00000471683 9606.ENSP00000270349 0 0 0 61 0 0 147 164 
9606.ENSP00000471683 9606.ENSP00000475028 0 0 0 49 0 0 148 156 
9606.ENSP00000471683 9606.ENSP00000364902 0 0 0 0 0 0 222 222 
9606.ENSP00000471683 9606.ENSP00000302324 0 0 0 0 0 0 189 189 
9606.ENSP00000471683 9606.ENSP00000338475 0 0 0 0 0 0 307 307 
9606.ENSP00000471683 9606.ENSP00000266088 0 0 0 86 0 0 197 235 
9606.ENSP00000471683 9606.ENSP00000330032 0 0 0 0 0 0 165 165 
9606.ENSP00000471683 9606.ENSP00000314214 0 0 0 0 0 0 459 459 
9606.ENSP00000471683 9606.ENSP00000402103 0 0 0 63 0 0 241 258 
9606.ENSP00000471683 9606.ENSP00000219368 0 0 0 50 51 0 135 152 
9606.ENSP00000471683 9606.ENSP00000367890 0 0 0 62 157 0 0 175 
9606.ENSP00000471683 9606.ENSP00000370129 0 0 0 0 0 0 189 189 
9606.ENSP00000471683 9606.ENSP00000398181 0 0 0 61 0 0 439 450 
9606.ENSP00000471683 9606.ENSP00000262283 0 0 0 57 0 0 145 159 
9606.ENSP00000471683 9606.ENSP00000339260 0 0 0 61 0 0 167 184 
9606.ENSP00000471683 9606.ENSP00000264381 0 0 0 54 0 0 186 197 
9606.ENSP00000471683 9606.ENSP00000267101 0 0 0 0 0 0 227 227 
9606.ENSP00000471683 9606.ENSP00000295206 0 0 0 0 0 0 224 224 
9606.ENSP00000471683 9606.ENSP00000405573 0 0 0 0 0 0 442 442 
9606.ENSP00000471683 9606.ENSP00000412326 0 0 0 0 0 0 157 157 
9606.ENSP00000471683 9606.ENSP00000295454 0 0 0 63 0 0 169 188 
9606.ENSP00000471683 9606.ENSP00000263708 0 0 0 62 0 0 198 215 
9606.ENSP00000471683 9606.ENSP00000233735 0 0 0 0 0 0 302 302 
9606.ENSP00000471683 9606.ENSP00000470972 0 0 0 0 0 0 363 363 
9606.ENSP00000471683 9606.ENSP00000229270 0 0 0 0 0 0 173 173 
9606.ENSP00000471683 9606.ENSP00000278426 0 0 0 70 0 0 287 308 
9606.ENSP00000471683 9606.ENSP00000417658 0 0 0 63 0 0 150 169 
9606.ENSP00000471683 9606.ENSP00000362027 0 0 0 82 0 0 210 243 
9606.ENSP00000471683 9606.ENSP00000393557 0 0 0 0 0 0 178 178 
9606.ENSP00000471683 9606.ENSP00000221485 0 0 0 62 0 0 134 153 
9606.ENSP00000471683 9606.ENSP00000219406 0 0 0 0 64 0 309 325 
9606.ENSP00000471683 9606.ENSP00000345656 0 0 0 62 125 0 149 241 
9606.ENSP00000471683 9606.ENSP00000320324 0 0 0 63 0 0 315 331 
9606.ENSP00000471683 9606.ENSP00000234256 0 0 0 64 93 0 373 421 
9606.ENSP00000471683 9606.ENSP00000367177 0 0 0 0 0 0 167 167 
9606.ENSP00000471683 9606.ENSP00000463978 0 0 0 0 0 0 169 169 
