9606.ENSP00000368503 9606.ENSP00000273130 0 0 0 0 0 0 175 175 
9606.ENSP00000368503 9606.ENSP00000215754 0 0 0 0 0 0 196 196 
9606.ENSP00000368503 9606.ENSP00000298048 0 0 0 81 0 0 297 326 
9606.ENSP00000368503 9606.ENSP00000261475 0 0 0 0 0 0 224 224 
9606.ENSP00000368503 9606.ENSP00000402758 0 0 0 0 0 0 188 188 
9606.ENSP00000368503 9606.ENSP00000268383 0 0 0 0 224 0 0 224 
9606.ENSP00000368503 9606.ENSP00000320688 0 0 0 0 0 0 309 309 
9606.ENSP00000368503 9606.ENSP00000386845 0 0 0 0 0 0 220 220 
9606.ENSP00000368503 9606.ENSP00000281453 0 0 0 0 0 0 194 194 
9606.ENSP00000368503 9606.ENSP00000414109 0 0 0 0 0 0 161 161 
9606.ENSP00000368503 9606.ENSP00000364737 0 0 0 87 0 0 265 300 
9606.ENSP00000368503 9606.ENSP00000311429 0 0 0 142 0 0 193 277 
9606.ENSP00000368503 9606.ENSP00000381198 0 0 0 0 0 0 311 311 
9606.ENSP00000368503 9606.ENSP00000348206 0 0 0 0 0 0 179 179 
9606.ENSP00000368503 9606.ENSP00000360133 0 0 0 0 0 0 213 213 
9606.ENSP00000368503 9606.ENSP00000266517 0 0 0 0 0 0 206 206 
9606.ENSP00000368503 9606.ENSP00000255194 0 0 0 0 0 0 190 190 
9606.ENSP00000368503 9606.ENSP00000199320 0 0 0 0 0 0 307 307 
9606.ENSP00000368503 9606.ENSP00000328236 0 0 0 79 0 0 162 195 
9606.ENSP00000368503 9606.ENSP00000219481 0 0 0 0 0 0 224 224 
9606.ENSP00000368503 9606.ENSP00000335357 0 0 0 0 0 0 163 163 
9606.ENSP00000368503 9606.ENSP00000261597 0 0 0 0 0 0 424 424 
9606.ENSP00000368503 9606.ENSP00000417963 0 0 0 0 0 0 211 211 
9606.ENSP00000368503 9606.ENSP00000268919 0 0 0 0 188 0 0 188 
9606.ENSP00000368503 9606.ENSP00000358060 0 0 0 0 0 0 173 173 
9606.ENSP00000368503 9606.ENSP00000393854 0 0 0 0 0 0 473 473 
9606.ENSP00000368503 9606.ENSP00000285930 0 0 0 0 0 0 211 211 
9606.ENSP00000368503 9606.ENSP00000364382 0 0 0 0 0 0 355 355 
9606.ENSP00000368503 9606.ENSP00000261461 0 0 0 0 0 0 198 198 
9606.ENSP00000368503 9606.ENSP00000251993 0 0 0 0 0 0 329 329 
9606.ENSP00000368503 9606.ENSP00000358582 0 0 0 0 0 0 267 267 
9606.ENSP00000368503 9606.ENSP00000262096 0 0 0 0 0 0 173 173 
9606.ENSP00000368503 9606.ENSP00000304467 0 0 0 0 0 0 173 173 
9606.ENSP00000368503 9606.ENSP00000228843 0 0 0 173 0 0 0 173 
9606.ENSP00000368503 9606.ENSP00000380074 0 0 0 0 0 0 173 173 
9606.ENSP00000368503 9606.ENSP00000318298 0 0 0 0 0 0 204 204 
9606.ENSP00000368503 9606.ENSP00000477973 0 0 0 0 0 0 187 187 
9606.ENSP00000368503 9606.ENSP00000357256 0 0 0 0 0 0 236 236 
9606.ENSP00000368503 9606.ENSP00000302578 0 0 0 0 0 0 238 238 
9606.ENSP00000368503 9606.ENSP00000428489 0 0 0 112 0 0 290 342 
9606.ENSP00000368503 9606.ENSP00000011473 0 0 0 0 0 0 201 201 
9606.ENSP00000368503 9606.ENSP00000321573 0 0 0 0 0 0 457 457 
9606.ENSP00000368503 9606.ENSP00000367049 0 0 0 0 0 0 331 331 
9606.ENSP00000368503 9606.ENSP00000482835 0 0 0 0 0 0 171 171 
9606.ENSP00000368503 9606.ENSP00000229758 0 0 0 77 0 0 136 168 
9606.ENSP00000368503 9606.ENSP00000367208 0 0 0 0 0 0 222 222 
9606.ENSP00000368503 9606.ENSP00000263468 0 0 0 0 0 0 323 323 
9606.ENSP00000368503 9606.ENSP00000312770 0 0 0 0 0 0 373 373 
9606.ENSP00000368503 9606.ENSP00000395012 0 0 0 0 0 0 309 309 
9606.ENSP00000368503 9606.ENSP00000356102 0 0 0 0 0 0 201 201 
9606.ENSP00000368503 9606.ENSP00000368667 0 0 0 0 0 0 225 225 
9606.ENSP00000368503 9606.ENSP00000362018 0 0 0 92 0 0 169 213 
9606.ENSP00000368503 9606.ENSP00000317636 0 0 0 0 0 0 163 163 
9606.ENSP00000368503 9606.ENSP00000360944 0 0 0 98 0 0 161 211 
9606.ENSP00000368503 9606.ENSP00000377262 0 0 0 0 442 0 0 442 
9606.ENSP00000368503 9606.ENSP00000166345 0 0 0 64 0 0 164 184 
9606.ENSP00000368503 9606.ENSP00000376472 0 0 0 0 0 0 161 161 
9606.ENSP00000368503 9606.ENSP00000216455 0 0 0 0 0 0 167 167 
9606.ENSP00000368503 9606.ENSP00000353741 0 0 0 0 0 0 173 173 
9606.ENSP00000368503 9606.ENSP00000365255 0 0 0 0 0 0 226 226 
9606.ENSP00000368503 9606.ENSP00000410818 0 0 0 0 0 0 294 294 
9606.ENSP00000368503 9606.ENSP00000369860 0 0 0 0 0 0 313 313 
9606.ENSP00000368503 9606.ENSP00000333551 0 0 0 0 0 0 229 229 
9606.ENSP00000368503 9606.ENSP00000296509 0 0 0 130 0 0 116 198 
9606.ENSP00000368503 9606.ENSP00000230321 0 0 0 0 0 0 173 173 
9606.ENSP00000368503 9606.ENSP00000414884 0 0 0 0 0 0 187 187 
9606.ENSP00000368503 9606.ENSP00000300249 0 0 0 0 0 0 167 167 
9606.ENSP00000368503 9606.ENSP00000350447 0 0 0 79 0 0 212 243 
9606.ENSP00000368503 9606.ENSP00000270861 0 0 0 154 0 0 0 154 
9606.ENSP00000368503 9606.ENSP00000322180 0 0 0 63 0 0 203 221 
9606.ENSP00000368503 9606.ENSP00000265295 0 0 0 99 0 0 214 261 
9606.ENSP00000368503 9606.ENSP00000260952 0 0 0 0 0 0 311 311 
9606.ENSP00000368503 9606.ENSP00000333012 0 0 0 0 0 0 243 243 
9606.ENSP00000368503 9606.ENSP00000265334 0 0 0 0 0 0 246 246 
9606.ENSP00000368503 9606.ENSP00000385158 0 0 0 0 0 0 282 282 
9606.ENSP00000368503 9606.ENSP00000453403 0 0 0 78 0 0 144 177 
9606.ENSP00000368503 9606.ENSP00000303222 0 0 0 0 0 0 167 167 
9606.ENSP00000368503 9606.ENSP00000357259 0 0 0 0 0 0 225 225 
9606.ENSP00000368503 9606.ENSP00000258774 0 0 0 0 194 0 0 194 
9606.ENSP00000368503 9606.ENSP00000362146 0 0 0 141 0 0 123 214 
9606.ENSP00000368503 9606.ENSP00000231524 0 0 0 0 0 0 201 201 
9606.ENSP00000368503 9606.ENSP00000376168 0 0 0 0 0 0 189 189 
9606.ENSP00000368503 9606.ENSP00000367276 0 0 0 78 0 0 145 177 
9606.ENSP00000368503 9606.ENSP00000449428 0 0 0 0 0 0 363 363 
9606.ENSP00000368503 9606.ENSP00000220514 0 0 0 64 0 0 221 239 
9606.ENSP00000368503 9606.ENSP00000426237 0 0 0 0 0 0 225 225 
9606.ENSP00000368503 9606.ENSP00000288466 0 0 0 0 0 0 307 307 
9606.ENSP00000368503 9606.ENSP00000348380 0 0 0 0 0 0 284 284 
9606.ENSP00000368503 9606.ENSP00000242776 0 0 0 0 0 0 422 422 
9606.ENSP00000368503 9606.ENSP00000358739 0 0 0 0 442 0 0 442 
9606.ENSP00000368503 9606.ENSP00000271452 0 0 0 97 0 0 128 178 
9606.ENSP00000368503 9606.ENSP00000296486 0 0 0 0 0 0 204 204 
9606.ENSP00000368503 9606.ENSP00000454926 0 0 0 0 0 0 405 405 
9606.ENSP00000368503 9606.ENSP00000299192 0 0 0 0 0 0 334 334 
