9606.ENSP00000453554 9606.ENSP00000415579 0 0 0 0 0 0 245 245 
9606.ENSP00000453554 9606.ENSP00000417378 0 0 0 0 0 0 163 163 
9606.ENSP00000453554 9606.ENSP00000347484 0 0 0 0 0 0 375 375 
9606.ENSP00000453554 9606.ENSP00000339182 0 0 0 0 0 0 212 212 
9606.ENSP00000453554 9606.ENSP00000342538 0 0 0 0 0 0 311 311 
9606.ENSP00000453554 9606.ENSP00000359942 0 0 0 0 0 0 412 412 
9606.ENSP00000453554 9606.ENSP00000239440 0 0 0 0 0 0 388 388 
9606.ENSP00000453554 9606.ENSP00000228928 0 0 0 0 0 0 252 252 
9606.ENSP00000453554 9606.ENSP00000452871 0 0 0 0 0 0 292 292 
9606.ENSP00000453554 9606.ENSP00000346389 0 0 0 0 0 0 189 189 
9606.ENSP00000453554 9606.ENSP00000282030 0 0 0 0 0 0 250 250 
9606.ENSP00000453554 9606.ENSP00000370194 0 0 0 0 0 0 307 307 
9606.ENSP00000453554 9606.ENSP00000387261 0 0 0 0 0 0 398 398 
9606.ENSP00000453554 9606.ENSP00000009105 0 0 0 0 0 0 420 420 
9606.ENSP00000453554 9606.ENSP00000429022 0 0 0 0 0 0 293 293 
9606.ENSP00000453554 9606.ENSP00000348128 0 0 0 0 0 0 319 319 
9606.ENSP00000453554 9606.ENSP00000265382 0 0 0 0 0 0 400 400 
9606.ENSP00000453554 9606.ENSP00000423630 0 0 0 0 0 0 420 420 
9606.ENSP00000453554 9606.ENSP00000451030 0 0 0 0 0 0 353 353 
9606.ENSP00000453554 9606.ENSP00000293860 0 0 0 0 0 0 211 211 
9606.ENSP00000453554 9606.ENSP00000329654 0 0 0 0 0 0 442 442 
9606.ENSP00000453554 9606.ENSP00000379842 0 0 0 0 0 0 268 268 
9606.ENSP00000453554 9606.ENSP00000278980 0 0 0 0 0 0 250 250 
9606.ENSP00000453554 9606.ENSP00000377265 0 0 0 0 0 0 270 270 
9606.ENSP00000453554 9606.ENSP00000402092 0 0 0 0 0 0 429 429 
9606.ENSP00000453554 9606.ENSP00000352927 0 0 0 0 0 0 473 473 
9606.ENSP00000453554 9606.ENSP00000385025 0 0 0 0 0 0 197 197 
9606.ENSP00000453554 9606.ENSP00000371169 0 0 0 0 0 0 150 150 
9606.ENSP00000453554 9606.ENSP00000356430 0 0 0 0 0 0 341 341 
9606.ENSP00000453554 9606.ENSP00000288912 0 0 0 0 0 0 243 243 
9606.ENSP00000453554 9606.ENSP00000262126 0 0 0 0 0 0 212 212 
9606.ENSP00000453554 9606.ENSP00000344465 0 0 0 0 0 0 412 412 
9606.ENSP00000453554 9606.ENSP00000227348 0 0 0 0 0 0 354 354 
9606.ENSP00000453554 9606.ENSP00000304642 0 0 0 0 0 0 150 150 
9606.ENSP00000453554 9606.ENSP00000333680 0 0 0 0 0 0 426 426 
9606.ENSP00000453554 9606.ENSP00000345494 0 0 0 0 0 0 269 269 
9606.ENSP00000453554 9606.ENSP00000319814 0 0 0 0 0 0 196 196 
9606.ENSP00000453554 9606.ENSP00000251582 0 0 0 0 0 0 265 265 
9606.ENSP00000453554 9606.ENSP00000424737 0 0 0 0 0 0 354 354 
9606.ENSP00000453554 9606.ENSP00000254508 0 0 0 0 0 0 327 327 
9606.ENSP00000453554 9606.ENSP00000379267 0 0 0 0 0 0 197 197 
9606.ENSP00000453554 9606.ENSP00000276616 0 0 0 0 0 0 584 584 
9606.ENSP00000453554 9606.ENSP00000280979 0 0 0 0 0 0 323 323 
9606.ENSP00000453554 9606.ENSP00000262441 0 0 0 0 0 0 152 152 
9606.ENSP00000453554 9606.ENSP00000356975 0 0 0 0 0 0 188 188 
9606.ENSP00000453554 9606.ENSP00000367064 0 0 0 0 0 0 266 266 
9606.ENSP00000453554 9606.ENSP00000412130 0 0 0 0 0 0 388 388 
