9606.ENSP00000269321 9606.ENSP00000334876 0 0 0 0 0 0 224 224 
9606.ENSP00000269321 9606.ENSP00000299767 0 0 0 45 0 0 189 192 
9606.ENSP00000269321 9606.ENSP00000358142 0 0 0 0 165 0 0 165 
9606.ENSP00000269321 9606.ENSP00000354376 0 0 0 117 261 0 74 343 
9606.ENSP00000269321 9606.ENSP00000484121 0 0 0 46 0 0 355 358 
9606.ENSP00000269321 9606.ENSP00000253401 0 0 0 0 86 0 149 189 
9606.ENSP00000269321 9606.ENSP00000418915 0 0 0 55 0 0 197 208 
9606.ENSP00000269321 9606.ENSP00000327801 0 5 0 204 0 0 570 643 
9606.ENSP00000269321 9606.ENSP00000360266 0 0 0 61 108 0 250 316 
9606.ENSP00000269321 9606.ENSP00000364815 0 0 0 134 111 0 57 210 
9606.ENSP00000269321 9606.ENSP00000397911 0 0 0 0 0 0 158 158 
9606.ENSP00000269321 9606.ENSP00000256593 0 0 0 0 0 0 192 192 
9606.ENSP00000269321 9606.ENSP00000199447 0 0 0 0 0 0 357 357 
9606.ENSP00000269321 9606.ENSP00000295314 0 0 0 62 0 0 293 308 
9606.ENSP00000269321 9606.ENSP00000347792 0 0 0 0 0 0 382 382 
9606.ENSP00000269321 9606.ENSP00000478320 0 0 0 0 379 0 43 380 
9606.ENSP00000269321 9606.ENSP00000352264 0 0 0 62 0 0 435 447 
9606.ENSP00000269321 9606.ENSP00000426632 0 0 0 0 0 0 170 170 
9606.ENSP00000269321 9606.ENSP00000373347 0 0 0 0 0 0 177 177 
9606.ENSP00000269321 9606.ENSP00000356694 0 0 0 0 480 0 69 495 
9606.ENSP00000269321 9606.ENSP00000357189 0 0 0 76 0 0 174 204 
9606.ENSP00000269321 9606.ENSP00000469413 0 0 0 61 0 0 200 217 
9606.ENSP00000269321 9606.ENSP00000371253 0 0 0 66 0 0 452 466 
9606.ENSP00000269321 9606.ENSP00000362576 0 0 0 160 0 0 129 237 
9606.ENSP00000269321 9606.ENSP00000365891 0 0 0 0 0 0 392 392 
9606.ENSP00000269321 9606.ENSP00000350815 0 0 0 0 0 0 550 550 
9606.ENSP00000269321 9606.ENSP00000439601 0 0 0 67 0 0 132 156 
9606.ENSP00000269321 9606.ENSP00000293860 0 0 0 0 0 0 204 204 
9606.ENSP00000269321 9606.ENSP00000356832 0 0 0 0 0 0 212 212 
9606.ENSP00000269321 9606.ENSP00000361850 0 0 0 0 0 0 282 282 
9606.ENSP00000269321 9606.ENSP00000359991 0 0 0 94 0 0 117 165 
9606.ENSP00000269321 9606.ENSP00000393241 0 0 0 44 0 0 190 193 
9606.ENSP00000269321 9606.ENSP00000383365 0 0 0 0 0 0 323 323 
9606.ENSP00000269321 9606.ENSP00000317971 0 0 0 82 0 0 299 329 
9606.ENSP00000269321 9606.ENSP00000322419 0 0 0 98 0 0 464 496 
9606.ENSP00000269321 9606.ENSP00000309539 0 0 0 63 0 0 230 247 
9606.ENSP00000269321 9606.ENSP00000281708 0 0 0 0 379 0 55 388 
9606.ENSP00000269321 9606.ENSP00000383063 0 0 0 0 0 0 468 468 
9606.ENSP00000269321 9606.ENSP00000377769 0 0 0 61 261 0 84 308 
9606.ENSP00000269321 9606.ENSP00000228841 0 0 0 52 0 0 244 252 
9606.ENSP00000269321 9606.ENSP00000223023 0 0 0 0 0 0 408 408 
9606.ENSP00000269321 9606.ENSP00000410452 0 0 0 0 0 0 290 290 
9606.ENSP00000269321 9606.ENSP00000285930 0 0 0 0 85 0 270 304 
9606.ENSP00000269321 9606.ENSP00000380734 0 0 0 0 418 0 0 418 
9606.ENSP00000269321 9606.ENSP00000268182 0 0 0 70 0 0 364 384 
9606.ENSP00000269321 9606.ENSP00000331487 0 0 0 94 0 0 108 157 
9606.ENSP00000269321 9606.ENSP00000355930 0 0 0 0 165 0 0 165 
9606.ENSP00000269321 9606.ENSP00000203556 0 0 0 92 0 0 150 195 
9606.ENSP00000269321 9606.ENSP00000295256 0 0 0 0 0 0 311 311 
9606.ENSP00000269321 9606.ENSP00000228945 0 0 0 63 0 900 63 904 
9606.ENSP00000269321 9606.ENSP00000378974 0 0 0 49 480 0 331 640 
9606.ENSP00000269321 9606.ENSP00000254928 0 0 0 88 0 0 128 170 
9606.ENSP00000269321 9606.ENSP00000378332 0 0 0 62 0 0 187 205 
9606.ENSP00000269321 9606.ENSP00000350052 0 0 0 105 0 0 247 297 
9606.ENSP00000269321 9606.ENSP00000269586 0 0 0 61 261 0 65 294 
9606.ENSP00000269321 9606.ENSP00000231509 0 0 0 0 0 0 186 186 
9606.ENSP00000269321 9606.ENSP00000330075 0 0 0 0 0 0 265 265 
9606.ENSP00000269321 9606.ENSP00000350199 0 0 0 168 0 0 0 168 
9606.ENSP00000269321 9606.ENSP00000263370 0 0 0 71 0 0 136 163 
9606.ENSP00000269321 9606.ENSP00000332604 0 0 0 44 0 0 152 155 
9606.ENSP00000269321 9606.ENSP00000331944 0 0 0 0 0 0 193 193 
9606.ENSP00000269321 9606.ENSP00000360025 0 0 0 0 0 0 170 170 
9606.ENSP00000269321 9606.ENSP00000312734 0 0 0 85 0 0 174 211 
9606.ENSP00000269321 9606.ENSP00000356587 0 0 0 54 0 0 444 452 
9606.ENSP00000269321 9606.ENSP00000383118 0 0 0 175 881 900 883 998 
9606.ENSP00000269321 9606.ENSP00000296266 0 0 0 0 0 0 313 313 
9606.ENSP00000269321 9606.ENSP00000342793 0 0 0 0 0 0 162 162 
9606.ENSP00000269321 9606.ENSP00000371267 0 0 0 250 0 0 165 347 
9606.ENSP00000269321 9606.ENSP00000262613 0 0 0 69 0 0 389 406 
9606.ENSP00000269321 9606.ENSP00000481421 0 0 0 0 165 0 0 165 
9606.ENSP00000269321 9606.ENSP00000347684 0 0 0 0 0 0 215 215 
9606.ENSP00000269321 9606.ENSP00000482835 0 0 0 139 0 0 68 163 
9606.ENSP00000269321 9606.ENSP00000368190 0 0 0 0 0 0 382 382 
9606.ENSP00000269321 9606.ENSP00000290349 0 0 0 111 0 0 145 208 
9606.ENSP00000269321 9606.ENSP00000377471 0 0 0 119 0 0 177 245 
9606.ENSP00000269321 9606.ENSP00000381992 0 0 0 127 0 0 223 293 
9606.ENSP00000269321 9606.ENSP00000261739 0 0 0 0 181 0 0 181 
9606.ENSP00000269321 9606.ENSP00000324173 0 0 0 0 0 0 289 289 
9606.ENSP00000269321 9606.ENSP00000358515 0 0 0 0 165 0 0 165 
9606.ENSP00000269321 9606.ENSP00000474090 0 0 0 0 0 0 177 177 
9606.ENSP00000269321 9606.ENSP00000236671 0 0 0 156 0 0 138 242 
9606.ENSP00000269321 9606.ENSP00000295797 0 0 0 0 0 0 173 173 
9606.ENSP00000269321 9606.ENSP00000302886 0 0 0 149 0 0 117 217 
9606.ENSP00000269321 9606.ENSP00000333547 0 0 0 212 261 0 65 408 
9606.ENSP00000269321 9606.ENSP00000354451 0 0 0 61 0 0 158 176 
9606.ENSP00000269321 9606.ENSP00000366488 0 0 0 61 0 800 0 804 
9606.ENSP00000269321 9606.ENSP00000265849 0 0 0 0 0 0 216 216 
9606.ENSP00000269321 9606.ENSP00000435412 0 0 0 65 0 0 138 160 
9606.ENSP00000269321 9606.ENSP00000221418 0 0 0 0 0 0 348 348 
9606.ENSP00000269321 9606.ENSP00000314380 0 0 0 139 0 0 237 315 
9606.ENSP00000269321 9606.ENSP00000307786 0 0 0 62 0 0 221 238 
9606.ENSP00000269321 9606.ENSP00000343325 0 0 0 114 0 0 359 408 
9606.ENSP00000269321 9606.ENSP00000270517 0 0 0 65 0 0 132 154 
9606.ENSP00000269321 9606.ENSP00000246747 0 0 0 62 0 0 415 428 
9606.ENSP00000269321 9606.ENSP00000433427 0 0 0 64 261 0 65 296 
9606.ENSP00000269321 9606.ENSP00000354733 0 0 0 151 0 0 0 151 
9606.ENSP00000269321 9606.ENSP00000306010 0 0 0 118 261 0 65 337 
9606.ENSP00000269321 9606.ENSP00000318635 0 0 0 0 427 0 77 449 
9606.ENSP00000269321 9606.ENSP00000432472 0 0 0 45 0 0 311 313 
9606.ENSP00000269321 9606.ENSP00000302476 0 0 0 0 0 0 190 190 
9606.ENSP00000269321 9606.ENSP00000341071 0 0 0 0 0 0 359 359 
9606.ENSP00000269321 9606.ENSP00000272519 0 0 0 61 261 0 276 454 
9606.ENSP00000269321 9606.ENSP00000317473 0 0 0 76 0 0 119 151 
9606.ENSP00000269321 9606.ENSP00000264710 0 0 0 89 0 0 192 233 
9606.ENSP00000269321 9606.ENSP00000294742 0 0 0 91 0 0 255 293 
9606.ENSP00000269321 9606.ENSP00000354251 0 0 0 62 0 0 349 363 
9606.ENSP00000269321 9606.ENSP00000362932 0 0 0 61 261 0 65 294 
9606.ENSP00000269321 9606.ENSP00000299299 0 0 0 0 0 0 221 221 
9606.ENSP00000269321 9606.ENSP00000343690 0 0 0 63 0 0 275 292 
9606.ENSP00000269321 9606.ENSP00000391481 0 0 0 74 84 0 249 308 
9606.ENSP00000269321 9606.ENSP00000376889 0 0 0 62 0 0 172 190 
9606.ENSP00000269321 9606.ENSP00000431418 0 0 0 0 54 0 254 264 
9606.ENSP00000269321 9606.ENSP00000366156 0 0 0 168 0 0 66 190 
9606.ENSP00000269321 9606.ENSP00000300574 0 0 0 53 0 0 154 164 
9606.ENSP00000269321 9606.ENSP00000309597 0 0 0 116 0 0 126 194 
9606.ENSP00000269321 9606.ENSP00000376368 0 0 0 61 0 0 290 304 
9606.ENSP00000269321 9606.ENSP00000404676 0 0 0 0 0 0 312 312 
9606.ENSP00000269321 9606.ENSP00000420009 0 0 0 0 0 0 222 222 
9606.ENSP00000269321 9606.ENSP00000381581 0 0 0 51 0 0 199 207 
9606.ENSP00000269321 9606.ENSP00000440045 0 0 0 55 0 0 218 230 
9606.ENSP00000269321 9606.ENSP00000369314 0 0 0 0 0 0 199 199 
9606.ENSP00000269321 9606.ENSP00000426909 0 0 0 84 0 0 141 180 
9606.ENSP00000269321 9606.ENSP00000394487 0 0 0 0 0 0 150 150 
9606.ENSP00000269321 9606.ENSP00000376872 0 0 0 117 261 0 65 336 
9606.ENSP00000269321 9606.ENSP00000263339 0 0 0 0 0 0 230 230 
9606.ENSP00000269321 9606.ENSP00000282728 0 0 0 0 0 0 163 163 
9606.ENSP00000269321 9606.ENSP00000345230 0 0 0 61 0 0 189 205 
9606.ENSP00000269321 9606.ENSP00000326031 0 0 0 170 0 0 0 170 
9606.ENSP00000269321 9606.ENSP00000263774 0 0 0 47 0 0 210 215 
9606.ENSP00000269321 9606.ENSP00000369666 0 0 0 102 0 0 156 209 
9606.ENSP00000269321 9606.ENSP00000362680 0 0 0 90 0 0 644 663 
9606.ENSP00000269321 9606.ENSP00000306245 0 0 0 0 0 0 161 161 
9606.ENSP00000269321 9606.ENSP00000378338 0 0 0 121 0 0 75 153 
9606.ENSP00000269321 9606.ENSP00000265354 0 0 0 70 0 0 188 212 
9606.ENSP00000269321 9606.ENSP00000247461 0 0 0 159 0 0 116 224 
9606.ENSP00000269321 9606.ENSP00000293362 0 0 0 127 0 0 67 150 
9606.ENSP00000269321 9606.ENSP00000233143 0 0 0 88 55 0 116 171 
9606.ENSP00000269321 9606.ENSP00000323856 0 0 0 129 0 0 136 215 
9606.ENSP00000269321 9606.ENSP00000312999 0 0 0 327 0 0 123 385 
9606.ENSP00000269321 9606.ENSP00000378611 0 0 0 0 0 0 585 585 
9606.ENSP00000269321 9606.ENSP00000362480 0 0 0 180 0 0 82 215 
9606.ENSP00000269321 9606.ENSP00000285735 0 0 0 169 831 900 804 996 
9606.ENSP00000269321 9606.ENSP00000370517 0 0 0 159 363 0 42 442 
9606.ENSP00000269321 9606.ENSP00000433623 0 0 0 0 0 0 161 161 
9606.ENSP00000269321 9606.ENSP00000361824 0 0 0 89 0 0 119 163 
9606.ENSP00000269321 9606.ENSP00000156626 0 0 0 0 0 0 206 206 
9606.ENSP00000269321 9606.ENSP00000453858 0 0 0 61 0 0 256 271 
9606.ENSP00000269321 9606.ENSP00000315118 0 0 0 62 0 0 745 751 
9606.ENSP00000269321 9606.ENSP00000027335 0 0 0 0 0 0 269 269 
9606.ENSP00000269321 9606.ENSP00000367542 0 0 0 61 0 0 208 224 
9606.ENSP00000269321 9606.ENSP00000398632 0 0 0 50 0 0 275 282 
9606.ENSP00000269321 9606.ENSP00000347498 0 0 0 78 0 0 127 161 
9606.ENSP00000269321 9606.ENSP00000424566 0 0 0 155 0 0 0 155 
9606.ENSP00000269321 9606.ENSP00000328694 0 0 0 138 0 0 69 163 
9606.ENSP00000269321 9606.ENSP00000345771 0 0 0 88 363 0 50 400 
9606.ENSP00000269321 9606.ENSP00000200652 0 0 0 0 166 0 60 182 
9606.ENSP00000269321 9606.ENSP00000398698 0 0 0 49 0 0 161 168 
9606.ENSP00000269321 9606.ENSP00000363641 0 0 0 76 363 0 198 487 
9606.ENSP00000269321 9606.ENSP00000162749 0 0 0 64 480 0 96 521 
9606.ENSP00000269321 9606.ENSP00000467024 0 0 0 172 0 0 0 172 
9606.ENSP00000269321 9606.ENSP00000376765 0 0 0 0 0 0 239 239 
9606.ENSP00000269321 9606.ENSP00000351273 0 0 0 61 491 0 106 536 
9606.ENSP00000269321 9606.ENSP00000419425 0 0 0 165 50 0 132 252 
9606.ENSP00000269321 9606.ENSP00000262958 0 0 0 51 0 0 193 201 
9606.ENSP00000269321 9606.ENSP00000412178 0 0 0 88 0 0 268 303 
9606.ENSP00000269321 9606.ENSP00000290246 0 0 0 74 0 0 354 376 
9606.ENSP00000269321 9606.ENSP00000351022 0 0 0 61 0 0 210 226 
9606.ENSP00000269321 9606.ENSP00000315659 0 0 0 0 86 0 218 254 
9606.ENSP00000269321 9606.ENSP00000298316 0 0 0 94 261 0 272 470 
9606.ENSP00000269321 9606.ENSP00000369786 0 0 0 0 386 0 0 386 
9606.ENSP00000269321 9606.ENSP00000377380 0 0 0 62 162 0 173 293 
9606.ENSP00000269321 9606.ENSP00000343552 0 0 0 0 0 0 398 398 
9606.ENSP00000269321 9606.ENSP00000342026 0 0 0 117 0 0 187 251 
9606.ENSP00000269321 9606.ENSP00000308576 0 0 0 61 352 900 683 978 
9606.ENSP00000269321 9606.ENSP00000217958 0 0 0 59 379 0 116 438 
9606.ENSP00000269321 9606.ENSP00000346032 0 0 0 61 0 0 265 280 
9606.ENSP00000269321 9606.ENSP00000251968 0 0 0 152 0 0 43 154 
9606.ENSP00000269321 9606.ENSP00000256953 0 0 0 61 261 0 65 294 
9606.ENSP00000269321 9606.ENSP00000295897 0 0 0 0 0 0 297 297 
9606.ENSP00000269321 9606.ENSP00000204961 0 0 0 65 0 0 404 419 
9606.ENSP00000269321 9606.ENSP00000317955 0 0 0 0 0 0 210 210 
9606.ENSP00000269321 9606.ENSP00000246069 0 0 0 206 0 0 125 275 
9606.ENSP00000269321 9606.ENSP00000280871 0 0 0 0 185 0 0 185 
9606.ENSP00000269321 9606.ENSP00000331902 0 0 0 49 0 0 145 152 
9606.ENSP00000269321 9606.ENSP00000340305 0 0 0 137 0 0 86 178 
9606.ENSP00000269321 9606.ENSP00000310491 0 0 0 96 0 0 554 579 
9606.ENSP00000269321 9606.ENSP00000391669 0 0 0 65 0 0 168 188 
9606.ENSP00000269321 9606.ENSP00000261890 0 0 0 173 547 0 204 676 
9606.ENSP00000269321 9606.ENSP00000264335 0 0 0 287 0 0 294 475 
9606.ENSP00000269321 9606.ENSP00000337040 0 0 0 0 0 0 221 221 
9606.ENSP00000269321 9606.ENSP00000370376 0 0 0 0 363 0 0 363 
9606.ENSP00000269321 9606.ENSP00000406229 0 0 0 0 0 0 289 289 
9606.ENSP00000269321 9606.ENSP00000269159 0 0 0 0 363 0 0 363 
9606.ENSP00000269321 9606.ENSP00000256759 0 0 0 0 0 0 448 448 
9606.ENSP00000269321 9606.ENSP00000310226 0 0 0 188 0 0 64 207 
9606.ENSP00000269321 9606.ENSP00000269305 0 0 0 61 0 0 284 298 
9606.ENSP00000269321 9606.ENSP00000325905 0 0 0 48 0 0 173 179 
9606.ENSP00000269321 9606.ENSP00000291842 0 0 0 172 0 0 0 172 
9606.ENSP00000269321 9606.ENSP00000367137 0 0 0 0 0 0 165 165 
9606.ENSP00000269321 9606.ENSP00000319096 0 0 0 66 261 0 486 614 
9606.ENSP00000269321 9606.ENSP00000354927 0 0 0 0 0 0 300 300 
9606.ENSP00000269321 9606.ENSP00000337838 0 0 0 61 0 900 357 934 
9606.ENSP00000269321 9606.ENSP00000262384 0 0 0 0 0 0 235 235 
9606.ENSP00000269321 9606.ENSP00000380998 0 0 0 167 0 0 0 167 
9606.ENSP00000269321 9606.ENSP00000203407 0 0 0 107 0 0 100 162 
9606.ENSP00000269321 9606.ENSP00000439189 0 0 0 105 0 0 255 305 
9606.ENSP00000269321 9606.ENSP00000379563 0 0 0 96 0 0 197 243 
9606.ENSP00000269321 9606.ENSP00000289013 0 0 0 69 0 0 224 247 
9606.ENSP00000269321 9606.ENSP00000387699 0 0 0 0 0 0 175 175 
9606.ENSP00000269321 9606.ENSP00000264033 0 0 0 0 0 0 155 155 
9606.ENSP00000269321 9606.ENSP00000387982 0 0 0 0 0 0 237 237 
9606.ENSP00000269321 9606.ENSP00000282412 0 0 0 84 0 0 445 470 
9606.ENSP00000269321 9606.ENSP00000286186 0 0 0 61 491 0 110 538 
9606.ENSP00000269321 9606.ENSP00000377779 0 0 0 0 165 0 0 165 
9606.ENSP00000269321 9606.ENSP00000301838 0 0 0 109 480 0 111 552 
9606.ENSP00000269321 9606.ENSP00000374424 0 0 0 61 0 0 147 165 
9606.ENSP00000269321 9606.ENSP00000378557 0 0 0 0 0 0 221 221 
9606.ENSP00000269321 9606.ENSP00000325240 0 0 0 89 0 0 218 257 
9606.ENSP00000269321 9606.ENSP00000359073 0 0 0 61 0 0 284 299 
9606.ENSP00000269321 9606.ENSP00000382428 0 0 0 63 0 0 136 156 
9606.ENSP00000269321 9606.ENSP00000317997 0 0 0 61 0 0 150 168 
9606.ENSP00000269321 9606.ENSP00000432660 0 0 0 503 0 0 544 764 
9606.ENSP00000269321 9606.ENSP00000337691 0 0 0 62 79 0 128 180 
9606.ENSP00000269321 9606.ENSP00000354876 0 0 0 0 0 0 150 150 
9606.ENSP00000269321 9606.ENSP00000380565 0 0 0 82 0 0 301 332 
9606.ENSP00000269321 9606.ENSP00000288368 0 0 0 0 99 0 235 281 
9606.ENSP00000269321 9606.ENSP00000409666 0 0 0 0 447 0 66 461 
9606.ENSP00000269321 9606.ENSP00000366487 0 0 0 61 261 0 65 294 
9606.ENSP00000269321 9606.ENSP00000376333 0 0 0 0 0 0 204 204 
9606.ENSP00000269321 9606.ENSP00000420213 0 0 0 49 0 0 167 174 
9606.ENSP00000269321 9606.ENSP00000379287 0 0 0 81 0 0 222 255 
9606.ENSP00000269321 9606.ENSP00000000233 0 0 0 95 261 0 76 328 
9606.ENSP00000269321 9606.ENSP00000378760 0 0 0 77 0 0 147 179 
9606.ENSP00000269321 9606.ENSP00000383023 0 0 0 52 0 0 167 176 
9606.ENSP00000269321 9606.ENSP00000361021 0 0 0 0 0 0 207 207 
9606.ENSP00000269321 9606.ENSP00000405965 0 0 0 0 81 0 133 169 
9606.ENSP00000269321 9606.ENSP00000270586 0 0 0 86 0 0 151 191 
9606.ENSP00000269321 9606.ENSP00000316338 0 0 0 62 0 0 351 365 
9606.ENSP00000269321 9606.ENSP00000275493 0 0 0 0 0 0 276 276 
9606.ENSP00000269321 9606.ENSP00000305260 0 0 0 287 0 0 82 318 
9606.ENSP00000269321 9606.ENSP00000401470 0 0 0 89 0 0 143 186 
9606.ENSP00000269321 9606.ENSP00000265070 0 0 0 85 0 0 138 177 
9606.ENSP00000269321 9606.ENSP00000376167 0 0 0 157 0 0 61 174 
9606.ENSP00000269321 9606.ENSP00000302486 0 0 0 67 0 0 164 186 
9606.ENSP00000269321 9606.ENSP00000247470 0 0 0 173 0 0 0 173 
9606.ENSP00000269321 9606.ENSP00000362946 0 0 0 65 261 0 65 298 
9606.ENSP00000269321 9606.ENSP00000321584 0 0 0 105 0 0 112 171 
9606.ENSP00000269321 9606.ENSP00000423541 0 0 0 0 165 0 0 165 
9606.ENSP00000269321 9606.ENSP00000249071 0 0 0 118 718 900 725 992 
9606.ENSP00000269321 9606.ENSP00000281141 0 0 0 0 0 0 175 175 
9606.ENSP00000269321 9606.ENSP00000278568 0 0 0 64 50 900 688 968 
9606.ENSP00000269321 9606.ENSP00000303394 0 0 0 0 0 0 166 166 
9606.ENSP00000269321 9606.ENSP00000300086 0 0 0 0 0 0 226 226 
9606.ENSP00000269321 9606.ENSP00000307863 0 0 0 88 126 0 0 168 
9606.ENSP00000269321 9606.ENSP00000052754 0 0 0 64 0 0 152 173 
9606.ENSP00000269321 9606.ENSP00000474230 0 0 0 61 261 0 65 294 
9606.ENSP00000269321 9606.ENSP00000379350 0 0 0 81 0 0 128 164 
9606.ENSP00000269321 9606.ENSP00000349856 0 0 0 62 182 0 0 199 
9606.ENSP00000269321 9606.ENSP00000466680 0 0 0 61 352 0 520 682 
9606.ENSP00000269321 9606.ENSP00000481314 0 0 0 161 0 0 0 161 
9606.ENSP00000269321 9606.ENSP00000216127 0 0 0 61 261 0 65 294 
9606.ENSP00000269321 9606.ENSP00000381607 0 0 0 62 0 0 217 234 
9606.ENSP00000269321 9606.ENSP00000401303 0 0 0 78 0 0 143 176 
9606.ENSP00000269321 9606.ENSP00000367830 0 0 0 0 0 0 151 151 
9606.ENSP00000269321 9606.ENSP00000238738 0 0 0 61 352 900 520 966 
9606.ENSP00000269321 9606.ENSP00000295087 0 0 0 61 261 0 65 294 
9606.ENSP00000269321 9606.ENSP00000349823 0 0 0 0 0 0 267 267 
9606.ENSP00000269321 9606.ENSP00000349486 0 0 0 124 0 0 173 245 
9606.ENSP00000269321 9606.ENSP00000222390 0 0 0 0 0 0 209 209 
9606.ENSP00000269321 9606.ENSP00000404190 0 0 0 0 0 0 264 264 
9606.ENSP00000269321 9606.ENSP00000397351 0 0 0 0 0 0 179 179 
9606.ENSP00000269321 9606.ENSP00000363500 0 0 0 0 0 0 222 222 
9606.ENSP00000269321 9606.ENSP00000355652 0 0 0 61 352 900 519 966 
9606.ENSP00000269321 9606.ENSP00000376886 0 0 0 97 0 0 174 223 
9606.ENSP00000269321 9606.ENSP00000276431 0 0 0 0 480 0 0 480 
9606.ENSP00000269321 9606.ENSP00000353249 0 0 0 0 0 0 296 296 
9606.ENSP00000269321 9606.ENSP00000325836 0 0 0 61 261 0 65 294 
9606.ENSP00000269321 9606.ENSP00000379386 0 0 0 0 0 0 211 211 
9606.ENSP00000269321 9606.ENSP00000304277 0 0 0 0 0 0 169 169 
9606.ENSP00000269321 9606.ENSP00000255977 0 0 0 0 0 0 179 179 
9606.ENSP00000269321 9606.ENSP00000365757 0 0 0 0 0 0 171 171 
9606.ENSP00000269321 9606.ENSP00000354499 0 0 0 60 0 0 226 241 
9606.ENSP00000269321 9606.ENSP00000301242 0 0 0 0 0 0 169 169 
9606.ENSP00000269321 9606.ENSP00000450842 0 0 0 0 157 0 173 273 
9606.ENSP00000269321 9606.ENSP00000316845 0 0 0 0 99 0 291 334 
9606.ENSP00000269321 9606.ENSP00000317904 0 0 0 105 0 0 124 182 
9606.ENSP00000269321 9606.ENSP00000270792 0 0 0 230 55 0 133 314 
9606.ENSP00000269321 9606.ENSP00000360431 0 0 0 0 0 0 457 457 
9606.ENSP00000269321 9606.ENSP00000365439 0 0 0 63 0 0 201 219 
9606.ENSP00000269321 9606.ENSP00000345361 0 0 0 123 0 0 82 160 
9606.ENSP00000269321 9606.ENSP00000269141 0 0 0 0 0 0 212 212 
9606.ENSP00000269321 9606.ENSP00000332643 0 0 0 0 0 0 349 349 
9606.ENSP00000269321 9606.ENSP00000357535 0 0 0 0 0 0 240 240 
9606.ENSP00000269321 9606.ENSP00000336994 0 0 0 280 0 0 87 314 
9606.ENSP00000269321 9606.ENSP00000387462 0 0 0 0 0 0 183 183 
9606.ENSP00000269321 9606.ENSP00000264187 0 0 0 0 0 0 257 257 
9606.ENSP00000269321 9606.ENSP00000271638 0 0 0 83 0 0 156 193 
9606.ENSP00000269321 9606.ENSP00000362298 0 0 0 0 0 0 203 203 
9606.ENSP00000269321 9606.ENSP00000326305 0 0 0 0 0 0 260 260 
9606.ENSP00000269321 9606.ENSP00000361009 0 0 0 0 99 0 411 447 
9606.ENSP00000269321 9606.ENSP00000400175 0 0 0 92 969 900 887 999 
9606.ENSP00000269321 9606.ENSP00000292807 0 0 0 195 0 0 50 203 
9606.ENSP00000269321 9606.ENSP00000360195 0 0 0 0 0 0 413 413 
9606.ENSP00000269321 9606.ENSP00000476252 0 0 0 61 352 0 128 423 
9606.ENSP00000269321 9606.ENSP00000363873 0 0 0 66 0 0 330 347 
9606.ENSP00000269321 9606.ENSP00000264498 0 0 0 0 0 0 186 186 
9606.ENSP00000269321 9606.ENSP00000434516 0 0 0 48 0 0 542 546 
9606.ENSP00000269321 9606.ENSP00000413606 0 0 0 99 0 0 129 181 
9606.ENSP00000269321 9606.ENSP00000373620 0 0 0 45 0 0 173 176 
9606.ENSP00000269321 9606.ENSP00000364277 0 0 0 0 0 0 202 202 
9606.ENSP00000269321 9606.ENSP00000265062 0 0 0 89 0 0 148 190 
9606.ENSP00000269321 9606.ENSP00000380185 0 0 0 0 0 0 156 156 
9606.ENSP00000269321 9606.ENSP00000339328 0 0 0 56 0 0 291 302 
9606.ENSP00000269321 9606.ENSP00000339191 0 0 0 0 0 0 323 323 
9606.ENSP00000269321 9606.ENSP00000296511 0 0 0 54 0 0 243 253 
9606.ENSP00000269321 9606.ENSP00000299300 0 0 0 85 0 0 172 209 
9606.ENSP00000269321 9606.ENSP00000168216 0 0 0 0 390 0 83 417 
9606.ENSP00000269321 9606.ENSP00000265753 0 0 0 115 0 0 115 184 
9606.ENSP00000269321 9606.ENSP00000225577 0 0 0 0 0 0 165 165 
9606.ENSP00000269321 9606.ENSP00000376077 0 0 0 46 81 0 233 269 
9606.ENSP00000269321 9606.ENSP00000365312 0 0 0 0 0 0 282 282 
9606.ENSP00000269321 9606.ENSP00000380432 0 0 0 0 0 0 245 245 
9606.ENSP00000269321 9606.ENSP00000367154 0 0 0 64 0 0 132 153 
9606.ENSP00000269321 9606.ENSP00000322628 0 0 0 61 261 0 65 294 
9606.ENSP00000269321 9606.ENSP00000262940 0 0 0 0 0 0 154 154 
9606.ENSP00000269321 9606.ENSP00000316029 0 0 0 155 0 0 186 283 
9606.ENSP00000269321 9606.ENSP00000223095 0 0 0 0 0 0 254 254 
9606.ENSP00000269321 9606.ENSP00000367851 0 0 0 61 0 0 294 309 
9606.ENSP00000269321 9606.ENSP00000340274 0 0 0 61 261 0 162 368 
9606.ENSP00000269321 9606.ENSP00000298159 0 0 0 161 0 0 236 332 
9606.ENSP00000269321 9606.ENSP00000404860 0 0 0 0 0 0 392 392 
9606.ENSP00000269321 9606.ENSP00000370719 0 0 0 0 0 0 152 152 
9606.ENSP00000269321 9606.ENSP00000384849 0 0 0 74 0 0 139 168 
9606.ENSP00000269321 9606.ENSP00000355890 0 0 0 49 0 0 175 181 
9606.ENSP00000269321 9606.ENSP00000272217 0 0 0 95 261 0 125 363 
9606.ENSP00000269321 9606.ENSP00000250617 0 0 0 48 0 0 158 164 
9606.ENSP00000269321 9606.ENSP00000244050 0 0 0 0 0 0 591 591 
9606.ENSP00000269321 9606.ENSP00000320043 0 0 0 100 0 0 104 159 
9606.ENSP00000269321 9606.ENSP00000170447 0 0 0 75 0 0 180 209 
9606.ENSP00000269321 9606.ENSP00000387784 0 0 0 0 0 0 258 258 
9606.ENSP00000269321 9606.ENSP00000261845 0 0 0 62 79 0 130 182 
9606.ENSP00000269321 9606.ENSP00000401010 0 0 0 127 0 0 276 341 
9606.ENSP00000269321 9606.ENSP00000392718 0 0 0 105 0 0 163 218 
9606.ENSP00000269321 9606.ENSP00000338785 0 0 0 0 0 0 256 256 
9606.ENSP00000269321 9606.ENSP00000376139 0 0 0 0 0 0 332 332 
9606.ENSP00000269321 9606.ENSP00000286713 0 0 0 54 116 0 171 247 
9606.ENSP00000269321 9606.ENSP00000362734 0 0 0 0 0 0 188 188 
9606.ENSP00000269321 9606.ENSP00000216962 0 0 0 88 0 0 140 182 
9606.ENSP00000269321 9606.ENSP00000361471 0 0 0 0 363 0 62 377 
9606.ENSP00000269321 9606.ENSP00000262942 0 0 0 64 0 0 403 417 
9606.ENSP00000269321 9606.ENSP00000338671 0 0 0 61 352 900 520 966 
9606.ENSP00000269321 9606.ENSP00000472308 0 0 0 0 0 0 159 159 
9606.ENSP00000269321 9606.ENSP00000339001 0 0 0 108 0 0 191 248 
9606.ENSP00000269321 9606.ENSP00000463559 0 0 0 62 0 0 244 261 
9606.ENSP00000269321 9606.ENSP00000345259 0 0 0 0 0 0 198 198 
9606.ENSP00000269321 9606.ENSP00000331201 0 0 0 111 0 0 111 176 
9606.ENSP00000269321 9606.ENSP00000347134 0 0 0 0 0 0 173 173 
9606.ENSP00000269321 9606.ENSP00000332198 0 0 0 77 0 0 177 208 
9606.ENSP00000269321 9606.ENSP00000306625 0 0 0 62 0 0 219 236 
9606.ENSP00000269321 9606.ENSP00000302564 0 0 0 84 0 0 128 167 
9606.ENSP00000269321 9606.ENSP00000216951 0 0 0 130 0 0 124 205 
9606.ENSP00000269321 9606.ENSP00000384092 0 0 0 0 0 0 412 412 
9606.ENSP00000269321 9606.ENSP00000266397 0 0 0 0 0 0 272 272 
9606.ENSP00000269321 9606.ENSP00000274376 0 0 0 0 0 0 236 236 
9606.ENSP00000269321 9606.ENSP00000351132 0 0 0 67 261 900 156 934 
9606.ENSP00000269321 9606.ENSP00000373905 0 0 0 132 0 0 162 242 
9606.ENSP00000269321 9606.ENSP00000376753 0 0 0 116 0 0 254 313 
9606.ENSP00000269321 9606.ENSP00000355090 0 0 0 0 0 0 219 219 
9606.ENSP00000269321 9606.ENSP00000429690 0 0 0 0 0 0 250 250 
9606.ENSP00000269321 9606.ENSP00000370503 0 0 0 0 0 0 292 292 
9606.ENSP00000269321 9606.ENSP00000404247 0 0 0 61 261 0 65 294 
9606.ENSP00000269321 9606.ENSP00000302961 0 0 0 84 0 0 208 243 
9606.ENSP00000269321 9606.ENSP00000261769 0 0 0 0 0 0 309 309 
9606.ENSP00000269321 9606.ENSP00000277541 0 0 0 74 0 0 137 167 
9606.ENSP00000269321 9606.ENSP00000306330 0 0 0 289 0 0 238 435 
9606.ENSP00000269321 9606.ENSP00000471242 0 0 0 0 0 0 198 198 
9606.ENSP00000269321 9606.ENSP00000405330 0 0 0 0 379 0 511 683 
9606.ENSP00000269321 9606.ENSP00000428994 0 0 0 0 0 0 212 212 
9606.ENSP00000269321 9606.ENSP00000358327 0 0 0 0 432 0 58 442 
9606.ENSP00000269321 9606.ENSP00000468002 0 0 0 0 0 0 698 698 
9606.ENSP00000269321 9606.ENSP00000355759 0 0 0 0 0 0 208 208 
9606.ENSP00000269321 9606.ENSP00000341189 0 0 0 0 0 0 328 328 
9606.ENSP00000269321 9606.ENSP00000325548 0 0 0 62 0 0 177 195 
9606.ENSP00000269321 9606.ENSP00000335153 0 0 0 61 0 0 193 210 
9606.ENSP00000269321 9606.ENSP00000361140 0 0 0 44 85 0 176 216 
9606.ENSP00000269321 9606.ENSP00000379866 0 0 0 49 0 0 196 202 
9606.ENSP00000269321 9606.ENSP00000248706 0 0 0 61 261 0 247 432 
9606.ENSP00000269321 9606.ENSP00000411409 0 0 0 111 0 0 129 192 
9606.ENSP00000269321 9606.ENSP00000364721 0 0 0 62 74 0 134 182 
9606.ENSP00000269321 9606.ENSP00000260363 0 0 0 0 0 0 184 184 
9606.ENSP00000269321 9606.ENSP00000233055 0 0 0 47 0 0 171 176 
9606.ENSP00000269321 9606.ENSP00000370695 0 0 0 65 0 0 181 202 
9606.ENSP00000269321 9606.ENSP00000314129 0 0 0 107 0 0 102 165 
9606.ENSP00000269321 9606.ENSP00000264245 0 0 0 0 0 0 220 220 
9606.ENSP00000269321 9606.ENSP00000430276 0 0 0 0 0 0 535 535 
9606.ENSP00000269321 9606.ENSP00000266970 0 0 0 62 88 0 97 160 
9606.ENSP00000269321 9606.ENSP00000261479 0 0 0 87 0 0 187 226 
9606.ENSP00000269321 9606.ENSP00000343706 0 0 0 0 0 0 414 414 
9606.ENSP00000269321 9606.ENSP00000360609 0 0 0 69 0 0 157 182 
9606.ENSP00000269321 9606.ENSP00000354621 0 0 0 61 87 0 189 244 
9606.ENSP00000269321 9606.ENSP00000397552 0 0 0 81 61 0 203 252 
9606.ENSP00000269321 9606.ENSP00000359370 0 0 0 62 0 0 186 203 
9606.ENSP00000269321 9606.ENSP00000357915 0 0 0 0 165 0 0 165 
9606.ENSP00000269321 9606.ENSP00000267205 0 0 0 61 352 900 523 967 
9606.ENSP00000269321 9606.ENSP00000270225 0 0 0 50 0 0 152 160 
9606.ENSP00000269321 9606.ENSP00000265171 0 0 0 0 0 0 292 292 
9606.ENSP00000269321 9606.ENSP00000325312 0 0 0 0 0 0 272 272 
9606.ENSP00000269321 9606.ENSP00000367064 0 0 0 0 0 0 224 224 
9606.ENSP00000269321 9606.ENSP00000479762 0 0 0 61 0 0 152 169 
9606.ENSP00000269321 9606.ENSP00000352138 0 0 0 0 0 0 167 167 
9606.ENSP00000269321 9606.ENSP00000347979 0 0 0 0 480 0 101 512 
9606.ENSP00000269321 9606.ENSP00000226253 0 0 0 66 363 0 106 422 
9606.ENSP00000269321 9606.ENSP00000317985 0 0 0 0 0 0 391 391 
9606.ENSP00000269321 9606.ENSP00000262030 0 0 0 86 0 0 168 207 
9606.ENSP00000269321 9606.ENSP00000377192 0 0 0 133 0 0 72 161 
9606.ENSP00000269321 9606.ENSP00000355920 0 0 0 0 166 0 60 182 
9606.ENSP00000269321 9606.ENSP00000344115 0 0 0 0 0 0 205 205 
9606.ENSP00000269321 9606.ENSP00000371798 0 0 0 88 0 0 116 159 
9606.ENSP00000269321 9606.ENSP00000389175 0 0 0 65 0 0 160 181 
9606.ENSP00000269321 9606.ENSP00000320866 0 0 0 205 0 0 409 510 
9606.ENSP00000269321 9606.ENSP00000461785 0 0 0 62 0 0 142 161 
9606.ENSP00000269321 9606.ENSP00000324422 0 0 0 195 0 0 169 303 
9606.ENSP00000269321 9606.ENSP00000311032 0 0 0 0 432 0 250 556 
9606.ENSP00000269321 9606.ENSP00000357283 0 0 0 96 0 0 231 275 
9606.ENSP00000269321 9606.ENSP00000256637 0 0 0 0 0 0 351 351 
9606.ENSP00000269321 9606.ENSP00000289473 0 0 0 62 174 0 471 554 
9606.ENSP00000269321 9606.ENSP00000334061 0 0 0 0 313 0 50 319 
9606.ENSP00000269321 9606.ENSP00000362057 0 0 0 61 0 0 314 329 
9606.ENSP00000269321 9606.ENSP00000478672 0 0 0 0 0 0 232 232 
9606.ENSP00000269321 9606.ENSP00000229002 0 0 0 61 261 0 65 294 
9606.ENSP00000269321 9606.ENSP00000446215 0 0 0 90 0 0 121 165 
9606.ENSP00000269321 9606.ENSP00000431885 0 0 0 65 0 0 253 271 
9606.ENSP00000269321 9606.ENSP00000349960 0 0 0 170 0 0 383 466 
9606.ENSP00000269321 9606.ENSP00000272317 0 0 0 86 0 0 131 171 
9606.ENSP00000269321 9606.ENSP00000439625 0 0 0 0 0 0 169 169 
9606.ENSP00000269321 9606.ENSP00000308461 0 0 0 61 352 0 554 705 
9606.ENSP00000269321 9606.ENSP00000235521 0 0 0 0 0 0 169 169 
9606.ENSP00000269321 9606.ENSP00000267257 0 0 0 97 0 0 428 461 
9606.ENSP00000269321 9606.ENSP00000481038 0 0 0 0 0 0 298 298 
9606.ENSP00000269321 9606.ENSP00000366032 0 0 0 64 0 0 322 339 
9606.ENSP00000269321 9606.ENSP00000437402 0 0 0 65 363 0 70 398 
9606.ENSP00000269321 9606.ENSP00000351646 0 0 0 117 0 0 160 227 
9606.ENSP00000269321 9606.ENSP00000253363 0 0 0 0 0 0 187 187 
9606.ENSP00000269321 9606.ENSP00000427926 0 0 0 88 352 900 518 967 
9606.ENSP00000269321 9606.ENSP00000482581 0 0 0 0 0 0 271 271 
9606.ENSP00000269321 9606.ENSP00000304229 0 0 0 67 363 0 87 409 
9606.ENSP00000269321 9606.ENSP00000446955 0 0 0 64 0 0 253 271 
9606.ENSP00000269321 9606.ENSP00000386857 0 0 0 63 0 0 246 264 
9606.ENSP00000269321 9606.ENSP00000262428 0 0 0 172 416 0 328 647 
9606.ENSP00000269321 9606.ENSP00000261601 0 0 0 155 0 0 0 155 
9606.ENSP00000269321 9606.ENSP00000281537 0 0 0 0 0 0 151 151 
9606.ENSP00000269321 9606.ENSP00000419663 0 0 0 0 157 0 173 273 
9606.ENSP00000269321 9606.ENSP00000265748 0 0 0 0 0 0 357 357 
9606.ENSP00000269321 9606.ENSP00000321703 0 0 0 87 0 0 131 172 
9606.ENSP00000269321 9606.ENSP00000361930 0 0 0 135 0 0 331 397 
9606.ENSP00000269321 9606.ENSP00000218388 0 0 0 63 0 0 135 155 
9606.ENSP00000269321 9606.ENSP00000298352 0 0 0 0 0 0 173 173 
9606.ENSP00000269321 9606.ENSP00000302625 0 0 0 0 0 0 277 277 
9606.ENSP00000269321 9606.ENSP00000339916 0 0 0 0 0 0 297 297 
9606.ENSP00000269321 9606.ENSP00000426978 0 0 0 0 0 0 330 330 
9606.ENSP00000269321 9606.ENSP00000356953 0 0 0 72 101 0 64 150 
9606.ENSP00000269321 9606.ENSP00000295685 0 0 0 64 0 0 226 244 
9606.ENSP00000269321 9606.ENSP00000401338 0 0 0 105 0 0 95 155 
9606.ENSP00000269321 9606.ENSP00000432083 0 0 0 60 0 0 224 239 
9606.ENSP00000269321 9606.ENSP00000350757 0 0 0 62 0 0 167 185 
9606.ENSP00000269321 9606.ENSP00000269848 0 0 0 198 0 0 59 213 
9606.ENSP00000269321 9606.ENSP00000334941 0 0 0 0 0 0 243 243 
9606.ENSP00000269321 9606.ENSP00000349560 0 0 0 76 261 0 66 307 
9606.ENSP00000269321 9606.ENSP00000339136 0 0 0 61 261 0 65 294 
9606.ENSP00000269321 9606.ENSP00000359225 0 0 0 50 52 0 170 187 
9606.ENSP00000269321 9606.ENSP00000361818 0 0 0 0 0 0 288 288 
9606.ENSP00000269321 9606.ENSP00000386118 0 0 0 0 0 0 167 167 
9606.ENSP00000269321 9606.ENSP00000406286 0 0 0 98 0 0 227 272 
9606.ENSP00000269321 9606.ENSP00000468057 0 0 0 0 0 0 163 163 
9606.ENSP00000269321 9606.ENSP00000345083 0 0 0 77 0 0 254 282 
9606.ENSP00000269321 9606.ENSP00000417273 0 0 0 85 0 0 272 305 
9606.ENSP00000269321 9606.ENSP00000297494 0 0 0 0 0 0 210 210 
9606.ENSP00000269321 9606.ENSP00000234313 0 0 0 63 0 0 294 310 
9606.ENSP00000269321 9606.ENSP00000363634 0 0 0 0 0 0 180 180 
9606.ENSP00000269321 9606.ENSP00000339467 0 0 0 159 535 900 760 989 
9606.ENSP00000269321 9606.ENSP00000199280 0 0 0 61 0 0 142 160 
9606.ENSP00000269321 9606.ENSP00000242261 0 0 0 0 0 0 200 200 
9606.ENSP00000269321 9606.ENSP00000337451 0 0 0 0 0 0 150 150 
9606.ENSP00000269321 9606.ENSP00000223369 0 0 0 155 0 0 0 155 
9606.ENSP00000269321 9606.ENSP00000245932 0 0 0 83 0 0 195 230 
9606.ENSP00000269321 9606.ENSP00000360939 0 0 0 123 0 0 127 202 
9606.ENSP00000269321 9606.ENSP00000354040 0 0 0 0 0 0 386 386 
9606.ENSP00000269321 9606.ENSP00000371693 0 0 0 0 0 0 210 210 
9606.ENSP00000269321 9606.ENSP00000331748 0 0 0 62 261 0 132 345 
9606.ENSP00000269321 9606.ENSP00000354837 0 0 0 120 0 0 341 395 
9606.ENSP00000269321 9606.ENSP00000367263 0 0 0 68 363 0 0 380 
9606.ENSP00000269321 9606.ENSP00000288235 0 0 0 62 0 0 362 376 
9606.ENSP00000269321 9606.ENSP00000256196 0 0 0 95 261 0 171 397 
9606.ENSP00000269321 9606.ENSP00000380948 0 0 0 95 0 0 105 155 
9606.ENSP00000269321 9606.ENSP00000368458 0 0 0 0 443 0 0 443 
9606.ENSP00000269321 9606.ENSP00000240185 0 0 0 46 0 0 181 185 
9606.ENSP00000269321 9606.ENSP00000358466 0 0 0 61 261 0 65 294 
9606.ENSP00000269321 9606.ENSP00000363250 0 0 0 61 261 0 65 294 
9606.ENSP00000269321 9606.ENSP00000053867 0 0 0 112 0 0 94 161 
9606.ENSP00000269321 9606.ENSP00000358033 0 0 0 0 0 0 329 329 
9606.ENSP00000269321 9606.ENSP00000200181 0 0 0 64 0 0 168 188 
9606.ENSP00000269321 9606.ENSP00000256594 0 0 0 0 0 0 262 262 
9606.ENSP00000269321 9606.ENSP00000227507 0 0 0 61 0 0 167 184 
9606.ENSP00000269321 9606.ENSP00000388169 0 0 0 185 0 0 145 273 
9606.ENSP00000269321 9606.ENSP00000391249 0 0 0 178 0 0 146 268 
9606.ENSP00000269321 9606.ENSP00000295851 0 0 0 0 0 0 353 353 
9606.ENSP00000269321 9606.ENSP00000331327 0 0 0 0 0 0 190 190 
9606.ENSP00000269321 9606.ENSP00000438492 0 0 0 97 0 0 101 153 
9606.ENSP00000269321 9606.ENSP00000317674 0 0 0 0 0 0 248 248 
9606.ENSP00000269321 9606.ENSP00000275603 0 0 0 86 0 0 149 189 
9606.ENSP00000269321 9606.ENSP00000483825 0 0 0 88 400 0 147 492 
9606.ENSP00000269321 9606.ENSP00000280605 0 0 0 0 84 0 120 159 
9606.ENSP00000269321 9606.ENSP00000367102 0 0 0 0 165 0 0 165 
9606.ENSP00000269321 9606.ENSP00000335560 0 0 0 0 0 0 289 289 
9606.ENSP00000269321 9606.ENSP00000275300 0 0 0 0 166 0 60 182 
9606.ENSP00000269321 9606.ENSP00000261700 0 0 0 84 0 0 127 166 
9606.ENSP00000269321 9606.ENSP00000309163 0 0 0 80 0 0 354 380 
9606.ENSP00000269321 9606.ENSP00000353701 0 0 0 168 0 0 0 168 
9606.ENSP00000269321 9606.ENSP00000338967 0 0 0 0 0 0 201 201 
9606.ENSP00000269321 9606.ENSP00000361120 0 0 0 69 0 0 230 253 
9606.ENSP00000269321 9606.ENSP00000237014 0 0 0 0 0 0 150 150 
9606.ENSP00000269321 9606.ENSP00000247843 0 0 0 0 0 0 320 320 
9606.ENSP00000269321 9606.ENSP00000434033 0 0 0 0 0 0 163 163 
9606.ENSP00000269321 9606.ENSP00000262646 0 0 0 129 261 0 152 407 
9606.ENSP00000269321 9606.ENSP00000301068 0 0 0 61 261 0 65 294 
9606.ENSP00000269321 9606.ENSP00000420195 0 0 0 0 0 0 221 221 
9606.ENSP00000269321 9606.ENSP00000313881 0 0 0 0 0 0 179 179 
9606.ENSP00000269321 9606.ENSP00000395708 0 0 0 0 0 0 160 160 
9606.ENSP00000269321 9606.ENSP00000385385 0 0 0 62 0 0 164 182 
9606.ENSP00000269321 9606.ENSP00000216101 0 0 0 61 261 0 65 294 
9606.ENSP00000269321 9606.ENSP00000364631 0 0 0 0 0 0 158 158 
9606.ENSP00000269321 9606.ENSP00000392330 0 0 0 62 0 0 172 191 
9606.ENSP00000269321 9606.ENSP00000301295 0 0 0 0 0 0 409 409 
9606.ENSP00000269321 9606.ENSP00000379210 0 0 0 52 0 0 173 182 
9606.ENSP00000269321 9606.ENSP00000379823 0 0 0 0 0 0 188 188 
9606.ENSP00000269321 9606.ENSP00000262027 0 0 0 113 111 0 116 242 
9606.ENSP00000269321 9606.ENSP00000260526 0 0 0 63 0 0 183 202 
9606.ENSP00000269321 9606.ENSP00000229795 0 0 0 64 81 0 242 291 
9606.ENSP00000269321 9606.ENSP00000361777 0 0 0 0 320 0 139 389 
9606.ENSP00000269321 9606.ENSP00000368646 0 0 0 46 0 0 150 155 
9606.ENSP00000269321 9606.ENSP00000362463 0 0 0 46 0 0 329 332 
9606.ENSP00000269321 9606.ENSP00000444645 0 0 0 0 0 0 347 347 
9606.ENSP00000269321 9606.ENSP00000303908 0 0 0 88 70 0 162 227 
9606.ENSP00000269321 9606.ENSP00000369538 0 0 0 212 0 900 653 970 
9606.ENSP00000269321 9606.ENSP00000301522 0 0 0 61 0 0 325 339 
9606.ENSP00000269321 9606.ENSP00000355645 0 0 0 63 0 0 252 269 
9606.ENSP00000269321 9606.ENSP00000372667 0 0 0 0 0 0 351 351 
9606.ENSP00000269321 9606.ENSP00000432282 0 0 0 50 52 0 188 204 
9606.ENSP00000269321 9606.ENSP00000265981 0 0 0 0 0 0 179 179 
9606.ENSP00000269321 9606.ENSP00000357564 0 0 0 62 0 0 182 200 
9606.ENSP00000269321 9606.ENSP00000280557 0 0 0 127 0 0 173 247 
9606.ENSP00000269321 9606.ENSP00000351926 0 0 0 169 0 0 43 171 
9606.ENSP00000269321 9606.ENSP00000273666 0 0 0 0 0 0 167 167 
9606.ENSP00000269321 9606.ENSP00000428209 0 0 0 141 0 0 82 177 
9606.ENSP00000269321 9606.ENSP00000262187 0 0 0 66 261 0 185 389 
9606.ENSP00000269321 9606.ENSP00000331746 0 0 0 0 0 0 194 194 
9606.ENSP00000269321 9606.ENSP00000321537 0 0 0 0 0 0 204 204 
9606.ENSP00000269321 9606.ENSP00000479488 0 0 0 61 0 0 358 372 
9606.ENSP00000269321 9606.ENSP00000297440 0 217 0 0 0 0 0 217 
9606.ENSP00000269321 9606.ENSP00000329219 0 0 0 0 0 0 238 238 
9606.ENSP00000269321 9606.ENSP00000360858 0 0 0 0 0 0 174 174 
9606.ENSP00000269321 9606.ENSP00000264389 0 0 0 80 0 0 234 265 
9606.ENSP00000269321 9606.ENSP00000296271 0 0 0 0 0 0 237 237 
9606.ENSP00000269321 9606.ENSP00000353210 0 0 0 61 261 0 65 294 
9606.ENSP00000269321 9606.ENSP00000429240 0 0 0 61 0 0 141 159 
9606.ENSP00000269321 9606.ENSP00000239151 0 0 0 0 0 0 227 227 
9606.ENSP00000269321 9606.ENSP00000381070 0 0 0 0 0 0 190 190 
9606.ENSP00000269321 9606.ENSP00000267853 0 0 0 0 0 0 267 267 
9606.ENSP00000269321 9606.ENSP00000353444 0 0 0 106 0 0 176 233 
9606.ENSP00000269321 9606.ENSP00000337746 0 0 0 0 452 0 0 452 
9606.ENSP00000269321 9606.ENSP00000339933 0 0 0 64 0 0 233 251 
9606.ENSP00000269321 9606.ENSP00000043402 0 0 0 61 0 900 304 929 
9606.ENSP00000269321 9606.ENSP00000282026 0 0 0 61 261 0 65 294 
9606.ENSP00000269321 9606.ENSP00000386289 0 0 0 0 0 0 351 351 
9606.ENSP00000269321 9606.ENSP00000217131 0 0 0 99 0 0 96 151 
9606.ENSP00000269321 9606.ENSP00000379898 0 0 0 61 261 0 65 294 
9606.ENSP00000269321 9606.ENSP00000366819 0 0 0 42 445 0 85 471 
9606.ENSP00000269321 9606.ENSP00000394560 0 0 0 75 0 0 139 169 
9606.ENSP00000269321 9606.ENSP00000412698 0 0 0 83 0 0 128 166 
9606.ENSP00000269321 9606.ENSP00000367755 0 0 0 0 0 0 167 167 
9606.ENSP00000269321 9606.ENSP00000395473 0 0 0 69 0 0 131 156 
9606.ENSP00000269321 9606.ENSP00000351108 0 0 0 88 88 0 99 185 
9606.ENSP00000269321 9606.ENSP00000229340 0 0 0 119 0 0 192 258 
9606.ENSP00000269321 9606.ENSP00000347451 0 0 0 0 0 900 339 931 
9606.ENSP00000269321 9606.ENSP00000359719 0 0 0 51 0 800 41 802 
9606.ENSP00000269321 9606.ENSP00000407586 0 0 0 155 261 0 367 570 
9606.ENSP00000269321 9606.ENSP00000336799 0 0 0 113 0 0 126 192 
9606.ENSP00000269321 9606.ENSP00000389631 0 0 0 97 0 0 327 366 
9606.ENSP00000269321 9606.ENSP00000241463 0 0 0 61 261 0 65 294 
9606.ENSP00000269321 9606.ENSP00000337122 0 0 0 0 0 0 160 160 
9606.ENSP00000269321 9606.ENSP00000277120 0 0 0 0 0 0 260 260 
9606.ENSP00000269321 9606.ENSP00000354207 0 0 0 0 0 0 282 282 
9606.ENSP00000269321 9606.ENSP00000364847 0 0 0 0 0 0 169 169 
9606.ENSP00000269321 9606.ENSP00000376410 0 0 0 87 0 0 553 574 
9606.ENSP00000269321 9606.ENSP00000248975 0 0 0 81 0 0 123 160 
9606.ENSP00000269321 9606.ENSP00000220062 0 0 0 61 261 0 65 294 
9606.ENSP00000269321 9606.ENSP00000252711 0 0 0 0 0 0 350 350 
9606.ENSP00000269321 9606.ENSP00000389289 0 0 0 0 85 0 176 213 
9606.ENSP00000269321 9606.ENSP00000270357 0 0 0 108 0 0 207 262 
9606.ENSP00000269321 9606.ENSP00000411672 0 0 0 60 0 0 136 153 
9606.ENSP00000269321 9606.ENSP00000343023 0 0 0 0 0 0 158 158 
9606.ENSP00000269321 9606.ENSP00000340466 0 0 0 100 0 0 127 181 
9606.ENSP00000269321 9606.ENSP00000360020 0 0 0 61 261 0 132 345 
9606.ENSP00000269321 9606.ENSP00000360242 0 0 0 47 379 0 535 701 
9606.ENSP00000269321 9606.ENSP00000478061 0 0 0 0 0 0 224 224 
9606.ENSP00000269321 9606.ENSP00000225655 0 0 0 311 0 0 214 436 
9606.ENSP00000269321 9606.ENSP00000450838 0 0 0 0 0 0 248 248 
9606.ENSP00000269321 9606.ENSP00000246792 0 0 0 107 261 0 375 552 
9606.ENSP00000269321 9606.ENSP00000219409 0 0 0 63 0 900 70 905 
9606.ENSP00000269321 9606.ENSP00000350937 0 0 0 53 0 0 241 251 
9606.ENSP00000269321 9606.ENSP00000369134 0 0 0 46 0 0 196 200 
9606.ENSP00000269321 9606.ENSP00000357305 0 0 0 61 261 0 65 294 
9606.ENSP00000269321 9606.ENSP00000297596 0 0 0 61 261 0 65 294 
9606.ENSP00000269321 9606.ENSP00000263088 0 0 0 65 0 0 164 185 
9606.ENSP00000269321 9606.ENSP00000371219 0 0 0 61 535 900 524 976 
9606.ENSP00000269321 9606.ENSP00000336740 0 0 0 0 0 0 336 336 
9606.ENSP00000269321 9606.ENSP00000263253 0 0 0 0 313 0 113 364 
9606.ENSP00000269321 9606.ENSP00000444357 0 0 0 168 118 0 172 339 
9606.ENSP00000269321 9606.ENSP00000364935 0 0 0 85 0 0 312 344 
9606.ENSP00000269321 9606.ENSP00000246117 0 0 0 211 0 0 0 211 
9606.ENSP00000269321 9606.ENSP00000262374 0 0 0 52 0 0 190 200 
9606.ENSP00000269321 9606.ENSP00000305988 0 0 0 0 0 0 193 193 
9606.ENSP00000269321 9606.ENSP00000346151 0 0 0 0 64 0 139 160 
9606.ENSP00000269321 9606.ENSP00000358921 0 0 0 147 0 0 98 198 
9606.ENSP00000269321 9606.ENSP00000291568 0 0 0 66 0 0 137 160 
9606.ENSP00000269321 9606.ENSP00000263655 0 0 0 0 0 0 181 181 
9606.ENSP00000269321 9606.ENSP00000245407 0 0 0 0 166 0 60 182 
9606.ENSP00000269321 9606.ENSP00000354947 0 0 0 87 0 0 251 287 
9606.ENSP00000269321 9606.ENSP00000465231 0 0 0 0 0 0 236 236 
9606.ENSP00000269321 9606.ENSP00000217515 0 0 0 45 0 0 415 417 
9606.ENSP00000269321 9606.ENSP00000392094 0 0 0 155 0 0 0 155 
9606.ENSP00000269321 9606.ENSP00000280333 0 0 0 0 0 0 383 383 
9606.ENSP00000269321 9606.ENSP00000385216 0 0 0 0 0 0 254 254 
9606.ENSP00000269321 9606.ENSP00000369042 0 0 0 83 0 0 229 263 
9606.ENSP00000269321 9606.ENSP00000360777 0 0 0 0 0 0 377 377 
9606.ENSP00000269321 9606.ENSP00000333685 0 0 0 99 81 0 67 160 
9606.ENSP00000269321 9606.ENSP00000441913 0 0 0 0 0 0 357 357 
9606.ENSP00000269321 9606.ENSP00000261636 0 0 0 95 261 0 65 320 
9606.ENSP00000269321 9606.ENSP00000264028 0 0 0 68 0 0 127 152 
9606.ENSP00000269321 9606.ENSP00000329093 0 0 0 0 0 0 171 171 
9606.ENSP00000269321 9606.ENSP00000333946 0 0 0 0 0 0 697 697 
9606.ENSP00000269321 9606.ENSP00000261167 0 0 0 0 0 0 221 221 
9606.ENSP00000269321 9606.ENSP00000262746 0 0 0 46 0 0 316 320 
9606.ENSP00000269321 9606.ENSP00000356465 0 0 0 77 0 0 119 153 
9606.ENSP00000269321 9606.ENSP00000352834 0 0 0 255 0 0 139 331 
9606.ENSP00000269321 9606.ENSP00000408695 0 0 0 0 0 900 210 917 
9606.ENSP00000269321 9606.ENSP00000231524 0 0 0 92 261 0 65 318 
9606.ENSP00000269321 9606.ENSP00000341360 0 0 0 63 0 0 197 215 
9606.ENSP00000269321 9606.ENSP00000446252 0 0 0 0 0 0 158 158 
9606.ENSP00000269321 9606.ENSP00000278823 0 0 0 84 0 0 140 179 
9606.ENSP00000269321 9606.ENSP00000479153 0 0 0 113 0 0 119 186 
9606.ENSP00000269321 9606.ENSP00000363591 0 0 0 97 101 0 0 153 
9606.ENSP00000269321 9606.ENSP00000416429 0 0 0 68 0 0 127 151 
9606.ENSP00000269321 9606.ENSP00000377789 0 0 0 0 0 0 387 387 
9606.ENSP00000269321 9606.ENSP00000251849 0 0 0 61 0 0 182 200 
9606.ENSP00000269321 9606.ENSP00000264193 0 0 0 53 0 0 215 225 
9606.ENSP00000269321 9606.ENSP00000327569 0 0 0 0 165 0 0 165 
9606.ENSP00000269321 9606.ENSP00000447053 0 0 0 194 0 0 76 224 
9606.ENSP00000269321 9606.ENSP00000439182 0 0 0 203 0 0 84 238 
9606.ENSP00000269321 9606.ENSP00000483313 0 0 0 64 0 0 345 360 
9606.ENSP00000269321 9606.ENSP00000359532 0 0 0 0 0 0 380 380 
9606.ENSP00000269321 9606.ENSP00000263168 0 0 0 156 0 0 206 301 
9606.ENSP00000269321 9606.ENSP00000265462 0 0 0 83 0 0 128 166 
9606.ENSP00000269321 9606.ENSP00000461749 0 0 0 146 0 0 227 311 
9606.ENSP00000269321 9606.ENSP00000277865 0 0 0 42 0 0 154 154 
9606.ENSP00000269321 9606.ENSP00000285243 0 0 0 0 0 0 167 167 
9606.ENSP00000269321 9606.ENSP00000044462 0 0 0 106 0 0 103 164 
9606.ENSP00000269321 9606.ENSP00000355731 0 0 0 0 0 0 250 250 
9606.ENSP00000269321 9606.ENSP00000279022 0 0 0 55 0 0 250 260 
9606.ENSP00000269321 9606.ENSP00000378958 0 0 0 117 261 0 65 336 
9606.ENSP00000269321 9606.ENSP00000450385 0 0 0 83 0 0 165 201 
9606.ENSP00000269321 9606.ENSP00000400101 0 0 0 61 0 0 235 251 
9606.ENSP00000269321 9606.ENSP00000215812 0 0 0 0 0 0 197 197 
9606.ENSP00000269321 9606.ENSP00000321106 0 0 0 0 0 0 214 214 
9606.ENSP00000269321 9606.ENSP00000356042 0 0 0 61 489 0 573 777 
9606.ENSP00000269321 9606.ENSP00000325313 0 0 0 114 0 0 93 162 
9606.ENSP00000269321 9606.ENSP00000443189 0 0 0 61 261 0 65 294 
9606.ENSP00000269321 9606.ENSP00000315774 0 0 0 46 0 0 164 169 
9606.ENSP00000269321 9606.ENSP00000350224 0 0 0 0 0 0 210 210 
9606.ENSP00000269321 9606.ENSP00000307443 0 0 0 0 165 0 0 165 
9606.ENSP00000269321 9606.ENSP00000348056 0 0 0 73 313 0 140 404 
9606.ENSP00000269321 9606.ENSP00000264042 0 0 0 0 0 0 229 229 
9606.ENSP00000269321 9606.ENSP00000223167 0 0 0 52 0 0 164 173 
9606.ENSP00000269321 9606.ENSP00000469455 0 0 0 0 0 0 282 282 
9606.ENSP00000269321 9606.ENSP00000346280 0 0 0 156 0 0 300 384 
9606.ENSP00000269321 9606.ENSP00000347055 0 0 0 52 0 0 178 187 
9606.ENSP00000269321 9606.ENSP00000451828 0 0 0 130 0 0 571 611 
9606.ENSP00000269321 9606.ENSP00000403397 0 0 0 0 0 0 194 194 
9606.ENSP00000269321 9606.ENSP00000380635 0 0 0 61 261 0 65 294 
9606.ENSP00000269321 9606.ENSP00000481934 0 0 0 0 0 0 181 181 
9606.ENSP00000269321 9606.ENSP00000298510 0 0 0 65 0 0 231 250 
9606.ENSP00000269321 9606.ENSP00000312017 0 0 0 0 0 0 154 154 
9606.ENSP00000269321 9606.ENSP00000267935 0 0 0 0 418 0 0 418 
9606.ENSP00000269321 9606.ENSP00000272430 0 0 0 0 0 0 559 559 
9606.ENSP00000269321 9606.ENSP00000354718 0 0 0 49 0 0 219 226 
9606.ENSP00000269321 9606.ENSP00000334100 0 0 0 0 0 0 346 346 
9606.ENSP00000269321 9606.ENSP00000397297 0 0 0 0 0 0 263 263 
9606.ENSP00000269321 9606.ENSP00000321805 0 0 0 61 261 0 65 294 
9606.ENSP00000269321 9606.ENSP00000442736 0 0 0 69 0 0 158 182 
9606.ENSP00000269321 9606.ENSP00000317780 0 0 0 0 0 0 162 162 
9606.ENSP00000269321 9606.ENSP00000321971 0 0 0 119 261 900 177 939 
9606.ENSP00000269321 9606.ENSP00000424381 0 0 0 189 0 0 0 189 
9606.ENSP00000269321 9606.ENSP00000318822 0 0 0 0 480 0 0 480 
9606.ENSP00000269321 9606.ENSP00000325002 0 0 0 232 0 0 0 232 
9606.ENSP00000269321 9606.ENSP00000384136 0 0 0 68 390 0 551 722 
9606.ENSP00000269321 9606.ENSP00000362924 0 0 0 63 0 0 351 365 
9606.ENSP00000269321 9606.ENSP00000358866 0 0 0 110 0 0 243 297 
9606.ENSP00000269321 9606.ENSP00000229239 0 0 0 137 0 0 314 382 
9606.ENSP00000269321 9606.ENSP00000380942 0 0 0 0 0 0 419 419 
9606.ENSP00000269321 9606.ENSP00000319664 0 0 0 101 0 0 129 183 
9606.ENSP00000269321 9606.ENSP00000307280 0 0 0 62 0 0 187 204 
9606.ENSP00000269321 9606.ENSP00000247271 0 0 0 0 0 900 346 931 
9606.ENSP00000269321 9606.ENSP00000324804 0 0 0 368 0 0 0 368 
9606.ENSP00000269321 9606.ENSP00000262306 0 0 0 105 0 0 209 261 
9606.ENSP00000269321 9606.ENSP00000269571 0 0 0 0 0 0 183 183 
9606.ENSP00000269321 9606.ENSP00000279178 0 0 0 0 165 0 0 165 
9606.ENSP00000269321 9606.ENSP00000303909 0 0 0 42 0 0 399 399 
9606.ENSP00000269321 9606.ENSP00000348461 0 0 0 86 718 900 726 992 
9606.ENSP00000269321 9606.ENSP00000337722 0 0 0 61 261 0 65 294 
9606.ENSP00000269321 9606.ENSP00000299138 0 0 0 183 0 0 43 184 
9606.ENSP00000269321 9606.ENSP00000377833 0 0 0 0 0 0 263 263 
9606.ENSP00000269321 9606.ENSP00000264657 0 0 0 0 0 0 220 220 
9606.ENSP00000269321 9606.ENSP00000363092 0 0 0 0 0 0 170 170 
9606.ENSP00000269321 9606.ENSP00000465261 0 0 0 0 0 0 179 179 
9606.ENSP00000269321 9606.ENSP00000376345 0 0 0 64 0 0 177 197 
9606.ENSP00000269321 9606.ENSP00000230461 0 0 0 0 167 0 265 361 
9606.ENSP00000269321 9606.ENSP00000364802 0 0 0 0 0 0 153 153 
9606.ENSP00000269321 9606.ENSP00000353408 0 0 0 78 489 0 735 864 
9606.ENSP00000269321 9606.ENSP00000205402 0 0 0 0 0 0 151 151 
9606.ENSP00000269321 9606.ENSP00000295324 0 0 0 0 0 0 326 326 
9606.ENSP00000269321 9606.ENSP00000406873 0 0 0 61 0 0 256 271 
9606.ENSP00000269321 9606.ENSP00000371559 0 0 0 183 0 0 0 183 
9606.ENSP00000269321 9606.ENSP00000347416 0 0 0 89 0 0 117 161 
9606.ENSP00000269321 9606.ENSP00000340989 0 0 0 62 0 0 159 177 
9606.ENSP00000269321 9606.ENSP00000217652 0 0 0 61 0 0 210 227 
9606.ENSP00000269321 9606.ENSP00000381958 0 0 0 53 118 0 133 212 
9606.ENSP00000269321 9606.ENSP00000419782 0 0 0 47 0 0 154 160 
9606.ENSP00000269321 9606.ENSP00000369038 0 0 0 112 111 0 43 178 
9606.ENSP00000269321 9606.ENSP00000414303 0 0 0 0 0 0 293 293 
9606.ENSP00000269321 9606.ENSP00000349957 0 0 0 0 0 0 219 219 
9606.ENSP00000269321 9606.ENSP00000355511 0 0 0 63 0 0 132 151 
9606.ENSP00000269321 9606.ENSP00000382004 0 0 0 62 0 0 291 306 
9606.ENSP00000269321 9606.ENSP00000365048 0 0 0 0 0 0 210 210 
9606.ENSP00000269321 9606.ENSP00000420182 0 0 0 0 0 0 275 275 
9606.ENSP00000269321 9606.ENSP00000425587 0 0 0 123 0 0 176 247 
9606.ENSP00000269321 9606.ENSP00000361666 0 0 0 0 166 0 60 182 
9606.ENSP00000269321 9606.ENSP00000429309 0 0 0 62 66 0 187 226 
9606.ENSP00000269321 9606.ENSP00000481862 0 0 0 61 0 0 157 175 
9606.ENSP00000269321 9606.ENSP00000362107 0 0 0 76 0 0 121 153 
9606.ENSP00000269321 9606.ENSP00000298542 0 0 0 0 0 0 696 696 
9606.ENSP00000269321 9606.ENSP00000472929 0 0 0 61 379 0 332 576 
9606.ENSP00000269321 9606.ENSP00000389168 0 0 0 62 0 0 352 366 
9606.ENSP00000269321 9606.ENSP00000353224 0 0 0 0 0 0 250 250 
9606.ENSP00000269321 9606.ENSP00000310873 0 0 0 0 0 0 482 482 
9606.ENSP00000269321 9606.ENSP00000269373 0 0 0 92 0 0 243 283 
9606.ENSP00000269321 9606.ENSP00000262633 0 0 0 330 0 0 0 330 
9606.ENSP00000269321 9606.ENSP00000219169 0 0 0 75 64 0 126 177 
9606.ENSP00000269321 9606.ENSP00000364886 0 0 0 61 352 0 571 716 
9606.ENSP00000269321 9606.ENSP00000388648 0 0 0 0 0 0 250 250 
9606.ENSP00000269321 9606.ENSP00000263270 0 0 0 84 0 0 203 238 
9606.ENSP00000269321 9606.ENSP00000347626 0 0 0 48 0 0 244 250 
9606.ENSP00000269321 9606.ENSP00000479606 0 0 0 49 0 0 155 162 
9606.ENSP00000269321 9606.ENSP00000377941 0 0 0 79 0 0 208 240 
9606.ENSP00000269321 9606.ENSP00000216181 0 0 0 137 0 0 275 347 
9606.ENSP00000269321 9606.ENSP00000222792 0 0 0 57 0 0 226 238 
9606.ENSP00000269321 9606.ENSP00000438507 0 0 0 61 261 0 65 294 
9606.ENSP00000269321 9606.ENSP00000364119 0 0 0 92 88 0 128 214 
9606.ENSP00000269321 9606.ENSP00000261623 0 0 0 141 0 0 199 283 
9606.ENSP00000269321 9606.ENSP00000466953 0 0 0 49 0 0 170 177 
9606.ENSP00000269321 9606.ENSP00000364403 0 0 0 167 0 0 0 167 
9606.ENSP00000269321 9606.ENSP00000263321 0 0 0 0 0 0 234 234 
9606.ENSP00000269321 9606.ENSP00000336702 0 0 0 146 0 0 267 347 
9606.ENSP00000269321 9606.ENSP00000360916 0 0 0 89 0 0 438 466 
9606.ENSP00000269321 9606.ENSP00000357516 0 0 0 92 0 0 243 284 
9606.ENSP00000269321 9606.ENSP00000316176 0 0 0 144 0 0 113 208 
9606.ENSP00000269321 9606.ENSP00000249396 0 0 0 0 313 0 64 329 
9606.ENSP00000269321 9606.ENSP00000344942 0 0 0 76 0 0 196 225 
9606.ENSP00000269321 9606.ENSP00000386741 0 0 0 57 0 0 226 238 
9606.ENSP00000269321 9606.ENSP00000308496 0 0 0 61 261 0 65 294 
9606.ENSP00000269321 9606.ENSP00000341289 0 0 0 177 0 0 160 279 
9606.ENSP00000269321 9606.ENSP00000333769 0 0 0 174 0 0 64 194 
9606.ENSP00000269321 9606.ENSP00000366563 0 0 0 0 0 0 448 448 
9606.ENSP00000269321 9606.ENSP00000351777 0 0 0 196 0 0 201 330 
9606.ENSP00000269321 9606.ENSP00000301891 0 0 0 0 165 0 0 165 
9606.ENSP00000269321 9606.ENSP00000412302 0 0 0 162 0 0 0 162 
9606.ENSP00000269321 9606.ENSP00000323847 0 0 0 61 261 0 65 294 
9606.ENSP00000269321 9606.ENSP00000252699 0 0 0 265 0 0 510 625 
9606.ENSP00000269321 9606.ENSP00000446242 0 0 0 96 0 0 106 157 
9606.ENSP00000269321 9606.ENSP00000220764 0 0 0 0 0 0 398 398 
9606.ENSP00000269321 9606.ENSP00000273173 0 0 0 0 166 0 79 199 
9606.ENSP00000269321 9606.ENSP00000344666 0 0 0 63 53 0 319 343 
9606.ENSP00000269321 9606.ENSP00000221855 0 0 0 134 0 0 73 162 
9606.ENSP00000269321 9606.ENSP00000355217 0 0 0 184 0 0 168 292 
9606.ENSP00000269321 9606.ENSP00000444986 0 0 0 112 0 0 86 154 
9606.ENSP00000269321 9606.ENSP00000384273 0 0 0 120 0 0 98 173 
9606.ENSP00000269321 9606.ENSP00000339754 0 0 0 61 261 0 65 294 
9606.ENSP00000269321 9606.ENSP00000458162 0 0 0 183 0 0 377 470 
9606.ENSP00000269321 9606.ENSP00000264908 0 0 0 62 0 0 221 238 
9606.ENSP00000269321 9606.ENSP00000236850 0 0 0 0 0 0 169 169 
9606.ENSP00000269321 9606.ENSP00000394869 0 0 0 46 177 0 0 181 
9606.ENSP00000269321 9606.ENSP00000260746 0 0 0 61 261 0 314 482 
9606.ENSP00000269321 9606.ENSP00000382814 0 0 0 0 0 0 158 158 
9606.ENSP00000269321 9606.ENSP00000365201 0 0 0 156 0 0 0 156 
9606.ENSP00000269321 9606.ENSP00000466134 0 0 0 163 0 0 53 174 
9606.ENSP00000269321 9606.ENSP00000274364 0 0 0 61 0 0 177 195 
9606.ENSP00000269321 9606.ENSP00000295095 0 0 0 62 162 0 173 293 
9606.ENSP00000269321 9606.ENSP00000362413 0 0 0 90 0 0 121 166 
9606.ENSP00000269321 9606.ENSP00000356505 0 0 0 57 0 0 383 393 
9606.ENSP00000269321 9606.ENSP00000369897 0 0 0 189 0 0 55 200 
9606.ENSP00000269321 9606.ENSP00000478877 0 0 0 186 0 0 0 186 
9606.ENSP00000269321 9606.ENSP00000281171 0 0 0 0 0 0 325 325 
9606.ENSP00000269321 9606.ENSP00000221494 0 0 0 160 0 0 0 160 
9606.ENSP00000269321 9606.ENSP00000394071 0 0 0 104 413 900 614 977 
9606.ENSP00000269321 9606.ENSP00000373918 0 0 0 173 0 0 41 173 
9606.ENSP00000269321 9606.ENSP00000376457 0 0 0 0 0 0 321 321 
9606.ENSP00000269321 9606.ENSP00000479134 0 0 0 0 0 0 359 359 
9606.ENSP00000269321 9606.ENSP00000221455 0 0 0 77 0 0 161 192 
9606.ENSP00000269321 9606.ENSP00000201979 0 0 0 61 261 0 302 473 
9606.ENSP00000269321 9606.ENSP00000419970 0 0 0 69 0 0 227 249 
9606.ENSP00000269321 9606.ENSP00000378368 0 0 0 89 0 0 168 209 
9606.ENSP00000269321 9606.ENSP00000307241 0 0 0 42 0 0 259 259 
9606.ENSP00000269321 9606.ENSP00000273047 0 0 0 116 0 0 257 316 
9606.ENSP00000269321 9606.ENSP00000440005 0 0 0 125 261 0 227 457 
9606.ENSP00000269321 9606.ENSP00000252603 0 0 0 153 0 0 0 153 
9606.ENSP00000269321 9606.ENSP00000373518 0 0 0 55 0 0 207 218 
9606.ENSP00000269321 9606.ENSP00000320176 0 0 0 64 0 0 164 184 
9606.ENSP00000269321 9606.ENSP00000369318 0 0 0 61 352 0 165 447 
9606.ENSP00000269321 9606.ENSP00000263025 0 0 0 101 81 0 287 360 
9606.ENSP00000269321 9606.ENSP00000248553 0 0 0 74 363 0 330 570 
9606.ENSP00000269321 9606.ENSP00000220507 0 0 0 61 352 900 522 967 
9606.ENSP00000269321 9606.ENSP00000231061 0 0 0 63 0 0 200 218 
9606.ENSP00000269321 9606.ENSP00000291232 0 0 0 62 0 0 220 237 
9606.ENSP00000269321 9606.ENSP00000379754 0 0 0 0 0 0 237 237 
9606.ENSP00000269321 9606.ENSP00000273550 0 0 0 77 0 0 269 297 
9606.ENSP00000269321 9606.ENSP00000360154 0 0 0 47 0 0 355 359 
9606.ENSP00000269321 9606.ENSP00000435289 0 0 0 101 0 0 131 185 
9606.ENSP00000269321 9606.ENSP00000256682 0 0 0 101 261 0 488 630 
9606.ENSP00000269321 9606.ENSP00000272190 0 0 0 0 0 0 234 234 
9606.ENSP00000269321 9606.ENSP00000385720 0 0 0 0 0 0 543 543 
9606.ENSP00000269321 9606.ENSP00000372221 0 0 0 0 0 0 205 205 
9606.ENSP00000269321 9606.ENSP00000300935 0 0 0 85 0 0 202 239 
9606.ENSP00000269321 9606.ENSP00000310241 0 0 0 0 166 0 60 182 
9606.ENSP00000269321 9606.ENSP00000380334 0 0 0 61 174 0 436 524 
9606.ENSP00000269321 9606.ENSP00000364749 0 0 0 106 261 0 65 328 
9606.ENSP00000269321 9606.ENSP00000299759 0 0 0 61 261 0 98 319 
9606.ENSP00000269321 9606.ENSP00000222008 0 0 0 67 0 0 170 193 
9606.ENSP00000269321 9606.ENSP00000338413 0 0 0 150 0 0 62 169 
9606.ENSP00000269321 9606.ENSP00000378721 0 0 0 63 0 0 191 210 
9606.ENSP00000269321 9606.ENSP00000371897 0 0 0 0 0 0 218 218 
9606.ENSP00000269321 9606.ENSP00000352928 0 0 0 139 0 0 70 165 
9606.ENSP00000269321 9606.ENSP00000378769 0 0 0 126 0 0 91 172 
9606.ENSP00000269321 9606.ENSP00000400113 0 0 0 0 0 0 213 213 
9606.ENSP00000269321 9606.ENSP00000302783 0 0 0 151 0 0 0 151 
9606.ENSP00000269321 9606.ENSP00000264952 0 0 0 0 0 0 171 171 
9606.ENSP00000269321 9606.ENSP00000358967 0 0 0 0 0 0 210 210 
9606.ENSP00000269321 9606.ENSP00000352584 0 0 0 0 85 0 224 259 
9606.ENSP00000269321 9606.ENSP00000333938 0 0 0 0 0 0 166 166 
9606.ENSP00000269321 9606.ENSP00000355651 0 0 0 61 261 0 167 371 
9606.ENSP00000269321 9606.ENSP00000478570 0 0 0 0 0 0 188 188 
9606.ENSP00000269321 9606.ENSP00000379975 0 0 0 64 0 0 222 240 
9606.ENSP00000269321 9606.ENSP00000360058 0 0 0 0 0 0 237 237 
9606.ENSP00000269321 9606.ENSP00000328340 0 0 0 0 0 0 280 280 
9606.ENSP00000269321 9606.ENSP00000340913 0 0 0 0 0 0 309 309 
9606.ENSP00000269321 9606.ENSP00000286827 0 0 0 0 86 0 558 579 
9606.ENSP00000269321 9606.ENSP00000450436 0 0 0 0 0 0 208 208 
9606.ENSP00000269321 9606.ENSP00000007722 0 0 0 61 0 0 255 271 
9606.ENSP00000269321 9606.ENSP00000418770 0 0 0 184 80 0 243 382 
9606.ENSP00000269321 9606.ENSP00000337478 0 0 0 61 261 0 65 294 
9606.ENSP00000269321 9606.ENSP00000341268 0 0 0 134 0 0 74 163 
9606.ENSP00000269321 9606.ENSP00000366694 0 0 0 0 0 0 256 256 
9606.ENSP00000269321 9606.ENSP00000348395 0 0 0 84 419 0 0 445 
9606.ENSP00000269321 9606.ENSP00000348163 0 0 0 51 416 0 79 445 
9606.ENSP00000269321 9606.ENSP00000203630 0 0 0 234 0 0 0 234 
9606.ENSP00000269321 9606.ENSP00000346550 0 0 0 100 0 0 123 178 
9606.ENSP00000269321 9606.ENSP00000452280 0 0 0 0 0 0 168 168 
9606.ENSP00000269321 9606.ENSP00000316729 0 0 0 61 352 900 495 965 
9606.ENSP00000269321 9606.ENSP00000256078 0 0 0 112 261 0 364 546 
9606.ENSP00000269321 9606.ENSP00000246533 0 0 0 331 0 0 125 390 
9606.ENSP00000269321 9606.ENSP00000414906 0 0 0 183 0 0 0 183 
9606.ENSP00000269321 9606.ENSP00000354487 0 0 0 0 0 0 159 159 
9606.ENSP00000269321 9606.ENSP00000309591 0 0 0 96 0 800 64 816 
9606.ENSP00000269321 9606.ENSP00000355605 0 0 0 0 0 0 201 201 
9606.ENSP00000269321 9606.ENSP00000265729 0 0 0 78 0 0 145 178 
9606.ENSP00000269321 9606.ENSP00000282499 0 0 0 0 0 0 231 231 
9606.ENSP00000269321 9606.ENSP00000314067 0 0 0 82 50 0 611 632 
9606.ENSP00000269321 9606.ENSP00000355689 0 0 0 156 0 0 64 177 
9606.ENSP00000269321 9606.ENSP00000357679 0 0 0 60 0 0 173 189 
9606.ENSP00000269321 9606.ENSP00000221566 0 0 0 148 0 0 43 150 
9606.ENSP00000269321 9606.ENSP00000364893 0 0 0 0 0 0 308 308 
9606.ENSP00000269321 9606.ENSP00000172229 0 0 0 0 943 900 595 997 
9606.ENSP00000269321 9606.ENSP00000253024 0 0 0 199 0 0 0 199 
9606.ENSP00000269321 9606.ENSP00000380034 0 0 0 0 0 0 292 292 
9606.ENSP00000269321 9606.ENSP00000344456 0 0 0 93 0 0 116 164 
9606.ENSP00000269321 9606.ENSP00000480150 0 0 0 60 0 0 145 162 
9606.ENSP00000269321 9606.ENSP00000219150 0 0 0 97 0 0 253 297 
9606.ENSP00000269321 9606.ENSP00000438144 0 0 0 105 0 0 111 170 
9606.ENSP00000269321 9606.ENSP00000361465 0 0 0 46 0 0 154 158 
9606.ENSP00000269321 9606.ENSP00000354554 0 0 0 0 0 0 317 317 
9606.ENSP00000269321 9606.ENSP00000402373 0 0 0 63 0 0 259 276 
9606.ENSP00000269321 9606.ENSP00000338258 0 0 0 63 0 0 257 274 
9606.ENSP00000269321 9606.ENSP00000340507 0 0 0 0 0 0 290 290 
9606.ENSP00000269321 9606.ENSP00000479618 0 0 0 66 0 0 316 333 
9606.ENSP00000269321 9606.ENSP00000296930 0 0 0 0 0 0 178 178 
9606.ENSP00000269321 9606.ENSP00000220325 0 0 0 61 0 0 142 159 
9606.ENSP00000269321 9606.ENSP00000328083 0 0 0 0 86 0 129 169 
9606.ENSP00000269321 9606.ENSP00000304283 0 0 0 119 593 900 597 983 
9606.ENSP00000269321 9606.ENSP00000281172 0 0 0 0 0 0 293 293 
9606.ENSP00000269321 9606.ENSP00000408108 0 0 0 0 0 0 258 258 
9606.ENSP00000269321 9606.ENSP00000430945 0 0 0 0 0 0 319 319 
9606.ENSP00000269321 9606.ENSP00000239938 0 0 0 0 0 0 195 195 
9606.ENSP00000269321 9606.ENSP00000262320 0 0 0 76 0 0 368 391 
9606.ENSP00000269321 9606.ENSP00000352540 0 0 0 62 0 0 291 306 
9606.ENSP00000269321 9606.ENSP00000480336 0 0 0 0 165 0 0 165 
9606.ENSP00000269321 9606.ENSP00000471457 0 0 0 150 0 0 132 231 
9606.ENSP00000269321 9606.ENSP00000225688 0 0 0 61 261 0 132 345 
9606.ENSP00000269321 9606.ENSP00000481878 0 0 0 138 0 0 166 250 
9606.ENSP00000269321 9606.ENSP00000263645 0 0 0 89 0 0 128 172 
9606.ENSP00000269321 9606.ENSP00000359552 0 0 0 0 0 0 182 182 
9606.ENSP00000269321 9606.ENSP00000300289 0 0 0 81 419 0 352 624 
9606.ENSP00000269321 9606.ENSP00000357177 0 0 0 0 0 0 442 442 
9606.ENSP00000269321 9606.ENSP00000398560 0 0 0 0 99 0 204 252 
9606.ENSP00000269321 9606.ENSP00000366797 0 0 0 0 166 0 198 302 
9606.ENSP00000269321 9606.ENSP00000261313 0 0 0 80 0 0 336 363 
9606.ENSP00000269321 9606.ENSP00000222005 0 0 0 157 0 0 0 157 
9606.ENSP00000269321 9606.ENSP00000358525 0 0 0 0 0 900 282 925 
9606.ENSP00000269321 9606.ENSP00000358548 0 0 0 112 261 0 199 429 
9606.ENSP00000269321 9606.ENSP00000449428 0 0 0 0 0 0 161 161 
9606.ENSP00000269321 9606.ENSP00000261366 0 0 0 72 0 0 127 155 
9606.ENSP00000269321 9606.ENSP00000340454 0 0 0 0 0 0 275 275 
9606.ENSP00000269321 9606.ENSP00000368030 0 0 0 123 0 0 76 155 
9606.ENSP00000269321 9606.ENSP00000253861 0 0 0 58 0 0 141 157 
9606.ENSP00000269321 9606.ENSP00000475168 0 0 0 145 0 0 50 153 
9606.ENSP00000269321 9606.ENSP00000446121 0 0 0 64 0 0 153 173 
9606.ENSP00000269321 9606.ENSP00000363318 0 0 0 62 0 0 236 252 
9606.ENSP00000269321 9606.ENSP00000329466 0 0 0 0 118 0 111 182 
9606.ENSP00000269321 9606.ENSP00000270645 0 0 0 84 0 0 259 293 
9606.ENSP00000269321 9606.ENSP00000263238 0 0 0 69 0 0 353 372 
9606.ENSP00000269321 9606.ENSP00000292363 0 0 0 157 0 0 0 157 
9606.ENSP00000269321 9606.ENSP00000276211 0 0 0 0 0 0 181 181 
9606.ENSP00000269321 9606.ENSP00000380437 0 0 0 0 165 0 0 165 
9606.ENSP00000269321 9606.ENSP00000378669 0 0 0 131 363 0 146 486 
9606.ENSP00000269321 9606.ENSP00000217121 0 0 0 91 84 0 89 175 
9606.ENSP00000269321 9606.ENSP00000263754 0 0 0 0 313 0 41 313 
9606.ENSP00000269321 9606.ENSP00000266077 0 0 0 120 0 0 227 290 
9606.ENSP00000269321 9606.ENSP00000446007 0 0 0 80 0 0 154 189 
9606.ENSP00000269321 9606.ENSP00000258770 0 0 0 63 0 0 346 361 
9606.ENSP00000269321 9606.ENSP00000477781 0 0 0 0 0 0 316 316 
9606.ENSP00000269321 9606.ENSP00000320171 0 0 0 160 0 0 516 576 
9606.ENSP00000269321 9606.ENSP00000346671 0 0 0 55 0 0 220 231 
9606.ENSP00000269321 9606.ENSP00000364919 0 0 0 61 261 0 65 294 
9606.ENSP00000269321 9606.ENSP00000367817 0 0 0 0 0 0 297 297 
9606.ENSP00000269321 9606.ENSP00000367220 0 0 0 92 0 0 442 472 
9606.ENSP00000269321 9606.ENSP00000263867 0 0 0 155 0 0 116 221 
9606.ENSP00000269321 9606.ENSP00000294360 0 0 0 89 0 0 172 213 
9606.ENSP00000269321 9606.ENSP00000416125 0 0 0 0 86 0 129 169 
9606.ENSP00000269321 9606.ENSP00000476767 0 0 0 178 51 0 0 186 
9606.ENSP00000269321 9606.ENSP00000333896 0 0 0 157 0 0 0 157 
9606.ENSP00000269321 9606.ENSP00000256496 0 0 0 61 261 0 81 306 
9606.ENSP00000269321 9606.ENSP00000380869 0 0 0 86 261 0 86 328 
9606.ENSP00000269321 9606.ENSP00000290158 0 0 0 93 0 0 109 158 
9606.ENSP00000269321 9606.ENSP00000289228 0 0 0 123 0 0 136 210 
9606.ENSP00000269321 9606.ENSP00000381876 0 0 0 0 0 0 221 221 
9606.ENSP00000269321 9606.ENSP00000253023 0 0 0 166 0 0 0 166 
9606.ENSP00000269321 9606.ENSP00000256010 0 0 0 0 0 0 220 220 
9606.ENSP00000269321 9606.ENSP00000425634 0 0 0 171 0 0 0 171 
9606.ENSP00000269321 9606.ENSP00000353864 0 0 0 64 50 0 207 233 
9606.ENSP00000269321 9606.ENSP00000220003 0 0 0 131 0 0 119 202 
9606.ENSP00000269321 9606.ENSP00000438113 0 0 0 62 66 0 173 212 
9606.ENSP00000269321 9606.ENSP00000361845 0 0 0 42 0 0 158 159 
9606.ENSP00000269321 9606.ENSP00000276390 0 0 0 105 0 0 151 207 
9606.ENSP00000269321 9606.ENSP00000264711 0 0 0 63 261 0 86 311 
9606.ENSP00000269321 9606.ENSP00000381736 0 0 0 59 0 0 145 161 
9606.ENSP00000269321 9606.ENSP00000331901 0 0 0 108 111 0 43 174 
9606.ENSP00000269321 9606.ENSP00000270142 0 0 0 58 0 0 231 244 
9606.ENSP00000269321 9606.ENSP00000471331 0 0 0 0 0 0 158 158 
9606.ENSP00000269321 9606.ENSP00000345808 0 0 0 62 162 0 221 334 
9606.ENSP00000269321 9606.ENSP00000419027 0 0 0 0 0 0 187 187 
9606.ENSP00000269321 9606.ENSP00000078429 0 0 0 91 0 0 198 240 
9606.ENSP00000269321 9606.ENSP00000312304 0 0 0 48 0 0 187 193 
9606.ENSP00000269321 9606.ENSP00000290378 0 0 0 92 0 0 272 311 
9606.ENSP00000269321 9606.ENSP00000276461 0 0 0 0 0 0 162 162 
9606.ENSP00000269321 9606.ENSP00000466379 0 0 0 86 0 0 127 168 
9606.ENSP00000269321 9606.ENSP00000375899 0 0 0 0 0 0 158 158 
9606.ENSP00000269321 9606.ENSP00000222673 0 0 0 133 0 0 82 170 
9606.ENSP00000269321 9606.ENSP00000482950 0 0 0 0 0 0 167 167 
9606.ENSP00000269321 9606.ENSP00000339063 0 0 0 121 0 0 99 175 
9606.ENSP00000269321 9606.ENSP00000419325 0 0 0 48 0 0 258 264 
9606.ENSP00000269321 9606.ENSP00000300061 0 0 0 0 0 0 217 217 
9606.ENSP00000269321 9606.ENSP00000267396 0 0 0 61 261 0 65 294 
9606.ENSP00000269321 9606.ENSP00000479861 0 0 0 156 0 0 184 281 
9606.ENSP00000269321 9606.ENSP00000325239 0 0 0 52 0 0 212 221 
9606.ENSP00000269321 9606.ENSP00000408526 0 0 0 0 412 0 0 412 
9606.ENSP00000269321 9606.ENSP00000211998 0 0 0 0 0 0 355 355 
9606.ENSP00000269321 9606.ENSP00000385028 0 0 0 0 165 0 0 165 
9606.ENSP00000269321 9606.ENSP00000358723 0 0 0 62 547 0 358 704 
9606.ENSP00000269321 9606.ENSP00000333298 0 0 0 79 0 0 221 253 
9606.ENSP00000269321 9606.ENSP00000403323 0 0 0 62 162 0 427 510 
9606.ENSP00000269321 9606.ENSP00000337261 0 0 0 83 0 0 427 453 
9606.ENSP00000269321 9606.ENSP00000353452 0 0 0 79 0 0 268 297 
9606.ENSP00000269321 9606.ENSP00000379762 0 0 0 0 0 0 243 243 
9606.ENSP00000269321 9606.ENSP00000376048 0 0 0 0 0 900 351 932 
9606.ENSP00000269321 9606.ENSP00000277575 0 0 0 0 0 0 311 311 
9606.ENSP00000269321 9606.ENSP00000333633 0 0 0 117 0 0 79 153 
9606.ENSP00000269321 9606.ENSP00000344446 0 0 0 0 0 0 167 167 
9606.ENSP00000269321 9606.ENSP00000299855 0 0 0 0 0 0 238 238 
9606.ENSP00000269321 9606.ENSP00000263121 0 0 0 119 117 0 0 189 
9606.ENSP00000269321 9606.ENSP00000342848 0 0 0 75 0 0 145 175 
9606.ENSP00000269321 9606.ENSP00000387176 0 0 0 105 0 0 163 218 
9606.ENSP00000269321 9606.ENSP00000159060 0 0 0 61 0 0 134 152 
9606.ENSP00000269321 9606.ENSP00000364765 0 0 0 0 0 0 169 169 
9606.ENSP00000269321 9606.ENSP00000287600 0 0 0 0 0 0 255 255 
9606.ENSP00000269321 9606.ENSP00000215832 0 0 0 137 81 0 272 372 
9606.ENSP00000269321 9606.ENSP00000272233 0 0 0 65 748 900 693 991 
9606.ENSP00000269321 9606.ENSP00000337335 0 0 0 0 165 0 0 165 
9606.ENSP00000269321 9606.ENSP00000355741 0 0 0 58 0 0 217 231 
9606.ENSP00000269321 9606.ENSP00000361405 0 0 0 0 0 0 165 165 
9606.ENSP00000269321 9606.ENSP00000357076 0 0 0 131 52 0 105 198 
9606.ENSP00000269321 9606.ENSP00000289104 0 0 0 61 261 0 110 329 
9606.ENSP00000269321 9606.ENSP00000322594 0 0 0 80 261 0 65 309 
9606.ENSP00000269321 9606.ENSP00000315630 0 0 0 0 0 0 180 180 
9606.ENSP00000269321 9606.ENSP00000234590 0 0 0 169 0 0 228 331 
9606.ENSP00000269321 9606.ENSP00000300026 0 0 0 105 79 0 61 159 
9606.ENSP00000269321 9606.ENSP00000479104 0 0 0 63 166 0 0 185 
9606.ENSP00000269321 9606.ENSP00000301072 0 0 0 106 0 0 142 200 
9606.ENSP00000269321 9606.ENSP00000250559 0 0 0 62 261 0 311 481 
9606.ENSP00000269321 9606.ENSP00000337060 0 0 0 59 0 0 197 212 
9606.ENSP00000269321 9606.ENSP00000444856 0 0 0 68 0 0 131 155 
9606.ENSP00000269321 9606.ENSP00000365745 0 0 0 62 0 0 269 285 
9606.ENSP00000269321 9606.ENSP00000223321 0 0 0 108 0 0 123 185 
9606.ENSP00000269321 9606.ENSP00000346839 0 0 0 0 0 0 325 325 
9606.ENSP00000269321 9606.ENSP00000245304 0 0 0 61 261 0 130 343 
9606.ENSP00000269321 9606.ENSP00000005257 0 0 0 61 261 0 507 628 
9606.ENSP00000269321 9606.ENSP00000365663 0 0 0 0 0 0 221 221 
9606.ENSP00000269321 9606.ENSP00000477725 0 0 0 0 0 0 343 343 
9606.ENSP00000269321 9606.ENSP00000229270 0 0 0 127 0 0 262 329 
9606.ENSP00000269321 9606.ENSP00000359976 0 0 0 0 185 0 72 211 
9606.ENSP00000269321 9606.ENSP00000263246 0 0 0 65 0 0 149 170 
9606.ENSP00000269321 9606.ENSP00000254286 0 0 0 98 0 0 98 151 
9606.ENSP00000269321 9606.ENSP00000437188 0 0 0 0 86 0 139 180 
9606.ENSP00000269321 9606.ENSP00000480158 0 0 0 64 0 0 207 226 
9606.ENSP00000269321 9606.ENSP00000366221 0 0 0 0 0 0 185 185 
9606.ENSP00000269321 9606.ENSP00000264380 0 0 0 0 0 0 211 211 
9606.ENSP00000269321 9606.ENSP00000410059 0 0 0 69 0 0 146 171 
9606.ENSP00000269321 9606.ENSP00000262812 0 0 0 209 57 0 0 223 
9606.ENSP00000269321 9606.ENSP00000445725 0 0 0 0 0 0 501 501 
9606.ENSP00000269321 9606.ENSP00000260762 0 0 0 49 0 0 225 231 
9606.ENSP00000269321 9606.ENSP00000416250 0 0 0 69 104 0 133 214 
9606.ENSP00000269321 9606.ENSP00000323096 0 0 0 0 0 0 161 161 
9606.ENSP00000269321 9606.ENSP00000481126 0 0 0 63 0 0 501 512 
9606.ENSP00000269321 9606.ENSP00000228825 0 0 0 155 0 0 137 239 
9606.ENSP00000269321 9606.ENSP00000331065 0 0 0 49 0 0 400 405 
9606.ENSP00000269321 9606.ENSP00000311005 0 0 0 99 81 0 112 201 
9606.ENSP00000269321 9606.ENSP00000263433 0 0 0 115 0 0 79 150 
9606.ENSP00000269321 9606.ENSP00000298229 0 0 0 117 0 0 86 159 
9606.ENSP00000269321 9606.ENSP00000366109 0 0 0 63 0 0 221 238 
9606.ENSP00000269321 9606.ENSP00000427687 0 0 0 98 0 0 138 189 
9606.ENSP00000269321 9606.ENSP00000215375 0 0 0 140 0 0 136 226 
9606.ENSP00000269321 9606.ENSP00000350386 0 0 0 70 0 0 132 158 
9606.ENSP00000269321 9606.ENSP00000303507 0 0 0 0 0 0 242 242 
9606.ENSP00000269321 9606.ENSP00000255499 0 0 0 0 0 0 217 217 
9606.ENSP00000269321 9606.ENSP00000358727 0 0 0 72 64 0 209 253 
9606.ENSP00000269321 9606.ENSP00000219406 0 16 0 0 0 0 302 302 
9606.ENSP00000269321 9606.ENSP00000382697 0 0 0 0 0 0 459 459 
9606.ENSP00000269321 9606.ENSP00000367527 0 0 0 0 0 0 174 174 
9606.ENSP00000269321 9606.ENSP00000354476 0 0 0 69 0 0 134 159 
9606.ENSP00000269321 9606.ENSP00000264896 0 0 0 0 0 0 213 213 
9606.ENSP00000269321 9606.ENSP00000411152 0 0 0 0 0 0 226 226 
9606.ENSP00000269321 9606.ENSP00000439250 0 0 0 0 58 0 188 203 
9606.ENSP00000269321 9606.ENSP00000262319 0 213 0 129 0 0 0 285 
9606.ENSP00000269321 9606.ENSP00000362807 0 0 0 132 0 0 69 158 
9606.ENSP00000269321 9606.ENSP00000216254 0 0 0 84 0 0 240 275 
9606.ENSP00000269321 9606.ENSP00000408005 0 0 0 76 0 0 166 196 
