9606.ENSP00000264346 9606.ENSP00000363993 0 0 0 82 0 0 246 278 
9606.ENSP00000264346 9606.ENSP00000478474 0 0 0 0 80 900 56 905 
9606.ENSP00000264346 9606.ENSP00000397911 0 0 0 84 50 0 102 150 
9606.ENSP00000264346 9606.ENSP00000409279 0 0 0 63 80 0 207 256 
9606.ENSP00000264346 9606.ENSP00000429089 0 0 0 0 154 0 89 196 
9606.ENSP00000264346 9606.ENSP00000216338 0 0 0 0 0 0 153 153 
9606.ENSP00000264346 9606.ENSP00000467579 0 0 0 62 186 0 99 251 
9606.ENSP00000264346 9606.ENSP00000357113 0 0 0 64 0 0 243 261 
9606.ENSP00000264346 9606.ENSP00000369217 0 0 0 0 0 0 435 435 
9606.ENSP00000264346 9606.ENSP00000281708 0 0 0 61 0 900 0 902 
9606.ENSP00000264346 9606.ENSP00000420487 0 0 0 0 86 0 585 604 
9606.ENSP00000264346 9606.ENSP00000265094 0 0 0 62 124 900 0 910 
9606.ENSP00000264346 9606.ENSP00000284551 0 0 0 51 50 900 0 901 
9606.ENSP00000264346 9606.ENSP00000425092 0 0 0 63 0 0 164 183 
9606.ENSP00000264346 9606.ENSP00000426503 0 0 0 62 0 900 0 902 
9606.ENSP00000264346 9606.ENSP00000263370 0 0 0 0 0 0 173 173 
9606.ENSP00000264346 9606.ENSP00000340648 0 0 0 63 0 900 143 912 
9606.ENSP00000264346 9606.ENSP00000262776 0 0 0 163 0 0 86 203 
9606.ENSP00000264346 9606.ENSP00000331682 0 0 0 52 0 900 0 901 
9606.ENSP00000264346 9606.ENSP00000366153 0 0 0 61 68 0 243 279 
9606.ENSP00000264346 9606.ENSP00000264350 0 0 0 775 0 900 97 977 
9606.ENSP00000264346 9606.ENSP00000346240 0 0 0 0 0 900 0 900 
9606.ENSP00000264346 9606.ENSP00000358519 0 0 0 0 0 0 167 167 
9606.ENSP00000264346 9606.ENSP00000380602 0 0 0 63 0 0 220 238 
9606.ENSP00000264346 9606.ENSP00000369855 0 0 0 64 80 900 0 906 
9606.ENSP00000264346 9606.ENSP00000315768 0 0 0 189 0 0 287 397 
9606.ENSP00000264346 9606.ENSP00000265849 0 0 0 56 0 0 271 282 
9606.ENSP00000264346 9606.ENSP00000427793 0 0 0 0 0 900 110 907 
9606.ENSP00000264346 9606.ENSP00000428205 0 0 0 0 0 900 0 900 
9606.ENSP00000264346 9606.ENSP00000348714 0 0 0 63 0 900 97 908 
9606.ENSP00000264346 9606.ENSP00000385739 0 0 0 0 0 0 286 286 
9606.ENSP00000264346 9606.ENSP00000215659 0 0 0 0 157 0 50 164 
9606.ENSP00000264346 9606.ENSP00000391211 0 0 0 0 85 0 173 211 
9606.ENSP00000264346 9606.ENSP00000380746 0 0 0 64 0 900 68 905 
9606.ENSP00000264346 9606.ENSP00000242351 0 0 0 120 0 0 91 166 
9606.ENSP00000264346 9606.ENSP00000363040 0 0 0 61 0 0 227 243 
9606.ENSP00000264346 9606.ENSP00000455547 0 0 0 50 0 0 180 187 
9606.ENSP00000264346 9606.ENSP00000388001 0 0 0 747 0 0 373 834 
9606.ENSP00000264346 9606.ENSP00000376889 0 0 0 55 328 0 0 337 
9606.ENSP00000264346 9606.ENSP00000345772 0 0 0 0 263 0 55 273 
9606.ENSP00000264346 9606.ENSP00000347188 0 0 0 62 0 900 0 902 
9606.ENSP00000264346 9606.ENSP00000327255 0 0 0 61 133 0 0 151 
9606.ENSP00000264346 9606.ENSP00000325618 0 0 0 103 0 0 185 239 
9606.ENSP00000264346 9606.ENSP00000363412 0 0 0 103 102 0 0 160 
9606.ENSP00000264346 9606.ENSP00000345494 0 0 0 189 0 0 306 413 
9606.ENSP00000264346 9606.ENSP00000318066 0 0 0 61 0 0 137 155 
9606.ENSP00000264346 9606.ENSP00000316357 0 0 0 82 121 0 57 172 
9606.ENSP00000264346 9606.ENSP00000377470 0 0 0 61 50 0 165 190 
9606.ENSP00000264346 9606.ENSP00000296142 0 0 0 0 0 0 213 213 
9606.ENSP00000264346 9606.ENSP00000263857 0 0 0 63 124 0 99 195 
9606.ENSP00000264346 9606.ENSP00000003302 0 0 0 82 121 0 57 172 
9606.ENSP00000264346 9606.ENSP00000342015 0 0 0 50 0 0 393 398 
9606.ENSP00000264346 9606.ENSP00000403802 0 0 0 0 0 900 0 900 
9606.ENSP00000264346 9606.ENSP00000296786 0 0 0 64 185 0 85 241 
9606.ENSP00000264346 9606.ENSP00000464030 0 0 0 62 96 0 180 244 
9606.ENSP00000264346 9606.ENSP00000382508 0 0 0 0 172 0 62 190 
9606.ENSP00000264346 9606.ENSP00000315118 0 0 0 61 0 0 167 184 
9606.ENSP00000264346 9606.ENSP00000318437 0 0 0 0 0 0 154 154 
9606.ENSP00000264346 9606.ENSP00000383421 0 0 0 50 157 0 0 164 
9606.ENSP00000264346 9606.ENSP00000398698 0 0 0 61 0 0 230 246 
9606.ENSP00000264346 9606.ENSP00000206595 0 0 0 0 107 0 281 331 
9606.ENSP00000264346 9606.ENSP00000277458 0 0 0 64 80 900 0 906 
9606.ENSP00000264346 9606.ENSP00000417401 0 0 0 106 0 0 354 397 
9606.ENSP00000264346 9606.ENSP00000300688 0 0 0 0 0 0 165 165 
9606.ENSP00000264346 9606.ENSP00000402033 0 0 0 51 157 0 49 172 
9606.ENSP00000264346 9606.ENSP00000361990 0 0 0 96 126 900 84 917 
9606.ENSP00000264346 9606.ENSP00000366702 0 0 0 0 0 0 173 173 
9606.ENSP00000264346 9606.ENSP00000357292 0 0 0 61 191 0 58 221 
9606.ENSP00000264346 9606.ENSP00000472546 0 0 0 177 0 0 68 200 
9606.ENSP00000264346 9606.ENSP00000451575 0 0 0 64 80 900 0 906 
9606.ENSP00000264346 9606.ENSP00000237654 0 0 0 0 154 0 44 156 
9606.ENSP00000264346 9606.ENSP00000269202 0 0 0 61 0 0 249 265 
9606.ENSP00000264346 9606.ENSP00000474412 0 0 0 63 0 0 164 183 
9606.ENSP00000264346 9606.ENSP00000355877 0 0 0 0 0 0 177 177 
9606.ENSP00000264346 9606.ENSP00000359488 0 0 0 126 0 0 171 245 
9606.ENSP00000264346 9606.ENSP00000380073 0 0 0 357 0 0 295 527 
9606.ENSP00000264346 9606.ENSP00000388723 0 0 0 0 0 900 0 900 
9606.ENSP00000264346 9606.ENSP00000328203 0 0 0 0 0 900 42 900 
9606.ENSP00000264346 9606.ENSP00000307833 0 0 0 0 0 900 0 900 
9606.ENSP00000264346 9606.ENSP00000262384 0 0 0 82 64 0 121 178 
9606.ENSP00000264346 9606.ENSP00000472836 0 0 0 0 299 0 65 316 
9606.ENSP00000264346 9606.ENSP00000289013 0 0 0 61 162 0 62 197 
9606.ENSP00000264346 9606.ENSP00000298630 0 0 0 61 165 0 57 196 
9606.ENSP00000264346 9606.ENSP00000264033 0 0 0 0 185 0 0 185 
9606.ENSP00000264346 9606.ENSP00000282412 0 0 0 61 133 0 0 151 
9606.ENSP00000264346 9606.ENSP00000377043 0 0 0 81 0 0 126 162 
9606.ENSP00000264346 9606.ENSP00000037243 0 0 0 85 147 0 43 187 
9606.ENSP00000264346 9606.ENSP00000337691 0 0 0 0 157 0 50 164 
9606.ENSP00000264346 9606.ENSP00000311760 0 0 0 0 0 0 309 309 
9606.ENSP00000264346 9606.ENSP00000298910 0 0 0 130 131 0 43 213 
9606.ENSP00000264346 9606.ENSP00000264758 0 0 0 49 157 0 43 165 
9606.ENSP00000264346 9606.ENSP00000270139 0 0 0 0 0 0 227 227 
9606.ENSP00000264346 9606.ENSP00000357879 0 0 0 50 157 0 69 189 
9606.ENSP00000264346 9606.ENSP00000290541 0 0 0 0 163 0 49 169 
9606.ENSP00000264346 9606.ENSP00000379842 0 0 0 62 177 0 57 208 
9606.ENSP00000264346 9606.ENSP00000476603 0 0 0 0 0 0 216 216 
9606.ENSP00000264346 9606.ENSP00000285667 0 0 0 0 156 0 0 156 
9606.ENSP00000264346 9606.ENSP00000480499 0 0 0 0 0 900 97 905 
9606.ENSP00000264346 9606.ENSP00000324806 0 0 0 63 185 0 0 203 
9606.ENSP00000264346 9606.ENSP00000285013 0 0 0 110 0 0 427 468 
9606.ENSP00000264346 9606.ENSP00000466880 0 0 0 0 0 0 212 212 
9606.ENSP00000264346 9606.ENSP00000308318 0 0 0 54 0 0 186 197 
9606.ENSP00000264346 9606.ENSP00000462269 0 0 0 61 68 0 321 354 
9606.ENSP00000264346 9606.ENSP00000465676 0 0 0 63 131 0 50 158 
9606.ENSP00000264346 9606.ENSP00000363322 0 0 0 0 0 900 0 900 
9606.ENSP00000264346 9606.ENSP00000317872 0 0 0 61 0 900 128 910 
9606.ENSP00000264346 9606.ENSP00000410396 0 0 0 0 268 0 0 268 
9606.ENSP00000264346 9606.ENSP00000263373 0 0 0 55 64 0 189 220 
9606.ENSP00000264346 9606.ENSP00000360299 0 0 0 0 0 0 218 218 
9606.ENSP00000264346 9606.ENSP00000228928 0 0 0 773 0 0 495 881 
9606.ENSP00000264346 9606.ENSP00000295888 0 0 0 63 52 0 154 182 
9606.ENSP00000264346 9606.ENSP00000363970 0 0 0 85 147 0 43 187 
9606.ENSP00000264346 9606.ENSP00000347548 0 0 0 0 0 900 0 900 
9606.ENSP00000264346 9606.ENSP00000379182 0 0 0 0 167 0 43 168 
9606.ENSP00000264346 9606.ENSP00000244061 0 0 0 55 0 900 0 901 
9606.ENSP00000264346 9606.ENSP00000354775 0 0 0 61 54 900 73 906 
9606.ENSP00000264346 9606.ENSP00000225577 0 0 0 61 165 0 57 196 
9606.ENSP00000264346 9606.ENSP00000343535 0 0 0 82 121 0 57 172 
9606.ENSP00000264346 9606.ENSP00000369581 0 0 0 61 0 0 241 256 
9606.ENSP00000264346 9606.ENSP00000357123 0 0 0 64 0 0 179 199 
9606.ENSP00000264346 9606.ENSP00000472109 0 0 0 0 263 0 55 273 
9606.ENSP00000264346 9606.ENSP00000348216 0 0 0 51 50 900 0 901 
9606.ENSP00000264346 9606.ENSP00000428646 0 0 0 0 0 900 0 900 
9606.ENSP00000264346 9606.ENSP00000281623 0 0 0 49 0 900 0 900 
9606.ENSP00000264346 9606.ENSP00000353549 0 0 0 61 0 900 57 903 
9606.ENSP00000264346 9606.ENSP00000453872 0 0 0 61 54 900 73 906 
9606.ENSP00000264346 9606.ENSP00000365773 0 0 0 0 0 0 201 201 
9606.ENSP00000264346 9606.ENSP00000332973 0 0 0 0 262 0 57 274 
9606.ENSP00000264346 9606.ENSP00000211287 0 0 0 0 157 0 50 164 
9606.ENSP00000264346 9606.ENSP00000262160 0 0 0 0 262 0 57 274 
9606.ENSP00000264346 9606.ENSP00000257604 0 0 0 62 0 0 298 313 
9606.ENSP00000264346 9606.ENSP00000356243 0 0 0 60 188 0 205 340 
9606.ENSP00000264346 9606.ENSP00000421076 0 0 0 0 0 0 165 165 
9606.ENSP00000264346 9606.ENSP00000377344 0 0 0 811 0 0 473 896 
9606.ENSP00000264346 9606.ENSP00000404247 0 0 0 61 84 0 100 158 
9606.ENSP00000264346 9606.ENSP00000221954 0 0 0 0 0 0 250 250 
9606.ENSP00000264346 9606.ENSP00000355340 0 0 0 0 72 0 173 199 
9606.ENSP00000264346 9606.ENSP00000343001 0 0 0 86 113 0 83 191 
9606.ENSP00000264346 9606.ENSP00000369531 0 0 0 61 191 0 305 426 
9606.ENSP00000264346 9606.ENSP00000306330 0 0 0 0 153 0 49 160 
9606.ENSP00000264346 9606.ENSP00000289902 0 0 0 0 0 0 185 185 
9606.ENSP00000264346 9606.ENSP00000273968 0 0 0 0 0 0 492 492 
9606.ENSP00000264346 9606.ENSP00000252593 0 0 0 180 0 0 318 418 
9606.ENSP00000264346 9606.ENSP00000356475 0 0 0 78 82 0 119 189 
9606.ENSP00000264346 9606.ENSP00000438040 0 0 0 0 0 0 508 508 
9606.ENSP00000264346 9606.ENSP00000245414 0 0 0 64 0 0 252 270 
9606.ENSP00000264346 9606.ENSP00000482515 0 0 0 108 0 0 308 357 
9606.ENSP00000264346 9606.ENSP00000275532 0 0 0 62 0 900 0 902 
9606.ENSP00000264346 9606.ENSP00000262144 0 0 0 128 77 0 102 214 
9606.ENSP00000264346 9606.ENSP00000370055 0 0 0 0 0 0 242 242 
9606.ENSP00000264346 9606.ENSP00000424198 0 0 0 52 0 900 0 901 
9606.ENSP00000264346 9606.ENSP00000354201 0 0 0 60 188 900 57 918 
9606.ENSP00000264346 9606.ENSP00000369373 0 0 0 130 50 0 186 269 
9606.ENSP00000264346 9606.ENSP00000386609 0 0 0 63 75 0 234 278 
9606.ENSP00000264346 9606.ENSP00000391101 0 0 0 108 0 0 334 380 
9606.ENSP00000264346 9606.ENSP00000410811 0 0 0 61 66 0 226 261 
9606.ENSP00000264346 9606.ENSP00000261479 0 0 0 0 87 0 157 197 
9606.ENSP00000264346 9606.ENSP00000413520 0 0 0 62 176 0 115 256 
9606.ENSP00000264346 9606.ENSP00000354621 0 0 0 0 0 900 54 901 
9606.ENSP00000264346 9606.ENSP00000262193 0 0 0 61 87 0 104 164 
9606.ENSP00000264346 9606.ENSP00000450524 0 0 0 85 147 0 43 187 
9606.ENSP00000264346 9606.ENSP00000359370 0 0 0 63 50 0 181 207 
9606.ENSP00000264346 9606.ENSP00000378529 0 0 0 64 77 900 47 906 
9606.ENSP00000264346 9606.ENSP00000435370 0 0 0 61 191 0 53 217 
9606.ENSP00000264346 9606.ENSP00000349967 0 0 0 63 58 0 132 167 
9606.ENSP00000264346 9606.ENSP00000477792 0 0 0 0 0 900 0 900 
9606.ENSP00000264346 9606.ENSP00000358247 0 0 0 64 0 900 68 905 
9606.ENSP00000264346 9606.ENSP00000157812 0 0 0 62 85 0 134 192 
9606.ENSP00000264346 9606.ENSP00000264501 0 0 0 129 148 0 0 226 
9606.ENSP00000264346 9606.ENSP00000262294 0 0 0 51 50 900 0 901 
9606.ENSP00000264346 9606.ENSP00000400906 0 0 0 60 558 0 101 594 
9606.ENSP00000264346 9606.ENSP00000265598 0 0 0 152 0 0 0 152 
9606.ENSP00000264346 9606.ENSP00000431885 0 0 0 0 96 0 131 180 
9606.ENSP00000264346 9606.ENSP00000359783 0 0 0 802 0 0 530 903 
9606.ENSP00000264346 9606.ENSP00000293970 0 0 0 50 0 0 283 290 
9606.ENSP00000264346 9606.ENSP00000367570 0 0 0 176 107 0 65 252 
9606.ENSP00000264346 9606.ENSP00000379412 0 0 0 108 0 0 246 299 
9606.ENSP00000264346 9606.ENSP00000296464 0 0 0 0 156 0 0 156 
9606.ENSP00000264346 9606.ENSP00000262577 0 0 0 60 178 0 43 195 
9606.ENSP00000264346 9606.ENSP00000401371 0 0 0 0 54 0 139 150 
9606.ENSP00000264346 9606.ENSP00000359497 0 0 0 138 0 0 304 375 
9606.ENSP00000264346 9606.ENSP00000276416 0 0 0 0 165 0 54 176 
9606.ENSP00000264346 9606.ENSP00000318298 0 0 0 61 0 0 184 201 
9606.ENSP00000264346 9606.ENSP00000261601 0 0 0 62 127 0 108 205 
9606.ENSP00000264346 9606.ENSP00000229729 0 0 0 61 53 0 297 321 
9606.ENSP00000264346 9606.ENSP00000373627 0 0 0 0 84 0 196 232 
9606.ENSP00000264346 9606.ENSP00000359385 0 0 0 0 0 900 0 900 
9606.ENSP00000264346 9606.ENSP00000356687 0 0 0 0 156 0 0 156 
9606.ENSP00000264346 9606.ENSP00000472969 0 0 0 61 68 0 287 321 
9606.ENSP00000264346 9606.ENSP00000367832 0 0 0 54 0 0 180 191 
9606.ENSP00000264346 9606.ENSP00000333657 0 0 0 606 167 0 318 757 
9606.ENSP00000264346 9606.ENSP00000229332 0 0 0 0 0 0 173 173 
9606.ENSP00000264346 9606.ENSP00000259030 0 0 0 604 0 0 485 787 
9606.ENSP00000264346 9606.ENSP00000364133 0 0 0 61 125 0 56 156 
9606.ENSP00000264346 9606.ENSP00000254963 0 0 0 0 156 0 0 156 
9606.ENSP00000264346 9606.ENSP00000222402 0 0 0 60 188 900 57 918 
9606.ENSP00000264346 9606.ENSP00000378624 0 0 0 0 328 900 111 935 
9606.ENSP00000264346 9606.ENSP00000464087 0 0 0 79 0 900 277 927 
9606.ENSP00000264346 9606.ENSP00000312397 0 0 0 52 0 900 0 901 
9606.ENSP00000264346 9606.ENSP00000360613 0 0 0 61 188 900 57 918 
9606.ENSP00000264346 9606.ENSP00000321927 0 0 0 64 0 900 68 905 
9606.ENSP00000264346 9606.ENSP00000323687 0 0 0 60 188 900 57 918 
9606.ENSP00000264346 9606.ENSP00000468280 0 0 0 61 165 0 57 196 
9606.ENSP00000264346 9606.ENSP00000360939 0 0 0 62 0 0 146 164 
9606.ENSP00000264346 9606.ENSP00000306261 0 0 0 0 0 0 188 188 
9606.ENSP00000264346 9606.ENSP00000258091 0 0 0 0 57 0 200 213 
9606.ENSP00000264346 9606.ENSP00000371471 0 0 0 820 0 0 553 916 
9606.ENSP00000264346 9606.ENSP00000369299 0 0 0 292 50 0 212 424 
9606.ENSP00000264346 9606.ENSP00000399797 0 0 0 82 0 0 205 239 
9606.ENSP00000264346 9606.ENSP00000442307 0 0 0 61 161 0 69 202 
9606.ENSP00000264346 9606.ENSP00000403910 0 0 0 0 0 0 282 282 
9606.ENSP00000264346 9606.ENSP00000354453 0 0 0 61 68 0 112 155 
9606.ENSP00000264346 9606.ENSP00000262510 0 0 0 82 0 0 193 228 
9606.ENSP00000264346 9606.ENSP00000381490 0 0 0 61 157 0 0 174 
9606.ENSP00000264346 9606.ENSP00000275603 0 0 0 0 57 0 184 198 
9606.ENSP00000264346 9606.ENSP00000367102 0 0 0 0 76 0 155 185 
9606.ENSP00000264346 9606.ENSP00000370671 0 0 0 0 0 900 0 900 
9606.ENSP00000264346 9606.ENSP00000340594 0 0 0 0 156 0 0 156 
9606.ENSP00000264346 9606.ENSP00000409000 0 0 0 0 0 0 167 167 
9606.ENSP00000264346 9606.ENSP00000305651 0 0 0 378 0 0 270 526 
9606.ENSP00000264346 9606.ENSP00000308351 0 0 0 86 96 0 87 179 
9606.ENSP00000264346 9606.ENSP00000443191 0 0 0 52 0 900 0 901 
9606.ENSP00000264346 9606.ENSP00000437550 0 0 0 61 260 0 58 288 
9606.ENSP00000264346 9606.ENSP00000372035 0 0 0 61 260 0 58 288 
9606.ENSP00000264346 9606.ENSP00000318884 0 0 0 109 88 0 94 199 
9606.ENSP00000264346 9606.ENSP00000251642 0 0 0 408 0 0 350 599 
9606.ENSP00000264346 9606.ENSP00000397453 0 0 0 61 188 900 57 918 
9606.ENSP00000264346 9606.ENSP00000484443 0 0 0 55 79 0 197 240 
9606.ENSP00000264346 9606.ENSP00000452123 0 0 0 0 54 0 167 178 
9606.ENSP00000264346 9606.ENSP00000438788 0 0 0 0 0 900 0 900 
9606.ENSP00000264346 9606.ENSP00000359206 0 0 0 62 124 900 0 910 
9606.ENSP00000264346 9606.ENSP00000296161 0 0 0 124 0 900 342 937 
9606.ENSP00000264346 9606.ENSP00000478121 0 0 0 0 0 900 62 902 
9606.ENSP00000264346 9606.ENSP00000235329 0 0 0 64 167 0 0 186 
9606.ENSP00000264346 9606.ENSP00000341489 0 0 0 0 156 0 0 156 
9606.ENSP00000264346 9606.ENSP00000229795 0 0 0 0 157 0 50 164 
9606.ENSP00000264346 9606.ENSP00000430237 0 0 0 61 54 900 91 908 
9606.ENSP00000264346 9606.ENSP00000432016 0 0 0 64 153 0 49 180 
9606.ENSP00000264346 9606.ENSP00000359683 0 0 0 114 73 0 98 194 
9606.ENSP00000264346 9606.ENSP00000279488 0 0 0 0 111 0 103 168 
9606.ENSP00000264346 9606.ENSP00000428209 0 0 0 0 0 900 48 900 
9606.ENSP00000264346 9606.ENSP00000433642 0 0 0 62 0 0 139 158 
9606.ENSP00000264346 9606.ENSP00000354394 0 0 0 570 0 0 363 715 
9606.ENSP00000264346 9606.ENSP00000329219 0 0 0 109 164 0 94 266 
9606.ENSP00000264346 9606.ENSP00000318697 0 0 0 0 0 0 290 290 
9606.ENSP00000264346 9606.ENSP00000262710 0 0 0 54 0 0 278 287 
9606.ENSP00000264346 9606.ENSP00000441543 0 0 0 57 191 900 53 918 
9606.ENSP00000264346 9606.ENSP00000222330 0 0 0 63 185 0 0 203 
9606.ENSP00000264346 9606.ENSP00000359149 0 0 0 0 0 900 0 900 
9606.ENSP00000264346 9606.ENSP00000310686 0 0 0 61 0 900 0 902 
9606.ENSP00000264346 9606.ENSP00000367208 0 0 0 49 133 0 59 156 
9606.ENSP00000264346 9606.ENSP00000424838 0 0 0 61 80 0 212 260 
9606.ENSP00000264346 9606.ENSP00000310219 0 0 0 0 157 0 93 202 
9606.ENSP00000264346 9606.ENSP00000249636 0 0 0 63 131 0 58 165 
9606.ENSP00000264346 9606.ENSP00000273480 0 0 0 61 0 900 64 904 
9606.ENSP00000264346 9606.ENSP00000288840 0 0 0 0 262 0 57 274 
9606.ENSP00000264346 9606.ENSP00000343023 0 0 0 189 50 0 105 251 
9606.ENSP00000264346 9606.ENSP00000459533 0 0 0 0 172 0 62 190 
9606.ENSP00000264346 9606.ENSP00000244426 0 0 0 64 0 900 50 903 
9606.ENSP00000264346 9606.ENSP00000469863 0 0 0 78 78 0 132 197 
9606.ENSP00000264346 9606.ENSP00000307971 0 0 0 0 0 0 355 355 
9606.ENSP00000264346 9606.ENSP00000320563 0 0 0 63 52 0 156 184 
9606.ENSP00000264346 9606.ENSP00000373696 0 0 0 63 0 900 210 919 
9606.ENSP00000264346 9606.ENSP00000393154 0 0 0 0 0 900 0 900 
9606.ENSP00000264346 9606.ENSP00000347834 0 0 0 64 0 900 68 905 
9606.ENSP00000264346 9606.ENSP00000363390 0 0 0 51 50 900 55 903 
9606.ENSP00000264346 9606.ENSP00000361540 0 0 0 64 77 900 47 906 
9606.ENSP00000264346 9606.ENSP00000382239 0 0 0 87 157 0 0 197 
9606.ENSP00000264346 9606.ENSP00000260184 0 0 0 172 0 0 0 172 
9606.ENSP00000264346 9606.ENSP00000312411 0 0 0 61 191 0 0 207 
9606.ENSP00000264346 9606.ENSP00000485133 0 0 0 60 413 0 101 460 
9606.ENSP00000264346 9606.ENSP00000299320 0 0 0 0 0 0 269 269 
9606.ENSP00000264346 9606.ENSP00000334153 0 0 0 0 0 0 227 227 
9606.ENSP00000264346 9606.ENSP00000245620 0 0 0 0 0 0 276 276 
9606.ENSP00000264346 9606.ENSP00000391641 0 0 0 61 68 0 295 329 
9606.ENSP00000264346 9606.ENSP00000256474 0 0 0 0 0 900 0 900 
9606.ENSP00000264346 9606.ENSP00000358211 0 0 0 0 156 0 0 156 
9606.ENSP00000264346 9606.ENSP00000385410 0 0 0 0 153 0 0 153 
9606.ENSP00000264346 9606.ENSP00000274026 0 0 0 52 154 0 149 258 
9606.ENSP00000264346 9606.ENSP00000353670 0 0 0 64 80 0 98 155 
9606.ENSP00000264346 9606.ENSP00000338019 0 0 0 50 102 0 204 262 
9606.ENSP00000264346 9606.ENSP00000261439 0 0 0 55 0 0 147 159 
9606.ENSP00000264346 9606.ENSP00000216099 0 0 0 61 72 0 205 247 
9606.ENSP00000264346 9606.ENSP00000328327 0 0 0 62 80 900 0 906 
9606.ENSP00000264346 9606.ENSP00000264607 0 0 0 64 80 900 0 906 
9606.ENSP00000264346 9606.ENSP00000369127 0 0 0 52 102 0 146 210 
9606.ENSP00000264346 9606.ENSP00000374490 0 0 0 58 0 0 211 224 
9606.ENSP00000264346 9606.ENSP00000369154 0 0 0 0 262 0 62 278 
9606.ENSP00000264346 9606.ENSP00000260983 0 0 0 0 0 900 206 917 
9606.ENSP00000264346 9606.ENSP00000470087 0 0 0 63 185 0 0 203 
9606.ENSP00000264346 9606.ENSP00000357631 0 0 0 62 137 0 44 158 
9606.ENSP00000264346 9606.ENSP00000361064 0 0 0 0 0 0 223 223 
9606.ENSP00000264346 9606.ENSP00000383199 0 0 0 0 0 900 96 905 
9606.ENSP00000264346 9606.ENSP00000322937 0 0 0 63 0 900 0 902 
9606.ENSP00000264346 9606.ENSP00000352927 0 0 0 0 60 0 243 257 
9606.ENSP00000264346 9606.ENSP00000351933 0 0 0 52 0 900 0 901 
9606.ENSP00000264346 9606.ENSP00000349785 0 0 0 85 147 0 43 187 
9606.ENSP00000264346 9606.ENSP00000384527 0 0 0 61 68 0 457 483 
9606.ENSP00000264346 9606.ENSP00000476795 0 0 0 52 0 900 0 901 
9606.ENSP00000264346 9606.ENSP00000347444 0 0 0 161 0 0 0 161 
9606.ENSP00000264346 9606.ENSP00000253048 0 0 0 49 178 0 43 186 
9606.ENSP00000264346 9606.ENSP00000427120 0 0 0 49 159 0 0 166 
9606.ENSP00000264346 9606.ENSP00000365944 0 0 0 0 0 900 0 900 
9606.ENSP00000264346 9606.ENSP00000401399 0 0 0 85 167 0 86 242 
9606.ENSP00000264346 9606.ENSP00000262306 0 0 0 0 0 900 68 902 
9606.ENSP00000264346 9606.ENSP00000421842 0 0 0 0 0 900 90 905 
9606.ENSP00000264346 9606.ENSP00000359292 0 0 0 0 0 0 221 221 
9606.ENSP00000264346 9606.ENSP00000217173 0 0 0 86 113 900 83 915 
9606.ENSP00000264346 9606.ENSP00000371067 0 0 0 63 96 0 85 157 
9606.ENSP00000264346 9606.ENSP00000205214 0 0 0 62 132 0 0 151 
9606.ENSP00000264346 9606.ENSP00000364802 0 0 0 0 157 0 104 213 
9606.ENSP00000264346 9606.ENSP00000371200 0 0 0 51 262 0 67 289 
9606.ENSP00000264346 9606.ENSP00000338157 0 0 0 61 68 900 0 904 
9606.ENSP00000264346 9606.ENSP00000331268 0 0 0 0 156 0 0 156 
9606.ENSP00000264346 9606.ENSP00000342278 0 0 0 768 0 0 501 879 
9606.ENSP00000264346 9606.ENSP00000263212 0 0 0 61 191 0 0 207 
9606.ENSP00000264346 9606.ENSP00000349957 0 0 0 62 0 900 64 904 
9606.ENSP00000264346 9606.ENSP00000336800 0 0 0 52 0 900 0 901 
9606.ENSP00000264346 9606.ENSP00000381535 0 0 0 61 165 0 57 196 
9606.ENSP00000264346 9606.ENSP00000393183 0 0 0 63 0 900 50 903 
9606.ENSP00000264346 9606.ENSP00000254436 0 0 0 274 50 900 154 933 
9606.ENSP00000264346 9606.ENSP00000255465 0 0 0 52 154 0 66 185 
9606.ENSP00000264346 9606.ENSP00000368799 0 0 0 49 0 900 0 900 
9606.ENSP00000264346 9606.ENSP00000323068 0 0 0 0 0 0 165 165 
9606.ENSP00000264346 9606.ENSP00000484931 0 0 0 61 68 0 248 284 
9606.ENSP00000264346 9606.ENSP00000272348 0 0 0 0 0 0 213 213 
9606.ENSP00000264346 9606.ENSP00000272425 0 0 0 0 0 0 158 158 
9606.ENSP00000264346 9606.ENSP00000392466 0 0 0 0 156 0 0 156 
9606.ENSP00000264346 9606.ENSP00000262971 0 0 0 63 131 0 50 158 
9606.ENSP00000264346 9606.ENSP00000364403 0 0 0 109 0 900 66 909 
9606.ENSP00000264346 9606.ENSP00000171111 0 0 0 52 0 900 0 901 
9606.ENSP00000264346 9606.ENSP00000415434 0 0 0 82 121 0 57 172 
9606.ENSP00000264346 9606.ENSP00000385684 0 0 0 0 328 900 148 937 
9606.ENSP00000264346 9606.ENSP00000348769 0 0 0 0 0 900 50 900 
9606.ENSP00000264346 9606.ENSP00000377547 0 0 0 52 154 0 44 166 
9606.ENSP00000264346 9606.ENSP00000264864 0 0 0 114 73 0 98 194 
9606.ENSP00000264346 9606.ENSP00000230449 0 0 0 64 0 0 156 176 
9606.ENSP00000264346 9606.ENSP00000378350 0 0 0 64 0 900 50 903 
9606.ENSP00000264346 9606.ENSP00000232165 0 0 0 0 0 900 82 904 
9606.ENSP00000264346 9606.ENSP00000216484 0 0 0 61 80 0 119 172 
9606.ENSP00000264346 9606.ENSP00000264658 0 0 0 0 0 900 0 900 
9606.ENSP00000264346 9606.ENSP00000331626 0 0 0 61 68 0 121 163 
9606.ENSP00000264346 9606.ENSP00000381577 0 0 0 82 121 0 57 172 
9606.ENSP00000264346 9606.ENSP00000376457 0 0 0 0 161 0 69 185 
9606.ENSP00000264346 9606.ENSP00000235933 0 0 0 0 0 0 173 173 
9606.ENSP00000264346 9606.ENSP00000440005 0 0 0 61 84 0 169 222 
9606.ENSP00000264346 9606.ENSP00000262643 0 0 0 0 154 0 221 312 
9606.ENSP00000264346 9606.ENSP00000356705 0 0 0 78 167 0 0 199 
9606.ENSP00000264346 9606.ENSP00000263642 0 0 0 713 0 0 375 813 
9606.ENSP00000264346 9606.ENSP00000256682 0 0 0 61 84 0 100 158 
9606.ENSP00000264346 9606.ENSP00000462521 0 0 0 51 262 0 67 289 
9606.ENSP00000264346 9606.ENSP00000299308 0 0 0 0 0 0 282 282 
9606.ENSP00000264346 9606.ENSP00000288207 0 0 0 0 154 0 44 156 
9606.ENSP00000264346 9606.ENSP00000342513 0 0 0 756 0 0 476 867 
9606.ENSP00000264346 9606.ENSP00000378118 0 0 0 79 0 0 201 233 
9606.ENSP00000264346 9606.ENSP00000369473 0 0 0 61 50 0 165 190 
9606.ENSP00000264346 9606.ENSP00000274255 0 0 0 62 0 900 0 902 
9606.ENSP00000264346 9606.ENSP00000263800 0 0 0 0 96 0 443 474 
9606.ENSP00000264346 9606.ENSP00000338413 0 0 0 65 0 900 189 917 
9606.ENSP00000264346 9606.ENSP00000390158 0 0 0 63 55 900 117 911 
9606.ENSP00000264346 9606.ENSP00000346255 0 0 0 62 133 0 0 151 
9606.ENSP00000264346 9606.ENSP00000358283 0 0 0 55 0 900 64 903 
9606.ENSP00000264346 9606.ENSP00000253814 0 0 0 0 186 0 77 216 
9606.ENSP00000264346 9606.ENSP00000370625 0 0 0 63 98 0 90 163 
9606.ENSP00000264346 9606.ENSP00000222250 0 0 0 51 262 0 67 289 
9606.ENSP00000264346 9606.ENSP00000332454 0 0 0 64 161 0 43 182 
9606.ENSP00000264346 9606.ENSP00000321346 0 0 0 81 0 0 126 162 
9606.ENSP00000264346 9606.ENSP00000264414 0 0 0 85 80 900 62 910 
9606.ENSP00000264346 9606.ENSP00000363023 0 0 0 0 64 0 188 207 
9606.ENSP00000264346 9606.ENSP00000337478 0 0 0 61 84 0 100 158 
9606.ENSP00000264346 9606.ENSP00000382104 0 0 0 94 145 0 75 220 
9606.ENSP00000264346 9606.ENSP00000375863 0 0 0 0 0 0 154 154 
9606.ENSP00000264346 9606.ENSP00000482767 0 0 0 61 157 0 0 174 
9606.ENSP00000264346 9606.ENSP00000357060 0 0 0 62 144 0 0 162 
9606.ENSP00000264346 9606.ENSP00000388107 0 0 0 0 323 900 56 930 
9606.ENSP00000264346 9606.ENSP00000382707 0 0 0 113 0 0 210 270 
9606.ENSP00000264346 9606.ENSP00000284637 0 0 0 51 50 900 0 901 
9606.ENSP00000264346 9606.ENSP00000386788 0 0 0 60 188 900 65 919 
9606.ENSP00000264346 9606.ENSP00000292853 0 0 0 0 0 900 0 900 
9606.ENSP00000264346 9606.ENSP00000294383 0 0 0 82 121 0 57 172 
9606.ENSP00000264346 9606.ENSP00000356530 0 0 0 62 161 0 285 388 
9606.ENSP00000264346 9606.ENSP00000369611 0 0 0 62 157 0 0 175 
9606.ENSP00000264346 9606.ENSP00000347730 0 0 0 61 68 0 198 236 
9606.ENSP00000264346 9606.ENSP00000320038 0 0 0 0 0 0 460 460 
9606.ENSP00000264346 9606.ENSP00000479618 0 0 0 0 85 0 324 355 
9606.ENSP00000264346 9606.ENSP00000334474 0 0 0 63 131 0 50 158 
9606.ENSP00000264346 9606.ENSP00000383295 0 0 0 64 0 0 155 175 
9606.ENSP00000264346 9606.ENSP00000332886 0 0 0 0 0 0 242 242 
9606.ENSP00000264346 9606.ENSP00000262903 0 0 0 64 80 900 94 911 
9606.ENSP00000264346 9606.ENSP00000355195 0 0 0 64 80 900 0 906 
9606.ENSP00000264346 9606.ENSP00000427567 0 0 0 109 88 0 94 199 
9606.ENSP00000264346 9606.ENSP00000309548 0 0 0 62 133 0 0 151 
9606.ENSP00000264346 9606.ENSP00000379133 0 0 0 0 156 0 0 156 
9606.ENSP00000264346 9606.ENSP00000264436 0 0 0 49 157 0 43 165 
9606.ENSP00000264346 9606.ENSP00000340596 0 0 0 86 0 900 134 913 
9606.ENSP00000264346 9606.ENSP00000354901 0 0 0 113 0 0 107 174 
9606.ENSP00000264346 9606.ENSP00000385899 0 0 0 0 70 0 162 187 
9606.ENSP00000264346 9606.ENSP00000419199 0 0 0 64 80 900 0 906 
9606.ENSP00000264346 9606.ENSP00000378199 0 0 0 0 157 0 48 163 
9606.ENSP00000264346 9606.ENSP00000383044 0 0 0 82 121 0 57 172 
9606.ENSP00000264346 9606.ENSP00000376330 0 0 0 0 185 0 0 185 
9606.ENSP00000264346 9606.ENSP00000428338 0 0 0 0 0 900 0 900 
9606.ENSP00000264346 9606.ENSP00000370989 0 0 0 126 0 0 122 200 
9606.ENSP00000264346 9606.ENSP00000366249 0 0 0 62 191 0 273 400 
9606.ENSP00000264346 9606.ENSP00000305533 0 0 0 0 0 0 269 269 
9606.ENSP00000264346 9606.ENSP00000355028 0 0 0 61 54 900 73 906 
9606.ENSP00000264346 9606.ENSP00000309198 0 0 0 77 0 900 118 911 
9606.ENSP00000264346 9606.ENSP00000464265 0 0 0 57 191 0 53 214 
9606.ENSP00000264346 9606.ENSP00000364859 0 0 0 62 80 0 98 153 
9606.ENSP00000264346 9606.ENSP00000320171 0 0 0 50 178 0 0 185 
9606.ENSP00000264346 9606.ENSP00000341551 0 0 0 0 262 0 57 274 
9606.ENSP00000264346 9606.ENSP00000275015 0 0 0 64 80 0 184 236 
9606.ENSP00000264346 9606.ENSP00000314608 0 0 0 0 0 900 0 900 
9606.ENSP00000264346 9606.ENSP00000329654 0 0 0 51 0 0 222 230 
9606.ENSP00000264346 9606.ENSP00000381876 0 0 0 109 88 0 94 199 
9606.ENSP00000264346 9606.ENSP00000365210 0 0 0 0 154 0 44 156 
9606.ENSP00000264346 9606.ENSP00000378324 0 0 0 52 102 0 185 245 
9606.ENSP00000264346 9606.ENSP00000321388 0 0 0 64 80 900 0 906 
9606.ENSP00000264346 9606.ENSP00000376258 0 0 0 0 0 900 0 900 
9606.ENSP00000264346 9606.ENSP00000312293 0 0 0 0 0 0 160 160 
9606.ENSP00000264346 9606.ENSP00000309749 0 0 0 61 72 0 116 162 
9606.ENSP00000264346 9606.ENSP00000325414 0 0 0 0 0 0 250 250 
9606.ENSP00000264346 9606.ENSP00000375899 0 0 0 84 50 0 164 209 
9606.ENSP00000264346 9606.ENSP00000360215 0 0 0 355 0 0 55 364 
9606.ENSP00000264346 9606.ENSP00000302111 0 0 0 0 141 0 72 168 
9606.ENSP00000264346 9606.ENSP00000360860 0 0 0 408 85 0 320 599 
9606.ENSP00000264346 9606.ENSP00000355051 0 0 0 55 152 0 0 164 
9606.ENSP00000264346 9606.ENSP00000266087 0 0 0 0 0 900 0 900 
9606.ENSP00000264346 9606.ENSP00000349156 0 0 0 0 0 900 49 900 
9606.ENSP00000264346 9606.ENSP00000384823 0 0 0 0 0 900 0 900 
9606.ENSP00000264346 9606.ENSP00000357759 0 0 0 0 0 0 297 297 
9606.ENSP00000264346 9606.ENSP00000444688 0 0 0 62 144 0 0 162 
9606.ENSP00000264346 9606.ENSP00000215832 0 0 0 0 157 0 50 164 
9606.ENSP00000264346 9606.ENSP00000361721 0 0 0 52 0 0 323 331 
9606.ENSP00000264346 9606.ENSP00000378028 0 0 0 0 0 900 0 900 
9606.ENSP00000264346 9606.ENSP00000243578 0 0 0 0 111 0 171 231 
9606.ENSP00000264346 9606.ENSP00000314004 0 0 0 64 0 900 0 902 
9606.ENSP00000264346 9606.ENSP00000374036 0 0 0 0 0 0 289 289 
9606.ENSP00000264346 9606.ENSP00000361467 0 0 0 51 157 0 0 165 
9606.ENSP00000264346 9606.ENSP00000301712 0 0 0 62 0 900 0 902 
9606.ENSP00000264346 9606.ENSP00000337510 0 0 0 0 0 900 0 900 
9606.ENSP00000264346 9606.ENSP00000351416 0 0 0 64 153 0 49 180 
9606.ENSP00000264346 9606.ENSP00000264552 0 0 0 60 188 900 73 919 
9606.ENSP00000264346 9606.ENSP00000261427 0 0 0 64 188 900 57 918 
9606.ENSP00000264346 9606.ENSP00000451261 0 0 0 60 188 900 57 918 
9606.ENSP00000264346 9606.ENSP00000253110 0 0 0 243 0 0 0 243 
9606.ENSP00000264346 9606.ENSP00000360475 0 0 0 51 262 0 67 289 
9606.ENSP00000264346 9606.ENSP00000360793 0 0 0 0 54 0 350 359 
9606.ENSP00000264346 9606.ENSP00000380256 0 0 0 52 154 900 86 916 
9606.ENSP00000264346 9606.ENSP00000299663 0 0 0 0 0 0 214 214 
9606.ENSP00000264346 9606.ENSP00000261721 0 0 0 50 0 900 0 900 
9606.ENSP00000264346 9606.ENSP00000420617 0 0 0 64 167 0 0 186 
9606.ENSP00000264346 9606.ENSP00000262370 0 0 0 58 0 900 0 901 
9606.ENSP00000264346 9606.ENSP00000312150 0 0 0 62 82 0 127 182 
9606.ENSP00000264346 9606.ENSP00000358242 0 0 0 58 159 0 170 285 
9606.ENSP00000264346 9606.ENSP00000380178 0 0 0 60 188 900 57 918 
9606.ENSP00000264346 9606.ENSP00000254323 0 0 0 0 0 0 318 318 
9606.ENSP00000264346 9606.ENSP00000218548 0 0 0 62 144 0 0 162 
9606.ENSP00000264346 9606.ENSP00000373347 0 0 0 61 0 0 135 153 
9606.ENSP00000264346 9606.ENSP00000365891 0 0 0 0 157 0 50 164 
9606.ENSP00000264346 9606.ENSP00000478721 0 0 0 0 157 0 55 169 
9606.ENSP00000264346 9606.ENSP00000253083 0 0 0 62 130 0 57 163 
9606.ENSP00000264346 9606.ENSP00000356832 0 0 0 61 165 0 57 196 
9606.ENSP00000264346 9606.ENSP00000330442 0 0 0 0 0 0 161 161 
9606.ENSP00000264346 9606.ENSP00000403524 0 0 0 62 0 0 203 220 
9606.ENSP00000264346 9606.ENSP00000263925 0 0 0 62 154 900 49 914 
9606.ENSP00000264346 9606.ENSP00000265138 0 0 0 51 262 0 67 289 
9606.ENSP00000264346 9606.ENSP00000223023 0 0 0 0 157 0 50 164 
9606.ENSP00000264346 9606.ENSP00000318480 0 0 0 64 0 0 177 196 
9606.ENSP00000264346 9606.ENSP00000371805 0 0 0 0 0 900 0 900 
9606.ENSP00000264346 9606.ENSP00000417659 0 0 0 61 191 0 0 207 
9606.ENSP00000264346 9606.ENSP00000348381 0 0 0 49 157 0 43 165 
9606.ENSP00000264346 9606.ENSP00000350331 0 0 0 64 80 900 0 906 
9606.ENSP00000264346 9606.ENSP00000401878 0 0 0 52 0 900 0 901 
9606.ENSP00000264346 9606.ENSP00000323348 0 0 0 0 0 900 90 905 
9606.ENSP00000264346 9606.ENSP00000349298 0 0 0 0 0 900 41 900 
9606.ENSP00000264346 9606.ENSP00000362555 0 0 0 61 0 900 50 903 
9606.ENSP00000264346 9606.ENSP00000439287 0 0 0 63 0 0 393 407 
9606.ENSP00000264346 9606.ENSP00000359485 0 0 0 84 0 0 279 311 
9606.ENSP00000264346 9606.ENSP00000314508 0 0 0 0 0 0 152 152 
9606.ENSP00000264346 9606.ENSP00000296702 0 0 0 62 137 0 44 158 
9606.ENSP00000264346 9606.ENSP00000371267 0 0 0 0 153 0 56 166 
9606.ENSP00000264346 9606.ENSP00000262613 0 0 0 0 127 0 103 183 
9606.ENSP00000264346 9606.ENSP00000256442 0 0 0 0 154 0 44 156 
9606.ENSP00000264346 9606.ENSP00000360891 0 0 0 594 85 0 442 775 
9606.ENSP00000264346 9606.ENSP00000353794 0 0 0 64 0 900 68 905 
9606.ENSP00000264346 9606.ENSP00000481848 0 0 0 49 159 0 0 166 
9606.ENSP00000264346 9606.ENSP00000391676 0 0 0 62 96 0 85 156 
9606.ENSP00000264346 9606.ENSP00000345997 0 0 0 61 96 0 101 170 
9606.ENSP00000264346 9606.ENSP00000324173 0 0 0 0 156 0 0 156 
9606.ENSP00000264346 9606.ENSP00000481006 0 0 0 0 0 0 171 171 
9606.ENSP00000264346 9606.ENSP00000361245 0 0 0 63 0 900 97 908 
9606.ENSP00000264346 9606.ENSP00000348602 0 0 0 0 165 0 0 165 
9606.ENSP00000264346 9606.ENSP00000317159 0 0 0 63 0 0 134 153 
9606.ENSP00000264346 9606.ENSP00000339109 0 0 0 87 0 900 43 904 
9606.ENSP00000264346 9606.ENSP00000345195 0 0 0 61 433 0 58 454 
9606.ENSP00000264346 9606.ENSP00000349722 0 0 0 60 188 900 57 918 
9606.ENSP00000264346 9606.ENSP00000369213 0 0 0 777 0 0 378 855 
9606.ENSP00000264346 9606.ENSP00000269499 0 0 0 63 59 0 162 196 
9606.ENSP00000264346 9606.ENSP00000363228 0 0 0 87 157 0 0 197 
9606.ENSP00000264346 9606.ENSP00000357122 0 0 0 64 0 0 276 293 
9606.ENSP00000264346 9606.ENSP00000311609 0 0 0 0 0 900 0 900 
9606.ENSP00000264346 9606.ENSP00000433146 0 0 0 82 121 0 57 172 
9606.ENSP00000264346 9606.ENSP00000369666 0 0 0 64 82 900 71 909 
9606.ENSP00000264346 9606.ENSP00000359128 0 0 0 0 0 0 266 266 
9606.ENSP00000264346 9606.ENSP00000307684 0 0 0 73 138 0 0 166 
9606.ENSP00000264346 9606.ENSP00000360874 0 0 0 170 85 0 90 248 
9606.ENSP00000264346 9606.ENSP00000307208 0 0 0 87 84 0 133 211 
9606.ENSP00000264346 9606.ENSP00000373702 0 0 0 61 191 0 0 207 
9606.ENSP00000264346 9606.ENSP00000350708 0 0 0 57 191 0 53 214 
9606.ENSP00000264346 9606.ENSP00000417492 0 0 0 51 50 0 296 309 
9606.ENSP00000264346 9606.ENSP00000296525 0 0 0 64 80 900 0 906 
9606.ENSP00000264346 9606.ENSP00000467024 0 0 0 57 191 0 53 214 
9606.ENSP00000264346 9606.ENSP00000376765 0 0 0 63 131 0 66 173 
9606.ENSP00000264346 9606.ENSP00000348565 0 0 0 55 0 900 62 903 
9606.ENSP00000264346 9606.ENSP00000309474 0 0 0 62 138 0 131 236 
9606.ENSP00000264346 9606.ENSP00000285670 0 0 0 61 0 0 212 229 
9606.ENSP00000264346 9606.ENSP00000338039 0 0 0 49 0 0 268 274 
9606.ENSP00000264346 9606.ENSP00000480893 0 0 0 61 66 0 122 162 
9606.ENSP00000264346 9606.ENSP00000476519 0 0 0 49 159 0 0 166 
9606.ENSP00000264346 9606.ENSP00000311300 0 0 0 64 0 0 158 179 
9606.ENSP00000264346 9606.ENSP00000377218 0 0 0 59 0 0 136 152 
9606.ENSP00000264346 9606.ENSP00000351325 0 0 0 0 0 0 517 517 
9606.ENSP00000264346 9606.ENSP00000376808 0 0 0 63 80 900 90 911 
9606.ENSP00000264346 9606.ENSP00000340305 0 0 0 0 0 900 48 900 
9606.ENSP00000264346 9606.ENSP00000264335 0 0 0 0 153 0 151 250 
9606.ENSP00000264346 9606.ENSP00000269305 0 0 0 0 76 0 294 320 
9606.ENSP00000264346 9606.ENSP00000480364 0 0 0 63 55 0 321 346 
9606.ENSP00000264346 9606.ENSP00000316779 0 0 0 0 165 0 91 208 
9606.ENSP00000264346 9606.ENSP00000242827 0 0 0 0 0 0 265 265 
9606.ENSP00000264346 9606.ENSP00000354822 0 0 0 768 0 0 450 867 
9606.ENSP00000264346 9606.ENSP00000356652 0 0 0 59 0 0 274 287 
9606.ENSP00000264346 9606.ENSP00000358674 0 0 0 57 191 0 53 214 
9606.ENSP00000264346 9606.ENSP00000282572 0 0 0 0 154 0 44 156 
9606.ENSP00000264346 9606.ENSP00000378557 0 0 0 109 88 0 94 199 
9606.ENSP00000264346 9606.ENSP00000314499 0 0 0 97 111 0 56 176 
9606.ENSP00000264346 9606.ENSP00000306772 0 0 0 0 156 0 0 156 
9606.ENSP00000264346 9606.ENSP00000241261 0 0 0 157 0 0 218 313 
9606.ENSP00000264346 9606.ENSP00000262623 0 0 0 62 144 0 0 162 
9606.ENSP00000264346 9606.ENSP00000340900 0 0 0 62 157 0 0 175 
9606.ENSP00000264346 9606.ENSP00000306884 0 0 0 162 0 0 197 298 
9606.ENSP00000264346 9606.ENSP00000436679 0 0 0 0 0 0 227 227 
9606.ENSP00000264346 9606.ENSP00000426103 0 0 0 64 80 900 57 908 
9606.ENSP00000264346 9606.ENSP00000315743 0 0 0 0 154 0 44 156 
9606.ENSP00000264346 9606.ENSP00000386532 0 0 0 64 80 900 0 906 
9606.ENSP00000264346 9606.ENSP00000379503 0 0 0 62 133 0 0 151 
9606.ENSP00000264346 9606.ENSP00000379287 0 0 0 0 153 0 66 175 
9606.ENSP00000264346 9606.ENSP00000242140 0 0 0 0 185 0 0 185 
9606.ENSP00000264346 9606.ENSP00000450565 0 0 0 0 0 0 172 172 
9606.ENSP00000264346 9606.ENSP00000294671 0 0 0 91 0 0 280 317 
9606.ENSP00000264346 9606.ENSP00000432688 0 0 0 0 0 0 398 398 
9606.ENSP00000264346 9606.ENSP00000273596 0 0 0 0 0 0 290 290 
9606.ENSP00000264346 9606.ENSP00000386187 0 0 0 264 0 0 248 423 
9606.ENSP00000264346 9606.ENSP00000344577 0 0 0 140 0 0 64 160 
9606.ENSP00000264346 9606.ENSP00000355865 0 0 0 0 0 900 49 900 
9606.ENSP00000264346 9606.ENSP00000335091 0 0 0 52 0 900 0 901 
9606.ENSP00000264346 9606.ENSP00000382328 0 0 0 61 50 0 165 190 
9606.ENSP00000264346 9606.ENSP00000397351 0 0 0 109 186 0 94 285 
9606.ENSP00000264346 9606.ENSP00000395590 0 0 0 659 0 0 339 765 
9606.ENSP00000264346 9606.ENSP00000365961 0 0 0 0 0 900 0 900 
9606.ENSP00000264346 9606.ENSP00000368699 0 0 0 809 191 0 671 944 
9606.ENSP00000264346 9606.ENSP00000255977 0 0 0 0 0 900 0 900 
9606.ENSP00000264346 9606.ENSP00000401023 0 0 0 0 0 900 0 900 
9606.ENSP00000264346 9606.ENSP00000348821 0 0 0 0 0 0 150 150 
9606.ENSP00000264346 9606.ENSP00000394248 0 0 0 61 68 0 150 191 
9606.ENSP00000264346 9606.ENSP00000377668 0 0 0 0 0 0 167 167 
9606.ENSP00000264346 9606.ENSP00000309262 0 0 0 82 121 0 57 172 
9606.ENSP00000264346 9606.ENSP00000282908 0 0 0 61 165 0 57 196 
9606.ENSP00000264346 9606.ENSP00000216160 0 0 0 61 191 0 0 207 
9606.ENSP00000264346 9606.ENSP00000383719 0 0 0 0 85 900 69 907 
9606.ENSP00000264346 9606.ENSP00000339484 0 0 0 62 191 0 53 218 
9606.ENSP00000264346 9606.ENSP00000347997 0 0 0 61 191 0 58 221 
9606.ENSP00000264346 9606.ENSP00000261819 0 0 0 0 0 900 0 900 
9606.ENSP00000264346 9606.ENSP00000385610 0 0 0 0 0 900 0 900 
9606.ENSP00000264346 9606.ENSP00000373272 0 0 0 51 50 900 0 901 
9606.ENSP00000264346 9606.ENSP00000356811 0 0 0 63 129 0 57 163 
9606.ENSP00000264346 9606.ENSP00000381717 0 0 0 60 188 900 96 921 
9606.ENSP00000264346 9606.ENSP00000318982 0 0 0 251 0 0 389 522 
9606.ENSP00000264346 9606.ENSP00000304697 0 0 0 57 191 900 53 918 
9606.ENSP00000264346 9606.ENSP00000261845 0 0 0 0 157 0 50 164 
9606.ENSP00000264346 9606.ENSP00000261609 0 0 0 63 55 900 124 912 
9606.ENSP00000264346 9606.ENSP00000266458 0 0 0 85 147 0 43 187 
9606.ENSP00000264346 9606.ENSP00000326247 0 0 0 583 0 0 207 655 
9606.ENSP00000264346 9606.ENSP00000354085 0 0 0 64 153 0 49 180 
9606.ENSP00000264346 9606.ENSP00000275767 0 0 0 107 0 0 105 166 
9606.ENSP00000264346 9606.ENSP00000282369 0 0 0 51 50 900 0 901 
9606.ENSP00000264346 9606.ENSP00000384359 0 0 0 61 72 0 168 212 
9606.ENSP00000264346 9606.ENSP00000216802 0 0 0 108 0 0 231 285 
9606.ENSP00000264346 9606.ENSP00000351990 0 0 0 62 0 0 137 155 
9606.ENSP00000264346 9606.ENSP00000373905 0 0 0 64 167 0 43 188 
9606.ENSP00000264346 9606.ENSP00000326804 0 0 0 85 80 900 126 916 
9606.ENSP00000264346 9606.ENSP00000428572 0 0 0 169 0 0 371 456 
9606.ENSP00000264346 9606.ENSP00000302961 0 0 0 0 156 0 0 156 
9606.ENSP00000264346 9606.ENSP00000294664 0 0 0 63 0 0 267 283 
9606.ENSP00000264346 9606.ENSP00000351314 0 0 0 64 87 0 242 295 
9606.ENSP00000264346 9606.ENSP00000256722 0 0 0 407 0 0 351 598 
9606.ENSP00000264346 9606.ENSP00000261435 0 0 0 61 50 0 165 190 
9606.ENSP00000264346 9606.ENSP00000335153 0 0 0 0 129 0 88 172 
9606.ENSP00000264346 9606.ENSP00000386488 0 0 0 49 178 0 43 186 
9606.ENSP00000264346 9606.ENSP00000263228 0 0 0 60 188 900 57 918 
9606.ENSP00000264346 9606.ENSP00000237163 0 0 0 94 145 0 75 220 
9606.ENSP00000264346 9606.ENSP00000318687 0 0 0 0 157 0 116 222 
9606.ENSP00000264346 9606.ENSP00000476369 0 0 0 61 0 900 0 902 
9606.ENSP00000264346 9606.ENSP00000368797 0 0 0 49 0 900 0 900 
9606.ENSP00000264346 9606.ENSP00000355014 0 0 0 61 54 900 73 906 
9606.ENSP00000264346 9606.ENSP00000360609 0 0 0 0 119 0 88 162 
9606.ENSP00000264346 9606.ENSP00000360034 0 0 0 49 0 0 163 170 
9606.ENSP00000264346 9606.ENSP00000414922 0 0 0 228 121 0 226 428 
9606.ENSP00000264346 9606.ENSP00000478501 0 0 0 0 0 900 148 911 
9606.ENSP00000264346 9606.ENSP00000421592 0 0 0 0 183 0 56 195 
9606.ENSP00000264346 9606.ENSP00000308413 0 0 0 61 165 0 57 196 
9606.ENSP00000264346 9606.ENSP00000480798 0 0 0 0 186 0 77 216 
9606.ENSP00000264346 9606.ENSP00000423897 0 0 0 52 0 900 0 901 
9606.ENSP00000264346 9606.ENSP00000353512 0 0 0 399 0 0 324 577 
9606.ENSP00000264346 9606.ENSP00000400997 0 0 0 61 68 0 388 417 
9606.ENSP00000264346 9606.ENSP00000332983 0 0 0 62 186 0 62 221 
9606.ENSP00000264346 9606.ENSP00000360200 0 0 0 51 157 0 43 167 
9606.ENSP00000264346 9606.ENSP00000367623 0 0 0 0 156 0 0 156 
9606.ENSP00000264346 9606.ENSP00000318944 0 0 0 63 56 900 54 905 
9606.ENSP00000264346 9606.ENSP00000262878 0 0 0 85 0 0 303 335 
9606.ENSP00000264346 9606.ENSP00000327994 0 0 0 51 50 900 0 901 
9606.ENSP00000264346 9606.ENSP00000296641 0 0 0 0 0 0 208 208 
9606.ENSP00000264346 9606.ENSP00000266604 0 0 0 0 0 0 528 528 
9606.ENSP00000264346 9606.ENSP00000457703 0 0 0 61 191 0 58 221 
9606.ENSP00000264346 9606.ENSP00000292476 0 0 0 49 178 0 43 186 
9606.ENSP00000264346 9606.ENSP00000379217 0 0 0 62 127 0 79 179 
9606.ENSP00000264346 9606.ENSP00000272317 0 0 0 57 191 900 53 918 
9606.ENSP00000264346 9606.ENSP00000431482 0 0 0 62 191 0 53 218 
9606.ENSP00000264346 9606.ENSP00000375629 0 0 0 0 0 0 155 155 
9606.ENSP00000264346 9606.ENSP00000286794 0 0 0 0 0 0 246 246 
9606.ENSP00000264346 9606.ENSP00000270279 0 0 0 0 185 0 0 185 
9606.ENSP00000264346 9606.ENSP00000342755 0 0 0 62 56 900 42 903 
9606.ENSP00000264346 9606.ENSP00000361930 0 0 0 0 153 0 57 167 
9606.ENSP00000264346 9606.ENSP00000216225 0 0 0 61 0 900 124 910 
9606.ENSP00000264346 9606.ENSP00000330221 0 0 0 0 0 900 0 900 
9606.ENSP00000264346 9606.ENSP00000445306 0 0 0 62 144 0 0 162 
9606.ENSP00000264346 9606.ENSP00000262394 0 0 0 62 0 900 0 902 
9606.ENSP00000264346 9606.ENSP00000432083 0 0 0 0 157 0 45 160 
9606.ENSP00000264346 9606.ENSP00000222725 0 0 0 0 0 0 153 153 
9606.ENSP00000264346 9606.ENSP00000349560 0 0 0 0 84 0 153 190 
9606.ENSP00000264346 9606.ENSP00000426654 0 0 0 0 0 900 56 901 
9606.ENSP00000264346 9606.ENSP00000264122 0 0 0 0 185 900 0 915 
9606.ENSP00000264346 9606.ENSP00000348838 0 0 0 61 188 900 94 921 
9606.ENSP00000264346 9606.ENSP00000384421 0 0 0 64 0 0 140 160 
9606.ENSP00000264346 9606.ENSP00000247977 0 0 0 64 0 900 68 905 
9606.ENSP00000264346 9606.ENSP00000329967 0 0 0 59 96 0 95 163 
9606.ENSP00000264346 9606.ENSP00000384212 0 0 0 81 0 0 178 213 
9606.ENSP00000264346 9606.ENSP00000381601 0 0 0 818 167 0 500 917 
9606.ENSP00000264346 9606.ENSP00000441831 0 0 0 59 0 0 244 258 
9606.ENSP00000264346 9606.ENSP00000293414 0 0 0 64 80 900 0 906 
9606.ENSP00000264346 9606.ENSP00000382840 0 0 0 61 80 0 165 215 
9606.ENSP00000264346 9606.ENSP00000428968 0 0 0 0 0 900 50 900 
9606.ENSP00000264346 9606.ENSP00000359490 0 0 0 132 0 0 86 173 
9606.ENSP00000264346 9606.ENSP00000379228 0 0 0 0 0 0 176 176 
9606.ENSP00000264346 9606.ENSP00000386764 0 0 0 49 178 0 43 186 
9606.ENSP00000264346 9606.ENSP00000394394 0 0 0 0 0 900 53 901 
9606.ENSP00000264346 9606.ENSP00000221891 0 0 0 0 0 0 157 157 
9606.ENSP00000264346 9606.ENSP00000313454 0 0 0 65 0 900 159 914 
9606.ENSP00000264346 9606.ENSP00000243346 0 0 0 144 0 0 94 191 
9606.ENSP00000264346 9606.ENSP00000405950 0 0 0 61 59 0 117 151 
9606.ENSP00000264346 9606.ENSP00000330341 0 0 0 61 0 900 43 902 
9606.ENSP00000264346 9606.ENSP00000344855 0 0 0 64 0 900 68 905 
9606.ENSP00000264346 9606.ENSP00000262158 0 0 0 0 262 0 57 274 
9606.ENSP00000264346 9606.ENSP00000006724 0 0 0 0 0 0 171 171 
9606.ENSP00000264346 9606.ENSP00000401564 0 0 0 50 0 0 167 174 
9606.ENSP00000264346 9606.ENSP00000306682 0 0 0 61 191 0 0 207 
9606.ENSP00000264346 9606.ENSP00000352926 0 0 0 0 263 0 55 273 
9606.ENSP00000264346 9606.ENSP00000322457 0 0 0 0 0 900 49 900 
9606.ENSP00000264346 9606.ENSP00000354681 0 0 0 64 167 0 0 186 
9606.ENSP00000264346 9606.ENSP00000229554 0 0 0 0 0 0 167 167 
9606.ENSP00000264346 9606.ENSP00000259939 0 0 0 61 0 900 50 903 
9606.ENSP00000264346 9606.ENSP00000303709 0 0 0 60 188 900 62 918 
9606.ENSP00000264346 9606.ENSP00000360116 0 0 0 61 188 900 57 918 
9606.ENSP00000264346 9606.ENSP00000463650 0 0 0 61 54 900 73 906 
9606.ENSP00000264346 9606.ENSP00000343204 0 0 0 61 96 0 178 241 
9606.ENSP00000264346 9606.ENSP00000215574 0 0 0 60 188 900 57 918 
9606.ENSP00000264346 9606.ENSP00000264344 0 0 0 62 0 0 257 273 
9606.ENSP00000264346 9606.ENSP00000351475 0 0 0 62 163 0 0 181 
9606.ENSP00000264346 9606.ENSP00000468837 0 0 0 82 157 0 50 200 
9606.ENSP00000264346 9606.ENSP00000266070 0 0 0 79 128 0 57 176 
9606.ENSP00000264346 9606.ENSP00000273153 0 0 0 0 0 0 245 245 
9606.ENSP00000264346 9606.ENSP00000344208 0 0 0 120 0 0 118 190 
9606.ENSP00000264346 9606.ENSP00000339933 0 0 0 50 178 0 0 185 
9606.ENSP00000264346 9606.ENSP00000320893 0 0 0 64 80 900 0 906 
9606.ENSP00000264346 9606.ENSP00000233057 0 0 0 375 0 0 359 582 
9606.ENSP00000264346 9606.ENSP00000328059 0 0 0 61 54 900 73 906 
9606.ENSP00000264346 9606.ENSP00000220592 0 0 0 62 171 0 0 189 
9606.ENSP00000264346 9606.ENSP00000368876 0 0 0 77 0 0 323 348 
9606.ENSP00000264346 9606.ENSP00000323879 0 0 0 52 0 900 0 901 
9606.ENSP00000264346 9606.ENSP00000377086 0 0 0 63 157 0 0 176 
9606.ENSP00000264346 9606.ENSP00000347451 0 0 0 63 0 0 153 172 
9606.ENSP00000264346 9606.ENSP00000407586 0 0 0 0 84 0 239 273 
9606.ENSP00000264346 9606.ENSP00000397050 0 0 0 61 133 0 0 151 
9606.ENSP00000264346 9606.ENSP00000357459 0 0 0 237 0 0 256 408 
9606.ENSP00000264346 9606.ENSP00000408292 0 0 0 51 50 900 67 904 
9606.ENSP00000264346 9606.ENSP00000292211 0 0 0 63 0 900 55 903 
9606.ENSP00000264346 9606.ENSP00000376410 0 0 0 109 88 0 94 199 
9606.ENSP00000264346 9606.ENSP00000248975 0 0 0 0 153 0 49 160 
9606.ENSP00000264346 9606.ENSP00000338348 0 0 0 62 124 900 63 912 
9606.ENSP00000264346 9606.ENSP00000238789 0 0 0 64 133 0 82 189 
9606.ENSP00000264346 9606.ENSP00000383234 0 0 0 0 157 0 50 164 
9606.ENSP00000264346 9606.ENSP00000328187 0 0 0 0 0 900 0 900 
9606.ENSP00000264346 9606.ENSP00000429022 0 0 0 62 177 0 57 208 
9606.ENSP00000264346 9606.ENSP00000364016 0 0 0 81 87 0 339 397 
9606.ENSP00000264346 9606.ENSP00000254260 0 0 0 61 162 0 62 197 
9606.ENSP00000264346 9606.ENSP00000380697 0 0 0 465 0 0 434 684 
9606.ENSP00000264346 9606.ENSP00000346437 0 0 0 64 0 900 62 904 
9606.ENSP00000264346 9606.ENSP00000371000 0 0 0 61 54 900 73 906 
9606.ENSP00000264346 9606.ENSP00000420465 0 0 0 51 50 900 0 901 
9606.ENSP00000264346 9606.ENSP00000438483 0 0 0 64 92 0 96 164 
9606.ENSP00000264346 9606.ENSP00000393596 0 0 0 60 262 0 68 296 
9606.ENSP00000264346 9606.ENSP00000333685 0 0 0 0 157 0 50 164 
9606.ENSP00000264346 9606.ENSP00000311905 0 0 0 0 79 0 125 159 
9606.ENSP00000264346 9606.ENSP00000366098 0 0 0 0 0 0 195 195 
9606.ENSP00000264346 9606.ENSP00000226299 0 0 0 121 0 0 137 208 
9606.ENSP00000264346 9606.ENSP00000435233 0 0 0 0 263 0 57 275 
9606.ENSP00000264346 9606.ENSP00000258200 0 0 0 0 0 900 0 900 
9606.ENSP00000264346 9606.ENSP00000364805 0 0 0 0 157 0 63 176 
9606.ENSP00000264346 9606.ENSP00000396755 0 0 0 0 154 0 269 355 
9606.ENSP00000264346 9606.ENSP00000351789 0 0 0 0 0 0 270 270 
9606.ENSP00000264346 9606.ENSP00000448073 0 0 0 62 137 0 63 175 
9606.ENSP00000264346 9606.ENSP00000361446 0 0 0 63 124 0 57 158 
9606.ENSP00000264346 9606.ENSP00000339823 0 0 0 61 68 0 313 346 
9606.ENSP00000264346 9606.ENSP00000329418 0 0 0 62 0 900 87 906 
9606.ENSP00000264346 9606.ENSP00000359787 0 0 0 805 0 0 501 899 
9606.ENSP00000264346 9606.ENSP00000296438 0 0 0 0 0 900 0 900 
9606.ENSP00000264346 9606.ENSP00000306866 0 0 0 85 147 0 43 187 
9606.ENSP00000264346 9606.ENSP00000397655 0 0 0 64 80 900 0 906 
9606.ENSP00000264346 9606.ENSP00000265562 0 0 0 61 188 0 62 222 
9606.ENSP00000264346 9606.ENSP00000419045 0 0 0 64 173 0 81 226 
9606.ENSP00000264346 9606.ENSP00000348056 0 0 0 60 188 0 57 217 
9606.ENSP00000264346 9606.ENSP00000257570 0 0 0 749 191 0 336 854 
9606.ENSP00000264346 9606.ENSP00000376945 0 0 0 61 0 900 0 902 
9606.ENSP00000264346 9606.ENSP00000317595 0 0 0 0 0 0 165 165 
9606.ENSP00000264346 9606.ENSP00000444052 0 0 0 0 64 0 137 157 
9606.ENSP00000264346 9606.ENSP00000365576 0 0 0 61 191 0 58 221 
9606.ENSP00000264346 9606.ENSP00000268042 0 0 0 51 262 0 67 289 
9606.ENSP00000264346 9606.ENSP00000317170 0 0 0 61 0 0 348 361 
9606.ENSP00000264346 9606.ENSP00000365844 0 0 0 87 50 900 0 905 
9606.ENSP00000264346 9606.ENSP00000433352 0 0 0 0 64 900 0 902 
9606.ENSP00000264346 9606.ENSP00000229239 0 0 0 0 116 0 132 200 
9606.ENSP00000264346 9606.ENSP00000359665 0 0 0 114 73 0 98 194 
9606.ENSP00000264346 9606.ENSP00000382269 0 0 0 55 0 900 57 903 
9606.ENSP00000264346 9606.ENSP00000328287 0 0 0 76 0 900 0 903 
9606.ENSP00000264346 9606.ENSP00000441954 0 0 0 0 262 0 67 282 
9606.ENSP00000264346 9606.ENSP00000303769 0 0 0 0 0 0 197 197 
9606.ENSP00000264346 9606.ENSP00000434614 0 0 0 59 85 900 0 906 
9606.ENSP00000264346 9606.ENSP00000334044 0 0 0 57 191 0 53 214 
9606.ENSP00000264346 9606.ENSP00000284142 0 0 0 0 0 900 0 900 
9606.ENSP00000264346 9606.ENSP00000340989 0 0 0 0 153 0 44 155 
9606.ENSP00000264346 9606.ENSP00000209884 0 0 0 52 0 900 0 901 
9606.ENSP00000264346 9606.ENSP00000320650 0 0 0 103 102 0 0 160 
9606.ENSP00000264346 9606.ENSP00000363317 0 0 0 0 179 0 0 179 
9606.ENSP00000264346 9606.ENSP00000224862 0 0 0 64 0 900 68 905 
9606.ENSP00000264346 9606.ENSP00000379025 0 0 0 61 0 900 250 923 
9606.ENSP00000264346 9606.ENSP00000263549 0 0 0 650 0 0 445 797 
9606.ENSP00000264346 9606.ENSP00000250495 0 0 0 62 191 0 119 273 
9606.ENSP00000264346 9606.ENSP00000428698 0 0 0 0 0 900 50 900 
9606.ENSP00000264346 9606.ENSP00000265339 0 0 0 61 188 900 57 918 
9606.ENSP00000264346 9606.ENSP00000262888 0 0 0 49 159 0 0 166 
9606.ENSP00000264346 9606.ENSP00000463159 0 0 0 0 0 0 358 358 
9606.ENSP00000264346 9606.ENSP00000344635 0 0 0 0 154 0 44 156 
9606.ENSP00000264346 9606.ENSP00000310841 0 0 0 0 0 900 0 900 
9606.ENSP00000264346 9606.ENSP00000367564 0 0 0 0 0 0 347 347 
9606.ENSP00000264346 9606.ENSP00000254654 0 0 0 61 191 0 0 207 
9606.ENSP00000264346 9606.ENSP00000297185 0 0 0 0 156 0 0 156 
9606.ENSP00000264346 9606.ENSP00000387654 0 0 0 0 0 0 444 444 
9606.ENSP00000264346 9606.ENSP00000438507 0 0 0 61 84 0 100 158 
9606.ENSP00000264346 9606.ENSP00000340608 0 0 0 61 165 0 57 196 
9606.ENSP00000264346 9606.ENSP00000299977 0 0 0 188 0 0 0 188 
9606.ENSP00000264346 9606.ENSP00000320488 0 0 0 0 0 0 161 161 
9606.ENSP00000264346 9606.ENSP00000326888 0 0 0 0 64 0 186 206 
9606.ENSP00000264346 9606.ENSP00000400646 0 0 0 61 0 0 232 248 
9606.ENSP00000264346 9606.ENSP00000316176 0 0 0 60 188 900 138 925 
9606.ENSP00000264346 9606.ENSP00000452780 0 0 0 63 0 0 177 195 
9606.ENSP00000264346 9606.ENSP00000261593 0 0 0 0 0 900 0 900 
9606.ENSP00000264346 9606.ENSP00000453177 0 0 0 87 50 900 0 905 
9606.ENSP00000264346 9606.ENSP00000350633 0 0 0 0 0 0 189 189 
9606.ENSP00000264346 9606.ENSP00000237281 0 0 0 0 0 900 0 900 
9606.ENSP00000264346 9606.ENSP00000426568 0 0 0 0 262 0 57 274 
9606.ENSP00000264346 9606.ENSP00000477341 0 0 0 61 191 0 323 441 
9606.ENSP00000264346 9606.ENSP00000219548 0 0 0 61 0 900 90 907 
9606.ENSP00000264346 9606.ENSP00000360869 0 0 0 817 85 0 456 901 
9606.ENSP00000264346 9606.ENSP00000362937 0 0 0 63 55 0 277 304 
9606.ENSP00000264346 9606.ENSP00000313420 0 0 0 89 89 0 66 157 
9606.ENSP00000264346 9606.ENSP00000423630 0 0 0 64 0 900 220 920 
9606.ENSP00000264346 9606.ENSP00000479134 0 0 0 150 188 0 96 321 
9606.ENSP00000264346 9606.ENSP00000267938 0 0 0 63 0 900 55 903 
9606.ENSP00000264346 9606.ENSP00000306565 0 0 0 187 0 0 300 407 
9606.ENSP00000264346 9606.ENSP00000449089 0 0 0 64 167 0 0 186 
9606.ENSP00000264346 9606.ENSP00000160827 0 0 0 62 54 0 278 303 
9606.ENSP00000264346 9606.ENSP00000263025 0 0 0 0 157 0 50 164 
9606.ENSP00000264346 9606.ENSP00000320869 0 0 0 51 50 900 0 901 
9606.ENSP00000264346 9606.ENSP00000313034 0 0 0 0 0 900 0 900 
9606.ENSP00000264346 9606.ENSP00000323889 0 0 0 77 50 0 431 458 
9606.ENSP00000264346 9606.ENSP00000335082 0 0 0 61 0 0 160 177 
9606.ENSP00000264346 9606.ENSP00000267012 0 0 0 0 165 0 68 189 
9606.ENSP00000264346 9606.ENSP00000311778 0 0 0 63 131 0 50 158 
9606.ENSP00000264346 9606.ENSP00000287156 0 0 0 231 811 900 729 995 
9606.ENSP00000264346 9606.ENSP00000266732 0 0 0 0 0 0 291 291 
9606.ENSP00000264346 9606.ENSP00000419313 0 0 0 78 128 0 0 161 
9606.ENSP00000264346 9606.ENSP00000258381 0 0 0 537 50 0 0 541 
9606.ENSP00000264346 9606.ENSP00000296328 0 0 0 81 124 0 83 197 
9606.ENSP00000264346 9606.ENSP00000359504 0 0 0 246 0 0 280 435 
9606.ENSP00000264346 9606.ENSP00000369292 0 0 0 307 0 0 144 382 
9606.ENSP00000264346 9606.ENSP00000364801 0 0 0 0 157 0 156 258 
9606.ENSP00000264346 9606.ENSP00000215794 0 0 0 642 121 0 604 864 
9606.ENSP00000264346 9606.ENSP00000328174 0 0 0 61 0 0 261 276 
9606.ENSP00000264346 9606.ENSP00000298355 0 0 0 61 0 900 56 903 
9606.ENSP00000264346 9606.ENSP00000354340 0 0 0 88 0 900 128 913 
9606.ENSP00000264346 9606.ENSP00000347948 0 0 0 0 0 0 220 220 
9606.ENSP00000264346 9606.ENSP00000360883 0 0 0 794 85 0 420 881 
9606.ENSP00000264346 9606.ENSP00000330753 0 0 0 63 77 0 172 221 
9606.ENSP00000264346 9606.ENSP00000424827 0 0 0 0 0 900 126 908 
9606.ENSP00000264346 9606.ENSP00000396995 0 0 0 63 89 0 202 259 
9606.ENSP00000264346 9606.ENSP00000376337 0 0 0 50 0 900 0 900 
9606.ENSP00000264346 9606.ENSP00000418194 0 0 0 257 0 0 227 402 
9606.ENSP00000264346 9606.ENSP00000480150 0 0 0 0 156 0 0 156 
9606.ENSP00000264346 9606.ENSP00000378187 0 0 0 81 60 0 122 175 
9606.ENSP00000264346 9606.ENSP00000262435 0 0 0 0 0 900 57 901 
9606.ENSP00000264346 9606.ENSP00000478783 0 0 0 64 0 900 120 910 
9606.ENSP00000264346 9606.ENSP00000320924 0 0 0 0 185 0 0 185 
9606.ENSP00000264346 9606.ENSP00000295704 0 0 0 0 0 900 0 900 
9606.ENSP00000264346 9606.ENSP00000336747 0 0 0 62 130 0 57 163 
9606.ENSP00000264346 9606.ENSP00000358762 0 0 0 55 0 900 0 901 
9606.ENSP00000264346 9606.ENSP00000292363 0 0 0 61 54 900 73 906 
9606.ENSP00000264346 9606.ENSP00000260505 0 0 0 81 0 0 155 190 
9606.ENSP00000264346 9606.ENSP00000360821 0 0 0 0 0 900 0 900 
9606.ENSP00000264346 9606.ENSP00000387362 0 0 0 86 113 900 83 915 
9606.ENSP00000264346 9606.ENSP00000345988 0 0 0 0 0 0 197 197 
9606.ENSP00000264346 9606.ENSP00000347836 0 0 0 94 96 900 51 911 
9606.ENSP00000264346 9606.ENSP00000366886 0 0 0 52 0 900 0 901 
9606.ENSP00000264346 9606.ENSP00000289805 0 0 0 0 0 0 306 306 
9606.ENSP00000264346 9606.ENSP00000333266 0 0 0 155 0 900 726 974 
9606.ENSP00000264346 9606.ENSP00000376213 0 0 0 0 0 0 343 343 
9606.ENSP00000264346 9606.ENSP00000298288 0 0 0 63 0 900 0 902 
9606.ENSP00000264346 9606.ENSP00000268607 0 0 0 85 147 0 43 187 
9606.ENSP00000264346 9606.ENSP00000320147 0 0 0 0 107 0 89 151 
9606.ENSP00000264346 9606.ENSP00000391137 0 0 0 64 80 900 0 906 
9606.ENSP00000264346 9606.ENSP00000253023 0 0 0 0 80 900 56 905 
9606.ENSP00000264346 9606.ENSP00000265773 0 0 0 80 82 0 85 159 
9606.ENSP00000264346 9606.ENSP00000375859 0 0 0 0 0 0 309 309 
9606.ENSP00000264346 9606.ENSP00000363019 0 0 0 60 188 900 57 918 
9606.ENSP00000264346 9606.ENSP00000354490 0 0 0 62 144 0 0 162 
9606.ENSP00000264346 9606.ENSP00000344866 0 0 0 0 0 900 49 900 
9606.ENSP00000264346 9606.ENSP00000268058 0 0 0 141 50 0 56 163 
9606.ENSP00000264346 9606.ENSP00000418734 0 0 0 62 132 0 50 158 
9606.ENSP00000264346 9606.ENSP00000381298 0 0 0 63 0 900 0 902 
9606.ENSP00000264346 9606.ENSP00000428220 0 0 0 134 0 0 164 245 
9606.ENSP00000264346 9606.ENSP00000483430 0 0 0 124 0 0 348 404 
9606.ENSP00000264346 9606.ENSP00000411825 0 0 0 61 162 0 62 197 
9606.ENSP00000264346 9606.ENSP00000361965 0 0 0 61 50 0 236 258 
9606.ENSP00000264346 9606.ENSP00000321239 0 0 0 63 0 900 91 907 
9606.ENSP00000264346 9606.ENSP00000343900 0 0 0 49 178 0 43 186 
9606.ENSP00000264346 9606.ENSP00000364639 0 0 0 50 157 0 0 164 
9606.ENSP00000264346 9606.ENSP00000348632 0 0 0 0 0 900 50 900 
9606.ENSP00000264346 9606.ENSP00000399168 0 0 0 71 0 0 169 196 
9606.ENSP00000264346 9606.ENSP00000325775 0 0 0 0 132 0 64 152 
9606.ENSP00000264346 9606.ENSP00000362014 0 0 0 64 167 0 50 194 
9606.ENSP00000264346 9606.ENSP00000319104 0 0 0 108 78 0 86 182 
9606.ENSP00000264346 9606.ENSP00000297146 0 0 0 63 58 0 145 179 
9606.ENSP00000264346 9606.ENSP00000478257 0 0 0 0 154 0 44 156 
9606.ENSP00000264346 9606.ENSP00000359799 0 0 0 50 102 0 231 287 
9606.ENSP00000264346 9606.ENSP00000334714 0 0 0 0 0 0 210 210 
9606.ENSP00000264346 9606.ENSP00000253055 0 0 0 0 96 0 124 174 
9606.ENSP00000264346 9606.ENSP00000284669 0 0 0 52 0 900 0 901 
9606.ENSP00000264346 9606.ENSP00000290650 0 0 0 96 126 900 84 917 
9606.ENSP00000264346 9606.ENSP00000456340 0 0 0 0 0 900 0 900 
9606.ENSP00000264346 9606.ENSP00000444856 0 0 0 63 80 900 62 908 
9606.ENSP00000264346 9606.ENSP00000417914 0 0 0 64 80 900 0 906 
9606.ENSP00000264346 9606.ENSP00000292852 0 0 0 0 0 900 0 900 
9606.ENSP00000264346 9606.ENSP00000480158 0 0 0 63 124 0 57 158 
9606.ENSP00000264346 9606.ENSP00000397927 0 0 0 0 183 0 56 195 
9606.ENSP00000264346 9606.ENSP00000320648 0 0 0 0 0 0 163 163 
9606.ENSP00000264346 9606.ENSP00000262812 0 0 0 50 78 0 140 180 
9606.ENSP00000264346 9606.ENSP00000359512 0 0 0 138 0 0 263 338 
9606.ENSP00000264346 9606.ENSP00000311005 0 0 0 0 157 0 50 164 
9606.ENSP00000264346 9606.ENSP00000379931 0 0 0 60 188 900 329 941 
9606.ENSP00000264346 9606.ENSP00000261900 0 0 0 62 108 0 83 165 
9606.ENSP00000264346 9606.ENSP00000231487 0 0 0 0 50 900 90 906 
9606.ENSP00000264346 9606.ENSP00000371193 0 0 0 51 0 0 168 176 
