9606.ENSP00000266254 9606.ENSP00000332369 0 0 0 63 0 0 198 217 
9606.ENSP00000266254 9606.ENSP00000331376 0 0 0 0 0 0 351 351 
9606.ENSP00000266254 9606.ENSP00000483721 0 0 0 61 0 0 273 288 
9606.ENSP00000266254 9606.ENSP00000427900 0 0 0 0 0 0 167 167 
9606.ENSP00000266254 9606.ENSP00000403210 0 0 0 0 0 0 377 377 
9606.ENSP00000266254 9606.ENSP00000291526 0 0 0 0 0 0 223 223 
9606.ENSP00000266254 9606.ENSP00000354090 0 0 0 0 0 0 348 348 
9606.ENSP00000266254 9606.ENSP00000359404 0 0 0 55 0 0 150 162 
9606.ENSP00000266254 9606.ENSP00000379566 0 0 0 0 0 0 197 197 
9606.ENSP00000266254 9606.ENSP00000350310 0 0 0 0 0 0 282 282 
9606.ENSP00000266254 9606.ENSP00000361238 0 0 0 84 0 0 440 465 
9606.ENSP00000266254 9606.ENSP00000369784 0 0 0 63 165 0 86 222 
9606.ENSP00000266254 9606.ENSP00000405708 0 0 0 0 0 0 476 476 
9606.ENSP00000266254 9606.ENSP00000359485 0 0 0 0 0 0 165 165 
9606.ENSP00000266254 9606.ENSP00000347915 0 0 0 60 0 0 448 459 
9606.ENSP00000266254 9606.ENSP00000263991 0 0 0 0 0 0 242 242 
9606.ENSP00000266254 9606.ENSP00000417769 0 0 0 63 0 0 593 603 
9606.ENSP00000266254 9606.ENSP00000377197 0 0 0 64 0 0 131 151 
9606.ENSP00000266254 9606.ENSP00000463092 0 0 0 54 0 0 213 223 
9606.ENSP00000266254 9606.ENSP00000262461 0 0 0 0 0 0 181 181 
9606.ENSP00000266254 9606.ENSP00000346879 0 0 0 0 0 0 239 239 
9606.ENSP00000266254 9606.ENSP00000392549 0 0 0 62 0 0 315 330 
9606.ENSP00000266254 9606.ENSP00000381992 0 0 0 0 0 0 179 179 
9606.ENSP00000266254 9606.ENSP00000472469 0 0 0 0 381 0 0 381 
9606.ENSP00000266254 9606.ENSP00000446093 0 0 0 0 0 0 222 222 
9606.ENSP00000266254 9606.ENSP00000259818 0 0 0 60 189 0 62 222 
9606.ENSP00000266254 9606.ENSP00000480946 0 0 0 144 0 0 56 157 
9606.ENSP00000266254 9606.ENSP00000216237 0 0 0 0 0 0 236 236 
9606.ENSP00000266254 9606.ENSP00000246747 0 0 0 0 0 0 313 313 
9606.ENSP00000266254 9606.ENSP00000353785 0 0 0 64 0 0 318 334 
9606.ENSP00000266254 9606.ENSP00000301831 0 0 0 0 0 0 296 296 
9606.ENSP00000266254 9606.ENSP00000254730 0 0 0 0 0 0 163 163 
9606.ENSP00000266254 9606.ENSP00000479322 0 0 0 0 0 0 379 379 
9606.ENSP00000266254 9606.ENSP00000262288 0 0 0 0 0 0 156 156 
9606.ENSP00000266254 9606.ENSP00000375921 0 0 0 0 0 0 309 309 
9606.ENSP00000266254 9606.ENSP00000357905 0 0 0 0 0 0 291 291 
9606.ENSP00000266254 9606.ENSP00000424757 0 0 0 62 0 0 152 171 
9606.ENSP00000266254 9606.ENSP00000426119 0 0 0 0 0 0 155 155 
9606.ENSP00000266254 9606.ENSP00000349612 0 0 0 59 0 0 144 160 
9606.ENSP00000266254 9606.ENSP00000311609 0 0 0 0 0 0 244 244 
9606.ENSP00000266254 9606.ENSP00000265087 0 0 0 0 0 0 205 205 
9606.ENSP00000266254 9606.ENSP00000277895 0 0 0 0 0 0 155 155 
9606.ENSP00000266254 9606.ENSP00000353414 0 0 0 0 0 0 282 282 
9606.ENSP00000266254 9606.ENSP00000359300 0 0 301 62 0 0 67 334 
9606.ENSP00000266254 9606.ENSP00000357842 0 0 0 0 0 0 196 196 
9606.ENSP00000266254 9606.ENSP00000365811 0 0 0 84 0 0 276 309 
9606.ENSP00000266254 9606.ENSP00000427424 0 0 0 0 0 0 212 212 
9606.ENSP00000266254 9606.ENSP00000442515 0 0 73 0 0 0 148 177 
9606.ENSP00000266254 9606.ENSP00000380427 0 0 0 62 0 0 209 226 
9606.ENSP00000266254 9606.ENSP00000306410 0 0 0 64 0 0 516 528 
9606.ENSP00000266254 9606.ENSP00000259711 0 0 0 0 0 0 167 167 
9606.ENSP00000266254 9606.ENSP00000293879 0 0 0 62 132 0 105 207 
9606.ENSP00000266254 9606.ENSP00000480893 0 0 0 61 0 0 542 551 
9606.ENSP00000266254 9606.ENSP00000308576 0 0 0 0 0 0 550 550 
9606.ENSP00000266254 9606.ENSP00000302274 0 0 0 0 0 0 326 326 
9606.ENSP00000266254 9606.ENSP00000241305 0 0 0 0 0 0 480 480 
9606.ENSP00000266254 9606.ENSP00000233336 0 0 0 0 0 0 336 336 
9606.ENSP00000266254 9606.ENSP00000387164 0 0 0 50 0 0 166 173 
9606.ENSP00000266254 9606.ENSP00000313995 0 0 0 0 0 0 323 323 
9606.ENSP00000266254 9606.ENSP00000392252 0 0 0 62 0 0 316 331 
9606.ENSP00000266254 9606.ENSP00000369703 0 0 0 60 189 0 112 264 
9606.ENSP00000266254 9606.ENSP00000364449 0 0 0 0 0 0 171 171 
9606.ENSP00000266254 9606.ENSP00000262498 0 0 0 64 132 0 105 209 
9606.ENSP00000266254 9606.ENSP00000346001 0 0 0 0 0 0 177 177 
9606.ENSP00000266254 9606.ENSP00000453273 0 0 0 61 823 900 127 983 
9606.ENSP00000266254 9606.ENSP00000306335 0 0 0 0 0 0 284 284 
9606.ENSP00000266254 9606.ENSP00000426964 0 0 0 0 261 0 43 262 
9606.ENSP00000266254 9606.ENSP00000331044 0 0 0 0 0 0 307 307 
9606.ENSP00000266254 9606.ENSP00000312706 0 0 0 64 0 0 619 628 
9606.ENSP00000266254 9606.ENSP00000289013 0 0 0 0 0 0 700 700 
9606.ENSP00000266254 9606.ENSP00000377043 0 0 0 62 0 0 245 262 
9606.ENSP00000266254 9606.ENSP00000348314 0 0 0 0 0 0 489 489 
9606.ENSP00000266254 9606.ENSP00000337946 0 0 0 63 0 0 203 221 
9606.ENSP00000266254 9606.ENSP00000241261 0 0 0 0 0 0 150 150 
9606.ENSP00000266254 9606.ENSP00000358753 0 0 0 62 0 0 208 225 
9606.ENSP00000266254 9606.ENSP00000410768 0 0 0 0 0 0 347 347 
9606.ENSP00000266254 9606.ENSP00000355797 0 0 0 64 0 0 223 241 
9606.ENSP00000266254 9606.ENSP00000426941 0 0 0 0 0 0 250 250 
9606.ENSP00000266254 9606.ENSP00000474032 0 0 0 50 0 0 291 298 
9606.ENSP00000266254 9606.ENSP00000478962 0 0 0 63 0 0 291 307 
9606.ENSP00000266254 9606.ENSP00000480958 0 0 0 0 0 0 293 293 
9606.ENSP00000266254 9606.ENSP00000413001 0 0 0 62 0 0 245 261 
9606.ENSP00000266254 9606.ENSP00000294671 0 0 0 0 0 0 165 165 
9606.ENSP00000266254 9606.ENSP00000358994 0 0 0 57 0 0 227 240 
9606.ENSP00000266254 9606.ENSP00000452037 0 0 324 63 0 0 58 351 
9606.ENSP00000266254 9606.ENSP00000313581 0 0 0 0 0 0 186 186 
9606.ENSP00000266254 9606.ENSP00000431800 0 0 0 55 0 0 144 156 
9606.ENSP00000266254 9606.ENSP00000312554 0 0 0 61 0 0 244 259 
9606.ENSP00000266254 9606.ENSP00000349486 0 0 0 0 0 0 400 400 
9606.ENSP00000266254 9606.ENSP00000353249 0 0 0 62 0 0 572 582 
9606.ENSP00000266254 9606.ENSP00000416739 0 0 0 62 185 0 0 202 
9606.ENSP00000266254 9606.ENSP00000310661 0 0 0 63 0 0 194 212 
9606.ENSP00000266254 9606.ENSP00000306105 0 0 0 63 0 0 233 250 
9606.ENSP00000266254 9606.ENSP00000311648 0 0 0 0 0 0 284 284 
9606.ENSP00000266254 9606.ENSP00000314649 0 0 0 0 0 0 292 292 
9606.ENSP00000266254 9606.ENSP00000291481 0 0 0 0 0 0 171 171 
9606.ENSP00000266254 9606.ENSP00000380308 0 0 0 61 0 0 289 303 
9606.ENSP00000266254 9606.ENSP00000261819 0 0 0 0 223 0 0 223 
9606.ENSP00000266254 9606.ENSP00000326042 0 0 0 63 165 0 327 428 
9606.ENSP00000266254 9606.ENSP00000465213 0 0 0 552 0 0 0 552 
9606.ENSP00000266254 9606.ENSP00000299300 0 0 0 0 0 0 579 579 
9606.ENSP00000266254 9606.ENSP00000243344 0 0 0 61 0 0 222 238 
9606.ENSP00000266254 9606.ENSP00000480359 0 0 0 0 0 0 213 213 
9606.ENSP00000266254 9606.ENSP00000346340 0 0 0 0 0 0 231 231 
9606.ENSP00000266254 9606.ENSP00000305975 0 0 0 0 0 0 163 163 
9606.ENSP00000266254 9606.ENSP00000354720 0 0 0 63 157 0 0 176 
9606.ENSP00000266254 9606.ENSP00000435582 0 0 0 62 0 0 304 319 
9606.ENSP00000266254 9606.ENSP00000479708 0 0 0 0 0 0 201 201 
9606.ENSP00000266254 9606.ENSP00000334314 0 0 0 61 0 0 231 247 
9606.ENSP00000266254 9606.ENSP00000352282 0 0 0 61 0 0 204 220 
9606.ENSP00000266254 9606.ENSP00000351338 0 0 0 0 0 0 227 227 
9606.ENSP00000266254 9606.ENSP00000353549 0 0 0 0 211 0 0 211 
9606.ENSP00000266254 9606.ENSP00000357218 0 0 0 0 261 0 43 262 
9606.ENSP00000266254 9606.ENSP00000304854 0 0 0 55 0 0 146 158 
9606.ENSP00000266254 9606.ENSP00000317636 0 0 0 62 185 0 56 215 
9606.ENSP00000266254 9606.ENSP00000299157 0 0 0 0 0 0 629 629 
9606.ENSP00000266254 9606.ENSP00000339001 0 0 0 60 189 0 62 222 
9606.ENSP00000266254 9606.ENSP00000480313 0 0 0 0 0 0 526 526 
9606.ENSP00000266254 9606.ENSP00000335651 0 0 0 61 0 0 366 379 
9606.ENSP00000266254 9606.ENSP00000339449 0 0 309 62 0 0 0 324 
9606.ENSP00000266254 9606.ENSP00000466542 0 0 0 0 0 0 189 189 
9606.ENSP00000266254 9606.ENSP00000273598 0 0 0 61 869 900 0 986 
9606.ENSP00000266254 9606.ENSP00000256389 0 0 0 0 0 0 351 351 
9606.ENSP00000266254 9606.ENSP00000322866 0 0 0 0 0 0 528 528 
9606.ENSP00000266254 9606.ENSP00000216129 0 0 0 0 0 0 728 728 
9606.ENSP00000266254 9606.ENSP00000292114 0 0 0 0 0 0 282 282 
9606.ENSP00000266254 9606.ENSP00000367878 0 0 0 0 822 0 0 822 
9606.ENSP00000266254 9606.ENSP00000351314 0 0 0 0 0 0 266 266 
9606.ENSP00000266254 9606.ENSP00000264712 0 0 0 63 0 0 280 297 
9606.ENSP00000266254 9606.ENSP00000482515 0 0 0 0 0 0 240 240 
9606.ENSP00000266254 9606.ENSP00000362836 0 0 0 0 0 0 315 315 
9606.ENSP00000266254 9606.ENSP00000295709 0 0 0 0 0 0 361 361 
9606.ENSP00000266254 9606.ENSP00000403453 0 0 0 55 0 0 305 315 
9606.ENSP00000266254 9606.ENSP00000357651 0 0 0 60 189 0 62 222 
9606.ENSP00000266254 9606.ENSP00000400892 0 0 0 0 0 0 292 292 
9606.ENSP00000266254 9606.ENSP00000331342 0 0 0 0 0 0 159 159 
9606.ENSP00000266254 9606.ENSP00000251413 0 0 0 62 165 0 202 321 
9606.ENSP00000266254 9606.ENSP00000385995 0 0 0 0 0 0 167 167 
9606.ENSP00000266254 9606.ENSP00000267205 0 0 0 0 0 0 202 202 
9606.ENSP00000266254 9606.ENSP00000341524 0 0 0 0 0 0 485 485 
9606.ENSP00000266254 9606.ENSP00000273130 0 0 0 77 0 0 252 280 
9606.ENSP00000266254 9606.ENSP00000379176 0 0 0 63 0 0 251 268 
9606.ENSP00000266254 9606.ENSP00000259371 0 0 0 0 0 0 163 163 
9606.ENSP00000266254 9606.ENSP00000385579 0 0 0 78 869 0 0 874 
9606.ENSP00000266254 9606.ENSP00000417763 0 0 0 171 0 0 0 171 
9606.ENSP00000266254 9606.ENSP00000461785 0 0 0 0 0 0 181 181 
9606.ENSP00000266254 9606.ENSP00000325919 0 0 0 0 0 0 317 317 
9606.ENSP00000266254 9606.ENSP00000334061 0 0 0 0 0 0 272 272 
9606.ENSP00000266254 9606.ENSP00000295201 0 0 0 63 0 0 384 398 
9606.ENSP00000266254 9606.ENSP00000379822 0 0 0 0 0 0 181 181 
9606.ENSP00000266254 9606.ENSP00000245157 0 0 0 50 0 0 149 157 
9606.ENSP00000266254 9606.ENSP00000375093 0 0 0 0 0 0 296 296 
9606.ENSP00000266254 9606.ENSP00000320295 0 0 0 60 189 0 125 275 
9606.ENSP00000266254 9606.ENSP00000369371 0 0 0 52 0 0 151 161 
9606.ENSP00000266254 9606.ENSP00000286794 0 0 0 171 0 0 0 171 
9606.ENSP00000266254 9606.ENSP00000359497 0 0 0 0 0 0 165 165 
9606.ENSP00000266254 9606.ENSP00000262428 0 0 0 0 0 0 190 190 
9606.ENSP00000266254 9606.ENSP00000291577 0 0 0 0 0 0 517 517 
9606.ENSP00000266254 9606.ENSP00000359070 0 0 0 61 0 0 167 184 
9606.ENSP00000266254 9606.ENSP00000265069 0 0 0 0 0 0 173 173 
9606.ENSP00000266254 9606.ENSP00000442770 0 0 0 459 0 0 0 459 
9606.ENSP00000266254 9606.ENSP00000361562 0 0 0 50 0 0 226 233 
9606.ENSP00000266254 9606.ENSP00000348965 0 0 0 61 0 0 195 212 
9606.ENSP00000266254 9606.ENSP00000466214 0 0 0 0 0 0 171 171 
9606.ENSP00000266254 9606.ENSP00000426654 0 0 0 61 540 0 0 549 
9606.ENSP00000266254 9606.ENSP00000331209 0 0 0 0 0 0 329 329 
9606.ENSP00000266254 9606.ENSP00000432770 0 0 0 0 0 0 250 250 
9606.ENSP00000266254 9606.ENSP00000318197 0 0 0 63 165 0 161 287 
9606.ENSP00000266254 9606.ENSP00000248437 0 0 0 63 165 0 107 240 
9606.ENSP00000266254 9606.ENSP00000359490 0 0 0 0 0 0 271 271 
9606.ENSP00000266254 9606.ENSP00000429633 0 2 0 82 0 0 130 167 
9606.ENSP00000266254 9606.ENSP00000417518 0 0 0 61 0 0 169 186 
9606.ENSP00000266254 9606.ENSP00000262067 0 0 0 0 0 0 211 211 
9606.ENSP00000266254 9606.ENSP00000378193 0 0 0 148 0 0 56 161 
9606.ENSP00000266254 9606.ENSP00000296218 0 0 0 49 0 0 444 448 
9606.ENSP00000266254 9606.ENSP00000391249 0 0 0 0 0 0 174 174 
9606.ENSP00000266254 9606.ENSP00000297405 0 0 0 0 0 0 239 239 
9606.ENSP00000266254 9606.ENSP00000349961 0 0 0 64 157 0 106 232 
9606.ENSP00000266254 9606.ENSP00000438492 0 0 0 0 0 0 490 490 
9606.ENSP00000266254 9606.ENSP00000484656 0 0 0 0 0 0 377 377 
9606.ENSP00000266254 9606.ENSP00000261250 0 34 0 0 0 0 173 173 
9606.ENSP00000266254 9606.ENSP00000223208 0 0 0 62 0 0 658 665 
9606.ENSP00000266254 9606.ENSP00000230256 0 5 0 49 0 0 316 321 
9606.ENSP00000266254 9606.ENSP00000469468 0 0 0 0 267 0 52 275 
9606.ENSP00000266254 9606.ENSP00000342538 0 0 0 61 0 0 226 242 
9606.ENSP00000266254 9606.ENSP00000264071 0 0 0 60 189 0 161 305 
9606.ENSP00000266254 9606.ENSP00000311825 0 0 0 0 0 0 167 167 
9606.ENSP00000266254 9606.ENSP00000298832 0 0 0 62 0 0 228 245 
9606.ENSP00000266254 9606.ENSP00000361777 0 0 0 144 0 0 56 157 
9606.ENSP00000266254 9606.ENSP00000286398 0 0 0 129 157 0 0 234 
9606.ENSP00000266254 9606.ENSP00000394085 0 0 217 0 0 0 0 217 
9606.ENSP00000266254 9606.ENSP00000475939 0 0 0 61 0 0 328 342 
9606.ENSP00000266254 9606.ENSP00000384115 0 0 0 0 0 0 261 261 
9606.ENSP00000266254 9606.ENSP00000333326 0 0 0 63 165 0 107 241 
9606.ENSP00000266254 9606.ENSP00000264389 0 0 0 0 0 0 238 238 
9606.ENSP00000266254 9606.ENSP00000273153 0 0 0 0 0 0 205 205 
9606.ENSP00000266254 9606.ENSP00000318697 0 0 0 60 189 0 72 231 
9606.ENSP00000266254 9606.ENSP00000478910 0 0 0 63 0 0 173 191 
9606.ENSP00000266254 9606.ENSP00000263663 0 0 0 0 0 0 168 168 
9606.ENSP00000266254 9606.ENSP00000404092 0 0 0 63 313 0 53 337 
9606.ENSP00000266254 9606.ENSP00000366876 0 0 0 0 0 0 212 212 
9606.ENSP00000266254 9606.ENSP00000236137 0 0 0 0 0 0 161 161 
9606.ENSP00000266254 9606.ENSP00000359170 0 0 0 0 0 0 297 297 
9606.ENSP00000266254 9606.ENSP00000216115 0 0 0 0 0 0 171 171 
9606.ENSP00000266254 9606.ENSP00000302936 0 0 0 0 0 0 313 313 
9606.ENSP00000266254 9606.ENSP00000336799 0 0 0 63 165 0 107 240 
9606.ENSP00000266254 9606.ENSP00000360412 0 0 0 254 0 0 0 254 
9606.ENSP00000266254 9606.ENSP00000263519 0 0 0 0 0 0 282 282 
9606.ENSP00000266254 9606.ENSP00000484060 0 0 0 0 0 0 179 179 
9606.ENSP00000266254 9606.ENSP00000482313 0 0 0 63 260 0 0 276 
9606.ENSP00000266254 9606.ENSP00000315035 0 0 0 96 0 0 146 194 
9606.ENSP00000266254 9606.ENSP00000254260 0 0 0 0 0 0 402 402 
9606.ENSP00000266254 9606.ENSP00000309031 0 0 0 0 141 0 68 165 
9606.ENSP00000266254 9606.ENSP00000361298 0 0 0 64 0 0 269 286 
9606.ENSP00000266254 9606.ENSP00000262518 0 0 0 0 0 0 175 175 
9606.ENSP00000266254 9606.ENSP00000466799 0 0 0 49 0 0 326 331 
9606.ENSP00000266254 9606.ENSP00000385158 0 0 0 55 0 0 612 617 
9606.ENSP00000266254 9606.ENSP00000252840 0 0 0 0 0 0 448 448 
9606.ENSP00000266254 9606.ENSP00000305426 0 0 0 61 0 0 208 224 
9606.ENSP00000266254 9606.ENSP00000218249 0 0 0 0 0 0 181 181 
9606.ENSP00000266254 9606.ENSP00000259457 0 0 0 0 0 0 201 201 
9606.ENSP00000266254 9606.ENSP00000363286 0 0 0 345 0 0 0 345 
9606.ENSP00000266254 9606.ENSP00000364412 0 0 0 63 0 0 230 248 
9606.ENSP00000266254 9606.ENSP00000309431 0 0 0 60 189 0 77 234 
9606.ENSP00000266254 9606.ENSP00000258772 0 0 0 147 0 0 50 155 
9606.ENSP00000266254 9606.ENSP00000382982 0 0 0 63 165 0 314 416 
9606.ENSP00000266254 9606.ENSP00000319052 0 0 312 62 0 0 83 356 
9606.ENSP00000266254 9606.ENSP00000333836 0 0 0 61 0 0 201 218 
9606.ENSP00000266254 9606.ENSP00000263934 0 0 0 60 0 0 160 176 
9606.ENSP00000266254 9606.ENSP00000419412 0 0 0 0 0 0 167 167 
9606.ENSP00000266254 9606.ENSP00000464780 0 0 0 52 813 900 0 980 
9606.ENSP00000266254 9606.ENSP00000306362 0 0 0 0 0 0 209 209 
9606.ENSP00000266254 9606.ENSP00000367797 0 0 0 0 0 0 173 173 
9606.ENSP00000266254 9606.ENSP00000390431 0 0 0 0 0 0 165 165 
9606.ENSP00000266254 9606.ENSP00000239587 0 0 0 0 0 0 197 197 
9606.ENSP00000266254 9606.ENSP00000351492 0 0 0 224 0 0 0 224 
9606.ENSP00000266254 9606.ENSP00000355077 0 0 0 63 145 0 0 164 
9606.ENSP00000266254 9606.ENSP00000456206 0 0 0 60 189 0 77 234 
9606.ENSP00000266254 9606.ENSP00000282892 0 0 0 238 0 0 0 238 
9606.ENSP00000266254 9606.ENSP00000354686 0 0 0 0 0 0 186 186 
9606.ENSP00000266254 9606.ENSP00000389998 0 0 0 79 0 0 151 184 
9606.ENSP00000266254 9606.ENSP00000390722 0 0 0 0 0 0 338 338 
9606.ENSP00000266254 9606.ENSP00000380679 0 0 0 63 0 0 454 467 
9606.ENSP00000266254 9606.ENSP00000288710 0 0 0 63 0 0 608 617 
9606.ENSP00000266254 9606.ENSP00000217133 0 0 0 60 189 0 62 222 
9606.ENSP00000266254 9606.ENSP00000333363 0 0 0 61 0 0 132 150 
9606.ENSP00000266254 9606.ENSP00000254079 0 0 0 0 0 0 172 172 
9606.ENSP00000266254 9606.ENSP00000481351 0 0 0 0 0 0 173 173 
9606.ENSP00000266254 9606.ENSP00000347444 0 0 0 0 0 0 350 350 
9606.ENSP00000266254 9606.ENSP00000212355 0 0 0 0 0 0 167 167 
9606.ENSP00000266254 9606.ENSP00000353375 0 0 0 0 0 0 216 216 
9606.ENSP00000266254 9606.ENSP00000222598 0 0 0 0 0 0 180 180 
9606.ENSP00000266254 9606.ENSP00000382269 0 0 0 0 181 0 0 181 
9606.ENSP00000266254 9606.ENSP00000264866 0 0 0 63 875 0 0 877 
9606.ENSP00000266254 9606.ENSP00000479494 0 0 0 0 0 0 268 268 
9606.ENSP00000266254 9606.ENSP00000397133 0 0 0 0 0 0 242 242 
9606.ENSP00000266254 9606.ENSP00000394770 0 0 0 61 0 0 197 213 
9606.ENSP00000266254 9606.ENSP00000478303 0 0 0 0 0 0 161 161 
9606.ENSP00000266254 9606.ENSP00000302543 0 0 0 0 0 0 173 173 
9606.ENSP00000266254 9606.ENSP00000434614 0 0 0 54 186 0 0 197 
9606.ENSP00000266254 9606.ENSP00000357307 0 0 0 0 0 0 157 157 
9606.ENSP00000266254 9606.ENSP00000312778 0 0 0 87 0 0 107 150 
9606.ENSP00000266254 9606.ENSP00000367991 0 0 0 0 0 0 238 238 
9606.ENSP00000266254 9606.ENSP00000374211 0 0 0 0 0 0 175 175 
9606.ENSP00000266254 9606.ENSP00000320797 0 0 0 62 165 0 306 409 
9606.ENSP00000266254 9606.ENSP00000310841 0 0 0 0 0 0 153 153 
9606.ENSP00000266254 9606.ENSP00000263849 0 0 0 61 0 0 348 361 
9606.ENSP00000266254 9606.ENSP00000355900 0 0 0 61 0 0 324 338 
9606.ENSP00000266254 9606.ENSP00000364524 0 0 0 0 0 0 309 309 
9606.ENSP00000266254 9606.ENSP00000398211 0 0 0 61 0 0 222 238 
9606.ENSP00000266254 9606.ENSP00000346464 0 0 0 0 0 0 176 176 
9606.ENSP00000266254 9606.ENSP00000327832 0 0 0 64 0 0 443 457 
9606.ENSP00000266254 9606.ENSP00000313171 0 0 0 49 185 0 0 191 
9606.ENSP00000266254 9606.ENSP00000249396 0 0 0 62 0 0 163 182 
9606.ENSP00000266254 9606.ENSP00000325954 0 0 0 0 0 0 220 220 
9606.ENSP00000266254 9606.ENSP00000365160 0 0 0 0 0 0 250 250 
9606.ENSP00000266254 9606.ENSP00000341289 0 0 0 60 189 0 77 234 
9606.ENSP00000266254 9606.ENSP00000430128 0 0 0 59 0 0 407 418 
9606.ENSP00000266254 9606.ENSP00000333942 0 0 0 63 0 0 274 291 
9606.ENSP00000266254 9606.ENSP00000445440 0 0 0 0 0 0 261 261 
9606.ENSP00000266254 9606.ENSP00000408860 0 0 0 0 0 0 269 269 
9606.ENSP00000266254 9606.ENSP00000299045 0 0 0 61 0 0 354 367 
9606.ENSP00000266254 9606.ENSP00000375649 0 0 0 0 0 0 281 281 
9606.ENSP00000266254 9606.ENSP00000434442 0 0 0 59 0 0 176 191 
9606.ENSP00000266254 9606.ENSP00000378350 0 0 0 61 166 0 0 183 
9606.ENSP00000266254 9606.ENSP00000260746 0 0 203 0 0 0 0 203 
9606.ENSP00000266254 9606.ENSP00000297814 0 0 0 0 0 0 394 394 
9606.ENSP00000266254 9606.ENSP00000388275 0 0 0 62 0 0 275 291 
9606.ENSP00000266254 9606.ENSP00000385000 0 0 0 64 0 0 318 335 
9606.ENSP00000266254 9606.ENSP00000323580 0 0 0 82 0 0 147 183 
9606.ENSP00000266254 9606.ENSP00000452549 0 0 0 0 261 0 43 262 
9606.ENSP00000266254 9606.ENSP00000160827 0 0 0 62 0 0 166 184 
9606.ENSP00000266254 9606.ENSP00000320503 0 0 0 0 380 0 75 401 
9606.ENSP00000266254 9606.ENSP00000364145 0 0 0 62 0 0 220 237 
9606.ENSP00000266254 9606.ENSP00000377115 0 0 0 62 0 0 206 223 
9606.ENSP00000266254 9606.ENSP00000480050 0 0 0 0 0 0 220 220 
9606.ENSP00000266254 9606.ENSP00000393275 0 0 0 0 0 0 352 352 
9606.ENSP00000266254 9606.ENSP00000266732 0 0 0 0 0 0 165 165 
9606.ENSP00000266254 9606.ENSP00000301071 0 0 0 63 165 0 166 291 
9606.ENSP00000266254 9606.ENSP00000359504 0 0 0 0 0 0 165 165 
9606.ENSP00000266254 9606.ENSP00000476046 0 0 0 63 313 0 0 328 
9606.ENSP00000266254 9606.ENSP00000371321 0 0 0 49 145 0 0 152 
9606.ENSP00000266254 9606.ENSP00000375951 0 0 0 62 0 0 256 272 
9606.ENSP00000266254 9606.ENSP00000321346 0 0 0 85 0 0 314 345 
9606.ENSP00000266254 9606.ENSP00000367265 0 0 0 0 0 0 579 579 
9606.ENSP00000266254 9606.ENSP00000456348 0 0 0 0 0 0 380 380 
9606.ENSP00000266254 9606.ENSP00000392043 0 0 0 0 0 0 282 282 
9606.ENSP00000266254 9606.ENSP00000254605 0 0 0 224 0 0 0 224 
9606.ENSP00000266254 9606.ENSP00000258201 0 0 0 0 0 0 169 169 
9606.ENSP00000266254 9606.ENSP00000363794 0 0 0 63 0 0 193 212 
9606.ENSP00000266254 9606.ENSP00000338512 0 0 0 62 0 0 716 722 
9606.ENSP00000266254 9606.ENSP00000280665 0 0 0 63 313 0 0 328 
9606.ENSP00000266254 9606.ENSP00000361716 0 0 0 0 0 0 181 181 
9606.ENSP00000266254 9606.ENSP00000323421 0 0 0 88 157 0 0 198 
9606.ENSP00000266254 9606.ENSP00000260453 0 0 0 0 0 0 353 353 
9606.ENSP00000266254 9606.ENSP00000374213 0 0 0 0 0 0 175 175 
9606.ENSP00000266254 9606.ENSP00000297293 0 0 0 0 0 0 309 309 
9606.ENSP00000266254 9606.ENSP00000471457 0 0 0 63 0 0 219 237 
9606.ENSP00000266254 9606.ENSP00000384794 0 0 0 0 0 0 261 261 
9606.ENSP00000266254 9606.ENSP00000419199 0 0 0 59 0 0 248 262 
9606.ENSP00000266254 9606.ENSP00000261883 0 0 0 0 0 0 196 196 
9606.ENSP00000266254 9606.ENSP00000451560 0 0 0 60 189 0 109 262 
9606.ENSP00000266254 9606.ENSP00000322304 0 0 0 60 0 0 266 280 
9606.ENSP00000266254 9606.ENSP00000357097 0 0 0 0 0 0 299 299 
9606.ENSP00000266254 9606.ENSP00000440945 0 0 0 0 0 0 179 179 
9606.ENSP00000266254 9606.ENSP00000354957 0 0 0 84 157 0 0 194 
9606.ENSP00000266254 9606.ENSP00000352265 0 0 0 0 806 900 0 979 
9606.ENSP00000266254 9606.ENSP00000251412 0 0 0 62 165 0 89 224 
9606.ENSP00000266254 9606.ENSP00000263245 0 0 0 59 0 0 598 606 
9606.ENSP00000266254 9606.ENSP00000260505 0 0 0 62 0 0 295 310 
9606.ENSP00000266254 9606.ENSP00000298032 0 0 0 62 0 0 131 150 
9606.ENSP00000266254 9606.ENSP00000367459 0 0 0 0 0 0 199 199 
9606.ENSP00000266254 9606.ENSP00000287152 0 0 0 64 0 0 255 273 
9606.ENSP00000266254 9606.ENSP00000359942 0 0 0 61 0 0 155 172 
9606.ENSP00000266254 9606.ENSP00000307259 0 0 0 0 0 0 201 201 
9606.ENSP00000266254 9606.ENSP00000374045 0 0 0 61 0 0 307 321 
9606.ENSP00000266254 9606.ENSP00000362208 0 0 0 63 0 0 292 308 
9606.ENSP00000266254 9606.ENSP00000242591 0 0 0 0 0 0 312 312 
9606.ENSP00000266254 9606.ENSP00000265104 0 0 0 61 0 0 294 309 
9606.ENSP00000266254 9606.ENSP00000323880 0 0 0 61 0 0 163 181 
9606.ENSP00000266254 9606.ENSP00000460825 0 0 0 0 0 0 347 347 
9606.ENSP00000266254 9606.ENSP00000289228 0 0 0 62 0 0 243 259 
9606.ENSP00000266254 9606.ENSP00000404122 0 0 0 0 0 0 426 426 
9606.ENSP00000266254 9606.ENSP00000364464 0 0 0 0 0 0 197 197 
9606.ENSP00000266254 9606.ENSP00000438388 0 0 0 61 0 0 453 464 
9606.ENSP00000266254 9606.ENSP00000363694 0 0 0 0 0 0 244 244 
9606.ENSP00000266254 9606.ENSP00000479861 0 0 0 0 0 0 487 487 
9606.ENSP00000266254 9606.ENSP00000350036 0 0 0 88 157 0 0 198 
9606.ENSP00000266254 9606.ENSP00000323275 0 0 0 78 0 0 443 465 
9606.ENSP00000266254 9606.ENSP00000484634 0 0 0 84 0 0 203 239 
9606.ENSP00000266254 9606.ENSP00000446335 0 0 0 0 0 0 380 380 
9606.ENSP00000266254 9606.ENSP00000483280 0 0 0 63 0 0 173 191 
9606.ENSP00000266254 9606.ENSP00000408979 0 0 0 63 0 0 343 359 
9606.ENSP00000266254 9606.ENSP00000272418 0 0 0 0 0 0 173 173 
9606.ENSP00000266254 9606.ENSP00000319104 0 0 0 0 0 0 170 170 
9606.ENSP00000266254 9606.ENSP00000255224 0 0 0 0 0 0 391 391 
9606.ENSP00000266254 9606.ENSP00000368592 0 0 0 0 0 0 354 354 
9606.ENSP00000266254 9606.ENSP00000347232 0 0 0 63 329 0 0 344 
9606.ENSP00000266254 9606.ENSP00000356579 0 0 0 0 0 0 262 262 
9606.ENSP00000266254 9606.ENSP00000295966 0 0 0 62 132 0 105 207 
9606.ENSP00000266254 9606.ENSP00000314004 0 0 0 0 663 0 0 663 
9606.ENSP00000266254 9606.ENSP00000357362 0 0 0 0 0 0 155 155 
9606.ENSP00000266254 9606.ENSP00000385808 0 0 0 63 0 0 222 240 
9606.ENSP00000266254 9606.ENSP00000392028 0 0 0 61 0 0 149 167 
9606.ENSP00000266254 9606.ENSP00000367910 0 0 0 0 0 0 453 453 
9606.ENSP00000266254 9606.ENSP00000416015 0 0 0 0 0 0 259 259 
9606.ENSP00000266254 9606.ENSP00000238379 0 0 0 224 0 0 0 224 
9606.ENSP00000266254 9606.ENSP00000350552 0 0 0 0 0 0 382 382 
9606.ENSP00000266254 9606.ENSP00000301072 0 0 0 63 165 0 157 283 
9606.ENSP00000266254 9606.ENSP00000263246 0 0 0 0 0 0 562 562 
9606.ENSP00000266254 9606.ENSP00000417658 0 0 0 0 0 0 256 256 
9606.ENSP00000266254 9606.ENSP00000397927 0 0 0 0 0 0 265 265 
9606.ENSP00000266254 9606.ENSP00000360905 0 0 0 62 0 0 749 754 
9606.ENSP00000266254 9606.ENSP00000376611 0 0 0 186 0 0 0 186 
9606.ENSP00000266254 9606.ENSP00000477590 0 0 0 0 0 0 198 198 
9606.ENSP00000266254 9606.ENSP00000364080 0 0 0 0 0 0 165 165 
9606.ENSP00000266254 9606.ENSP00000359512 0 0 0 0 0 0 165 165 
9606.ENSP00000266254 9606.ENSP00000298139 0 0 0 85 260 0 0 293 
9606.ENSP00000266254 9606.ENSP00000381167 0 0 0 61 0 0 309 323 
9606.ENSP00000266254 9606.ENSP00000354791 0 0 0 0 0 0 200 200 
