9606.ENSP00000371126 9606.ENSP00000288135 0 0 0 0 0 0 212 212 
9606.ENSP00000371126 9606.ENSP00000379773 0 0 0 0 0 0 629 629 
9606.ENSP00000371126 9606.ENSP00000283928 0 0 0 0 0 0 702 702 
9606.ENSP00000371126 9606.ENSP00000338927 0 0 0 0 0 0 163 163 
9606.ENSP00000371126 9606.ENSP00000354911 0 0 0 0 0 0 167 167 
9606.ENSP00000371126 9606.ENSP00000418525 0 0 0 0 0 0 292 292 
9606.ENSP00000371126 9606.ENSP00000355568 0 0 0 0 0 0 410 410 
9606.ENSP00000371126 9606.ENSP00000274217 0 0 0 0 0 0 173 173 
9606.ENSP00000371126 9606.ENSP00000276062 0 0 0 0 0 0 559 559 
9606.ENSP00000371126 9606.ENSP00000484887 0 0 0 190 0 0 48 196 
9606.ENSP00000371126 9606.ENSP00000300131 0 0 0 0 0 0 165 165 
9606.ENSP00000371126 9606.ENSP00000306522 0 0 0 0 0 0 491 491 
9606.ENSP00000371126 9606.ENSP00000231656 0 0 0 0 0 0 284 284 
9606.ENSP00000371126 9606.ENSP00000342680 0 0 0 0 0 0 700 700 
9606.ENSP00000371126 9606.ENSP00000482753 0 0 0 0 0 0 219 219 
9606.ENSP00000371126 9606.ENSP00000254108 0 0 0 0 0 0 194 194 
9606.ENSP00000371126 9606.ENSP00000399700 0 0 0 0 0 0 167 167 
9606.ENSP00000371126 9606.ENSP00000468304 0 0 0 0 0 0 567 567 
9606.ENSP00000371126 9606.ENSP00000372274 0 0 0 0 0 0 162 162 
9606.ENSP00000371126 9606.ENSP00000379683 0 0 0 0 0 0 195 195 
9606.ENSP00000371126 9606.ENSP00000420095 0 0 0 0 0 0 398 398 
9606.ENSP00000371126 9606.ENSP00000363640 0 0 0 0 0 0 558 558 
9606.ENSP00000371126 9606.ENSP00000360231 0 0 0 0 0 0 243 243 
9606.ENSP00000371126 9606.ENSP00000419465 0 0 0 0 0 0 422 422 
9606.ENSP00000371126 9606.ENSP00000347454 0 0 0 0 0 0 250 250 
9606.ENSP00000371126 9606.ENSP00000367705 0 0 0 0 0 0 497 497 
9606.ENSP00000371126 9606.ENSP00000365210 0 0 0 0 0 0 268 268 
9606.ENSP00000371126 9606.ENSP00000394623 0 0 0 142 0 0 51 151 
9606.ENSP00000371126 9606.ENSP00000400142 0 0 0 0 0 0 243 243 
9606.ENSP00000371126 9606.ENSP00000264335 0 0 0 0 0 0 742 742 
9606.ENSP00000371126 9606.ENSP00000359321 0 0 0 0 0 0 161 161 
9606.ENSP00000371126 9606.ENSP00000316578 0 0 0 0 0 0 540 540 
9606.ENSP00000371126 9606.ENSP00000270349 0 0 0 0 0 0 221 221 
9606.ENSP00000371126 9606.ENSP00000345793 0 0 0 0 0 0 553 553 
9606.ENSP00000371126 9606.ENSP00000268679 0 0 0 0 0 0 309 309 
9606.ENSP00000371126 9606.ENSP00000484710 0 0 0 0 0 0 194 194 
9606.ENSP00000371126 9606.ENSP00000362166 0 0 0 0 0 0 603 603 
9606.ENSP00000371126 9606.ENSP00000227507 0 0 0 0 0 0 248 248 
9606.ENSP00000371126 9606.ENSP00000262238 0 0 0 0 0 0 163 163 
