9606.ENSP00000428205 9606.ENSP00000310928 0 0 0 0 0 0 212 212 
9606.ENSP00000428205 9606.ENSP00000361672 0 0 0 0 0 0 256 256 
9606.ENSP00000428205 9606.ENSP00000380178 0 0 0 77 82 900 298 932 
9606.ENSP00000428205 9606.ENSP00000442318 0 0 0 0 69 900 104 909 
9606.ENSP00000428205 9606.ENSP00000478474 0 0 0 0 0 900 0 900 
9606.ENSP00000428205 9606.ENSP00000418915 0 0 0 0 85 0 175 213 
9606.ENSP00000428205 9606.ENSP00000360266 0 0 0 0 0 0 210 210 
9606.ENSP00000428205 9606.ENSP00000261007 0 0 0 0 0 0 215 215 
9606.ENSP00000428205 9606.ENSP00000166139 0 0 0 0 0 0 254 254 
9606.ENSP00000428205 9606.ENSP00000243924 0 0 0 0 0 0 188 188 
9606.ENSP00000428205 9606.ENSP00000387318 0 0 0 52 0 0 142 152 
9606.ENSP00000428205 9606.ENSP00000322991 0 0 0 0 0 0 328 328 
9606.ENSP00000428205 9606.ENSP00000263182 0 0 0 0 0 0 250 250 
9606.ENSP00000428205 9606.ENSP00000341838 0 0 0 61 0 0 216 232 
9606.ENSP00000428205 9606.ENSP00000356694 0 0 0 0 0 0 229 229 
9606.ENSP00000428205 9606.ENSP00000377895 0 0 0 0 0 0 200 200 
9606.ENSP00000428205 9606.ENSP00000278412 0 0 0 0 0 0 163 163 
9606.ENSP00000428205 9606.ENSP00000303830 0 0 0 0 0 0 203 203 
9606.ENSP00000428205 9606.ENSP00000356940 0 0 0 0 0 0 216 216 
9606.ENSP00000428205 9606.ENSP00000310572 0 0 0 61 69 0 228 266 
9606.ENSP00000428205 9606.ENSP00000342056 0 0 0 0 0 0 351 351 
9606.ENSP00000428205 9606.ENSP00000356832 0 0 0 0 0 0 193 193 
9606.ENSP00000428205 9606.ENSP00000369217 0 0 0 62 0 0 189 207 
9606.ENSP00000428205 9606.ENSP00000281708 0 0 0 63 0 900 247 923 
9606.ENSP00000428205 9606.ENSP00000263925 0 0 0 0 0 900 132 909 
9606.ENSP00000428205 9606.ENSP00000471477 0 0 0 0 0 0 162 162 
9606.ENSP00000428205 9606.ENSP00000265138 0 0 0 0 142 0 189 274 
9606.ENSP00000428205 9606.ENSP00000265094 0 0 0 63 0 900 97 908 
9606.ENSP00000428205 9606.ENSP00000228841 0 0 0 0 0 0 295 295 
9606.ENSP00000428205 9606.ENSP00000431512 0 0 0 0 377 0 57 387 
9606.ENSP00000428205 9606.ENSP00000263401 0 0 0 61 0 900 0 902 
9606.ENSP00000428205 9606.ENSP00000371805 0 0 0 0 0 900 149 911 
9606.ENSP00000428205 9606.ENSP00000381968 0 0 0 0 0 0 210 210 
9606.ENSP00000428205 9606.ENSP00000284551 0 0 0 0 0 900 0 900 
9606.ENSP00000428205 9606.ENSP00000378974 0 0 0 55 0 0 310 320 
9606.ENSP00000428205 9606.ENSP00000350052 0 0 0 0 64 0 158 178 
9606.ENSP00000428205 9606.ENSP00000426503 0 0 0 0 0 900 0 900 
9606.ENSP00000428205 9606.ENSP00000231509 0 0 0 0 0 0 431 431 
9606.ENSP00000428205 9606.ENSP00000350331 0 0 0 0 85 900 0 904 
9606.ENSP00000428205 9606.ENSP00000263370 0 0 0 0 0 0 203 203 
9606.ENSP00000428205 9606.ENSP00000401878 0 0 0 61 0 900 0 902 
9606.ENSP00000428205 9606.ENSP00000323348 0 0 0 0 0 900 0 900 
9606.ENSP00000428205 9606.ENSP00000340648 0 0 0 0 0 900 146 910 
9606.ENSP00000428205 9606.ENSP00000322276 0 0 0 0 0 0 163 163 
9606.ENSP00000428205 9606.ENSP00000072644 0 0 0 0 0 0 891 891 
9606.ENSP00000428205 9606.ENSP00000458065 0 0 0 0 0 0 267 267 
9606.ENSP00000428205 9606.ENSP00000349298 0 0 0 62 0 900 148 913 
9606.ENSP00000428205 9606.ENSP00000360025 0 0 0 0 0 0 240 240 
9606.ENSP00000428205 9606.ENSP00000376303 0 0 0 0 0 0 188 188 
9606.ENSP00000428205 9606.ENSP00000266542 0 0 0 0 0 0 183 183 
9606.ENSP00000428205 9606.ENSP00000362555 0 0 0 46 0 900 55 901 
9606.ENSP00000428205 9606.ENSP00000362217 0 0 0 0 0 0 373 373 
9606.ENSP00000428205 9606.ENSP00000331682 0 0 0 61 0 900 0 902 
9606.ENSP00000428205 9606.ENSP00000321475 0 0 0 96 0 0 294 335 
9606.ENSP00000428205 9606.ENSP00000342793 0 0 0 0 0 0 187 187 
9606.ENSP00000428205 9606.ENSP00000456405 0 0 0 0 0 0 191 191 
9606.ENSP00000428205 9606.ENSP00000412957 0 0 0 0 0 0 414 414 
9606.ENSP00000428205 9606.ENSP00000391826 0 0 0 0 0 0 252 252 
9606.ENSP00000428205 9606.ENSP00000406773 0 0 0 0 0 0 443 443 
9606.ENSP00000428205 9606.ENSP00000261191 0 0 0 0 0 0 175 175 
9606.ENSP00000428205 9606.ENSP00000363571 0 0 0 61 0 0 250 265 
9606.ENSP00000428205 9606.ENSP00000264350 0 0 0 0 0 900 79 903 
9606.ENSP00000428205 9606.ENSP00000307854 0 0 0 108 0 0 144 204 
9606.ENSP00000428205 9606.ENSP00000348108 0 0 0 0 379 0 94 413 
9606.ENSP00000428205 9606.ENSP00000346240 0 0 0 0 0 900 185 915 
9606.ENSP00000428205 9606.ENSP00000353794 0 0 0 52 0 900 142 911 
9606.ENSP00000428205 9606.ENSP00000410715 0 0 0 79 0 0 426 449 
9606.ENSP00000428205 9606.ENSP00000369855 0 0 0 0 85 900 50 905 
9606.ENSP00000428205 9606.ENSP00000369146 0 0 0 0 0 0 171 171 
9606.ENSP00000428205 9606.ENSP00000274457 0 0 0 62 77 900 0 905 
9606.ENSP00000428205 9606.ENSP00000295113 0 0 0 61 0 0 226 242 
9606.ENSP00000428205 9606.ENSP00000309124 0 0 0 0 0 0 179 179 
9606.ENSP00000428205 9606.ENSP00000244289 0 0 0 0 0 0 243 243 
9606.ENSP00000428205 9606.ENSP00000451207 0 0 0 0 0 0 220 220 
9606.ENSP00000428205 9606.ENSP00000371393 0 0 0 0 0 0 158 158 
9606.ENSP00000428205 9606.ENSP00000427793 0 0 0 0 0 900 69 902 
9606.ENSP00000428205 9606.ENSP00000297283 0 0 0 62 69 0 138 182 
9606.ENSP00000428205 9606.ENSP00000307786 0 0 0 0 0 0 347 347 
9606.ENSP00000428205 9606.ENSP00000361245 0 0 0 0 0 900 48 900 
9606.ENSP00000428205 9606.ENSP00000296098 0 0 0 62 0 0 699 706 
9606.ENSP00000428205 9606.ENSP00000216455 0 0 0 0 0 0 165 165 
9606.ENSP00000428205 9606.ENSP00000348714 0 0 0 0 0 900 48 900 
9606.ENSP00000428205 9606.ENSP00000339109 0 0 0 0 0 900 0 900 
9606.ENSP00000428205 9606.ENSP00000385143 0 0 0 0 0 0 234 234 
9606.ENSP00000428205 9606.ENSP00000283290 0 0 0 0 0 0 302 302 
9606.ENSP00000428205 9606.ENSP00000380785 0 0 0 0 0 0 151 151 
9606.ENSP00000428205 9606.ENSP00000391211 0 0 0 61 50 0 220 244 
9606.ENSP00000428205 9606.ENSP00000349722 0 0 0 0 395 900 116 941 
9606.ENSP00000428205 9606.ENSP00000467141 0 0 0 0 0 0 523 523 
9606.ENSP00000428205 9606.ENSP00000226730 0 0 0 0 0 0 216 216 
9606.ENSP00000428205 9606.ENSP00000380746 0 0 0 52 0 900 50 902 
9606.ENSP00000428205 9606.ENSP00000307272 0 0 0 0 0 0 407 407 
9606.ENSP00000428205 9606.ENSP00000393762 0 0 0 62 0 0 151 170 
9606.ENSP00000428205 9606.ENSP00000358316 0 0 0 0 0 0 165 165 
9606.ENSP00000428205 9606.ENSP00000375921 0 0 0 61 0 0 305 319 
9606.ENSP00000428205 9606.ENSP00000347188 0 0 0 61 0 900 165 914 
9606.ENSP00000428205 9606.ENSP00000386636 0 0 0 0 347 0 0 347 
9606.ENSP00000428205 9606.ENSP00000323568 0 0 0 0 0 0 231 231 
9606.ENSP00000428205 9606.ENSP00000330237 0 0 0 0 0 0 230 230 
9606.ENSP00000428205 9606.ENSP00000457206 0 0 0 0 0 900 212 917 
9606.ENSP00000428205 9606.ENSP00000245923 0 0 0 0 169 0 0 169 
9606.ENSP00000428205 9606.ENSP00000381758 0 0 0 0 0 0 539 539 
9606.ENSP00000428205 9606.ENSP00000311609 0 0 0 52 0 900 56 902 
9606.ENSP00000428205 9606.ENSP00000433146 0 0 0 61 0 900 152 913 
9606.ENSP00000428205 9606.ENSP00000369666 0 0 0 64 0 900 159 914 
9606.ENSP00000428205 9606.ENSP00000237937 0 0 0 63 0 0 492 504 
9606.ENSP00000428205 9606.ENSP00000372274 0 0 0 0 117 800 63 820 
9606.ENSP00000428205 9606.ENSP00000298556 0 0 0 0 0 0 170 170 
9606.ENSP00000428205 9606.ENSP00000265354 0 0 0 61 0 0 306 320 
9606.ENSP00000428205 9606.ENSP00000253693 0 0 0 0 0 0 536 536 
9606.ENSP00000428205 9606.ENSP00000451411 0 0 0 0 0 0 226 226 
9606.ENSP00000428205 9606.ENSP00000269856 0 0 0 62 77 900 0 905 
9606.ENSP00000428205 9606.ENSP00000003302 0 0 0 64 0 0 234 252 
9606.ENSP00000428205 9606.ENSP00000403802 0 0 0 61 0 900 151 913 
9606.ENSP00000428205 9606.ENSP00000225983 0 0 0 0 180 0 214 328 
9606.ENSP00000428205 9606.ENSP00000433623 0 0 0 0 0 0 268 268 
9606.ENSP00000428205 9606.ENSP00000357323 0 0 0 63 0 0 156 175 
9606.ENSP00000428205 9606.ENSP00000296953 0 0 0 63 0 0 174 193 
9606.ENSP00000428205 9606.ENSP00000404570 0 0 0 0 50 0 569 573 
9606.ENSP00000428205 9606.ENSP00000296525 0 0 0 61 85 900 197 921 
9606.ENSP00000428205 9606.ENSP00000344215 0 0 0 0 0 0 165 165 
9606.ENSP00000428205 9606.ENSP00000276925 0 0 0 0 85 0 183 220 
9606.ENSP00000428205 9606.ENSP00000457593 0 0 0 0 0 0 181 181 
9606.ENSP00000428205 9606.ENSP00000367542 0 0 0 61 0 0 166 184 
9606.ENSP00000428205 9606.ENSP00000365016 0 0 0 0 0 0 210 210 
9606.ENSP00000428205 9606.ENSP00000255030 0 0 0 0 0 0 212 212 
9606.ENSP00000428205 9606.ENSP00000359052 0 0 0 0 0 0 309 309 
9606.ENSP00000428205 9606.ENSP00000345771 0 0 0 0 0 0 191 191 
9606.ENSP00000428205 9606.ENSP00000347507 0 0 0 62 64 0 444 469 
9606.ENSP00000428205 9606.ENSP00000398698 0 0 0 0 0 0 452 452 
9606.ENSP00000428205 9606.ENSP00000345001 0 0 0 0 0 0 290 290 
9606.ENSP00000428205 9606.ENSP00000419425 0 0 0 0 0 0 171 171 
9606.ENSP00000428205 9606.ENSP00000348565 0 0 0 0 0 900 56 901 
9606.ENSP00000428205 9606.ENSP00000366306 0 0 0 0 0 0 211 211 
9606.ENSP00000428205 9606.ENSP00000356988 0 0 0 0 0 0 173 173 
9606.ENSP00000428205 9606.ENSP00000271971 0 0 0 0 0 0 536 536 
9606.ENSP00000428205 9606.ENSP00000277458 0 0 0 0 85 900 0 904 
9606.ENSP00000428205 9606.ENSP00000361990 0 0 0 61 0 900 325 931 
9606.ENSP00000428205 9606.ENSP00000397908 0 0 0 0 0 0 156 156 
9606.ENSP00000428205 9606.ENSP00000367193 0 0 0 62 0 0 168 186 
9606.ENSP00000428205 9606.ENSP00000340361 0 0 0 62 0 0 517 528 
9606.ENSP00000428205 9606.ENSP00000295897 0 0 0 0 69 0 281 301 
9606.ENSP00000428205 9606.ENSP00000200691 0 0 0 0 0 0 161 161 
9606.ENSP00000428205 9606.ENSP00000425556 0 0 0 61 0 0 344 357 
9606.ENSP00000428205 9606.ENSP00000295600 0 0 0 0 0 0 238 238 
9606.ENSP00000428205 9606.ENSP00000422007 0 0 0 62 0 0 302 318 
9606.ENSP00000428205 9606.ENSP00000451575 0 0 0 60 85 900 250 926 
9606.ENSP00000428205 9606.ENSP00000376808 0 0 0 61 80 900 86 910 
9606.ENSP00000428205 9606.ENSP00000477856 0 0 0 0 0 0 171 171 
9606.ENSP00000428205 9606.ENSP00000340305 0 0 0 0 56 900 93 906 
9606.ENSP00000428205 9606.ENSP00000347184 0 0 0 0 101 0 231 279 
9606.ENSP00000428205 9606.ENSP00000261712 0 0 0 0 0 0 256 256 
9606.ENSP00000428205 9606.ENSP00000316924 0 0 0 0 0 0 173 173 
9606.ENSP00000428205 9606.ENSP00000256509 0 0 0 0 0 0 303 303 
9606.ENSP00000428205 9606.ENSP00000226207 0 0 0 61 69 0 599 619 
9606.ENSP00000428205 9606.ENSP00000312624 0 0 0 61 0 0 281 296 
9606.ENSP00000428205 9606.ENSP00000406229 0 0 0 0 0 0 178 178 
9606.ENSP00000428205 9606.ENSP00000256759 0 0 0 0 0 0 452 452 
9606.ENSP00000428205 9606.ENSP00000388723 0 0 0 0 0 900 0 900 
9606.ENSP00000428205 9606.ENSP00000269305 0 0 0 0 0 0 252 252 
9606.ENSP00000428205 9606.ENSP00000483688 0 0 0 0 0 0 191 191 
9606.ENSP00000428205 9606.ENSP00000414670 0 0 0 0 0 0 215 215 
9606.ENSP00000428205 9606.ENSP00000328203 0 0 0 63 0 900 0 902 
9606.ENSP00000428205 9606.ENSP00000419124 0 0 0 0 0 0 219 219 
9606.ENSP00000428205 9606.ENSP00000347847 0 0 0 0 157 0 119 225 
9606.ENSP00000428205 9606.ENSP00000400365 0 0 0 67 0 0 139 162 
9606.ENSP00000428205 9606.ENSP00000337838 0 0 0 0 299 0 48 304 
9606.ENSP00000428205 9606.ENSP00000307833 0 0 0 0 0 900 167 913 
9606.ENSP00000428205 9606.ENSP00000356652 0 0 0 0 0 360 49 365 
9606.ENSP00000428205 9606.ENSP00000278882 0 0 0 62 0 0 154 172 
9606.ENSP00000428205 9606.ENSP00000351813 0 0 0 0 0 0 243 243 
9606.ENSP00000428205 9606.ENSP00000305372 0 0 0 0 0 0 173 173 
9606.ENSP00000428205 9606.ENSP00000375942 0 0 0 0 0 0 287 287 
9606.ENSP00000428205 9606.ENSP00000409346 0 0 0 0 0 900 116 907 
9606.ENSP00000428205 9606.ENSP00000302665 0 0 0 0 0 0 684 684 
9606.ENSP00000428205 9606.ENSP00000037243 0 0 0 64 0 0 142 162 
9606.ENSP00000428205 9606.ENSP00000376269 0 0 0 0 0 0 205 205 
9606.ENSP00000428205 9606.ENSP00000418751 0 0 0 0 0 540 0 540 
9606.ENSP00000428205 9606.ENSP00000426103 0 0 0 61 85 900 57 908 
9606.ENSP00000428205 9606.ENSP00000386532 0 0 0 62 85 900 0 906 
9606.ENSP00000428205 9606.ENSP00000232744 0 0 0 0 77 540 0 557 
9606.ENSP00000428205 9606.ENSP00000246672 0 0 0 0 0 0 193 193 
9606.ENSP00000428205 9606.ENSP00000357879 0 0 0 0 0 0 223 223 
9606.ENSP00000428205 9606.ENSP00000389900 0 0 0 0 0 900 0 900 
9606.ENSP00000428205 9606.ENSP00000290541 0 0 0 0 0 0 353 353 
9606.ENSP00000428205 9606.ENSP00000379287 0 0 0 0 69 0 141 166 
9606.ENSP00000428205 9606.ENSP00000383023 0 0 0 0 0 0 311 311 
9606.ENSP00000428205 9606.ENSP00000361021 0 0 0 0 0 0 221 221 
9606.ENSP00000428205 9606.ENSP00000405965 0 0 0 0 0 0 194 194 
9606.ENSP00000428205 9606.ENSP00000320935 0 0 0 63 0 0 357 372 
9606.ENSP00000428205 9606.ENSP00000364204 0 0 0 62 0 0 292 307 
9606.ENSP00000428205 9606.ENSP00000354830 0 0 0 62 0 0 350 364 
9606.ENSP00000428205 9606.ENSP00000376167 0 0 0 0 0 900 0 900 
9606.ENSP00000428205 9606.ENSP00000468354 0 0 0 0 85 0 248 282 
9606.ENSP00000428205 9606.ENSP00000480499 0 0 0 58 0 900 60 903 
9606.ENSP00000428205 9606.ENSP00000324806 0 0 0 0 0 0 247 247 
9606.ENSP00000428205 9606.ENSP00000219599 0 0 0 0 0 0 168 168 
9606.ENSP00000428205 9606.ENSP00000386653 0 0 0 0 0 0 193 193 
9606.ENSP00000428205 9606.ENSP00000379644 0 0 0 59 0 0 157 173 
9606.ENSP00000428205 9606.ENSP00000431800 0 0 0 0 472 0 686 827 
9606.ENSP00000428205 9606.ENSP00000273353 0 0 0 0 50 0 446 451 
9606.ENSP00000428205 9606.ENSP00000262238 0 0 0 0 0 0 250 250 
9606.ENSP00000428205 9606.ENSP00000401303 0 0 0 0 0 0 256 256 
9606.ENSP00000428205 9606.ENSP00000355865 0 0 0 0 0 900 184 914 
9606.ENSP00000428205 9606.ENSP00000335091 0 0 0 0 0 900 52 901 
9606.ENSP00000428205 9606.ENSP00000263341 0 0 0 0 0 0 211 211 
9606.ENSP00000428205 9606.ENSP00000278070 0 0 0 0 0 0 196 196 
9606.ENSP00000428205 9606.ENSP00000363322 0 0 0 0 0 900 0 900 
9606.ENSP00000428205 9606.ENSP00000317872 0 0 0 78 0 900 0 903 
9606.ENSP00000428205 9606.ENSP00000350512 0 0 0 0 80 900 150 915 
9606.ENSP00000428205 9606.ENSP00000306997 0 0 0 65 0 0 221 241 
9606.ENSP00000428205 9606.ENSP00000461386 0 0 0 62 0 0 227 243 
9606.ENSP00000428205 9606.ENSP00000365961 0 0 0 0 0 900 88 904 
9606.ENSP00000428205 9606.ENSP00000255977 0 0 0 0 0 900 0 900 
9606.ENSP00000428205 9606.ENSP00000360162 0 0 0 63 0 0 215 233 
9606.ENSP00000428205 9606.ENSP00000368079 0 0 0 0 0 0 330 330 
9606.ENSP00000428205 9606.ENSP00000401023 0 0 0 61 0 900 54 903 
9606.ENSP00000428205 9606.ENSP00000354499 0 0 0 0 0 0 256 256 
9606.ENSP00000428205 9606.ENSP00000482027 0 0 0 0 0 0 217 217 
9606.ENSP00000428205 9606.ENSP00000239223 0 0 0 61 379 0 133 450 
9606.ENSP00000428205 9606.ENSP00000226574 0 0 0 0 85 0 149 188 
9606.ENSP00000428205 9606.ENSP00000264661 0 0 0 62 0 0 176 194 
9606.ENSP00000428205 9606.ENSP00000377170 0 0 0 0 85 0 297 330 
9606.ENSP00000428205 9606.ENSP00000280098 0 0 0 0 0 540 0 540 
9606.ENSP00000428205 9606.ENSP00000467176 0 0 0 61 0 0 162 179 
9606.ENSP00000428205 9606.ENSP00000474560 0 0 0 0 0 0 162 162 
9606.ENSP00000428205 9606.ENSP00000305133 0 0 0 62 0 900 0 902 
9606.ENSP00000428205 9606.ENSP00000216797 0 0 0 61 299 0 230 448 
9606.ENSP00000428205 9606.ENSP00000270722 0 0 0 0 0 0 351 351 
9606.ENSP00000428205 9606.ENSP00000377033 0 0 0 0 0 0 280 280 
9606.ENSP00000428205 9606.ENSP00000361170 0 0 0 0 299 0 206 419 
9606.ENSP00000428205 9606.ENSP00000447149 0 0 0 0 0 0 282 282 
9606.ENSP00000428205 9606.ENSP00000352121 0 0 0 0 0 0 230 230 
9606.ENSP00000428205 9606.ENSP00000363970 0 0 0 62 0 0 427 439 
9606.ENSP00000428205 9606.ENSP00000347548 0 0 0 0 0 900 0 900 
9606.ENSP00000428205 9606.ENSP00000263202 0 0 0 0 0 0 167 167 
9606.ENSP00000428205 9606.ENSP00000341565 0 0 0 0 101 0 94 150 
9606.ENSP00000428205 9606.ENSP00000383719 0 0 0 0 0 900 87 904 
9606.ENSP00000428205 9606.ENSP00000292782 0 0 0 0 0 900 0 900 
9606.ENSP00000428205 9606.ENSP00000244061 0 0 0 55 0 900 0 901 
9606.ENSP00000428205 9606.ENSP00000261819 0 0 0 0 0 900 0 900 
9606.ENSP00000428205 9606.ENSP00000434516 0 0 0 0 0 0 222 222 
9606.ENSP00000428205 9606.ENSP00000354775 0 0 0 62 0 900 0 902 
9606.ENSP00000428205 9606.ENSP00000385610 0 0 0 0 0 900 0 900 
9606.ENSP00000428205 9606.ENSP00000384364 0 0 0 0 0 0 161 161 
9606.ENSP00000428205 9606.ENSP00000225577 0 0 0 0 0 0 676 676 
9606.ENSP00000428205 9606.ENSP00000286234 0 0 0 0 0 0 186 186 
9606.ENSP00000428205 9606.ENSP00000272645 0 0 0 0 0 0 189 189 
9606.ENSP00000428205 9606.ENSP00000379204 0 0 0 0 0 0 250 250 
9606.ENSP00000428205 9606.ENSP00000373272 0 0 0 0 0 900 178 914 
9606.ENSP00000428205 9606.ENSP00000338343 0 0 0 96 0 0 208 254 
9606.ENSP00000428205 9606.ENSP00000343535 0 0 0 78 0 0 123 157 
9606.ENSP00000428205 9606.ENSP00000380432 0 0 0 0 0 0 583 583 
9606.ENSP00000428205 9606.ENSP00000346340 0 0 0 0 0 900 261 923 
9606.ENSP00000428205 9606.ENSP00000367851 0 0 0 0 0 0 157 157 
9606.ENSP00000428205 9606.ENSP00000431984 0 0 0 0 0 0 569 569 
9606.ENSP00000428205 9606.ENSP00000362710 0 0 0 0 0 900 0 900 
9606.ENSP00000428205 9606.ENSP00000381717 0 0 0 0 67 900 177 916 
9606.ENSP00000428205 9606.ENSP00000283946 0 0 0 61 0 0 303 317 
9606.ENSP00000428205 9606.ENSP00000384849 0 0 0 0 379 0 252 515 
9606.ENSP00000428205 9606.ENSP00000304697 0 0 0 0 0 900 186 915 
9606.ENSP00000428205 9606.ENSP00000348216 0 0 0 0 0 900 0 900 
9606.ENSP00000428205 9606.ENSP00000352282 0 0 0 0 0 0 256 256 
9606.ENSP00000428205 9606.ENSP00000428646 0 0 0 63 0 900 455 944 
9606.ENSP00000428205 9606.ENSP00000339086 0 0 0 0 157 0 63 176 
9606.ENSP00000428205 9606.ENSP00000281623 0 0 0 0 0 900 191 915 
9606.ENSP00000428205 9606.ENSP00000353549 0 0 0 0 0 900 0 900 
9606.ENSP00000428205 9606.ENSP00000296233 0 0 0 0 0 0 458 458 
9606.ENSP00000428205 9606.ENSP00000235382 0 0 0 49 0 0 274 280 
9606.ENSP00000428205 9606.ENSP00000453872 0 0 0 80 0 900 0 904 
9606.ENSP00000428205 9606.ENSP00000261609 0 0 0 61 0 900 50 903 
9606.ENSP00000428205 9606.ENSP00000332973 0 0 0 61 0 0 399 411 
9606.ENSP00000428205 9606.ENSP00000266458 0 0 0 63 0 0 498 510 
9606.ENSP00000428205 9606.ENSP00000215071 0 0 0 0 0 0 186 186 
9606.ENSP00000428205 9606.ENSP00000262160 0 0 0 0 0 0 441 441 
9606.ENSP00000428205 9606.ENSP00000349805 0 0 0 0 0 0 201 201 
9606.ENSP00000428205 9606.ENSP00000463559 0 0 0 0 0 0 246 246 
9606.ENSP00000428205 9606.ENSP00000257555 0 0 0 0 0 0 236 236 
9606.ENSP00000428205 9606.ENSP00000282369 0 0 0 0 0 900 0 900 
9606.ENSP00000428205 9606.ENSP00000370003 0 0 0 0 0 0 218 218 
9606.ENSP00000428205 9606.ENSP00000354923 0 0 0 61 0 0 514 524 
9606.ENSP00000428205 9606.ENSP00000367239 0 0 0 0 0 0 179 179 
9606.ENSP00000428205 9606.ENSP00000312649 0 0 0 0 0 0 351 351 
9606.ENSP00000428205 9606.ENSP00000352608 0 0 0 61 0 0 216 232 
9606.ENSP00000428205 9606.ENSP00000263780 0 0 0 0 0 0 250 250 
9606.ENSP00000428205 9606.ENSP00000220420 0 0 0 0 0 0 192 192 
9606.ENSP00000428205 9606.ENSP00000252102 0 0 0 0 0 0 153 153 
9606.ENSP00000428205 9606.ENSP00000006777 0 0 0 0 0 0 252 252 
9606.ENSP00000428205 9606.ENSP00000380489 0 0 0 63 0 0 261 278 
9606.ENSP00000428205 9606.ENSP00000384092 0 0 0 0 0 0 177 177 
9606.ENSP00000428205 9606.ENSP00000351990 0 0 0 0 0 900 85 904 
9606.ENSP00000428205 9606.ENSP00000263317 0 0 0 0 0 0 159 159 
9606.ENSP00000428205 9606.ENSP00000054666 0 0 0 0 0 0 173 173 
9606.ENSP00000428205 9606.ENSP00000268876 0 0 0 63 0 0 273 289 
9606.ENSP00000428205 9606.ENSP00000257905 0 0 0 0 0 0 267 267 
9606.ENSP00000428205 9606.ENSP00000430432 0 0 0 0 124 0 92 171 
9606.ENSP00000428205 9606.ENSP00000256104 0 0 0 0 0 0 161 161 
9606.ENSP00000428205 9606.ENSP00000326804 0 0 0 0 393 900 407 960 
9606.ENSP00000428205 9606.ENSP00000328813 0 0 0 62 0 0 235 252 
9606.ENSP00000428205 9606.ENSP00000296545 0 0 0 0 0 0 178 178 
9606.ENSP00000428205 9606.ENSP00000228641 0 0 0 62 85 0 568 597 
9606.ENSP00000428205 9606.ENSP00000482241 0 0 0 64 0 0 134 154 
9606.ENSP00000428205 9606.ENSP00000386389 0 0 0 62 0 0 146 165 
9606.ENSP00000428205 9606.ENSP00000278559 0 0 0 0 0 0 535 535 
9606.ENSP00000428205 9606.ENSP00000293780 0 0 0 0 0 0 161 161 
9606.ENSP00000428205 9606.ENSP00000379157 0 0 0 61 0 0 377 390 
9606.ENSP00000428205 9606.ENSP00000343001 0 0 0 99 0 0 200 248 
9606.ENSP00000428205 9606.ENSP00000302961 0 0 0 0 0 0 316 316 
9606.ENSP00000428205 9606.ENSP00000312987 0 0 0 0 0 0 231 231 
9606.ENSP00000428205 9606.ENSP00000458537 0 0 0 0 0 0 212 212 
9606.ENSP00000428205 9606.ENSP00000277541 0 0 0 0 0 0 171 171 
9606.ENSP00000428205 9606.ENSP00000219611 0 0 0 0 0 0 539 539 
9606.ENSP00000428205 9606.ENSP00000453012 0 0 0 0 0 0 187 187 
9606.ENSP00000428205 9606.ENSP00000375844 0 0 0 0 0 0 530 530 
9606.ENSP00000428205 9606.ENSP00000419475 0 0 0 0 0 900 0 900 
9606.ENSP00000428205 9606.ENSP00000335153 0 0 0 0 69 0 195 218 
9606.ENSP00000428205 9606.ENSP00000275532 0 0 0 0 0 900 0 900 
9606.ENSP00000428205 9606.ENSP00000263228 0 0 0 63 159 900 50 915 
9606.ENSP00000428205 9606.ENSP00000241651 0 0 0 62 310 0 729 809 
9606.ENSP00000428205 9606.ENSP00000405890 0 0 0 63 0 0 217 234 
9606.ENSP00000428205 9606.ENSP00000424198 0 0 0 0 0 900 0 900 
9606.ENSP00000428205 9606.ENSP00000318687 0 0 0 0 0 0 186 186 
9606.ENSP00000428205 9606.ENSP00000273783 0 0 0 0 0 0 237 237 
9606.ENSP00000428205 9606.ENSP00000476369 0 0 0 62 0 900 49 903 
9606.ENSP00000428205 9606.ENSP00000354201 0 0 0 62 67 900 50 905 
9606.ENSP00000428205 9606.ENSP00000348069 0 0 0 0 0 0 254 254 
9606.ENSP00000428205 9606.ENSP00000359198 0 0 0 0 0 0 181 181 
9606.ENSP00000428205 9606.ENSP00000368797 0 0 0 0 0 900 0 900 
9606.ENSP00000428205 9606.ENSP00000357470 0 0 0 0 0 0 157 157 
9606.ENSP00000428205 9606.ENSP00000283131 0 0 0 63 0 0 352 367 
9606.ENSP00000428205 9606.ENSP00000355014 0 0 0 62 0 900 96 907 
9606.ENSP00000428205 9606.ENSP00000250003 0 0 0 61 472 0 738 858 
9606.ENSP00000428205 9606.ENSP00000261479 0 0 0 0 0 0 170 170 
9606.ENSP00000428205 9606.ENSP00000381036 0 0 0 0 0 0 540 540 
9606.ENSP00000428205 9606.ENSP00000271308 0 0 0 0 0 0 198 198 
9606.ENSP00000428205 9606.ENSP00000262193 0 0 0 0 0 0 240 240 
9606.ENSP00000428205 9606.ENSP00000354621 0 0 0 50 0 900 153 912 
9606.ENSP00000428205 9606.ENSP00000478501 0 0 0 0 0 900 0 900 
9606.ENSP00000428205 9606.ENSP00000401310 0 0 0 0 0 0 161 161 
9606.ENSP00000428205 9606.ENSP00000378529 0 0 0 61 0 900 0 902 
9606.ENSP00000428205 9606.ENSP00000370083 0 0 0 0 0 0 150 150 
9606.ENSP00000428205 9606.ENSP00000361486 0 0 0 79 0 0 137 171 
9606.ENSP00000428205 9606.ENSP00000347979 0 0 0 0 0 0 230 230 
9606.ENSP00000428205 9606.ENSP00000423897 0 0 0 0 0 900 0 900 
9606.ENSP00000428205 9606.ENSP00000443495 0 0 0 58 0 0 158 173 
9606.ENSP00000428205 9606.ENSP00000219313 0 0 0 0 80 0 187 220 
9606.ENSP00000428205 9606.ENSP00000259371 0 0 0 61 0 0 269 284 
9606.ENSP00000428205 9606.ENSP00000442656 0 0 0 0 0 0 294 294 
9606.ENSP00000428205 9606.ENSP00000379616 0 0 0 0 54 0 329 338 
9606.ENSP00000428205 9606.ENSP00000477792 0 0 0 0 0 900 0 900 
9606.ENSP00000428205 9606.ENSP00000318944 0 0 0 62 0 900 235 921 
9606.ENSP00000428205 9606.ENSP00000356064 0 0 0 0 0 900 0 900 
9606.ENSP00000428205 9606.ENSP00000306512 0 0 0 0 0 0 152 152 
9606.ENSP00000428205 9606.ENSP00000311032 0 0 0 0 0 0 481 481 
9606.ENSP00000428205 9606.ENSP00000327994 0 0 0 62 0 900 43 902 
9606.ENSP00000428205 9606.ENSP00000358247 0 0 0 54 0 900 479 946 
9606.ENSP00000428205 9606.ENSP00000157812 0 0 0 0 348 0 250 490 
9606.ENSP00000428205 9606.ENSP00000263851 0 0 0 0 0 0 237 237 
9606.ENSP00000428205 9606.ENSP00000345344 0 0 0 0 0 0 588 588 
9606.ENSP00000428205 9606.ENSP00000357283 0 0 0 0 0 0 160 160 
9606.ENSP00000428205 9606.ENSP00000262294 0 0 0 0 0 900 0 900 
9606.ENSP00000428205 9606.ENSP00000334061 0 0 0 0 299 0 164 389 
9606.ENSP00000428205 9606.ENSP00000412237 0 0 0 0 0 0 173 173 
9606.ENSP00000428205 9606.ENSP00000320092 0 0 0 0 379 0 158 454 
9606.ENSP00000428205 9606.ENSP00000311430 0 0 0 0 0 0 177 177 
9606.ENSP00000428205 9606.ENSP00000280758 0 0 0 0 0 540 0 540 
9606.ENSP00000428205 9606.ENSP00000350332 0 0 0 0 0 0 154 154 
9606.ENSP00000428205 9606.ENSP00000351790 0 0 0 62 0 0 263 280 
9606.ENSP00000428205 9606.ENSP00000261254 0 0 0 0 0 0 165 165 
9606.ENSP00000428205 9606.ENSP00000407375 0 0 0 0 0 0 161 161 
9606.ENSP00000428205 9606.ENSP00000327738 0 0 0 0 0 0 204 204 
9606.ENSP00000428205 9606.ENSP00000420514 0 0 0 0 0 0 154 154 
9606.ENSP00000428205 9606.ENSP00000349960 0 0 0 0 64 0 238 256 
9606.ENSP00000428205 9606.ENSP00000272317 0 0 0 0 0 900 90 905 
9606.ENSP00000428205 9606.ENSP00000376865 0 0 0 0 0 0 175 175 
9606.ENSP00000428205 9606.ENSP00000366032 0 0 0 0 0 900 66 902 
9606.ENSP00000428205 9606.ENSP00000364512 0 0 0 0 0 0 224 224 
9606.ENSP00000428205 9606.ENSP00000336790 0 0 0 0 0 0 250 250 
9606.ENSP00000428205 9606.ENSP00000296464 0 0 0 0 0 0 198 198 
9606.ENSP00000428205 9606.ENSP00000385523 0 0 0 0 0 0 170 170 
9606.ENSP00000428205 9606.ENSP00000364579 0 0 0 53 0 0 165 176 
9606.ENSP00000428205 9606.ENSP00000337701 0 0 0 0 0 0 353 353 
9606.ENSP00000428205 9606.ENSP00000478425 0 0 0 0 0 0 213 213 
9606.ENSP00000428205 9606.ENSP00000398736 0 0 0 0 0 0 162 162 
9606.ENSP00000428205 9606.ENSP00000379847 0 0 0 0 0 0 154 154 
9606.ENSP00000428205 9606.ENSP00000446955 0 0 0 0 54 0 244 254 
9606.ENSP00000428205 9606.ENSP00000261601 0 0 0 0 0 0 285 285 
9606.ENSP00000428205 9606.ENSP00000420311 0 0 0 0 0 0 209 209 
9606.ENSP00000428205 9606.ENSP00000316578 0 0 0 77 0 0 184 214 
9606.ENSP00000428205 9606.ENSP00000342755 0 0 0 0 0 900 55 901 
9606.ENSP00000428205 9606.ENSP00000241416 0 0 0 62 0 0 275 291 
9606.ENSP00000428205 9606.ENSP00000260247 0 0 0 0 0 900 0 900 
9606.ENSP00000428205 9606.ENSP00000216225 0 0 0 0 294 900 172 936 
9606.ENSP00000428205 9606.ENSP00000359385 0 0 0 0 0 900 0 900 
9606.ENSP00000428205 9606.ENSP00000369757 0 0 0 0 0 0 473 473 
9606.ENSP00000428205 9606.ENSP00000330221 0 0 0 85 0 900 56 906 
9606.ENSP00000428205 9606.ENSP00000317214 0 0 0 0 0 0 535 535 
9606.ENSP00000428205 9606.ENSP00000264867 0 0 0 0 0 0 527 527 
9606.ENSP00000428205 9606.ENSP00000356515 0 0 0 52 0 0 262 271 
9606.ENSP00000428205 9606.ENSP00000371554 0 0 0 60 57 0 222 250 
9606.ENSP00000428205 9606.ENSP00000352272 0 0 0 62 0 0 242 258 
9606.ENSP00000428205 9606.ENSP00000314518 0 0 0 78 0 0 203 234 
9606.ENSP00000428205 9606.ENSP00000304102 0 0 0 0 80 900 71 907 
9606.ENSP00000428205 9606.ENSP00000255416 0 0 0 0 69 0 138 163 
9606.ENSP00000428205 9606.ENSP00000262394 0 0 0 0 0 900 0 900 
9606.ENSP00000428205 9606.ENSP00000432083 0 0 0 0 143 0 80 178 
9606.ENSP00000428205 9606.ENSP00000384851 0 0 0 0 0 0 297 297 
9606.ENSP00000428205 9606.ENSP00000381034 0 0 0 61 0 900 0 902 
9606.ENSP00000428205 9606.ENSP00000364133 0 0 0 0 0 0 202 202 
9606.ENSP00000428205 9606.ENSP00000278317 0 0 0 62 0 0 241 257 
9606.ENSP00000428205 9606.ENSP00000222402 0 0 0 58 67 900 103 910 
9606.ENSP00000428205 9606.ENSP00000295006 0 0 0 0 0 0 559 559 
9606.ENSP00000428205 9606.ENSP00000349595 0 0 0 62 0 0 158 176 
9606.ENSP00000428205 9606.ENSP00000264122 0 0 0 63 0 900 103 908 
9606.ENSP00000428205 9606.ENSP00000426654 0 0 0 64 0 900 0 902 
9606.ENSP00000428205 9606.ENSP00000380349 0 0 0 77 0 0 559 575 
9606.ENSP00000428205 9606.ENSP00000345083 0 0 0 0 157 0 92 202 
9606.ENSP00000428205 9606.ENSP00000348838 0 0 0 0 67 900 79 906 
9606.ENSP00000428205 9606.ENSP00000300093 0 0 0 62 0 0 253 269 
9606.ENSP00000428205 9606.ENSP00000378624 0 0 0 0 101 900 75 909 
9606.ENSP00000428205 9606.ENSP00000464087 0 0 0 0 0 900 132 909 
9606.ENSP00000428205 9606.ENSP00000247977 0 0 0 52 0 900 65 903 
9606.ENSP00000428205 9606.ENSP00000297494 0 0 0 0 0 0 254 254 
9606.ENSP00000428205 9606.ENSP00000449960 0 0 0 60 0 0 224 240 
9606.ENSP00000428205 9606.ENSP00000268035 0 0 0 0 0 0 337 337 
9606.ENSP00000428205 9606.ENSP00000216271 0 0 0 0 260 0 50 266 
9606.ENSP00000428205 9606.ENSP00000335147 0 0 0 0 85 0 120 160 
9606.ENSP00000428205 9606.ENSP00000341208 0 0 0 0 0 0 230 230 
9606.ENSP00000428205 9606.ENSP00000228644 0 0 0 61 85 0 569 597 
9606.ENSP00000428205 9606.ENSP00000312397 0 0 0 0 0 900 0 900 
9606.ENSP00000428205 9606.ENSP00000360613 0 0 0 0 67 900 241 923 
9606.ENSP00000428205 9606.ENSP00000355837 0 0 0 0 0 0 536 536 
9606.ENSP00000428205 9606.ENSP00000384259 0 0 0 0 0 0 317 317 
9606.ENSP00000428205 9606.ENSP00000321927 0 0 0 52 0 900 135 910 
9606.ENSP00000428205 9606.ENSP00000323687 0 0 0 64 67 900 76 908 
9606.ENSP00000428205 9606.ENSP00000363804 0 0 0 0 379 0 58 390 
9606.ENSP00000428205 9606.ENSP00000335675 0 0 0 0 0 0 158 158 
9606.ENSP00000428205 9606.ENSP00000293414 0 0 0 61 85 900 0 906 
9606.ENSP00000428205 9606.ENSP00000308236 0 0 0 0 0 900 0 900 
9606.ENSP00000428205 9606.ENSP00000385824 0 0 0 62 0 0 775 780 
9606.ENSP00000428205 9606.ENSP00000428968 0 0 0 61 0 900 72 905 
9606.ENSP00000428205 9606.ENSP00000339867 0 0 0 0 0 0 186 186 
9606.ENSP00000428205 9606.ENSP00000455507 0 0 0 49 0 0 167 174 
9606.ENSP00000428205 9606.ENSP00000394394 0 0 0 0 0 900 0 900 
9606.ENSP00000428205 9606.ENSP00000371110 0 0 0 0 0 0 249 249 
9606.ENSP00000428205 9606.ENSP00000442307 0 0 0 62 0 0 157 175 
9606.ENSP00000428205 9606.ENSP00000313454 0 0 0 0 0 900 58 901 
9606.ENSP00000428205 9606.ENSP00000300055 0 0 0 0 0 0 163 163 
9606.ENSP00000428205 9606.ENSP00000227507 0 0 0 0 0 0 161 161 
9606.ENSP00000428205 9606.ENSP00000368104 0 0 0 0 0 0 167 167 
9606.ENSP00000428205 9606.ENSP00000355370 0 0 0 0 0 0 156 156 
9606.ENSP00000428205 9606.ENSP00000341940 0 0 0 62 0 0 210 227 
9606.ENSP00000428205 9606.ENSP00000286758 0 0 0 0 0 0 225 225 
9606.ENSP00000428205 9606.ENSP00000330341 0 0 0 0 0 900 244 921 
9606.ENSP00000428205 9606.ENSP00000483825 0 0 0 0 313 0 0 313 
9606.ENSP00000428205 9606.ENSP00000386541 0 0 0 0 80 0 116 151 
9606.ENSP00000428205 9606.ENSP00000344855 0 0 0 52 0 900 205 918 
9606.ENSP00000428205 9606.ENSP00000370671 0 0 0 61 0 900 0 902 
9606.ENSP00000428205 9606.ENSP00000262158 0 0 0 0 0 0 175 175 
9606.ENSP00000428205 9606.ENSP00000237014 0 0 0 0 0 0 207 207 
9606.ENSP00000428205 9606.ENSP00000216780 0 0 0 0 0 0 214 214 
9606.ENSP00000428205 9606.ENSP00000361636 0 0 0 0 69 0 183 207 
9606.ENSP00000428205 9606.ENSP00000362570 0 0 0 0 0 0 269 269 
9606.ENSP00000428205 9606.ENSP00000363089 0 0 0 0 0 0 163 163 
9606.ENSP00000428205 9606.ENSP00000365401 0 0 0 0 0 900 0 900 
9606.ENSP00000428205 9606.ENSP00000419449 0 0 0 0 0 0 153 153 
9606.ENSP00000428205 9606.ENSP00000314897 0 0 0 0 0 0 275 275 
9606.ENSP00000428205 9606.ENSP00000376943 0 0 0 0 0 0 251 251 
9606.ENSP00000428205 9606.ENSP00000386041 0 0 0 61 69 0 630 648 
9606.ENSP00000428205 9606.ENSP00000241052 0 0 0 0 0 0 286 286 
9606.ENSP00000428205 9606.ENSP00000332325 0 0 0 0 0 0 188 188 
9606.ENSP00000428205 9606.ENSP00000443191 0 0 0 0 0 900 57 901 
9606.ENSP00000428205 9606.ENSP00000297267 0 0 0 0 0 0 203 203 
9606.ENSP00000428205 9606.ENSP00000293825 0 0 0 0 0 0 286 286 
9606.ENSP00000428205 9606.ENSP00000322457 0 0 0 59 0 900 72 905 
9606.ENSP00000428205 9606.ENSP00000348054 0 0 0 0 0 900 0 900 
9606.ENSP00000428205 9606.ENSP00000369981 0 0 0 0 379 0 132 438 
9606.ENSP00000428205 9606.ENSP00000335074 0 0 0 0 0 0 360 360 
9606.ENSP00000428205 9606.ENSP00000361596 0 0 0 0 0 900 345 931 
9606.ENSP00000428205 9606.ENSP00000397453 0 0 0 0 67 900 50 903 
9606.ENSP00000428205 9606.ENSP00000357051 0 0 0 0 0 0 177 177 
9606.ENSP00000428205 9606.ENSP00000259939 0 0 0 0 0 900 55 901 
9606.ENSP00000428205 9606.ENSP00000379210 0 0 0 62 54 0 293 317 
9606.ENSP00000428205 9606.ENSP00000438788 0 0 0 0 0 900 213 917 
9606.ENSP00000428205 9606.ENSP00000359206 0 0 0 63 0 900 147 913 
9606.ENSP00000428205 9606.ENSP00000375711 0 0 0 0 0 0 234 234 
9606.ENSP00000428205 9606.ENSP00000296161 0 0 0 0 0 900 0 900 
9606.ENSP00000428205 9606.ENSP00000478121 0 0 0 0 0 900 47 900 
9606.ENSP00000428205 9606.ENSP00000235329 0 0 0 0 0 0 250 250 
9606.ENSP00000428205 9606.ENSP00000374455 0 0 0 63 336 0 416 605 
9606.ENSP00000428205 9606.ENSP00000303709 0 0 0 0 67 900 121 910 
9606.ENSP00000428205 9606.ENSP00000229795 0 0 0 0 0 0 303 303 
9606.ENSP00000428205 9606.ENSP00000369335 0 0 0 58 0 900 65 904 
9606.ENSP00000428205 9606.ENSP00000430237 0 0 0 62 0 900 0 902 
9606.ENSP00000428205 9606.ENSP00000245185 0 0 0 0 0 0 196 196 
9606.ENSP00000428205 9606.ENSP00000432412 0 0 0 0 0 0 171 171 
9606.ENSP00000428205 9606.ENSP00000355645 0 0 0 62 69 0 176 218 
9606.ENSP00000428205 9606.ENSP00000360116 0 0 0 0 67 900 93 907 
9606.ENSP00000428205 9606.ENSP00000463650 0 0 0 62 0 900 0 902 
9606.ENSP00000428205 9606.ENSP00000264613 0 0 0 0 0 0 245 245 
9606.ENSP00000428205 9606.ENSP00000304895 0 0 0 0 0 0 484 484 
9606.ENSP00000428205 9606.ENSP00000215574 0 0 0 63 472 900 101 949 
9606.ENSP00000428205 9606.ENSP00000428209 0 0 0 0 69 900 69 905 
9606.ENSP00000428205 9606.ENSP00000374145 0 0 0 0 0 0 260 260 
9606.ENSP00000428205 9606.ENSP00000367123 0 0 0 0 0 0 266 266 
9606.ENSP00000428205 9606.ENSP00000286918 0 0 0 62 85 900 0 906 
9606.ENSP00000428205 9606.ENSP00000262187 0 0 0 0 0 0 252 252 
9606.ENSP00000428205 9606.ENSP00000430774 0 0 0 57 147 0 54 172 
9606.ENSP00000428205 9606.ENSP00000324856 0 0 0 78 0 0 122 156 
9606.ENSP00000428205 9606.ENSP00000264389 0 0 0 0 69 900 0 902 
9606.ENSP00000428205 9606.ENSP00000271555 0 0 0 0 0 0 194 194 
9606.ENSP00000428205 9606.ENSP00000485452 0 0 0 0 0 0 224 224 
9606.ENSP00000428205 9606.ENSP00000278836 0 0 0 0 0 0 228 228 
9606.ENSP00000428205 9606.ENSP00000340874 0 0 0 0 0 0 216 216 
9606.ENSP00000428205 9606.ENSP00000320893 0 0 0 0 85 900 0 904 
9606.ENSP00000428205 9606.ENSP00000328059 0 0 0 62 0 900 64 904 
9606.ENSP00000428205 9606.ENSP00000355995 0 0 0 0 0 0 265 265 
9606.ENSP00000428205 9606.ENSP00000433560 0 0 0 91 0 0 240 280 
9606.ENSP00000428205 9606.ENSP00000414359 0 0 0 0 0 0 368 368 
9606.ENSP00000428205 9606.ENSP00000481249 0 0 0 0 0 900 67 902 
9606.ENSP00000428205 9606.ENSP00000355827 0 0 0 0 0 0 545 545 
9606.ENSP00000428205 9606.ENSP00000354558 0 0 0 0 0 0 645 645 
9606.ENSP00000428205 9606.ENSP00000401678 0 0 0 61 299 0 166 403 
9606.ENSP00000428205 9606.ENSP00000005178 0 0 0 84 0 0 451 476 
9606.ENSP00000428205 9606.ENSP00000323879 0 0 0 0 0 900 162 912 
9606.ENSP00000428205 9606.ENSP00000441543 0 0 0 0 0 900 189 915 
9606.ENSP00000428205 9606.ENSP00000359149 0 0 0 0 0 900 96 905 
9606.ENSP00000428205 9606.ENSP00000407586 0 0 0 0 0 0 185 185 
9606.ENSP00000428205 9606.ENSP00000310686 0 0 0 62 0 900 120 910 
9606.ENSP00000428205 9606.ENSP00000411250 0 0 0 49 0 0 244 251 
9606.ENSP00000428205 9606.ENSP00000384330 0 0 0 0 69 0 489 504 
9606.ENSP00000428205 9606.ENSP00000408292 0 0 0 0 0 900 498 947 
9606.ENSP00000428205 9606.ENSP00000395012 0 0 0 63 0 0 293 309 
9606.ENSP00000428205 9606.ENSP00000370527 0 0 0 0 0 0 187 187 
9606.ENSP00000428205 9606.ENSP00000356529 0 0 0 49 0 0 209 216 
9606.ENSP00000428205 9606.ENSP00000292211 0 0 0 0 0 900 120 908 
9606.ENSP00000428205 9606.ENSP00000265340 0 0 0 0 0 0 205 205 
9606.ENSP00000428205 9606.ENSP00000164227 0 0 0 0 85 0 217 252 
9606.ENSP00000428205 9606.ENSP00000382800 0 0 0 0 0 0 176 176 
9606.ENSP00000428205 9606.ENSP00000338348 0 0 0 0 0 900 162 912 
9606.ENSP00000428205 9606.ENSP00000273480 0 0 0 0 0 900 46 900 
9606.ENSP00000428205 9606.ENSP00000281456 0 0 0 0 0 0 159 159 
9606.ENSP00000428205 9606.ENSP00000328187 0 0 0 0 0 900 714 970 
9606.ENSP00000428205 9606.ENSP00000080059 0 0 0 0 180 0 70 204 
9606.ENSP00000428205 9606.ENSP00000310832 0 0 0 66 0 0 137 159 
9606.ENSP00000428205 9606.ENSP00000415106 0 0 0 0 0 540 0 540 
9606.ENSP00000428205 9606.ENSP00000388806 0 0 0 0 69 0 161 185 
9606.ENSP00000428205 9606.ENSP00000262113 0 0 0 0 0 0 182 182 
9606.ENSP00000428205 9606.ENSP00000416255 0 0 0 62 0 0 226 242 
9606.ENSP00000428205 9606.ENSP00000300659 0 0 0 0 0 0 219 219 
9606.ENSP00000428205 9606.ENSP00000263253 0 0 0 67 0 0 220 241 
9606.ENSP00000428205 9606.ENSP00000378323 0 0 0 0 0 0 222 222 
9606.ENSP00000428205 9606.ENSP00000346437 0 0 0 0 0 900 396 937 
9606.ENSP00000428205 9606.ENSP00000310332 0 0 0 0 0 0 193 193 
9606.ENSP00000428205 9606.ENSP00000244426 0 0 0 0 0 900 353 932 
9606.ENSP00000428205 9606.ENSP00000371000 0 0 0 62 0 900 0 902 
9606.ENSP00000428205 9606.ENSP00000278980 0 0 0 0 0 900 0 900 
9606.ENSP00000428205 9606.ENSP00000420465 0 0 0 0 0 900 0 900 
9606.ENSP00000428205 9606.ENSP00000355231 0 0 0 0 0 0 496 496 
9606.ENSP00000428205 9606.ENSP00000450540 0 0 0 65 0 0 224 244 
9606.ENSP00000428205 9606.ENSP00000373696 0 0 0 99 0 900 186 920 
9606.ENSP00000428205 9606.ENSP00000385216 0 0 0 0 0 0 254 254 
9606.ENSP00000428205 9606.ENSP00000393154 0 0 0 55 0 900 186 916 
9606.ENSP00000428205 9606.ENSP00000347834 0 0 0 62 0 900 186 916 
9606.ENSP00000428205 9606.ENSP00000363390 0 0 0 63 0 900 925 992 
9606.ENSP00000428205 9606.ENSP00000361540 0 0 0 0 0 900 49 900 
9606.ENSP00000428205 9606.ENSP00000268717 0 0 0 0 0 900 0 900 
9606.ENSP00000428205 9606.ENSP00000264028 0 0 0 0 0 0 181 181 
9606.ENSP00000428205 9606.ENSP00000278616 0 0 0 78 0 0 222 252 
9606.ENSP00000428205 9606.ENSP00000364976 0 0 0 0 0 540 0 540 
9606.ENSP00000428205 9606.ENSP00000258200 0 0 0 0 0 900 0 900 
9606.ENSP00000428205 9606.ENSP00000377001 0 0 0 0 0 540 0 540 
9606.ENSP00000428205 9606.ENSP00000325527 0 0 0 0 0 0 152 152 
9606.ENSP00000428205 9606.ENSP00000446252 0 0 0 0 0 0 252 252 
9606.ENSP00000428205 9606.ENSP00000290341 0 0 0 0 348 0 170 436 
9606.ENSP00000428205 9606.ENSP00000358072 0 0 0 0 0 0 347 347 
9606.ENSP00000428205 9606.ENSP00000304169 0 0 0 0 0 0 204 204 
9606.ENSP00000428205 9606.ENSP00000432786 0 0 0 63 107 0 67 151 
9606.ENSP00000428205 9606.ENSP00000256474 0 0 0 0 0 900 52 901 
9606.ENSP00000428205 9606.ENSP00000483764 0 0 0 0 0 0 186 186 
9606.ENSP00000428205 9606.ENSP00000329418 0 0 0 61 0 900 83 906 
9606.ENSP00000428205 9606.ENSP00000264198 0 0 0 0 0 0 365 365 
9606.ENSP00000428205 9606.ENSP00000279022 0 0 0 0 0 0 266 266 
9606.ENSP00000428205 9606.ENSP00000450385 0 0 0 0 64 0 265 282 
9606.ENSP00000428205 9606.ENSP00000296782 0 0 0 0 0 0 213 213 
9606.ENSP00000428205 9606.ENSP00000264709 0 0 0 0 0 0 191 191 
9606.ENSP00000428205 9606.ENSP00000385721 0 0 0 0 0 0 171 171 
9606.ENSP00000428205 9606.ENSP00000302579 0 0 0 0 0 0 217 217 
9606.ENSP00000428205 9606.ENSP00000328327 0 0 0 55 77 900 0 905 
9606.ENSP00000428205 9606.ENSP00000264607 0 0 0 0 85 900 0 904 
9606.ENSP00000428205 9606.ENSP00000368880 0 0 0 0 0 0 745 745 
9606.ENSP00000428205 9606.ENSP00000296438 0 0 0 0 0 900 48 900 
9606.ENSP00000428205 9606.ENSP00000306866 0 0 0 63 0 0 304 320 
9606.ENSP00000428205 9606.ENSP00000256458 0 0 0 0 185 0 0 185 
9606.ENSP00000428205 9606.ENSP00000397655 0 0 0 0 85 900 0 904 
9606.ENSP00000428205 9606.ENSP00000485342 0 0 0 62 0 0 154 172 
9606.ENSP00000428205 9606.ENSP00000292401 0 0 0 0 0 0 175 175 
9606.ENSP00000428205 9606.ENSP00000260983 0 0 0 0 0 900 0 900 
9606.ENSP00000428205 9606.ENSP00000315774 0 0 0 0 0 0 213 213 
9606.ENSP00000428205 9606.ENSP00000329794 0 0 0 61 0 0 263 278 
9606.ENSP00000428205 9606.ENSP00000223167 0 0 0 0 0 0 268 268 
9606.ENSP00000428205 9606.ENSP00000260302 0 0 0 0 0 0 190 190 
9606.ENSP00000428205 9606.ENSP00000371331 0 0 0 62 0 0 227 244 
9606.ENSP00000428205 9606.ENSP00000347055 0 0 0 61 54 0 295 319 
9606.ENSP00000428205 9606.ENSP00000383199 0 0 0 62 0 900 69 905 
9606.ENSP00000428205 9606.ENSP00000322937 0 0 0 0 0 900 0 900 
9606.ENSP00000428205 9606.ENSP00000376945 0 0 0 62 0 900 49 903 
9606.ENSP00000428205 9606.ENSP00000451828 0 0 0 0 0 0 677 677 
9606.ENSP00000428205 9606.ENSP00000363557 0 0 0 0 0 0 266 266 
9606.ENSP00000428205 9606.ENSP00000298510 0 0 0 0 0 0 311 311 
9606.ENSP00000428205 9606.ENSP00000267935 0 0 0 0 0 900 0 900 
9606.ENSP00000428205 9606.ENSP00000319482 0 0 0 61 0 900 0 902 
9606.ENSP00000428205 9606.ENSP00000378690 0 0 0 0 50 0 150 158 
9606.ENSP00000428205 9606.ENSP00000247182 0 0 0 0 0 0 176 176 
9606.ENSP00000428205 9606.ENSP00000417706 0 0 0 0 0 900 0 900 
9606.ENSP00000428205 9606.ENSP00000365844 0 0 0 0 0 900 0 900 
9606.ENSP00000428205 9606.ENSP00000351933 0 0 0 0 0 900 88 904 
9606.ENSP00000428205 9606.ENSP00000367050 0 0 0 0 169 0 0 169 
9606.ENSP00000428205 9606.ENSP00000479921 0 0 0 62 0 0 247 263 
9606.ENSP00000428205 9606.ENSP00000433352 0 0 0 60 0 900 149 913 
9606.ENSP00000428205 9606.ENSP00000476795 0 0 0 0 0 900 58 901 
9606.ENSP00000428205 9606.ENSP00000477999 0 0 0 0 0 0 186 186 
9606.ENSP00000428205 9606.ENSP00000264990 0 0 0 0 0 0 211 211 
9606.ENSP00000428205 9606.ENSP00000264346 0 0 0 0 0 900 0 900 
9606.ENSP00000428205 9606.ENSP00000223364 0 0 0 0 0 0 241 241 
9606.ENSP00000428205 9606.ENSP00000389814 0 0 0 0 0 0 194 194 
9606.ENSP00000428205 9606.ENSP00000229239 0 0 0 0 64 0 511 522 
9606.ENSP00000428205 9606.ENSP00000307280 0 0 0 59 69 0 327 358 
9606.ENSP00000428205 9606.ENSP00000258149 0 0 0 0 0 0 198 198 
9606.ENSP00000428205 9606.ENSP00000365944 0 0 0 0 0 900 94 905 
9606.ENSP00000428205 9606.ENSP00000262306 0 0 0 0 0 900 0 900 
9606.ENSP00000428205 9606.ENSP00000421842 0 0 0 0 0 900 0 900 
9606.ENSP00000428205 9606.ENSP00000359665 0 0 0 0 0 0 250 250 
9606.ENSP00000428205 9606.ENSP00000382269 0 0 0 64 0 900 0 902 
9606.ENSP00000428205 9606.ENSP00000370421 0 0 0 49 58 0 157 178 
9606.ENSP00000428205 9606.ENSP00000328287 0 0 0 0 0 900 0 900 
9606.ENSP00000428205 9606.ENSP00000252015 0 0 0 0 0 0 287 287 
9606.ENSP00000428205 9606.ENSP00000217173 0 0 0 64 0 900 0 902 
9606.ENSP00000428205 9606.ENSP00000295756 0 0 0 0 0 0 173 173 
9606.ENSP00000428205 9606.ENSP00000394770 0 0 0 65 0 0 145 167 
9606.ENSP00000428205 9606.ENSP00000264657 0 0 0 0 0 0 266 266 
9606.ENSP00000428205 9606.ENSP00000364802 0 0 0 0 101 0 128 183 
9606.ENSP00000428205 9606.ENSP00000379011 0 0 0 61 0 0 251 267 
9606.ENSP00000428205 9606.ENSP00000434614 0 0 0 62 0 900 0 902 
9606.ENSP00000428205 9606.ENSP00000338157 0 0 0 0 0 900 0 900 
9606.ENSP00000428205 9606.ENSP00000233813 0 0 0 63 0 0 331 347 
9606.ENSP00000428205 9606.ENSP00000377047 0 0 0 0 0 0 187 187 
9606.ENSP00000428205 9606.ENSP00000258729 0 0 0 0 0 0 179 179 
9606.ENSP00000428205 9606.ENSP00000284142 0 0 0 0 0 900 0 900 
9606.ENSP00000428205 9606.ENSP00000346148 0 0 0 49 0 0 226 232 
9606.ENSP00000428205 9606.ENSP00000262554 0 0 0 0 348 0 67 365 
9606.ENSP00000428205 9606.ENSP00000255608 0 0 0 51 0 540 0 544 
9606.ENSP00000428205 9606.ENSP00000217652 0 0 0 0 0 0 252 252 
9606.ENSP00000428205 9606.ENSP00000209884 0 0 0 55 0 900 0 901 
9606.ENSP00000428205 9606.ENSP00000427514 0 0 0 0 0 0 244 244 
9606.ENSP00000428205 9606.ENSP00000478187 0 0 0 64 0 0 136 157 
9606.ENSP00000428205 9606.ENSP00000224862 0 0 0 52 0 900 172 914 
9606.ENSP00000428205 9606.ENSP00000323740 0 0 0 62 0 0 427 439 
9606.ENSP00000428205 9606.ENSP00000401197 0 0 0 63 0 0 463 475 
9606.ENSP00000428205 9606.ENSP00000349957 0 0 0 0 0 900 0 900 
9606.ENSP00000428205 9606.ENSP00000275525 0 0 0 0 0 0 181 181 
9606.ENSP00000428205 9606.ENSP00000379025 0 0 0 62 0 900 292 927 
9606.ENSP00000428205 9606.ENSP00000336800 0 0 0 0 0 900 0 900 
9606.ENSP00000428205 9606.ENSP00000430684 0 0 0 0 0 0 290 290 
9606.ENSP00000428205 9606.ENSP00000250495 0 0 0 0 0 900 138 910 
9606.ENSP00000428205 9606.ENSP00000428698 0 0 0 61 0 900 55 903 
9606.ENSP00000428205 9606.ENSP00000393183 0 0 0 61 0 900 0 902 
9606.ENSP00000428205 9606.ENSP00000483403 0 0 0 0 0 0 471 471 
9606.ENSP00000428205 9606.ENSP00000265339 0 0 0 0 67 900 372 936 
9606.ENSP00000428205 9606.ENSP00000265651 0 0 0 0 0 0 178 178 
9606.ENSP00000428205 9606.ENSP00000219476 0 0 0 0 0 0 312 312 
9606.ENSP00000428205 9606.ENSP00000254436 0 0 0 0 0 900 0 900 
9606.ENSP00000428205 9606.ENSP00000383232 0 0 0 0 0 0 173 173 
9606.ENSP00000428205 9606.ENSP00000422581 0 0 0 0 0 0 217 217 
9606.ENSP00000428205 9606.ENSP00000241051 0 0 0 0 0 0 151 151 
9606.ENSP00000428205 9606.ENSP00000450980 0 0 0 65 0 0 133 154 
9606.ENSP00000428205 9606.ENSP00000362107 0 0 0 0 0 0 581 581 
9606.ENSP00000428205 9606.ENSP00000349437 0 0 0 0 0 0 205 205 
9606.ENSP00000428205 9606.ENSP00000478490 0 0 0 0 0 0 188 188 
9606.ENSP00000428205 9606.ENSP00000310841 0 0 0 0 0 900 57 901 
9606.ENSP00000428205 9606.ENSP00000368799 0 0 0 0 0 900 0 900 
9606.ENSP00000428205 9606.ENSP00000409131 0 0 0 0 0 900 0 900 
9606.ENSP00000428205 9606.ENSP00000393453 0 0 0 0 0 0 253 253 
9606.ENSP00000428205 9606.ENSP00000221476 0 0 0 63 69 0 291 327 
9606.ENSP00000428205 9606.ENSP00000315554 0 0 0 0 0 0 233 233 
9606.ENSP00000428205 9606.ENSP00000358081 0 0 0 0 118 0 162 229 
9606.ENSP00000428205 9606.ENSP00000324105 0 0 0 62 69 0 168 209 
9606.ENSP00000428205 9606.ENSP00000402257 0 0 0 0 0 0 153 153 
9606.ENSP00000428205 9606.ENSP00000290953 0 0 0 0 0 0 245 245 
9606.ENSP00000428205 9606.ENSP00000225831 0 0 0 0 0 0 169 169 
9606.ENSP00000428205 9606.ENSP00000370984 0 0 0 0 0 900 0 900 
9606.ENSP00000428205 9606.ENSP00000375892 0 0 0 0 0 0 282 282 
9606.ENSP00000428205 9606.ENSP00000216181 0 0 0 0 54 0 355 364 
9606.ENSP00000428205 9606.ENSP00000364524 0 0 0 61 0 0 548 557 
9606.ENSP00000428205 9606.ENSP00000340691 0 0 0 0 0 0 667 667 
9606.ENSP00000428205 9606.ENSP00000364403 0 0 0 0 0 900 0 900 
9606.ENSP00000428205 9606.ENSP00000301149 0 0 0 0 0 0 168 168 
9606.ENSP00000428205 9606.ENSP00000171111 0 0 0 58 100 900 62 909 
9606.ENSP00000428205 9606.ENSP00000392678 0 0 0 0 0 0 283 283 
9606.ENSP00000428205 9606.ENSP00000385247 0 0 0 0 0 0 537 537 
9606.ENSP00000428205 9606.ENSP00000388910 0 0 0 0 0 0 150 150 
9606.ENSP00000428205 9606.ENSP00000264444 0 0 0 61 0 0 162 180 
9606.ENSP00000428205 9606.ENSP00000316176 0 0 0 0 67 900 89 907 
9606.ENSP00000428205 9606.ENSP00000420588 0 0 0 0 0 0 323 323 
9606.ENSP00000428205 9606.ENSP00000452780 0 0 0 0 0 0 174 174 
9606.ENSP00000428205 9606.ENSP00000261593 0 0 0 0 0 900 0 900 
9606.ENSP00000428205 9606.ENSP00000453177 0 0 0 0 0 900 0 900 
9606.ENSP00000428205 9606.ENSP00000312675 0 0 0 62 0 0 258 274 
9606.ENSP00000428205 9606.ENSP00000351777 0 0 0 0 69 0 167 191 
9606.ENSP00000428205 9606.ENSP00000385684 0 0 0 61 0 900 0 902 
9606.ENSP00000428205 9606.ENSP00000348769 0 0 0 61 0 900 152 913 
9606.ENSP00000428205 9606.ENSP00000237281 0 0 0 62 0 900 535 952 
9606.ENSP00000428205 9606.ENSP00000425107 0 0 0 0 0 0 390 390 
9606.ENSP00000428205 9606.ENSP00000261070 0 0 0 0 0 0 204 204 
9606.ENSP00000428205 9606.ENSP00000309757 0 0 0 0 0 0 171 171 
9606.ENSP00000428205 9606.ENSP00000408617 0 0 0 0 180 0 105 234 
9606.ENSP00000428205 9606.ENSP00000446242 0 0 0 0 348 0 42 348 
9606.ENSP00000428205 9606.ENSP00000233710 0 0 0 0 0 0 176 176 
9606.ENSP00000428205 9606.ENSP00000220764 0 0 0 0 348 0 203 458 
9606.ENSP00000428205 9606.ENSP00000372191 0 0 0 0 0 0 205 205 
9606.ENSP00000428205 9606.ENSP00000262873 0 0 0 0 54 0 440 447 
9606.ENSP00000428205 9606.ENSP00000378350 0 0 0 0 0 900 0 900 
9606.ENSP00000428205 9606.ENSP00000232165 0 0 0 0 0 900 136 909 
9606.ENSP00000428205 9606.ENSP00000449328 0 0 0 0 64 0 129 150 
9606.ENSP00000428205 9606.ENSP00000458162 0 0 0 0 61 0 163 180 
9606.ENSP00000428205 9606.ENSP00000219548 0 0 0 0 110 900 319 934 
9606.ENSP00000428205 9606.ENSP00000254301 0 0 0 0 0 0 351 351 
9606.ENSP00000428205 9606.ENSP00000305422 0 0 0 0 0 0 223 223 
9606.ENSP00000428205 9606.ENSP00000264658 0 0 0 64 0 900 225 921 
9606.ENSP00000428205 9606.ENSP00000423630 0 0 0 52 0 900 131 910 
9606.ENSP00000428205 9606.ENSP00000201979 0 0 0 0 0 0 173 173 
9606.ENSP00000428205 9606.ENSP00000267938 0 0 0 0 0 900 48 900 
9606.ENSP00000428205 9606.ENSP00000401802 0 0 0 0 0 0 150 150 
9606.ENSP00000428205 9606.ENSP00000449089 0 0 0 0 0 0 169 169 
9606.ENSP00000428205 9606.ENSP00000263025 0 0 0 0 0 0 316 316 
9606.ENSP00000428205 9606.ENSP00000248553 0 0 0 61 288 0 111 354 
9606.ENSP00000428205 9606.ENSP00000256689 0 0 0 61 0 0 257 273 
9606.ENSP00000428205 9606.ENSP00000320869 0 0 0 0 0 900 0 900 
9606.ENSP00000428205 9606.ENSP00000313034 0 0 0 0 0 900 137 910 
9606.ENSP00000428205 9606.ENSP00000363822 0 0 0 0 0 0 295 295 
9606.ENSP00000428205 9606.ENSP00000257566 0 0 0 0 64 0 228 246 
9606.ENSP00000428205 9606.ENSP00000376924 0 0 0 0 0 0 160 160 
9606.ENSP00000428205 9606.ENSP00000457411 0 0 0 0 0 0 158 158 
9606.ENSP00000428205 9606.ENSP00000272190 0 0 0 0 0 0 186 186 
9606.ENSP00000428205 9606.ENSP00000372221 0 0 0 0 379 0 64 393 
9606.ENSP00000428205 9606.ENSP00000462521 0 0 0 0 0 0 293 293 
9606.ENSP00000428205 9606.ENSP00000324560 0 0 0 0 0 0 195 195 
9606.ENSP00000428205 9606.ENSP00000356438 0 0 0 0 0 0 153 153 
9606.ENSP00000428205 9606.ENSP00000264606 0 0 0 0 180 0 409 494 
9606.ENSP00000428205 9606.ENSP00000410910 0 0 0 61 0 0 273 288 
9606.ENSP00000428205 9606.ENSP00000274255 0 0 0 0 0 900 209 917 
9606.ENSP00000428205 9606.ENSP00000287156 0 0 0 0 67 900 50 903 
9606.ENSP00000428205 9606.ENSP00000266304 0 0 0 0 0 0 169 169 
9606.ENSP00000428205 9606.ENSP00000212015 0 0 0 0 0 0 398 398 
9606.ENSP00000428205 9606.ENSP00000226798 0 0 0 62 0 0 283 299 
9606.ENSP00000428205 9606.ENSP00000338413 0 0 0 0 0 900 144 910 
9606.ENSP00000428205 9606.ENSP00000357622 0 0 0 0 0 0 286 286 
9606.ENSP00000428205 9606.ENSP00000253801 0 0 0 0 0 0 259 259 
9606.ENSP00000428205 9606.ENSP00000303148 0 0 0 0 0 0 224 224 
9606.ENSP00000428205 9606.ENSP00000367319 0 0 0 0 0 0 438 438 
9606.ENSP00000428205 9606.ENSP00000390158 0 0 0 61 0 900 50 903 
9606.ENSP00000428205 9606.ENSP00000262999 0 0 0 0 0 0 258 258 
9606.ENSP00000428205 9606.ENSP00000358283 0 0 0 0 0 900 61 902 
9606.ENSP00000428205 9606.ENSP00000228872 0 0 0 0 0 0 229 229 
9606.ENSP00000428205 9606.ENSP00000236959 0 0 0 0 0 0 392 392 
9606.ENSP00000428205 9606.ENSP00000397598 0 0 0 61 0 0 235 251 
9606.ENSP00000428205 9606.ENSP00000327145 0 0 0 63 0 0 153 172 
9606.ENSP00000428205 9606.ENSP00000478570 0 0 0 0 0 0 220 220 
9606.ENSP00000428205 9606.ENSP00000307940 0 0 0 0 69 0 348 367 
9606.ENSP00000428205 9606.ENSP00000257868 0 0 0 49 0 0 335 341 
9606.ENSP00000428205 9606.ENSP00000470298 0 0 0 0 50 0 443 448 
9606.ENSP00000428205 9606.ENSP00000264414 0 0 0 0 84 900 121 912 
9606.ENSP00000428205 9606.ENSP00000370473 0 0 0 64 0 0 298 315 
9606.ENSP00000428205 9606.ENSP00000379242 0 0 0 62 0 0 227 243 
9606.ENSP00000428205 9606.ENSP00000345672 0 0 0 0 0 0 410 410 
9606.ENSP00000428205 9606.ENSP00000203630 0 0 0 0 234 0 0 234 
9606.ENSP00000428205 9606.ENSP00000217426 0 0 0 0 0 0 163 163 
9606.ENSP00000428205 9606.ENSP00000298355 0 0 0 0 0 900 0 900 
9606.ENSP00000428205 9606.ENSP00000354340 0 0 0 0 0 900 69 903 
9606.ENSP00000428205 9606.ENSP00000388107 0 0 0 0 64 900 0 902 
9606.ENSP00000428205 9606.ENSP00000425561 0 0 0 0 0 0 414 414 
9606.ENSP00000428205 9606.ENSP00000284637 0 0 0 52 0 900 0 901 
9606.ENSP00000428205 9606.ENSP00000386788 0 0 0 0 67 900 77 906 
9606.ENSP00000428205 9606.ENSP00000331636 0 0 0 0 0 0 538 538 
9606.ENSP00000428205 9606.ENSP00000417601 0 0 0 64 0 900 167 915 
9606.ENSP00000428205 9606.ENSP00000379531 0 0 0 0 0 0 170 170 
9606.ENSP00000428205 9606.ENSP00000424827 0 0 0 61 0 900 429 941 
9606.ENSP00000428205 9606.ENSP00000292853 0 0 0 0 0 900 44 900 
9606.ENSP00000428205 9606.ENSP00000484601 0 0 0 64 0 0 135 155 
9606.ENSP00000428205 9606.ENSP00000376337 0 0 0 61 0 900 0 902 
9606.ENSP00000428205 9606.ENSP00000344456 0 0 0 0 53 0 185 195 
9606.ENSP00000428205 9606.ENSP00000364649 0 0 0 0 0 0 151 151 
9606.ENSP00000428205 9606.ENSP00000376793 0 0 0 0 0 0 224 224 
9606.ENSP00000428205 9606.ENSP00000312029 0 0 0 61 0 0 255 270 
9606.ENSP00000428205 9606.ENSP00000484342 0 0 0 62 0 0 392 405 
9606.ENSP00000428205 9606.ENSP00000479618 0 0 0 61 0 0 222 238 
9606.ENSP00000428205 9606.ENSP00000267484 0 0 0 0 195 0 63 213 
9606.ENSP00000428205 9606.ENSP00000299259 0 0 0 0 0 900 0 900 
9606.ENSP00000428205 9606.ENSP00000262435 0 0 0 50 0 900 60 902 
9606.ENSP00000428205 9606.ENSP00000262903 0 0 0 0 77 900 101 909 
9606.ENSP00000428205 9606.ENSP00000355195 0 0 0 62 85 900 303 932 
9606.ENSP00000428205 9606.ENSP00000464317 0 0 0 0 69 0 473 488 
9606.ENSP00000428205 9606.ENSP00000478783 0 0 0 0 0 900 0 900 
9606.ENSP00000428205 9606.ENSP00000394331 0 0 0 0 0 900 0 900 
9606.ENSP00000428205 9606.ENSP00000255381 0 0 0 55 69 0 577 595 
9606.ENSP00000428205 9606.ENSP00000385675 0 0 0 0 0 0 485 485 
9606.ENSP00000428205 9606.ENSP00000340596 0 0 0 0 0 900 116 907 
9606.ENSP00000428205 9606.ENSP00000368314 0 0 0 0 0 0 205 205 
9606.ENSP00000428205 9606.ENSP00000353590 0 0 0 0 54 0 426 433 
9606.ENSP00000428205 9606.ENSP00000419199 0 0 0 62 85 900 0 906 
9606.ENSP00000428205 9606.ENSP00000362649 0 0 0 0 124 0 122 198 
9606.ENSP00000428205 9606.ENSP00000431813 0 0 0 62 0 0 248 264 
9606.ENSP00000428205 9606.ENSP00000295704 0 0 0 87 0 900 74 908 
9606.ENSP00000428205 9606.ENSP00000167106 0 0 0 0 0 0 166 166 
9606.ENSP00000428205 9606.ENSP00000480291 0 0 0 0 0 0 173 173 
9606.ENSP00000428205 9606.ENSP00000358762 0 0 0 0 0 900 0 900 
9606.ENSP00000428205 9606.ENSP00000428338 0 0 0 0 0 900 56 901 
9606.ENSP00000428205 9606.ENSP00000306163 0 0 0 61 85 0 220 271 
9606.ENSP00000428205 9606.ENSP00000292363 0 0 0 62 0 900 74 905 
9606.ENSP00000428205 9606.ENSP00000253382 0 0 0 0 0 0 173 173 
9606.ENSP00000428205 9606.ENSP00000386134 0 0 0 64 0 0 270 287 
9606.ENSP00000428205 9606.ENSP00000268379 0 0 0 0 0 0 313 313 
9606.ENSP00000428205 9606.ENSP00000307298 0 0 0 62 77 900 0 905 
9606.ENSP00000428205 9606.ENSP00000411355 0 0 0 0 0 0 234 234 
9606.ENSP00000428205 9606.ENSP00000360821 0 0 0 0 0 900 0 900 
9606.ENSP00000428205 9606.ENSP00000309198 0 0 0 55 0 900 74 904 
9606.ENSP00000428205 9606.ENSP00000355028 0 0 0 62 0 900 0 902 
9606.ENSP00000428205 9606.ENSP00000246657 0 0 0 0 0 0 250 250 
9606.ENSP00000428205 9606.ENSP00000387362 0 0 0 90 0 900 103 911 
9606.ENSP00000428205 9606.ENSP00000351742 0 0 0 0 0 0 156 156 
9606.ENSP00000428205 9606.ENSP00000269886 0 0 0 0 379 0 97 415 
9606.ENSP00000428205 9606.ENSP00000359942 0 0 0 0 0 0 192 192 
9606.ENSP00000428205 9606.ENSP00000320171 0 0 0 0 69 0 161 186 
9606.ENSP00000428205 9606.ENSP00000347836 0 0 0 61 0 900 188 917 
9606.ENSP00000428205 9606.ENSP00000268184 0 0 0 0 0 0 371 371 
9606.ENSP00000428205 9606.ENSP00000366886 0 0 0 62 0 900 0 902 
9606.ENSP00000428205 9606.ENSP00000346389 0 0 0 0 0 0 231 231 
9606.ENSP00000428205 9606.ENSP00000333266 0 0 0 0 0 900 55 901 
9606.ENSP00000428205 9606.ENSP00000333376 0 0 0 61 0 0 251 266 
9606.ENSP00000428205 9606.ENSP00000284770 0 0 0 0 50 0 144 152 
9606.ENSP00000428205 9606.ENSP00000323913 0 0 0 62 0 0 328 343 
9606.ENSP00000428205 9606.ENSP00000281938 0 0 0 63 207 0 155 317 
9606.ENSP00000428205 9606.ENSP00000384517 0 0 0 0 0 0 175 175 
9606.ENSP00000428205 9606.ENSP00000401980 0 0 0 0 347 0 0 347 
9606.ENSP00000428205 9606.ENSP00000341551 0 0 0 0 0 0 265 265 
9606.ENSP00000428205 9606.ENSP00000298288 0 0 0 0 0 900 0 900 
9606.ENSP00000428205 9606.ENSP00000468348 0 0 0 0 157 0 166 266 
9606.ENSP00000428205 9606.ENSP00000378877 0 0 0 0 0 0 228 228 
9606.ENSP00000428205 9606.ENSP00000274458 0 0 0 0 0 900 0 900 
9606.ENSP00000428205 9606.ENSP00000260950 0 0 0 61 0 0 841 844 
9606.ENSP00000428205 9606.ENSP00000314608 0 0 0 0 0 900 0 900 
9606.ENSP00000428205 9606.ENSP00000233809 0 0 0 0 0 0 272 272 
9606.ENSP00000428205 9606.ENSP00000476960 0 0 0 0 0 0 169 169 
9606.ENSP00000428205 9606.ENSP00000268607 0 0 0 62 0 0 577 586 
9606.ENSP00000428205 9606.ENSP00000320147 0 0 0 63 0 0 250 267 
9606.ENSP00000428205 9606.ENSP00000457513 0 0 0 0 0 0 250 250 
9606.ENSP00000428205 9606.ENSP00000442795 0 0 0 0 379 0 139 442 
9606.ENSP00000428205 9606.ENSP00000391137 0 0 0 63 85 900 0 906 
9606.ENSP00000428205 9606.ENSP00000253023 0 0 0 0 0 900 48 900 
9606.ENSP00000428205 9606.ENSP00000387250 0 0 0 0 0 0 193 193 
9606.ENSP00000428205 9606.ENSP00000349689 0 0 0 0 0 0 240 240 
9606.ENSP00000428205 9606.ENSP00000324248 0 0 0 0 0 0 250 250 
9606.ENSP00000428205 9606.ENSP00000241256 0 0 0 0 0 0 288 288 
9606.ENSP00000428205 9606.ENSP00000252996 0 0 0 64 0 0 292 308 
9606.ENSP00000428205 9606.ENSP00000449535 0 0 0 0 0 0 535 535 
9606.ENSP00000428205 9606.ENSP00000363019 0 0 0 61 67 900 157 916 
9606.ENSP00000428205 9606.ENSP00000321388 0 0 0 61 85 900 0 906 
9606.ENSP00000428205 9606.ENSP00000376258 0 0 0 0 0 900 0 900 
9606.ENSP00000428205 9606.ENSP00000330509 0 0 0 0 0 0 278 278 
9606.ENSP00000428205 9606.ENSP00000266557 0 0 0 0 0 0 256 256 
9606.ENSP00000428205 9606.ENSP00000270142 0 0 0 0 69 0 287 307 
9606.ENSP00000428205 9606.ENSP00000410157 0 0 0 0 0 540 0 540 
9606.ENSP00000428205 9606.ENSP00000344866 0 0 0 0 0 900 159 912 
9606.ENSP00000428205 9606.ENSP00000262177 0 0 0 0 294 0 92 332 
9606.ENSP00000428205 9606.ENSP00000391397 0 0 0 0 0 0 161 161 
9606.ENSP00000428205 9606.ENSP00000290378 0 0 0 52 59 0 142 168 
9606.ENSP00000428205 9606.ENSP00000381298 0 0 0 0 0 900 58 901 
9606.ENSP00000428205 9606.ENSP00000360998 0 0 0 0 85 0 297 330 
9606.ENSP00000428205 9606.ENSP00000406162 0 0 0 0 0 0 254 254 
9606.ENSP00000428205 9606.ENSP00000402644 0 0 0 62 0 0 227 243 
9606.ENSP00000428205 9606.ENSP00000321239 0 0 0 0 0 900 128 909 
9606.ENSP00000428205 9606.ENSP00000240328 0 0 0 0 64 0 131 151 
9606.ENSP00000428205 9606.ENSP00000325239 0 0 0 0 69 0 266 287 
9606.ENSP00000428205 9606.ENSP00000223136 0 0 0 0 0 0 224 224 
9606.ENSP00000428205 9606.ENSP00000363377 0 0 0 64 0 0 562 572 
9606.ENSP00000428205 9606.ENSP00000211998 0 0 0 0 69 0 145 170 
9606.ENSP00000428205 9606.ENSP00000357625 0 0 0 62 0 0 633 641 
9606.ENSP00000428205 9606.ENSP00000348632 0 0 0 0 0 900 55 901 
9606.ENSP00000428205 9606.ENSP00000333298 0 0 0 0 348 0 64 363 
9606.ENSP00000428205 9606.ENSP00000266087 0 0 0 0 0 900 106 906 
9606.ENSP00000428205 9606.ENSP00000379762 0 0 0 60 0 0 193 209 
9606.ENSP00000428205 9606.ENSP00000360762 0 0 0 62 85 0 205 258 
9606.ENSP00000428205 9606.ENSP00000349156 0 0 0 59 0 900 42 901 
9606.ENSP00000428205 9606.ENSP00000384823 0 0 0 61 0 900 169 915 
9606.ENSP00000428205 9606.ENSP00000321679 0 0 0 62 85 0 258 308 
9606.ENSP00000428205 9606.ENSP00000299855 0 0 0 0 0 0 191 191 
9606.ENSP00000428205 9606.ENSP00000377148 0 0 0 0 347 0 0 347 
9606.ENSP00000428205 9606.ENSP00000376800 0 0 0 0 77 0 132 165 
9606.ENSP00000428205 9606.ENSP00000215832 0 0 0 0 0 0 194 194 
9606.ENSP00000428205 9606.ENSP00000438115 0 0 0 0 0 900 0 900 
9606.ENSP00000428205 9606.ENSP00000330032 0 0 0 62 0 0 137 155 
9606.ENSP00000428205 9606.ENSP00000363787 0 0 0 0 0 0 677 677 
9606.ENSP00000428205 9606.ENSP00000361721 0 0 0 61 0 0 155 173 
9606.ENSP00000428205 9606.ENSP00000338235 0 0 0 0 0 0 369 369 
9606.ENSP00000428205 9606.ENSP00000357057 0 0 0 0 0 0 270 270 
9606.ENSP00000428205 9606.ENSP00000295055 0 0 0 63 0 0 542 552 
9606.ENSP00000428205 9606.ENSP00000378028 0 0 0 0 0 900 0 900 
9606.ENSP00000428205 9606.ENSP00000321386 0 0 0 52 0 540 50 549 
9606.ENSP00000428205 9606.ENSP00000245503 0 0 0 0 50 0 599 603 
9606.ENSP00000428205 9606.ENSP00000360538 0 0 0 0 0 0 233 233 
9606.ENSP00000428205 9606.ENSP00000357076 0 0 0 0 0 0 226 226 
9606.ENSP00000428205 9606.ENSP00000314004 0 0 0 0 0 900 0 900 
9606.ENSP00000428205 9606.ENSP00000430955 0 0 0 0 0 0 171 171 
9606.ENSP00000428205 9606.ENSP00000368686 0 0 0 67 0 0 136 159 
9606.ENSP00000428205 9606.ENSP00000361107 0 0 0 0 0 0 172 172 
9606.ENSP00000428205 9606.ENSP00000284669 0 0 0 62 0 900 174 915 
9606.ENSP00000428205 9606.ENSP00000354488 0 0 0 62 0 0 219 236 
9606.ENSP00000428205 9606.ENSP00000339004 0 0 0 0 0 0 558 558 
9606.ENSP00000428205 9606.ENSP00000287820 0 0 0 0 0 0 256 256 
9606.ENSP00000428205 9606.ENSP00000262039 0 0 0 0 0 0 341 341 
9606.ENSP00000428205 9606.ENSP00000312652 0 0 0 0 0 0 223 223 
9606.ENSP00000428205 9606.ENSP00000401907 0 0 0 0 0 0 342 342 
9606.ENSP00000428205 9606.ENSP00000386881 0 0 0 61 0 0 225 241 
9606.ENSP00000428205 9606.ENSP00000301712 0 0 0 0 0 900 0 900 
9606.ENSP00000428205 9606.ENSP00000290650 0 0 0 52 0 900 259 923 
9606.ENSP00000428205 9606.ENSP00000337510 0 0 0 63 0 900 461 945 
9606.ENSP00000428205 9606.ENSP00000456340 0 0 0 0 0 900 0 900 
9606.ENSP00000428205 9606.ENSP00000444856 0 0 0 0 80 900 47 904 
9606.ENSP00000428205 9606.ENSP00000223321 0 0 0 0 0 0 251 251 
9606.ENSP00000428205 9606.ENSP00000417914 0 0 0 61 85 900 234 925 
9606.ENSP00000428205 9606.ENSP00000292852 0 0 0 0 0 900 44 900 
9606.ENSP00000428205 9606.ENSP00000334872 0 0 0 0 0 0 150 150 
9606.ENSP00000428205 9606.ENSP00000326737 0 0 0 0 0 0 388 388 
9606.ENSP00000428205 9606.ENSP00000264552 0 0 0 0 67 900 483 947 
9606.ENSP00000428205 9606.ENSP00000307305 0 0 0 0 0 0 543 543 
9606.ENSP00000428205 9606.ENSP00000261427 0 0 0 0 67 900 355 934 
9606.ENSP00000428205 9606.ENSP00000239926 0 0 0 61 0 0 257 272 
9606.ENSP00000428205 9606.ENSP00000290921 0 0 0 0 348 0 425 610 
9606.ENSP00000428205 9606.ENSP00000451261 0 0 0 0 67 900 158 914 
9606.ENSP00000428205 9606.ENSP00000290866 0 0 0 0 0 0 150 150 
9606.ENSP00000428205 9606.ENSP00000252809 0 0 0 0 0 0 169 169 
9606.ENSP00000428205 9606.ENSP00000419851 0 0 0 0 347 0 0 347 
9606.ENSP00000428205 9606.ENSP00000396320 0 0 0 62 0 0 166 184 
9606.ENSP00000428205 9606.ENSP00000258385 0 0 0 62 0 0 139 158 
9606.ENSP00000428205 9606.ENSP00000305714 0 0 0 0 0 0 348 348 
9606.ENSP00000428205 9606.ENSP00000408411 0 0 0 0 0 0 224 224 
9606.ENSP00000428205 9606.ENSP00000379931 0 0 0 0 67 900 66 905 
9606.ENSP00000428205 9606.ENSP00000380256 0 0 0 0 0 900 167 913 
9606.ENSP00000428205 9606.ENSP00000298097 0 0 0 55 0 0 265 276 
9606.ENSP00000428205 9606.ENSP00000357315 0 0 0 63 0 0 156 175 
9606.ENSP00000428205 9606.ENSP00000231487 0 0 0 57 472 900 436 968 
9606.ENSP00000428205 9606.ENSP00000384545 0 0 0 61 0 540 0 549 
9606.ENSP00000428205 9606.ENSP00000330694 0 0 0 0 0 0 222 222 
9606.ENSP00000428205 9606.ENSP00000411152 0 0 0 0 0 0 368 368 
9606.ENSP00000428205 9606.ENSP00000330587 0 0 0 0 0 0 151 151 
9606.ENSP00000428205 9606.ENSP00000261721 0 0 0 51 0 900 0 901 
9606.ENSP00000428205 9606.ENSP00000420617 0 0 0 0 0 0 186 186 
9606.ENSP00000428205 9606.ENSP00000316786 0 0 0 0 0 0 303 303 
9606.ENSP00000428205 9606.ENSP00000262370 0 0 0 0 0 900 72 903 
9606.ENSP00000428205 9606.ENSP00000311083 0 0 0 0 0 540 42 540 
