9606.ENSP00000286201 9606.ENSP00000310928 0 0 0 0 44 0 307 309 
9606.ENSP00000286201 9606.ENSP00000340292 0 0 0 47 64 0 171 195 
9606.ENSP00000286201 9606.ENSP00000216180 0 0 0 0 0 0 204 204 
9606.ENSP00000286201 9606.ENSP00000418915 0 0 0 0 57 0 196 209 
9606.ENSP00000286201 9606.ENSP00000360266 0 0 0 0 185 0 330 430 
9606.ENSP00000286201 9606.ENSP00000260402 0 0 0 0 157 0 91 201 
9606.ENSP00000286201 9606.ENSP00000346667 0 0 0 0 161 0 57 174 
9606.ENSP00000286201 9606.ENSP00000481824 0 0 0 78 0 0 122 156 
9606.ENSP00000286201 9606.ENSP00000263640 0 0 0 62 106 0 129 205 
9606.ENSP00000286201 9606.ENSP00000358807 0 0 0 0 156 0 0 156 
9606.ENSP00000286201 9606.ENSP00000379862 0 0 0 0 195 0 56 207 
9606.ENSP00000286201 9606.ENSP00000361943 0 0 0 0 0 0 222 222 
9606.ENSP00000286201 9606.ENSP00000396722 0 0 0 97 0 0 108 160 
9606.ENSP00000286201 9606.ENSP00000380044 0 0 0 52 163 0 122 242 
9606.ENSP00000286201 9606.ENSP00000310170 0 0 0 61 81 0 360 399 
9606.ENSP00000286201 9606.ENSP00000478721 0 0 0 79 261 0 605 707 
9606.ENSP00000286201 9606.ENSP00000485659 0 0 0 0 195 0 0 195 
9606.ENSP00000286201 9606.ENSP00000362479 0 0 0 0 161 0 42 161 
9606.ENSP00000286201 9606.ENSP00000261349 0 0 0 76 315 800 682 954 
9606.ENSP00000286201 9606.ENSP00000437256 0 0 0 61 0 0 142 160 
9606.ENSP00000286201 9606.ENSP00000379138 0 0 0 65 0 0 166 187 
9606.ENSP00000286201 9606.ENSP00000404464 0 0 0 0 84 0 127 166 
9606.ENSP00000286201 9606.ENSP00000324532 0 0 0 0 168 0 47 173 
9606.ENSP00000286201 9606.ENSP00000309606 0 0 0 0 76 0 164 195 
9606.ENSP00000286201 9606.ENSP00000350704 0 0 0 0 0 0 231 231 
9606.ENSP00000286201 9606.ENSP00000265094 0 0 0 62 124 0 283 359 
9606.ENSP00000286201 9606.ENSP00000252818 0 0 0 0 185 0 56 198 
9606.ENSP00000286201 9606.ENSP00000424571 0 0 0 88 86 0 79 166 
9606.ENSP00000286201 9606.ENSP00000281043 0 0 0 76 0 0 146 177 
9606.ENSP00000286201 9606.ENSP00000319254 0 0 0 0 151 0 301 381 
9606.ENSP00000286201 9606.ENSP00000433999 0 0 0 61 0 0 164 182 
9606.ENSP00000286201 9606.ENSP00000378974 0 0 0 63 157 0 425 506 
9606.ENSP00000286201 9606.ENSP00000381098 0 0 0 0 168 0 162 273 
9606.ENSP00000286201 9606.ENSP00000355718 0 0 0 63 64 0 168 206 
9606.ENSP00000286201 9606.ENSP00000364860 0 0 0 109 190 900 449 954 
9606.ENSP00000286201 9606.ENSP00000430733 0 0 0 0 133 0 67 156 
9606.ENSP00000286201 9606.ENSP00000298743 0 0 0 98 0 0 99 152 
9606.ENSP00000286201 9606.ENSP00000253778 0 0 0 157 0 0 0 157 
9606.ENSP00000286201 9606.ENSP00000257430 0 0 0 62 0 0 331 346 
9606.ENSP00000286201 9606.ENSP00000383118 0 0 0 53 80 0 269 308 
9606.ENSP00000286201 9606.ENSP00000164024 0 0 0 61 161 0 300 400 
9606.ENSP00000286201 9606.ENSP00000391826 0 0 0 65 0 0 151 172 
9606.ENSP00000286201 9606.ENSP00000330862 0 0 0 63 0 0 322 337 
9606.ENSP00000286201 9606.ENSP00000480132 0 0 0 63 0 0 149 169 
9606.ENSP00000286201 9606.ENSP00000262613 0 0 0 0 80 0 156 191 
9606.ENSP00000286201 9606.ENSP00000363571 0 0 0 63 190 0 265 393 
9606.ENSP00000286201 9606.ENSP00000368332 0 0 0 0 156 0 0 156 
9606.ENSP00000286201 9606.ENSP00000332744 0 0 0 0 156 0 0 156 
9606.ENSP00000286201 9606.ENSP00000347684 0 0 0 0 156 0 0 156 
9606.ENSP00000286201 9606.ENSP00000173229 0 0 0 81 50 0 133 177 
9606.ENSP00000286201 9606.ENSP00000410715 0 0 0 0 0 600 166 652 
9606.ENSP00000286201 9606.ENSP00000385571 0 0 0 0 148 0 58 163 
9606.ENSP00000286201 9606.ENSP00000443824 0 0 0 65 389 0 359 602 
9606.ENSP00000286201 9606.ENSP00000271332 0 0 0 88 161 0 308 424 
9606.ENSP00000286201 9606.ENSP00000301825 0 0 0 0 0 0 153 153 
9606.ENSP00000286201 9606.ENSP00000410294 0 0 0 81 0 0 188 223 
9606.ENSP00000286201 9606.ENSP00000295113 0 0 0 77 0 0 172 203 
9606.ENSP00000286201 9606.ENSP00000262494 0 0 0 56 260 600 221 753 
9606.ENSP00000286201 9606.ENSP00000368544 0 0 0 0 195 0 0 195 
9606.ENSP00000286201 9606.ENSP00000295797 0 0 0 65 163 0 108 240 
9606.ENSP00000286201 9606.ENSP00000363254 0 0 0 0 156 0 0 156 
9606.ENSP00000286201 9606.ENSP00000328596 0 0 0 126 0 0 243 310 
9606.ENSP00000286201 9606.ENSP00000366488 0 0 0 0 84 0 114 154 
9606.ENSP00000286201 9606.ENSP00000352925 0 0 0 0 0 0 167 167 
9606.ENSP00000286201 9606.ENSP00000287538 0 0 0 117 76 0 129 227 
9606.ENSP00000286201 9606.ENSP00000261978 0 0 0 0 64 0 144 164 
9606.ENSP00000286201 9606.ENSP00000439807 0 0 0 98 131 0 83 219 
9606.ENSP00000286201 9606.ENSP00000386209 0 0 0 0 0 0 234 234 
9606.ENSP00000286201 9606.ENSP00000371770 0 0 0 0 0 0 184 184 
9606.ENSP00000286201 9606.ENSP00000235628 0 0 0 0 0 0 463 463 
9606.ENSP00000286201 9606.ENSP00000365280 0 0 0 87 0 0 149 190 
9606.ENSP00000286201 9606.ENSP00000382423 0 0 0 0 0 0 189 189 
9606.ENSP00000286201 9606.ENSP00000301831 0 0 0 0 127 0 87 168 
9606.ENSP00000286201 9606.ENSP00000366246 0 0 0 118 87 0 232 328 
9606.ENSP00000286201 9606.ENSP00000377862 0 0 0 89 129 0 159 274 
9606.ENSP00000286201 9606.ENSP00000418754 0 0 0 89 265 0 607 715 
9606.ENSP00000286201 9606.ENSP00000358335 0 0 0 0 132 0 219 293 
9606.ENSP00000286201 9606.ENSP00000343690 0 0 0 162 0 0 0 162 
9606.ENSP00000286201 9606.ENSP00000375921 0 0 0 0 50 0 250 257 
9606.ENSP00000286201 9606.ENSP00000359506 0 0 0 61 0 0 254 269 
9606.ENSP00000286201 9606.ENSP00000345772 0 0 0 120 0 0 101 175 
9606.ENSP00000286201 9606.ENSP00000180166 0 0 0 0 0 0 235 235 
9606.ENSP00000286201 9606.ENSP00000431418 0 0 0 63 190 0 168 314 
9606.ENSP00000286201 9606.ENSP00000452398 0 0 0 0 157 0 49 164 
9606.ENSP00000286201 9606.ENSP00000245479 0 0 0 88 0 0 285 320 
9606.ENSP00000286201 9606.ENSP00000304604 0 0 0 0 397 0 251 529 
9606.ENSP00000286201 9606.ENSP00000249373 0 0 0 150 0 0 150 246 
9606.ENSP00000286201 9606.ENSP00000313391 0 0 0 61 0 0 179 196 
9606.ENSP00000286201 9606.ENSP00000417610 0 0 0 96 163 0 59 226 
9606.ENSP00000286201 9606.ENSP00000276659 0 0 0 0 379 0 355 582 
9606.ENSP00000286201 9606.ENSP00000282728 0 0 0 0 0 0 278 278 
9606.ENSP00000286201 9606.ENSP00000362680 0 0 0 61 106 0 194 264 
9606.ENSP00000286201 9606.ENSP00000306245 0 0 0 0 81 0 139 175 
9606.ENSP00000286201 9606.ENSP00000337641 0 0 0 61 0 0 299 314 
9606.ENSP00000286201 9606.ENSP00000349490 0 0 0 0 0 0 339 339 
9606.ENSP00000286201 9606.ENSP00000299084 0 0 0 88 0 0 164 205 
9606.ENSP00000286201 9606.ENSP00000452120 0 0 0 92 0 0 128 174 
9606.ENSP00000286201 9606.ENSP00000362410 0 0 0 0 0 0 152 152 
9606.ENSP00000286201 9606.ENSP00000322568 0 0 0 0 0 0 168 168 
9606.ENSP00000286201 9606.ENSP00000386170 0 0 0 0 50 0 155 163 
9606.ENSP00000286201 9606.ENSP00000312999 0 0 0 56 260 0 43 273 
9606.ENSP00000286201 9606.ENSP00000404911 0 0 0 0 84 0 129 168 
9606.ENSP00000286201 9606.ENSP00000413720 0 0 0 0 0 0 152 152 
9606.ENSP00000286201 9606.ENSP00000285735 0 0 0 0 168 0 197 304 
9606.ENSP00000286201 9606.ENSP00000325526 0 0 0 61 266 900 821 986 
9606.ENSP00000286201 9606.ENSP00000231130 0 0 0 76 63 0 126 177 
9606.ENSP00000286201 9606.ENSP00000334329 0 0 0 117 0 0 95 167 
9606.ENSP00000286201 9606.ENSP00000355124 0 0 0 76 0 0 250 277 
9606.ENSP00000286201 9606.ENSP00000359520 0 0 0 0 0 0 167 167 
9606.ENSP00000286201 9606.ENSP00000387310 0 0 0 0 0 0 262 262 
9606.ENSP00000286201 9606.ENSP00000357196 0 0 0 89 64 0 125 189 
9606.ENSP00000286201 9606.ENSP00000457593 0 0 0 0 0 0 207 207 
9606.ENSP00000286201 9606.ENSP00000374240 0 0 0 0 156 0 0 156 
9606.ENSP00000286201 9606.ENSP00000027335 0 0 0 0 63 0 196 214 
9606.ENSP00000286201 9606.ENSP00000398632 0 0 0 0 0 0 356 356 
9606.ENSP00000286201 9606.ENSP00000262738 0 0 0 61 161 0 370 461 
9606.ENSP00000286201 9606.ENSP00000330878 0 0 0 61 168 0 0 185 
9606.ENSP00000286201 9606.ENSP00000345731 0 0 0 0 412 0 87 440 
9606.ENSP00000286201 9606.ENSP00000324204 0 0 0 0 0 0 163 163 
9606.ENSP00000286201 9606.ENSP00000269593 0 0 0 98 174 0 80 254 
9606.ENSP00000286201 9606.ENSP00000370542 0 0 0 96 0 0 106 157 
9606.ENSP00000286201 9606.ENSP00000379140 0 0 0 98 0 0 138 189 
9606.ENSP00000286201 9606.ENSP00000332565 0 0 0 0 0 0 483 483 
9606.ENSP00000286201 9606.ENSP00000366306 0 0 0 88 163 0 153 297 
9606.ENSP00000286201 9606.ENSP00000351022 0 0 0 88 61 0 108 169 
9606.ENSP00000286201 9606.ENSP00000290167 0 0 0 49 336 900 594 970 
9606.ENSP00000286201 9606.ENSP00000298316 0 0 0 63 64 0 115 156 
9606.ENSP00000286201 9606.ENSP00000258411 0 0 0 0 262 900 544 963 
9606.ENSP00000286201 9606.ENSP00000314806 0 0 0 0 0 0 200 200 
9606.ENSP00000286201 9606.ENSP00000340361 0 0 0 0 106 0 150 208 
9606.ENSP00000286201 9606.ENSP00000348944 0 0 0 0 0 0 418 418 
9606.ENSP00000286201 9606.ENSP00000295897 0 0 0 0 0 0 162 162 
9606.ENSP00000286201 9606.ENSP00000357292 0 0 0 0 158 0 0 158 
9606.ENSP00000286201 9606.ENSP00000204961 0 0 0 61 0 0 135 153 
9606.ENSP00000286201 9606.ENSP00000245451 0 0 0 97 0 0 323 363 
9606.ENSP00000286201 9606.ENSP00000261195 0 0 0 0 0 0 193 193 
9606.ENSP00000286201 9606.ENSP00000295600 0 0 0 0 0 0 197 197 
9606.ENSP00000286201 9606.ENSP00000356247 0 0 0 0 0 0 310 310 
9606.ENSP00000286201 9606.ENSP00000005340 0 0 0 61 265 900 705 976 
9606.ENSP00000286201 9606.ENSP00000251808 0 0 0 0 168 0 47 174 
9606.ENSP00000286201 9606.ENSP00000406229 0 0 0 146 157 0 159 343 
9606.ENSP00000286201 9606.ENSP00000256759 0 0 0 87 0 0 186 225 
9606.ENSP00000286201 9606.ENSP00000269305 0 0 0 0 0 0 284 284 
9606.ENSP00000286201 9606.ENSP00000334003 0 0 0 0 147 0 215 301 
9606.ENSP00000286201 9606.ENSP00000419124 0 0 0 0 0 0 286 286 
9606.ENSP00000286201 9606.ENSP00000361475 0 0 0 111 117 0 57 195 
9606.ENSP00000286201 9606.ENSP00000263816 0 0 0 0 187 0 91 229 
9606.ENSP00000286201 9606.ENSP00000365682 0 0 0 92 0 0 199 242 
9606.ENSP00000286201 9606.ENSP00000418721 0 0 0 76 186 0 0 215 
9606.ENSP00000286201 9606.ENSP00000305372 0 0 0 0 0 0 206 206 
9606.ENSP00000286201 9606.ENSP00000378557 0 0 0 0 128 900 446 947 
9606.ENSP00000286201 9606.ENSP00000309899 0 0 0 0 0 0 482 482 
9606.ENSP00000286201 9606.ENSP00000338185 0 0 0 0 157 0 156 258 
9606.ENSP00000286201 9606.ENSP00000382428 0 0 0 0 412 0 83 438 
9606.ENSP00000286201 9606.ENSP00000302665 0 0 0 0 0 0 173 173 
9606.ENSP00000286201 9606.ENSP00000262848 0 0 0 0 84 0 254 287 
9606.ENSP00000286201 9606.ENSP00000298910 0 0 0 0 106 0 307 354 
9606.ENSP00000286201 9606.ENSP00000346762 0 0 0 0 177 0 206 319 
9606.ENSP00000286201 9606.ENSP00000361669 0 0 0 0 157 0 49 164 
9606.ENSP00000286201 9606.ENSP00000355760 0 0 0 65 0 0 207 226 
9606.ENSP00000286201 9606.ENSP00000233969 0 0 0 0 156 0 0 156 
9606.ENSP00000286201 9606.ENSP00000360157 0 0 0 88 0 0 170 211 
9606.ENSP00000286201 9606.ENSP00000341292 0 0 0 0 161 0 57 174 
9606.ENSP00000286201 9606.ENSP00000481056 0 0 0 0 195 0 0 195 
9606.ENSP00000286201 9606.ENSP00000286548 0 0 0 58 125 600 218 707 
9606.ENSP00000286201 9606.ENSP00000295731 0 0 0 0 186 0 215 334 
9606.ENSP00000286201 9606.ENSP00000368678 0 0 0 70 0 0 311 331 
9606.ENSP00000286201 9606.ENSP00000361021 0 0 0 0 0 0 204 204 
9606.ENSP00000286201 9606.ENSP00000320935 0 0 0 0 0 0 154 154 
9606.ENSP00000286201 9606.ENSP00000275493 0 0 0 91 134 0 274 379 
9606.ENSP00000286201 9606.ENSP00000285199 0 0 0 61 160 0 0 177 
9606.ENSP00000286201 9606.ENSP00000357917 0 0 0 0 0 0 421 421 
9606.ENSP00000286201 9606.ENSP00000418112 0 0 0 104 84 0 95 192 
9606.ENSP00000286201 9606.ENSP00000289166 0 0 0 150 0 0 46 154 
9606.ENSP00000286201 9606.ENSP00000324806 0 0 0 0 126 0 297 360 
9606.ENSP00000286201 9606.ENSP00000369126 0 0 0 0 78 0 230 260 
9606.ENSP00000286201 9606.ENSP00000371532 0 0 0 0 187 0 102 239 
9606.ENSP00000286201 9606.ENSP00000249071 0 0 0 63 80 900 194 921 
9606.ENSP00000286201 9606.ENSP00000322390 0 0 0 0 0 0 262 262 
9606.ENSP00000286201 9606.ENSP00000353132 0 0 0 0 157 0 50 164 
9606.ENSP00000286201 9606.ENSP00000468367 0 0 0 57 136 0 68 174 
9606.ENSP00000286201 9606.ENSP00000379350 0 0 0 63 86 0 167 224 
9606.ENSP00000286201 9606.ENSP00000377806 0 0 0 0 84 0 130 169 
9606.ENSP00000286201 9606.ENSP00000233948 0 0 0 0 262 900 582 966 
9606.ENSP00000286201 9606.ENSP00000362613 0 0 0 0 0 0 152 152 
9606.ENSP00000286201 9606.ENSP00000378517 0 0 0 61 0 0 132 150 
9606.ENSP00000286201 9606.ENSP00000377836 0 0 0 87 163 0 252 379 
9606.ENSP00000286201 9606.ENSP00000253193 0 0 0 76 130 0 56 174 
9606.ENSP00000286201 9606.ENSP00000394794 0 0 0 88 86 0 72 159 
9606.ENSP00000286201 9606.ENSP00000367830 0 0 0 0 106 0 297 345 
9606.ENSP00000286201 9606.ENSP00000263923 0 0 0 71 0 0 149 176 
9606.ENSP00000286201 9606.ENSP00000287934 0 0 0 61 0 900 57 903 
9606.ENSP00000286201 9606.ENSP00000363921 0 0 0 70 163 0 389 482 
9606.ENSP00000286201 9606.ENSP00000379051 0 0 0 0 186 0 0 186 
9606.ENSP00000286201 9606.ENSP00000349486 0 0 0 63 0 0 155 174 
9606.ENSP00000286201 9606.ENSP00000222390 0 0 0 0 0 0 157 157 
9606.ENSP00000286201 9606.ENSP00000262150 0 0 0 0 63 0 295 311 
9606.ENSP00000286201 9606.ENSP00000355652 0 0 0 0 80 0 223 255 
9606.ENSP00000286201 9606.ENSP00000360162 0 0 0 131 0 0 66 154 
9606.ENSP00000286201 9606.ENSP00000370990 0 0 0 0 156 0 0 156 
9606.ENSP00000286201 9606.ENSP00000405327 0 0 0 88 0 0 128 171 
9606.ENSP00000286201 9606.ENSP00000454071 0 0 0 61 187 0 270 394 
9606.ENSP00000286201 9606.ENSP00000312678 0 0 0 109 85 0 59 165 
9606.ENSP00000286201 9606.ENSP00000317904 0 0 0 0 0 0 193 193 
9606.ENSP00000286201 9606.ENSP00000238558 0 0 0 57 157 0 75 200 
9606.ENSP00000286201 9606.ENSP00000269141 0 0 0 88 63 0 346 392 
9606.ENSP00000286201 9606.ENSP00000292377 0 0 0 63 87 0 243 295 
9606.ENSP00000286201 9606.ENSP00000249749 0 0 0 63 64 0 203 240 
9606.ENSP00000286201 9606.ENSP00000386717 0 0 0 0 0 0 173 173 
9606.ENSP00000286201 9606.ENSP00000443647 0 0 0 0 0 0 221 221 
9606.ENSP00000286201 9606.ENSP00000354826 0 0 0 116 0 0 84 156 
9606.ENSP00000286201 9606.ENSP00000338207 0 0 0 0 156 0 0 156 
9606.ENSP00000286201 9606.ENSP00000482378 0 0 0 61 315 0 173 421 
9606.ENSP00000286201 9606.ENSP00000222543 0 0 0 75 80 0 87 156 
9606.ENSP00000286201 9606.ENSP00000400175 0 0 0 0 168 0 378 460 
9606.ENSP00000286201 9606.ENSP00000269216 0 0 0 0 57 0 172 185 
9606.ENSP00000286201 9606.ENSP00000352121 0 0 0 0 0 0 206 206 
9606.ENSP00000286201 9606.ENSP00000385312 0 0 0 61 0 0 156 173 
9606.ENSP00000286201 9606.ENSP00000319060 0 0 0 61 0 0 325 339 
9606.ENSP00000286201 9606.ENSP00000260187 0 0 0 0 159 0 0 159 
9606.ENSP00000286201 9606.ENSP00000376306 0 0 0 88 106 0 64 170 
9606.ENSP00000286201 9606.ENSP00000223357 0 0 0 89 0 0 155 197 
9606.ENSP00000286201 9606.ENSP00000274625 0 0 0 0 0 0 183 183 
9606.ENSP00000286201 9606.ENSP00000261731 0 0 0 0 157 0 96 205 
9606.ENSP00000286201 9606.ENSP00000434676 0 0 0 0 159 0 0 159 
9606.ENSP00000286201 9606.ENSP00000219204 0 0 0 0 0 0 156 156 
9606.ENSP00000286201 9606.ENSP00000264498 0 0 0 120 0 0 242 304 
9606.ENSP00000286201 9606.ENSP00000294304 0 0 0 80 315 800 641 948 
9606.ENSP00000286201 9606.ENSP00000355180 0 0 0 158 0 0 0 158 
9606.ENSP00000286201 9606.ENSP00000294964 0 0 0 150 106 0 57 221 
9606.ENSP00000286201 9606.ENSP00000379204 0 0 0 60 0 0 217 232 
9606.ENSP00000286201 9606.ENSP00000380432 0 0 0 0 0 0 161 161 
9606.ENSP00000286201 9606.ENSP00000384192 0 0 0 0 0 0 171 171 
9606.ENSP00000286201 9606.ENSP00000353654 0 0 0 138 0 0 133 220 
9606.ENSP00000286201 9606.ENSP00000400895 0 0 0 0 195 0 0 195 
9606.ENSP00000286201 9606.ENSP00000229307 0 0 0 0 0 0 265 265 
9606.ENSP00000286201 9606.ENSP00000472109 0 0 0 142 0 0 131 222 
9606.ENSP00000286201 9606.ENSP00000357348 0 0 0 69 0 0 155 179 
9606.ENSP00000286201 9606.ENSP00000296233 0 0 0 0 76 0 155 186 
9606.ENSP00000286201 9606.ENSP00000244050 0 0 0 61 0 0 327 341 
9606.ENSP00000286201 9606.ENSP00000426653 0 0 0 0 262 900 546 963 
9606.ENSP00000286201 9606.ENSP00000332973 0 0 0 61 80 0 223 270 
9606.ENSP00000286201 9606.ENSP00000262426 0 0 0 64 0 0 192 212 
9606.ENSP00000286201 9606.ENSP00000293549 0 0 0 0 303 900 650 973 
9606.ENSP00000286201 9606.ENSP00000362734 0 0 0 61 130 0 94 195 
9606.ENSP00000286201 9606.ENSP00000303315 0 0 0 0 185 0 0 185 
9606.ENSP00000286201 9606.ENSP00000436812 0 0 0 0 195 0 0 195 
9606.ENSP00000286201 9606.ENSP00000290759 0 0 0 0 156 0 0 156 
9606.ENSP00000286201 9606.ENSP00000238682 0 0 0 61 0 0 190 207 
9606.ENSP00000286201 9606.ENSP00000225525 0 0 0 0 0 0 375 375 
9606.ENSP00000286201 9606.ENSP00000262160 0 0 0 61 80 0 203 251 
9606.ENSP00000286201 9606.ENSP00000086933 0 0 0 0 156 0 0 156 
9606.ENSP00000286201 9606.ENSP00000296420 0 0 0 0 0 0 194 194 
9606.ENSP00000286201 9606.ENSP00000318602 0 0 0 65 0 0 138 159 
9606.ENSP00000286201 9606.ENSP00000463559 0 0 0 0 130 0 65 152 
9606.ENSP00000286201 9606.ENSP00000381768 0 0 0 0 129 0 106 188 
9606.ENSP00000286201 9606.ENSP00000331201 0 0 0 0 181 0 50 188 
9606.ENSP00000286201 9606.ENSP00000452871 0 0 0 62 0 0 181 199 
9606.ENSP00000286201 9606.ENSP00000262457 0 0 0 0 57 0 275 288 
9606.ENSP00000286201 9606.ENSP00000355249 0 0 0 53 91 0 118 174 
9606.ENSP00000286201 9606.ENSP00000420321 0 0 0 83 0 0 149 187 
9606.ENSP00000286201 9606.ENSP00000275954 0 0 0 152 0 0 49 159 
9606.ENSP00000286201 9606.ENSP00000282928 0 0 0 64 76 0 121 173 
9606.ENSP00000286201 9606.ENSP00000311579 0 0 0 63 57 0 271 300 
9606.ENSP00000286201 9606.ENSP00000376753 0 0 0 0 151 0 72 179 
9606.ENSP00000286201 9606.ENSP00000350896 0 0 0 85 106 0 66 169 
9606.ENSP00000286201 9606.ENSP00000228641 0 0 0 0 0 0 163 163 
9606.ENSP00000286201 9606.ENSP00000220772 0 0 0 232 0 600 224 740 
9606.ENSP00000286201 9606.ENSP00000243077 0 0 0 74 187 0 91 255 
9606.ENSP00000286201 9606.ENSP00000444503 0 0 0 0 156 0 0 156 
9606.ENSP00000286201 9606.ENSP00000314480 0 0 0 0 157 0 53 167 
9606.ENSP00000286201 9606.ENSP00000243347 0 0 0 0 163 0 67 185 
9606.ENSP00000286201 9606.ENSP00000406209 0 0 0 0 294 0 0 294 
9606.ENSP00000286201 9606.ENSP00000312987 0 0 0 0 0 0 533 533 
9606.ENSP00000286201 9606.ENSP00000287139 0 0 0 0 0 0 256 256 
9606.ENSP00000286201 9606.ENSP00000261769 0 0 0 61 63 0 387 414 
9606.ENSP00000286201 9606.ENSP00000277541 0 0 0 61 130 0 471 530 
9606.ENSP00000286201 9606.ENSP00000301061 0 0 0 0 262 900 535 962 
9606.ENSP00000286201 9606.ENSP00000426271 0 0 0 0 0 0 171 171 
9606.ENSP00000286201 9606.ENSP00000266066 0 0 0 63 0 600 174 663 
9606.ENSP00000286201 9606.ENSP00000332353 0 0 0 0 97 0 215 261 
9606.ENSP00000286201 9606.ENSP00000262367 0 0 0 63 0 0 202 221 
9606.ENSP00000286201 9606.ENSP00000405330 0 0 0 0 44 0 212 214 
9606.ENSP00000286201 9606.ENSP00000358309 0 0 0 76 106 0 87 179 
9606.ENSP00000286201 9606.ENSP00000347942 0 0 0 61 0 0 139 157 
9606.ENSP00000286201 9606.ENSP00000468002 0 0 0 73 57 0 124 168 
9606.ENSP00000286201 9606.ENSP00000414856 0 0 0 58 0 0 138 154 
9606.ENSP00000286201 9606.ENSP00000248706 0 0 0 123 77 0 0 155 
9606.ENSP00000286201 9606.ENSP00000241651 0 0 0 0 0 0 179 179 
9606.ENSP00000286201 9606.ENSP00000434034 0 0 0 63 0 900 103 908 
9606.ENSP00000286201 9606.ENSP00000476369 0 0 0 51 0 0 142 151 
9606.ENSP00000286201 9606.ENSP00000345785 0 0 0 94 0 0 105 155 
9606.ENSP00000286201 9606.ENSP00000379241 0 0 0 0 0 0 461 461 
9606.ENSP00000286201 9606.ENSP00000295709 0 0 0 61 127 0 87 186 
9606.ENSP00000286201 9606.ENSP00000390436 0 0 0 152 76 0 228 342 
9606.ENSP00000286201 9606.ENSP00000364683 0 0 0 105 0 600 117 656 
9606.ENSP00000286201 9606.ENSP00000344468 0 0 0 76 0 0 172 202 
9606.ENSP00000286201 9606.ENSP00000309644 0 0 0 69 0 0 126 151 
9606.ENSP00000286201 9606.ENSP00000250003 0 0 0 0 0 0 336 336 
9606.ENSP00000286201 9606.ENSP00000332706 0 0 0 61 309 0 0 323 
9606.ENSP00000286201 9606.ENSP00000365433 0 0 0 59 0 0 160 175 
9606.ENSP00000286201 9606.ENSP00000274507 0 0 0 0 0 0 183 183 
9606.ENSP00000286201 9606.ENSP00000354621 0 0 0 0 64 900 74 905 
9606.ENSP00000286201 9606.ENSP00000265171 0 0 0 0 130 0 225 297 
9606.ENSP00000286201 9606.ENSP00000369375 0 0 0 69 0 0 164 188 
9606.ENSP00000286201 9606.ENSP00000351905 0 0 0 61 106 0 190 261 
9606.ENSP00000286201 9606.ENSP00000259915 0 0 0 0 0 0 381 381 
9606.ENSP00000286201 9606.ENSP00000479910 0 0 0 0 163 0 0 163 
9606.ENSP00000286201 9606.ENSP00000352138 0 0 0 159 0 0 0 159 
9606.ENSP00000286201 9606.ENSP00000349131 0 0 0 0 0 0 403 403 
9606.ENSP00000286201 9606.ENSP00000263574 0 0 0 0 168 0 74 196 
9606.ENSP00000286201 9606.ENSP00000400223 0 0 0 88 0 0 198 237 
9606.ENSP00000286201 9606.ENSP00000414786 0 0 0 0 0 0 164 164 
9606.ENSP00000286201 9606.ENSP00000317985 0 0 0 0 133 0 250 322 
9606.ENSP00000286201 9606.ENSP00000442656 0 0 0 61 106 0 143 217 
9606.ENSP00000286201 9606.ENSP00000324693 0 0 0 0 168 0 44 170 
9606.ENSP00000286201 9606.ENSP00000347672 0 0 0 63 185 0 587 657 
9606.ENSP00000286201 9606.ENSP00000365720 0 0 0 62 0 0 272 288 
9606.ENSP00000286201 9606.ENSP00000344115 0 0 0 0 63 0 134 153 
9606.ENSP00000286201 9606.ENSP00000379721 0 0 0 0 169 0 62 187 
9606.ENSP00000286201 9606.ENSP00000345064 0 0 0 65 157 0 525 593 
9606.ENSP00000286201 9606.ENSP00000329117 0 0 0 0 0 0 162 162 
9606.ENSP00000286201 9606.ENSP00000217260 0 0 0 58 0 0 186 200 
9606.ENSP00000286201 9606.ENSP00000320434 0 0 0 76 0 0 137 169 
9606.ENSP00000286201 9606.ENSP00000295269 0 0 0 0 156 0 0 156 
9606.ENSP00000286201 9606.ENSP00000340677 0 0 0 0 262 900 544 963 
9606.ENSP00000286201 9606.ENSP00000261254 0 0 0 52 0 0 312 320 
9606.ENSP00000286201 9606.ENSP00000217964 0 0 0 0 0 0 309 309 
9606.ENSP00000286201 9606.ENSP00000272317 0 0 0 0 191 0 0 191 
9606.ENSP00000286201 9606.ENSP00000232461 0 0 0 0 185 0 0 185 
9606.ENSP00000286201 9606.ENSP00000264012 0 0 0 61 63 0 230 263 
9606.ENSP00000286201 9606.ENSP00000255448 0 0 0 76 0 0 126 157 
9606.ENSP00000286201 9606.ENSP00000317272 0 0 0 61 106 0 226 294 
9606.ENSP00000286201 9606.ENSP00000365838 0 0 0 0 156 0 0 156 
9606.ENSP00000286201 9606.ENSP00000363397 0 0 0 0 0 0 183 183 
9606.ENSP00000286201 9606.ENSP00000442954 0 0 0 62 0 0 174 192 
9606.ENSP00000286201 9606.ENSP00000344967 0 0 0 117 85 0 124 230 
9606.ENSP00000286201 9606.ENSP00000265077 0 0 0 61 0 0 210 226 
9606.ENSP00000286201 9606.ENSP00000482581 0 0 0 84 0 0 186 222 
9606.ENSP00000286201 9606.ENSP00000398736 0 0 0 140 0 0 69 165 
9606.ENSP00000286201 9606.ENSP00000281537 0 0 0 98 0 0 170 220 
9606.ENSP00000286201 9606.ENSP00000363314 0 0 0 0 0 0 162 162 
9606.ENSP00000286201 9606.ENSP00000343248 0 0 0 46 0 0 430 433 
9606.ENSP00000286201 9606.ENSP00000299798 0 0 0 60 157 0 0 173 
9606.ENSP00000286201 9606.ENSP00000296849 0 0 0 0 0 0 246 246 
9606.ENSP00000286201 9606.ENSP00000168712 0 0 0 0 0 0 161 161 
9606.ENSP00000286201 9606.ENSP00000315295 0 0 0 63 0 0 190 208 
9606.ENSP00000286201 9606.ENSP00000302625 0 0 0 85 0 0 632 649 
9606.ENSP00000286201 9606.ENSP00000263381 0 0 0 0 76 0 132 163 
9606.ENSP00000286201 9606.ENSP00000359575 0 0 0 81 157 0 0 192 
9606.ENSP00000286201 9606.ENSP00000366939 0 0 0 0 0 0 487 487 
9606.ENSP00000286201 9606.ENSP00000281441 0 0 0 0 0 0 151 151 
9606.ENSP00000286201 9606.ENSP00000357206 0 0 0 207 0 0 118 270 
9606.ENSP00000286201 9606.ENSP00000364133 0 0 0 61 106 0 189 259 
9606.ENSP00000286201 9606.ENSP00000351618 0 0 0 61 133 0 68 174 
9606.ENSP00000286201 9606.ENSP00000361818 0 0 0 86 0 900 559 956 
9606.ENSP00000286201 9606.ENSP00000220812 0 0 0 0 84 0 215 251 
9606.ENSP00000286201 9606.ENSP00000421689 0 0 0 0 78 0 182 214 
9606.ENSP00000286201 9606.ENSP00000388325 0 0 0 118 0 0 83 157 
9606.ENSP00000286201 9606.ENSP00000295934 0 0 0 0 157 0 56 170 
9606.ENSP00000286201 9606.ENSP00000374135 0 0 0 0 187 0 91 229 
9606.ENSP00000286201 9606.ENSP00000485514 0 0 0 0 168 0 203 308 
9606.ENSP00000286201 9606.ENSP00000368632 0 0 0 0 57 0 163 177 
9606.ENSP00000286201 9606.ENSP00000268035 0 0 0 0 106 0 273 323 
9606.ENSP00000286201 9606.ENSP00000384625 0 0 0 61 296 0 351 534 
9606.ENSP00000286201 9606.ENSP00000242261 0 0 0 88 0 0 235 272 
9606.ENSP00000286201 9606.ENSP00000228644 0 0 0 0 0 0 309 309 
9606.ENSP00000286201 9606.ENSP00000367301 0 0 0 0 435 0 517 715 
9606.ENSP00000286201 9606.ENSP00000238721 0 0 0 0 0 0 171 171 
9606.ENSP00000286201 9606.ENSP00000284240 0 0 0 138 0 0 90 182 
9606.ENSP00000286201 9606.ENSP00000363804 0 0 0 0 76 0 223 252 
9606.ENSP00000286201 9606.ENSP00000257818 0 0 0 0 157 0 49 164 
9606.ENSP00000286201 9606.ENSP00000251337 0 0 0 0 185 0 0 185 
9606.ENSP00000286201 9606.ENSP00000480301 0 0 0 62 0 0 164 183 
9606.ENSP00000286201 9606.ENSP00000371693 0 0 0 0 0 0 199 199 
9606.ENSP00000286201 9606.ENSP00000355237 0 0 0 76 106 0 64 159 
9606.ENSP00000286201 9606.ENSP00000437489 0 0 0 0 0 900 93 905 
9606.ENSP00000286201 9606.ENSP00000256196 0 0 0 69 131 0 107 214 
9606.ENSP00000286201 9606.ENSP00000296145 0 0 0 0 64 0 186 205 
9606.ENSP00000286201 9606.ENSP00000219255 0 0 0 0 0 900 416 939 
9606.ENSP00000286201 9606.ENSP00000366915 0 0 0 0 76 0 120 152 
9606.ENSP00000286201 9606.ENSP00000262067 0 0 0 0 0 0 222 222 
9606.ENSP00000286201 9606.ENSP00000478255 0 0 0 0 0 0 235 235 
9606.ENSP00000286201 9606.ENSP00000301464 0 0 0 76 174 0 90 244 
9606.ENSP00000286201 9606.ENSP00000227507 0 0 0 131 0 0 442 495 
9606.ENSP00000286201 9606.ENSP00000368104 0 0 0 87 0 0 234 271 
9606.ENSP00000286201 9606.ENSP00000294638 0 0 0 61 157 0 63 193 
9606.ENSP00000286201 9606.ENSP00000297405 0 0 0 0 161 0 42 161 
9606.ENSP00000286201 9606.ENSP00000359864 0 0 0 179 87 600 367 785 
9606.ENSP00000286201 9606.ENSP00000219070 0 0 0 108 0 0 115 177 
9606.ENSP00000286201 9606.ENSP00000368169 0 0 0 61 265 900 654 972 
9606.ENSP00000286201 9606.ENSP00000437621 0 0 0 69 0 0 182 206 
9606.ENSP00000286201 9606.ENSP00000470248 0 0 0 0 157 0 307 391 
9606.ENSP00000286201 9606.ENSP00000384917 0 0 0 68 161 0 42 185 
9606.ENSP00000286201 9606.ENSP00000262158 0 0 0 0 80 0 182 215 
9606.ENSP00000286201 9606.ENSP00000366474 0 0 0 0 0 0 303 303 
9606.ENSP00000286201 9606.ENSP00000385477 0 0 0 0 0 0 152 152 
9606.ENSP00000286201 9606.ENSP00000296059 0 0 0 0 0 0 167 167 
9606.ENSP00000286201 9606.ENSP00000282561 0 0 0 175 0 0 112 236 
9606.ENSP00000286201 9606.ENSP00000302251 0 0 0 64 0 0 132 153 
9606.ENSP00000286201 9606.ENSP00000309141 0 0 0 0 0 0 176 176 
9606.ENSP00000286201 9606.ENSP00000386041 0 0 0 0 130 0 101 184 
9606.ENSP00000286201 9606.ENSP00000261523 0 0 0 0 0 0 332 332 
9606.ENSP00000286201 9606.ENSP00000359045 0 0 0 0 0 0 177 177 
9606.ENSP00000286201 9606.ENSP00000364163 0 0 0 0 64 0 161 181 
9606.ENSP00000286201 9606.ENSP00000353791 0 0 0 78 79 0 96 165 
9606.ENSP00000286201 9606.ENSP00000256460 0 0 0 61 0 0 132 150 
9606.ENSP00000286201 9606.ENSP00000477829 0 0 0 0 157 0 96 205 
9606.ENSP00000286201 9606.ENSP00000358698 0 0 0 57 336 900 620 973 
9606.ENSP00000286201 9606.ENSP00000359206 0 0 0 62 124 0 217 300 
9606.ENSP00000286201 9606.ENSP00000315417 0 0 0 0 156 0 0 156 
9606.ENSP00000286201 9606.ENSP00000235329 0 0 0 0 167 0 0 167 
9606.ENSP00000286201 9606.ENSP00000358867 0 0 0 63 260 0 43 278 
9606.ENSP00000286201 9606.ENSP00000380379 0 0 0 72 336 900 629 974 
9606.ENSP00000286201 9606.ENSP00000404100 0 0 0 63 64 0 169 207 
9606.ENSP00000286201 9606.ENSP00000379258 0 0 0 136 76 0 145 257 
9606.ENSP00000286201 9606.ENSP00000261405 0 0 0 0 195 0 0 195 
9606.ENSP00000286201 9606.ENSP00000382323 0 0 0 0 195 0 0 195 
9606.ENSP00000286201 9606.ENSP00000337439 0 0 0 69 0 0 469 484 
9606.ENSP00000286201 9606.ENSP00000262187 0 0 0 0 77 0 164 195 
9606.ENSP00000286201 9606.ENSP00000363826 0 0 0 110 0 900 93 912 
9606.ENSP00000286201 9606.ENSP00000265441 0 0 0 49 336 900 600 971 
9606.ENSP00000286201 9606.ENSP00000321537 0 0 0 65 0 0 258 277 
9606.ENSP00000286201 9606.ENSP00000260731 0 0 0 62 85 0 201 254 
9606.ENSP00000286201 9606.ENSP00000312403 0 0 0 0 0 0 248 248 
9606.ENSP00000286201 9606.ENSP00000485259 0 0 0 61 130 0 94 195 
9606.ENSP00000286201 9606.ENSP00000329219 0 0 0 0 134 0 97 184 
9606.ENSP00000286201 9606.ENSP00000421280 0 0 0 76 102 0 65 156 
9606.ENSP00000286201 9606.ENSP00000252891 0 0 0 55 168 0 105 235 
9606.ENSP00000286201 9606.ENSP00000420294 0 0 0 0 0 0 177 177 
9606.ENSP00000286201 9606.ENSP00000321853 0 0 0 0 0 0 177 177 
9606.ENSP00000286201 9606.ENSP00000297316 0 0 0 0 0 0 301 301 
9606.ENSP00000286201 9606.ENSP00000448220 0 0 0 61 0 0 159 176 
9606.ENSP00000286201 9606.ENSP00000353444 0 0 0 0 136 0 68 160 
9606.ENSP00000286201 9606.ENSP00000262904 0 0 0 62 91 0 105 171 
9606.ENSP00000286201 9606.ENSP00000354607 0 0 0 0 0 900 87 904 
9606.ENSP00000286201 9606.ENSP00000367972 0 0 0 77 0 0 122 154 
9606.ENSP00000286201 9606.ENSP00000257290 0 0 0 83 0 0 152 190 
9606.ENSP00000286201 9606.ENSP00000394560 0 0 0 62 132 0 144 242 
9606.ENSP00000286201 9606.ENSP00000323901 0 0 0 98 0 900 56 907 
9606.ENSP00000286201 9606.ENSP00000339659 0 0 0 96 85 0 58 152 
9606.ENSP00000286201 9606.ENSP00000368516 0 0 0 98 0 0 427 461 
9606.ENSP00000286201 9606.ENSP00000323588 0 0 0 136 0 0 263 337 
9606.ENSP00000286201 9606.ENSP00000222330 0 0 0 0 126 0 149 224 
9606.ENSP00000286201 9606.ENSP00000407586 0 0 0 0 162 0 166 271 
9606.ENSP00000286201 9606.ENSP00000430985 0 0 0 0 181 0 228 341 
9606.ENSP00000286201 9606.ENSP00000357459 0 0 0 0 0 0 351 351 
9606.ENSP00000286201 9606.ENSP00000384330 0 0 0 0 130 0 72 158 
9606.ENSP00000286201 9606.ENSP00000264938 0 0 0 0 156 0 0 156 
9606.ENSP00000286201 9606.ENSP00000297785 0 0 0 51 0 0 220 228 
9606.ENSP00000286201 9606.ENSP00000355510 0 0 0 62 124 0 49 150 
9606.ENSP00000286201 9606.ENSP00000277120 0 0 0 63 190 0 139 290 
9606.ENSP00000286201 9606.ENSP00000354207 0 0 0 63 190 0 157 304 
9606.ENSP00000286201 9606.ENSP00000263735 0 0 0 0 0 0 207 207 
9606.ENSP00000286201 9606.ENSP00000225964 0 0 0 110 0 0 89 155 
9606.ENSP00000286201 9606.ENSP00000304422 0 0 0 0 0 0 285 285 
9606.ENSP00000286201 9606.ENSP00000309572 0 0 0 61 0 0 195 211 
9606.ENSP00000286201 9606.ENSP00000288840 0 0 0 76 80 0 115 181 
9606.ENSP00000286201 9606.ENSP00000323696 0 0 0 146 0 0 74 175 
9606.ENSP00000286201 9606.ENSP00000352157 0 0 0 63 157 0 167 284 
9606.ENSP00000286201 9606.ENSP00000423390 0 0 0 0 159 0 0 159 
9606.ENSP00000286201 9606.ENSP00000252999 0 0 0 89 168 0 68 232 
9606.ENSP00000286201 9606.ENSP00000290015 0 0 0 0 262 900 570 965 
9606.ENSP00000286201 9606.ENSP00000381339 0 0 0 0 185 0 0 185 
9606.ENSP00000286201 9606.ENSP00000386444 0 0 0 0 83 0 311 341 
9606.ENSP00000286201 9606.ENSP00000365272 0 0 0 0 412 0 103 450 
9606.ENSP00000286201 9606.ENSP00000473553 0 0 0 0 124 0 85 164 
9606.ENSP00000286201 9606.ENSP00000365851 0 0 0 0 0 0 198 198 
9606.ENSP00000286201 9606.ENSP00000263253 0 0 0 63 0 0 198 216 
9606.ENSP00000286201 9606.ENSP00000314153 0 0 0 0 76 0 436 456 
9606.ENSP00000286201 9606.ENSP00000237612 0 0 0 62 0 0 162 181 
9606.ENSP00000286201 9606.ENSP00000335306 0 0 0 0 0 0 258 258 
9606.ENSP00000286201 9606.ENSP00000356954 0 0 0 157 0 0 120 227 
9606.ENSP00000286201 9606.ENSP00000386331 0 0 0 0 133 0 68 158 
9606.ENSP00000286201 9606.ENSP00000265165 0 0 0 62 0 0 537 547 
9606.ENSP00000286201 9606.ENSP00000438483 0 0 0 61 168 0 0 185 
9606.ENSP00000286201 9606.ENSP00000380878 0 0 0 0 66 0 285 303 
9606.ENSP00000286201 9606.ENSP00000217999 0 0 0 0 156 0 0 156 
9606.ENSP00000286201 9606.ENSP00000244745 0 0 0 0 0 0 170 170 
9606.ENSP00000286201 9606.ENSP00000342344 0 0 0 62 0 0 132 151 
9606.ENSP00000286201 9606.ENSP00000476145 0 0 0 61 106 0 96 174 
9606.ENSP00000286201 9606.ENSP00000219022 0 0 0 0 0 0 455 455 
9606.ENSP00000286201 9606.ENSP00000361540 0 0 0 113 0 0 83 152 
9606.ENSP00000286201 9606.ENSP00000260130 0 0 0 0 300 0 196 414 
9606.ENSP00000286201 9606.ENSP00000435233 0 0 0 146 0 0 62 164 
9606.ENSP00000286201 9606.ENSP00000301691 0 0 0 0 0 0 169 169 
9606.ENSP00000286201 9606.ENSP00000254722 0 0 0 61 0 0 237 253 
9606.ENSP00000286201 9606.ENSP00000217244 0 0 0 0 124 0 99 177 
9606.ENSP00000286201 9606.ENSP00000250448 0 0 0 49 0 0 307 312 
9606.ENSP00000286201 9606.ENSP00000329243 0 0 0 61 0 0 172 189 
9606.ENSP00000286201 9606.ENSP00000361569 0 0 0 61 0 0 144 162 
9606.ENSP00000286201 9606.ENSP00000340347 0 0 0 62 0 0 471 482 
9606.ENSP00000286201 9606.ENSP00000332293 0 0 0 0 0 0 278 278 
9606.ENSP00000286201 9606.ENSP00000336587 0 0 0 130 0 0 100 183 
9606.ENSP00000286201 9606.ENSP00000295633 0 0 0 152 0 0 62 170 
9606.ENSP00000286201 9606.ENSP00000447053 0 0 0 0 136 0 106 195 
9606.ENSP00000286201 9606.ENSP00000288466 0 0 0 60 155 0 42 172 
9606.ENSP00000286201 9606.ENSP00000442786 0 0 0 0 156 0 0 156 
9606.ENSP00000286201 9606.ENSP00000338272 0 0 0 0 0 0 188 188 
9606.ENSP00000286201 9606.ENSP00000304169 0 0 0 88 0 0 204 243 
9606.ENSP00000286201 9606.ENSP00000356357 0 0 0 0 157 0 97 206 
9606.ENSP00000286201 9606.ENSP00000386896 0 0 0 80 0 0 147 182 
9606.ENSP00000286201 9606.ENSP00000335320 0 0 0 72 0 0 317 340 
9606.ENSP00000286201 9606.ENSP00000279022 0 0 0 116 130 0 72 225 
9606.ENSP00000286201 9606.ENSP00000246914 0 0 0 0 146 0 57 160 
9606.ENSP00000286201 9606.ENSP00000419465 0 0 0 70 64 0 160 205 
9606.ENSP00000286201 9606.ENSP00000360120 0 0 0 118 190 0 364 506 
9606.ENSP00000286201 9606.ENSP00000378733 0 0 0 0 0 0 161 161 
9606.ENSP00000286201 9606.ENSP00000266991 0 0 0 0 186 0 139 269 
9606.ENSP00000286201 9606.ENSP00000380702 0 0 0 0 0 0 161 161 
9606.ENSP00000286201 9606.ENSP00000432586 0 0 0 87 157 0 106 252 
9606.ENSP00000286201 9606.ENSP00000362186 0 0 0 55 63 0 287 313 
9606.ENSP00000286201 9606.ENSP00000243349 0 0 0 61 106 0 140 215 
9606.ENSP00000286201 9606.ENSP00000369154 0 0 0 61 80 0 120 174 
9606.ENSP00000286201 9606.ENSP00000372170 0 0 0 55 0 0 189 201 
9606.ENSP00000286201 9606.ENSP00000264731 0 0 0 62 0 0 243 259 
9606.ENSP00000286201 9606.ENSP00000358571 0 0 0 0 148 0 82 184 
9606.ENSP00000286201 9606.ENSP00000265562 0 0 0 0 181 0 0 181 
9606.ENSP00000286201 9606.ENSP00000470087 0 0 0 0 126 0 136 212 
9606.ENSP00000286201 9606.ENSP00000275364 0 0 0 0 157 0 58 171 
9606.ENSP00000286201 9606.ENSP00000267294 0 0 0 119 76 0 67 174 
9606.ENSP00000286201 9606.ENSP00000301945 0 0 0 151 0 0 0 151 
9606.ENSP00000286201 9606.ENSP00000361423 0 0 0 76 106 0 78 171 
9606.ENSP00000286201 9606.ENSP00000478927 0 0 0 184 64 0 144 289 
9606.ENSP00000286201 9606.ENSP00000270747 0 0 0 62 0 0 171 189 
9606.ENSP00000286201 9606.ENSP00000361141 0 0 0 0 0 0 177 177 
9606.ENSP00000286201 9606.ENSP00000441802 0 0 0 95 63 0 126 194 
9606.ENSP00000286201 9606.ENSP00000451828 0 0 0 63 106 0 381 436 
9606.ENSP00000286201 9606.ENSP00000258341 0 0 0 98 85 0 138 226 
9606.ENSP00000286201 9606.ENSP00000365576 0 0 0 0 181 0 0 181 
9606.ENSP00000286201 9606.ENSP00000265362 0 0 0 98 0 0 102 155 
9606.ENSP00000286201 9606.ENSP00000247182 0 0 0 62 0 0 184 202 
9606.ENSP00000286201 9606.ENSP00000380093 0 0 0 0 0 0 193 193 
9606.ENSP00000286201 9606.ENSP00000311010 0 0 0 0 0 0 186 186 
9606.ENSP00000286201 9606.ENSP00000451300 0 0 0 55 168 0 248 357 
9606.ENSP00000286201 9606.ENSP00000351605 0 0 0 0 0 900 102 906 
9606.ENSP00000286201 9606.ENSP00000363708 0 0 0 0 106 0 248 299 
9606.ENSP00000286201 9606.ENSP00000328928 0 0 0 0 0 0 221 221 
9606.ENSP00000286201 9606.ENSP00000473391 0 0 0 0 0 0 171 171 
9606.ENSP00000286201 9606.ENSP00000229239 0 0 0 0 0 0 272 272 
9606.ENSP00000286201 9606.ENSP00000362395 0 0 0 0 0 0 237 237 
9606.ENSP00000286201 9606.ENSP00000256646 0 0 0 61 130 0 256 339 
9606.ENSP00000286201 9606.ENSP00000326330 0 0 0 99 195 0 0 243 
9606.ENSP00000286201 9606.ENSP00000269571 0 0 0 82 134 0 269 368 
9606.ENSP00000286201 9606.ENSP00000331745 0 0 0 65 0 0 321 338 
9606.ENSP00000286201 9606.ENSP00000348461 0 0 0 53 80 900 148 915 
9606.ENSP00000286201 9606.ENSP00000334813 0 0 0 0 156 0 0 156 
9606.ENSP00000286201 9606.ENSP00000316054 0 0 0 61 265 900 622 970 
9606.ENSP00000286201 9606.ENSP00000358223 0 0 0 0 0 0 154 154 
9606.ENSP00000286201 9606.ENSP00000371067 0 0 0 0 106 0 121 180 
9606.ENSP00000286201 9606.ENSP00000264657 0 0 0 0 0 0 237 237 
9606.ENSP00000286201 9606.ENSP00000370408 0 0 0 0 0 0 166 166 
9606.ENSP00000286201 9606.ENSP00000230658 0 0 0 0 157 0 88 198 
9606.ENSP00000286201 9606.ENSP00000441954 0 0 0 61 80 0 123 176 
9606.ENSP00000286201 9606.ENSP00000351380 0 0 0 0 0 0 169 169 
9606.ENSP00000286201 9606.ENSP00000479679 0 0 0 0 195 0 0 195 
9606.ENSP00000286201 9606.ENSP00000349508 0 0 0 61 0 0 202 219 
9606.ENSP00000286201 9606.ENSP00000292408 0 0 0 62 0 0 158 176 
9606.ENSP00000286201 9606.ENSP00000397947 0 0 0 0 0 0 158 158 
9606.ENSP00000286201 9606.ENSP00000332118 0 0 0 0 106 0 95 156 
9606.ENSP00000286201 9606.ENSP00000359567 0 0 0 102 0 0 167 220 
9606.ENSP00000286201 9606.ENSP00000233813 0 0 0 84 88 0 127 207 
9606.ENSP00000286201 9606.ENSP00000352516 0 0 0 0 134 0 161 243 
9606.ENSP00000286201 9606.ENSP00000284981 0 0 0 76 168 0 58 212 
9606.ENSP00000286201 9606.ENSP00000258399 0 0 0 0 159 0 0 159 
9606.ENSP00000286201 9606.ENSP00000226247 0 0 0 0 0 0 641 641 
9606.ENSP00000286201 9606.ENSP00000398516 0 0 0 0 0 0 282 282 
9606.ENSP00000286201 9606.ENSP00000216294 0 0 0 0 0 0 537 537 
9606.ENSP00000286201 9606.ENSP00000275525 0 0 0 0 174 0 105 229 
9606.ENSP00000286201 9606.ENSP00000268459 0 0 0 0 164 0 348 431 
9606.ENSP00000286201 9606.ENSP00000360441 0 0 0 0 156 0 0 156 
9606.ENSP00000286201 9606.ENSP00000300952 0 0 0 61 0 0 148 166 
9606.ENSP00000286201 9606.ENSP00000382004 0 0 0 85 0 0 352 382 
9606.ENSP00000286201 9606.ENSP00000262506 0 0 0 0 124 0 173 244 
9606.ENSP00000286201 9606.ENSP00000356370 0 0 0 61 130 0 94 195 
9606.ENSP00000286201 9606.ENSP00000324573 0 0 0 0 0 0 294 294 
9606.ENSP00000286201 9606.ENSP00000279168 0 0 0 0 0 0 253 253 
9606.ENSP00000286201 9606.ENSP00000289746 0 0 0 0 63 0 206 224 
9606.ENSP00000286201 9606.ENSP00000301633 0 0 0 0 0 0 295 295 
9606.ENSP00000286201 9606.ENSP00000344635 0 0 0 0 0 0 199 199 
9606.ENSP00000286201 9606.ENSP00000407613 0 0 0 0 0 0 153 153 
9606.ENSP00000286201 9606.ENSP00000464060 0 0 0 61 130 0 124 222 
9606.ENSP00000286201 9606.ENSP00000254958 0 0 0 76 118 0 288 370 
9606.ENSP00000286201 9606.ENSP00000303634 0 0 0 0 187 0 125 258 
9606.ENSP00000286201 9606.ENSP00000332296 0 0 0 61 44 0 139 159 
9606.ENSP00000286201 9606.ENSP00000261799 0 0 0 95 0 0 129 179 
9606.ENSP00000286201 9606.ENSP00000393312 0 0 0 120 0 0 237 301 
9606.ENSP00000286201 9606.ENSP00000375892 0 0 0 63 106 0 104 184 
9606.ENSP00000286201 9606.ENSP00000263980 0 0 0 0 157 0 46 161 
9606.ENSP00000286201 9606.ENSP00000364524 0 0 0 0 50 0 348 354 
9606.ENSP00000286201 9606.ENSP00000313309 0 0 0 0 147 0 127 223 
9606.ENSP00000286201 9606.ENSP00000342235 0 0 0 49 134 0 112 205 
9606.ENSP00000286201 9606.ENSP00000456609 0 0 0 0 0 0 197 197 
9606.ENSP00000286201 9606.ENSP00000481675 0 0 0 0 85 0 180 217 
9606.ENSP00000286201 9606.ENSP00000360718 0 0 0 63 0 0 144 163 
9606.ENSP00000286201 9606.ENSP00000249396 0 0 0 0 0 0 451 451 
9606.ENSP00000286201 9606.ENSP00000363763 0 0 0 0 106 0 193 248 
9606.ENSP00000286201 9606.ENSP00000325954 0 0 0 0 156 0 0 156 
9606.ENSP00000286201 9606.ENSP00000478874 0 0 0 61 0 0 132 150 
9606.ENSP00000286201 9606.ENSP00000426568 0 0 0 61 80 0 109 163 
9606.ENSP00000286201 9606.ENSP00000339824 0 0 0 95 0 0 201 246 
9606.ENSP00000286201 9606.ENSP00000299441 0 0 0 0 168 0 303 395 
9606.ENSP00000286201 9606.ENSP00000344666 0 0 0 0 85 0 135 175 
9606.ENSP00000286201 9606.ENSP00000367292 0 0 0 65 0 0 130 151 
9606.ENSP00000286201 9606.ENSP00000332164 0 0 0 62 0 0 131 150 
9606.ENSP00000286201 9606.ENSP00000454157 0 0 0 62 0 0 168 186 
9606.ENSP00000286201 9606.ENSP00000297954 0 0 0 0 161 0 57 174 
9606.ENSP00000286201 9606.ENSP00000352414 0 0 0 0 0 0 215 215 
9606.ENSP00000286201 9606.ENSP00000310036 0 0 0 0 0 0 171 171 
9606.ENSP00000286201 9606.ENSP00000264634 0 0 0 95 336 900 715 980 
9606.ENSP00000286201 9606.ENSP00000273047 0 0 0 0 136 0 108 197 
9606.ENSP00000286201 9606.ENSP00000252242 0 0 0 61 0 0 240 256 
9606.ENSP00000286201 9606.ENSP00000389252 0 0 0 61 64 0 159 196 
9606.ENSP00000286201 9606.ENSP00000260653 0 0 0 126 0 0 248 315 
9606.ENSP00000286201 9606.ENSP00000263025 0 0 0 0 0 0 205 205 
9606.ENSP00000286201 9606.ENSP00000426809 0 0 0 0 0 0 250 250 
9606.ENSP00000286201 9606.ENSP00000363081 0 0 0 70 84 0 515 551 
9606.ENSP00000286201 9606.ENSP00000220507 0 0 0 0 80 0 120 156 
9606.ENSP00000286201 9606.ENSP00000231061 0 0 0 107 0 0 97 159 
9606.ENSP00000286201 9606.ENSP00000366267 0 0 0 51 163 0 209 317 
9606.ENSP00000286201 9606.ENSP00000363822 0 0 0 0 44 0 230 233 
9606.ENSP00000286201 9606.ENSP00000005286 0 0 0 84 0 0 109 150 
9606.ENSP00000286201 9606.ENSP00000367697 0 0 0 0 181 0 42 181 
9606.ENSP00000286201 9606.ENSP00000257566 0 0 0 65 50 0 166 194 
9606.ENSP00000286201 9606.ENSP00000395654 0 0 0 61 0 0 160 177 
9606.ENSP00000286201 9606.ENSP00000361959 0 0 0 0 0 0 243 243 
9606.ENSP00000286201 9606.ENSP00000422591 0 0 0 107 0 0 102 164 
9606.ENSP00000286201 9606.ENSP00000370256 0 0 0 64 0 0 162 182 
9606.ENSP00000286201 9606.ENSP00000443176 0 0 0 61 0 0 157 174 
9606.ENSP00000286201 9606.ENSP00000212015 0 0 0 0 0 0 507 507 
9606.ENSP00000286201 9606.ENSP00000324464 0 0 0 52 163 0 50 180 
9606.ENSP00000286201 9606.ENSP00000297261 0 0 0 0 186 0 376 470 
9606.ENSP00000286201 9606.ENSP00000400717 0 0 0 0 157 0 58 171 
9606.ENSP00000286201 9606.ENSP00000419457 0 0 0 0 156 0 0 156 
9606.ENSP00000286201 9606.ENSP00000263388 0 0 0 129 130 0 232 368 
9606.ENSP00000286201 9606.ENSP00000273261 0 0 0 91 0 0 168 212 
9606.ENSP00000286201 9606.ENSP00000478570 0 0 0 57 0 0 196 209 
9606.ENSP00000286201 9606.ENSP00000361547 0 0 0 110 157 0 82 252 
9606.ENSP00000286201 9606.ENSP00000360058 0 0 0 0 0 0 290 290 
9606.ENSP00000286201 9606.ENSP00000330523 0 0 0 67 0 0 438 454 
9606.ENSP00000286201 9606.ENSP00000264039 0 0 0 113 87 0 194 291 
9606.ENSP00000286201 9606.ENSP00000295902 0 0 0 71 157 0 415 502 
9606.ENSP00000286201 9606.ENSP00000380888 0 0 0 51 0 0 251 259 
9606.ENSP00000286201 9606.ENSP00000228682 0 0 0 61 76 0 205 250 
9606.ENSP00000286201 9606.ENSP00000256078 0 0 0 0 162 0 135 244 
9606.ENSP00000286201 9606.ENSP00000234739 0 0 0 62 0 0 247 263 
9606.ENSP00000286201 9606.ENSP00000360455 0 0 0 0 156 0 0 156 
9606.ENSP00000286201 9606.ENSP00000311492 0 0 0 0 156 0 0 156 
9606.ENSP00000286201 9606.ENSP00000354487 0 0 0 62 0 0 211 228 
9606.ENSP00000286201 9606.ENSP00000302814 0 0 0 0 157 0 83 193 
9606.ENSP00000286201 9606.ENSP00000388107 0 0 0 0 175 0 0 175 
9606.ENSP00000286201 9606.ENSP00000356530 0 0 0 0 132 0 62 151 
9606.ENSP00000286201 9606.ENSP00000450456 0 0 0 0 156 0 0 156 
9606.ENSP00000286201 9606.ENSP00000380034 0 0 0 76 0 0 328 353 
9606.ENSP00000286201 9606.ENSP00000272164 0 0 0 61 262 900 635 971 
9606.ENSP00000286201 9606.ENSP00000267750 0 0 0 0 0 0 153 153 
9606.ENSP00000286201 9606.ENSP00000453076 0 0 0 153 0 0 0 153 
9606.ENSP00000286201 9606.ENSP00000344456 0 0 0 63 163 0 833 858 
9606.ENSP00000286201 9606.ENSP00000359795 0 0 0 0 151 0 300 380 
9606.ENSP00000286201 9606.ENSP00000250160 0 0 0 61 0 0 292 306 
9606.ENSP00000286201 9606.ENSP00000301178 0 0 0 69 106 0 71 159 
9606.ENSP00000286201 9606.ENSP00000453793 0 0 0 62 78 0 102 155 
9606.ENSP00000286201 9606.ENSP00000367888 0 0 0 124 187 0 114 313 
9606.ENSP00000286201 9606.ENSP00000479618 0 0 0 0 0 0 655 655 
9606.ENSP00000286201 9606.ENSP00000304283 0 0 0 91 80 900 131 917 
9606.ENSP00000286201 9606.ENSP00000262435 0 0 0 0 64 900 70 905 
9606.ENSP00000286201 9606.ENSP00000259806 0 0 0 69 0 0 138 163 
9606.ENSP00000286201 9606.ENSP00000357040 0 0 0 119 185 0 637 717 
9606.ENSP00000286201 9606.ENSP00000239938 0 0 0 0 76 0 151 182 
9606.ENSP00000286201 9606.ENSP00000263431 0 0 0 0 0 0 191 191 
9606.ENSP00000286201 9606.ENSP00000262320 0 0 0 62 0 0 639 647 
9606.ENSP00000286201 9606.ENSP00000251020 0 0 0 109 0 0 105 168 
9606.ENSP00000286201 9606.ENSP00000268603 0 0 0 86 63 0 189 246 
9606.ENSP00000286201 9606.ENSP00000274063 0 0 0 130 0 600 181 690 
9606.ENSP00000286201 9606.ENSP00000353590 0 0 0 88 130 0 57 186 
9606.ENSP00000286201 9606.ENSP00000358548 0 0 0 0 162 0 73 190 
9606.ENSP00000286201 9606.ENSP00000362717 0 0 0 0 157 0 159 260 
9606.ENSP00000286201 9606.ENSP00000340226 0 0 0 0 156 0 0 156 
9606.ENSP00000286201 9606.ENSP00000357836 0 0 0 0 0 0 487 487 
9606.ENSP00000286201 9606.ENSP00000341032 0 0 0 0 262 900 557 964 
9606.ENSP00000286201 9606.ENSP00000322304 0 0 0 0 0 0 468 468 
9606.ENSP00000286201 9606.ENSP00000249075 0 0 0 0 0 0 178 178 
9606.ENSP00000286201 9606.ENSP00000365514 0 0 0 145 76 0 67 198 
9606.ENSP00000286201 9606.ENSP00000386884 0 0 0 0 0 0 212 212 
9606.ENSP00000286201 9606.ENSP00000364000 0 0 0 118 0 0 138 208 
9606.ENSP00000286201 9606.ENSP00000406861 0 0 0 0 195 0 0 195 
9606.ENSP00000286201 9606.ENSP00000285018 0 0 0 0 299 900 686 976 
9606.ENSP00000286201 9606.ENSP00000339730 0 0 0 0 0 0 235 235 
9606.ENSP00000286201 9606.ENSP00000446007 0 0 0 61 0 0 194 211 
9606.ENSP00000286201 9606.ENSP00000328169 0 0 0 51 118 0 95 176 
9606.ENSP00000286201 9606.ENSP00000341243 0 0 0 0 0 0 380 380 
9606.ENSP00000286201 9606.ENSP00000346829 0 0 0 64 0 0 400 415 
9606.ENSP00000286201 9606.ENSP00000376921 0 0 0 50 50 0 134 150 
9606.ENSP00000286201 9606.ENSP00000222399 0 0 0 108 0 0 106 169 
9606.ENSP00000286201 9606.ENSP00000346671 0 0 0 61 106 0 135 210 
9606.ENSP00000286201 9606.ENSP00000463069 0 0 0 0 134 0 340 404 
9606.ENSP00000286201 9606.ENSP00000356981 0 0 0 0 159 0 0 159 
9606.ENSP00000286201 9606.ENSP00000386992 0 0 0 0 181 0 62 198 
9606.ENSP00000286201 9606.ENSP00000341551 0 0 0 61 80 0 214 262 
9606.ENSP00000286201 9606.ENSP00000222462 0 0 0 0 262 900 536 962 
9606.ENSP00000286201 9606.ENSP00000233809 0 0 0 60 174 0 78 222 
9606.ENSP00000286201 9606.ENSP00000483985 0 0 0 0 0 0 269 269 
9606.ENSP00000286201 9606.ENSP00000376543 0 0 0 0 195 0 0 195 
9606.ENSP00000286201 9606.ENSP00000320147 0 0 0 56 104 0 167 233 
9606.ENSP00000286201 9606.ENSP00000381876 0 0 0 50 128 0 471 523 
9606.ENSP00000286201 9606.ENSP00000403701 0 0 0 0 83 0 311 341 
9606.ENSP00000286201 9606.ENSP00000359085 0 0 0 50 90 0 108 161 
9606.ENSP00000286201 9606.ENSP00000280527 0 0 0 64 195 0 53 224 
9606.ENSP00000286201 9606.ENSP00000478892 0 0 0 0 156 0 0 156 
9606.ENSP00000286201 9606.ENSP00000352601 0 0 0 0 130 0 79 164 
9606.ENSP00000286201 9606.ENSP00000405574 0 0 0 0 0 0 207 207 
9606.ENSP00000286201 9606.ENSP00000374507 0 0 0 57 0 0 281 292 
9606.ENSP00000286201 9606.ENSP00000351209 0 0 0 98 106 0 94 206 
9606.ENSP00000286201 9606.ENSP00000424765 0 0 0 149 0 0 117 216 
9606.ENSP00000286201 9606.ENSP00000078429 0 0 0 79 125 0 47 165 
9606.ENSP00000286201 9606.ENSP00000386043 0 0 0 88 64 0 122 185 
9606.ENSP00000286201 9606.ENSP00000317232 0 0 0 155 0 0 49 162 
9606.ENSP00000286201 9606.ENSP00000360060 0 0 0 0 0 0 266 266 
9606.ENSP00000286201 9606.ENSP00000239461 0 0 0 71 157 0 52 192 
9606.ENSP00000286201 9606.ENSP00000462468 0 0 0 85 106 0 122 219 
9606.ENSP00000286201 9606.ENSP00000287008 0 0 0 76 63 0 139 190 
9606.ENSP00000286201 9606.ENSP00000480660 0 0 0 0 168 0 158 269 
9606.ENSP00000286201 9606.ENSP00000419298 0 0 0 0 0 0 173 173 
9606.ENSP00000286201 9606.ENSP00000297268 0 0 0 107 0 0 96 158 
9606.ENSP00000286201 9606.ENSP00000440402 0 0 0 83 0 0 120 158 
9606.ENSP00000286201 9606.ENSP00000221166 0 0 0 0 195 0 45 198 
9606.ENSP00000286201 9606.ENSP00000254181 0 0 0 0 159 0 0 159 
9606.ENSP00000286201 9606.ENSP00000321797 0 0 0 0 0 0 183 183 
9606.ENSP00000286201 9606.ENSP00000285311 0 0 0 0 84 0 356 384 
9606.ENSP00000286201 9606.ENSP00000333298 0 0 0 50 142 0 58 165 
9606.ENSP00000286201 9606.ENSP00000443631 0 0 0 67 157 0 80 213 
9606.ENSP00000286201 9606.ENSP00000266674 0 0 0 65 0 0 477 490 
9606.ENSP00000286201 9606.ENSP00000307411 0 0 0 0 163 0 0 163 
9606.ENSP00000286201 9606.ENSP00000296181 0 0 0 106 86 0 80 183 
9606.ENSP00000286201 9606.ENSP00000379762 0 0 0 105 84 0 364 433 
9606.ENSP00000286201 9606.ENSP00000311290 0 0 0 0 156 0 0 156 
9606.ENSP00000286201 9606.ENSP00000480750 0 0 0 0 195 0 0 195 
9606.ENSP00000286201 9606.ENSP00000377854 0 0 0 55 157 0 95 216 
9606.ENSP00000286201 9606.ENSP00000262103 0 0 0 0 55 0 157 169 
9606.ENSP00000286201 9606.ENSP00000263826 0 0 0 63 106 0 80 162 
9606.ENSP00000286201 9606.ENSP00000450527 0 0 0 0 157 0 118 224 
9606.ENSP00000286201 9606.ENSP00000371858 0 0 0 60 0 0 133 150 
9606.ENSP00000286201 9606.ENSP00000373487 0 0 0 77 0 0 172 204 
9606.ENSP00000286201 9606.ENSP00000363492 0 0 0 0 0 0 194 194 
9606.ENSP00000286201 9606.ENSP00000400341 0 0 0 49 0 0 213 220 
9606.ENSP00000286201 9606.ENSP00000449404 0 0 0 61 0 0 162 180 
9606.ENSP00000286201 9606.ENSP00000364979 0 0 0 135 0 0 186 266 
9606.ENSP00000286201 9606.ENSP00000272233 0 0 0 0 157 0 132 237 
9606.ENSP00000286201 9606.ENSP00000460236 0 0 0 0 0 0 169 169 
9606.ENSP00000286201 9606.ENSP00000387261 0 0 0 0 0 0 157 157 
9606.ENSP00000286201 9606.ENSP00000343027 0 0 0 63 260 0 70 299 
9606.ENSP00000286201 9606.ENSP00000355896 0 0 0 76 0 0 194 224 
9606.ENSP00000286201 9606.ENSP00000284523 0 0 0 49 336 900 693 978 
9606.ENSP00000286201 9606.ENSP00000358404 0 0 0 64 0 0 496 508 
9606.ENSP00000286201 9606.ENSP00000361405 0 0 0 0 0 0 174 174 
9606.ENSP00000286201 9606.ENSP00000248071 0 0 0 0 76 0 125 157 
9606.ENSP00000286201 9606.ENSP00000361107 0 0 0 61 106 0 170 242 
9606.ENSP00000286201 9606.ENSP00000267101 0 0 0 49 134 0 208 291 
9606.ENSP00000286201 9606.ENSP00000282111 0 0 0 90 0 0 420 450 
9606.ENSP00000286201 9606.ENSP00000257414 0 0 0 76 0 0 127 160 
9606.ENSP00000286201 9606.ENSP00000401907 0 0 0 61 106 0 126 202 
9606.ENSP00000286201 9606.ENSP00000386665 0 0 0 0 84 0 152 190 
9606.ENSP00000286201 9606.ENSP00000260227 0 0 0 0 0 0 268 268 
9606.ENSP00000286201 9606.ENSP00000286574 0 0 0 71 181 0 456 550 
9606.ENSP00000286201 9606.ENSP00000379512 0 0 0 62 141 0 0 159 
9606.ENSP00000286201 9606.ENSP00000346839 0 0 0 94 0 0 377 412 
9606.ENSP00000286201 9606.ENSP00000334186 0 0 0 0 263 0 42 263 
9606.ENSP00000286201 9606.ENSP00000356828 0 0 0 0 361 0 66 377 
9606.ENSP00000286201 9606.ENSP00000355082 0 0 0 167 63 0 0 186 
9606.ENSP00000286201 9606.ENSP00000368767 0 0 0 58 0 0 149 165 
9606.ENSP00000286201 9606.ENSP00000297161 0 0 0 63 195 0 43 215 
9606.ENSP00000286201 9606.ENSP00000331242 0 0 0 52 0 0 250 258 
9606.ENSP00000286201 9606.ENSP00000345206 0 0 0 62 0 0 173 191 
9606.ENSP00000286201 9606.ENSP00000239243 0 0 0 63 0 0 160 179 
9606.ENSP00000286201 9606.ENSP00000367762 0 0 0 76 157 0 127 261 
9606.ENSP00000286201 9606.ENSP00000167586 0 0 0 0 0 0 161 161 
9606.ENSP00000286201 9606.ENSP00000301599 0 0 0 0 0 0 252 252 
9606.ENSP00000286201 9606.ENSP00000304408 0 0 0 88 0 0 110 154 
9606.ENSP00000286201 9606.ENSP00000225512 0 0 0 49 570 900 644 983 
9606.ENSP00000286201 9606.ENSP00000360689 0 0 0 63 57 0 248 277 
9606.ENSP00000286201 9606.ENSP00000427552 0 0 0 94 0 0 107 156 
9606.ENSP00000286201 9606.ENSP00000382697 0 0 0 0 133 0 127 210 
9606.ENSP00000286201 9606.ENSP00000304226 0 0 0 0 148 0 55 160 
9606.ENSP00000286201 9606.ENSP00000420617 0 0 0 0 167 0 0 167 
9606.ENSP00000286201 9606.ENSP00000367177 0 0 0 0 63 0 284 301 
