9606.ENSP00000361014 9606.ENSP00000302640 0 0 0 0 0 0 465 465 
9606.ENSP00000361014 9606.ENSP00000360266 0 0 0 61 0 0 247 263 
9606.ENSP00000361014 9606.ENSP00000297203 0 0 0 0 0 0 334 334 
9606.ENSP00000361014 9606.ENSP00000232564 0 0 0 0 0 0 160 160 
9606.ENSP00000361014 9606.ENSP00000377036 0 0 0 0 0 0 198 198 
9606.ENSP00000361014 9606.ENSP00000250896 0 0 0 62 0 800 67 809 
9606.ENSP00000361014 9606.ENSP00000310170 0 0 0 0 0 0 243 243 
9606.ENSP00000361014 9606.ENSP00000242839 0 0 0 0 0 0 165 165 
9606.ENSP00000361014 9606.ENSP00000252729 0 0 0 0 0 0 280 280 
9606.ENSP00000361014 9606.ENSP00000431512 0 0 0 0 0 0 215 215 
9606.ENSP00000361014 9606.ENSP00000483254 0 0 0 0 0 0 213 213 
9606.ENSP00000361014 9606.ENSP00000378974 0 0 0 0 0 0 153 153 
9606.ENSP00000361014 9606.ENSP00000256495 0 0 0 84 0 0 170 207 
9606.ENSP00000361014 9606.ENSP00000367629 0 0 0 61 0 0 135 153 
9606.ENSP00000361014 9606.ENSP00000332604 0 0 0 0 0 0 242 242 
9606.ENSP00000361014 9606.ENSP00000361626 0 0 0 0 0 0 167 167 
9606.ENSP00000361014 9606.ENSP00000444029 0 0 0 0 0 0 317 317 
9606.ENSP00000361014 9606.ENSP00000348161 0 0 0 0 0 0 177 177 
9606.ENSP00000361014 9606.ENSP00000173229 0 0 0 0 0 0 390 390 
9606.ENSP00000361014 9606.ENSP00000310649 0 0 0 0 0 0 210 210 
9606.ENSP00000361014 9606.ENSP00000385571 0 0 0 0 100 0 161 212 
9606.ENSP00000361014 9606.ENSP00000449381 0 0 0 66 0 0 198 219 
9606.ENSP00000361014 9606.ENSP00000314348 0 0 0 0 0 0 221 221 
9606.ENSP00000361014 9606.ENSP00000250535 0 0 0 0 0 0 447 447 
9606.ENSP00000361014 9606.ENSP00000272748 0 0 0 0 0 0 158 158 
9606.ENSP00000361014 9606.ENSP00000435412 0 0 0 77 0 0 207 236 
9606.ENSP00000361014 9606.ENSP00000370669 0 0 0 0 0 0 165 165 
9606.ENSP00000361014 9606.ENSP00000233027 0 0 0 0 0 0 250 250 
9606.ENSP00000361014 9606.ENSP00000215659 0 0 0 0 168 0 179 288 
9606.ENSP00000361014 9606.ENSP00000302476 0 0 0 57 0 0 207 220 
9606.ENSP00000361014 9606.ENSP00000364289 0 0 0 0 0 0 171 171 
9606.ENSP00000361014 9606.ENSP00000343171 0 0 0 0 0 0 267 267 
9606.ENSP00000361014 9606.ENSP00000307272 0 0 0 0 0 0 243 243 
9606.ENSP00000361014 9606.ENSP00000336831 0 0 0 0 0 0 173 173 
9606.ENSP00000361014 9606.ENSP00000394734 0 0 0 0 0 0 244 244 
9606.ENSP00000361014 9606.ENSP00000440045 0 0 0 63 0 0 173 191 
9606.ENSP00000361014 9606.ENSP00000371201 0 0 0 0 0 0 186 186 
9606.ENSP00000361014 9606.ENSP00000357727 0 0 0 61 0 0 155 173 
9606.ENSP00000361014 9606.ENSP00000362680 0 0 0 0 0 0 214 214 
9606.ENSP00000361014 9606.ENSP00000386972 0 0 0 0 0 0 179 179 
9606.ENSP00000361014 9606.ENSP00000306245 0 0 0 61 0 0 182 199 
9606.ENSP00000361014 9606.ENSP00000262948 0 0 0 0 0 0 174 174 
9606.ENSP00000361014 9606.ENSP00000349490 0 0 0 0 0 0 152 152 
9606.ENSP00000361014 9606.ENSP00000369965 0 0 0 0 0 0 243 243 
9606.ENSP00000361014 9606.ENSP00000435926 0 0 0 0 185 0 81 219 
9606.ENSP00000361014 9606.ENSP00000479667 0 0 0 0 0 0 165 165 
9606.ENSP00000361014 9606.ENSP00000358105 0 0 0 209 0 0 0 209 
9606.ENSP00000361014 9606.ENSP00000356030 0 0 0 0 0 0 299 299 
9606.ENSP00000361014 9606.ENSP00000378191 0 0 0 0 0 0 167 167 
9606.ENSP00000361014 9606.ENSP00000398017 0 0 0 60 0 0 167 183 
9606.ENSP00000361014 9606.ENSP00000253108 0 0 0 0 0 0 171 171 
9606.ENSP00000361014 9606.ENSP00000465039 0 0 0 0 0 0 181 181 
9606.ENSP00000361014 9606.ENSP00000404570 0 0 0 63 131 0 0 150 
9606.ENSP00000361014 9606.ENSP00000344215 0 0 0 0 0 0 176 176 
9606.ENSP00000361014 9606.ENSP00000265140 0 0 0 0 0 0 347 347 
9606.ENSP00000361014 9606.ENSP00000398698 0 0 0 0 0 0 163 163 
9606.ENSP00000361014 9606.ENSP00000260810 0 0 0 0 0 0 175 175 
9606.ENSP00000361014 9606.ENSP00000366306 0 0 0 0 379 900 128 941 
9606.ENSP00000361014 9606.ENSP00000430598 0 0 0 0 0 0 398 398 
9606.ENSP00000361014 9606.ENSP00000369786 0 0 0 0 0 0 173 173 
9606.ENSP00000361014 9606.ENSP00000483786 0 0 0 0 0 0 173 173 
9606.ENSP00000361014 9606.ENSP00000264883 0 0 0 0 0 0 167 167 
9606.ENSP00000361014 9606.ENSP00000267889 0 0 0 0 0 0 222 222 
9606.ENSP00000361014 9606.ENSP00000358983 0 0 0 54 0 0 138 150 
9606.ENSP00000361014 9606.ENSP00000321203 0 0 0 61 98 0 277 334 
9606.ENSP00000361014 9606.ENSP00000357981 0 0 0 224 0 0 50 232 
9606.ENSP00000361014 9606.ENSP00000389140 0 0 0 0 0 0 469 469 
9606.ENSP00000361014 9606.ENSP00000347277 0 0 0 0 0 0 184 184 
9606.ENSP00000361014 9606.ENSP00000363574 0 0 0 0 0 0 185 185 
9606.ENSP00000361014 9606.ENSP00000005340 0 0 0 85 0 0 128 168 
9606.ENSP00000361014 9606.ENSP00000269159 0 0 0 0 0 0 214 214 
9606.ENSP00000361014 9606.ENSP00000269305 0 0 0 0 0 0 211 211 
9606.ENSP00000361014 9606.ENSP00000280154 0 0 0 63 0 0 165 184 
9606.ENSP00000361014 9606.ENSP00000308717 0 0 0 0 0 0 249 249 
9606.ENSP00000361014 9606.ENSP00000323678 0 0 0 0 0 0 225 225 
9606.ENSP00000361014 9606.ENSP00000222812 0 0 0 0 0 0 224 224 
9606.ENSP00000361014 9606.ENSP00000387699 0 0 0 0 0 0 165 165 
9606.ENSP00000361014 9606.ENSP00000278882 0 0 0 0 0 0 163 163 
9606.ENSP00000361014 9606.ENSP00000261537 0 0 0 62 0 0 132 151 
9606.ENSP00000361014 9606.ENSP00000268164 0 0 0 63 0 0 166 185 
9606.ENSP00000361014 9606.ENSP00000380659 0 0 0 0 0 0 197 197 
9606.ENSP00000361014 9606.ENSP00000312455 0 0 0 69 0 0 149 174 
9606.ENSP00000361014 9606.ENSP00000356436 0 0 0 0 379 900 281 951 
9606.ENSP00000361014 9606.ENSP00000264716 0 0 0 0 0 0 191 191 
9606.ENSP00000361014 9606.ENSP00000337691 0 0 0 0 133 0 134 217 
9606.ENSP00000361014 9606.ENSP00000298910 0 0 0 0 50 0 232 239 
9606.ENSP00000361014 9606.ENSP00000247992 0 0 0 0 0 0 222 222 
9606.ENSP00000361014 9606.ENSP00000315743 0 0 0 154 0 0 0 154 
9606.ENSP00000361014 9606.ENSP00000376333 0 0 0 85 114 0 43 156 
9606.ENSP00000361014 9606.ENSP00000265372 0 0 0 0 185 0 56 197 
9606.ENSP00000361014 9606.ENSP00000256441 0 0 0 0 0 0 221 221 
9606.ENSP00000361014 9606.ENSP00000361021 0 0 0 61 0 0 187 203 
9606.ENSP00000361014 9606.ENSP00000275493 0 0 0 0 0 0 198 198 
9606.ENSP00000361014 9606.ENSP00000302486 0 0 0 0 0 0 188 188 
9606.ENSP00000361014 9606.ENSP00000324277 0 0 0 58 0 0 269 281 
9606.ENSP00000361014 9606.ENSP00000480499 0 0 0 63 0 0 226 243 
9606.ENSP00000361014 9606.ENSP00000222329 0 0 0 64 0 0 173 192 
9606.ENSP00000361014 9606.ENSP00000303394 0 0 0 57 0 0 187 200 
9606.ENSP00000361014 9606.ENSP00000353132 0 0 0 0 100 0 455 488 
9606.ENSP00000361014 9606.ENSP00000431800 0 0 0 0 0 0 174 174 
9606.ENSP00000361014 9606.ENSP00000313007 0 0 0 0 0 0 475 475 
9606.ENSP00000361014 9606.ENSP00000401303 0 0 0 0 0 0 163 163 
9606.ENSP00000361014 9606.ENSP00000358795 0 0 0 80 0 0 139 174 
9606.ENSP00000361014 9606.ENSP00000275766 0 0 0 0 0 0 280 280 
9606.ENSP00000361014 9606.ENSP00000310006 0 0 0 61 0 0 159 176 
9606.ENSP00000361014 9606.ENSP00000184266 0 0 0 0 0 0 157 157 
9606.ENSP00000361014 9606.ENSP00000296577 0 0 0 0 0 0 162 162 
9606.ENSP00000361014 9606.ENSP00000381148 0 0 0 233 0 0 54 243 
9606.ENSP00000361014 9606.ENSP00000398861 0 0 0 61 0 0 134 152 
9606.ENSP00000361014 9606.ENSP00000345728 0 0 0 0 0 0 670 670 
9606.ENSP00000361014 9606.ENSP00000261879 0 0 0 209 0 0 0 209 
9606.ENSP00000361014 9606.ENSP00000239223 0 0 0 0 0 0 151 151 
9606.ENSP00000361014 9606.ENSP00000365439 0 0 0 0 0 0 171 171 
9606.ENSP00000361014 9606.ENSP00000484903 0 0 0 0 0 0 227 227 
9606.ENSP00000361014 9606.ENSP00000354125 0 0 0 0 0 0 212 212 
9606.ENSP00000361014 9606.ENSP00000313199 0 0 0 0 0 0 309 309 
9606.ENSP00000361014 9606.ENSP00000317992 0 0 0 0 0 0 168 168 
9606.ENSP00000361014 9606.ENSP00000481045 0 0 0 81 0 0 145 180 
9606.ENSP00000361014 9606.ENSP00000282908 0 0 0 51 0 0 147 156 
9606.ENSP00000361014 9606.ENSP00000325546 0 0 0 0 0 0 173 173 
9606.ENSP00000361014 9606.ENSP00000216373 0 0 0 0 0 0 210 210 
9606.ENSP00000361014 9606.ENSP00000386229 0 0 0 61 0 0 216 233 
9606.ENSP00000361014 9606.ENSP00000265753 0 0 0 0 0 0 187 187 
9606.ENSP00000361014 9606.ENSP00000225577 0 0 0 53 0 0 184 194 
9606.ENSP00000361014 9606.ENSP00000380432 0 0 0 0 0 0 228 228 
9606.ENSP00000361014 9606.ENSP00000268933 0 0 0 400 0 0 0 400 
9606.ENSP00000361014 9606.ENSP00000258416 0 0 0 0 129 800 161 841 
9606.ENSP00000361014 9606.ENSP00000261845 0 0 0 0 133 0 346 408 
9606.ENSP00000361014 9606.ENSP00000363668 0 0 0 0 0 0 188 188 
9606.ENSP00000361014 9606.ENSP00000361359 0 0 0 64 0 0 282 299 
9606.ENSP00000361014 9606.ENSP00000211287 0 0 0 0 168 0 94 214 
9606.ENSP00000361014 9606.ENSP00000334785 0 0 0 0 0 0 319 319 
9606.ENSP00000361014 9606.ENSP00000302564 0 0 0 55 0 0 160 172 
9606.ENSP00000361014 9606.ENSP00000344352 0 0 0 61 0 0 267 283 
9606.ENSP00000361014 9606.ENSP00000229135 0 0 0 0 0 0 195 195 
9606.ENSP00000361014 9606.ENSP00000302961 0 0 0 0 0 0 227 227 
9606.ENSP00000361014 9606.ENSP00000406209 0 0 0 232 0 0 0 232 
9606.ENSP00000361014 9606.ENSP00000261769 0 0 0 0 0 0 229 229 
9606.ENSP00000361014 9606.ENSP00000277541 0 0 0 0 150 0 90 193 
9606.ENSP00000361014 9606.ENSP00000356920 0 0 0 0 0 0 161 161 
9606.ENSP00000361014 9606.ENSP00000405330 0 0 0 0 0 0 221 221 
9606.ENSP00000361014 9606.ENSP00000333401 0 0 0 0 0 0 196 196 
9606.ENSP00000361014 9606.ENSP00000396467 0 0 0 81 0 0 143 179 
9606.ENSP00000361014 9606.ENSP00000301488 0 0 0 0 0 0 174 174 
9606.ENSP00000361014 9606.ENSP00000341677 0 0 0 0 0 0 213 213 
9606.ENSP00000361014 9606.ENSP00000263026 0 0 0 50 0 0 212 219 
9606.ENSP00000361014 9606.ENSP00000361232 0 0 0 0 0 0 222 222 
9606.ENSP00000361014 9606.ENSP00000358022 0 0 0 64 0 0 211 229 
9606.ENSP00000361014 9606.ENSP00000265171 0 0 0 0 0 0 248 248 
9606.ENSP00000361014 9606.ENSP00000262850 0 0 0 0 0 0 219 219 
9606.ENSP00000361014 9606.ENSP00000339637 0 0 0 0 0 0 256 256 
9606.ENSP00000361014 9606.ENSP00000290299 0 0 0 0 0 0 224 224 
9606.ENSP00000361014 9606.ENSP00000317000 0 0 0 0 0 0 167 167 
9606.ENSP00000361014 9606.ENSP00000380958 0 0 0 0 320 0 69 339 
9606.ENSP00000361014 9606.ENSP00000311032 0 0 0 0 0 0 163 163 
9606.ENSP00000361014 9606.ENSP00000368710 0 0 0 0 0 0 183 183 
9606.ENSP00000361014 9606.ENSP00000280481 0 0 0 63 0 0 173 192 
9606.ENSP00000361014 9606.ENSP00000362566 0 0 0 0 0 0 216 216 
9606.ENSP00000361014 9606.ENSP00000362314 0 0 0 61 0 0 361 375 
9606.ENSP00000361014 9606.ENSP00000370201 0 0 0 0 0 0 169 169 
9606.ENSP00000361014 9606.ENSP00000253099 0 0 0 0 0 0 235 235 
9606.ENSP00000361014 9606.ENSP00000235521 0 0 0 0 0 0 171 171 
9606.ENSP00000361014 9606.ENSP00000481038 0 0 0 0 0 0 212 212 
9606.ENSP00000361014 9606.ENSP00000336790 0 0 0 62 0 800 141 824 
9606.ENSP00000361014 9606.ENSP00000368022 0 0 0 0 0 0 185 185 
9606.ENSP00000361014 9606.ENSP00000401371 0 0 0 0 0 0 171 171 
9606.ENSP00000361014 9606.ENSP00000338345 0 0 0 0 0 0 221 221 
9606.ENSP00000361014 9606.ENSP00000369757 0 0 0 0 0 0 323 323 
9606.ENSP00000361014 9606.ENSP00000432083 0 0 0 0 0 0 250 250 
9606.ENSP00000361014 9606.ENSP00000315299 0 0 0 0 0 0 165 165 
9606.ENSP00000361014 9606.ENSP00000216190 0 0 0 0 0 0 240 240 
9606.ENSP00000361014 9606.ENSP00000264246 0 0 0 63 0 0 299 315 
9606.ENSP00000361014 9606.ENSP00000349595 0 0 0 63 0 0 173 191 
9606.ENSP00000361014 9606.ENSP00000345083 0 0 0 0 0 0 190 190 
9606.ENSP00000361014 9606.ENSP00000322020 0 0 0 0 0 0 196 196 
9606.ENSP00000361014 9606.ENSP00000268711 0 0 0 0 0 0 225 225 
9606.ENSP00000361014 9606.ENSP00000268035 0 0 0 55 0 0 164 176 
9606.ENSP00000361014 9606.ENSP00000384625 0 0 0 0 0 0 199 199 
9606.ENSP00000361014 9606.ENSP00000390625 0 0 0 0 0 0 159 159 
9606.ENSP00000361014 9606.ENSP00000332723 0 0 0 0 0 0 173 173 
9606.ENSP00000361014 9606.ENSP00000241502 0 0 0 0 0 0 208 208 
9606.ENSP00000361014 9606.ENSP00000341826 0 0 0 0 0 0 640 640 
9606.ENSP00000361014 9606.ENSP00000256383 0 0 0 0 0 0 217 217 
9606.ENSP00000361014 9606.ENSP00000382840 0 0 0 0 0 0 162 162 
9606.ENSP00000361014 9606.ENSP00000367263 0 0 0 0 0 0 249 249 
9606.ENSP00000361014 9606.ENSP00000429931 0 0 0 0 0 0 225 225 
9606.ENSP00000361014 9606.ENSP00000227507 0 0 0 62 0 0 290 305 
9606.ENSP00000361014 9606.ENSP00000357869 0 0 0 175 0 0 92 218 
9606.ENSP00000361014 9606.ENSP00000368169 0 0 0 130 0 0 128 208 
9606.ENSP00000361014 9606.ENSP00000286364 0 0 0 0 0 0 168 168 
9606.ENSP00000361014 9606.ENSP00000419449 0 0 0 0 0 0 248 248 
9606.ENSP00000361014 9606.ENSP00000427015 0 0 0 0 0 0 180 180 
9606.ENSP00000361014 9606.ENSP00000361769 0 0 0 0 0 0 196 196 
9606.ENSP00000361014 9606.ENSP00000315017 0 0 0 0 0 0 193 193 
9606.ENSP00000361014 9606.ENSP00000286301 0 0 0 132 0 0 68 156 
9606.ENSP00000361014 9606.ENSP00000379607 0 0 0 0 0 0 800 800 
9606.ENSP00000361014 9606.ENSP00000452123 0 0 0 61 0 0 300 315 
9606.ENSP00000361014 9606.ENSP00000418447 0 0 0 61 379 900 68 938 
9606.ENSP00000361014 9606.ENSP00000308334 0 0 0 0 0 0 203 203 
9606.ENSP00000361014 9606.ENSP00000386239 0 0 0 62 0 0 132 151 
9606.ENSP00000361014 9606.ENSP00000238146 0 0 0 62 0 0 202 219 
9606.ENSP00000361014 9606.ENSP00000374455 0 0 0 81 0 0 143 178 
9606.ENSP00000361014 9606.ENSP00000229795 0 0 0 61 784 900 210 981 
9606.ENSP00000361014 9606.ENSP00000359498 0 0 0 0 0 0 619 619 
9606.ENSP00000361014 9606.ENSP00000421185 0 0 0 0 0 0 269 269 
9606.ENSP00000361014 9606.ENSP00000315397 0 0 0 0 0 0 267 267 
9606.ENSP00000361014 9606.ENSP00000256925 0 0 0 62 0 0 157 175 
9606.ENSP00000361014 9606.ENSP00000262187 0 0 0 0 80 0 203 235 
9606.ENSP00000361014 9606.ENSP00000485259 0 0 0 0 150 0 68 173 
9606.ENSP00000361014 9606.ENSP00000381070 0 0 0 0 0 0 201 201 
9606.ENSP00000361014 9606.ENSP00000340874 0 0 0 61 0 0 186 203 
9606.ENSP00000361014 9606.ENSP00000233057 0 0 0 61 0 0 133 151 
9606.ENSP00000361014 9606.ENSP00000301671 0 0 0 165 0 0 0 165 
9606.ENSP00000361014 9606.ENSP00000394560 0 0 0 0 0 0 192 192 
9606.ENSP00000361014 9606.ENSP00000354558 0 0 0 62 0 0 399 412 
9606.ENSP00000361014 9606.ENSP00000451291 0 0 0 0 0 0 212 212 
9606.ENSP00000361014 9606.ENSP00000290472 0 0 0 0 0 0 173 173 
9606.ENSP00000361014 9606.ENSP00000407586 0 0 0 0 133 0 211 287 
9606.ENSP00000361014 9606.ENSP00000375067 0 0 0 63 0 0 224 241 
9606.ENSP00000361014 9606.ENSP00000454207 0 0 0 55 72 0 146 186 
9606.ENSP00000361014 9606.ENSP00000377262 0 0 0 0 0 0 169 169 
9606.ENSP00000361014 9606.ENSP00000383234 0 0 0 0 133 0 73 162 
9606.ENSP00000361014 9606.ENSP00000293831 0 0 0 62 0 900 641 963 
9606.ENSP00000361014 9606.ENSP00000387111 0 0 0 0 0 0 161 161 
9606.ENSP00000361014 9606.ENSP00000265960 0 0 0 0 0 0 469 469 
9606.ENSP00000361014 9606.ENSP00000388806 0 0 0 61 0 0 495 506 
9606.ENSP00000361014 9606.ENSP00000177742 0 0 0 0 0 0 238 238 
9606.ENSP00000361014 9606.ENSP00000416255 0 0 0 63 379 900 800 986 
9606.ENSP00000361014 9606.ENSP00000394107 0 0 0 0 0 0 203 203 
9606.ENSP00000361014 9606.ENSP00000369042 0 0 0 0 0 0 501 501 
9606.ENSP00000361014 9606.ENSP00000333685 0 0 0 61 515 900 143 955 
9606.ENSP00000361014 9606.ENSP00000311905 0 0 0 0 84 0 131 169 
9606.ENSP00000361014 9606.ENSP00000346080 0 0 0 63 190 0 0 208 
9606.ENSP00000361014 9606.ENSP00000296741 0 0 0 0 0 0 203 203 
9606.ENSP00000361014 9606.ENSP00000261868 0 0 0 0 0 0 309 309 
9606.ENSP00000361014 9606.ENSP00000200453 0 0 0 121 0 0 86 162 
9606.ENSP00000361014 9606.ENSP00000262746 0 0 0 0 0 0 153 153 
9606.ENSP00000361014 9606.ENSP00000310356 0 0 0 0 0 0 171 171 
9606.ENSP00000361014 9606.ENSP00000352561 0 0 0 0 0 0 185 185 
9606.ENSP00000361014 9606.ENSP00000352438 0 0 0 0 0 0 159 159 
9606.ENSP00000361014 9606.ENSP00000221138 0 0 0 61 0 900 50 903 
9606.ENSP00000361014 9606.ENSP00000320821 0 0 0 49 111 0 94 167 
9606.ENSP00000361014 9606.ENSP00000408695 0 0 0 62 0 0 176 194 
9606.ENSP00000361014 9606.ENSP00000426613 0 0 0 62 0 0 139 158 
9606.ENSP00000361014 9606.ENSP00000356906 0 0 0 0 0 0 254 254 
9606.ENSP00000361014 9606.ENSP00000269349 0 0 0 0 0 0 164 164 
9606.ENSP00000361014 9606.ENSP00000369739 0 0 0 0 0 0 219 219 
9606.ENSP00000361014 9606.ENSP00000300151 0 0 0 0 0 0 231 231 
9606.ENSP00000361014 9606.ENSP00000334563 0 0 0 172 0 0 64 191 
9606.ENSP00000361014 9606.ENSP00000433664 0 0 0 62 294 0 711 791 
9606.ENSP00000361014 9606.ENSP00000343925 0 0 0 0 0 0 256 256 
9606.ENSP00000361014 9606.ENSP00000282892 0 0 0 0 0 0 167 167 
9606.ENSP00000361014 9606.ENSP00000369154 0 0 0 0 0 0 186 186 
9606.ENSP00000361014 9606.ENSP00000220849 0 0 0 0 0 0 445 445 
9606.ENSP00000361014 9606.ENSP00000390722 0 0 0 54 0 0 187 198 
9606.ENSP00000361014 9606.ENSP00000236877 0 0 0 0 0 0 165 165 
9606.ENSP00000361014 9606.ENSP00000437073 0 0 0 172 0 0 75 201 
9606.ENSP00000361014 9606.ENSP00000366513 0 0 0 0 0 0 217 217 
9606.ENSP00000361014 9606.ENSP00000342931 0 0 0 0 0 0 226 226 
9606.ENSP00000361014 9606.ENSP00000451828 0 0 0 54 0 0 169 180 
9606.ENSP00000361014 9606.ENSP00000356070 0 0 0 81 0 0 156 192 
9606.ENSP00000361014 9606.ENSP00000380942 0 0 0 61 0 0 173 191 
9606.ENSP00000361014 9606.ENSP00000324804 0 0 0 0 0 900 0 900 
9606.ENSP00000361014 9606.ENSP00000256646 0 0 0 0 150 0 68 173 
9606.ENSP00000361014 9606.ENSP00000316054 0 0 0 85 0 0 128 168 
9606.ENSP00000361014 9606.ENSP00000416293 0 0 0 0 0 0 203 203 
9606.ENSP00000361014 9606.ENSP00000376345 0 0 0 61 0 0 186 202 
9606.ENSP00000361014 9606.ENSP00000352167 0 0 0 0 0 0 197 197 
9606.ENSP00000361014 9606.ENSP00000436049 0 0 0 0 0 0 161 161 
9606.ENSP00000361014 9606.ENSP00000359364 0 0 0 0 0 0 190 190 
9606.ENSP00000361014 9606.ENSP00000216554 0 0 0 0 0 0 317 317 
9606.ENSP00000361014 9606.ENSP00000419782 0 0 0 0 0 0 159 159 
9606.ENSP00000361014 9606.ENSP00000248342 0 0 0 0 0 0 222 222 
9606.ENSP00000361014 9606.ENSP00000361206 0 0 0 0 0 0 208 208 
9606.ENSP00000361014 9606.ENSP00000382004 0 0 0 0 0 0 298 298 
9606.ENSP00000361014 9606.ENSP00000219476 0 0 0 0 0 0 262 262 
9606.ENSP00000361014 9606.ENSP00000324573 0 0 0 64 50 0 154 182 
9606.ENSP00000361014 9606.ENSP00000464060 0 0 0 0 150 0 68 173 
9606.ENSP00000361014 9606.ENSP00000359098 0 0 0 0 0 0 299 299 
9606.ENSP00000361014 9606.ENSP00000459799 0 0 0 66 0 0 228 248 
9606.ENSP00000361014 9606.ENSP00000254958 0 0 0 61 131 0 44 151 
9606.ENSP00000361014 9606.ENSP00000273062 0 0 0 300 0 0 57 311 
9606.ENSP00000361014 9606.ENSP00000263791 0 0 0 0 0 0 224 224 
9606.ENSP00000361014 9606.ENSP00000443926 0 0 0 0 185 0 50 193 
9606.ENSP00000361014 9606.ENSP00000340691 0 0 0 55 0 0 540 546 
9606.ENSP00000361014 9606.ENSP00000481675 0 0 0 0 0 0 157 157 
9606.ENSP00000361014 9606.ENSP00000229304 0 0 0 0 0 0 353 353 
9606.ENSP00000361014 9606.ENSP00000346088 0 0 0 63 261 0 0 277 
9606.ENSP00000361014 9606.ENSP00000420927 0 0 0 50 0 0 146 154 
9606.ENSP00000361014 9606.ENSP00000329697 0 0 0 217 0 0 0 217 
9606.ENSP00000361014 9606.ENSP00000332049 0 0 0 0 0 0 313 313 
9606.ENSP00000361014 9606.ENSP00000417190 0 0 0 0 0 0 169 169 
9606.ENSP00000361014 9606.ENSP00000373404 0 0 0 0 0 0 244 244 
9606.ENSP00000361014 9606.ENSP00000305422 0 0 0 81 0 0 282 311 
9606.ENSP00000361014 9606.ENSP00000323670 0 0 0 189 0 0 0 189 
9606.ENSP00000361014 9606.ENSP00000433511 0 0 0 0 0 0 202 202 
9606.ENSP00000361014 9606.ENSP00000380131 0 0 0 60 0 0 167 183 
9606.ENSP00000361014 9606.ENSP00000273317 0 0 0 55 0 0 148 161 
9606.ENSP00000361014 9606.ENSP00000263025 0 0 0 55 477 900 179 954 
9606.ENSP00000361014 9606.ENSP00000248553 0 0 0 57 0 0 213 226 
9606.ENSP00000361014 9606.ENSP00000356438 0 0 0 0 0 0 198 198 
9606.ENSP00000361014 9606.ENSP00000354671 0 0 0 0 0 0 180 180 
9606.ENSP00000361014 9606.ENSP00000435373 0 0 0 0 0 0 575 575 
9606.ENSP00000361014 9606.ENSP00000478570 0 0 0 0 0 0 165 165 
9606.ENSP00000361014 9606.ENSP00000307940 0 0 0 0 0 0 314 314 
9606.ENSP00000361014 9606.ENSP00000256078 0 0 0 0 133 0 151 233 
9606.ENSP00000361014 9606.ENSP00000019317 0 0 0 0 0 0 257 257 
9606.ENSP00000361014 9606.ENSP00000378505 0 0 0 0 0 0 244 244 
9606.ENSP00000361014 9606.ENSP00000425561 0 0 0 0 397 900 926 995 
9606.ENSP00000361014 9606.ENSP00000314067 0 0 0 0 514 0 248 619 
9606.ENSP00000361014 9606.ENSP00000385269 0 0 0 0 0 0 213 213 
9606.ENSP00000361014 9606.ENSP00000371614 0 0 0 0 0 0 243 243 
9606.ENSP00000361014 9606.ENSP00000479618 0 0 0 0 0 0 293 293 
9606.ENSP00000361014 9606.ENSP00000357440 0 0 0 0 0 0 354 354 
9606.ENSP00000361014 9606.ENSP00000239938 0 0 0 64 0 0 189 209 
9606.ENSP00000361014 9606.ENSP00000478783 0 0 0 0 0 0 164 164 
9606.ENSP00000361014 9606.ENSP00000368496 0 0 0 0 0 0 287 287 
9606.ENSP00000361014 9606.ENSP00000258105 0 0 0 0 0 0 209 209 
9606.ENSP00000361014 9606.ENSP00000359552 0 0 0 61 0 0 186 203 
9606.ENSP00000361014 9606.ENSP00000357177 0 0 0 61 0 0 187 204 
9606.ENSP00000361014 9606.ENSP00000349541 0 0 0 384 0 0 0 384 
9606.ENSP00000361014 9606.ENSP00000358548 0 0 0 0 133 0 124 208 
9606.ENSP00000361014 9606.ENSP00000419199 0 0 0 0 0 0 328 328 
9606.ENSP00000361014 9606.ENSP00000317431 0 0 0 228 0 0 0 228 
9606.ENSP00000361014 9606.ENSP00000376609 0 0 0 0 0 0 188 188 
9606.ENSP00000361014 9606.ENSP00000428845 0 0 0 0 0 0 155 155 
9606.ENSP00000361014 9606.ENSP00000320543 0 0 0 232 0 0 0 232 
9606.ENSP00000361014 9606.ENSP00000386134 0 0 0 0 0 0 398 398 
9606.ENSP00000361014 9606.ENSP00000242728 0 0 0 61 0 0 173 190 
9606.ENSP00000361014 9606.ENSP00000320025 0 0 0 64 0 0 254 271 
9606.ENSP00000361014 9606.ENSP00000347836 0 0 0 58 0 0 168 182 
9606.ENSP00000361014 9606.ENSP00000346389 0 0 0 54 0 0 259 269 
9606.ENSP00000361014 9606.ENSP00000433138 0 0 0 0 0 0 230 230 
9606.ENSP00000361014 9606.ENSP00000313050 0 0 0 0 0 0 186 186 
9606.ENSP00000361014 9606.ENSP00000365318 0 0 0 0 0 0 161 161 
9606.ENSP00000361014 9606.ENSP00000263056 0 0 0 0 0 0 158 158 
9606.ENSP00000361014 9606.ENSP00000326381 0 0 0 62 0 0 632 640 
9606.ENSP00000361014 9606.ENSP00000263239 0 0 0 0 0 0 173 173 
9606.ENSP00000361014 9606.ENSP00000383274 0 0 0 63 294 0 539 668 
9606.ENSP00000361014 9606.ENSP00000273179 0 0 0 300 0 0 57 311 
9606.ENSP00000361014 9606.ENSP00000485663 0 0 0 0 0 0 255 255 
9606.ENSP00000361014 9606.ENSP00000251636 0 0 0 0 0 0 278 278 
9606.ENSP00000361014 9606.ENSP00000246229 0 0 0 0 0 0 340 340 
9606.ENSP00000361014 9606.ENSP00000354612 0 0 0 0 0 0 189 189 
9606.ENSP00000361014 9606.ENSP00000295092 0 0 0 0 0 0 304 304 
9606.ENSP00000361014 9606.ENSP00000298815 0 0 0 0 0 0 214 214 
9606.ENSP00000361014 9606.ENSP00000361048 0 0 0 0 0 0 401 401 
9606.ENSP00000361014 9606.ENSP00000463334 0 0 0 0 0 0 197 197 
9606.ENSP00000361014 9606.ENSP00000313752 0 0 0 0 0 0 194 194 
9606.ENSP00000361014 9606.ENSP00000328352 0 0 0 0 0 0 161 161 
9606.ENSP00000361014 9606.ENSP00000289371 0 0 0 0 0 0 201 201 
9606.ENSP00000361014 9606.ENSP00000266126 0 0 0 0 0 0 189 189 
9606.ENSP00000361014 9606.ENSP00000337261 0 0 0 61 0 0 160 178 
9606.ENSP00000361014 9606.ENSP00000371607 0 0 0 0 0 0 174 174 
9606.ENSP00000361014 9606.ENSP00000215832 0 0 0 55 489 900 228 957 
9606.ENSP00000361014 9606.ENSP00000425261 0 0 0 0 0 0 197 197 
9606.ENSP00000361014 9606.ENSP00000367910 0 0 0 0 0 0 169 169 
9606.ENSP00000361014 9606.ENSP00000271764 0 0 0 0 0 0 155 155 
9606.ENSP00000361014 9606.ENSP00000482457 0 0 0 61 0 0 164 181 
9606.ENSP00000361014 9606.ENSP00000335632 0 0 0 55 0 0 314 324 
9606.ENSP00000361014 9606.ENSP00000306003 0 0 0 0 0 0 184 184 
9606.ENSP00000361014 9606.ENSP00000384763 0 0 0 0 0 0 165 165 
9606.ENSP00000361014 9606.ENSP00000338057 0 0 0 0 0 0 185 185 
9606.ENSP00000361014 9606.ENSP00000368884 0 0 0 0 0 0 185 185 
9606.ENSP00000361014 9606.ENSP00000301587 0 0 0 0 0 0 204 204 
9606.ENSP00000361014 9606.ENSP00000397927 0 0 0 0 0 0 203 203 
9606.ENSP00000361014 9606.ENSP00000263610 0 0 0 0 0 0 166 166 
9606.ENSP00000361014 9606.ENSP00000311005 0 0 0 0 168 0 276 372 
9606.ENSP00000361014 9606.ENSP00000313829 0 0 0 0 0 0 150 150 
9606.ENSP00000361014 9606.ENSP00000323714 0 0 0 0 156 800 76 830 
9606.ENSP00000361014 9606.ENSP00000216254 0 0 0 0 0 0 179 179 
