9606.ENSP00000261070 9606.ENSP00000306425 0 0 0 89 0 0 856 863 
9606.ENSP00000261070 9606.ENSP00000358149 0 0 0 111 0 0 212 270 
9606.ENSP00000261070 9606.ENSP00000288532 0 0 0 80 0 0 283 312 
9606.ENSP00000261070 9606.ENSP00000327801 0 0 0 80 0 0 150 185 
9606.ENSP00000261070 9606.ENSP00000199447 0 0 0 197 0 0 59 212 
9606.ENSP00000261070 9606.ENSP00000467266 0 0 0 111 0 0 417 459 
9606.ENSP00000261070 9606.ENSP00000336721 0 0 0 0 54 0 202 212 
9606.ENSP00000261070 9606.ENSP00000356940 0 0 0 0 0 0 160 160 
9606.ENSP00000261070 9606.ENSP00000354687 0 0 0 61 0 0 238 254 
9606.ENSP00000261070 9606.ENSP00000445806 0 0 0 93 0 0 461 490 
9606.ENSP00000261070 9606.ENSP00000259392 0 0 0 66 0 0 773 779 
9606.ENSP00000261070 9606.ENSP00000342056 0 0 0 64 0 900 154 913 
9606.ENSP00000261070 9606.ENSP00000355518 0 0 0 0 132 0 112 196 
9606.ENSP00000261070 9606.ENSP00000242839 0 0 0 62 0 0 817 821 
9606.ENSP00000261070 9606.ENSP00000319192 0 0 0 0 0 0 151 151 
9606.ENSP00000261070 9606.ENSP00000359991 0 0 0 62 0 0 142 161 
9606.ENSP00000261070 9606.ENSP00000393241 0 0 0 144 50 0 0 152 
9606.ENSP00000261070 9606.ENSP00000270538 0 0 0 0 0 0 179 179 
9606.ENSP00000261070 9606.ENSP00000443216 0 0 0 212 0 0 0 212 
9606.ENSP00000261070 9606.ENSP00000436318 0 0 0 0 84 0 840 847 
9606.ENSP00000261070 9606.ENSP00000285083 0 0 0 63 0 0 169 188 
9606.ENSP00000261070 9606.ENSP00000330898 0 0 0 63 0 0 168 187 
9606.ENSP00000261070 9606.ENSP00000318480 0 0 0 63 265 0 119 340 
9606.ENSP00000261070 9606.ENSP00000363211 0 0 0 64 0 0 141 161 
9606.ENSP00000261070 9606.ENSP00000053468 0 0 0 63 0 0 137 156 
9606.ENSP00000261070 9606.ENSP00000470539 0 0 0 92 0 0 348 382 
9606.ENSP00000261070 9606.ENSP00000256495 0 0 0 0 0 0 176 176 
9606.ENSP00000261070 9606.ENSP00000375133 0 0 0 0 0 0 154 154 
9606.ENSP00000261070 9606.ENSP00000300145 0 0 0 66 50 0 625 638 
9606.ENSP00000261070 9606.ENSP00000301729 0 0 0 65 0 0 155 176 
9606.ENSP00000261070 9606.ENSP00000362060 0 0 0 203 0 0 0 203 
9606.ENSP00000261070 9606.ENSP00000461324 0 0 0 237 0 0 353 485 
9606.ENSP00000261070 9606.ENSP00000333956 0 0 0 62 0 0 136 154 
9606.ENSP00000261070 9606.ENSP00000258886 0 0 0 0 0 0 221 221 
9606.ENSP00000261070 9606.ENSP00000379999 0 0 0 68 0 0 191 214 
9606.ENSP00000261070 9606.ENSP00000337393 0 0 0 161 0 0 647 691 
9606.ENSP00000261070 9606.ENSP00000351740 0 0 0 0 0 0 207 207 
9606.ENSP00000261070 9606.ENSP00000332744 0 0 0 0 0 0 198 198 
9606.ENSP00000261070 9606.ENSP00000267436 0 0 0 46 0 0 349 352 
9606.ENSP00000261070 9606.ENSP00000250535 0 0 0 0 0 0 175 175 
9606.ENSP00000261070 9606.ENSP00000369146 0 0 0 61 0 0 520 530 
9606.ENSP00000261070 9606.ENSP00000320658 0 0 0 144 0 0 49 151 
9606.ENSP00000261070 9606.ENSP00000428205 0 0 0 0 0 0 204 204 
9606.ENSP00000261070 9606.ENSP00000243298 0 0 0 224 0 0 0 224 
9606.ENSP00000261070 9606.ENSP00000307786 0 0 0 111 0 0 868 878 
9606.ENSP00000261070 9606.ENSP00000420714 0 0 0 136 0 0 75 166 
9606.ENSP00000261070 9606.ENSP00000317159 0 0 0 111 0 900 454 947 
9606.ENSP00000261070 9606.ENSP00000396308 0 0 0 64 0 0 216 235 
9606.ENSP00000261070 9606.ENSP00000391481 0 0 0 0 363 0 0 363 
9606.ENSP00000261070 9606.ENSP00000376889 0 0 0 127 0 0 429 480 
9606.ENSP00000261070 9606.ENSP00000366156 0 0 0 64 0 0 196 215 
9606.ENSP00000261070 9606.ENSP00000356134 0 0 0 48 0 0 178 184 
9606.ENSP00000261070 9606.ENSP00000308275 0 0 0 85 0 0 231 266 
9606.ENSP00000261070 9606.ENSP00000431040 0 0 0 229 0 0 403 520 
9606.ENSP00000261070 9606.ENSP00000438455 0 0 0 260 0 0 337 489 
9606.ENSP00000261070 9606.ENSP00000369314 0 0 0 89 0 0 297 332 
9606.ENSP00000261070 9606.ENSP00000356972 0 0 0 63 0 0 224 241 
9606.ENSP00000261070 9606.ENSP00000299335 0 0 0 112 0 0 936 940 
9606.ENSP00000261070 9606.ENSP00000263774 0 0 0 171 0 0 179 290 
9606.ENSP00000261070 9606.ENSP00000372445 0 0 0 62 0 0 620 628 
9606.ENSP00000261070 9606.ENSP00000418348 0 0 0 166 0 0 268 363 
9606.ENSP00000261070 9606.ENSP00000363809 0 0 0 0 0 0 157 157 
9606.ENSP00000261070 9606.ENSP00000363329 0 0 0 66 0 0 830 835 
9606.ENSP00000261070 9606.ENSP00000372274 0 0 0 0 0 0 534 534 
9606.ENSP00000261070 9606.ENSP00000276585 0 0 0 156 0 0 0 156 
9606.ENSP00000261070 9606.ENSP00000216442 0 0 0 62 0 0 198 215 
9606.ENSP00000261070 9606.ENSP00000342015 0 0 0 193 0 0 960 967 
9606.ENSP00000261070 9606.ENSP00000261047 0 0 0 52 0 0 502 507 
9606.ENSP00000261070 9606.ENSP00000274849 0 0 0 0 0 0 158 158 
9606.ENSP00000261070 9606.ENSP00000366179 0 0 0 0 0 0 209 209 
9606.ENSP00000261070 9606.ENSP00000245222 0 0 0 0 0 0 208 208 
9606.ENSP00000261070 9606.ENSP00000335203 0 0 0 326 0 0 108 373 
9606.ENSP00000261070 9606.ENSP00000400168 0 0 0 64 0 0 270 288 
9606.ENSP00000261070 9606.ENSP00000358159 0 0 0 0 0 0 268 268 
9606.ENSP00000261070 9606.ENSP00000429986 0 0 0 174 0 0 0 174 
9606.ENSP00000261070 9606.ENSP00000423673 0 0 0 406 0 0 0 406 
9606.ENSP00000261070 9606.ENSP00000308897 0 0 0 99 0 0 216 263 
9606.ENSP00000261070 9606.ENSP00000443130 0 0 0 108 0 0 136 196 
9606.ENSP00000261070 9606.ENSP00000358737 0 0 0 109 0 0 462 500 
9606.ENSP00000261070 9606.ENSP00000361923 0 0 0 129 0 0 179 255 
9606.ENSP00000261070 9606.ENSP00000292614 0 0 0 86 0 0 390 419 
9606.ENSP00000261070 9606.ENSP00000388337 0 0 0 183 0 0 0 183 
9606.ENSP00000261070 9606.ENSP00000363641 0 0 0 283 0 0 278 461 
9606.ENSP00000261070 9606.ENSP00000430494 0 0 0 111 0 0 382 427 
9606.ENSP00000261070 9606.ENSP00000430598 0 0 0 121 0 0 935 940 
9606.ENSP00000261070 9606.ENSP00000300688 0 0 0 130 0 0 217 290 
9606.ENSP00000261070 9606.ENSP00000369989 0 0 0 62 644 0 0 651 
9606.ENSP00000261070 9606.ENSP00000356410 0 0 0 89 0 0 217 256 
9606.ENSP00000261070 9606.ENSP00000368528 0 0 0 77 0 0 267 294 
9606.ENSP00000261070 9606.ENSP00000364699 0 0 0 62 0 0 357 371 
9606.ENSP00000261070 9606.ENSP00000295897 0 0 0 0 0 0 230 230 
9606.ENSP00000261070 9606.ENSP00000200691 0 0 0 61 0 0 519 529 
9606.ENSP00000261070 9606.ENSP00000301585 0 0 0 183 0 0 0 183 
9606.ENSP00000261070 9606.ENSP00000347277 0 0 0 50 0 0 178 185 
9606.ENSP00000261070 9606.ENSP00000300648 0 0 0 45 0 0 504 506 
9606.ENSP00000261070 9606.ENSP00000377024 0 0 0 62 0 0 175 193 
9606.ENSP00000261070 9606.ENSP00000423309 0 0 0 63 0 0 168 187 
9606.ENSP00000261070 9606.ENSP00000269159 0 0 0 64 0 0 267 285 
9606.ENSP00000261070 9606.ENSP00000324343 0 0 0 64 0 0 140 160 
9606.ENSP00000261070 9606.ENSP00000464813 0 0 0 167 0 0 82 203 
9606.ENSP00000261070 9606.ENSP00000269305 0 0 0 0 0 0 230 230 
9606.ENSP00000261070 9606.ENSP00000287490 0 0 0 141 0 0 386 450 
9606.ENSP00000261070 9606.ENSP00000327268 0 0 0 157 0 0 103 211 
9606.ENSP00000261070 9606.ENSP00000248114 0 0 0 84 128 900 825 984 
9606.ENSP00000261070 9606.ENSP00000338173 0 0 0 61 263 0 497 621 
9606.ENSP00000261070 9606.ENSP00000457718 0 0 0 0 0 0 158 158 
9606.ENSP00000261070 9606.ENSP00000276689 0 0 0 326 0 0 150 402 
9606.ENSP00000261070 9606.ENSP00000308717 0 0 0 61 0 0 259 274 
9606.ENSP00000261070 9606.ENSP00000203407 0 0 0 63 0 0 209 227 
9606.ENSP00000261070 9606.ENSP00000296684 0 0 0 146 0 0 167 258 
9606.ENSP00000261070 9606.ENSP00000267119 0 0 0 0 0 0 204 204 
9606.ENSP00000261070 9606.ENSP00000263035 0 0 0 47 0 0 162 167 
9606.ENSP00000261070 9606.ENSP00000266544 0 0 0 99 0 0 224 271 
9606.ENSP00000261070 9606.ENSP00000310149 0 0 0 42 0 0 466 467 
9606.ENSP00000261070 9606.ENSP00000292475 0 0 0 200 0 0 227 355 
9606.ENSP00000261070 9606.ENSP00000317997 0 0 0 0 0 0 203 203 
9606.ENSP00000261070 9606.ENSP00000485401 0 0 0 63 0 0 339 354 
9606.ENSP00000261070 9606.ENSP00000432660 0 0 0 101 419 0 0 455 
9606.ENSP00000261070 9606.ENSP00000309477 0 0 0 0 0 0 356 356 
9606.ENSP00000261070 9606.ENSP00000354876 0 0 0 64 0 0 899 901 
9606.ENSP00000261070 9606.ENSP00000306752 0 0 0 175 0 0 57 189 
9606.ENSP00000261070 9606.ENSP00000255390 0 0 0 65 461 0 926 959 
9606.ENSP00000261070 9606.ENSP00000436585 0 0 0 93 0 0 125 172 
9606.ENSP00000261070 9606.ENSP00000366482 0 0 0 79 0 0 168 201 
9606.ENSP00000261070 9606.ENSP00000356967 0 0 0 91 0 0 222 262 
9606.ENSP00000261070 9606.ENSP00000256441 0 0 0 88 0 0 175 215 
9606.ENSP00000261070 9606.ENSP00000374562 0 0 0 88 0 0 405 434 
9606.ENSP00000261070 9606.ENSP00000351218 0 0 0 63 0 0 168 187 
9606.ENSP00000261070 9606.ENSP00000356354 0 0 0 87 845 0 0 852 
9606.ENSP00000261070 9606.ENSP00000366934 0 0 0 0 0 0 160 160 
9606.ENSP00000261070 9606.ENSP00000359130 0 0 0 0 0 0 217 217 
9606.ENSP00000261070 9606.ENSP00000378588 0 0 0 189 0 0 773 808 
9606.ENSP00000261070 9606.ENSP00000223129 0 0 0 151 0 0 0 151 
9606.ENSP00000261070 9606.ENSP00000425759 0 0 0 261 0 0 281 446 
9606.ENSP00000261070 9606.ENSP00000219162 0 0 0 61 0 0 547 556 
9606.ENSP00000261070 9606.ENSP00000359507 0 0 0 45 0 0 152 155 
9606.ENSP00000261070 9606.ENSP00000377311 0 0 0 64 0 0 307 323 
9606.ENSP00000261070 9606.ENSP00000313007 0 0 0 63 0 0 209 227 
9606.ENSP00000261070 9606.ENSP00000354061 0 0 0 0 909 0 0 909 
9606.ENSP00000261070 9606.ENSP00000261434 0 0 0 0 0 0 186 186 
9606.ENSP00000261070 9606.ENSP00000405738 0 0 0 148 0 0 50 155 
9606.ENSP00000261070 9606.ENSP00000301305 0 0 0 0 0 0 185 185 
9606.ENSP00000261070 9606.ENSP00000413218 0 0 0 0 0 0 248 248 
9606.ENSP00000261070 9606.ENSP00000252998 0 0 0 0 0 0 163 163 
9606.ENSP00000261070 9606.ENSP00000367923 0 0 0 85 0 0 486 510 
9606.ENSP00000261070 9606.ENSP00000376886 0 0 0 82 0 0 440 463 
9606.ENSP00000261070 9606.ENSP00000243997 0 0 0 245 0 0 319 464 
9606.ENSP00000261070 9606.ENSP00000387219 0 0 0 121 0 0 152 223 
9606.ENSP00000261070 9606.ENSP00000184266 0 0 0 218 0 0 136 296 
9606.ENSP00000261070 9606.ENSP00000221804 0 0 0 0 0 0 297 297 
9606.ENSP00000261070 9606.ENSP00000256644 0 0 0 113 0 0 107 174 
9606.ENSP00000261070 9606.ENSP00000354499 0 0 0 0 0 0 688 688 
9606.ENSP00000261070 9606.ENSP00000345728 0 0 0 62 0 0 831 835 
9606.ENSP00000261070 9606.ENSP00000330787 0 0 0 231 0 0 0 231 
9606.ENSP00000261070 9606.ENSP00000361993 0 0 0 189 0 0 583 648 
9606.ENSP00000261070 9606.ENSP00000363394 0 0 0 0 0 0 216 216 
9606.ENSP00000261070 9606.ENSP00000333837 0 0 0 188 0 0 318 422 
9606.ENSP00000261070 9606.ENSP00000484903 0 0 0 63 0 0 200 219 
9606.ENSP00000261070 9606.ENSP00000314649 0 0 0 0 0 0 174 174 
9606.ENSP00000261070 9606.ENSP00000377668 0 0 0 0 0 0 248 248 
9606.ENSP00000261070 9606.ENSP00000357535 0 0 0 93 0 0 166 211 
9606.ENSP00000261070 9606.ENSP00000377033 0 0 0 114 0 900 224 925 
9606.ENSP00000261070 9606.ENSP00000324701 0 0 0 0 0 0 528 528 
9606.ENSP00000261070 9606.ENSP00000344609 0 0 0 62 0 0 160 179 
9606.ENSP00000261070 9606.ENSP00000267884 0 0 0 181 0 0 0 181 
9606.ENSP00000261070 9606.ENSP00000324124 0 0 0 201 0 0 0 201 
9606.ENSP00000261070 9606.ENSP00000376822 0 0 0 0 0 0 367 367 
9606.ENSP00000261070 9606.ENSP00000307706 0 0 0 61 0 0 513 523 
9606.ENSP00000261070 9606.ENSP00000346196 0 0 0 61 0 0 243 259 
9606.ENSP00000261070 9606.ENSP00000373620 0 0 0 64 0 900 90 907 
9606.ENSP00000261070 9606.ENSP00000439012 0 0 0 243 0 0 0 243 
9606.ENSP00000261070 9606.ENSP00000265062 0 0 0 224 0 0 0 224 
9606.ENSP00000261070 9606.ENSP00000483328 0 0 0 63 0 0 168 187 
9606.ENSP00000261070 9606.ENSP00000168216 0 0 0 62 0 0 249 265 
9606.ENSP00000261070 9606.ENSP00000362702 0 0 0 0 0 0 176 176 
9606.ENSP00000261070 9606.ENSP00000355968 0 0 0 0 0 0 230 230 
9606.ENSP00000261070 9606.ENSP00000367851 0 0 0 0 0 0 203 203 
9606.ENSP00000261070 9606.ENSP00000359526 0 0 0 0 0 0 207 207 
9606.ENSP00000261070 9606.ENSP00000435582 0 0 0 0 0 0 173 173 
9606.ENSP00000261070 9606.ENSP00000377914 0 0 0 0 0 0 167 167 
9606.ENSP00000261070 9606.ENSP00000352706 0 0 0 65 0 0 493 505 
9606.ENSP00000261070 9606.ENSP00000215071 0 0 0 179 0 0 0 179 
9606.ENSP00000261070 9606.ENSP00000360541 0 0 0 0 0 0 150 150 
9606.ENSP00000261070 9606.ENSP00000346012 0 0 0 213 0 0 0 213 
9606.ENSP00000261070 9606.ENSP00000378364 0 0 0 0 0 0 484 484 
9606.ENSP00000261070 9606.ENSP00000262765 0 0 0 0 0 0 196 196 
9606.ENSP00000261070 9606.ENSP00000252102 0 0 0 202 0 0 322 436 
9606.ENSP00000261070 9606.ENSP00000332198 0 0 0 156 0 0 0 156 
9606.ENSP00000261070 9606.ENSP00000386284 0 0 0 66 0 0 309 327 
9606.ENSP00000261070 9606.ENSP00000216951 0 0 0 66 0 0 162 183 
9606.ENSP00000261070 9606.ENSP00000342374 0 0 0 151 0 0 0 151 
9606.ENSP00000261070 9606.ENSP00000227868 0 0 0 101 0 0 95 151 
9606.ENSP00000261070 9606.ENSP00000404854 0 0 0 0 0 0 181 181 
9606.ENSP00000261070 9606.ENSP00000263317 0 0 0 0 0 0 203 203 
9606.ENSP00000261070 9606.ENSP00000281081 0 0 0 64 0 0 134 155 
9606.ENSP00000261070 9606.ENSP00000256104 0 0 0 0 0 0 197 197 
9606.ENSP00000261070 9606.ENSP00000421076 0 0 0 86 0 0 128 168 
9606.ENSP00000261070 9606.ENSP00000356218 0 0 0 63 0 0 169 188 
9606.ENSP00000261070 9606.ENSP00000259037 0 0 0 118 0 0 210 274 
9606.ENSP00000261070 9606.ENSP00000382595 0 0 0 0 0 0 171 171 
9606.ENSP00000261070 9606.ENSP00000231887 0 0 0 65 0 0 154 175 
9606.ENSP00000261070 9606.ENSP00000322775 0 0 0 63 0 0 173 191 
9606.ENSP00000261070 9606.ENSP00000302961 0 0 0 62 0 0 144 162 
9606.ENSP00000261070 9606.ENSP00000225969 0 0 0 159 0 0 0 159 
9606.ENSP00000261070 9606.ENSP00000475473 0 0 0 61 0 0 594 602 
9606.ENSP00000261070 9606.ENSP00000403614 0 0 0 189 0 0 0 189 
9606.ENSP00000261070 9606.ENSP00000363624 0 0 0 87 0 0 172 211 
9606.ENSP00000261070 9606.ENSP00000296102 0 0 0 738 0 0 128 762 
9606.ENSP00000261070 9606.ENSP00000268668 0 0 0 243 0 0 141 322 
9606.ENSP00000261070 9606.ENSP00000333401 0 0 0 118 0 0 262 322 
9606.ENSP00000261070 9606.ENSP00000363216 0 0 0 0 0 0 329 329 
9606.ENSP00000261070 9606.ENSP00000410339 0 0 0 91 0 900 429 943 
9606.ENSP00000261070 9606.ENSP00000260363 0 0 0 0 0 0 152 152 
9606.ENSP00000261070 9606.ENSP00000478754 0 0 0 0 50 0 260 266 
9606.ENSP00000261070 9606.ENSP00000359198 0 0 0 0 0 0 405 405 
9606.ENSP00000261070 9606.ENSP00000369853 0 0 0 0 0 0 164 164 
9606.ENSP00000261070 9606.ENSP00000381785 0 0 0 98 0 0 135 186 
9606.ENSP00000261070 9606.ENSP00000273064 0 0 0 0 0 0 182 182 
9606.ENSP00000261070 9606.ENSP00000428223 0 0 0 174 0 0 0 174 
9606.ENSP00000261070 9606.ENSP00000457258 0 0 0 0 0 0 460 460 
9606.ENSP00000261070 9606.ENSP00000253413 0 0 0 102 0 0 330 373 
9606.ENSP00000261070 9606.ENSP00000274137 0 0 0 130 0 0 211 284 
9606.ENSP00000261070 9606.ENSP00000418748 0 0 0 148 0 0 50 155 
9606.ENSP00000261070 9606.ENSP00000479762 0 0 0 224 0 0 0 224 
9606.ENSP00000261070 9606.ENSP00000370083 0 0 0 64 0 0 232 250 
9606.ENSP00000261070 9606.ENSP00000215754 0 0 0 0 710 0 0 710 
9606.ENSP00000261070 9606.ENSP00000290299 0 0 0 195 0 0 265 383 
9606.ENSP00000261070 9606.ENSP00000262030 0 0 0 87 0 900 303 930 
9606.ENSP00000261070 9606.ENSP00000264451 0 0 0 0 0 0 164 164 
9606.ENSP00000261070 9606.ENSP00000386766 0 0 0 0 0 0 150 150 
9606.ENSP00000261070 9606.ENSP00000260665 0 0 0 0 0 0 294 294 
9606.ENSP00000261070 9606.ENSP00000261837 0 0 0 0 0 0 173 173 
9606.ENSP00000261070 9606.ENSP00000461388 0 0 0 0 0 0 200 200 
9606.ENSP00000261070 9606.ENSP00000295491 0 0 0 161 0 0 0 161 
9606.ENSP00000261070 9606.ENSP00000380982 0 0 0 0 0 0 523 523 
9606.ENSP00000261070 9606.ENSP00000354884 0 0 0 0 0 0 203 203 
9606.ENSP00000261070 9606.ENSP00000355471 0 0 0 61 0 0 175 192 
9606.ENSP00000261070 9606.ENSP00000362057 0 0 0 0 0 0 203 203 
9606.ENSP00000261070 9606.ENSP00000306100 0 0 0 0 0 0 560 560 
9606.ENSP00000261070 9606.ENSP00000407375 0 0 0 63 0 0 212 230 
9606.ENSP00000261070 9606.ENSP00000379217 0 0 0 0 0 0 198 198 
9606.ENSP00000261070 9606.ENSP00000253099 0 0 0 126 0 0 180 253 
9606.ENSP00000261070 9606.ENSP00000288937 0 0 0 215 0 0 0 215 
9606.ENSP00000261070 9606.ENSP00000467262 0 0 0 563 0 0 355 706 
9606.ENSP00000261070 9606.ENSP00000299886 0 0 0 0 0 0 150 150 
9606.ENSP00000261070 9606.ENSP00000352678 0 0 0 0 0 0 261 261 
9606.ENSP00000261070 9606.ENSP00000354762 0 0 0 133 0 0 311 377 
9606.ENSP00000261070 9606.ENSP00000261024 0 0 0 0 0 0 275 275 
9606.ENSP00000261070 9606.ENSP00000215570 0 0 0 144 132 0 740 790 
9606.ENSP00000261070 9606.ENSP00000306397 0 0 0 89 0 0 412 442 
9606.ENSP00000261070 9606.ENSP00000259469 0 0 0 59 0 0 243 257 
9606.ENSP00000261070 9606.ENSP00000478425 0 0 0 61 0 0 549 558 
9606.ENSP00000261070 9606.ENSP00000304229 0 0 0 171 0 0 0 171 
9606.ENSP00000261070 9606.ENSP00000358695 0 0 0 63 0 0 169 188 
9606.ENSP00000261070 9606.ENSP00000450909 0 0 0 340 0 0 73 362 
9606.ENSP00000261070 9606.ENSP00000365130 0 0 0 63 0 0 155 174 
9606.ENSP00000261070 9606.ENSP00000297205 0 0 0 0 0 0 296 296 
9606.ENSP00000261070 9606.ENSP00000253792 0 0 0 63 0 0 158 177 
9606.ENSP00000261070 9606.ENSP00000291458 0 0 0 62 0 0 318 332 
9606.ENSP00000261070 9606.ENSP00000356982 0 0 0 97 859 0 0 867 
9606.ENSP00000261070 9606.ENSP00000371554 0 0 0 62 110 0 553 594 
9606.ENSP00000261070 9606.ENSP00000365837 0 0 0 64 0 0 229 248 
9606.ENSP00000261070 9606.ENSP00000216034 0 0 0 87 0 0 344 375 
9606.ENSP00000261070 9606.ENSP00000356953 0 0 0 143 0 0 364 432 
9606.ENSP00000261070 9606.ENSP00000254998 0 0 0 62 0 0 363 377 
9606.ENSP00000261070 9606.ENSP00000466214 0 0 0 115 0 0 123 191 
9606.ENSP00000261070 9606.ENSP00000365243 0 0 0 129 0 0 384 440 
9606.ENSP00000261070 9606.ENSP00000377823 0 0 0 0 0 0 315 315 
9606.ENSP00000261070 9606.ENSP00000363634 0 0 0 153 0 0 54 164 
9606.ENSP00000261070 9606.ENSP00000329213 0 0 0 61 0 0 154 172 
9606.ENSP00000261070 9606.ENSP00000256103 0 0 0 0 0 0 175 175 
9606.ENSP00000261070 9606.ENSP00000341159 0 0 0 0 0 0 167 167 
9606.ENSP00000261070 9606.ENSP00000309830 0 0 0 0 0 0 177 177 
9606.ENSP00000261070 9606.ENSP00000335675 0 0 0 0 0 0 187 187 
9606.ENSP00000261070 9606.ENSP00000308236 0 0 0 61 0 0 613 621 
9606.ENSP00000261070 9606.ENSP00000460964 0 0 0 176 0 0 426 507 
9606.ENSP00000261070 9606.ENSP00000304891 0 0 0 68 0 0 250 271 
9606.ENSP00000261070 9606.ENSP00000321070 0 0 0 0 0 0 171 171 
9606.ENSP00000261070 9606.ENSP00000328336 0 0 0 0 0 0 393 393 
9606.ENSP00000261070 9606.ENSP00000418428 0 0 0 115 0 0 276 332 
9606.ENSP00000261070 9606.ENSP00000379042 0 0 0 0 0 0 201 201 
9606.ENSP00000261070 9606.ENSP00000266395 0 0 0 0 0 0 363 363 
9606.ENSP00000261070 9606.ENSP00000361057 0 0 0 0 0 0 173 173 
9606.ENSP00000261070 9606.ENSP00000260361 0 0 0 0 0 0 193 193 
9606.ENSP00000261070 9606.ENSP00000369251 0 0 0 0 0 0 224 224 
9606.ENSP00000261070 9606.ENSP00000349961 0 0 0 65 0 0 216 235 
9606.ENSP00000261070 9606.ENSP00000381490 0 0 0 0 54 0 202 212 
9606.ENSP00000261070 9606.ENSP00000359454 0 0 0 0 0 0 203 203 
9606.ENSP00000261070 9606.ENSP00000265333 0 0 0 0 0 0 279 279 
9606.ENSP00000261070 9606.ENSP00000263629 0 0 0 64 0 0 155 175 
9606.ENSP00000261070 9606.ENSP00000321259 0 0 0 0 412 0 0 412 
9606.ENSP00000261070 9606.ENSP00000419449 0 0 0 55 0 0 148 161 
9606.ENSP00000261070 9606.ENSP00000360492 0 0 0 643 0 0 395 775 
9606.ENSP00000261070 9606.ENSP00000443191 0 0 0 49 0 0 171 177 
9606.ENSP00000261070 9606.ENSP00000315017 0 0 0 83 0 0 171 207 
9606.ENSP00000261070 9606.ENSP00000332887 0 0 0 568 0 0 295 682 
9606.ENSP00000261070 9606.ENSP00000313681 0 0 0 0 0 0 241 241 
9606.ENSP00000261070 9606.ENSP00000478121 0 0 0 159 0 0 0 159 
9606.ENSP00000261070 9606.ENSP00000331369 0 0 0 176 0 0 255 360 
9606.ENSP00000261070 9606.ENSP00000269143 0 0 0 61 169 0 54 197 
9606.ENSP00000261070 9606.ENSP00000387471 0 0 0 190 0 0 0 190 
9606.ENSP00000261070 9606.ENSP00000292907 0 0 0 91 0 0 274 312 
9606.ENSP00000261070 9606.ENSP00000284727 0 0 0 142 0 0 147 237 
9606.ENSP00000261070 9606.ENSP00000245185 0 0 0 61 0 0 490 501 
9606.ENSP00000261070 9606.ENSP00000326579 0 0 0 93 0 0 350 385 
9606.ENSP00000261070 9606.ENSP00000438526 0 0 0 49 0 0 172 179 
9606.ENSP00000261070 9606.ENSP00000372667 0 0 0 153 0 0 54 164 
9606.ENSP00000261070 9606.ENSP00000475084 0 0 0 0 0 0 203 203 
9606.ENSP00000261070 9606.ENSP00000264613 0 0 0 0 0 0 637 637 
9606.ENSP00000261070 9606.ENSP00000315397 0 0 0 0 0 0 189 189 
9606.ENSP00000261070 9606.ENSP00000312326 0 0 0 0 0 0 307 307 
9606.ENSP00000261070 9606.ENSP00000356256 0 0 0 86 0 0 470 496 
9606.ENSP00000261070 9606.ENSP00000301457 0 0 0 217 0 0 147 304 
9606.ENSP00000261070 9606.ENSP00000311538 0 0 0 0 0 0 185 185 
9606.ENSP00000261070 9606.ENSP00000218004 0 0 0 62 0 0 316 330 
9606.ENSP00000261070 9606.ENSP00000264995 0 0 0 208 0 0 0 208 
9606.ENSP00000261070 9606.ENSP00000325655 0 0 0 0 0 0 510 510 
9606.ENSP00000261070 9606.ENSP00000378812 0 0 0 152 0 0 327 405 
9606.ENSP00000261070 9606.ENSP00000215565 0 0 0 215 0 0 0 215 
9606.ENSP00000261070 9606.ENSP00000473185 0 0 0 62 0 0 179 197 
9606.ENSP00000261070 9606.ENSP00000368648 0 0 0 0 0 0 161 161 
9606.ENSP00000261070 9606.ENSP00000369045 0 0 0 0 0 0 522 522 
9606.ENSP00000261070 9606.ENSP00000385746 0 0 0 64 0 0 314 330 
9606.ENSP00000261070 9606.ENSP00000362730 0 0 0 0 0 0 291 291 
9606.ENSP00000261070 9606.ENSP00000263795 0 0 0 63 0 0 132 152 
9606.ENSP00000261070 9606.ENSP00000377995 0 0 0 61 0 0 491 502 
9606.ENSP00000261070 9606.ENSP00000325562 0 0 0 97 132 0 273 381 
9606.ENSP00000261070 9606.ENSP00000252711 0 0 0 0 0 0 152 152 
9606.ENSP00000261070 9606.ENSP00000281456 0 0 0 0 0 900 0 900 
9606.ENSP00000261070 9606.ENSP00000360242 0 0 0 0 0 0 173 173 
9606.ENSP00000261070 9606.ENSP00000354468 0 0 0 63 0 0 214 232 
9606.ENSP00000261070 9606.ENSP00000223641 0 0 0 98 0 0 125 177 
9606.ENSP00000261070 9606.ENSP00000177742 0 0 0 64 0 0 203 223 
9606.ENSP00000261070 9606.ENSP00000262570 0 0 0 0 0 0 377 377 
9606.ENSP00000261070 9606.ENSP00000417142 0 0 0 148 0 0 310 387 
9606.ENSP00000261070 9606.ENSP00000309561 0 0 0 66 0 0 205 225 
9606.ENSP00000261070 9606.ENSP00000398523 0 0 0 0 0 0 158 158 
9606.ENSP00000261070 9606.ENSP00000321997 0 0 0 0 54 0 202 212 
9606.ENSP00000261070 9606.ENSP00000302851 0 0 0 0 0 0 154 154 
9606.ENSP00000261070 9606.ENSP00000361635 0 0 0 76 0 0 160 191 
9606.ENSP00000261070 9606.ENSP00000229238 0 0 0 93 0 0 190 233 
9606.ENSP00000261070 9606.ENSP00000262746 0 0 0 146 0 0 90 190 
9606.ENSP00000261070 9606.ENSP00000357688 0 0 0 0 0 0 163 163 
9606.ENSP00000261070 9606.ENSP00000259457 0 0 0 137 0 0 91 182 
9606.ENSP00000261070 9606.ENSP00000397843 0 0 0 229 0 0 0 229 
9606.ENSP00000261070 9606.ENSP00000446252 0 0 0 89 0 0 545 568 
9606.ENSP00000261070 9606.ENSP00000444433 0 0 0 65 461 0 849 917 
9606.ENSP00000261070 9606.ENSP00000416706 0 0 0 55 0 0 154 166 
9606.ENSP00000261070 9606.ENSP00000422392 0 0 0 91 0 0 107 154 
9606.ENSP00000261070 9606.ENSP00000420525 0 0 0 0 0 0 173 173 
9606.ENSP00000261070 9606.ENSP00000330737 0 0 0 483 0 0 41 483 
9606.ENSP00000261070 9606.ENSP00000265462 0 0 0 133 0 0 64 154 
9606.ENSP00000261070 9606.ENSP00000380322 0 0 0 214 0 0 0 214 
9606.ENSP00000261070 9606.ENSP00000349142 0 0 0 97 0 0 342 381 
9606.ENSP00000261070 9606.ENSP00000219400 0 0 0 311 0 0 120 368 
9606.ENSP00000261070 9606.ENSP00000380315 0 0 0 52 0 0 164 173 
9606.ENSP00000261070 9606.ENSP00000306362 0 0 0 117 393 0 0 441 
9606.ENSP00000261070 9606.ENSP00000362873 0 0 0 171 0 0 167 280 
9606.ENSP00000261070 9606.ENSP00000300151 0 0 0 100 0 0 176 227 
9606.ENSP00000261070 9606.ENSP00000361042 0 0 0 144 0 0 757 783 
9606.ENSP00000261070 9606.ENSP00000351492 0 0 0 201 0 0 60 217 
9606.ENSP00000261070 9606.ENSP00000368165 0 0 0 61 0 0 195 211 
9606.ENSP00000261070 9606.ENSP00000287025 0 0 0 0 0 0 171 171 
9606.ENSP00000261070 9606.ENSP00000418438 0 0 0 98 0 0 189 237 
9606.ENSP00000261070 9606.ENSP00000315774 0 0 0 95 0 0 185 231 
9606.ENSP00000261070 9606.ENSP00000321260 0 0 0 216 0 0 162 314 
9606.ENSP00000261070 9606.ENSP00000361092 0 0 0 0 0 0 195 195 
9606.ENSP00000261070 9606.ENSP00000402661 0 0 0 0 0 0 269 269 
9606.ENSP00000261070 9606.ENSP00000355046 0 0 0 61 0 0 151 168 
9606.ENSP00000261070 9606.ENSP00000295767 0 0 0 88 544 900 895 995 
9606.ENSP00000261070 9606.ENSP00000435096 0 0 0 112 0 0 93 160 
9606.ENSP00000261070 9606.ENSP00000298510 0 0 0 92 0 0 358 392 
9606.ENSP00000261070 9606.ENSP00000370222 0 0 0 156 0 0 204 300 
9606.ENSP00000261070 9606.ENSP00000369176 0 0 0 216 0 0 249 386 
9606.ENSP00000261070 9606.ENSP00000233202 0 0 0 0 0 0 208 208 
9606.ENSP00000261070 9606.ENSP00000369291 0 0 0 63 0 0 161 180 
9606.ENSP00000261070 9606.ENSP00000317780 0 0 0 280 0 0 563 672 
9606.ENSP00000261070 9606.ENSP00000359151 0 0 0 63 0 0 339 354 
9606.ENSP00000261070 9606.ENSP00000229239 0 0 0 0 0 0 165 165 
9606.ENSP00000261070 9606.ENSP00000392709 0 0 0 0 0 0 237 237 
9606.ENSP00000261070 9606.ENSP00000476141 0 0 0 61 0 0 527 537 
9606.ENSP00000261070 9606.ENSP00000298282 0 0 0 0 0 0 277 277 
9606.ENSP00000261070 9606.ENSP00000345292 0 0 0 0 0 0 152 152 
9606.ENSP00000261070 9606.ENSP00000252602 0 0 0 143 0 0 114 208 
9606.ENSP00000261070 9606.ENSP00000471894 0 0 0 0 0 0 158 158 
9606.ENSP00000261070 9606.ENSP00000430690 0 0 0 0 0 0 224 224 
9606.ENSP00000261070 9606.ENSP00000231004 0 0 0 0 0 0 334 334 
9606.ENSP00000261070 9606.ENSP00000354633 0 0 0 87 0 0 138 179 
9606.ENSP00000261070 9606.ENSP00000387262 0 0 0 61 132 0 730 761 
9606.ENSP00000261070 9606.ENSP00000354632 0 0 0 0 0 0 281 281 
9606.ENSP00000261070 9606.ENSP00000352167 0 0 0 0 0 0 188 188 
9606.ENSP00000261070 9606.ENSP00000205402 0 0 0 61 0 0 146 164 
9606.ENSP00000261070 9606.ENSP00000441126 0 0 0 177 0 0 0 177 
9606.ENSP00000261070 9606.ENSP00000446524 0 0 0 110 294 0 529 679 
9606.ENSP00000261070 9606.ENSP00000301761 0 0 0 125 0 0 164 238 
9606.ENSP00000261070 9606.ENSP00000382120 0 0 0 64 0 0 131 151 
9606.ENSP00000261070 9606.ENSP00000309565 0 0 0 112 0 0 512 549 
9606.ENSP00000261070 9606.ENSP00000361206 0 0 0 151 0 0 195 288 
9606.ENSP00000261070 9606.ENSP00000250495 0 0 0 188 0 0 0 188 
9606.ENSP00000261070 9606.ENSP00000428895 0 0 0 246 0 0 320 466 
9606.ENSP00000261070 9606.ENSP00000411613 0 0 0 0 0 0 323 323 
9606.ENSP00000261070 9606.ENSP00000351214 0 0 0 143 50 0 201 293 
9606.ENSP00000261070 9606.ENSP00000300738 0 0 0 0 0 0 165 165 
9606.ENSP00000261070 9606.ENSP00000359098 0 0 0 418 0 0 337 597 
9606.ENSP00000261070 9606.ENSP00000297185 0 0 0 63 0 900 229 921 
9606.ENSP00000261070 9606.ENSP00000272348 0 0 0 226 0 0 0 226 
9606.ENSP00000261070 9606.ENSP00000378310 0 0 0 0 0 0 198 198 
9606.ENSP00000261070 9606.ENSP00000376732 0 0 0 179 0 0 0 179 
9606.ENSP00000261070 9606.ENSP00000480476 0 0 0 0 0 0 163 163 
9606.ENSP00000261070 9606.ENSP00000449795 0 0 0 225 0 0 626 698 
9606.ENSP00000261070 9606.ENSP00000304908 0 0 0 153 0 0 54 164 
9606.ENSP00000261070 9606.ENSP00000389649 0 0 0 355 0 0 301 530 
9606.ENSP00000261070 9606.ENSP00000263321 0 0 0 0 0 0 294 294 
9606.ENSP00000261070 9606.ENSP00000280346 0 0 0 61 0 0 141 159 
9606.ENSP00000261070 9606.ENSP00000299432 0 0 0 0 0 0 301 301 
9606.ENSP00000261070 9606.ENSP00000419087 0 0 0 335 0 0 74 358 
9606.ENSP00000261070 9606.ENSP00000420588 0 0 0 62 0 0 162 181 
9606.ENSP00000261070 9606.ENSP00000372005 0 0 0 132 0 0 188 265 
9606.ENSP00000261070 9606.ENSP00000292478 0 0 0 63 0 0 277 293 
9606.ENSP00000261070 9606.ENSP00000379784 0 0 0 145 0 0 69 169 
9606.ENSP00000261070 9606.ENSP00000379218 0 0 0 0 294 0 400 558 
9606.ENSP00000261070 9606.ENSP00000329697 0 0 0 61 0 0 163 180 
9606.ENSP00000261070 9606.ENSP00000474534 0 0 0 372 0 0 49 377 
9606.ENSP00000261070 9606.ENSP00000220764 0 0 0 85 0 0 129 169 
9606.ENSP00000261070 9606.ENSP00000378119 0 0 0 0 0 0 474 474 
9606.ENSP00000261070 9606.ENSP00000345957 0 0 0 148 0 0 109 209 
9606.ENSP00000261070 9606.ENSP00000264932 0 0 0 65 0 0 471 484 
9606.ENSP00000261070 9606.ENSP00000417190 0 0 0 157 0 0 497 558 
9606.ENSP00000261070 9606.ENSP00000327197 0 0 0 63 0 0 322 338 
9606.ENSP00000261070 9606.ENSP00000483491 0 0 0 140 0 0 657 692 
9606.ENSP00000261070 9606.ENSP00000256545 0 0 0 162 0 0 0 162 
9606.ENSP00000261070 9606.ENSP00000262640 0 0 0 519 0 0 0 519 
9606.ENSP00000261070 9606.ENSP00000254301 0 0 0 0 871 0 0 871 
9606.ENSP00000261070 9606.ENSP00000373404 0 0 0 0 0 0 250 250 
9606.ENSP00000261070 9606.ENSP00000362413 0 0 0 0 0 0 218 218 
9606.ENSP00000261070 9606.ENSP00000261643 0 0 0 129 0 0 806 824 
9606.ENSP00000261070 9606.ENSP00000388275 0 0 0 0 0 0 173 173 
9606.ENSP00000261070 9606.ENSP00000452549 0 0 0 341 0 0 0 341 
9606.ENSP00000261070 9606.ENSP00000228318 0 0 0 0 0 0 311 311 
9606.ENSP00000261070 9606.ENSP00000217901 0 0 0 82 0 900 112 911 
9606.ENSP00000261070 9606.ENSP00000302160 0 0 0 254 0 0 0 254 
9606.ENSP00000261070 9606.ENSP00000373518 0 0 0 0 0 0 203 203 
9606.ENSP00000261070 9606.ENSP00000464522 0 0 0 99 0 0 171 221 
9606.ENSP00000261070 9606.ENSP00000377446 0 0 0 99 0 0 364 402 
9606.ENSP00000261070 9606.ENSP00000356978 0 0 0 0 0 0 230 230 
9606.ENSP00000261070 9606.ENSP00000320236 0 0 0 63 50 900 206 919 
9606.ENSP00000261070 9606.ENSP00000358488 0 0 0 0 0 0 329 329 
9606.ENSP00000261070 9606.ENSP00000352779 0 0 0 0 0 0 190 190 
9606.ENSP00000261070 9606.ENSP00000432614 0 0 0 148 0 0 132 228 
9606.ENSP00000261070 9606.ENSP00000417656 0 0 0 177 0 0 406 491 
9606.ENSP00000261070 9606.ENSP00000284320 0 0 0 0 0 0 467 467 
9606.ENSP00000261070 9606.ENSP00000296328 0 0 0 183 0 0 0 183 
9606.ENSP00000261070 9606.ENSP00000347919 0 0 0 118 0 0 183 249 
9606.ENSP00000261070 9606.ENSP00000419038 0 0 0 97 0 0 423 456 
9606.ENSP00000261070 9606.ENSP00000299166 0 0 0 204 0 0 161 304 
9606.ENSP00000261070 9606.ENSP00000276062 0 0 0 131 0 0 140 221 
9606.ENSP00000261070 9606.ENSP00000429200 0 0 0 0 0 0 252 252 
9606.ENSP00000261070 9606.ENSP00000418770 0 0 0 155 0 0 72 183 
9606.ENSP00000261070 9606.ENSP00000341082 0 0 0 119 0 0 198 263 
9606.ENSP00000261070 9606.ENSP00000478931 0 0 0 64 0 0 239 257 
9606.ENSP00000261070 9606.ENSP00000319141 0 0 0 0 0 0 302 302 
9606.ENSP00000261070 9606.ENSP00000262507 0 0 0 0 0 0 319 319 
9606.ENSP00000261070 9606.ENSP00000354580 0 0 0 208 0 0 167 312 
9606.ENSP00000261070 9606.ENSP00000217426 0 0 0 0 0 0 175 175 
9606.ENSP00000261070 9606.ENSP00000293255 0 0 0 52 0 0 250 258 
9606.ENSP00000261070 9606.ENSP00000225729 0 0 0 0 0 0 227 227 
9606.ENSP00000261070 9606.ENSP00000262662 0 0 0 85 0 0 133 173 
9606.ENSP00000261070 9606.ENSP00000355566 0 0 0 0 0 0 244 244 
9606.ENSP00000261070 9606.ENSP00000231656 0 0 0 0 0 0 175 175 
9606.ENSP00000261070 9606.ENSP00000258975 0 0 0 45 0 0 341 344 
9606.ENSP00000261070 9606.ENSP00000223324 0 0 0 159 0 0 0 159 
9606.ENSP00000261070 9606.ENSP00000257177 0 0 0 63 0 0 155 174 
9606.ENSP00000261070 9606.ENSP00000169551 0 0 0 62 0 0 154 173 
9606.ENSP00000261070 9606.ENSP00000364649 0 0 0 144 0 0 592 636 
9606.ENSP00000261070 9606.ENSP00000406327 0 0 0 58 0 0 673 678 
9606.ENSP00000261070 9606.ENSP00000362127 0 0 0 52 0 0 210 219 
9606.ENSP00000261070 9606.ENSP00000354554 0 0 0 61 0 0 272 288 
9606.ENSP00000261070 9606.ENSP00000266735 0 0 0 183 0 0 0 183 
9606.ENSP00000261070 9606.ENSP00000362036 0 0 0 146 0 0 227 311 
9606.ENSP00000261070 9606.ENSP00000216185 0 0 0 88 0 0 141 183 
9606.ENSP00000261070 9606.ENSP00000391723 0 0 0 61 263 0 532 647 
9606.ENSP00000261070 9606.ENSP00000323071 0 0 0 61 0 0 153 170 
9606.ENSP00000261070 9606.ENSP00000229379 0 0 0 219 0 0 473 571 
9606.ENSP00000261070 9606.ENSP00000260270 0 0 0 64 0 0 159 179 
9606.ENSP00000261070 9606.ENSP00000256433 0 0 0 178 0 0 0 178 
9606.ENSP00000261070 9606.ENSP00000258105 0 0 0 84 0 0 195 232 
9606.ENSP00000261070 9606.ENSP00000425421 0 0 0 0 0 0 326 326 
9606.ENSP00000261070 9606.ENSP00000300289 0 0 0 80 0 0 153 187 
9606.ENSP00000261070 9606.ENSP00000367938 0 0 0 135 0 0 171 253 
9606.ENSP00000261070 9606.ENSP00000369419 0 0 0 0 0 0 306 306 
9606.ENSP00000261070 9606.ENSP00000418842 0 0 0 613 0 0 41 613 
9606.ENSP00000261070 9606.ENSP00000430620 0 0 0 0 0 0 419 419 
9606.ENSP00000261070 9606.ENSP00000428845 0 0 0 97 0 0 104 156 
9606.ENSP00000261070 9606.ENSP00000281031 0 0 0 172 0 0 335 427 
9606.ENSP00000261070 9606.ENSP00000359539 0 0 0 61 0 0 179 196 
9606.ENSP00000261070 9606.ENSP00000268379 0 0 0 63 0 0 284 300 
9606.ENSP00000261070 9606.ENSP00000458770 0 0 0 273 0 0 199 393 
9606.ENSP00000261070 9606.ENSP00000268704 0 0 0 61 169 0 54 197 
9606.ENSP00000261070 9606.ENSP00000388293 0 0 0 61 0 0 533 542 
9606.ENSP00000261070 9606.ENSP00000296658 0 0 0 189 0 0 0 189 
9606.ENSP00000261070 9606.ENSP00000359859 0 0 0 62 0 0 199 217 
9606.ENSP00000261070 9606.ENSP00000366800 0 0 0 63 0 0 165 184 
9606.ENSP00000261070 9606.ENSP00000351159 0 0 0 0 0 0 240 240 
9606.ENSP00000261070 9606.ENSP00000244520 0 0 0 152 0 0 0 152 
9606.ENSP00000261070 9606.ENSP00000362268 0 0 0 0 0 0 197 197 
9606.ENSP00000261070 9606.ENSP00000357920 0 0 0 0 0 0 192 192 
9606.ENSP00000261070 9606.ENSP00000457513 0 0 0 230 0 0 461 568 
9606.ENSP00000261070 9606.ENSP00000246554 0 0 0 241 0 0 702 764 
9606.ENSP00000261070 9606.ENSP00000334216 0 0 0 0 0 0 191 191 
9606.ENSP00000261070 9606.ENSP00000437041 0 0 0 63 0 0 169 188 
9606.ENSP00000261070 9606.ENSP00000372326 0 0 0 55 0 0 169 181 
9606.ENSP00000261070 9606.ENSP00000354612 0 0 0 0 0 0 243 243 
9606.ENSP00000261070 9606.ENSP00000373176 0 0 0 63 0 0 202 220 
9606.ENSP00000261070 9606.ENSP00000345445 0 0 0 0 0 0 353 353 
9606.ENSP00000261070 9606.ENSP00000234454 0 0 0 56 867 0 0 869 
9606.ENSP00000261070 9606.ENSP00000253799 0 0 0 0 0 0 457 457 
9606.ENSP00000261070 9606.ENSP00000016171 0 0 0 96 0 0 836 845 
9606.ENSP00000261070 9606.ENSP00000245539 0 0 0 61 0 0 198 214 
9606.ENSP00000261070 9606.ENSP00000381736 0 0 0 64 265 900 261 942 
9606.ENSP00000261070 9606.ENSP00000476100 0 0 0 165 0 0 0 165 
9606.ENSP00000261070 9606.ENSP00000270142 0 0 0 122 408 0 752 860 
9606.ENSP00000261070 9606.ENSP00000322450 0 0 0 64 0 0 196 215 
9606.ENSP00000261070 9606.ENSP00000361917 0 0 0 0 0 0 248 248 
9606.ENSP00000261070 9606.ENSP00000391397 0 0 0 61 0 0 486 496 
9606.ENSP00000261070 9606.ENSP00000381298 0 0 0 63 0 0 220 238 
9606.ENSP00000261070 9606.ENSP00000361084 0 0 0 169 0 0 0 169 
9606.ENSP00000261070 9606.ENSP00000222673 0 0 0 0 0 0 355 355 
9606.ENSP00000261070 9606.ENSP00000307014 0 0 0 0 0 0 204 204 
9606.ENSP00000261070 9606.ENSP00000334998 0 0 0 61 0 0 519 529 
9606.ENSP00000261070 9606.ENSP00000366288 0 0 0 0 0 0 330 330 
9606.ENSP00000261070 9606.ENSP00000358840 0 0 0 165 0 0 76 196 
9606.ENSP00000261070 9606.ENSP00000279242 0 0 0 148 0 0 104 203 
9606.ENSP00000261070 9606.ENSP00000419325 0 0 0 63 0 0 158 177 
9606.ENSP00000261070 9606.ENSP00000233893 0 0 0 449 0 0 152 513 
9606.ENSP00000261070 9606.ENSP00000397881 0 0 0 0 0 0 429 429 
9606.ENSP00000261070 9606.ENSP00000413908 0 0 0 69 169 900 110 922 
9606.ENSP00000261070 9606.ENSP00000355265 0 0 0 62 0 0 195 213 
9606.ENSP00000261070 9606.ENSP00000264951 0 0 0 63 0 0 142 161 
9606.ENSP00000261070 9606.ENSP00000313699 0 0 0 0 0 0 361 361 
9606.ENSP00000261070 9606.ENSP00000355572 0 0 0 111 0 0 679 703 
9606.ENSP00000261070 9606.ENSP00000237889 0 0 0 390 0 0 156 464 
9606.ENSP00000261070 9606.ENSP00000246071 0 0 0 162 0 0 0 162 
9606.ENSP00000261070 9606.ENSP00000438204 0 0 0 76 0 0 122 154 
9606.ENSP00000261070 9606.ENSP00000371607 0 0 0 64 0 0 163 183 
9606.ENSP00000261070 9606.ENSP00000159060 0 0 0 0 0 0 203 203 
9606.ENSP00000261070 9606.ENSP00000300452 0 0 0 89 0 0 135 178 
9606.ENSP00000261070 9606.ENSP00000287295 0 0 0 64 65 0 106 150 
9606.ENSP00000261070 9606.ENSP00000367939 0 0 0 569 0 0 238 658 
9606.ENSP00000261070 9606.ENSP00000346635 0 0 0 0 0 0 201 201 
9606.ENSP00000261070 9606.ENSP00000361650 0 0 0 0 0 0 163 163 
9606.ENSP00000261070 9606.ENSP00000420127 0 0 0 224 0 0 0 224 
9606.ENSP00000261070 9606.ENSP00000425261 0 0 0 140 0 0 739 766 
9606.ENSP00000261070 9606.ENSP00000303042 0 0 0 0 0 0 219 219 
9606.ENSP00000261070 9606.ENSP00000445829 0 0 0 0 0 0 401 401 
9606.ENSP00000261070 9606.ENSP00000328570 0 0 0 145 0 0 134 227 
9606.ENSP00000261070 9606.ENSP00000254616 0 0 0 189 0 0 410 501 
9606.ENSP00000261070 9606.ENSP00000280701 0 0 0 0 0 0 306 306 
9606.ENSP00000261070 9606.ENSP00000392028 0 0 0 63 0 0 145 164 
9606.ENSP00000261070 9606.ENSP00000261867 0 0 0 0 0 0 181 181 
9606.ENSP00000261070 9606.ENSP00000330730 0 0 0 165 0 0 856 874 
9606.ENSP00000261070 9606.ENSP00000362151 0 0 0 0 0 0 384 384 
9606.ENSP00000261070 9606.ENSP00000339720 0 0 0 158 0 0 330 412 
9606.ENSP00000261070 9606.ENSP00000257245 0 0 0 160 0 0 812 836 
9606.ENSP00000261070 9606.ENSP00000386023 0 0 0 65 0 0 146 167 
9606.ENSP00000261070 9606.ENSP00000322316 0 0 0 63 0 0 616 625 
9606.ENSP00000261070 9606.ENSP00000334872 0 0 0 61 0 0 501 511 
9606.ENSP00000261070 9606.ENSP00000306003 0 0 0 625 0 0 141 664 
9606.ENSP00000261070 9606.ENSP00000267842 0 0 0 0 0 0 154 154 
9606.ENSP00000261070 9606.ENSP00000349543 0 0 0 0 0 0 453 453 
9606.ENSP00000261070 9606.ENSP00000338057 0 0 0 63 0 0 199 218 
9606.ENSP00000261070 9606.ENSP00000306548 0 0 0 200 0 0 104 252 
9606.ENSP00000261070 9606.ENSP00000363191 0 0 0 184 0 0 41 184 
9606.ENSP00000261070 9606.ENSP00000369461 0 0 0 141 0 0 184 269 
9606.ENSP00000261070 9606.ENSP00000301587 0 0 0 251 0 0 402 533 
9606.ENSP00000261070 9606.ENSP00000322649 0 0 0 0 0 0 296 296 
9606.ENSP00000261070 9606.ENSP00000263610 0 0 0 0 0 0 163 163 
9606.ENSP00000261070 9606.ENSP00000305653 0 0 0 63 0 0 161 180 
9606.ENSP00000261070 9606.ENSP00000331127 0 0 0 164 0 0 57 178 
9606.ENSP00000261070 9606.ENSP00000297258 0 0 0 65 0 0 129 150 
9606.ENSP00000261070 9606.ENSP00000215375 0 0 0 63 0 0 351 366 
9606.ENSP00000261070 9606.ENSP00000304147 0 0 0 549 0 0 0 549 
9606.ENSP00000261070 9606.ENSP00000434343 0 0 0 63 0 0 169 188 
9606.ENSP00000261070 9606.ENSP00000219406 0 0 0 80 0 0 155 189 
9606.ENSP00000261070 9606.ENSP00000360498 0 0 0 0 0 0 154 154 
9606.ENSP00000261070 9606.ENSP00000315693 0 0 0 93 0 0 116 163 
9606.ENSP00000261070 9606.ENSP00000330587 0 0 0 61 0 0 511 521 
9606.ENSP00000261070 9606.ENSP00000258424 0 0 0 385 0 0 464 656 
9606.ENSP00000261070 9606.ENSP00000281317 0 0 0 0 0 0 244 244 
9606.ENSP00000261070 9606.ENSP00000216254 0 0 0 0 0 900 154 911 
9606.ENSP00000261070 9606.ENSP00000325421 0 0 0 95 0 0 228 271 
