9606.ENSP00000368924 9606.ENSP00000226193 0 0 0 0 0 0 196 196 
9606.ENSP00000368924 9606.ENSP00000363458 0 0 0 0 313 0 0 313 
9606.ENSP00000368924 9606.ENSP00000396620 0 0 0 0 0 0 197 197 
9606.ENSP00000368924 9606.ENSP00000418915 0 0 0 88 0 0 250 286 
9606.ENSP00000368924 9606.ENSP00000360266 0 0 0 0 127 0 286 350 
9606.ENSP00000368924 9606.ENSP00000334008 0 0 0 76 0 0 150 181 
9606.ENSP00000368924 9606.ENSP00000345571 0 0 0 76 0 0 184 213 
9606.ENSP00000368924 9606.ENSP00000243924 0 0 0 0 0 0 186 186 
9606.ENSP00000368924 9606.ENSP00000248643 0 0 0 61 0 0 145 163 
9606.ENSP00000368924 9606.ENSP00000358807 0 0 0 62 50 0 224 248 
9606.ENSP00000368924 9606.ENSP00000250113 0 0 0 0 0 0 311 311 
9606.ENSP00000368924 9606.ENSP00000341838 0 0 0 0 0 0 232 232 
9606.ENSP00000368924 9606.ENSP00000336769 0 0 0 0 0 0 282 282 
9606.ENSP00000368924 9606.ENSP00000351407 0 0 0 0 0 0 169 169 
9606.ENSP00000368924 9606.ENSP00000356940 0 0 0 91 0 0 127 172 
9606.ENSP00000368924 9606.ENSP00000357753 0 0 0 65 0 0 163 183 
9606.ENSP00000368924 9606.ENSP00000385905 0 0 0 0 0 0 286 286 
9606.ENSP00000368924 9606.ENSP00000367770 0 0 0 0 0 0 261 261 
9606.ENSP00000368924 9606.ENSP00000268489 0 0 0 0 0 0 153 153 
9606.ENSP00000368924 9606.ENSP00000357979 0 0 0 0 0 0 230 230 
9606.ENSP00000368924 9606.ENSP00000437256 0 0 0 61 0 0 186 202 
9606.ENSP00000368924 9606.ENSP00000301653 0 0 0 126 0 0 89 170 
9606.ENSP00000368924 9606.ENSP00000252971 0 0 0 115 51 0 102 180 
9606.ENSP00000368924 9606.ENSP00000431512 0 0 0 0 57 0 145 159 
9606.ENSP00000368924 9606.ENSP00000419718 0 0 0 0 0 0 305 305 
9606.ENSP00000368924 9606.ENSP00000292616 0 0 0 0 0 0 157 157 
9606.ENSP00000368924 9606.ENSP00000327048 0 0 0 0 0 0 171 171 
9606.ENSP00000368924 9606.ENSP00000381185 0 0 0 0 0 900 0 900 
9606.ENSP00000368924 9606.ENSP00000343633 0 0 0 56 66 0 179 213 
9606.ENSP00000368924 9606.ENSP00000382791 0 0 0 50 0 0 221 228 
9606.ENSP00000368924 9606.ENSP00000230732 0 0 0 63 63 0 173 211 
9606.ENSP00000368924 9606.ENSP00000281043 0 0 0 62 0 0 257 273 
9606.ENSP00000368924 9606.ENSP00000360493 0 0 0 0 0 0 196 196 
9606.ENSP00000368924 9606.ENSP00000483254 0 0 0 0 0 0 254 254 
9606.ENSP00000368924 9606.ENSP00000343158 0 0 0 0 0 0 185 185 
9606.ENSP00000368924 9606.ENSP00000350052 0 0 0 0 117 0 89 161 
9606.ENSP00000368924 9606.ENSP00000272369 0 0 0 61 53 0 212 238 
9606.ENSP00000368924 9606.ENSP00000384367 0 0 0 107 587 900 696 987 
9606.ENSP00000368924 9606.ENSP00000231509 0 0 0 0 117 0 244 303 
9606.ENSP00000368924 9606.ENSP00000401878 0 0 0 0 0 0 188 188 
9606.ENSP00000368924 9606.ENSP00000377353 0 0 0 0 50 0 222 230 
9606.ENSP00000368924 9606.ENSP00000225719 0 0 0 0 0 0 286 286 
9606.ENSP00000368924 9606.ENSP00000240306 0 0 0 111 50 0 212 277 
9606.ENSP00000368924 9606.ENSP00000298743 0 0 0 69 0 0 228 251 
9606.ENSP00000368924 9606.ENSP00000362217 0 0 0 61 62 0 113 151 
9606.ENSP00000368924 9606.ENSP00000257430 0 0 0 0 379 0 80 404 
9606.ENSP00000368924 9606.ENSP00000391826 0 0 0 70 0 0 127 154 
9606.ENSP00000368924 9606.ENSP00000221930 0 0 0 0 0 0 185 185 
9606.ENSP00000368924 9606.ENSP00000361626 0 0 0 0 379 0 161 456 
9606.ENSP00000368924 9606.ENSP00000370896 0 0 0 0 0 0 152 152 
9606.ENSP00000368924 9606.ENSP00000368475 0 0 0 0 0 0 280 280 
9606.ENSP00000368924 9606.ENSP00000321573 0 0 0 69 0 0 210 233 
9606.ENSP00000368924 9606.ENSP00000326272 0 0 0 102 66 0 144 219 
9606.ENSP00000368924 9606.ENSP00000285407 0 0 0 0 117 0 136 204 
9606.ENSP00000368924 9606.ENSP00000332744 0 0 0 97 50 0 285 333 
9606.ENSP00000368924 9606.ENSP00000226382 0 0 0 65 54 0 317 343 
9606.ENSP00000368924 9606.ENSP00000347684 0 0 0 87 50 0 371 407 
9606.ENSP00000368924 9606.ENSP00000482835 0 0 0 48 379 0 548 709 
9606.ENSP00000368924 9606.ENSP00000346879 0 0 0 63 50 0 124 152 
9606.ENSP00000368924 9606.ENSP00000410294 0 0 0 0 0 0 210 210 
9606.ENSP00000368924 9606.ENSP00000444198 0 0 0 0 441 900 537 971 
9606.ENSP00000368924 9606.ENSP00000337014 0 0 0 0 0 0 220 220 
9606.ENSP00000368924 9606.ENSP00000363689 0 0 0 0 0 0 260 260 
9606.ENSP00000368924 9606.ENSP00000352941 0 0 0 57 261 0 65 291 
9606.ENSP00000368924 9606.ENSP00000422607 0 0 0 0 0 0 153 153 
9606.ENSP00000368924 9606.ENSP00000315768 0 0 0 0 0 0 188 188 
9606.ENSP00000368924 9606.ENSP00000282849 0 0 0 0 0 0 242 242 
9606.ENSP00000368924 9606.ENSP00000253255 0 0 0 0 0 0 230 230 
9606.ENSP00000368924 9606.ENSP00000397566 0 0 0 68 0 0 161 184 
9606.ENSP00000368924 9606.ENSP00000229708 0 0 0 0 0 0 294 294 
9606.ENSP00000368924 9606.ENSP00000328596 0 0 0 64 0 0 157 177 
9606.ENSP00000368924 9606.ENSP00000201586 0 0 0 0 0 0 186 186 
9606.ENSP00000368924 9606.ENSP00000401764 0 0 0 65 0 900 231 921 
9606.ENSP00000368924 9606.ENSP00000427793 0 0 0 0 254 0 0 254 
9606.ENSP00000368924 9606.ENSP00000287538 0 0 0 62 0 0 224 241 
9606.ENSP00000368924 9606.ENSP00000261978 0 0 0 0 85 0 163 201 
9606.ENSP00000368924 9606.ENSP00000267064 0 0 0 0 0 0 226 226 
9606.ENSP00000368924 9606.ENSP00000307786 0 0 0 0 0 0 185 185 
9606.ENSP00000368924 9606.ENSP00000254325 0 0 0 0 0 0 160 160 
9606.ENSP00000368924 9606.ENSP00000295400 0 0 0 0 0 900 121 908 
9606.ENSP00000368924 9606.ENSP00000308944 0 0 0 0 0 0 159 159 
9606.ENSP00000368924 9606.ENSP00000353741 0 0 0 0 0 0 293 293 
9606.ENSP00000368924 9606.ENSP00000353785 0 0 0 0 0 0 250 250 
9606.ENSP00000368924 9606.ENSP00000365280 0 0 0 87 0 0 194 233 
9606.ENSP00000368924 9606.ENSP00000365858 0 0 0 63 50 0 250 274 
9606.ENSP00000368924 9606.ENSP00000264036 0 0 0 0 0 0 187 187 
9606.ENSP00000368924 9606.ENSP00000302476 0 0 0 0 0 0 192 192 
9606.ENSP00000368924 9606.ENSP00000254730 0 0 0 0 375 0 0 375 
9606.ENSP00000368924 9606.ENSP00000337949 0 0 0 0 50 0 212 219 
9606.ENSP00000368924 9606.ENSP00000362332 0 0 0 0 0 900 65 902 
9606.ENSP00000368924 9606.ENSP00000384198 0 0 0 0 0 0 192 192 
9606.ENSP00000368924 9606.ENSP00000352565 0 0 0 0 51 0 250 258 
9606.ENSP00000368924 9606.ENSP00000364190 0 0 0 63 0 0 137 157 
9606.ENSP00000368924 9606.ENSP00000274181 0 0 0 0 0 0 173 173 
9606.ENSP00000368924 9606.ENSP00000368981 0 0 0 0 0 0 309 309 
9606.ENSP00000368924 9606.ENSP00000253754 0 0 0 0 0 0 165 165 
9606.ENSP00000368924 9606.ENSP00000376889 0 0 0 0 0 0 151 151 
9606.ENSP00000368924 9606.ENSP00000375921 0 0 0 90 52 0 503 534 
9606.ENSP00000368924 9606.ENSP00000359506 0 0 0 0 0 0 296 296 
9606.ENSP00000368924 9606.ENSP00000345772 0 0 0 111 0 0 86 153 
9606.ENSP00000368924 9606.ENSP00000347188 0 0 0 57 261 0 65 291 
9606.ENSP00000368924 9606.ENSP00000162391 0 0 0 56 66 0 206 239 
9606.ENSP00000368924 9606.ENSP00000358035 0 0 0 0 0 0 261 261 
9606.ENSP00000368924 9606.ENSP00000245479 0 0 0 109 0 0 501 537 
9606.ENSP00000368924 9606.ENSP00000335628 0 0 0 0 0 0 151 151 
9606.ENSP00000368924 9606.ENSP00000265018 0 0 0 0 0 0 239 239 
9606.ENSP00000368924 9606.ENSP00000373948 0 0 0 0 0 0 267 267 
9606.ENSP00000368924 9606.ENSP00000264110 0 0 0 0 0 0 183 183 
9606.ENSP00000368924 9606.ENSP00000484645 0 0 0 0 0 0 299 299 
9606.ENSP00000368924 9606.ENSP00000298307 0 0 0 0 0 0 175 175 
9606.ENSP00000368924 9606.ENSP00000347581 0 0 0 0 0 0 244 244 
9606.ENSP00000368924 9606.ENSP00000313391 0 0 0 0 264 0 66 283 
9606.ENSP00000368924 9606.ENSP00000380252 0 0 0 0 0 0 189 189 
9606.ENSP00000368924 9606.ENSP00000373772 0 0 0 0 299 0 0 299 
9606.ENSP00000368924 9606.ENSP00000310657 0 0 0 0 0 0 161 161 
9606.ENSP00000368924 9606.ENSP00000341219 0 0 0 55 0 0 257 268 
9606.ENSP00000368924 9606.ENSP00000265087 0 0 0 183 0 0 0 183 
9606.ENSP00000368924 9606.ENSP00000305055 0 0 0 0 0 0 152 152 
9606.ENSP00000368924 9606.ENSP00000386972 0 0 0 0 0 0 220 220 
9606.ENSP00000368924 9606.ENSP00000306245 0 0 0 0 0 0 237 237 
9606.ENSP00000368924 9606.ENSP00000481850 0 0 0 89 0 0 130 173 
9606.ENSP00000368924 9606.ENSP00000262648 0 0 0 0 0 0 169 169 
9606.ENSP00000368924 9606.ENSP00000262948 0 0 0 0 0 0 170 170 
9606.ENSP00000368924 9606.ENSP00000339906 0 0 0 62 52 0 166 193 
9606.ENSP00000368924 9606.ENSP00000356234 0 0 0 0 0 900 0 900 
9606.ENSP00000368924 9606.ENSP00000471575 0 0 0 0 0 0 164 164 
9606.ENSP00000368924 9606.ENSP00000250405 0 0 0 0 0 0 403 403 
9606.ENSP00000368924 9606.ENSP00000298556 0 0 0 0 0 0 236 236 
9606.ENSP00000368924 9606.ENSP00000265354 0 0 0 0 0 0 186 186 
9606.ENSP00000368924 9606.ENSP00000362410 0 0 0 0 0 0 268 268 
9606.ENSP00000368924 9606.ENSP00000322568 0 0 0 64 0 0 298 315 
9606.ENSP00000368924 9606.ENSP00000333800 0 0 0 0 342 0 0 342 
9606.ENSP00000368924 9606.ENSP00000040584 0 0 0 155 51 0 43 165 
9606.ENSP00000368924 9606.ENSP00000333640 0 0 0 65 140 0 214 313 
9606.ENSP00000368924 9606.ENSP00000386170 0 0 0 61 50 0 158 183 
9606.ENSP00000368924 9606.ENSP00000352097 0 0 0 63 0 0 167 187 
9606.ENSP00000368924 9606.ENSP00000003084 0 0 0 0 454 0 58 464 
9606.ENSP00000368924 9606.ENSP00000190165 0 0 0 0 127 0 87 169 
9606.ENSP00000368924 9606.ENSP00000263334 0 0 0 62 50 0 213 238 
9606.ENSP00000368924 9606.ENSP00000380247 0 0 0 0 0 0 167 167 
9606.ENSP00000368924 9606.ENSP00000414982 0 0 0 49 0 0 348 353 
9606.ENSP00000368924 9606.ENSP00000362334 0 0 0 62 0 0 203 220 
9606.ENSP00000368924 9606.ENSP00000358478 0 0 0 61 193 0 0 209 
9606.ENSP00000368924 9606.ENSP00000355361 0 0 0 0 0 0 216 216 
9606.ENSP00000368924 9606.ENSP00000355124 0 0 0 126 0 0 138 215 
9606.ENSP00000368924 9606.ENSP00000219069 0 0 0 0 0 0 241 241 
9606.ENSP00000368924 9606.ENSP00000249750 0 0 0 55 0 0 140 153 
9606.ENSP00000368924 9606.ENSP00000276925 0 0 0 0 0 0 252 252 
9606.ENSP00000368924 9606.ENSP00000374240 0 0 0 117 50 0 71 154 
9606.ENSP00000368924 9606.ENSP00000370443 0 0 0 0 0 0 158 158 
9606.ENSP00000368924 9606.ENSP00000365380 0 0 0 56 288 0 124 360 
9606.ENSP00000368924 9606.ENSP00000398632 0 0 0 0 0 0 464 464 
9606.ENSP00000368924 9606.ENSP00000343288 0 0 0 56 66 0 118 154 
9606.ENSP00000368924 9606.ENSP00000356840 0 0 0 62 65 0 231 266 
9606.ENSP00000368924 9606.ENSP00000226319 0 0 0 65 0 0 253 272 
9606.ENSP00000368924 9606.ENSP00000304286 0 0 0 56 66 0 386 411 
9606.ENSP00000368924 9606.ENSP00000403495 0 0 0 0 0 0 230 230 
9606.ENSP00000368924 9606.ENSP00000338629 0 0 0 0 117 0 128 197 
9606.ENSP00000368924 9606.ENSP00000331791 0 0 0 83 50 0 208 250 
9606.ENSP00000368924 9606.ENSP00000254250 0 0 0 0 0 0 150 150 
9606.ENSP00000368924 9606.ENSP00000398698 0 0 0 0 0 900 185 915 
9606.ENSP00000368924 9606.ENSP00000409007 0 0 0 0 0 0 161 161 
9606.ENSP00000368924 9606.ENSP00000411070 0 0 0 0 0 0 202 202 
9606.ENSP00000368924 9606.ENSP00000370542 0 0 0 151 0 0 0 151 
9606.ENSP00000368924 9606.ENSP00000374205 0 0 0 57 51 0 214 235 
9606.ENSP00000368924 9606.ENSP00000351273 0 0 0 0 0 0 185 185 
9606.ENSP00000368924 9606.ENSP00000358945 0 0 0 0 50 0 226 233 
9606.ENSP00000368924 9606.ENSP00000323036 0 0 0 0 192 0 49 198 
9606.ENSP00000368924 9606.ENSP00000176183 0 0 0 0 50 0 239 246 
9606.ENSP00000368924 9606.ENSP00000352257 0 0 0 0 476 0 61 487 
9606.ENSP00000368924 9606.ENSP00000254322 0 0 0 0 0 0 187 187 
9606.ENSP00000368924 9606.ENSP00000349076 0 0 0 69 0 0 141 166 
9606.ENSP00000368924 9606.ENSP00000311224 0 0 0 0 695 0 0 695 
9606.ENSP00000368924 9606.ENSP00000366330 0 0 0 0 0 0 343 343 
9606.ENSP00000368924 9606.ENSP00000262653 0 0 0 0 0 0 165 165 
9606.ENSP00000368924 9606.ENSP00000295897 0 0 0 69 0 0 146 170 
9606.ENSP00000368924 9606.ENSP00000282091 0 0 0 0 0 0 185 185 
9606.ENSP00000368924 9606.ENSP00000377218 0 0 0 0 0 0 213 213 
9606.ENSP00000368924 9606.ENSP00000245451 0 0 0 81 0 0 650 665 
9606.ENSP00000368924 9606.ENSP00000398124 0 0 0 0 0 0 190 190 
9606.ENSP00000368924 9606.ENSP00000240618 0 0 0 0 0 0 252 252 
9606.ENSP00000368924 9606.ENSP00000295600 0 0 0 65 0 0 383 398 
9606.ENSP00000368924 9606.ENSP00000254043 0 0 0 87 0 0 184 223 
9606.ENSP00000368924 9606.ENSP00000231368 0 0 0 0 0 0 260 260 
9606.ENSP00000368924 9606.ENSP00000314080 0 0 0 0 0 0 251 251 
9606.ENSP00000368924 9606.ENSP00000265572 0 0 0 0 50 0 177 185 
9606.ENSP00000368924 9606.ENSP00000402343 0 0 0 0 0 0 327 327 
9606.ENSP00000368924 9606.ENSP00000380414 0 0 0 0 379 900 127 941 
9606.ENSP00000368924 9606.ENSP00000346886 0 0 0 0 0 0 308 308 
9606.ENSP00000368924 9606.ENSP00000255192 0 0 0 0 0 0 349 349 
9606.ENSP00000368924 9606.ENSP00000252229 0 0 0 0 0 0 254 254 
9606.ENSP00000368924 9606.ENSP00000330074 0 0 0 0 0 0 226 226 
9606.ENSP00000368924 9606.ENSP00000269305 0 0 0 0 379 0 418 623 
9606.ENSP00000368924 9606.ENSP00000363999 0 0 0 0 263 0 0 263 
9606.ENSP00000368924 9606.ENSP00000366534 0 0 0 56 66 0 172 206 
9606.ENSP00000368924 9606.ENSP00000307900 0 0 0 63 117 0 122 210 
9606.ENSP00000368924 9606.ENSP00000426359 0 0 0 194 0 0 0 194 
9606.ENSP00000368924 9606.ENSP00000364742 0 0 0 0 0 0 150 150 
9606.ENSP00000368924 9606.ENSP00000411593 0 0 0 0 54 0 200 211 
9606.ENSP00000368924 9606.ENSP00000482063 0 0 0 98 0 0 295 336 
9606.ENSP00000368924 9606.ENSP00000368698 0 0 0 0 0 0 196 196 
9606.ENSP00000368924 9606.ENSP00000328181 0 0 0 0 0 0 213 213 
9606.ENSP00000368924 9606.ENSP00000263816 0 0 0 0 0 0 241 241 
9606.ENSP00000368924 9606.ENSP00000387699 0 0 0 0 0 0 325 325 
9606.ENSP00000368924 9606.ENSP00000481581 0 0 0 165 66 0 149 278 
9606.ENSP00000368924 9606.ENSP00000339992 0 0 0 0 0 0 163 163 
9606.ENSP00000368924 9606.ENSP00000484803 0 0 0 56 157 0 313 406 
9606.ENSP00000368924 9606.ENSP00000375942 0 0 0 49 0 0 200 206 
9606.ENSP00000368924 9606.ENSP00000282572 0 0 0 151 0 0 0 151 
9606.ENSP00000368924 9606.ENSP00000266673 0 0 0 0 0 0 196 196 
9606.ENSP00000368924 9606.ENSP00000267163 0 0 0 56 379 0 100 426 
9606.ENSP00000368924 9606.ENSP00000347852 0 0 0 0 0 0 156 156 
9606.ENSP00000368924 9606.ENSP00000356436 0 0 0 0 0 0 211 211 
9606.ENSP00000368924 9606.ENSP00000432660 0 0 0 0 0 0 254 254 
9606.ENSP00000368924 9606.ENSP00000375978 0 0 0 62 379 0 91 424 
9606.ENSP00000368924 9606.ENSP00000436679 0 0 0 0 0 0 254 254 
9606.ENSP00000368924 9606.ENSP00000361669 0 0 0 96 50 0 110 169 
9606.ENSP00000368924 9606.ENSP00000426103 0 0 0 0 0 0 533 533 
9606.ENSP00000368924 9606.ENSP00000376623 0 0 0 0 0 0 243 243 
9606.ENSP00000368924 9606.ENSP00000217026 0 0 0 89 0 900 90 909 
9606.ENSP00000368924 9606.ENSP00000366482 0 0 0 0 0 0 515 515 
9606.ENSP00000368924 9606.ENSP00000360157 0 0 0 56 66 0 865 871 
9606.ENSP00000368924 9606.ENSP00000377265 0 0 0 235 379 900 61 949 
9606.ENSP00000368924 9606.ENSP00000361021 0 0 0 62 0 0 185 202 
9606.ENSP00000368924 9606.ENSP00000420686 0 0 0 63 0 0 223 241 
9606.ENSP00000368924 9606.ENSP00000378132 0 0 0 169 53 0 89 221 
9606.ENSP00000368924 9606.ENSP00000275493 0 0 0 138 0 0 340 406 
9606.ENSP00000368924 9606.ENSP00000377370 0 0 0 0 0 0 174 174 
9606.ENSP00000368924 9606.ENSP00000318057 0 0 0 0 0 0 162 162 
9606.ENSP00000368924 9606.ENSP00000302486 0 0 0 0 0 0 255 255 
9606.ENSP00000368924 9606.ENSP00000325525 0 0 0 0 0 0 351 351 
9606.ENSP00000368924 9606.ENSP00000373572 0 0 0 56 66 0 255 286 
9606.ENSP00000368924 9606.ENSP00000385450 0 0 0 0 254 0 0 254 
9606.ENSP00000368924 9606.ENSP00000324806 0 0 0 0 0 0 185 185 
9606.ENSP00000368924 9606.ENSP00000278379 0 0 0 0 0 0 286 286 
9606.ENSP00000368924 9606.ENSP00000317333 0 0 0 0 0 0 165 165 
9606.ENSP00000368924 9606.ENSP00000250018 0 0 0 0 0 0 190 190 
9606.ENSP00000368924 9606.ENSP00000359319 0 0 0 62 50 0 321 342 
9606.ENSP00000368924 9606.ENSP00000303394 0 0 0 0 0 0 187 187 
9606.ENSP00000368924 9606.ENSP00000360798 0 0 0 0 379 0 98 416 
9606.ENSP00000368924 9606.ENSP00000316482 0 0 0 57 261 0 65 291 
9606.ENSP00000368924 9606.ENSP00000322390 0 0 0 0 0 0 165 165 
9606.ENSP00000368924 9606.ENSP00000002829 0 0 0 136 0 0 57 150 
9606.ENSP00000368924 9606.ENSP00000310301 0 0 0 0 0 0 283 283 
9606.ENSP00000368924 9606.ENSP00000327758 0 0 0 84 50 0 216 259 
9606.ENSP00000368924 9606.ENSP00000233948 0 0 0 0 0 0 202 202 
9606.ENSP00000368924 9606.ENSP00000379644 0 0 0 63 0 0 138 158 
9606.ENSP00000368924 9606.ENSP00000457230 0 0 0 61 0 0 180 197 
9606.ENSP00000368924 9606.ENSP00000383894 0 0 0 124 85 0 0 164 
9606.ENSP00000368924 9606.ENSP00000302100 0 0 0 0 0 0 246 246 
9606.ENSP00000368924 9606.ENSP00000262238 0 0 0 0 379 900 413 960 
9606.ENSP00000368924 9606.ENSP00000433488 0 0 0 0 0 0 163 163 
9606.ENSP00000368924 9606.ENSP00000263341 0 0 0 0 0 0 185 185 
9606.ENSP00000368924 9606.ENSP00000368459 0 0 0 0 0 0 381 381 
9606.ENSP00000368924 9606.ENSP00000008391 0 0 0 61 592 900 93 960 
9606.ENSP00000368924 9606.ENSP00000360626 0 0 0 0 0 0 345 345 
9606.ENSP00000368924 9606.ENSP00000362682 0 0 0 0 0 0 205 205 
9606.ENSP00000368924 9606.ENSP00000325677 0 0 0 0 261 0 0 261 
9606.ENSP00000368924 9606.ENSP00000262150 0 0 0 0 0 0 153 153 
9606.ENSP00000368924 9606.ENSP00000376886 0 0 0 0 0 0 152 152 
9606.ENSP00000368924 9606.ENSP00000323246 0 0 0 88 0 0 126 169 
9606.ENSP00000368924 9606.ENSP00000416739 0 0 0 0 0 0 150 150 
9606.ENSP00000368924 9606.ENSP00000360811 0 0 0 63 63 0 163 201 
9606.ENSP00000368924 9606.ENSP00000359489 0 0 0 0 0 0 216 216 
9606.ENSP00000368924 9606.ENSP00000348538 0 0 0 0 0 0 154 154 
9606.ENSP00000368924 9606.ENSP00000412292 0 0 0 88 0 0 149 191 
9606.ENSP00000368924 9606.ENSP00000380019 0 0 0 0 0 0 203 203 
9606.ENSP00000368924 9606.ENSP00000226574 0 0 0 0 320 0 323 520 
9606.ENSP00000368924 9606.ENSP00000364519 0 0 0 62 0 0 201 219 
9606.ENSP00000368924 9606.ENSP00000360299 0 0 0 0 0 0 194 194 
9606.ENSP00000368924 9606.ENSP00000279873 0 0 0 0 0 0 174 174 
9606.ENSP00000368924 9606.ENSP00000365439 0 0 0 0 0 0 290 290 
9606.ENSP00000368924 9606.ENSP00000333142 0 0 0 0 0 0 186 186 
9606.ENSP00000368924 9606.ENSP00000399808 0 0 0 119 51 0 113 195 
9606.ENSP00000368924 9606.ENSP00000343129 0 0 0 151 0 0 0 151 
9606.ENSP00000368924 9606.ENSP00000305343 0 0 0 64 0 0 187 207 
9606.ENSP00000368924 9606.ENSP00000238558 0 0 0 86 50 0 226 270 
9606.ENSP00000368924 9606.ENSP00000269141 0 0 0 0 0 0 212 212 
9606.ENSP00000368924 9606.ENSP00000264031 0 0 0 90 66 0 162 226 
9606.ENSP00000368924 9606.ENSP00000387462 0 0 0 0 0 0 155 155 
9606.ENSP00000368924 9606.ENSP00000270722 0 0 0 0 0 0 157 157 
9606.ENSP00000368924 9606.ENSP00000337513 0 0 0 0 264 0 0 264 
9606.ENSP00000368924 9606.ENSP00000324701 0 0 0 0 0 0 276 276 
9606.ENSP00000368924 9606.ENSP00000262717 0 0 0 0 0 0 174 174 
9606.ENSP00000368924 9606.ENSP00000329357 0 0 0 0 379 0 530 695 
9606.ENSP00000368924 9606.ENSP00000438209 0 0 0 136 0 0 128 214 
9606.ENSP00000368924 9606.ENSP00000331678 0 0 0 152 0 0 0 152 
9606.ENSP00000368924 9606.ENSP00000269216 0 0 0 110 50 0 165 232 
9606.ENSP00000368924 9606.ENSP00000352121 0 0 0 0 0 0 185 185 
9606.ENSP00000368924 9606.ENSP00000296839 0 0 0 101 66 0 234 300 
9606.ENSP00000368924 9606.ENSP00000307041 0 0 0 85 0 0 231 266 
9606.ENSP00000368924 9606.ENSP00000325546 0 0 0 0 0 0 229 229 
9606.ENSP00000368924 9606.ENSP00000481103 0 0 0 0 0 0 166 166 
9606.ENSP00000368924 9606.ENSP00000260323 0 0 0 62 0 0 133 152 
9606.ENSP00000368924 9606.ENSP00000419665 0 0 0 0 191 0 0 191 
9606.ENSP00000368924 9606.ENSP00000350170 0 0 0 0 0 0 282 282 
9606.ENSP00000368924 9606.ENSP00000292782 0 0 0 0 0 0 193 193 
9606.ENSP00000368924 9606.ENSP00000261731 0 0 0 79 50 0 112 155 
9606.ENSP00000368924 9606.ENSP00000261205 0 0 0 61 379 0 0 391 
9606.ENSP00000368924 9606.ENSP00000264498 0 0 0 0 0 0 210 210 
9606.ENSP00000368924 9606.ENSP00000373620 0 0 0 0 0 900 0 900 
9606.ENSP00000368924 9606.ENSP00000380185 0 0 0 0 0 0 175 175 
9606.ENSP00000368924 9606.ENSP00000364839 0 0 0 0 0 0 231 231 
9606.ENSP00000368924 9606.ENSP00000339191 0 0 0 130 0 0 73 159 
9606.ENSP00000368924 9606.ENSP00000386229 0 0 0 61 0 0 179 196 
9606.ENSP00000368924 9606.ENSP00000305702 0 0 0 57 261 0 66 292 
9606.ENSP00000368924 9606.ENSP00000295082 0 0 0 0 0 0 349 349 
9606.ENSP00000368924 9606.ENSP00000376077 0 0 0 58 0 0 507 516 
9606.ENSP00000368924 9606.ENSP00000379204 0 0 0 0 0 0 281 281 
9606.ENSP00000368924 9606.ENSP00000358813 0 0 0 76 0 0 157 188 
9606.ENSP00000368924 9606.ENSP00000380432 0 0 0 0 0 0 244 244 
9606.ENSP00000368924 9606.ENSP00000315949 0 0 0 113 51 0 190 259 
9606.ENSP00000368924 9606.ENSP00000429969 0 0 0 0 85 0 113 154 
9606.ENSP00000368924 9606.ENSP00000356811 0 0 0 0 0 0 347 347 
9606.ENSP00000368924 9606.ENSP00000381717 0 0 0 0 0 0 284 284 
9606.ENSP00000368924 9606.ENSP00000374218 0 0 0 0 0 0 161 161 
9606.ENSP00000368924 9606.ENSP00000384849 0 0 0 0 0 900 218 918 
9606.ENSP00000368924 9606.ENSP00000229307 0 0 0 63 0 0 307 323 
9606.ENSP00000368924 9606.ENSP00000472109 0 0 0 76 0 0 135 167 
9606.ENSP00000368924 9606.ENSP00000283268 0 0 0 55 0 0 311 321 
9606.ENSP00000368924 9606.ENSP00000264010 0 0 0 0 0 0 359 359 
9606.ENSP00000368924 9606.ENSP00000308452 0 0 0 152 0 0 274 358 
9606.ENSP00000368924 9606.ENSP00000296233 0 0 0 0 0 0 195 195 
9606.ENSP00000368924 9606.ENSP00000463287 0 0 0 68 0 0 128 153 
9606.ENSP00000368924 9606.ENSP00000291700 0 0 0 0 0 0 230 230 
9606.ENSP00000368924 9606.ENSP00000244050 0 0 0 0 0 0 266 266 
9606.ENSP00000368924 9606.ENSP00000335493 0 0 0 56 66 0 210 242 
9606.ENSP00000368924 9606.ENSP00000426653 0 0 0 58 0 0 160 175 
9606.ENSP00000368924 9606.ENSP00000401010 0 0 0 0 0 0 412 412 
9606.ENSP00000368924 9606.ENSP00000378418 0 0 0 79 0 0 173 205 
9606.ENSP00000368924 9606.ENSP00000383096 0 0 0 0 50 0 148 155 
9606.ENSP00000368924 9606.ENSP00000386862 0 0 0 91 342 0 0 376 
9606.ENSP00000368924 9606.ENSP00000332973 0 0 0 0 0 0 193 193 
9606.ENSP00000368924 9606.ENSP00000262426 0 0 0 56 66 0 149 185 
9606.ENSP00000368924 9606.ENSP00000293549 0 0 0 0 0 0 296 296 
9606.ENSP00000368924 9606.ENSP00000243056 0 0 0 317 54 0 96 365 
9606.ENSP00000368924 9606.ENSP00000362734 0 0 0 0 157 0 43 158 
9606.ENSP00000368924 9606.ENSP00000368917 0 0 0 0 0 0 412 412 
9606.ENSP00000368924 9606.ENSP00000324729 0 0 0 0 0 0 179 179 
9606.ENSP00000368924 9606.ENSP00000238682 0 0 0 0 0 0 163 163 
9606.ENSP00000368924 9606.ENSP00000413079 0 0 0 0 0 0 236 236 
9606.ENSP00000368924 9606.ENSP00000369270 0 0 0 0 0 0 357 357 
9606.ENSP00000368924 9606.ENSP00000364246 0 0 0 0 0 0 173 173 
9606.ENSP00000368924 9606.ENSP00000262942 0 0 0 0 0 0 256 256 
9606.ENSP00000368924 9606.ENSP00000262160 0 0 0 0 0 0 229 229 
9606.ENSP00000368924 9606.ENSP00000302456 0 0 0 0 0 0 195 195 
9606.ENSP00000368924 9606.ENSP00000318602 0 0 0 0 0 0 224 224 
9606.ENSP00000368924 9606.ENSP00000257555 0 0 0 0 0 0 242 242 
9606.ENSP00000368924 9606.ENSP00000345259 0 0 0 0 0 0 637 637 
9606.ENSP00000368924 9606.ENSP00000354923 0 0 0 61 0 0 186 202 
9606.ENSP00000368924 9606.ENSP00000389870 0 0 0 142 50 0 481 540 
9606.ENSP00000368924 9606.ENSP00000417686 0 0 0 62 0 0 203 220 
9606.ENSP00000368924 9606.ENSP00000307197 0 0 0 0 0 0 150 150 
9606.ENSP00000368924 9606.ENSP00000312385 0 0 0 58 0 0 230 244 
9606.ENSP00000368924 9606.ENSP00000281882 0 0 0 78 85 0 170 238 
9606.ENSP00000368924 9606.ENSP00000373570 0 0 0 98 0 0 175 224 
9606.ENSP00000368924 9606.ENSP00000302564 0 0 0 0 0 0 222 222 
9606.ENSP00000368924 9606.ENSP00000384092 0 0 0 0 0 0 185 185 
9606.ENSP00000368924 9606.ENSP00000355249 0 0 0 0 0 0 153 153 
9606.ENSP00000368924 9606.ENSP00000285381 0 0 0 0 0 0 345 345 
9606.ENSP00000368924 9606.ENSP00000326340 0 0 0 0 0 0 171 171 
9606.ENSP00000368924 9606.ENSP00000294339 0 0 0 0 51 0 272 280 
9606.ENSP00000368924 9606.ENSP00000240123 0 0 0 0 0 0 174 174 
9606.ENSP00000368924 9606.ENSP00000372689 0 0 0 0 0 0 156 156 
9606.ENSP00000368924 9606.ENSP00000366030 0 0 0 49 302 0 0 307 
9606.ENSP00000368924 9606.ENSP00000373905 0 0 0 48 0 0 221 226 
9606.ENSP00000368924 9606.ENSP00000282928 0 0 0 62 0 0 472 483 
9606.ENSP00000368924 9606.ENSP00000220772 0 0 0 0 0 0 167 167 
9606.ENSP00000368924 9606.ENSP00000229135 0 0 0 0 0 0 185 185 
9606.ENSP00000368924 9606.ENSP00000386651 0 0 0 0 0 0 201 201 
9606.ENSP00000368924 9606.ENSP00000259216 0 0 0 78 85 0 117 190 
9606.ENSP00000368924 9606.ENSP00000340510 0 0 0 62 0 0 136 155 
9606.ENSP00000368924 9606.ENSP00000216513 0 0 0 93 0 0 326 363 
9606.ENSP00000368924 9606.ENSP00000318690 0 0 0 0 0 0 243 243 
9606.ENSP00000368924 9606.ENSP00000314480 0 0 0 176 50 0 58 198 
9606.ENSP00000368924 9606.ENSP00000369519 0 0 0 0 0 0 176 176 
9606.ENSP00000368924 9606.ENSP00000370340 0 0 0 0 0 0 306 306 
9606.ENSP00000368924 9606.ENSP00000302961 0 0 0 0 0 0 185 185 
9606.ENSP00000368924 9606.ENSP00000312987 0 0 0 0 0 0 224 224 
9606.ENSP00000368924 9606.ENSP00000406209 0 0 0 0 379 0 63 393 
9606.ENSP00000368924 9606.ENSP00000287139 0 0 0 0 0 0 383 383 
9606.ENSP00000368924 9606.ENSP00000261769 0 0 0 0 0 0 311 311 
9606.ENSP00000368924 9606.ENSP00000357894 0 0 0 0 0 0 246 246 
9606.ENSP00000368924 9606.ENSP00000277541 0 0 0 0 157 0 311 394 
9606.ENSP00000368924 9606.ENSP00000330218 0 0 0 64 0 0 243 261 
9606.ENSP00000368924 9606.ENSP00000215631 0 0 0 0 0 0 197 197 
9606.ENSP00000368924 9606.ENSP00000262367 0 0 0 63 0 900 355 934 
9606.ENSP00000368924 9606.ENSP00000229595 0 0 0 62 117 0 70 162 
9606.ENSP00000368924 9606.ENSP00000405330 0 0 0 0 117 900 591 960 
9606.ENSP00000368924 9606.ENSP00000264712 0 0 0 0 0 0 351 351 
9606.ENSP00000368924 9606.ENSP00000450895 0 0 0 0 0 0 200 200 
9606.ENSP00000368924 9606.ENSP00000428994 0 0 0 0 0 0 195 195 
9606.ENSP00000368924 9606.ENSP00000359866 0 0 0 0 0 0 316 316 
9606.ENSP00000368924 9606.ENSP00000261707 0 0 0 57 0 0 243 255 
9606.ENSP00000368924 9606.ENSP00000216037 0 0 0 0 0 0 153 153 
9606.ENSP00000368924 9606.ENSP00000245414 0 0 0 0 0 0 252 252 
9606.ENSP00000368924 9606.ENSP00000341677 0 0 0 0 0 0 392 392 
9606.ENSP00000368924 9606.ENSP00000275532 0 0 0 57 261 0 65 291 
9606.ENSP00000368924 9606.ENSP00000405890 0 0 0 63 0 0 261 278 
9606.ENSP00000368924 9606.ENSP00000424198 0 0 0 0 0 0 202 202 
9606.ENSP00000368924 9606.ENSP00000355785 0 0 0 0 0 0 299 299 
9606.ENSP00000368924 9606.ENSP00000358677 0 0 0 91 50 0 215 263 
9606.ENSP00000368924 9606.ENSP00000364683 0 0 0 98 0 0 99 152 
9606.ENSP00000368924 9606.ENSP00000250003 0 0 0 0 0 0 173 173 
9606.ENSP00000368924 9606.ENSP00000359019 0 0 0 84 64 0 309 356 
9606.ENSP00000368924 9606.ENSP00000345752 0 0 0 61 0 0 164 181 
9606.ENSP00000368924 9606.ENSP00000359370 0 0 0 0 0 0 198 198 
9606.ENSP00000368924 9606.ENSP00000270225 0 0 0 0 0 0 191 191 
9606.ENSP00000368924 9606.ENSP00000265171 0 0 0 0 0 0 213 213 
9606.ENSP00000368924 9606.ENSP00000222718 0 0 0 57 51 0 246 266 
9606.ENSP00000368924 9606.ENSP00000301258 0 0 0 112 0 0 93 160 
9606.ENSP00000368924 9606.ENSP00000382770 0 0 0 0 0 0 197 197 
9606.ENSP00000368924 9606.ENSP00000351905 0 0 0 0 0 0 369 369 
9606.ENSP00000368924 9606.ENSP00000259915 0 0 0 61 79 0 331 371 
9606.ENSP00000368924 9606.ENSP00000379712 0 0 0 55 0 0 231 242 
9606.ENSP00000368924 9606.ENSP00000429473 0 0 0 88 0 0 173 214 
9606.ENSP00000368924 9606.ENSP00000268053 0 0 0 0 0 0 171 171 
9606.ENSP00000368924 9606.ENSP00000445626 0 0 0 0 0 0 242 242 
9606.ENSP00000368924 9606.ENSP00000352138 0 0 0 111 50 0 75 151 
9606.ENSP00000368924 9606.ENSP00000370083 0 0 0 0 0 0 237 237 
9606.ENSP00000368924 9606.ENSP00000414786 0 0 0 0 0 0 187 187 
9606.ENSP00000368924 9606.ENSP00000360231 0 0 0 0 0 0 225 225 
9606.ENSP00000368924 9606.ENSP00000324693 0 0 0 62 0 0 160 178 
9606.ENSP00000368924 9606.ENSP00000347672 0 0 0 77 0 0 121 154 
9606.ENSP00000368924 9606.ENSP00000480609 0 0 0 0 0 0 252 252 
9606.ENSP00000368924 9606.ENSP00000380958 0 0 0 0 0 0 188 188 
9606.ENSP00000368924 9606.ENSP00000370194 0 0 0 0 0 0 222 222 
9606.ENSP00000368924 9606.ENSP00000318585 0 0 0 0 0 0 173 173 
9606.ENSP00000368924 9606.ENSP00000366604 0 0 0 0 0 0 235 235 
9606.ENSP00000368924 9606.ENSP00000325819 0 0 0 97 0 0 444 476 
9606.ENSP00000368924 9606.ENSP00000355261 0 0 0 50 0 0 146 154 
9606.ENSP00000368924 9606.ENSP00000311032 0 0 0 0 379 900 185 944 
9606.ENSP00000368924 9606.ENSP00000322898 0 0 0 63 0 0 203 221 
9606.ENSP00000368924 9606.ENSP00000357283 0 0 0 88 0 0 190 229 
9606.ENSP00000368924 9606.ENSP00000312631 0 0 0 62 0 0 192 210 
9606.ENSP00000368924 9606.ENSP00000415454 0 0 0 0 0 0 242 242 
9606.ENSP00000368924 9606.ENSP00000287394 0 0 0 73 0 900 0 903 
9606.ENSP00000368924 9606.ENSP00000430241 0 0 0 63 0 0 284 300 
9606.ENSP00000368924 9606.ENSP00000280481 0 0 0 55 117 0 301 366 
9606.ENSP00000368924 9606.ENSP00000288955 0 0 0 99 0 0 289 332 
9606.ENSP00000368924 9606.ENSP00000346659 0 0 0 0 0 0 229 229 
9606.ENSP00000368924 9606.ENSP00000296318 0 0 0 63 0 0 200 219 
9606.ENSP00000368924 9606.ENSP00000221496 0 0 0 98 0 0 100 153 
9606.ENSP00000368924 9606.ENSP00000340677 0 0 0 0 0 0 170 170 
9606.ENSP00000368924 9606.ENSP00000356320 0 0 0 77 0 0 286 312 
9606.ENSP00000368924 9606.ENSP00000302836 0 0 0 185 54 0 70 220 
9606.ENSP00000368924 9606.ENSP00000355925 0 0 0 0 0 0 244 244 
9606.ENSP00000368924 9606.ENSP00000228495 0 0 0 0 0 0 211 211 
9606.ENSP00000368924 9606.ENSP00000358019 0 0 0 63 0 0 195 214 
9606.ENSP00000368924 9606.ENSP00000340944 0 0 0 0 0 0 157 157 
9606.ENSP00000368924 9606.ENSP00000263257 0 0 0 62 0 0 353 367 
9606.ENSP00000368924 9606.ENSP00000349960 0 0 0 0 0 0 163 163 
9606.ENSP00000368924 9606.ENSP00000265164 0 0 0 0 379 900 93 938 
9606.ENSP00000368924 9606.ENSP00000232461 0 0 0 55 0 0 139 152 
9606.ENSP00000368924 9606.ENSP00000367787 0 0 0 50 0 0 208 215 
9606.ENSP00000368924 9606.ENSP00000481038 0 0 0 0 0 0 282 282 
9606.ENSP00000368924 9606.ENSP00000317272 0 0 0 88 0 0 166 207 
9606.ENSP00000368924 9606.ENSP00000320295 0 0 0 0 0 0 221 221 
9606.ENSP00000368924 9606.ENSP00000361373 0 0 0 62 0 0 147 166 
9606.ENSP00000368924 9606.ENSP00000215057 0 0 0 0 0 0 444 444 
9606.ENSP00000368924 9606.ENSP00000361302 0 0 0 0 0 0 206 206 
9606.ENSP00000368924 9606.ENSP00000482581 0 0 0 90 0 0 418 447 
9606.ENSP00000368924 9606.ENSP00000311030 0 0 0 0 75 0 143 174 
9606.ENSP00000368924 9606.ENSP00000262584 0 0 0 0 0 0 408 408 
9606.ENSP00000368924 9606.ENSP00000263174 0 0 0 0 0 0 173 173 
9606.ENSP00000368924 9606.ENSP00000263734 0 0 0 76 136 0 142 256 
9606.ENSP00000368924 9606.ENSP00000338345 0 0 0 56 0 0 192 205 
9606.ENSP00000368924 9606.ENSP00000428518 0 0 0 0 0 0 192 192 
9606.ENSP00000368924 9606.ENSP00000362690 0 0 0 0 0 0 232 232 
9606.ENSP00000368924 9606.ENSP00000309336 0 0 0 127 51 0 84 176 
9606.ENSP00000368924 9606.ENSP00000215909 0 0 0 0 117 0 105 175 
9606.ENSP00000368924 9606.ENSP00000207157 0 0 0 57 50 0 470 483 
9606.ENSP00000368924 9606.ENSP00000356807 0 0 0 62 0 0 195 213 
9606.ENSP00000368924 9606.ENSP00000370253 0 0 0 57 50 0 218 238 
9606.ENSP00000368924 9606.ENSP00000204679 0 0 0 0 0 0 260 260 
9606.ENSP00000368924 9606.ENSP00000262352 0 0 0 0 0 0 219 219 
9606.ENSP00000368924 9606.ENSP00000356953 0 0 0 0 0 0 299 299 
9606.ENSP00000368924 9606.ENSP00000296755 0 0 0 61 0 0 221 237 
9606.ENSP00000368924 9606.ENSP00000357206 0 0 0 64 0 0 161 181 
9606.ENSP00000368924 9606.ENSP00000334941 0 0 0 113 0 0 81 150 
9606.ENSP00000368924 9606.ENSP00000355870 0 0 0 0 50 0 145 154 
9606.ENSP00000368924 9606.ENSP00000438689 0 0 0 0 0 0 167 167 
9606.ENSP00000368924 9606.ENSP00000362390 0 0 0 57 50 0 182 203 
9606.ENSP00000368924 9606.ENSP00000364133 0 0 0 0 0 0 344 344 
9606.ENSP00000368924 9606.ENSP00000220812 0 0 0 55 0 0 147 159 
9606.ENSP00000368924 9606.ENSP00000484288 0 0 0 50 0 0 204 211 
9606.ENSP00000368924 9606.ENSP00000370343 0 0 0 0 0 0 527 527 
9606.ENSP00000368924 9606.ENSP00000295934 0 0 0 62 50 0 165 191 
9606.ENSP00000368924 9606.ENSP00000300093 0 0 0 85 0 0 186 223 
9606.ENSP00000368924 9606.ENSP00000368632 0 0 0 118 50 0 451 500 
9606.ENSP00000368924 9606.ENSP00000234313 0 0 0 0 0 0 185 185 
9606.ENSP00000368924 9606.ENSP00000304502 0 0 0 111 0 0 419 461 
9606.ENSP00000368924 9606.ENSP00000242261 0 0 0 76 0 0 272 299 
9606.ENSP00000368924 9606.ENSP00000377721 0 0 0 213 0 0 405 512 
9606.ENSP00000368924 9606.ENSP00000341208 0 0 0 0 0 0 222 222 
9606.ENSP00000368924 9606.ENSP00000293894 0 0 0 64 0 0 310 327 
9606.ENSP00000368924 9606.ENSP00000261980 0 0 0 87 60 0 200 253 
9606.ENSP00000368924 9606.ENSP00000312397 0 0 0 0 0 0 342 342 
9606.ENSP00000368924 9606.ENSP00000268679 0 0 0 0 0 0 277 277 
9606.ENSP00000368924 9606.ENSP00000201031 0 0 0 159 379 900 73 945 
9606.ENSP00000368924 9606.ENSP00000378230 0 0 0 0 75 0 128 158 
9606.ENSP00000368924 9606.ENSP00000321835 0 0 0 77 0 0 312 338 
9606.ENSP00000368924 9606.ENSP00000392762 0 0 0 78 0 0 357 381 
9606.ENSP00000368924 9606.ENSP00000284240 0 0 0 0 117 0 201 264 
9606.ENSP00000368924 9606.ENSP00000363804 0 0 0 0 0 0 309 309 
9606.ENSP00000368924 9606.ENSP00000463051 0 0 0 0 0 0 206 206 
9606.ENSP00000368924 9606.ENSP00000472316 0 0 0 0 50 0 226 233 
9606.ENSP00000368924 9606.ENSP00000235532 0 0 0 0 0 0 202 202 
9606.ENSP00000368924 9606.ENSP00000265113 0 0 0 0 0 0 210 210 
9606.ENSP00000368924 9606.ENSP00000242480 0 0 0 0 0 0 342 342 
9606.ENSP00000368924 9606.ENSP00000355778 0 0 0 0 364 0 82 391 
9606.ENSP00000368924 9606.ENSP00000337128 0 0 0 0 0 0 160 160 
9606.ENSP00000368924 9606.ENSP00000366915 0 0 0 88 0 0 211 249 
9606.ENSP00000368924 9606.ENSP00000265361 0 0 0 88 0 0 149 191 
9606.ENSP00000368924 9606.ENSP00000478255 0 0 0 0 75 0 190 218 
9606.ENSP00000368924 9606.ENSP00000383364 0 0 0 0 0 0 193 193 
9606.ENSP00000368924 9606.ENSP00000227507 0 0 0 139 0 0 138 226 
9606.ENSP00000368924 9606.ENSP00000368104 0 0 0 0 0 0 198 198 
9606.ENSP00000368924 9606.ENSP00000325929 0 0 0 0 0 0 150 150 
9606.ENSP00000368924 9606.ENSP00000294638 0 0 0 114 50 0 204 272 
9606.ENSP00000368924 9606.ENSP00000331327 0 0 0 0 0 0 234 234 
9606.ENSP00000368924 9606.ENSP00000343002 0 0 0 0 0 0 265 265 
9606.ENSP00000368924 9606.ENSP00000219070 0 0 0 0 0 0 542 542 
9606.ENSP00000368924 9606.ENSP00000340896 0 0 0 0 186 0 54 197 
9606.ENSP00000368924 9606.ENSP00000362260 0 0 0 0 0 0 157 157 
9606.ENSP00000368924 9606.ENSP00000234091 0 0 0 0 0 0 201 201 
9606.ENSP00000368924 9606.ENSP00000393333 0 0 0 0 50 0 545 549 
9606.ENSP00000368924 9606.ENSP00000290552 0 0 0 85 53 0 171 220 
9606.ENSP00000368924 9606.ENSP00000247843 0 0 0 0 0 900 129 909 
9606.ENSP00000368924 9606.ENSP00000356308 0 0 0 76 0 0 290 315 
9606.ENSP00000368924 9606.ENSP00000282561 0 0 0 0 0 0 162 162 
9606.ENSP00000368924 9606.ENSP00000315011 0 0 0 60 50 0 175 199 
9606.ENSP00000368924 9606.ENSP00000302251 0 0 0 92 51 0 233 282 
9606.ENSP00000368924 9606.ENSP00000352926 0 0 0 128 0 0 150 227 
9606.ENSP00000368924 9606.ENSP00000419005 0 0 0 0 0 0 546 546 
9606.ENSP00000368924 9606.ENSP00000288135 0 0 0 0 0 900 241 920 
9606.ENSP00000368924 9606.ENSP00000414657 0 0 0 98 0 0 110 163 
9606.ENSP00000368924 9606.ENSP00000320485 0 0 0 0 0 0 229 229 
9606.ENSP00000368924 9606.ENSP00000368805 0 0 0 0 0 0 169 169 
9606.ENSP00000368924 9606.ENSP00000317580 0 0 0 0 0 0 236 236 
9606.ENSP00000368924 9606.ENSP00000477829 0 0 0 103 50 0 159 220 
9606.ENSP00000368924 9606.ENSP00000418447 0 0 0 0 0 0 252 252 
9606.ENSP00000368924 9606.ENSP00000315997 0 0 0 0 0 0 211 211 
9606.ENSP00000368924 9606.ENSP00000397157 0 0 0 152 0 0 72 180 
9606.ENSP00000368924 9606.ENSP00000351015 0 0 0 0 0 0 286 286 
9606.ENSP00000368924 9606.ENSP00000315417 0 0 0 119 50 0 283 348 
9606.ENSP00000368924 9606.ENSP00000369889 0 0 0 0 0 0 236 236 
9606.ENSP00000368924 9606.ENSP00000235329 0 0 0 0 0 0 215 215 
9606.ENSP00000368924 9606.ENSP00000283147 0 0 0 0 0 0 261 261 
9606.ENSP00000368924 9606.ENSP00000404100 0 0 0 64 52 0 477 495 
9606.ENSP00000368924 9606.ENSP00000341489 0 0 0 155 0 0 0 155 
9606.ENSP00000368924 9606.ENSP00000260526 0 0 0 75 0 0 123 155 
9606.ENSP00000368924 9606.ENSP00000282516 0 0 0 0 0 0 432 432 
9606.ENSP00000368924 9606.ENSP00000253796 0 0 0 0 0 0 229 229 
9606.ENSP00000368924 9606.ENSP00000261438 0 0 0 0 0 0 174 174 
9606.ENSP00000368924 9606.ENSP00000355645 0 0 0 0 0 0 254 254 
9606.ENSP00000368924 9606.ENSP00000304895 0 0 0 0 0 0 158 158 
9606.ENSP00000368924 9606.ENSP00000337439 0 0 0 0 0 0 163 163 
9606.ENSP00000368924 9606.ENSP00000371875 0 0 0 140 50 0 67 172 
9606.ENSP00000368924 9606.ENSP00000337724 0 0 0 0 0 0 153 153 
9606.ENSP00000368924 9606.ENSP00000331746 0 0 0 0 0 0 188 188 
9606.ENSP00000368924 9606.ENSP00000357731 0 0 0 0 0 0 159 159 
9606.ENSP00000368924 9606.ENSP00000428480 0 0 0 49 50 0 192 207 
9606.ENSP00000368924 9606.ENSP00000260731 0 0 0 70 0 0 136 162 
9606.ENSP00000368924 9606.ENSP00000355354 0 0 0 64 0 0 185 205 
9606.ENSP00000368924 9606.ENSP00000485259 0 0 0 0 157 0 78 189 
9606.ENSP00000368924 9606.ENSP00000421280 0 0 0 76 0 0 147 178 
9606.ENSP00000368924 9606.ENSP00000273153 0 0 0 0 0 0 199 199 
9606.ENSP00000368924 9606.ENSP00000297316 0 0 0 64 0 0 242 260 
9606.ENSP00000368924 9606.ENSP00000353863 0 0 0 0 0 0 171 171 
9606.ENSP00000368924 9606.ENSP00000448220 0 0 0 65 0 0 168 189 
9606.ENSP00000368924 9606.ENSP00000293328 0 0 0 0 0 0 222 222 
9606.ENSP00000368924 9606.ENSP00000340874 0 0 0 0 0 0 153 153 
9606.ENSP00000368924 9606.ENSP00000262904 0 0 0 0 0 0 350 350 
9606.ENSP00000368924 9606.ENSP00000257901 0 0 0 0 0 0 195 195 
9606.ENSP00000368924 9606.ENSP00000262138 0 0 0 97 0 0 109 161 
9606.ENSP00000368924 9606.ENSP00000257290 0 0 0 0 0 0 156 156 
9606.ENSP00000368924 9606.ENSP00000433560 0 0 0 0 0 0 195 195 
9606.ENSP00000368924 9606.ENSP00000220592 0 0 0 0 0 0 187 187 
9606.ENSP00000368924 9606.ENSP00000436607 0 0 0 0 0 0 221 221 
9606.ENSP00000368924 9606.ENSP00000431445 0 0 0 0 0 0 335 335 
9606.ENSP00000368924 9606.ENSP00000219782 0 0 0 0 0 0 357 357 
9606.ENSP00000368924 9606.ENSP00000451291 0 0 0 0 0 0 252 252 
9606.ENSP00000368924 9606.ENSP00000331608 0 0 0 169 53 0 148 272 
9606.ENSP00000368924 9606.ENSP00000323588 0 0 0 64 0 0 427 440 
9606.ENSP00000368924 9606.ENSP00000352673 0 0 0 69 0 0 208 232 
9606.ENSP00000368924 9606.ENSP00000362643 0 0 0 87 0 0 187 226 
9606.ENSP00000368924 9606.ENSP00000383909 0 0 0 62 52 0 131 159 
9606.ENSP00000368924 9606.ENSP00000216115 0 0 0 0 0 0 250 250 
9606.ENSP00000368924 9606.ENSP00000316842 0 0 0 99 0 0 223 270 
9606.ENSP00000368924 9606.ENSP00000347484 0 0 0 70 0 0 165 190 
9606.ENSP00000368924 9606.ENSP00000296474 0 0 0 93 0 0 265 305 
9606.ENSP00000368924 9606.ENSP00000265340 0 0 0 138 74 0 227 329 
9606.ENSP00000368924 9606.ENSP00000249636 0 0 0 0 117 0 159 225 
9606.ENSP00000368924 9606.ENSP00000225964 0 0 0 78 117 0 139 238 
9606.ENSP00000368924 9606.ENSP00000250244 0 0 0 63 379 0 0 393 
9606.ENSP00000368924 9606.ENSP00000365042 0 0 0 0 379 0 78 403 
9606.ENSP00000368924 9606.ENSP00000288840 0 0 0 76 0 0 123 155 
9606.ENSP00000368924 9606.ENSP00000435835 0 0 0 0 0 0 282 282 
9606.ENSP00000368924 9606.ENSP00000309653 0 0 0 69 0 0 169 193 
9606.ENSP00000368924 9606.ENSP00000322251 0 0 0 0 0 0 240 240 
9606.ENSP00000368924 9606.ENSP00000252999 0 0 0 98 117 0 53 179 
9606.ENSP00000368924 9606.ENSP00000338481 0 0 0 0 0 0 173 173 
9606.ENSP00000368924 9606.ENSP00000412150 0 0 0 0 0 0 263 263 
9606.ENSP00000368924 9606.ENSP00000290015 0 0 0 0 0 0 356 356 
9606.ENSP00000368924 9606.ENSP00000350937 0 0 0 0 0 0 208 208 
9606.ENSP00000368924 9606.ENSP00000349503 0 0 0 0 0 0 425 425 
9606.ENSP00000368924 9606.ENSP00000365851 0 0 0 0 0 0 239 239 
9606.ENSP00000368924 9606.ENSP00000380697 0 0 0 0 0 0 188 188 
9606.ENSP00000368924 9606.ENSP00000263253 0 0 0 63 379 900 417 961 
9606.ENSP00000368924 9606.ENSP00000237612 0 0 0 0 0 0 351 351 
9606.ENSP00000368924 9606.ENSP00000331544 0 0 0 65 157 0 48 184 
9606.ENSP00000368924 9606.ENSP00000354947 0 0 0 0 0 0 489 489 
9606.ENSP00000368924 9606.ENSP00000265165 0 0 0 62 0 0 285 301 
9606.ENSP00000368924 9606.ENSP00000250916 0 0 0 0 0 0 187 187 
9606.ENSP00000368924 9606.ENSP00000366416 0 0 0 0 50 0 175 182 
9606.ENSP00000368924 9606.ENSP00000384262 0 0 0 0 0 0 249 249 
9606.ENSP00000368924 9606.ENSP00000370119 0 0 0 0 0 0 252 252 
9606.ENSP00000368924 9606.ENSP00000368683 0 0 0 0 0 0 355 355 
9606.ENSP00000368924 9606.ENSP00000435233 0 0 0 139 0 0 188 270 
9606.ENSP00000368924 9606.ENSP00000217244 0 0 0 0 379 0 0 379 
9606.ENSP00000368924 9606.ENSP00000250448 0 0 0 222 140 0 328 511 
9606.ENSP00000368924 9606.ENSP00000419692 0 0 0 0 0 0 261 261 
9606.ENSP00000368924 9606.ENSP00000329243 0 0 0 139 0 0 105 197 
9606.ENSP00000368924 9606.ENSP00000394390 0 0 0 196 591 900 409 978 
9606.ENSP00000368924 9606.ENSP00000262713 0 0 0 109 0 0 126 188 
9606.ENSP00000368924 9606.ENSP00000243108 0 0 0 166 51 0 43 176 
9606.ENSP00000368924 9606.ENSP00000331614 0 0 0 0 0 0 198 198 
9606.ENSP00000368924 9606.ENSP00000378248 0 0 0 0 0 0 319 319 
9606.ENSP00000368924 9606.ENSP00000340347 0 0 0 0 0 0 187 187 
9606.ENSP00000368924 9606.ENSP00000325527 0 0 0 0 125 0 146 220 
9606.ENSP00000368924 9606.ENSP00000471896 0 0 0 0 0 0 186 186 
9606.ENSP00000368924 9606.ENSP00000351789 0 0 0 0 117 0 86 158 
9606.ENSP00000368924 9606.ENSP00000411145 0 0 0 0 0 0 176 176 
9606.ENSP00000368924 9606.ENSP00000338272 0 0 0 69 0 0 210 233 
9606.ENSP00000368924 9606.ENSP00000388620 0 0 0 57 51 0 158 181 
9606.ENSP00000368924 9606.ENSP00000304169 0 0 0 117 64 900 408 944 
9606.ENSP00000368924 9606.ENSP00000263168 0 0 0 0 0 0 416 416 
9606.ENSP00000368924 9606.ENSP00000234396 0 0 0 140 0 0 79 174 
9606.ENSP00000368924 9606.ENSP00000482232 0 0 0 65 0 900 0 902 
9606.ENSP00000368924 9606.ENSP00000356357 0 0 0 91 50 0 102 156 
9606.ENSP00000368924 9606.ENSP00000460070 0 0 0 0 0 0 227 227 
9606.ENSP00000368924 9606.ENSP00000343819 0 0 0 62 0 0 309 324 
9606.ENSP00000368924 9606.ENSP00000359474 0 0 0 62 50 0 367 386 
9606.ENSP00000368924 9606.ENSP00000264709 0 0 0 0 336 0 74 358 
9606.ENSP00000368924 9606.ENSP00000358312 0 0 0 0 0 0 230 230 
9606.ENSP00000368924 9606.ENSP00000302579 0 0 0 0 0 0 159 159 
9606.ENSP00000368924 9606.ENSP00000375608 0 0 0 0 0 0 282 282 
9606.ENSP00000368924 9606.ENSP00000364243 0 0 0 0 0 0 175 175 
9606.ENSP00000368924 9606.ENSP00000386759 0 0 0 61 0 0 450 462 
9606.ENSP00000368924 9606.ENSP00000470498 0 0 0 0 125 0 75 156 
9606.ENSP00000368924 9606.ENSP00000386200 0 0 0 56 157 0 148 262 
9606.ENSP00000368924 9606.ENSP00000369154 0 0 0 0 0 0 221 221 
9606.ENSP00000368924 9606.ENSP00000372170 0 0 0 61 63 0 538 558 
9606.ENSP00000368924 9606.ENSP00000264731 0 0 0 62 0 0 292 307 
9606.ENSP00000368924 9606.ENSP00000446680 0 0 0 213 54 0 0 223 
9606.ENSP00000368924 9606.ENSP00000362296 0 0 0 61 65 0 138 177 
9606.ENSP00000368924 9606.ENSP00000483333 0 0 0 0 0 0 245 245 
9606.ENSP00000368924 9606.ENSP00000267294 0 0 0 62 0 0 165 183 
9606.ENSP00000368924 9606.ENSP00000328992 0 0 0 0 0 0 218 218 
9606.ENSP00000368924 9606.ENSP00000348056 0 0 0 49 313 0 194 427 
9606.ENSP00000368924 9606.ENSP00000357000 0 0 0 0 0 0 250 250 
9606.ENSP00000368924 9606.ENSP00000358470 0 0 0 76 0 0 427 448 
9606.ENSP00000368924 9606.ENSP00000478927 0 0 0 139 0 0 127 216 
9606.ENSP00000368924 9606.ENSP00000294485 0 0 0 0 0 0 167 167 
9606.ENSP00000368924 9606.ENSP00000221996 0 0 0 61 0 0 147 165 
9606.ENSP00000368924 9606.ENSP00000342931 0 0 0 0 65 0 186 206 
9606.ENSP00000368924 9606.ENSP00000451828 0 0 0 0 0 0 186 186 
9606.ENSP00000368924 9606.ENSP00000384004 0 0 0 0 65 0 151 172 
9606.ENSP00000368924 9606.ENSP00000264664 0 0 0 0 0 0 162 162 
9606.ENSP00000368924 9606.ENSP00000247182 0 0 0 140 0 0 305 377 
9606.ENSP00000368924 9606.ENSP00000380093 0 0 0 64 0 0 779 785 
9606.ENSP00000368924 9606.ENSP00000311010 0 0 0 62 0 0 278 294 
9606.ENSP00000368924 9606.ENSP00000324191 0 0 0 57 261 0 65 291 
9606.ENSP00000368924 9606.ENSP00000371846 0 0 0 0 0 0 189 189 
9606.ENSP00000368924 9606.ENSP00000282326 0 0 0 0 0 0 313 313 
9606.ENSP00000368924 9606.ENSP00000473391 0 0 0 0 0 0 239 239 
9606.ENSP00000368924 9606.ENSP00000229239 0 0 0 62 0 0 294 309 
9606.ENSP00000368924 9606.ENSP00000295065 0 0 0 0 0 0 218 218 
9606.ENSP00000368924 9606.ENSP00000256646 0 0 0 0 157 0 145 248 
9606.ENSP00000368924 9606.ENSP00000299162 0 0 0 56 66 0 217 250 
9606.ENSP00000368924 9606.ENSP00000376436 0 0 0 0 0 0 491 491 
9606.ENSP00000368924 9606.ENSP00000326330 0 0 0 69 0 0 236 259 
9606.ENSP00000368924 9606.ENSP00000269571 0 0 0 68 0 900 365 935 
9606.ENSP00000368924 9606.ENSP00000428489 0 0 0 130 0 0 104 188 
9606.ENSP00000368924 9606.ENSP00000257552 0 0 0 0 0 0 179 179 
9606.ENSP00000368924 9606.ENSP00000483562 0 0 0 0 0 0 162 162 
9606.ENSP00000368924 9606.ENSP00000222598 0 0 0 141 50 0 367 439 
9606.ENSP00000368924 9606.ENSP00000471894 0 0 0 0 0 0 207 207 
9606.ENSP00000368924 9606.ENSP00000311816 0 0 0 0 0 0 155 155 
9606.ENSP00000368924 9606.ENSP00000371067 0 0 0 0 0 0 220 220 
9606.ENSP00000368924 9606.ENSP00000368402 0 0 0 57 261 0 65 291 
9606.ENSP00000368924 9606.ENSP00000416293 0 0 0 69 0 0 234 256 
9606.ENSP00000368924 9606.ENSP00000369320 0 0 0 61 0 0 150 167 
9606.ENSP00000368924 9606.ENSP00000379701 0 0 0 0 0 0 171 171 
9606.ENSP00000368924 9606.ENSP00000378292 0 0 0 179 0 0 0 179 
9606.ENSP00000368924 9606.ENSP00000264657 0 0 0 0 0 0 163 163 
9606.ENSP00000368924 9606.ENSP00000360141 0 0 0 0 0 0 187 187 
9606.ENSP00000368924 9606.ENSP00000370408 0 0 0 0 50 0 335 342 
9606.ENSP00000368924 9606.ENSP00000230658 0 0 0 63 50 0 297 320 
9606.ENSP00000368924 9606.ENSP00000283249 0 0 0 81 0 0 201 235 
9606.ENSP00000368924 9606.ENSP00000441954 0 0 0 0 0 0 201 201 
9606.ENSP00000368924 9606.ENSP00000364802 0 0 0 0 0 0 188 188 
9606.ENSP00000368924 9606.ENSP00000388940 0 0 0 0 0 0 322 322 
9606.ENSP00000368924 9606.ENSP00000225388 0 0 0 0 0 0 382 382 
9606.ENSP00000368924 9606.ENSP00000292408 0 0 0 63 0 0 140 159 
9606.ENSP00000368924 9606.ENSP00000291860 0 0 0 0 0 0 363 363 
9606.ENSP00000368924 9606.ENSP00000359567 0 0 0 64 0 0 316 333 
9606.ENSP00000368924 9606.ENSP00000252486 0 0 0 0 0 900 465 944 
9606.ENSP00000368924 9606.ENSP00000352516 0 0 0 0 0 0 164 164 
9606.ENSP00000368924 9606.ENSP00000284981 0 0 0 84 50 0 141 187 
9606.ENSP00000368924 9606.ENSP00000359668 0 0 0 76 0 0 311 336 
9606.ENSP00000368924 9606.ENSP00000365782 0 0 0 0 0 0 240 240 
9606.ENSP00000368924 9606.ENSP00000226247 0 0 0 102 66 0 69 151 
9606.ENSP00000368924 9606.ENSP00000340989 0 0 0 112 0 0 227 284 
9606.ENSP00000368924 9606.ENSP00000427514 0 0 0 0 52 0 228 237 
9606.ENSP00000368924 9606.ENSP00000369436 0 0 0 0 0 0 163 163 
9606.ENSP00000368924 9606.ENSP00000398516 0 0 0 50 0 0 537 541 
9606.ENSP00000368924 9606.ENSP00000419782 0 0 0 0 117 0 89 161 
9606.ENSP00000368924 9606.ENSP00000361834 0 0 0 0 0 0 231 231 
9606.ENSP00000368924 9606.ENSP00000396843 0 0 0 0 0 0 405 405 
9606.ENSP00000368924 9606.ENSP00000376322 0 0 0 111 54 0 155 228 
9606.ENSP00000368924 9606.ENSP00000380781 0 0 0 0 0 0 325 325 
9606.ENSP00000368924 9606.ENSP00000414303 0 0 0 0 0 0 168 168 
9606.ENSP00000368924 9606.ENSP00000477815 0 0 0 0 0 0 250 250 
9606.ENSP00000368924 9606.ENSP00000383392 0 0 0 0 63 0 157 176 
9606.ENSP00000368924 9606.ENSP00000306138 0 0 0 0 0 0 219 219 
9606.ENSP00000368924 9606.ENSP00000339634 0 0 0 0 0 0 311 311 
9606.ENSP00000368924 9606.ENSP00000364265 0 0 0 102 257 0 264 467 
9606.ENSP00000368924 9606.ENSP00000356370 0 0 0 0 157 0 43 158 
9606.ENSP00000368924 9606.ENSP00000360268 0 0 0 63 0 0 281 297 
9606.ENSP00000368924 9606.ENSP00000311957 0 0 0 0 0 0 195 195 
9606.ENSP00000368924 9606.ENSP00000221742 0 0 0 0 0 0 230 230 
9606.ENSP00000368924 9606.ENSP00000249504 0 0 0 97 54 0 94 158 
9606.ENSP00000368924 9606.ENSP00000428603 0 0 0 0 0 0 186 186 
9606.ENSP00000368924 9606.ENSP00000464060 0 0 0 0 157 0 78 189 
9606.ENSP00000368924 9606.ENSP00000254958 0 0 0 0 134 0 122 207 
9606.ENSP00000368924 9606.ENSP00000295108 0 0 0 62 0 0 152 171 
9606.ENSP00000368924 9606.ENSP00000370886 0 0 0 0 0 0 198 198 
9606.ENSP00000368924 9606.ENSP00000350681 0 0 0 0 0 0 601 601 
9606.ENSP00000368924 9606.ENSP00000358081 0 0 0 69 118 0 58 159 
9606.ENSP00000368924 9606.ENSP00000312262 0 0 0 0 0 0 188 188 
9606.ENSP00000368924 9606.ENSP00000402257 0 0 0 0 0 0 154 154 
9606.ENSP00000368924 9606.ENSP00000006015 0 0 0 138 54 0 79 183 
9606.ENSP00000368924 9606.ENSP00000370984 0 0 0 0 0 0 155 155 
9606.ENSP00000368924 9606.ENSP00000479606 0 0 0 0 379 0 0 379 
9606.ENSP00000368924 9606.ENSP00000204604 0 0 0 61 0 0 193 210 
9606.ENSP00000368924 9606.ENSP00000393847 0 0 0 0 0 0 232 232 
9606.ENSP00000368924 9606.ENSP00000336528 0 0 0 0 0 0 208 208 
9606.ENSP00000368924 9606.ENSP00000369689 0 0 0 115 0 0 185 248 
9606.ENSP00000368924 9606.ENSP00000347717 0 0 0 69 0 0 128 153 
9606.ENSP00000368924 9606.ENSP00000364524 0 0 0 62 52 0 388 409 
9606.ENSP00000368924 9606.ENSP00000419923 0 0 0 0 0 0 222 222 
9606.ENSP00000368924 9606.ENSP00000303960 0 0 0 0 75 0 119 150 
9606.ENSP00000368924 9606.ENSP00000479773 0 0 0 0 0 0 186 186 
9606.ENSP00000368924 9606.ENSP00000313309 0 0 0 0 0 0 238 238 
9606.ENSP00000368924 9606.ENSP00000362103 0 0 0 61 65 0 181 218 
9606.ENSP00000368924 9606.ENSP00000228347 0 0 0 0 0 0 302 302 
9606.ENSP00000368924 9606.ENSP00000356476 0 0 0 0 0 0 212 212 
9606.ENSP00000368924 9606.ENSP00000354859 0 0 0 0 50 0 151 159 
9606.ENSP00000368924 9606.ENSP00000246551 0 0 0 0 0 0 254 254 
9606.ENSP00000368924 9606.ENSP00000342235 0 0 0 0 379 0 96 414 
9606.ENSP00000368924 9606.ENSP00000325120 0 0 0 0 0 0 196 196 
9606.ENSP00000368924 9606.ENSP00000366413 0 0 0 63 63 0 330 360 
9606.ENSP00000368924 9606.ENSP00000263321 0 0 0 77 0 0 186 217 
9606.ENSP00000368924 9606.ENSP00000481675 0 0 0 0 0 0 152 152 
9606.ENSP00000368924 9606.ENSP00000429374 0 0 0 0 0 0 354 354 
9606.ENSP00000368924 9606.ENSP00000355245 0 0 0 152 0 0 186 280 
9606.ENSP00000368924 9606.ENSP00000420588 0 0 0 0 179 0 0 179 
9606.ENSP00000368924 9606.ENSP00000452780 0 0 0 0 0 0 186 186 
9606.ENSP00000368924 9606.ENSP00000453307 0 0 0 84 53 0 187 233 
9606.ENSP00000368924 9606.ENSP00000379873 0 0 0 0 0 0 187 187 
9606.ENSP00000368924 9606.ENSP00000352162 0 0 0 0 0 0 285 285 
9606.ENSP00000368924 9606.ENSP00000246012 0 0 0 0 0 0 237 237 
9606.ENSP00000368924 9606.ENSP00000282549 0 0 0 106 0 0 164 220 
9606.ENSP00000368924 9606.ENSP00000302189 0 0 0 0 51 0 413 419 
9606.ENSP00000368924 9606.ENSP00000381058 0 0 0 0 0 0 202 202 
9606.ENSP00000368924 9606.ENSP00000234198 0 0 0 140 50 0 260 343 
9606.ENSP00000368924 9606.ENSP00000362340 0 59 0 0 0 0 217 231 
9606.ENSP00000368924 9606.ENSP00000377616 0 0 0 0 0 0 216 216 
9606.ENSP00000368924 9606.ENSP00000326432 0 0 0 0 50 0 314 320 
9606.ENSP00000368924 9606.ENSP00000309439 0 0 0 127 54 0 88 181 
9606.ENSP00000368924 9606.ENSP00000384273 0 0 0 0 320 0 218 445 
9606.ENSP00000368924 9606.ENSP00000232165 0 0 0 0 0 0 187 187 
9606.ENSP00000368924 9606.ENSP00000219548 0 0 0 0 0 0 250 250 
9606.ENSP00000368924 9606.ENSP00000240055 0 0 0 0 74 0 210 237 
9606.ENSP00000368924 9606.ENSP00000311449 0 0 0 0 0 0 214 214 
9606.ENSP00000368924 9606.ENSP00000454157 0 0 0 0 0 0 159 159 
9606.ENSP00000368924 9606.ENSP00000269582 0 0 0 0 0 0 165 165 
9606.ENSP00000368924 9606.ENSP00000305422 0 0 0 0 52 0 247 255 
9606.ENSP00000368924 9606.ENSP00000363149 0 0 0 76 0 0 218 247 
9606.ENSP00000368924 9606.ENSP00000362413 0 0 0 0 0 0 250 250 
9606.ENSP00000368924 9606.ENSP00000216911 0 0 0 95 379 0 45 417 
9606.ENSP00000368924 9606.ENSP00000264634 0 0 0 88 0 0 145 186 
9606.ENSP00000368924 9606.ENSP00000448165 0 0 0 0 0 0 153 153 
9606.ENSP00000368924 9606.ENSP00000342215 0 0 0 0 0 0 254 254 
9606.ENSP00000368924 9606.ENSP00000281321 0 0 0 63 63 0 116 156 
9606.ENSP00000368924 9606.ENSP00000354478 0 0 0 125 50 0 229 303 
9606.ENSP00000368924 9606.ENSP00000353344 0 0 0 0 0 0 168 168 
9606.ENSP00000368924 9606.ENSP00000376776 0 0 0 63 0 0 305 321 
9606.ENSP00000368924 9606.ENSP00000356705 0 0 0 48 0 0 233 238 
9606.ENSP00000368924 9606.ENSP00000331741 0 0 0 57 51 0 158 180 
9606.ENSP00000368924 9606.ENSP00000249499 0 0 0 98 54 0 298 348 
9606.ENSP00000368924 9606.ENSP00000449089 0 0 0 48 0 0 297 302 
9606.ENSP00000368924 9606.ENSP00000252242 0 0 0 0 0 0 212 212 
9606.ENSP00000368924 9606.ENSP00000260653 0 0 0 0 0 0 329 329 
9606.ENSP00000368924 9606.ENSP00000346693 0 0 0 66 0 0 145 167 
9606.ENSP00000368924 9606.ENSP00000263025 0 0 0 0 0 0 155 155 
9606.ENSP00000368924 9606.ENSP00000248553 0 0 0 69 0 0 188 211 
9606.ENSP00000368924 9606.ENSP00000366897 0 0 0 0 0 0 711 711 
9606.ENSP00000368924 9606.ENSP00000352069 0 0 0 0 254 0 0 254 
9606.ENSP00000368924 9606.ENSP00000353129 0 0 0 57 261 0 65 291 
9606.ENSP00000368924 9606.ENSP00000363081 0 0 0 152 0 0 139 239 
9606.ENSP00000368924 9606.ENSP00000220507 0 0 0 151 0 0 0 151 
9606.ENSP00000368924 9606.ENSP00000418960 0 0 0 55 379 0 190 483 
9606.ENSP00000368924 9606.ENSP00000326371 0 0 0 108 66 0 247 318 
9606.ENSP00000368924 9606.ENSP00000478384 0 0 0 56 66 0 263 294 
9606.ENSP00000368924 9606.ENSP00000363822 0 0 0 0 117 0 185 249 
9606.ENSP00000368924 9606.ENSP00000309913 0 0 0 57 51 0 196 218 
9606.ENSP00000368924 9606.ENSP00000257566 0 0 0 168 51 0 347 439 
9606.ENSP00000368924 9606.ENSP00000227163 0 0 0 0 0 0 415 415 
9606.ENSP00000368924 9606.ENSP00000233557 0 0 0 0 0 0 160 160 
9606.ENSP00000368924 9606.ENSP00000395654 0 0 0 0 0 0 208 208 
9606.ENSP00000368924 9606.ENSP00000272190 0 0 0 64 0 0 186 205 
9606.ENSP00000368924 9606.ENSP00000305244 0 0 0 61 53 0 142 171 
9606.ENSP00000368924 9606.ENSP00000341992 0 0 0 55 0 0 187 199 
9606.ENSP00000368924 9606.ENSP00000356438 0 0 0 0 0 0 212 212 
9606.ENSP00000368924 9606.ENSP00000333568 0 0 0 0 379 0 0 379 
9606.ENSP00000368924 9606.ENSP00000370256 0 0 0 165 66 0 446 530 
9606.ENSP00000368924 9606.ENSP00000328547 0 0 0 0 0 0 166 166 
9606.ENSP00000368924 9606.ENSP00000372056 0 0 0 88 53 0 165 216 
9606.ENSP00000368924 9606.ENSP00000297261 0 0 0 0 0 0 276 276 
9606.ENSP00000368924 9606.ENSP00000419457 0 0 0 62 50 0 124 151 
9606.ENSP00000368924 9606.ENSP00000316416 0 0 0 0 0 0 243 243 
9606.ENSP00000368924 9606.ENSP00000350491 0 0 0 61 0 0 152 170 
9606.ENSP00000368924 9606.ENSP00000263388 0 0 0 63 157 0 53 187 
9606.ENSP00000368924 9606.ENSP00000358967 0 0 0 0 50 0 248 255 
9606.ENSP00000368924 9606.ENSP00000478570 0 0 0 69 0 900 268 925 
9606.ENSP00000368924 9606.ENSP00000361547 0 0 0 107 50 0 360 410 
9606.ENSP00000368924 9606.ENSP00000332454 0 0 0 181 0 0 124 251 
9606.ENSP00000368924 9606.ENSP00000296871 0 0 0 0 0 0 222 222 
9606.ENSP00000368924 9606.ENSP00000288266 0 0 0 0 0 0 185 185 
9606.ENSP00000368924 9606.ENSP00000366694 0 0 0 57 261 0 65 291 
9606.ENSP00000368924 9606.ENSP00000369129 0 0 0 140 0 0 60 157 
9606.ENSP00000368924 9606.ENSP00000228682 0 0 0 0 0 0 188 188 
9606.ENSP00000368924 9606.ENSP00000254657 0 0 0 0 0 0 261 261 
9606.ENSP00000368924 9606.ENSP00000345702 0 0 0 49 0 0 228 234 
9606.ENSP00000368924 9606.ENSP00000359219 0 0 0 139 0 0 62 157 
9606.ENSP00000368924 9606.ENSP00000485586 0 0 0 0 0 0 299 299 
9606.ENSP00000368924 9606.ENSP00000354487 0 0 0 0 0 0 171 171 
9606.ENSP00000368924 9606.ENSP00000368737 0 0 0 0 0 0 195 195 
9606.ENSP00000368924 9606.ENSP00000302814 0 0 0 82 50 0 115 161 
9606.ENSP00000368924 9606.ENSP00000357060 0 0 0 0 0 0 159 159 
9606.ENSP00000368924 9606.ENSP00000368720 0 0 0 98 0 0 151 202 
9606.ENSP00000368924 9606.ENSP00000331698 0 0 0 0 0 0 150 150 
9606.ENSP00000368924 9606.ENSP00000355689 0 0 0 0 0 0 227 227 
9606.ENSP00000368924 9606.ENSP00000352846 0 0 0 0 0 0 234 234 
9606.ENSP00000368924 9606.ENSP00000334145 0 0 0 0 0 0 194 194 
9606.ENSP00000368924 9606.ENSP00000172229 0 0 0 0 0 0 190 190 
9606.ENSP00000368924 9606.ENSP00000482245 0 0 0 0 62 0 277 293 
9606.ENSP00000368924 9606.ENSP00000380034 0 0 0 111 0 0 507 543 
9606.ENSP00000368924 9606.ENSP00000272164 0 0 0 65 0 0 206 225 
9606.ENSP00000368924 9606.ENSP00000408792 0 0 0 79 0 0 266 295 
9606.ENSP00000368924 9606.ENSP00000350928 0 0 0 62 0 0 144 163 
9606.ENSP00000368924 9606.ENSP00000344456 0 0 0 0 379 0 189 474 
9606.ENSP00000368924 9606.ENSP00000430100 0 0 0 57 50 0 297 315 
9606.ENSP00000368924 9606.ENSP00000358207 0 0 0 0 50 0 310 317 
9606.ENSP00000368924 9606.ENSP00000334458 0 0 0 86 50 0 206 250 
9606.ENSP00000368924 9606.ENSP00000369611 0 0 0 0 0 0 400 400 
9606.ENSP00000368924 9606.ENSP00000398273 0 0 0 63 0 0 200 218 
9606.ENSP00000368924 9606.ENSP00000402373 0 0 0 0 117 0 104 175 
9606.ENSP00000368924 9606.ENSP00000426548 0 0 0 57 261 0 65 291 
9606.ENSP00000368924 9606.ENSP00000363929 0 0 0 0 0 0 426 426 
9606.ENSP00000368924 9606.ENSP00000453793 0 0 0 82 53 0 146 193 
9606.ENSP00000368924 9606.ENSP00000482841 0 0 0 138 0 0 453 508 
9606.ENSP00000368924 9606.ENSP00000204517 0 0 0 0 0 0 309 309 
9606.ENSP00000368924 9606.ENSP00000312506 0 0 0 99 0 0 297 339 
9606.ENSP00000368924 9606.ENSP00000333593 0 0 0 160 0 0 0 160 
9606.ENSP00000368924 9606.ENSP00000298231 0 0 0 65 54 0 185 216 
9606.ENSP00000368924 9606.ENSP00000479618 0 0 0 70 379 900 389 959 
9606.ENSP00000368924 9606.ENSP00000296930 0 0 0 64 384 900 46 937 
9606.ENSP00000368924 9606.ENSP00000420267 0 0 0 62 0 0 163 182 
9606.ENSP00000368924 9606.ENSP00000263620 0 0 0 0 0 0 164 164 
9606.ENSP00000368924 9606.ENSP00000259806 0 0 0 112 66 0 243 317 
9606.ENSP00000368924 9606.ENSP00000431603 0 0 0 0 65 0 153 174 
9606.ENSP00000368924 9606.ENSP00000239938 0 0 0 0 0 0 410 410 
9606.ENSP00000368924 9606.ENSP00000251020 0 0 0 0 0 0 211 211 
9606.ENSP00000368924 9606.ENSP00000268603 0 0 0 0 0 0 225 225 
9606.ENSP00000368924 9606.ENSP00000469970 0 0 0 0 50 0 226 233 
9606.ENSP00000368924 9606.ENSP00000377782 0 0 0 0 0 0 177 177 
9606.ENSP00000368924 9606.ENSP00000330658 0 0 0 65 0 0 142 164 
9606.ENSP00000368924 9606.ENSP00000307321 0 0 0 214 54 0 0 224 
9606.ENSP00000368924 9606.ENSP00000362649 0 0 0 0 0 0 220 220 
9606.ENSP00000368924 9606.ENSP00000301873 0 0 0 0 85 0 137 176 
9606.ENSP00000368924 9606.ENSP00000439120 0 0 0 0 0 0 164 164 
9606.ENSP00000368924 9606.ENSP00000451560 0 0 0 69 50 0 208 238 
9606.ENSP00000368924 9606.ENSP00000362717 0 0 0 91 50 0 328 369 
9606.ENSP00000368924 9606.ENSP00000340226 0 0 0 64 50 0 259 283 
9606.ENSP00000368924 9606.ENSP00000471921 0 0 0 0 0 0 206 206 
9606.ENSP00000368924 9606.ENSP00000336747 0 0 0 0 379 0 0 379 
9606.ENSP00000368924 9606.ENSP00000256997 0 0 0 0 192 0 0 192 
9606.ENSP00000368924 9606.ENSP00000270061 0 0 0 0 171 0 0 171 
9606.ENSP00000368924 9606.ENSP00000365514 0 0 0 62 0 0 284 300 
9606.ENSP00000368924 9606.ENSP00000222753 0 0 0 128 54 0 178 262 
9606.ENSP00000368924 9606.ENSP00000363193 0 0 0 0 0 0 169 169 
9606.ENSP00000368924 9606.ENSP00000320543 0 0 0 0 379 0 86 408 
9606.ENSP00000368924 9606.ENSP00000338283 0 0 0 0 0 0 201 201 
9606.ENSP00000368924 9606.ENSP00000264833 0 0 0 62 0 0 210 227 
9606.ENSP00000368924 9606.ENSP00000321962 0 0 0 0 0 0 446 446 
9606.ENSP00000368924 9606.ENSP00000359212 0 0 0 0 50 0 293 299 
9606.ENSP00000368924 9606.ENSP00000261921 0 0 0 95 117 0 51 175 
9606.ENSP00000368924 9606.ENSP00000328169 0 0 0 85 134 0 292 389 
9606.ENSP00000368924 9606.ENSP00000346829 0 0 0 70 0 0 136 162 
9606.ENSP00000368924 9606.ENSP00000402758 0 0 0 96 0 0 110 161 
9606.ENSP00000368924 9606.ENSP00000468500 0 0 0 0 0 0 187 187 
9606.ENSP00000368924 9606.ENSP00000439065 0 0 0 49 0 0 348 353 
9606.ENSP00000368924 9606.ENSP00000346389 0 0 0 0 0 0 171 171 
9606.ENSP00000368924 9606.ENSP00000433138 0 0 0 0 379 0 0 379 
9606.ENSP00000368924 9606.ENSP00000354109 0 0 0 0 0 0 214 214 
9606.ENSP00000368924 9606.ENSP00000384517 0 0 0 0 0 0 192 192 
9606.ENSP00000368924 9606.ENSP00000355988 0 0 0 0 0 0 490 490 
9606.ENSP00000368924 9606.ENSP00000341551 0 0 0 49 0 0 167 173 
9606.ENSP00000368924 9606.ENSP00000318799 0 0 0 62 0 0 220 237 
9606.ENSP00000368924 9606.ENSP00000379369 0 0 0 62 121 0 62 160 
9606.ENSP00000368924 9606.ENSP00000233809 0 0 0 61 0 0 138 156 
9606.ENSP00000368924 9606.ENSP00000476960 0 0 0 0 50 0 264 271 
9606.ENSP00000368924 9606.ENSP00000299529 0 0 0 83 0 0 217 251 
9606.ENSP00000368924 9606.ENSP00000254066 0 0 0 0 0 0 161 161 
9606.ENSP00000368924 9606.ENSP00000344479 0 0 0 61 0 0 172 189 
9606.ENSP00000368924 9606.ENSP00000257915 0 0 0 0 0 0 150 150 
9606.ENSP00000368924 9606.ENSP00000324248 0 0 0 0 0 0 214 214 
9606.ENSP00000368924 9606.ENSP00000246229 0 0 0 0 0 0 171 171 
9606.ENSP00000368924 9606.ENSP00000276594 0 0 0 57 0 0 174 188 
9606.ENSP00000368924 9606.ENSP00000437955 0 0 0 0 53 0 466 472 
9606.ENSP00000368924 9606.ENSP00000340937 0 0 0 0 0 0 165 165 
9606.ENSP00000368924 9606.ENSP00000404122 0 0 0 0 0 0 175 175 
9606.ENSP00000368924 9606.ENSP00000264025 0 0 0 0 0 0 165 165 
9606.ENSP00000368924 9606.ENSP00000361653 0 0 0 56 66 0 174 208 
9606.ENSP00000368924 9606.ENSP00000357556 0 0 0 61 50 0 195 219 
9606.ENSP00000368924 9606.ENSP00000219746 0 0 0 0 163 0 0 163 
9606.ENSP00000368924 9606.ENSP00000400142 0 0 0 0 118 0 86 159 
9606.ENSP00000368924 9606.ENSP00000316377 0 0 0 0 0 0 226 226 
9606.ENSP00000368924 9606.ENSP00000386498 0 0 0 91 51 0 133 187 
9606.ENSP00000368924 9606.ENSP00000272520 0 0 0 55 0 0 148 161 
9606.ENSP00000368924 9606.ENSP00000250092 0 0 0 61 0 0 212 228 
9606.ENSP00000368924 9606.ENSP00000270142 0 0 0 0 0 0 185 185 
9606.ENSP00000368924 9606.ENSP00000266744 0 0 0 0 51 0 235 243 
9606.ENSP00000368924 9606.ENSP00000278949 0 0 0 0 0 0 233 233 
9606.ENSP00000368924 9606.ENSP00000337168 0 0 0 76 0 0 173 203 
9606.ENSP00000368924 9606.ENSP00000360608 0 0 0 61 195 0 0 211 
9606.ENSP00000368924 9606.ENSP00000328352 0 0 0 57 261 0 65 291 
9606.ENSP00000368924 9606.ENSP00000307014 0 0 0 0 0 0 150 150 
9606.ENSP00000368924 9606.ENSP00000339340 0 0 0 57 261 0 65 291 
9606.ENSP00000368924 9606.ENSP00000444561 0 0 0 0 0 0 211 211 
9606.ENSP00000368924 9606.ENSP00000239461 0 0 0 62 50 0 489 505 
9606.ENSP00000368924 9606.ENSP00000419185 0 0 0 97 54 0 250 304 
9606.ENSP00000368924 9606.ENSP00000361965 0 0 0 61 0 0 210 226 
9606.ENSP00000368924 9606.ENSP00000438527 0 0 0 0 0 0 186 186 
9606.ENSP00000368924 9606.ENSP00000321239 0 0 0 0 0 0 161 161 
9606.ENSP00000368924 9606.ENSP00000240328 0 0 0 147 51 0 680 719 
9606.ENSP00000368924 9606.ENSP00000297268 0 0 0 0 117 0 127 196 
9606.ENSP00000368924 9606.ENSP00000223136 0 0 0 0 0 0 250 250 
9606.ENSP00000368924 9606.ENSP00000274353 0 0 0 0 0 0 549 549 
9606.ENSP00000368924 9606.ENSP00000321797 0 0 0 61 0 0 307 321 
9606.ENSP00000368924 9606.ENSP00000285311 0 0 0 55 0 0 159 172 
9606.ENSP00000368924 9606.ENSP00000443631 0 0 0 62 0 0 140 159 
9606.ENSP00000368924 9606.ENSP00000378712 0 0 0 0 313 0 0 313 
9606.ENSP00000368924 9606.ENSP00000353735 0 0 0 0 0 0 202 202 
9606.ENSP00000368924 9606.ENSP00000266269 0 0 0 0 0 0 285 285 
9606.ENSP00000368924 9606.ENSP00000297338 0 0 0 55 0 0 144 156 
9606.ENSP00000368924 9606.ENSP00000360762 0 0 0 0 0 0 210 210 
9606.ENSP00000368924 9606.ENSP00000287020 0 0 0 0 0 0 158 158 
9606.ENSP00000368924 9606.ENSP00000205143 0 0 0 70 85 0 85 153 
9606.ENSP00000368924 9606.ENSP00000362014 0 0 0 48 0 0 220 225 
9606.ENSP00000368924 9606.ENSP00000263121 0 0 0 61 0 0 147 165 
9606.ENSP00000368924 9606.ENSP00000334382 0 0 0 0 0 0 156 156 
9606.ENSP00000368924 9606.ENSP00000311290 0 0 0 129 50 0 58 152 
9606.ENSP00000368924 9606.ENSP00000482393 0 0 0 108 53 0 131 202 
9606.ENSP00000368924 9606.ENSP00000358092 0 0 0 0 0 0 319 319 
9606.ENSP00000368924 9606.ENSP00000249389 0 0 0 0 50 0 159 166 
9606.ENSP00000368924 9606.ENSP00000377854 0 0 0 87 50 0 159 207 
9606.ENSP00000368924 9606.ENSP00000215832 0 0 0 0 0 0 157 157 
9606.ENSP00000368924 9606.ENSP00000450527 0 0 0 62 50 0 159 185 
9606.ENSP00000368924 9606.ENSP00000361721 0 0 0 0 342 900 640 974 
9606.ENSP00000368924 9606.ENSP00000371858 0 0 0 0 0 900 0 900 
9606.ENSP00000368924 9606.ENSP00000373487 0 0 0 141 0 0 197 281 
9606.ENSP00000368924 9606.ENSP00000270593 0 0 0 0 192 0 0 192 
9606.ENSP00000368924 9606.ENSP00000400341 0 0 0 56 66 0 213 246 
9606.ENSP00000368924 9606.ENSP00000449404 0 0 0 134 0 0 204 281 
9606.ENSP00000368924 9606.ENSP00000334472 0 0 0 56 66 0 359 386 
9606.ENSP00000368924 9606.ENSP00000364979 0 0 0 60 0 0 191 207 
9606.ENSP00000368924 9606.ENSP00000345023 0 0 0 0 759 0 0 759 
9606.ENSP00000368924 9606.ENSP00000284523 0 0 0 0 0 0 195 195 
9606.ENSP00000368924 9606.ENSP00000361405 0 0 0 0 0 0 192 192 
9606.ENSP00000368924 9606.ENSP00000291707 0 0 0 0 0 0 161 161 
9606.ENSP00000368924 9606.ENSP00000345853 0 0 0 154 0 0 86 193 
9606.ENSP00000368924 9606.ENSP00000366682 0 0 0 0 0 0 165 165 
9606.ENSP00000368924 9606.ENSP00000368727 0 0 0 0 0 0 372 372 
9606.ENSP00000368924 9606.ENSP00000248071 0 0 0 0 0 0 152 152 
9606.ENSP00000368924 9606.ENSP00000357255 0 0 0 0 0 0 187 187 
9606.ENSP00000368924 9606.ENSP00000368686 0 0 0 0 0 0 354 354 
9606.ENSP00000368924 9606.ENSP00000361107 0 0 0 0 0 0 174 174 
9606.ENSP00000368924 9606.ENSP00000392028 0 0 0 0 0 0 157 157 
9606.ENSP00000368924 9606.ENSP00000267101 0 0 0 65 0 0 231 250 
9606.ENSP00000368924 9606.ENSP00000295206 0 0 0 66 0 0 167 189 
9606.ENSP00000368924 9606.ENSP00000339004 0 0 0 56 66 0 220 253 
9606.ENSP00000368924 9606.ENSP00000287820 0 0 0 0 294 0 265 458 
9606.ENSP00000368924 9606.ENSP00000329170 0 0 0 61 65 0 189 226 
9606.ENSP00000368924 9606.ENSP00000295522 0 0 0 89 0 0 116 160 
9606.ENSP00000368924 9606.ENSP00000342626 0 0 0 0 0 0 400 400 
9606.ENSP00000368924 9606.ENSP00000362300 0 0 0 0 0 0 189 189 
9606.ENSP00000368924 9606.ENSP00000362151 0 0 0 56 157 0 128 245 
9606.ENSP00000368924 9606.ENSP00000360290 0 0 0 0 379 0 0 379 
9606.ENSP00000368924 9606.ENSP00000337060 0 0 0 0 0 0 158 158 
9606.ENSP00000368924 9606.ENSP00000346839 0 0 0 83 0 0 166 202 
9606.ENSP00000368924 9606.ENSP00000343746 0 0 0 53 0 0 187 197 
9606.ENSP00000368924 9606.ENSP00000333994 0 0 0 0 0 0 188 188 
9606.ENSP00000368924 9606.ENSP00000342307 0 0 0 102 66 0 211 280 
9606.ENSP00000368924 9606.ENSP00000364929 0 0 0 62 54 0 182 211 
9606.ENSP00000368924 9606.ENSP00000297161 0 0 0 0 0 0 222 222 
9606.ENSP00000368924 9606.ENSP00000369399 0 0 0 96 0 0 205 251 
9606.ENSP00000368924 9606.ENSP00000290921 0 0 0 0 117 0 108 178 
9606.ENSP00000368924 9606.ENSP00000239243 0 0 0 168 63 0 390 483 
9606.ENSP00000368924 9606.ENSP00000370936 0 0 0 0 0 0 247 247 
9606.ENSP00000368924 9606.ENSP00000231790 0 0 0 61 0 0 186 202 
9606.ENSP00000368924 9606.ENSP00000345681 0 0 0 99 50 0 404 445 
9606.ENSP00000368924 9606.ENSP00000300056 0 0 0 0 0 0 243 243 
9606.ENSP00000368924 9606.ENSP00000375857 0 0 0 0 0 0 538 538 
9606.ENSP00000368924 9606.ENSP00000318085 0 0 0 61 0 0 206 222 
9606.ENSP00000368924 9606.ENSP00000272641 0 0 0 62 0 0 189 206 
9606.ENSP00000368924 9606.ENSP00000296589 0 0 0 76 0 0 154 185 
9606.ENSP00000368924 9606.ENSP00000252463 0 0 0 61 0 0 563 572 
9606.ENSP00000368924 9606.ENSP00000359393 0 0 0 0 92 0 108 155 
9606.ENSP00000368924 9606.ENSP00000350844 0 0 0 62 50 0 272 295 
9606.ENSP00000368924 9606.ENSP00000240335 0 0 0 57 51 0 170 192 
9606.ENSP00000368924 9606.ENSP00000225512 0 0 0 0 0 0 159 159 
9606.ENSP00000368924 9606.ENSP00000259803 0 0 0 61 0 0 469 480 
9606.ENSP00000368924 9606.ENSP00000267460 0 0 0 0 0 0 172 172 
9606.ENSP00000368924 9606.ENSP00000463574 0 0 0 0 192 0 0 192 
9606.ENSP00000368924 9606.ENSP00000452479 0 0 0 55 0 0 413 421 
9606.ENSP00000368924 9606.ENSP00000303507 0 0 0 0 0 0 190 190 
