9606.ENSP00000294409 9606.ENSP00000396620 0 0 0 0 0 0 174 174 
9606.ENSP00000294409 9606.ENSP00000357881 0 0 0 0 71 0 164 190 
9606.ENSP00000294409 9606.ENSP00000352926 0 0 0 0 0 0 192 192 
9606.ENSP00000294409 9606.ENSP00000291582 0 0 0 0 50 0 455 460 
9606.ENSP00000294409 9606.ENSP00000397911 0 0 0 0 0 0 501 501 
9606.ENSP00000294409 9606.ENSP00000295314 0 0 0 0 0 0 291 291 
9606.ENSP00000294409 9606.ENSP00000376246 0 0 0 0 171 0 0 171 
9606.ENSP00000294409 9606.ENSP00000263182 0 0 0 0 0 0 388 388 
9606.ENSP00000294409 9606.ENSP00000388638 0 0 0 0 261 0 0 261 
9606.ENSP00000294409 9606.ENSP00000350815 0 0 0 0 93 0 175 219 
9606.ENSP00000294409 9606.ENSP00000374455 0 0 0 0 0 0 310 310 
9606.ENSP00000294409 9606.ENSP00000319192 0 0 0 0 0 0 269 269 
9606.ENSP00000294409 9606.ENSP00000406050 0 0 0 0 0 0 266 266 
9606.ENSP00000294409 9606.ENSP00000383063 0 0 0 0 0 0 357 357 
9606.ENSP00000294409 9606.ENSP00000350012 0 0 0 60 0 0 146 162 
9606.ENSP00000294409 9606.ENSP00000332756 0 0 0 0 156 0 0 156 
9606.ENSP00000294409 9606.ENSP00000272369 0 0 0 0 0 0 190 190 
9606.ENSP00000294409 9606.ENSP00000231509 0 0 0 0 93 0 421 452 
9606.ENSP00000294409 9606.ENSP00000351539 0 0 0 0 71 0 335 356 
9606.ENSP00000294409 9606.ENSP00000072644 0 0 0 0 0 0 178 178 
9606.ENSP00000294409 9606.ENSP00000478910 0 0 0 0 156 0 0 156 
9606.ENSP00000294409 9606.ENSP00000325655 0 0 0 0 0 0 584 584 
9606.ENSP00000294409 9606.ENSP00000412566 0 0 0 0 185 0 0 185 
9606.ENSP00000294409 9606.ENSP00000265866 0 0 0 0 181 0 0 181 
9606.ENSP00000294409 9606.ENSP00000285407 0 0 0 0 71 0 135 162 
9606.ENSP00000294409 9606.ENSP00000362918 0 0 0 0 0 0 396 396 
9606.ENSP00000294409 9606.ENSP00000354878 0 0 0 0 86 0 133 173 
9606.ENSP00000294409 9606.ENSP00000333188 0 0 0 0 422 0 111 464 
9606.ENSP00000294409 9606.ENSP00000444810 0 0 0 0 0 0 174 174 
9606.ENSP00000294409 9606.ENSP00000411250 0 0 0 0 0 0 200 200 
9606.ENSP00000294409 9606.ENSP00000307183 0 0 0 61 180 0 0 197 
9606.ENSP00000294409 9606.ENSP00000350078 0 0 0 0 0 0 300 300 
9606.ENSP00000294409 9606.ENSP00000371393 0 0 0 0 0 0 265 265 
9606.ENSP00000294409 9606.ENSP00000322142 0 0 0 61 180 0 0 197 
9606.ENSP00000294409 9606.ENSP00000343023 0 0 0 0 0 0 622 622 
9606.ENSP00000294409 9606.ENSP00000296098 0 0 0 0 0 0 515 515 
9606.ENSP00000294409 9606.ENSP00000207457 0 0 0 0 156 0 0 156 
9606.ENSP00000294409 9606.ENSP00000364389 0 0 0 0 99 0 132 184 
9606.ENSP00000294409 9606.ENSP00000365272 0 0 0 0 156 0 0 156 
9606.ENSP00000294409 9606.ENSP00000302476 0 0 0 0 0 0 527 527 
9606.ENSP00000294409 9606.ENSP00000349503 0 0 0 0 71 0 364 383 
9606.ENSP00000294409 9606.ENSP00000416255 0 0 0 0 0 0 256 256 
9606.ENSP00000294409 9606.ENSP00000467141 0 0 0 0 0 0 373 373 
9606.ENSP00000294409 9606.ENSP00000300659 0 0 0 0 177 0 0 177 
9606.ENSP00000294409 9606.ENSP00000263253 0 0 0 50 50 0 141 157 
9606.ENSP00000294409 9606.ENSP00000403937 0 0 0 0 0 0 200 200 
9606.ENSP00000294409 9606.ENSP00000363162 0 0 0 0 0 0 293 293 
9606.ENSP00000294409 9606.ENSP00000307046 0 0 0 0 306 0 0 306 
9606.ENSP00000294409 9606.ENSP00000340271 0 0 0 61 180 0 0 197 
9606.ENSP00000294409 9606.ENSP00000438483 0 0 0 61 0 0 387 400 
9606.ENSP00000294409 9606.ENSP00000304604 0 0 0 0 156 0 0 156 
9606.ENSP00000294409 9606.ENSP00000330237 0 0 0 61 379 0 0 391 
9606.ENSP00000294409 9606.ENSP00000363390 0 0 0 0 320 0 405 578 
9606.ENSP00000294409 9606.ENSP00000426909 0 0 0 0 0 0 178 178 
9606.ENSP00000294409 9606.ENSP00000435233 0 0 0 0 0 0 182 182 
9606.ENSP00000294409 9606.ENSP00000381412 0 0 0 0 195 0 0 195 
9606.ENSP00000294409 9606.ENSP00000419692 0 0 0 0 93 0 169 214 
9606.ENSP00000294409 9606.ENSP00000384570 0 0 0 0 156 0 0 156 
9606.ENSP00000294409 9606.ENSP00000327959 0 0 0 0 0 0 205 205 
9606.ENSP00000294409 9606.ENSP00000331614 0 0 0 0 71 0 133 160 
9606.ENSP00000294409 9606.ENSP00000378248 0 0 0 0 0 0 199 199 
9606.ENSP00000294409 9606.ENSP00000423563 0 0 0 0 0 0 167 167 
9606.ENSP00000294409 9606.ENSP00000277895 0 0 0 0 185 0 0 185 
9606.ENSP00000294409 9606.ENSP00000332293 0 0 0 0 0 0 176 176 
9606.ENSP00000294409 9606.ENSP00000339906 0 0 0 0 131 0 104 188 
9606.ENSP00000294409 9606.ENSP00000263334 0 0 0 0 185 0 57 198 
9606.ENSP00000294409 9606.ENSP00000337340 0 0 0 0 261 0 0 261 
9606.ENSP00000294409 9606.ENSP00000165524 0 0 0 0 0 0 303 303 
9606.ENSP00000294409 9606.ENSP00000380024 0 0 0 61 180 0 0 197 
9606.ENSP00000294409 9606.ENSP00000367797 0 0 0 62 0 0 136 154 
9606.ENSP00000294409 9606.ENSP00000378725 0 0 0 0 0 0 181 181 
9606.ENSP00000294409 9606.ENSP00000331879 0 0 0 0 0 0 214 214 
9606.ENSP00000294409 9606.ENSP00000275730 0 0 0 0 0 0 171 171 
9606.ENSP00000294409 9606.ENSP00000457593 0 0 0 0 261 0 143 340 
9606.ENSP00000294409 9606.ENSP00000398632 0 0 0 0 439 0 0 439 
9606.ENSP00000294409 9606.ENSP00000330878 0 0 0 61 0 0 314 328 
9606.ENSP00000294409 9606.ENSP00000345731 0 0 0 0 156 0 0 156 
9606.ENSP00000294409 9606.ENSP00000370542 0 0 0 0 663 0 0 663 
9606.ENSP00000294409 9606.ENSP00000351273 0 0 0 61 379 0 48 396 
9606.ENSP00000294409 9606.ENSP00000254799 0 0 0 0 181 0 0 181 
9606.ENSP00000294409 9606.ENSP00000302630 0 0 0 0 0 0 203 203 
9606.ENSP00000294409 9606.ENSP00000324020 0 0 0 0 157 0 55 169 
9606.ENSP00000294409 9606.ENSP00000319531 0 0 0 0 261 0 0 261 
9606.ENSP00000294409 9606.ENSP00000348056 0 0 0 0 379 0 443 639 
9606.ENSP00000294409 9606.ENSP00000341346 0 0 0 0 156 0 0 156 
9606.ENSP00000294409 9606.ENSP00000420387 0 0 0 0 156 0 0 156 
9606.ENSP00000294409 9606.ENSP00000402033 0 0 0 0 156 0 0 156 
9606.ENSP00000294409 9606.ENSP00000358512 0 0 0 0 171 0 0 171 
9606.ENSP00000294409 9606.ENSP00000357292 0 0 0 0 0 0 212 212 
9606.ENSP00000294409 9606.ENSP00000371846 0 0 0 0 0 0 276 276 
9606.ENSP00000294409 9606.ENSP00000313600 0 0 0 0 156 0 0 156 
9606.ENSP00000294409 9606.ENSP00000387875 0 0 0 0 86 0 133 173 
9606.ENSP00000294409 9606.ENSP00000458715 0 0 0 0 156 0 0 156 
9606.ENSP00000294409 9606.ENSP00000261681 0 0 0 0 186 0 0 186 
9606.ENSP00000294409 9606.ENSP00000298282 0 0 0 0 0 0 285 285 
9606.ENSP00000294409 9606.ENSP00000295756 0 0 0 0 0 0 180 180 
9606.ENSP00000294409 9606.ENSP00000425864 0 0 0 0 261 0 0 261 
9606.ENSP00000294409 9606.ENSP00000302543 0 0 0 0 0 0 188 188 
9606.ENSP00000294409 9606.ENSP00000263955 0 0 0 0 0 0 262 262 
9606.ENSP00000294409 9606.ENSP00000400433 0 0 0 61 182 0 0 199 
9606.ENSP00000294409 9606.ENSP00000233813 0 0 0 0 0 0 209 209 
9606.ENSP00000294409 9606.ENSP00000371084 0 0 0 0 156 0 0 156 
9606.ENSP00000294409 9606.ENSP00000445359 0 0 0 0 156 0 0 156 
9606.ENSP00000294409 9606.ENSP00000352400 0 0 0 0 0 0 219 219 
9606.ENSP00000294409 9606.ENSP00000396843 0 0 0 0 66 0 290 309 
9606.ENSP00000294409 9606.ENSP00000322716 0 0 0 61 0 0 159 176 
9606.ENSP00000294409 9606.ENSP00000382428 0 0 0 0 156 0 0 156 
9606.ENSP00000294409 9606.ENSP00000306124 0 0 0 0 0 0 232 232 
9606.ENSP00000294409 9606.ENSP00000320566 0 0 0 61 180 0 0 197 
9606.ENSP00000294409 9606.ENSP00000385545 0 0 0 0 157 0 55 169 
9606.ENSP00000294409 9606.ENSP00000359215 0 0 0 0 0 0 187 187 
9606.ENSP00000294409 9606.ENSP00000311684 0 0 0 0 0 0 222 222 
9606.ENSP00000294409 9606.ENSP00000266068 0 0 0 0 919 0 143 927 
9606.ENSP00000294409 9606.ENSP00000344544 0 0 0 0 71 0 169 195 
9606.ENSP00000294409 9606.ENSP00000349168 0 0 0 62 182 0 0 199 
9606.ENSP00000294409 9606.ENSP00000409666 0 0 0 63 0 0 223 241 
9606.ENSP00000294409 9606.ENSP00000379842 0 0 0 0 0 0 161 161 
9606.ENSP00000294409 9606.ENSP00000265372 0 0 0 0 0 0 272 272 
9606.ENSP00000294409 9606.ENSP00000381333 0 0 0 0 0 0 170 170 
9606.ENSP00000294409 9606.ENSP00000353224 0 0 0 0 0 0 641 641 
9606.ENSP00000294409 9606.ENSP00000361927 0 0 0 62 182 0 0 199 
9606.ENSP00000294409 9606.ENSP00000359319 0 0 0 0 185 0 57 198 
9606.ENSP00000294409 9606.ENSP00000303394 0 0 0 0 0 0 469 469 
9606.ENSP00000294409 9606.ENSP00000378288 0 0 0 0 0 0 185 185 
9606.ENSP00000294409 9606.ENSP00000327604 0 0 0 0 0 0 211 211 
9606.ENSP00000294409 9606.ENSP00000274643 0 0 0 0 0 0 400 400 
9606.ENSP00000294409 9606.ENSP00000364864 0 0 0 0 157 0 55 169 
9606.ENSP00000294409 9606.ENSP00000340608 0 0 0 0 0 0 242 242 
9606.ENSP00000294409 9606.ENSP00000265395 0 0 0 0 0 0 375 375 
9606.ENSP00000294409 9606.ENSP00000313007 0 0 0 0 0 0 176 176 
9606.ENSP00000294409 9606.ENSP00000393511 0 0 0 0 185 0 0 185 
9606.ENSP00000294409 9606.ENSP00000336842 0 0 0 0 0 0 232 232 
9606.ENSP00000294409 9606.ENSP00000302100 0 0 0 0 0 0 242 242 
9606.ENSP00000294409 9606.ENSP00000388910 0 0 0 0 178 0 43 179 
9606.ENSP00000294409 9606.ENSP00000376297 0 0 0 0 0 0 163 163 
9606.ENSP00000294409 9606.ENSP00000333942 0 0 0 0 157 0 55 169 
9606.ENSP00000294409 9606.ENSP00000355652 0 0 0 0 186 0 0 186 
9606.ENSP00000294409 9606.ENSP00000354916 0 0 0 0 99 0 139 191 
9606.ENSP00000294409 9606.ENSP00000425394 0 0 0 0 185 0 0 185 
9606.ENSP00000294409 9606.ENSP00000381425 0 0 0 0 186 0 0 186 
9606.ENSP00000294409 9606.ENSP00000380150 0 0 0 0 156 0 0 156 
9606.ENSP00000294409 9606.ENSP00000363524 0 0 0 0 86 0 133 173 
9606.ENSP00000294409 9606.ENSP00000384273 0 0 0 0 0 0 269 269 
9606.ENSP00000294409 9606.ENSP00000340943 0 0 0 0 0 0 193 193 
9606.ENSP00000294409 9606.ENSP00000221494 0 0 0 0 0 0 686 686 
9606.ENSP00000294409 9606.ENSP00000387278 0 0 0 0 186 0 0 186 
9606.ENSP00000294409 9606.ENSP00000297814 0 0 0 0 86 0 133 173 
9606.ENSP00000294409 9606.ENSP00000270722 0 0 0 0 71 0 155 181 
9606.ENSP00000294409 9606.ENSP00000299213 0 0 0 0 0 0 251 251 
9606.ENSP00000294409 9606.ENSP00000324701 0 0 0 0 171 0 0 171 
9606.ENSP00000294409 9606.ENSP00000321195 0 0 0 0 156 0 0 156 
9606.ENSP00000294409 9606.ENSP00000319060 0 0 0 0 195 0 0 195 
9606.ENSP00000294409 9606.ENSP00000333275 0 0 0 0 93 0 234 275 
9606.ENSP00000294409 9606.ENSP00000248553 0 0 0 0 0 0 499 499 
9606.ENSP00000294409 9606.ENSP00000332111 0 0 0 0 0 0 163 163 
9606.ENSP00000294409 9606.ENSP00000385720 0 0 0 0 0 0 160 160 
9606.ENSP00000294409 9606.ENSP00000311778 0 0 0 0 0 0 228 228 
9606.ENSP00000294409 9606.ENSP00000440125 0 0 0 0 0 0 300 300 
9606.ENSP00000294409 9606.ENSP00000222644 0 0 0 0 325 0 57 336 
9606.ENSP00000294409 9606.ENSP00000321691 0 0 0 0 0 0 156 156 
9606.ENSP00000294409 9606.ENSP00000363232 0 0 0 0 157 0 55 169 
9606.ENSP00000294409 9606.ENSP00000411831 0 0 0 0 86 0 133 173 
9606.ENSP00000294409 9606.ENSP00000264010 0 0 0 61 71 0 193 235 
9606.ENSP00000294409 9606.ENSP00000428182 0 0 0 0 325 0 57 336 
9606.ENSP00000294409 9606.ENSP00000399968 0 0 0 0 379 0 108 422 
9606.ENSP00000294409 9606.ENSP00000361547 0 0 0 0 51 0 348 354 
9606.ENSP00000294409 9606.ENSP00000364490 0 0 0 0 0 0 171 171 
9606.ENSP00000294409 9606.ENSP00000377934 0 0 0 0 86 0 133 173 
9606.ENSP00000294409 9606.ENSP00000322924 0 0 0 0 0 0 188 188 
9606.ENSP00000294409 9606.ENSP00000271227 0 0 0 0 0 0 156 156 
9606.ENSP00000294409 9606.ENSP00000361842 0 0 0 0 188 0 0 188 
9606.ENSP00000294409 9606.ENSP00000360944 0 0 0 0 0 0 172 172 
9606.ENSP00000294409 9606.ENSP00000298355 0 0 0 0 0 0 153 153 
9606.ENSP00000294409 9606.ENSP00000284509 0 0 0 0 156 0 0 156 
9606.ENSP00000294409 9606.ENSP00000282369 0 0 0 0 0 0 150 150 
9606.ENSP00000294409 9606.ENSP00000382972 0 0 0 0 185 0 0 185 
9606.ENSP00000294409 9606.ENSP00000273859 0 0 0 0 156 0 0 156 
9606.ENSP00000294409 9606.ENSP00000355689 0 0 0 0 156 0 0 156 
9606.ENSP00000294409 9606.ENSP00000367408 0 0 0 0 377 0 86 406 
9606.ENSP00000294409 9606.ENSP00000265440 0 0 0 0 0 0 225 225 
9606.ENSP00000294409 9606.ENSP00000334458 0 0 0 0 0 0 173 173 
9606.ENSP00000294409 9606.ENSP00000264779 0 0 0 0 0 0 345 345 
9606.ENSP00000294409 9606.ENSP00000204517 0 0 0 0 0 0 267 267 
9606.ENSP00000294409 9606.ENSP00000219611 0 0 0 62 0 0 155 173 
9606.ENSP00000294409 9606.ENSP00000450085 0 0 0 0 191 0 0 191 
9606.ENSP00000294409 9606.ENSP00000262367 0 0 0 61 384 0 336 583 
9606.ENSP00000294409 9606.ENSP00000264712 0 0 0 0 157 0 55 169 
9606.ENSP00000294409 9606.ENSP00000427866 0 0 0 0 185 0 0 185 
9606.ENSP00000294409 9606.ENSP00000216037 0 0 0 0 191 0 0 191 
9606.ENSP00000294409 9606.ENSP00000309548 0 0 0 0 0 0 243 243 
9606.ENSP00000294409 9606.ENSP00000344674 0 0 0 0 848 0 0 848 
9606.ENSP00000294409 9606.ENSP00000331305 0 0 0 51 0 0 167 175 
9606.ENSP00000294409 9606.ENSP00000250003 0 0 0 0 0 0 168 168 
9606.ENSP00000294409 9606.ENSP00000357475 0 0 0 0 156 0 0 156 
9606.ENSP00000294409 9606.ENSP00000396628 0 0 0 0 0 0 171 171 
9606.ENSP00000294409 9606.ENSP00000416418 0 0 0 0 0 0 188 188 
9606.ENSP00000294409 9606.ENSP00000265171 0 0 0 0 0 0 167 167 
9606.ENSP00000294409 9606.ENSP00000246104 0 0 0 0 0 0 480 480 
9606.ENSP00000294409 9606.ENSP00000263966 0 0 0 0 0 0 417 417 
9606.ENSP00000294409 9606.ENSP00000362981 0 0 0 0 0 0 226 226 
9606.ENSP00000294409 9606.ENSP00000360231 0 0 0 0 66 0 133 156 
9606.ENSP00000294409 9606.ENSP00000287152 0 0 0 0 157 0 55 169 
9606.ENSP00000294409 9606.ENSP00000242728 0 0 0 0 0 0 154 154 
9606.ENSP00000294409 9606.ENSP00000339740 0 0 0 0 195 0 53 205 
9606.ENSP00000294409 9606.ENSP00000267953 0 0 0 0 0 0 260 260 
9606.ENSP00000294409 9606.ENSP00000222254 0 0 0 0 0 0 201 201 
9606.ENSP00000294409 9606.ENSP00000360200 0 0 0 0 157 0 50 164 
9606.ENSP00000294409 9606.ENSP00000418268 0 0 0 0 261 0 0 261 
9606.ENSP00000294409 9606.ENSP00000326200 0 0 0 0 71 0 443 460 
9606.ENSP00000294409 9606.ENSP00000323913 0 0 0 0 0 0 532 532 
9606.ENSP00000294409 9606.ENSP00000440331 0 0 0 0 0 0 240 240 
9606.ENSP00000294409 9606.ENSP00000389103 0 0 0 0 0 0 249 249 
9606.ENSP00000294409 9606.ENSP00000357920 0 0 0 0 0 0 306 306 
9606.ENSP00000294409 9606.ENSP00000383274 0 0 0 0 0 0 611 611 
9606.ENSP00000294409 9606.ENSP00000362222 0 0 0 50 0 0 221 229 
9606.ENSP00000294409 9606.ENSP00000233809 0 0 0 0 0 0 199 199 
9606.ENSP00000294409 9606.ENSP00000006526 0 0 0 0 179 0 0 179 
9606.ENSP00000294409 9606.ENSP00000455711 0 0 0 0 0 0 226 226 
9606.ENSP00000294409 9606.ENSP00000478672 0 0 0 0 0 0 276 276 
9606.ENSP00000294409 9606.ENSP00000446215 0 0 0 0 377 0 60 389 
9606.ENSP00000294409 9606.ENSP00000295201 0 0 0 0 156 0 0 156 
9606.ENSP00000294409 9606.ENSP00000355925 0 0 0 0 0 0 167 167 
9606.ENSP00000294409 9606.ENSP00000448598 0 0 0 0 191 0 0 191 
9606.ENSP00000294409 9606.ENSP00000379263 0 0 0 0 156 0 0 156 
9606.ENSP00000294409 9606.ENSP00000376141 0 0 0 0 0 0 221 221 
9606.ENSP00000294409 9606.ENSP00000379098 0 0 0 0 195 0 0 195 
9606.ENSP00000294409 9606.ENSP00000357633 0 0 0 0 186 0 0 186 
9606.ENSP00000294409 9606.ENSP00000331901 0 0 0 0 0 0 291 291 
9606.ENSP00000294409 9606.ENSP00000235310 0 0 0 0 261 0 0 261 
9606.ENSP00000294409 9606.ENSP00000262843 0 0 0 0 0 0 161 161 
9606.ENSP00000294409 9606.ENSP00000318646 0 0 0 0 0 0 544 544 
9606.ENSP00000294409 9606.ENSP00000311336 0 0 0 0 156 0 0 156 
9606.ENSP00000294409 9606.ENSP00000375899 0 0 0 0 0 0 178 178 
9606.ENSP00000294409 9606.ENSP00000345837 0 0 0 0 191 0 0 191 
9606.ENSP00000294409 9606.ENSP00000339495 0 0 0 0 0 0 266 266 
9606.ENSP00000294409 9606.ENSP00000232603 0 0 0 0 190 0 0 190 
9606.ENSP00000294409 9606.ENSP00000339063 0 0 0 0 0 0 196 196 
9606.ENSP00000294409 9606.ENSP00000349325 0 0 0 0 156 0 0 156 
9606.ENSP00000294409 9606.ENSP00000388241 0 0 0 0 157 0 55 169 
9606.ENSP00000294409 9606.ENSP00000483280 0 0 0 0 156 0 0 156 
9606.ENSP00000294409 9606.ENSP00000296181 0 0 0 0 0 0 296 296 
9606.ENSP00000294409 9606.ENSP00000348234 0 0 0 0 0 0 567 567 
9606.ENSP00000294409 9606.ENSP00000274368 0 0 0 0 0 0 323 323 
9606.ENSP00000294409 9606.ENSP00000340609 0 0 0 0 137 0 157 241 
9606.ENSP00000294409 9606.ENSP00000363480 0 0 0 0 156 0 0 156 
9606.ENSP00000294409 9606.ENSP00000311290 0 0 0 0 76 0 165 195 
9606.ENSP00000294409 9606.ENSP00000359339 0 0 0 0 171 0 0 171 
9606.ENSP00000294409 9606.ENSP00000291547 0 0 0 0 0 0 345 345 
9606.ENSP00000294409 9606.ENSP00000406286 0 0 0 0 71 0 144 170 
9606.ENSP00000294409 9606.ENSP00000283025 0 0 0 0 156 0 0 156 
9606.ENSP00000294409 9606.ENSP00000368632 0 0 0 0 0 0 256 256 
9606.ENSP00000294409 9606.ENSP00000384625 0 0 0 62 298 0 0 313 
9606.ENSP00000294409 9606.ENSP00000328570 0 0 0 0 186 0 0 186 
9606.ENSP00000294409 9606.ENSP00000381601 0 0 0 0 243 0 0 243 
9606.ENSP00000294409 9606.ENSP00000332103 0 0 0 0 185 0 0 185 
9606.ENSP00000294409 9606.ENSP00000385808 0 0 0 0 157 0 55 169 
9606.ENSP00000294409 9606.ENSP00000331577 0 0 0 0 71 0 194 219 
9606.ENSP00000294409 9606.ENSP00000361467 0 0 0 0 156 0 0 156 
9606.ENSP00000294409 9606.ENSP00000381072 0 0 0 0 0 0 406 406 
9606.ENSP00000294409 9606.ENSP00000441831 0 0 0 49 261 0 0 267 
9606.ENSP00000294409 9606.ENSP00000299440 0 0 0 0 263 0 261 432 
9606.ENSP00000294409 9606.ENSP00000322238 0 0 0 0 0 0 187 187 
9606.ENSP00000294409 9606.ENSP00000358413 0 0 0 50 165 0 49 179 
9606.ENSP00000294409 9606.ENSP00000379330 0 0 0 0 178 0 102 230 
9606.ENSP00000294409 9606.ENSP00000315387 0 0 0 0 171 0 0 171 
9606.ENSP00000294409 9606.ENSP00000364929 0 0 0 61 180 0 0 197 
9606.ENSP00000294409 9606.ENSP00000371070 0 0 0 0 156 0 0 156 
9606.ENSP00000294409 9606.ENSP00000485010 0 0 0 0 165 0 0 165 
9606.ENSP00000294409 9606.ENSP00000343701 0 0 0 61 0 0 241 257 
9606.ENSP00000294409 9606.ENSP00000358547 0 0 0 0 186 0 0 186 
9606.ENSP00000294409 9606.ENSP00000369399 0 0 0 0 0 0 222 222 
9606.ENSP00000294409 9606.ENSP00000345681 0 0 0 0 0 0 204 204 
9606.ENSP00000294409 9606.ENSP00000365924 0 0 0 0 0 0 197 197 
9606.ENSP00000294409 9606.ENSP00000369251 0 0 0 0 171 0 0 171 
9606.ENSP00000294409 9606.ENSP00000346599 0 0 0 0 137 0 413 472 
9606.ENSP00000294409 9606.ENSP00000350844 0 0 0 0 185 0 57 198 
9606.ENSP00000294409 9606.ENSP00000285928 0 0 0 61 157 0 43 176 
9606.ENSP00000294409 9606.ENSP00000369798 0 0 0 0 0 0 165 165 
9606.ENSP00000294409 9606.ENSP00000337907 0 0 0 0 186 0 0 186 
