9606.ENSP00000467107 9606.ENSP00000352976 0 0 0 0 0 0 217 217 
9606.ENSP00000467107 9606.ENSP00000301068 0 0 0 0 169 0 0 169 
9606.ENSP00000467107 9606.ENSP00000354376 0 0 0 0 169 0 0 169 
9606.ENSP00000467107 9606.ENSP00000216101 0 0 0 0 169 0 0 169 
9606.ENSP00000467107 9606.ENSP00000352264 0 0 0 0 261 0 0 261 
9606.ENSP00000467107 9606.ENSP00000216446 0 0 0 158 0 0 0 158 
9606.ENSP00000467107 9606.ENSP00000341803 0 0 0 0 0 0 559 559 
9606.ENSP00000467107 9606.ENSP00000369538 0 0 0 0 0 900 85 904 
9606.ENSP00000467107 9606.ENSP00000377769 0 0 0 0 169 0 0 169 
9606.ENSP00000467107 9606.ENSP00000222256 0 0 0 0 0 0 216 216 
9606.ENSP00000467107 9606.ENSP00000262187 0 0 0 0 169 0 0 169 
9606.ENSP00000467107 9606.ENSP00000374037 0 0 0 0 0 0 511 511 
9606.ENSP00000467107 9606.ENSP00000269586 0 0 0 0 169 0 0 169 
9606.ENSP00000467107 9606.ENSP00000343966 0 0 0 0 0 0 158 158 
9606.ENSP00000467107 9606.ENSP00000353210 0 0 0 0 169 0 0 169 
9606.ENSP00000467107 9606.ENSP00000445408 0 0 0 0 0 0 227 227 
9606.ENSP00000467107 9606.ENSP00000353444 0 0 0 0 124 900 353 938 
9606.ENSP00000467107 9606.ENSP00000459943 0 0 0 50 0 0 295 302 
9606.ENSP00000467107 9606.ENSP00000383118 0 0 0 62 185 0 0 202 
9606.ENSP00000467107 9606.ENSP00000282026 0 0 0 69 169 0 0 193 
9606.ENSP00000467107 9606.ENSP00000379898 0 0 0 0 169 0 124 240 
9606.ENSP00000467107 9606.ENSP00000363571 0 0 0 0 58 0 492 501 
9606.ENSP00000467107 9606.ENSP00000263285 0 0 0 158 0 0 0 158 
9606.ENSP00000467107 9606.ENSP00000342322 0 0 0 0 0 0 157 157 
9606.ENSP00000467107 9606.ENSP00000339155 0 0 0 59 0 0 178 193 
9606.ENSP00000467107 9606.ENSP00000461945 0 0 0 0 124 0 509 551 
9606.ENSP00000467107 9606.ENSP00000407586 0 0 0 0 169 0 0 169 
9606.ENSP00000467107 9606.ENSP00000370697 0 0 0 169 0 0 0 169 
9606.ENSP00000467107 9606.ENSP00000367208 0 0 0 0 0 0 173 173 
9606.ENSP00000467107 9606.ENSP00000460665 0 0 0 0 0 0 813 813 
9606.ENSP00000467107 9606.ENSP00000265276 0 0 0 0 0 0 371 371 
9606.ENSP00000467107 9606.ENSP00000241463 0 0 0 0 169 0 0 169 
9606.ENSP00000467107 9606.ENSP00000333547 0 0 0 0 169 0 50 176 
9606.ENSP00000467107 9606.ENSP00000220062 0 0 0 0 169 0 0 169 
9606.ENSP00000467107 9606.ENSP00000304376 0 0 0 0 124 0 82 161 
9606.ENSP00000467107 9606.ENSP00000373298 0 0 0 0 0 0 304 304 
9606.ENSP00000467107 9606.ENSP00000360020 0 0 0 0 169 0 0 169 
9606.ENSP00000467107 9606.ENSP00000433427 0 0 0 0 169 0 49 175 
9606.ENSP00000467107 9606.ENSP00000306010 0 0 0 0 169 0 0 169 
9606.ENSP00000467107 9606.ENSP00000244040 0 0 0 0 124 0 465 512 
9606.ENSP00000467107 9606.ENSP00000246792 0 0 0 0 169 0 41 169 
9606.ENSP00000467107 9606.ENSP00000389026 0 0 0 59 0 0 374 386 
9606.ENSP00000467107 9606.ENSP00000357305 0 0 0 0 169 0 0 169 
9606.ENSP00000467107 9606.ENSP00000272519 0 0 0 0 169 0 0 169 
9606.ENSP00000467107 9606.ENSP00000297596 0 0 0 0 169 0 0 169 
9606.ENSP00000467107 9606.ENSP00000371219 0 0 0 76 185 0 0 214 
9606.ENSP00000467107 9606.ENSP00000383505 0 0 0 0 0 0 252 252 
9606.ENSP00000467107 9606.ENSP00000362932 0 0 0 0 169 0 0 169 
9606.ENSP00000467107 9606.ENSP00000268129 0 0 0 0 0 0 198 198 
9606.ENSP00000467107 9606.ENSP00000320563 0 0 0 230 0 0 0 230 
9606.ENSP00000467107 9606.ENSP00000356621 0 0 0 61 133 0 0 151 
9606.ENSP00000467107 9606.ENSP00000261636 0 0 0 0 169 0 0 169 
9606.ENSP00000467107 9606.ENSP00000376872 0 0 0 0 169 0 0 169 
9606.ENSP00000467107 9606.ENSP00000326031 0 0 0 0 0 0 165 165 
9606.ENSP00000467107 9606.ENSP00000362680 0 0 0 0 58 0 448 459 
9606.ENSP00000467107 9606.ENSP00000360437 0 0 0 0 0 0 176 176 
9606.ENSP00000467107 9606.ENSP00000231524 0 0 0 0 169 0 0 169 
9606.ENSP00000467107 9606.ENSP00000341779 0 0 0 0 0 0 325 325 
9606.ENSP00000467107 9606.ENSP00000447053 0 0 0 0 124 900 82 912 
9606.ENSP00000467107 9606.ENSP00000285735 0 0 0 0 185 0 0 185 
9606.ENSP00000467107 9606.ENSP00000046794 0 0 0 260 0 0 0 260 
9606.ENSP00000467107 9606.ENSP00000378958 0 0 0 0 169 0 0 169 
9606.ENSP00000467107 9606.ENSP00000389395 0 0 0 0 0 0 657 657 
9606.ENSP00000467107 9606.ENSP00000443189 0 0 0 0 169 0 0 169 
9606.ENSP00000467107 9606.ENSP00000358810 0 0 0 0 175 0 0 175 
9606.ENSP00000467107 9606.ENSP00000298316 0 0 0 0 169 0 49 175 
9606.ENSP00000467107 9606.ENSP00000264276 0 0 0 0 0 0 367 367 
9606.ENSP00000467107 9606.ENSP00000308576 0 0 0 0 185 0 0 185 
9606.ENSP00000467107 9606.ENSP00000380635 0 0 0 0 169 0 0 169 
9606.ENSP00000467107 9606.ENSP00000256953 0 0 0 0 169 0 0 169 
9606.ENSP00000467107 9606.ENSP00000321805 0 0 0 0 169 0 0 169 
9606.ENSP00000467107 9606.ENSP00000353518 0 0 0 0 0 0 777 777 
9606.ENSP00000467107 9606.ENSP00000321971 0 0 0 0 169 0 0 169 
9606.ENSP00000467107 9606.ENSP00000317955 0 0 0 0 0 0 256 256 
9606.ENSP00000467107 9606.ENSP00000261890 0 0 0 0 169 0 174 284 
9606.ENSP00000467107 9606.ENSP00000417235 0 0 0 0 0 0 159 159 
9606.ENSP00000467107 9606.ENSP00000238667 0 0 0 0 0 0 245 245 
9606.ENSP00000467107 9606.ENSP00000348461 0 0 0 62 185 0 0 202 
9606.ENSP00000467107 9606.ENSP00000316779 0 0 0 0 0 0 265 265 
9606.ENSP00000467107 9606.ENSP00000337722 0 0 0 0 169 0 0 169 
9606.ENSP00000467107 9606.ENSP00000319096 0 0 0 0 169 0 0 169 
9606.ENSP00000467107 9606.ENSP00000294728 0 0 0 158 0 0 0 158 
9606.ENSP00000467107 9606.ENSP00000416696 0 0 0 0 0 0 163 163 
9606.ENSP00000467107 9606.ENSP00000264033 0 0 0 0 158 0 0 158 
9606.ENSP00000467107 9606.ENSP00000380921 0 0 0 0 261 0 265 434 
9606.ENSP00000467107 9606.ENSP00000276079 0 0 0 0 0 0 279 279 
9606.ENSP00000467107 9606.ENSP00000225737 0 0 0 0 0 0 168 168 
9606.ENSP00000467107 9606.ENSP00000355511 0 0 0 0 0 900 0 900 
9606.ENSP00000467107 9606.ENSP00000270708 0 0 0 0 0 0 205 205 
9606.ENSP00000467107 9606.ENSP00000313670 0 0 0 0 0 0 445 445 
9606.ENSP00000467107 9606.ENSP00000366487 0 0 0 0 169 0 0 169 
9606.ENSP00000467107 9606.ENSP00000000233 0 0 0 0 169 0 0 169 
9606.ENSP00000467107 9606.ENSP00000345133 0 0 0 0 58 0 188 203 
9606.ENSP00000467107 9606.ENSP00000368678 0 0 0 0 0 0 158 158 
9606.ENSP00000467107 9606.ENSP00000275493 0 0 0 0 0 0 192 192 
9606.ENSP00000467107 9606.ENSP00000353224 0 0 0 57 0 0 167 181 
9606.ENSP00000467107 9606.ENSP00000385450 0 0 0 0 0 0 167 167 
9606.ENSP00000467107 9606.ENSP00000364886 0 0 0 0 185 0 0 185 
9606.ENSP00000467107 9606.ENSP00000362946 0 0 0 0 169 0 95 215 
9606.ENSP00000467107 9606.ENSP00000249071 0 0 0 78 185 0 0 216 
9606.ENSP00000467107 9606.ENSP00000468367 0 0 0 0 124 0 82 161 
9606.ENSP00000467107 9606.ENSP00000438507 0 0 0 0 169 0 0 169 
9606.ENSP00000467107 9606.ENSP00000474230 0 0 0 0 169 0 0 169 
9606.ENSP00000467107 9606.ENSP00000466680 0 0 0 0 185 0 0 185 
9606.ENSP00000467107 9606.ENSP00000216127 0 0 0 0 169 0 0 169 
9606.ENSP00000467107 9606.ENSP00000301645 0 0 0 0 0 0 266 266 
9606.ENSP00000467107 9606.ENSP00000300584 0 0 0 52 0 0 151 160 
9606.ENSP00000467107 9606.ENSP00000253699 0 0 0 0 0 0 297 297 
9606.ENSP00000467107 9606.ENSP00000238738 0 0 0 0 185 0 0 185 
9606.ENSP00000467107 9606.ENSP00000295087 0 0 0 0 169 0 0 169 
9606.ENSP00000467107 9606.ENSP00000308496 0 0 0 0 169 0 0 169 
9606.ENSP00000467107 9606.ENSP00000355652 0 0 0 0 185 0 0 185 
9606.ENSP00000467107 9606.ENSP00000325836 0 0 0 0 169 0 0 169 
9606.ENSP00000467107 9606.ENSP00000323847 0 0 0 0 169 0 0 169 
9606.ENSP00000467107 9606.ENSP00000281821 0 0 0 0 126 0 259 325 
9606.ENSP00000467107 9606.ENSP00000359000 0 0 0 64 0 0 145 165 
9606.ENSP00000467107 9606.ENSP00000482027 0 0 0 0 0 0 161 161 
9606.ENSP00000467107 9606.ENSP00000318916 0 0 0 165 0 0 0 165 
9606.ENSP00000467107 9606.ENSP00000339754 0 0 0 0 169 0 0 169 
9606.ENSP00000467107 9606.ENSP00000261263 0 0 0 0 0 0 540 540 
9606.ENSP00000467107 9606.ENSP00000260746 0 0 0 0 169 0 98 218 
9606.ENSP00000467107 9606.ENSP00000394071 0 0 0 0 0 900 0 900 
9606.ENSP00000467107 9606.ENSP00000295888 0 0 0 230 0 0 0 230 
9606.ENSP00000467107 9606.ENSP00000201979 0 0 0 0 169 0 0 169 
9606.ENSP00000467107 9606.ENSP00000400175 0 0 0 0 185 0 0 185 
9606.ENSP00000467107 9606.ENSP00000273047 0 0 0 0 124 900 444 947 
9606.ENSP00000467107 9606.ENSP00000440005 0 0 0 0 169 0 46 173 
9606.ENSP00000467107 9606.ENSP00000476252 0 0 0 62 185 0 0 202 
9606.ENSP00000467107 9606.ENSP00000369318 0 0 0 0 185 0 0 185 
9606.ENSP00000467107 9606.ENSP00000220507 0 0 0 0 185 0 0 185 
9606.ENSP00000467107 9606.ENSP00000265062 0 0 0 0 0 0 224 224 
9606.ENSP00000467107 9606.ENSP00000256682 0 0 0 0 169 0 0 169 
9606.ENSP00000467107 9606.ENSP00000267012 0 0 0 85 0 0 109 151 
9606.ENSP00000467107 9606.ENSP00000364749 0 0 0 0 169 0 0 169 
9606.ENSP00000467107 9606.ENSP00000322628 0 0 0 0 169 0 0 169 
9606.ENSP00000467107 9606.ENSP00000299759 0 0 0 0 169 0 0 169 
9606.ENSP00000467107 9606.ENSP00000340274 0 0 0 0 169 0 0 169 
9606.ENSP00000467107 9606.ENSP00000293190 0 0 0 0 0 0 182 182 
9606.ENSP00000467107 9606.ENSP00000272217 0 0 0 55 169 0 0 181 
9606.ENSP00000467107 9606.ENSP00000355651 0 0 0 0 169 0 48 175 
9606.ENSP00000467107 9606.ENSP00000370208 0 0 0 0 0 0 587 587 
9606.ENSP00000467107 9606.ENSP00000337478 0 0 0 0 169 0 0 169 
9606.ENSP00000467107 9606.ENSP00000249344 0 0 0 0 175 0 0 175 
9606.ENSP00000467107 9606.ENSP00000338671 0 0 0 0 185 0 0 185 
9606.ENSP00000467107 9606.ENSP00000316729 0 0 0 0 185 0 0 185 
9606.ENSP00000467107 9606.ENSP00000349805 0 0 0 0 0 0 255 255 
9606.ENSP00000467107 9606.ENSP00000256078 0 0 0 0 169 0 0 169 
9606.ENSP00000467107 9606.ENSP00000299157 0 0 0 0 0 0 170 170 
9606.ENSP00000467107 9606.ENSP00000246841 0 0 0 0 0 0 221 221 
9606.ENSP00000467107 9606.ENSP00000429015 0 0 0 0 0 0 526 526 
9606.ENSP00000467107 9606.ENSP00000440704 0 0 0 70 0 0 137 163 
9606.ENSP00000467107 9606.ENSP00000341905 0 0 0 69 133 0 0 158 
9606.ENSP00000467107 9606.ENSP00000351132 0 0 0 0 169 0 0 169 
9606.ENSP00000467107 9606.ENSP00000374323 0 0 0 0 126 0 221 290 
9606.ENSP00000467107 9606.ENSP00000404247 0 0 0 0 169 0 0 169 
9606.ENSP00000467107 9606.ENSP00000263666 0 0 0 0 0 0 300 300 
9606.ENSP00000467107 9606.ENSP00000304283 0 0 0 63 185 0 0 203 
9606.ENSP00000467107 9606.ENSP00000267328 0 0 0 0 124 0 82 161 
9606.ENSP00000467107 9606.ENSP00000427114 0 0 0 232 0 0 0 232 
9606.ENSP00000467107 9606.ENSP00000225688 0 0 0 0 169 0 0 169 
9606.ENSP00000467107 9606.ENSP00000248706 0 0 0 0 169 0 0 169 
9606.ENSP00000467107 9606.ENSP00000358548 0 0 0 0 169 0 0 169 
9606.ENSP00000467107 9606.ENSP00000267205 0 0 0 0 185 0 0 185 
9606.ENSP00000467107 9606.ENSP00000265171 0 0 0 0 0 0 161 161 
9606.ENSP00000467107 9606.ENSP00000259371 0 0 0 61 133 0 0 151 
9606.ENSP00000467107 9606.ENSP00000364919 0 0 0 0 169 0 0 169 
9606.ENSP00000467107 9606.ENSP00000328777 0 0 0 0 0 0 297 297 
9606.ENSP00000467107 9606.ENSP00000256496 0 0 0 55 169 0 0 181 
9606.ENSP00000467107 9606.ENSP00000166244 0 0 0 0 126 0 756 778 
9606.ENSP00000467107 9606.ENSP00000380869 0 0 0 0 169 0 0 169 
9606.ENSP00000467107 9606.ENSP00000229002 0 0 0 0 169 0 0 169 
9606.ENSP00000467107 9606.ENSP00000377664 0 0 0 0 0 0 413 413 
9606.ENSP00000467107 9606.ENSP00000308461 0 0 0 0 185 0 0 185 
9606.ENSP00000467107 9606.ENSP00000264711 0 0 0 0 169 0 0 169 
9606.ENSP00000467107 9606.ENSP00000351209 0 0 0 0 126 0 210 280 
9606.ENSP00000467107 9606.ENSP00000270279 0 0 0 0 158 0 0 158 
9606.ENSP00000467107 9606.ENSP00000427926 0 0 0 0 185 0 0 185 
9606.ENSP00000467107 9606.ENSP00000346964 0 0 0 0 0 0 325 325 
9606.ENSP00000467107 9606.ENSP00000403636 0 0 0 61 133 0 0 151 
9606.ENSP00000467107 9606.ENSP00000384018 0 0 0 0 0 0 203 203 
9606.ENSP00000467107 9606.ENSP00000310406 0 0 0 0 0 0 256 256 
9606.ENSP00000467107 9606.ENSP00000267396 0 0 0 0 169 0 0 169 
9606.ENSP00000467107 9606.ENSP00000421294 0 0 0 0 261 0 0 261 
9606.ENSP00000467107 9606.ENSP00000358723 0 0 0 0 169 0 0 169 
9606.ENSP00000467107 9606.ENSP00000349560 0 0 0 0 169 0 0 169 
9606.ENSP00000467107 9606.ENSP00000339136 0 0 0 0 169 0 0 169 
9606.ENSP00000467107 9606.ENSP00000264246 0 0 0 216 0 0 0 216 
9606.ENSP00000467107 9606.ENSP00000264122 0 0 0 0 158 0 0 158 
9606.ENSP00000467107 9606.ENSP00000272233 0 0 0 0 185 0 0 185 
9606.ENSP00000467107 9606.ENSP00000344432 0 0 0 0 0 0 273 273 
9606.ENSP00000467107 9606.ENSP00000234313 0 0 0 177 0 0 0 177 
9606.ENSP00000467107 9606.ENSP00000339467 0 0 0 0 185 0 0 185 
9606.ENSP00000467107 9606.ENSP00000289104 0 0 0 0 169 0 0 169 
9606.ENSP00000467107 9606.ENSP00000322594 0 0 0 0 169 0 0 169 
9606.ENSP00000467107 9606.ENSP00000337451 0 0 0 0 126 0 138 214 
9606.ENSP00000467107 9606.ENSP00000238721 0 0 0 0 0 0 243 243 
9606.ENSP00000467107 9606.ENSP00000275815 0 0 0 0 126 0 125 202 
9606.ENSP00000467107 9606.ENSP00000341324 0 0 0 0 0 0 188 188 
9606.ENSP00000467107 9606.ENSP00000250559 0 0 0 0 169 0 0 169 
9606.ENSP00000467107 9606.ENSP00000245304 0 0 0 0 169 0 0 169 
9606.ENSP00000467107 9606.ENSP00000005257 0 0 0 0 169 0 0 169 
9606.ENSP00000467107 9606.ENSP00000331748 0 0 0 62 169 0 0 187 
9606.ENSP00000467107 9606.ENSP00000216487 0 0 0 61 0 0 241 257 
9606.ENSP00000467107 9606.ENSP00000256196 0 0 0 0 169 0 0 169 
9606.ENSP00000467107 9606.ENSP00000358466 0 0 0 0 169 0 0 169 
9606.ENSP00000467107 9606.ENSP00000356989 0 0 0 0 0 0 268 268 
9606.ENSP00000467107 9606.ENSP00000357474 0 0 0 0 0 0 202 202 
9606.ENSP00000467107 9606.ENSP00000363250 0 0 0 0 169 0 0 169 
9606.ENSP00000467107 9606.ENSP00000350386 0 0 0 0 0 900 0 900 
9606.ENSP00000467107 9606.ENSP00000264601 0 0 0 0 124 0 316 375 
9606.ENSP00000467107 9606.ENSP00000304292 0 0 0 0 0 0 499 499 
9606.ENSP00000467107 9606.ENSP00000262646 0 0 0 0 169 0 0 169 
