9606.ENSP00000484710 9606.ENSP00000365687 0 0 0 0 0 0 175 175 
9606.ENSP00000484710 9606.ENSP00000242462 0 0 0 0 0 0 282 282 
9606.ENSP00000484710 9606.ENSP00000364678 0 0 0 0 0 0 150 150 
9606.ENSP00000484710 9606.ENSP00000360138 0 0 0 0 0 0 640 640 
9606.ENSP00000484710 9606.ENSP00000328004 0 0 0 0 0 0 212 212 
9606.ENSP00000484710 9606.ENSP00000417132 0 0 0 0 0 360 0 360 
9606.ENSP00000484710 9606.ENSP00000381840 0 0 0 0 0 360 682 788 
9606.ENSP00000484710 9606.ENSP00000166139 0 0 0 0 0 0 220 220 
9606.ENSP00000484710 9606.ENSP00000356480 0 0 0 0 0 360 167 444 
9606.ENSP00000484710 9606.ENSP00000286067 0 0 0 0 0 0 662 662 
9606.ENSP00000484710 9606.ENSP00000417980 0 0 0 0 0 0 205 205 
9606.ENSP00000484710 9606.ENSP00000478121 0 0 0 0 163 360 167 514 
9606.ENSP00000484710 9606.ENSP00000436786 0 0 0 0 0 0 162 162 
9606.ENSP00000484710 9606.ENSP00000285279 0 0 0 0 0 0 309 309 
9606.ENSP00000484710 9606.ENSP00000476960 0 0 0 0 0 0 154 154 
9606.ENSP00000484710 9606.ENSP00000352185 0 0 0 0 159 0 58 173 
9606.ENSP00000484710 9606.ENSP00000252723 0 0 0 0 0 0 302 302 
9606.ENSP00000484710 9606.ENSP00000320147 0 0 0 0 477 360 358 766 
9606.ENSP00000484710 9606.ENSP00000349748 0 0 0 0 0 0 167 167 
9606.ENSP00000484710 9606.ENSP00000384490 0 0 0 0 0 360 183 454 
9606.ENSP00000484710 9606.ENSP00000308750 0 0 0 0 0 360 69 378 
9606.ENSP00000484710 9606.ENSP00000265094 0 0 0 0 0 0 243 243 
9606.ENSP00000484710 9606.ENSP00000246080 0 0 0 0 0 0 171 171 
9606.ENSP00000484710 9606.ENSP00000346120 0 0 0 0 70 0 147 172 
9606.ENSP00000484710 9606.ENSP00000364839 0 0 0 0 0 360 46 363 
9606.ENSP00000484710 9606.ENSP00000225792 0 0 0 0 95 0 144 192 
9606.ENSP00000484710 9606.ENSP00000269397 0 0 0 0 0 360 282 520 
9606.ENSP00000484710 9606.ENSP00000471455 0 0 0 0 0 0 266 266 
9606.ENSP00000484710 9606.ENSP00000394623 0 0 0 0 0 0 225 225 
9606.ENSP00000484710 9606.ENSP00000343535 0 0 0 0 0 0 242 242 
9606.ENSP00000484710 9606.ENSP00000420294 0 0 0 0 0 360 0 360 
9606.ENSP00000484710 9606.ENSP00000483981 0 0 0 0 0 360 0 360 
9606.ENSP00000484710 9606.ENSP00000477507 0 0 0 0 0 0 187 187 
9606.ENSP00000484710 9606.ENSP00000473391 0 0 0 0 0 360 96 396 
9606.ENSP00000484710 9606.ENSP00000366271 0 0 0 0 0 0 206 206 
9606.ENSP00000484710 9606.ENSP00000262965 0 0 0 60 0 0 329 342 
9606.ENSP00000484710 9606.ENSP00000359321 0 0 0 60 151 360 576 754 
9606.ENSP00000484710 9606.ENSP00000316578 0 0 0 0 366 360 473 767 
9606.ENSP00000484710 9606.ENSP00000262306 0 0 0 0 163 360 0 441 
9606.ENSP00000484710 9606.ENSP00000410041 0 0 0 0 0 0 269 269 
9606.ENSP00000484710 9606.ENSP00000255040 0 0 0 0 0 0 150 150 
9606.ENSP00000484710 9606.ENSP00000358967 0 0 0 0 0 0 243 243 
9606.ENSP00000484710 9606.ENSP00000370745 0 0 0 0 56 0 198 210 
9606.ENSP00000484710 9606.ENSP00000332791 0 0 0 0 163 0 0 163 
9606.ENSP00000484710 9606.ENSP00000479206 0 0 0 0 0 360 0 360 
9606.ENSP00000484710 9606.ENSP00000482063 0 0 0 0 0 360 123 414 
9606.ENSP00000484710 9606.ENSP00000264414 0 0 0 0 163 0 0 163 
9606.ENSP00000484710 9606.ENSP00000230658 0 0 0 0 0 0 225 225 
9606.ENSP00000484710 9606.ENSP00000354724 0 0 0 0 0 360 243 494 
9606.ENSP00000484710 9606.ENSP00000369716 0 0 0 0 159 0 252 344 
9606.ENSP00000484710 9606.ENSP00000395574 0 0 0 0 0 360 0 360 
9606.ENSP00000484710 9606.ENSP00000251900 0 0 0 0 0 360 50 366 
9606.ENSP00000484710 9606.ENSP00000333633 0 0 0 0 0 0 272 272 
9606.ENSP00000484710 9606.ENSP00000484803 0 0 0 0 0 0 153 153 
9606.ENSP00000484710 9606.ENSP00000233630 0 0 0 0 0 360 165 442 
9606.ENSP00000484710 9606.ENSP00000345793 0 0 0 0 0 0 283 283 
9606.ENSP00000484710 9606.ENSP00000342680 0 0 0 0 0 0 269 269 
9606.ENSP00000484710 9606.ENSP00000363787 0 0 0 0 0 360 169 445 
9606.ENSP00000484710 9606.ENSP00000216237 0 0 0 0 0 0 154 154 
9606.ENSP00000484710 9606.ENSP00000483946 0 0 0 0 174 0 653 701 
9606.ENSP00000484710 9606.ENSP00000358862 0 0 0 0 0 360 198 464 
9606.ENSP00000484710 9606.ENSP00000341280 0 0 0 0 0 360 577 718 
9606.ENSP00000484710 9606.ENSP00000361363 0 0 0 0 0 0 221 221 
9606.ENSP00000484710 9606.ENSP00000404658 0 0 0 0 383 360 399 742 
9606.ENSP00000484710 9606.ENSP00000216133 0 0 0 0 0 360 116 410 
9606.ENSP00000484710 9606.ENSP00000417078 0 0 0 0 0 0 206 206 
9606.ENSP00000484710 9606.ENSP00000353463 0 0 0 0 0 0 170 170 
9606.ENSP00000484710 9606.ENSP00000365851 0 0 0 0 0 360 94 395 
9606.ENSP00000484710 9606.ENSP00000313437 0 0 0 0 0 0 187 187 
9606.ENSP00000484710 9606.ENSP00000430432 0 0 0 0 102 360 49 405 
9606.ENSP00000484710 9606.ENSP00000418767 0 0 0 0 0 0 286 286 
9606.ENSP00000484710 9606.ENSP00000310448 0 0 0 0 0 0 222 222 
9606.ENSP00000484710 9606.ENSP00000324573 0 0 0 0 0 0 185 185 
9606.ENSP00000484710 9606.ENSP00000302830 0 0 0 0 0 0 161 161 
9606.ENSP00000484710 9606.ENSP00000440674 0 0 0 0 0 360 145 429 
9606.ENSP00000484710 9606.ENSP00000362592 0 0 0 0 167 360 479 698 
9606.ENSP00000484710 9606.ENSP00000257118 0 0 0 0 0 360 112 407 
9606.ENSP00000484710 9606.ENSP00000382840 0 0 0 0 56 0 144 158 
9606.ENSP00000484710 9606.ENSP00000331302 0 0 0 0 0 360 0 360 
9606.ENSP00000484710 9606.ENSP00000353422 0 0 0 0 0 0 254 254 
9606.ENSP00000484710 9606.ENSP00000335044 0 0 0 0 0 0 167 167 
9606.ENSP00000484710 9606.ENSP00000426119 0 0 0 0 54 0 286 295 
9606.ENSP00000484710 9606.ENSP00000452877 0 0 0 0 0 0 305 305 
9606.ENSP00000484710 9606.ENSP00000369424 0 0 0 0 143 360 424 656 
9606.ENSP00000484710 9606.ENSP00000371126 0 0 0 0 0 0 194 194 
9606.ENSP00000484710 9606.ENSP00000263360 0 0 0 0 558 360 227 762 
9606.ENSP00000484710 9606.ENSP00000479069 0 0 0 0 0 360 0 360 
9606.ENSP00000484710 9606.ENSP00000366915 0 0 0 0 0 0 160 160 
9606.ENSP00000484710 9606.ENSP00000362166 0 0 0 0 0 0 228 228 
9606.ENSP00000484710 9606.ENSP00000389445 0 0 0 0 0 360 0 360 
9606.ENSP00000484710 9606.ENSP00000362748 0 0 0 59 0 0 227 242 
9606.ENSP00000484710 9606.ENSP00000468304 0 0 0 0 0 0 254 254 
9606.ENSP00000484710 9606.ENSP00000356234 0 0 0 0 0 0 248 248 
9606.ENSP00000484710 9606.ENSP00000295886 0 0 0 0 0 0 204 204 
9606.ENSP00000484710 9606.ENSP00000262238 0 0 0 0 0 360 0 360 
9606.ENSP00000484710 9606.ENSP00000424417 0 0 0 0 0 0 171 171 
9606.ENSP00000484710 9606.ENSP00000419494 0 0 0 0 0 0 188 188 
9606.ENSP00000484710 9606.ENSP00000258772 0 0 0 0 56 0 213 225 
9606.ENSP00000484710 9606.ENSP00000432786 0 0 0 0 0 0 273 273 
9606.ENSP00000484710 9606.ENSP00000328232 0 0 0 0 0 360 0 360 
9606.ENSP00000484710 9606.ENSP00000445704 0 0 0 0 0 360 122 414 
9606.ENSP00000484710 9606.ENSP00000421592 0 0 0 0 86 0 188 226 
9606.ENSP00000484710 9606.ENSP00000269385 0 0 0 0 0 360 186 456 
9606.ENSP00000484710 9606.ENSP00000360811 0 0 0 0 0 0 201 201 
9606.ENSP00000484710 9606.ENSP00000363640 0 0 0 0 169 0 542 603 
