9606.ENSP00000265044 9606.ENSP00000419449 0 0 0 107 0 0 115 175 
9606.ENSP00000265044 9606.ENSP00000299767 0 0 0 194 0 0 152 287 
9606.ENSP00000265044 9606.ENSP00000254442 0 0 0 0 0 0 361 361 
9606.ENSP00000265044 9606.ENSP00000478298 0 0 0 201 0 0 0 201 
9606.ENSP00000265044 9606.ENSP00000303366 0 0 0 0 0 0 308 308 
9606.ENSP00000265044 9606.ENSP00000452909 0 0 0 143 0 900 0 910 
9606.ENSP00000265044 9606.ENSP00000418401 0 0 0 244 0 900 0 921 
9606.ENSP00000265044 9606.ENSP00000327801 0 0 0 115 0 0 90 161 
9606.ENSP00000265044 9606.ENSP00000418082 0 0 0 0 0 900 165 912 
9606.ENSP00000265044 9606.ENSP00000474182 0 0 0 63 0 0 492 503 
9606.ENSP00000265044 9606.ENSP00000348278 0 0 0 0 0 0 203 203 
9606.ENSP00000265044 9606.ENSP00000385385 0 0 0 292 0 0 165 385 
9606.ENSP00000265044 9606.ENSP00000371328 0 0 0 0 0 0 206 206 
9606.ENSP00000265044 9606.ENSP00000408581 0 0 0 0 0 0 222 222 
9606.ENSP00000265044 9606.ENSP00000396225 0 0 0 0 0 0 156 156 
9606.ENSP00000265044 9606.ENSP00000357998 0 0 0 64 0 0 374 389 
9606.ENSP00000265044 9606.ENSP00000373312 0 0 0 185 0 0 0 185 
9606.ENSP00000265044 9606.ENSP00000303151 0 0 0 0 0 0 215 215 
9606.ENSP00000265044 9606.ENSP00000215829 0 0 0 192 0 0 0 192 
9606.ENSP00000265044 9606.ENSP00000267377 0 0 0 0 0 0 207 207 
9606.ENSP00000265044 9606.ENSP00000360316 0 0 0 0 0 0 165 165 
9606.ENSP00000265044 9606.ENSP00000253083 0 0 0 0 0 0 244 244 
9606.ENSP00000265044 9606.ENSP00000399457 0 0 0 431 880 900 256 994 
9606.ENSP00000265044 9606.ENSP00000393241 0 0 0 64 0 900 0 902 
9606.ENSP00000265044 9606.ENSP00000368646 0 0 0 244 0 0 0 244 
9606.ENSP00000265044 9606.ENSP00000322419 0 0 0 61 363 900 67 936 
9606.ENSP00000265044 9606.ENSP00000443216 0 0 0 172 0 0 0 172 
9606.ENSP00000265044 9606.ENSP00000332488 0 0 0 201 0 0 0 201 
9606.ENSP00000265044 9606.ENSP00000351035 0 0 0 0 0 0 331 331 
9606.ENSP00000265044 9606.ENSP00000436455 0 0 0 144 0 0 252 332 
9606.ENSP00000265044 9606.ENSP00000278200 0 0 0 204 0 0 50 211 
9606.ENSP00000265044 9606.ENSP00000351926 0 0 0 0 0 0 201 201 
9606.ENSP00000265044 9606.ENSP00000420659 0 0 0 0 234 0 0 234 
9606.ENSP00000265044 9606.ENSP00000262065 0 0 0 0 0 0 434 434 
9606.ENSP00000265044 9606.ENSP00000362744 0 0 0 64 0 900 0 902 
9606.ENSP00000265044 9606.ENSP00000237530 0 0 0 340 0 900 86 934 
9606.ENSP00000265044 9606.ENSP00000307889 0 0 0 0 0 900 0 900 
9606.ENSP00000265044 9606.ENSP00000364986 0 0 0 0 0 0 228 228 
9606.ENSP00000265044 9606.ENSP00000479488 0 0 0 97 839 0 0 848 
9606.ENSP00000265044 9606.ENSP00000419117 0 0 0 0 0 900 0 900 
9606.ENSP00000265044 9606.ENSP00000367629 0 0 0 0 0 0 218 218 
9606.ENSP00000265044 9606.ENSP00000296271 0 0 0 0 0 0 574 574 
9606.ENSP00000265044 9606.ENSP00000377353 0 0 0 0 0 0 171 171 
9606.ENSP00000265044 9606.ENSP00000330945 0 0 0 169 0 0 0 169 
9606.ENSP00000265044 9606.ENSP00000353025 0 0 0 0 0 0 163 163 
9606.ENSP00000265044 9606.ENSP00000296674 0 0 0 176 0 900 0 914 
9606.ENSP00000265044 9606.ENSP00000310431 0 0 0 230 0 0 0 230 
9606.ENSP00000265044 9606.ENSP00000431162 0 0 0 0 0 0 171 171 
9606.ENSP00000265044 9606.ENSP00000280551 0 0 0 63 0 0 467 480 
9606.ENSP00000265044 9606.ENSP00000273308 0 0 0 238 0 0 0 238 
9606.ENSP00000265044 9606.ENSP00000438248 0 0 0 215 0 0 56 227 
9606.ENSP00000265044 9606.ENSP00000354649 0 0 0 651 842 0 476 968 
9606.ENSP00000265044 9606.ENSP00000346046 0 0 0 0 0 900 0 900 
9606.ENSP00000265044 9606.ENSP00000451291 0 0 0 0 386 0 0 386 
9606.ENSP00000265044 9606.ENSP00000243253 0 0 0 733 413 900 411 989 
9606.ENSP00000265044 9606.ENSP00000346240 0 0 0 0 0 0 187 187 
9606.ENSP00000265044 9606.ENSP00000359956 0 0 0 0 0 0 456 456 
9606.ENSP00000265044 9606.ENSP00000381992 0 0 0 65 387 0 0 402 
9606.ENSP00000265044 9606.ENSP00000472469 0 0 0 0 0 900 0 900 
9606.ENSP00000265044 9606.ENSP00000389060 0 0 0 102 0 0 313 357 
9606.ENSP00000265044 9606.ENSP00000480971 0 0 0 0 0 0 651 651 
9606.ENSP00000265044 9606.ENSP00000324173 0 0 0 109 0 0 228 283 
9606.ENSP00000265044 9606.ENSP00000262213 0 0 0 841 0 900 450 990 
9606.ENSP00000265044 9606.ENSP00000220853 0 0 0 64 0 0 208 227 
9606.ENSP00000265044 9606.ENSP00000298198 0 0 0 0 0 0 209 209 
9606.ENSP00000265044 9606.ENSP00000315713 0 0 0 0 0 0 267 267 
9606.ENSP00000265044 9606.ENSP00000355510 0 0 0 0 0 0 163 163 
9606.ENSP00000265044 9606.ENSP00000261507 0 0 0 65 0 0 230 250 
9606.ENSP00000265044 9606.ENSP00000241463 0 0 0 0 79 0 146 180 
9606.ENSP00000265044 9606.ENSP00000405926 0 0 0 155 0 0 0 155 
9606.ENSP00000265044 9606.ENSP00000371393 0 0 0 0 0 0 173 173 
9606.ENSP00000265044 9606.ENSP00000428540 0 0 0 0 0 0 309 309 
9606.ENSP00000265044 9606.ENSP00000477949 0 0 0 0 0 0 292 292 
9606.ENSP00000265044 9606.ENSP00000324944 0 0 0 0 0 0 173 173 
9606.ENSP00000265044 9606.ENSP00000348959 0 0 0 62 0 0 303 318 
9606.ENSP00000265044 9606.ENSP00000278572 0 0 0 64 0 900 0 902 
9606.ENSP00000265044 9606.ENSP00000356205 0 0 0 0 0 0 179 179 
9606.ENSP00000265044 9606.ENSP00000306010 0 0 0 98 63 0 90 164 
9606.ENSP00000265044 9606.ENSP00000449751 0 0 0 110 0 0 360 406 
9606.ENSP00000265044 9606.ENSP00000262225 0 0 0 216 0 0 468 565 
9606.ENSP00000265044 9606.ENSP00000378857 0 0 0 0 0 0 476 476 
9606.ENSP00000265044 9606.ENSP00000446743 0 0 0 238 0 0 0 238 
9606.ENSP00000265044 9606.ENSP00000223641 0 0 0 919 0 900 376 994 
9606.ENSP00000265044 9606.ENSP00000369134 0 0 0 62 0 0 155 174 
9606.ENSP00000265044 9606.ENSP00000349722 0 0 0 62 0 0 131 150 
9606.ENSP00000265044 9606.ENSP00000222247 0 0 0 64 0 900 0 902 
9606.ENSP00000265044 9606.ENSP00000424607 0 0 0 0 0 0 303 303 
9606.ENSP00000265044 9606.ENSP00000364126 0 0 0 0 0 0 194 194 
9606.ENSP00000265044 9606.ENSP00000378163 0 0 0 0 0 900 0 900 
9606.ENSP00000265044 9606.ENSP00000404375 0 0 0 64 0 900 0 902 
9606.ENSP00000265044 9606.ENSP00000251047 0 0 0 327 0 0 248 473 
9606.ENSP00000265044 9606.ENSP00000306129 0 0 0 0 0 0 329 329 
9606.ENSP00000265044 9606.ENSP00000417142 0 0 0 0 0 0 216 216 
9606.ENSP00000265044 9606.ENSP00000334037 0 0 0 150 0 0 0 150 
9606.ENSP00000265044 9606.ENSP00000376889 0 0 0 197 0 0 67 218 
9606.ENSP00000265044 9606.ENSP00000477602 0 0 0 0 0 0 211 211 
9606.ENSP00000265044 9606.ENSP00000384744 0 0 0 64 0 0 186 205 
9606.ENSP00000265044 9606.ENSP00000274496 0 0 0 142 101 0 0 196 
9606.ENSP00000265044 9606.ENSP00000232905 0 0 0 111 0 0 134 197 
9606.ENSP00000265044 9606.ENSP00000355315 0 0 0 0 0 900 0 900 
9606.ENSP00000265044 9606.ENSP00000346080 0 0 0 76 0 900 0 903 
9606.ENSP00000265044 9606.ENSP00000339795 0 0 0 62 0 900 0 902 
9606.ENSP00000265044 9606.ENSP00000338844 0 0 0 64 0 0 214 233 
9606.ENSP00000265044 9606.ENSP00000420612 0 0 0 0 0 0 284 284 
9606.ENSP00000265044 9606.ENSP00000361635 0 0 0 0 363 0 0 363 
9606.ENSP00000265044 9606.ENSP00000394487 0 0 0 0 0 0 377 377 
9606.ENSP00000265044 9606.ENSP00000420076 0 0 0 352 0 0 164 435 
9606.ENSP00000265044 9606.ENSP00000356465 0 0 0 0 0 0 160 160 
9606.ENSP00000265044 9606.ENSP00000331849 0 0 0 0 0 0 167 167 
9606.ENSP00000265044 9606.ENSP00000363809 0 0 0 193 0 0 0 193 
9606.ENSP00000265044 9606.ENSP00000361569 0 0 0 0 0 0 169 169 
9606.ENSP00000265044 9606.ENSP00000478310 0 0 0 517 0 900 474 972 
9606.ENSP00000265044 9606.ENSP00000288025 0 0 0 677 0 0 0 677 
9606.ENSP00000265044 9606.ENSP00000416429 0 0 0 0 0 900 0 900 
9606.ENSP00000265044 9606.ENSP00000263847 0 0 0 47 0 0 203 208 
9606.ENSP00000265044 9606.ENSP00000447053 0 0 0 62 0 0 312 328 
9606.ENSP00000265044 9606.ENSP00000263672 0 0 0 814 0 900 633 992 
9606.ENSP00000265044 9606.ENSP00000311447 0 0 0 0 0 0 474 474 
9606.ENSP00000265044 9606.ENSP00000247461 0 0 0 149 111 0 293 418 
9606.ENSP00000265044 9606.ENSP00000414398 0 0 0 199 0 0 217 347 
9606.ENSP00000265044 9606.ENSP00000242776 0 0 0 0 410 0 102 447 
9606.ENSP00000265044 9606.ENSP00000432786 0 0 0 0 0 0 197 197 
9606.ENSP00000265044 9606.ENSP00000380247 0 0 0 0 0 0 226 226 
9606.ENSP00000265044 9606.ENSP00000356113 0 0 0 0 0 0 285 285 
9606.ENSP00000265044 9606.ENSP00000280326 0 0 0 85 0 0 266 300 
9606.ENSP00000265044 9606.ENSP00000362334 0 0 0 181 0 0 0 181 
9606.ENSP00000265044 9606.ENSP00000366179 0 0 0 0 0 0 363 363 
9606.ENSP00000265044 9606.ENSP00000346050 0 0 0 0 0 900 0 900 
9606.ENSP00000265044 9606.ENSP00000293897 0 0 0 0 0 0 239 239 
9606.ENSP00000265044 9606.ENSP00000339095 0 0 0 64 0 900 0 902 
9606.ENSP00000265044 9606.ENSP00000215917 0 0 0 0 0 0 214 214 
9606.ENSP00000265044 9606.ENSP00000416508 0 0 0 65 0 0 213 232 
9606.ENSP00000265044 9606.ENSP00000360645 0 0 0 0 0 0 177 177 
9606.ENSP00000265044 9606.ENSP00000250894 0 0 0 0 0 0 200 200 
9606.ENSP00000265044 9606.ENSP00000353915 0 0 0 0 0 0 190 190 
9606.ENSP00000265044 9606.ENSP00000363676 0 0 0 0 0 900 0 900 
9606.ENSP00000265044 9606.ENSP00000480707 0 0 0 174 0 0 201 311 
9606.ENSP00000265044 9606.ENSP00000239891 0 0 0 232 0 0 0 232 
9606.ENSP00000265044 9606.ENSP00000358737 0 0 0 48 0 0 171 177 
9606.ENSP00000265044 9606.ENSP00000363018 0 0 0 143 363 900 0 940 
9606.ENSP00000265044 9606.ENSP00000442515 0 0 0 0 0 0 153 153 
9606.ENSP00000265044 9606.ENSP00000388337 0 0 0 689 0 900 460 981 
9606.ENSP00000265044 9606.ENSP00000427463 0 0 0 658 0 900 406 977 
9606.ENSP00000265044 9606.ENSP00000348565 0 0 0 206 0 0 0 206 
9606.ENSP00000265044 9606.ENSP00000430494 0 0 0 64 0 0 271 289 
9606.ENSP00000265044 9606.ENSP00000358945 0 0 0 0 0 0 337 337 
9606.ENSP00000265044 9606.ENSP00000342560 0 0 0 0 0 0 303 303 
9606.ENSP00000265044 9606.ENSP00000383949 0 0 0 104 203 0 0 255 
9606.ENSP00000265044 9606.ENSP00000300688 0 0 0 48 423 0 50 432 
9606.ENSP00000265044 9606.ENSP00000305230 0 0 0 64 0 900 67 905 
9606.ENSP00000265044 9606.ENSP00000305790 0 0 0 0 194 0 0 194 
9606.ENSP00000265044 9606.ENSP00000295767 0 0 0 0 0 0 228 228 
9606.ENSP00000265044 9606.ENSP00000435096 0 0 0 0 0 900 155 911 
9606.ENSP00000265044 9606.ENSP00000480514 0 0 0 222 827 0 0 859 
9606.ENSP00000265044 9606.ENSP00000361141 0 0 0 0 0 0 289 289 
9606.ENSP00000265044 9606.ENSP00000385958 0 0 0 0 0 900 0 900 
9606.ENSP00000265044 9606.ENSP00000298510 0 0 0 113 0 0 111 179 
9606.ENSP00000265044 9606.ENSP00000434435 0 0 0 0 0 0 284 284 
9606.ENSP00000265044 9606.ENSP00000250498 0 0 0 590 0 0 135 630 
9606.ENSP00000265044 9606.ENSP00000369862 0 0 0 0 0 0 166 166 
9606.ENSP00000265044 9606.ENSP00000326699 0 0 0 81 0 0 128 164 
9606.ENSP00000265044 9606.ENSP00000356410 0 0 0 0 0 0 178 178 
9606.ENSP00000265044 9606.ENSP00000289753 0 0 0 0 0 0 188 188 
9606.ENSP00000265044 9606.ENSP00000385570 0 0 0 0 0 0 324 324 
9606.ENSP00000265044 9606.ENSP00000359345 0 0 0 83 215 900 0 921 
9606.ENSP00000265044 9606.ENSP00000258739 0 0 0 219 0 0 186 337 
9606.ENSP00000265044 9606.ENSP00000325002 0 0 0 129 0 0 206 278 
9606.ENSP00000265044 9606.ENSP00000384296 0 0 0 0 0 0 192 192 
9606.ENSP00000265044 9606.ENSP00000317790 0 0 0 0 0 0 161 161 
9606.ENSP00000265044 9606.ENSP00000261797 0 0 0 0 0 0 168 168 
9606.ENSP00000265044 9606.ENSP00000346001 0 0 0 0 0 900 47 900 
9606.ENSP00000265044 9606.ENSP00000368831 0 0 0 62 0 0 251 268 
9606.ENSP00000265044 9606.ENSP00000413436 0 0 0 64 0 900 0 902 
9606.ENSP00000265044 9606.ENSP00000287380 0 0 0 0 0 0 173 173 
9606.ENSP00000265044 9606.ENSP00000410852 0 0 0 0 0 0 222 222 
9606.ENSP00000265044 9606.ENSP00000367446 0 0 0 0 0 0 314 314 
9606.ENSP00000265044 9606.ENSP00000350198 0 0 0 0 0 0 228 228 
9606.ENSP00000265044 9606.ENSP00000464813 0 0 0 0 0 900 0 900 
9606.ENSP00000265044 9606.ENSP00000296277 0 0 0 0 0 900 0 900 
9606.ENSP00000265044 9606.ENSP00000309334 0 0 0 62 0 900 146 912 
9606.ENSP00000265044 9606.ENSP00000264255 0 0 0 81 0 0 269 299 
9606.ENSP00000265044 9606.ENSP00000327268 0 0 0 0 0 0 183 183 
9606.ENSP00000265044 9606.ENSP00000245046 0 0 0 66 0 0 210 232 
9606.ENSP00000265044 9606.ENSP00000337838 0 0 0 0 410 0 109 451 
9606.ENSP00000265044 9606.ENSP00000364520 0 0 0 0 0 0 163 163 
9606.ENSP00000265044 9606.ENSP00000257895 0 0 0 0 0 0 175 175 
9606.ENSP00000265044 9606.ENSP00000379475 0 0 0 0 410 0 254 541 
9606.ENSP00000265044 9606.ENSP00000452697 0 0 0 730 0 900 305 979 
9606.ENSP00000265044 9606.ENSP00000169298 0 0 0 0 0 0 304 304 
9606.ENSP00000265044 9606.ENSP00000354813 0 0 0 45 0 0 193 197 
9606.ENSP00000265044 9606.ENSP00000368667 0 0 0 0 0 0 161 161 
9606.ENSP00000265044 9606.ENSP00000441126 0 0 0 64 0 0 211 230 
9606.ENSP00000265044 9606.ENSP00000384690 0 0 0 0 0 0 223 223 
9606.ENSP00000265044 9606.ENSP00000296684 0 0 0 72 0 0 135 163 
9606.ENSP00000265044 9606.ENSP00000297135 0 0 0 0 0 0 459 459 
9606.ENSP00000265044 9606.ENSP00000234160 0 0 0 108 0 0 115 176 
9606.ENSP00000265044 9606.ENSP00000381958 0 0 0 0 0 0 423 423 
9606.ENSP00000265044 9606.ENSP00000484331 0 0 0 0 0 0 173 173 
9606.ENSP00000265044 9606.ENSP00000389715 0 0 0 0 0 0 204 204 
9606.ENSP00000265044 9606.ENSP00000251453 0 0 0 0 0 900 0 900 
9606.ENSP00000265044 9606.ENSP00000256497 0 0 0 62 0 0 314 329 
9606.ENSP00000265044 9606.ENSP00000410964 0 0 0 0 386 0 0 386 
9606.ENSP00000265044 9606.ENSP00000346762 0 0 0 193 387 0 57 493 
9606.ENSP00000265044 9606.ENSP00000263549 0 0 0 0 0 0 163 163 
9606.ENSP00000265044 9606.ENSP00000341737 0 0 0 0 0 0 453 453 
9606.ENSP00000265044 9606.ENSP00000420182 0 0 0 0 0 0 163 163 
9606.ENSP00000265044 9606.ENSP00000360268 0 0 0 0 0 0 244 244 
9606.ENSP00000265044 9606.ENSP00000288680 0 0 0 376 0 0 61 389 
9606.ENSP00000265044 9606.ENSP00000314992 0 0 0 0 0 0 248 248 
9606.ENSP00000265044 9606.ENSP00000303145 0 0 0 831 0 0 0 831 
9606.ENSP00000265044 9606.ENSP00000361076 0 0 0 62 0 900 0 902 
9606.ENSP00000265044 9606.ENSP00000230050 0 0 0 62 0 900 0 902 
9606.ENSP00000265044 9606.ENSP00000255008 0 0 0 0 0 0 219 219 
9606.ENSP00000265044 9606.ENSP00000265070 0 0 0 62 0 0 228 245 
9606.ENSP00000265044 9606.ENSP00000243911 0 0 0 0 0 0 211 211 
9606.ENSP00000265044 9606.ENSP00000312066 0 0 0 98 0 900 0 905 
9606.ENSP00000265044 9606.ENSP00000425759 0 0 0 59 0 0 206 221 
9606.ENSP00000265044 9606.ENSP00000479606 0 0 0 65 363 0 0 378 
9606.ENSP00000265044 9606.ENSP00000314030 0 0 0 61 0 0 210 227 
9606.ENSP00000265044 9606.ENSP00000295702 0 0 0 919 0 900 812 998 
9606.ENSP00000265044 9606.ENSP00000254101 0 0 0 0 0 0 174 174 
9606.ENSP00000265044 9606.ENSP00000309402 0 0 0 543 0 0 203 620 
9606.ENSP00000265044 9606.ENSP00000468367 0 0 0 62 0 0 228 244 
9606.ENSP00000265044 9606.ENSP00000364119 0 0 0 169 0 0 50 177 
9606.ENSP00000265044 9606.ENSP00000432799 0 0 0 815 0 0 0 815 
9606.ENSP00000265044 9606.ENSP00000356476 0 0 0 0 0 0 245 245 
9606.ENSP00000265044 9606.ENSP00000389649 0 0 0 66 0 0 146 169 
9606.ENSP00000265044 9606.ENSP00000429374 0 0 0 0 0 900 0 900 
9606.ENSP00000265044 9606.ENSP00000381282 0 0 0 86 0 0 153 193 
9606.ENSP00000265044 9606.ENSP00000346088 0 0 0 0 0 900 0 900 
9606.ENSP00000265044 9606.ENSP00000056233 0 0 0 0 0 0 469 469 
9606.ENSP00000265044 9606.ENSP00000253699 0 0 0 0 0 0 488 488 
9606.ENSP00000265044 9606.ENSP00000356820 0 0 0 62 0 0 308 323 
9606.ENSP00000265044 9606.ENSP00000376886 0 0 0 172 0 0 67 194 
9606.ENSP00000265044 9606.ENSP00000385684 0 0 0 0 0 0 334 334 
9606.ENSP00000265044 9606.ENSP00000397798 0 0 0 0 0 900 0 900 
9606.ENSP00000265044 9606.ENSP00000304277 0 0 0 0 0 0 167 167 
9606.ENSP00000265044 9606.ENSP00000368798 0 0 0 61 0 0 252 267 
9606.ENSP00000265044 9606.ENSP00000346027 0 0 0 0 0 900 0 900 
9606.ENSP00000265044 9606.ENSP00000345957 0 0 0 0 0 900 0 900 
9606.ENSP00000265044 9606.ENSP00000366748 0 0 0 62 0 0 279 295 
9606.ENSP00000265044 9606.ENSP00000276202 0 0 0 0 0 0 227 227 
9606.ENSP00000265044 9606.ENSP00000330787 0 0 0 46 0 0 216 220 
9606.ENSP00000265044 9606.ENSP00000449328 0 0 0 65 0 900 0 902 
9606.ENSP00000265044 9606.ENSP00000365201 0 0 0 0 552 0 0 552 
9606.ENSP00000265044 9606.ENSP00000346037 0 0 0 61 0 900 58 903 
9606.ENSP00000265044 9606.ENSP00000199936 0 0 0 0 0 0 481 481 
9606.ENSP00000265044 9606.ENSP00000376272 0 0 0 77 0 0 137 169 
9606.ENSP00000265044 9606.ENSP00000386717 0 0 0 0 0 900 102 906 
9606.ENSP00000265044 9606.ENSP00000379506 0 0 0 0 363 900 0 933 
9606.ENSP00000265044 9606.ENSP00000247020 0 0 0 157 0 0 0 157 
9606.ENSP00000265044 9606.ENSP00000269881 0 0 0 461 0 0 61 472 
9606.ENSP00000265044 9606.ENSP00000308820 0 0 0 0 0 0 414 414 
9606.ENSP00000265044 9606.ENSP00000386942 0 0 0 0 0 0 375 375 
9606.ENSP00000265044 9606.ENSP00000229314 0 0 0 77 0 0 259 286 
9606.ENSP00000265044 9606.ENSP00000267884 0 0 0 86 0 900 189 919 
9606.ENSP00000265044 9606.ENSP00000385923 0 0 0 108 0 0 94 157 
9606.ENSP00000265044 9606.ENSP00000365926 0 0 0 64 0 0 393 407 
9606.ENSP00000265044 9606.ENSP00000263202 0 0 0 62 0 0 200 218 
9606.ENSP00000265044 9606.ENSP00000355577 0 0 0 0 0 0 279 279 
9606.ENSP00000265044 9606.ENSP00000380877 0 0 0 0 0 0 286 286 
9606.ENSP00000265044 9606.ENSP00000346693 0 0 0 0 0 0 165 165 
9606.ENSP00000265044 9606.ENSP00000287641 0 0 0 0 0 0 169 169 
9606.ENSP00000265044 9606.ENSP00000333300 0 0 0 0 0 0 299 299 
9606.ENSP00000265044 9606.ENSP00000346196 0 0 0 0 0 0 196 196 
9606.ENSP00000265044 9606.ENSP00000364578 0 0 0 0 0 0 258 258 
9606.ENSP00000265044 9606.ENSP00000341213 0 0 0 129 67 0 0 152 
9606.ENSP00000265044 9606.ENSP00000237853 0 0 0 0 0 0 290 290 
9606.ENSP00000265044 9606.ENSP00000354739 0 0 0 143 0 900 0 910 
9606.ENSP00000265044 9606.ENSP00000305556 0 0 0 61 0 0 195 212 
9606.ENSP00000265044 9606.ENSP00000005286 0 0 0 0 0 0 605 605 
9606.ENSP00000265044 9606.ENSP00000326813 0 0 0 0 0 0 219 219 
9606.ENSP00000265044 9606.ENSP00000227163 0 0 0 0 0 0 252 252 
9606.ENSP00000265044 9606.ENSP00000400467 0 0 0 0 0 900 0 900 
9606.ENSP00000265044 9606.ENSP00000440396 0 0 0 0 0 0 368 368 
9606.ENSP00000265044 9606.ENSP00000299308 0 0 0 0 0 0 222 222 
9606.ENSP00000265044 9606.ENSP00000437563 0 0 0 0 0 0 211 211 
9606.ENSP00000265044 9606.ENSP00000379888 0 0 0 0 0 900 0 900 
9606.ENSP00000265044 9606.ENSP00000366506 0 0 0 0 0 0 154 154 
9606.ENSP00000265044 9606.ENSP00000222008 0 0 0 57 213 0 0 226 
9606.ENSP00000265044 9606.ENSP00000238831 0 0 0 177 0 0 0 177 
9606.ENSP00000265044 9606.ENSP00000295770 0 0 0 245 0 0 431 553 
9606.ENSP00000265044 9606.ENSP00000355512 0 0 0 0 0 0 289 289 
9606.ENSP00000265044 9606.ENSP00000404860 0 0 0 0 0 0 191 191 
9606.ENSP00000265044 9606.ENSP00000257068 0 0 0 0 0 0 209 209 
9606.ENSP00000265044 9606.ENSP00000335321 0 0 0 0 193 0 0 193 
9606.ENSP00000265044 9606.ENSP00000417656 0 0 0 0 0 0 187 187 
9606.ENSP00000265044 9606.ENSP00000357555 0 0 0 61 0 900 57 903 
9606.ENSP00000265044 9606.ENSP00000358967 0 0 0 0 0 0 218 218 
9606.ENSP00000265044 9606.ENSP00000295822 0 0 0 0 0 0 171 171 
9606.ENSP00000265044 9606.ENSP00000385083 0 0 0 0 171 0 0 171 
9606.ENSP00000265044 9606.ENSP00000369292 0 0 0 0 0 0 282 282 
9606.ENSP00000265044 9606.ENSP00000297540 0 0 0 0 0 0 286 286 
9606.ENSP00000265044 9606.ENSP00000322924 0 0 0 0 0 0 185 185 
9606.ENSP00000265044 9606.ENSP00000276062 0 0 0 0 0 0 241 241 
9606.ENSP00000265044 9606.ENSP00000249284 0 0 0 0 0 0 267 267 
9606.ENSP00000265044 9606.ENSP00000326247 0 0 0 0 0 0 192 192 
9606.ENSP00000265044 9606.ENSP00000365567 0 0 0 62 0 0 344 358 
9606.ENSP00000265044 9606.ENSP00000367265 0 0 0 0 0 0 490 490 
9606.ENSP00000265044 9606.ENSP00000262942 0 0 0 0 0 0 288 288 
9606.ENSP00000265044 9606.ENSP00000342181 0 0 0 65 0 900 0 902 
9606.ENSP00000265044 9606.ENSP00000375730 0 0 0 0 0 900 0 900 
9606.ENSP00000265044 9606.ENSP00000346012 0 0 0 64 0 900 198 918 
9606.ENSP00000265044 9606.ENSP00000482767 0 0 0 62 0 0 148 167 
9606.ENSP00000265044 9606.ENSP00000448219 0 0 0 0 0 0 665 665 
9606.ENSP00000265044 9606.ENSP00000328023 0 0 0 120 0 900 0 908 
9606.ENSP00000265044 9606.ENSP00000420180 0 0 0 0 0 0 309 309 
9606.ENSP00000265044 9606.ENSP00000388107 0 0 0 0 0 900 0 900 
9606.ENSP00000265044 9606.ENSP00000377640 0 0 0 62 0 900 0 902 
9606.ENSP00000265044 9606.ENSP00000481646 0 0 0 64 0 900 0 902 
9606.ENSP00000265044 9606.ENSP00000419088 0 0 0 48 387 0 0 391 
9606.ENSP00000265044 9606.ENSP00000278353 0 0 0 0 465 0 0 465 
9606.ENSP00000265044 9606.ENSP00000322181 0 0 0 173 0 0 0 173 
9606.ENSP00000265044 9606.ENSP00000447001 0 0 0 64 0 900 0 902 
9606.ENSP00000265044 9606.ENSP00000385269 0 0 0 0 0 0 304 304 
9606.ENSP00000265044 9606.ENSP00000261854 0 0 0 201 0 0 0 201 
9606.ENSP00000265044 9606.ENSP00000323606 0 0 0 0 0 0 265 265 
9606.ENSP00000265044 9606.ENSP00000266397 0 0 0 64 0 0 325 341 
9606.ENSP00000265044 9606.ENSP00000404854 0 0 0 0 0 0 215 215 
9606.ENSP00000265044 9606.ENSP00000351614 0 0 0 0 0 0 303 303 
9606.ENSP00000265044 9606.ENSP00000295682 0 0 0 163 0 0 0 163 
9606.ENSP00000265044 9606.ENSP00000419952 0 0 0 0 0 0 290 290 
9606.ENSP00000265044 9606.ENSP00000267750 0 0 0 67 0 0 190 213 
9606.ENSP00000265044 9606.ENSP00000420608 0 0 0 0 0 0 475 475 
9606.ENSP00000265044 9606.ENSP00000480150 0 0 0 62 0 0 188 206 
9606.ENSP00000265044 9606.ENSP00000316532 0 0 0 0 0 0 222 222 
9606.ENSP00000265044 9606.ENSP00000286091 0 0 0 99 0 0 156 208 
9606.ENSP00000265044 9606.ENSP00000304501 0 0 0 0 0 0 178 178 
9606.ENSP00000265044 9606.ENSP00000317439 0 0 0 230 0 0 0 230 
9606.ENSP00000265044 9606.ENSP00000346067 0 0 0 0 0 900 0 900 
9606.ENSP00000265044 9606.ENSP00000400591 0 0 0 169 0 0 57 183 
9606.ENSP00000265044 9606.ENSP00000262013 0 0 0 0 0 0 244 244 
9606.ENSP00000265044 9606.ENSP00000333401 0 0 0 46 0 0 187 191 
9606.ENSP00000265044 9606.ENSP00000317331 0 0 0 924 379 900 770 998 
9606.ENSP00000265044 9606.ENSP00000302177 0 0 0 0 0 0 425 425 
9606.ENSP00000265044 9606.ENSP00000358831 0 0 0 0 0 0 165 165 
9606.ENSP00000265044 9606.ENSP00000216037 0 0 0 129 0 0 78 163 
9606.ENSP00000265044 9606.ENSP00000335153 0 0 0 79 387 0 63 424 
9606.ENSP00000265044 9606.ENSP00000325548 0 0 0 0 0 0 165 165 
9606.ENSP00000265044 9606.ENSP00000469970 0 0 0 0 0 0 221 221 
9606.ENSP00000265044 9606.ENSP00000256433 0 0 0 176 0 0 56 189 
9606.ENSP00000265044 9606.ENSP00000225430 0 0 0 0 0 900 0 900 
9606.ENSP00000265044 9606.ENSP00000300289 0 0 0 115 0 0 209 270 
9606.ENSP00000265044 9606.ENSP00000318077 0 0 0 0 0 0 241 241 
9606.ENSP00000265044 9606.ENSP00000394417 0 0 0 150 0 0 0 150 
9606.ENSP00000265044 9606.ENSP00000379339 0 0 0 64 0 900 47 903 
9606.ENSP00000265044 9606.ENSP00000373169 0 0 0 0 0 0 238 238 
9606.ENSP00000265044 9606.ENSP00000349541 0 0 0 0 0 0 451 451 
9606.ENSP00000265044 9606.ENSP00000182527 0 0 0 543 0 0 203 620 
9606.ENSP00000265044 9606.ENSP00000369419 0 0 0 0 0 0 268 268 
9606.ENSP00000265044 9606.ENSP00000471921 0 0 0 0 0 0 154 154 
9606.ENSP00000265044 9606.ENSP00000296255 0 0 0 105 387 900 197 950 
9606.ENSP00000265044 9606.ENSP00000463784 0 0 0 0 0 900 0 900 
9606.ENSP00000265044 9606.ENSP00000428845 0 0 0 0 363 0 0 363 
9606.ENSP00000265044 9606.ENSP00000281031 0 0 0 59 0 0 163 178 
9606.ENSP00000265044 9606.ENSP00000428223 0 0 0 64 0 900 0 902 
9606.ENSP00000265044 9606.ENSP00000366395 0 0 0 0 0 0 242 242 
9606.ENSP00000265044 9606.ENSP00000346015 0 0 0 0 0 900 0 900 
9606.ENSP00000265044 9606.ENSP00000318803 0 0 0 0 0 0 159 159 
9606.ENSP00000265044 9606.ENSP00000270645 0 0 0 83 0 0 367 394 
9606.ENSP00000265044 9606.ENSP00000258400 0 0 0 0 0 0 175 175 
9606.ENSP00000265044 9606.ENSP00000274137 0 0 0 0 0 0 166 166 
9606.ENSP00000265044 9606.ENSP00000291532 0 0 0 0 0 0 403 403 
9606.ENSP00000265044 9606.ENSP00000357384 0 0 0 0 0 0 225 225 
9606.ENSP00000265044 9606.ENSP00000222547 0 0 0 0 0 0 169 169 
9606.ENSP00000265044 9606.ENSP00000435370 0 0 0 0 0 900 0 900 
9606.ENSP00000265044 9606.ENSP00000268379 0 0 0 63 363 0 0 377 
9606.ENSP00000265044 9606.ENSP00000259396 0 0 0 0 0 0 175 175 
9606.ENSP00000265044 9606.ENSP00000359305 0 0 0 152 0 0 0 152 
9606.ENSP00000265044 9606.ENSP00000302811 0 0 0 0 0 0 316 316 
9606.ENSP00000265044 9606.ENSP00000458770 0 0 0 63 0 0 221 238 
9606.ENSP00000265044 9606.ENSP00000224073 0 0 0 224 0 0 0 224 
9606.ENSP00000265044 9606.ENSP00000451818 0 0 0 56 0 900 413 939 
9606.ENSP00000265044 9606.ENSP00000307023 0 0 0 0 0 0 203 203 
9606.ENSP00000265044 9606.ENSP00000318607 0 0 0 0 0 0 297 297 
9606.ENSP00000265044 9606.ENSP00000481842 0 0 0 0 386 0 0 386 
9606.ENSP00000265044 9606.ENSP00000320866 0 0 0 658 0 0 191 711 
9606.ENSP00000265044 9606.ENSP00000389103 0 0 0 0 0 900 169 913 
9606.ENSP00000265044 9606.ENSP00000451406 0 0 0 0 0 0 175 175 
9606.ENSP00000265044 9606.ENSP00000292180 0 0 0 0 0 0 485 485 
9606.ENSP00000265044 9606.ENSP00000457513 0 0 0 53 695 0 0 698 
9606.ENSP00000265044 9606.ENSP00000311430 0 0 0 0 0 900 0 900 
9606.ENSP00000265044 9606.ENSP00000348849 0 0 0 63 0 900 145 912 
9606.ENSP00000265044 9606.ENSP00000428085 0 0 0 0 0 900 0 900 
9606.ENSP00000265044 9606.ENSP00000329471 0 0 0 189 0 0 186 311 
9606.ENSP00000265044 9606.ENSP00000452762 0 0 0 62 133 0 0 151 
9606.ENSP00000265044 9606.ENSP00000241256 0 0 0 0 0 0 216 216 
9606.ENSP00000265044 9606.ENSP00000414321 0 0 0 0 0 900 135 909 
9606.ENSP00000265044 9606.ENSP00000363748 0 0 0 0 0 0 232 232 
9606.ENSP00000265044 9606.ENSP00000386918 0 0 0 203 0 0 154 297 
9606.ENSP00000265044 9606.ENSP00000346120 0 0 0 74 387 0 0 408 
9606.ENSP00000265044 9606.ENSP00000250111 0 0 0 0 0 0 163 163 
9606.ENSP00000265044 9606.ENSP00000272317 0 0 0 0 0 900 0 900 
9606.ENSP00000265044 9606.ENSP00000361845 0 0 0 73 0 0 195 222 
9606.ENSP00000265044 9606.ENSP00000294338 0 0 0 0 0 0 438 438 
9606.ENSP00000265044 9606.ENSP00000357069 0 0 0 0 0 0 247 247 
9606.ENSP00000265044 9606.ENSP00000384966 0 0 0 204 0 0 50 211 
9606.ENSP00000265044 9606.ENSP00000303057 0 0 0 217 0 0 0 217 
9606.ENSP00000265044 9606.ENSP00000361151 0 0 0 0 0 0 158 158 
9606.ENSP00000265044 9606.ENSP00000381736 0 0 0 61 0 0 150 168 
9606.ENSP00000265044 9606.ENSP00000299886 0 0 0 0 0 0 402 402 
9606.ENSP00000265044 9606.ENSP00000424544 0 0 0 638 0 0 121 668 
9606.ENSP00000265044 9606.ENSP00000357858 0 0 0 0 0 0 176 176 
9606.ENSP00000265044 9606.ENSP00000261735 0 0 0 64 0 0 176 196 
9606.ENSP00000265044 9606.ENSP00000368959 0 0 0 159 0 0 0 159 
9606.ENSP00000265044 9606.ENSP00000259469 0 0 0 0 0 900 0 900 
9606.ENSP00000265044 9606.ENSP00000262584 0 0 0 65 0 900 137 912 
9606.ENSP00000265044 9606.ENSP00000293502 0 0 0 0 0 0 175 175 
9606.ENSP00000265044 9606.ENSP00000339324 0 0 0 225 0 0 0 225 
9606.ENSP00000265044 9606.ENSP00000318646 0 0 0 86 0 900 0 904 
9606.ENSP00000265044 9606.ENSP00000303147 0 0 0 0 0 0 176 176 
9606.ENSP00000265044 9606.ENSP00000420311 0 0 0 127 0 900 0 909 
9606.ENSP00000265044 9606.ENSP00000338345 0 0 0 0 0 0 188 188 
9606.ENSP00000265044 9606.ENSP00000352401 0 0 0 0 0 0 157 157 
9606.ENSP00000265044 9606.ENSP00000307766 0 0 0 0 0 0 389 389 
9606.ENSP00000265044 9606.ENSP00000310406 0 0 0 0 0 0 185 185 
9606.ENSP00000265044 9606.ENSP00000369757 0 0 0 64 0 900 0 902 
9606.ENSP00000265044 9606.ENSP00000225171 0 0 0 0 0 0 497 497 
9606.ENSP00000265044 9606.ENSP00000331019 0 0 0 63 0 900 199 918 
9606.ENSP00000265044 9606.ENSP00000355517 0 0 0 0 0 0 206 206 
9606.ENSP00000265044 9606.ENSP00000356982 0 0 0 205 0 0 0 205 
9606.ENSP00000265044 9606.ENSP00000357625 0 0 0 0 0 0 226 226 
9606.ENSP00000265044 9606.ENSP00000216034 0 0 0 86 816 0 227 858 
9606.ENSP00000265044 9606.ENSP00000424870 0 0 0 110 0 900 0 907 
9606.ENSP00000265044 9606.ENSP00000259253 0 0 0 0 0 0 204 204 
9606.ENSP00000265044 9606.ENSP00000347038 0 0 0 0 0 0 242 242 
9606.ENSP00000265044 9606.ENSP00000373364 0 0 0 0 0 0 499 499 
9606.ENSP00000265044 9606.ENSP00000274242 0 0 0 0 0 900 0 900 
9606.ENSP00000265044 9606.ENSP00000251900 0 0 0 0 0 0 151 151 
9606.ENSP00000265044 9606.ENSP00000368477 0 0 0 327 0 0 0 327 
9606.ENSP00000265044 9606.ENSP00000376472 0 0 0 564 0 0 439 745 
9606.ENSP00000265044 9606.ENSP00000435777 0 0 0 63 0 900 0 902 
9606.ENSP00000265044 9606.ENSP00000249389 0 0 0 0 0 0 268 268 
9606.ENSP00000265044 9606.ENSP00000298283 0 0 0 64 0 900 0 902 
9606.ENSP00000265044 9606.ENSP00000348838 0 0 0 62 0 0 156 174 
9606.ENSP00000265044 9606.ENSP00000341885 0 0 0 0 0 900 0 900 
9606.ENSP00000265044 9606.ENSP00000359799 0 0 0 51 0 0 242 250 
9606.ENSP00000265044 9606.ENSP00000464342 0 0 0 0 0 900 0 900 
9606.ENSP00000265044 9606.ENSP00000199280 0 0 0 0 237 0 0 237 
9606.ENSP00000265044 9606.ENSP00000381206 0 0 0 0 0 0 322 322 
9606.ENSP00000265044 9606.ENSP00000468633 0 0 0 876 0 900 425 992 
9606.ENSP00000265044 9606.ENSP00000240333 0 0 0 165 0 0 0 165 
9606.ENSP00000265044 9606.ENSP00000271764 0 0 0 0 0 0 391 391 
9606.ENSP00000265044 9606.ENSP00000300026 0 0 0 392 0 0 0 392 
9606.ENSP00000265044 9606.ENSP00000306220 0 0 0 63 0 0 164 183 
9606.ENSP00000265044 9606.ENSP00000476672 0 0 0 0 0 0 157 157 
9606.ENSP00000265044 9606.ENSP00000230895 0 0 0 177 0 0 0 177 
9606.ENSP00000265044 9606.ENSP00000309830 0 0 0 0 0 900 225 919 
9606.ENSP00000265044 9606.ENSP00000302896 0 0 0 0 0 900 0 900 
9606.ENSP00000265044 9606.ENSP00000339720 0 0 0 0 0 0 193 193 
9606.ENSP00000265044 9606.ENSP00000472316 0 0 0 0 0 0 226 226 
9606.ENSP00000265044 9606.ENSP00000337060 0 0 0 197 0 0 67 219 
9606.ENSP00000265044 9606.ENSP00000381237 0 0 0 847 0 0 109 857 
9606.ENSP00000265044 9606.ENSP00000249923 0 0 0 130 0 0 105 189 
9606.ENSP00000265044 9606.ENSP00000391942 0 0 0 0 0 0 407 407 
9606.ENSP00000265044 9606.ENSP00000216487 0 0 0 0 0 0 313 313 
9606.ENSP00000265044 9606.ENSP00000379691 0 0 0 0 0 0 247 247 
9606.ENSP00000265044 9606.ENSP00000364298 0 0 0 61 0 0 146 164 
9606.ENSP00000265044 9606.ENSP00000470972 0 0 0 0 0 900 0 900 
9606.ENSP00000265044 9606.ENSP00000449270 0 0 0 227 0 0 271 412 
9606.ENSP00000265044 9606.ENSP00000343405 0 0 0 62 0 0 422 435 
9606.ENSP00000265044 9606.ENSP00000426167 0 0 0 845 0 0 564 929 
9606.ENSP00000265044 9606.ENSP00000409555 0 0 0 0 0 0 286 286 
9606.ENSP00000265044 9606.ENSP00000239032 0 0 0 0 0 0 358 358 
9606.ENSP00000265044 9606.ENSP00000262812 0 0 0 325 0 0 0 325 
9606.ENSP00000265044 9606.ENSP00000418868 0 0 0 0 0 900 0 900 
9606.ENSP00000265044 9606.ENSP00000354610 0 0 0 0 0 0 167 167 
9606.ENSP00000265044 9606.ENSP00000419851 0 0 0 123 0 0 85 163 
9606.ENSP00000265044 9606.ENSP00000228825 0 0 0 175 0 0 0 175 
9606.ENSP00000265044 9606.ENSP00000467466 0 0 0 80 0 900 0 904 
9606.ENSP00000265044 9606.ENSP00000357869 0 0 0 0 0 0 274 274 
9606.ENSP00000265044 9606.ENSP00000264065 0 0 0 150 0 0 186 279 
9606.ENSP00000265044 9606.ENSP00000381490 0 0 0 63 0 0 149 169 
9606.ENSP00000265044 9606.ENSP00000427687 0 0 0 0 0 0 150 150 
9606.ENSP00000265044 9606.ENSP00000258034 0 0 0 0 0 0 369 369 
9606.ENSP00000265044 9606.ENSP00000268661 0 0 0 0 0 900 323 929 
9606.ENSP00000265044 9606.ENSP00000298428 0 0 0 727 0 900 50 971 
9606.ENSP00000265044 9606.ENSP00000275200 0 0 0 0 0 0 338 338 
9606.ENSP00000265044 9606.ENSP00000244763 0 0 0 857 804 900 906 999 
9606.ENSP00000265044 9606.ENSP00000472985 0 0 0 0 0 900 0 900 
9606.ENSP00000265044 9606.ENSP00000265333 0 0 0 69 363 0 0 381 
9606.ENSP00000265044 9606.ENSP00000270625 0 0 0 0 0 900 0 900 
9606.ENSP00000265044 9606.ENSP00000219406 0 0 0 63 0 0 234 251 
9606.ENSP00000265044 9606.ENSP00000264896 0 0 0 0 0 0 167 167 
9606.ENSP00000265044 9606.ENSP00000403172 0 0 0 0 0 900 0 900 
9606.ENSP00000265044 9606.ENSP00000419395 0 0 0 634 0 0 0 634 
