9606.ENSP00000361345 9606.ENSP00000175506 0 0 0 0 537 0 0 537 
9606.ENSP00000361345 9606.ENSP00000356992 0 0 0 152 0 0 400 469 
9606.ENSP00000361345 9606.ENSP00000359045 0 0 0 151 0 0 0 151 
9606.ENSP00000361345 9606.ENSP00000361087 0 0 0 0 0 0 355 355 
9606.ENSP00000361345 9606.ENSP00000260402 0 0 0 151 0 0 0 151 
9606.ENSP00000361345 9606.ENSP00000370034 0 0 0 153 0 0 0 153 
9606.ENSP00000361345 9606.ENSP00000317580 0 0 0 0 0 0 167 167 
9606.ENSP00000361345 9606.ENSP00000225538 0 0 0 151 0 0 0 151 
9606.ENSP00000361345 9606.ENSP00000450958 0 0 0 0 0 0 211 211 
9606.ENSP00000361345 9606.ENSP00000365891 0 0 0 171 0 0 0 171 
9606.ENSP00000361345 9606.ENSP00000253796 0 0 0 0 0 0 234 234 
9606.ENSP00000361345 9606.ENSP00000438526 0 0 0 62 0 0 422 434 
9606.ENSP00000361345 9606.ENSP00000369921 0 0 0 0 0 0 268 268 
9606.ENSP00000361345 9606.ENSP00000351926 0 0 0 0 0 0 637 637 
9606.ENSP00000361345 9606.ENSP00000348381 0 0 0 0 359 0 0 359 
9606.ENSP00000361345 9606.ENSP00000350331 0 0 0 0 0 0 155 155 
9606.ENSP00000361345 9606.ENSP00000294973 0 0 0 0 0 0 214 214 
9606.ENSP00000361345 9606.ENSP00000294818 0 0 0 0 0 0 173 173 
9606.ENSP00000361345 9606.ENSP00000303452 0 0 0 0 0 0 297 297 
9606.ENSP00000361345 9606.ENSP00000439287 0 0 0 0 0 0 655 655 
9606.ENSP00000361345 9606.ENSP00000296674 0 0 0 0 0 0 226 226 
9606.ENSP00000361345 9606.ENSP00000321848 0 0 0 0 0 0 648 648 
9606.ENSP00000361345 9606.ENSP00000445683 0 0 0 0 0 0 307 307 
9606.ENSP00000361345 9606.ENSP00000483570 0 0 0 181 0 0 0 181 
9606.ENSP00000361345 9606.ENSP00000401678 0 0 0 0 0 0 199 199 
9606.ENSP00000361345 9606.ENSP00000263285 0 0 0 171 0 0 0 171 
9606.ENSP00000361345 9606.ENSP00000366036 0 0 0 0 0 0 304 304 
9606.ENSP00000361345 9606.ENSP00000333188 0 0 0 0 0 0 225 225 
9606.ENSP00000361345 9606.ENSP00000461945 0 0 0 0 0 0 319 319 
9606.ENSP00000361345 9606.ENSP00000370697 0 0 0 209 0 0 0 209 
9606.ENSP00000361345 9606.ENSP00000391583 0 0 0 199 0 0 0 199 
9606.ENSP00000361345 9606.ENSP00000259873 0 0 0 0 0 0 274 274 
9606.ENSP00000361345 9606.ENSP00000302936 0 0 0 0 0 0 297 297 
9606.ENSP00000361345 9606.ENSP00000253807 0 0 0 0 0 0 669 669 
9606.ENSP00000361345 9606.ENSP00000309953 0 0 0 0 0 0 202 202 
9606.ENSP00000361345 9606.ENSP00000382800 0 0 0 99 0 0 198 246 
9606.ENSP00000361345 9606.ENSP00000246747 0 0 0 0 0 0 226 226 
9606.ENSP00000361345 9606.ENSP00000364694 0 0 0 0 0 0 179 179 
9606.ENSP00000361345 9606.ENSP00000303077 0 0 0 0 0 0 186 186 
9606.ENSP00000361345 9606.ENSP00000480439 0 0 0 0 0 0 211 211 
9606.ENSP00000361345 9606.ENSP00000320563 0 0 0 188 0 0 0 188 
9606.ENSP00000361345 9606.ENSP00000356849 0 0 0 0 0 0 219 219 
9606.ENSP00000361345 9606.ENSP00000384744 0 0 0 63 0 0 246 263 
9606.ENSP00000361345 9606.ENSP00000476145 0 0 0 0 0 0 177 177 
9606.ENSP00000361345 9606.ENSP00000295550 0 0 0 0 0 0 201 201 
9606.ENSP00000361345 9606.ENSP00000317686 0 0 0 0 0 0 412 412 
9606.ENSP00000361345 9606.ENSP00000331614 0 0 0 216 0 0 0 216 
9606.ENSP00000361345 9606.ENSP00000369286 0 0 0 171 0 0 0 171 
9606.ENSP00000361345 9606.ENSP00000349490 0 0 0 162 0 0 0 162 
9606.ENSP00000361345 9606.ENSP00000332293 0 0 0 65 0 0 400 415 
9606.ENSP00000361345 9606.ENSP00000291565 0 0 0 0 0 0 150 150 
9606.ENSP00000361345 9606.ENSP00000351345 0 0 0 0 0 0 591 591 
9606.ENSP00000361345 9606.ENSP00000295633 0 0 0 0 0 0 237 237 
9606.ENSP00000361345 9606.ENSP00000370737 0 0 0 0 0 0 344 344 
9606.ENSP00000361345 9606.ENSP00000046794 0 0 0 204 0 0 0 204 
9606.ENSP00000361345 9606.ENSP00000421258 0 0 0 0 0 0 571 571 
9606.ENSP00000361345 9606.ENSP00000246914 0 0 0 0 0 0 242 242 
9606.ENSP00000361345 9606.ENSP00000359691 0 0 0 0 0 0 299 299 
9606.ENSP00000361345 9606.ENSP00000185206 0 0 0 0 0 0 223 223 
9606.ENSP00000361345 9606.ENSP00000256906 0 0 0 0 0 0 163 163 
9606.ENSP00000361345 9606.ENSP00000358737 0 0 0 0 0 0 405 405 
9606.ENSP00000361345 9606.ENSP00000302935 0 0 0 126 0 0 97 177 
9606.ENSP00000361345 9606.ENSP00000356864 0 0 0 0 0 0 153 153 
9606.ENSP00000361345 9606.ENSP00000405338 0 0 0 186 0 0 0 186 
9606.ENSP00000361345 9606.ENSP00000379865 0 0 0 0 0 0 262 262 
9606.ENSP00000361345 9606.ENSP00000325146 0 0 0 0 0 0 201 201 
9606.ENSP00000361345 9606.ENSP00000181796 0 0 0 0 0 0 354 354 
9606.ENSP00000361345 9606.ENSP00000004531 0 0 0 0 0 0 220 220 
9606.ENSP00000361345 9606.ENSP00000480514 0 0 0 0 0 0 152 152 
9606.ENSP00000361345 9606.ENSP00000356430 0 0 0 154 0 0 0 154 
9606.ENSP00000361345 9606.ENSP00000326699 0 0 0 0 0 0 376 376 
9606.ENSP00000361345 9606.ENSP00000344242 0 0 0 0 0 0 167 167 
9606.ENSP00000361345 9606.ENSP00000262622 0 0 0 0 0 0 429 429 
9606.ENSP00000361345 9606.ENSP00000328625 0 0 0 174 0 0 0 174 
9606.ENSP00000361345 9606.ENSP00000312367 0 0 0 153 0 0 0 153 
9606.ENSP00000361345 9606.ENSP00000352011 0 0 0 0 0 0 169 169 
9606.ENSP00000361345 9606.ENSP00000355110 0 0 0 0 0 0 250 250 
9606.ENSP00000361345 9606.ENSP00000265969 0 0 0 0 0 0 265 265 
9606.ENSP00000361345 9606.ENSP00000400365 0 0 0 0 0 0 218 218 
9606.ENSP00000361345 9606.ENSP00000306968 0 0 0 0 0 0 268 268 
9606.ENSP00000361345 9606.ENSP00000354335 0 0 0 151 0 0 0 151 
9606.ENSP00000361345 9606.ENSP00000368908 0 0 0 0 0 0 420 420 
9606.ENSP00000361345 9606.ENSP00000282388 0 0 0 0 0 0 183 183 
9606.ENSP00000361345 9606.ENSP00000264758 0 0 0 0 516 0 0 516 
9606.ENSP00000361345 9606.ENSP00000346762 0 0 0 0 0 0 167 167 
9606.ENSP00000361345 9606.ENSP00000290294 0 0 0 0 0 0 557 557 
9606.ENSP00000361345 9606.ENSP00000331691 0 0 0 0 0 0 265 265 
9606.ENSP00000361345 9606.ENSP00000249504 0 0 0 0 0 0 190 190 
9606.ENSP00000361345 9606.ENSP00000290332 0 0 0 0 0 0 196 196 
9606.ENSP00000361345 9606.ENSP00000352833 0 0 0 150 0 0 0 150 
9606.ENSP00000361345 9606.ENSP00000354830 0 0 0 0 0 0 232 232 
9606.ENSP00000361345 9606.ENSP00000418112 0 0 0 62 0 0 212 229 
9606.ENSP00000361345 9606.ENSP00000356033 0 0 0 160 0 0 0 160 
9606.ENSP00000361345 9606.ENSP00000249071 0 0 0 158 0 0 0 158 
9606.ENSP00000361345 9606.ENSP00000274289 0 0 0 0 0 0 154 154 
9606.ENSP00000361345 9606.ENSP00000226951 0 0 0 0 0 0 194 194 
9606.ENSP00000361345 9606.ENSP00000301057 0 0 0 0 0 0 186 186 
9606.ENSP00000361345 9606.ENSP00000341815 0 0 0 0 0 0 163 163 
9606.ENSP00000361345 9606.ENSP00000322804 0 0 0 0 0 0 161 161 
9606.ENSP00000361345 9606.ENSP00000262866 0 0 0 0 0 0 252 252 
9606.ENSP00000361345 9606.ENSP00000385927 0 0 0 0 0 0 240 240 
9606.ENSP00000361345 9606.ENSP00000378067 0 0 0 65 0 0 266 284 
9606.ENSP00000361345 9606.ENSP00000381928 0 0 0 0 0 0 391 391 
9606.ENSP00000361345 9606.ENSP00000466274 0 0 0 0 0 0 670 670 
9606.ENSP00000361345 9606.ENSP00000363330 0 0 0 153 0 0 0 153 
9606.ENSP00000361345 9606.ENSP00000233710 0 0 0 0 0 0 169 169 
9606.ENSP00000361345 9606.ENSP00000299441 0 0 0 0 0 0 236 236 
9606.ENSP00000361345 9606.ENSP00000450842 0 0 0 0 0 0 315 315 
9606.ENSP00000361345 9606.ENSP00000309439 0 0 0 0 0 0 167 167 
9606.ENSP00000361345 9606.ENSP00000332164 0 0 0 0 0 0 195 195 
9606.ENSP00000361345 9606.ENSP00000295095 0 0 0 77 0 0 288 314 
9606.ENSP00000361345 9606.ENSP00000264187 0 0 0 61 0 0 154 172 
9606.ENSP00000361345 9606.ENSP00000420914 0 0 0 0 0 0 211 211 
9606.ENSP00000361345 9606.ENSP00000385586 0 0 0 0 0 0 225 225 
9606.ENSP00000361345 9606.ENSP00000320176 0 0 0 152 0 0 266 350 
9606.ENSP00000361345 9606.ENSP00000355614 0 0 0 0 0 0 474 474 
9606.ENSP00000361345 9606.ENSP00000421981 0 0 0 0 0 0 155 155 
9606.ENSP00000361345 9606.ENSP00000237696 0 0 0 0 0 0 279 279 
9606.ENSP00000361345 9606.ENSP00000384053 0 0 0 205 0 0 0 205 
9606.ENSP00000361345 9606.ENSP00000227163 0 0 0 178 0 0 0 178 
9606.ENSP00000361345 9606.ENSP00000376544 0 0 0 165 0 0 0 165 
9606.ENSP00000361345 9606.ENSP00000356331 0 0 0 0 0 0 184 184 
9606.ENSP00000361345 9606.ENSP00000281156 0 0 0 0 0 0 539 539 
9606.ENSP00000361345 9606.ENSP00000374218 0 0 0 0 0 0 293 293 
9606.ENSP00000361345 9606.ENSP00000258787 0 0 0 166 0 0 0 166 
9606.ENSP00000361345 9606.ENSP00000357348 0 0 0 0 0 0 165 165 
9606.ENSP00000361345 9606.ENSP00000230053 0 0 0 0 0 0 265 265 
9606.ENSP00000361345 9606.ENSP00000284154 0 0 0 160 0 0 0 160 
9606.ENSP00000361345 9606.ENSP00000326247 0 0 0 69 0 0 265 286 
9606.ENSP00000361345 9606.ENSP00000282146 0 0 0 0 0 0 445 445 
9606.ENSP00000361345 9606.ENSP00000367202 0 0 0 0 0 0 161 161 
9606.ENSP00000361345 9606.ENSP00000357581 0 0 0 62 0 0 290 305 
9606.ENSP00000361345 9606.ENSP00000276651 0 0 0 47 0 0 215 219 
9606.ENSP00000361345 9606.ENSP00000341905 0 0 0 175 0 0 0 175 
9606.ENSP00000361345 9606.ENSP00000349147 0 0 0 0 0 0 349 349 
9606.ENSP00000361345 9606.ENSP00000327694 0 0 0 0 0 0 278 278 
9606.ENSP00000361345 9606.ENSP00000384708 0 0 0 0 0 0 167 167 
9606.ENSP00000361345 9606.ENSP00000363794 0 0 0 0 0 0 246 246 
9606.ENSP00000361345 9606.ENSP00000219150 0 0 0 154 0 0 0 154 
9606.ENSP00000361345 9606.ENSP00000345008 0 0 0 0 0 0 250 250 
9606.ENSP00000361345 9606.ENSP00000363603 0 0 0 0 0 0 189 189 
9606.ENSP00000361345 9606.ENSP00000231188 0 0 0 0 0 0 445 445 
9606.ENSP00000361345 9606.ENSP00000304769 0 0 0 69 0 0 287 307 
9606.ENSP00000361345 9606.ENSP00000261707 0 0 0 0 0 0 161 161 
9606.ENSP00000361345 9606.ENSP00000482546 0 0 0 0 0 0 187 187 
9606.ENSP00000361345 9606.ENSP00000314407 0 0 0 0 0 0 270 270 
9606.ENSP00000361345 9606.ENSP00000414856 0 0 0 0 0 0 177 177 
9606.ENSP00000361345 9606.ENSP00000327290 0 0 0 0 0 0 198 198 
9606.ENSP00000361345 9606.ENSP00000427114 0 0 0 183 0 0 0 183 
9606.ENSP00000361345 9606.ENSP00000354782 0 0 0 126 0 0 124 201 
9606.ENSP00000361345 9606.ENSP00000221730 0 0 0 0 0 0 269 269 
9606.ENSP00000361345 9606.ENSP00000349359 0 0 0 183 0 0 0 183 
9606.ENSP00000361345 9606.ENSP00000406022 0 0 0 0 0 0 197 197 
9606.ENSP00000361345 9606.ENSP00000167106 0 0 0 0 0 0 214 214 
9606.ENSP00000361345 9606.ENSP00000262551 0 0 0 0 0 0 211 211 
9606.ENSP00000361345 9606.ENSP00000296522 0 0 0 0 0 0 219 219 
9606.ENSP00000361345 9606.ENSP00000263245 0 0 0 0 0 0 216 216 
9606.ENSP00000361345 9606.ENSP00000363318 0 0 0 159 0 0 0 159 
9606.ENSP00000361345 9606.ENSP00000485061 0 0 0 0 0 0 268 268 
9606.ENSP00000361345 9606.ENSP00000155840 0 0 0 87 0 0 296 329 
9606.ENSP00000361345 9606.ENSP00000364000 0 0 0 0 0 0 190 190 
9606.ENSP00000361345 9606.ENSP00000411355 0 0 0 179 0 0 0 179 
9606.ENSP00000361345 9606.ENSP00000261921 0 0 0 0 0 0 198 198 
9606.ENSP00000361345 9606.ENSP00000259371 0 0 0 0 0 0 165 165 
9606.ENSP00000361345 9606.ENSP00000256412 0 0 0 0 0 0 322 322 
9606.ENSP00000361345 9606.ENSP00000345179 0 0 0 0 0 0 199 199 
9606.ENSP00000361345 9606.ENSP00000307858 0 0 0 0 0 0 193 193 
9606.ENSP00000361345 9606.ENSP00000443654 0 0 0 186 0 0 0 186 
9606.ENSP00000361345 9606.ENSP00000221496 0 0 0 0 0 0 153 153 
9606.ENSP00000361345 9606.ENSP00000400839 0 0 0 0 0 0 416 416 
9606.ENSP00000361345 9606.ENSP00000246115 0 0 0 165 0 0 0 165 
9606.ENSP00000361345 9606.ENSP00000264192 0 0 0 151 0 0 0 151 
9606.ENSP00000361345 9606.ENSP00000369636 0 0 0 0 0 0 217 217 
9606.ENSP00000361345 9606.ENSP00000341342 0 0 0 161 0 0 0 161 
9606.ENSP00000361345 9606.ENSP00000279227 0 0 0 153 0 0 0 153 
9606.ENSP00000361345 9606.ENSP00000346964 0 0 0 0 0 0 297 297 
9606.ENSP00000361345 9606.ENSP00000364140 0 0 0 0 0 0 229 229 
9606.ENSP00000361345 9606.ENSP00000294507 0 0 0 161 0 0 0 161 
9606.ENSP00000361345 9606.ENSP00000258796 0 0 0 0 0 0 471 471 
9606.ENSP00000361345 9606.ENSP00000233638 0 0 0 0 0 0 241 241 
9606.ENSP00000361345 9606.ENSP00000253669 0 0 0 0 0 0 212 212 
9606.ENSP00000361345 9606.ENSP00000355991 0 0 0 171 0 0 0 171 
9606.ENSP00000361345 9606.ENSP00000274242 0 0 0 0 0 0 229 229 
9606.ENSP00000361345 9606.ENSP00000269346 0 0 0 65 0 0 289 307 
9606.ENSP00000361345 9606.ENSP00000361721 0 0 0 0 0 0 281 281 
9606.ENSP00000361345 9606.ENSP00000234313 0 0 0 210 0 0 0 210 
9606.ENSP00000361345 9606.ENSP00000295966 0 0 0 0 0 0 207 207 
9606.ENSP00000361345 9606.ENSP00000458355 0 0 0 0 0 0 178 178 
9606.ENSP00000361345 9606.ENSP00000284523 0 0 0 0 0 0 227 227 
9606.ENSP00000361345 9606.ENSP00000271324 0 0 0 155 0 0 0 155 
9606.ENSP00000361345 9606.ENSP00000356848 0 0 0 0 0 0 154 154 
9606.ENSP00000361345 9606.ENSP00000430955 0 0 0 0 0 0 355 355 
9606.ENSP00000361345 9606.ENSP00000346560 0 0 0 0 0 0 347 347 
9606.ENSP00000361345 9606.ENSP00000380861 0 0 0 0 0 0 299 299 
9606.ENSP00000361345 9606.ENSP00000380948 0 0 0 172 0 0 0 172 
9606.ENSP00000361345 9606.ENSP00000283285 0 0 0 69 0 0 175 199 
9606.ENSP00000361345 9606.ENSP00000406220 0 0 0 0 0 0 517 517 
9606.ENSP00000361345 9606.ENSP00000239032 0 0 0 0 0 0 267 267 
9606.ENSP00000361345 9606.ENSP00000263610 0 0 0 0 0 0 268 268 
9606.ENSP00000361345 9606.ENSP00000360475 0 0 0 0 0 0 225 225 
9606.ENSP00000361345 9606.ENSP00000369017 0 0 0 0 0 0 180 180 
9606.ENSP00000361345 9606.ENSP00000467466 0 0 0 0 0 0 189 189 
9606.ENSP00000361345 9606.ENSP00000266058 0 0 0 0 0 0 265 265 
9606.ENSP00000361345 9606.ENSP00000386770 0 0 0 0 0 0 208 208 
9606.ENSP00000361345 9606.ENSP00000400932 0 0 0 0 0 0 497 497 
9606.ENSP00000361345 9606.ENSP00000345656 0 0 0 0 0 0 225 225 
9606.ENSP00000361345 9606.ENSP00000325561 0 0 0 151 0 0 0 151 
9606.ENSP00000361345 9606.ENSP00000463978 0 0 0 60 0 0 204 220 
