9606.ENSP00000386444 9606.ENSP00000337159 0 0 0 0 0 0 158 158 
9606.ENSP00000386444 9606.ENSP00000226193 0 0 0 0 0 900 713 970 
9606.ENSP00000386444 9606.ENSP00000334876 0 0 0 61 0 900 885 988 
9606.ENSP00000386444 9606.ENSP00000225275 0 0 0 0 0 0 163 163 
9606.ENSP00000386444 9606.ENSP00000340292 0 0 0 0 80 0 120 155 
9606.ENSP00000386444 9606.ENSP00000363458 0 0 0 0 0 0 190 190 
9606.ENSP00000386444 9606.ENSP00000339314 0 0 0 98 125 0 0 177 
9606.ENSP00000386444 9606.ENSP00000364907 0 0 0 0 78 0 117 151 
9606.ENSP00000386444 9606.ENSP00000419153 0 0 0 89 125 0 0 168 
9606.ENSP00000386444 9606.ENSP00000245457 0 0 0 0 193 0 225 348 
9606.ENSP00000386444 9606.ENSP00000427690 0 0 0 0 0 0 265 265 
9606.ENSP00000386444 9606.ENSP00000441691 0 0 0 0 0 0 167 167 
9606.ENSP00000386444 9606.ENSP00000418915 0 0 0 0 62 0 229 245 
9606.ENSP00000386444 9606.ENSP00000360266 0 0 0 0 0 0 329 329 
9606.ENSP00000386444 9606.ENSP00000260402 0 0 0 0 131 0 125 207 
9606.ENSP00000386444 9606.ENSP00000385632 0 0 0 61 86 0 166 222 
9606.ENSP00000386444 9606.ENSP00000317257 0 0 0 0 0 0 179 179 
9606.ENSP00000386444 9606.ENSP00000243924 0 0 0 0 0 0 313 313 
9606.ENSP00000386444 9606.ENSP00000232564 0 0 0 64 0 0 153 174 
9606.ENSP00000386444 9606.ENSP00000377036 0 0 0 0 0 0 342 342 
9606.ENSP00000386444 9606.ENSP00000379472 0 0 0 0 0 0 211 211 
9606.ENSP00000386444 9606.ENSP00000257287 0 0 0 0 0 0 156 156 
9606.ENSP00000386444 9606.ENSP00000371253 0 0 0 0 0 0 176 176 
9606.ENSP00000386444 9606.ENSP00000361800 0 0 0 0 0 0 156 156 
9606.ENSP00000386444 9606.ENSP00000365891 0 0 0 55 0 0 138 150 
9606.ENSP00000386444 9606.ENSP00000450731 0 0 0 0 0 0 163 163 
9606.ENSP00000386444 9606.ENSP00000367139 0 0 0 179 0 0 0 179 
9606.ENSP00000386444 9606.ENSP00000400995 0 0 0 0 0 0 248 248 
9606.ENSP00000386444 9606.ENSP00000310170 0 0 0 0 0 0 187 187 
9606.ENSP00000386444 9606.ENSP00000483721 0 0 0 0 0 0 170 170 
9606.ENSP00000386444 9606.ENSP00000222982 0 0 0 169 0 0 103 222 
9606.ENSP00000386444 9606.ENSP00000366465 0 0 0 88 125 0 0 167 
9606.ENSP00000386444 9606.ENSP00000253083 0 0 0 0 0 0 159 159 
9606.ENSP00000386444 9606.ENSP00000356832 0 0 0 0 0 0 159 159 
9606.ENSP00000386444 9606.ENSP00000378483 0 0 0 0 0 0 268 268 
9606.ENSP00000386444 9606.ENSP00000261349 0 0 0 48 85 0 187 229 
9606.ENSP00000386444 9606.ENSP00000452793 0 0 0 363 0 0 0 363 
9606.ENSP00000386444 9606.ENSP00000295408 0 0 0 0 78 0 192 223 
9606.ENSP00000386444 9606.ENSP00000317971 0 0 0 0 0 0 313 313 
9606.ENSP00000386444 9606.ENSP00000311733 0 0 0 0 193 0 335 440 
9606.ENSP00000386444 9606.ENSP00000377769 0 0 0 62 50 0 158 184 
9606.ENSP00000386444 9606.ENSP00000362361 0 0 0 0 0 0 161 161 
9606.ENSP00000386444 9606.ENSP00000380271 0 0 0 0 0 0 530 530 
9606.ENSP00000386444 9606.ENSP00000205890 0 0 0 159 124 0 63 250 
9606.ENSP00000386444 9606.ENSP00000265138 0 0 0 0 0 0 660 660 
9606.ENSP00000386444 9606.ENSP00000381968 0 0 0 65 134 0 0 155 
9606.ENSP00000386444 9606.ENSP00000268182 0 0 0 0 0 0 294 294 
9606.ENSP00000386444 9606.ENSP00000360423 0 0 0 0 84 0 138 176 
9606.ENSP00000386444 9606.ENSP00000234371 0 0 0 0 193 0 258 375 
9606.ENSP00000386444 9606.ENSP00000295256 0 0 0 0 0 0 297 297 
9606.ENSP00000386444 9606.ENSP00000378974 0 0 0 61 82 0 459 493 
9606.ENSP00000386444 9606.ENSP00000405252 0 0 0 0 0 0 252 252 
9606.ENSP00000386444 9606.ENSP00000231509 0 0 0 0 0 0 158 158 
9606.ENSP00000386444 9606.ENSP00000262483 0 0 0 0 129 0 160 237 
9606.ENSP00000386444 9606.ENSP00000350199 0 0 0 0 559 0 221 642 
9606.ENSP00000386444 9606.ENSP00000440643 0 0 0 0 64 0 189 208 
9606.ENSP00000386444 9606.ENSP00000263370 0 0 0 0 0 0 281 281 
9606.ENSP00000386444 9606.ENSP00000377353 0 0 0 0 193 0 558 628 
9606.ENSP00000386444 9606.ENSP00000410734 0 0 0 133 125 0 0 208 
9606.ENSP00000386444 9606.ENSP00000407545 0 0 0 0 125 0 72 154 
9606.ENSP00000386444 9606.ENSP00000369784 0 0 0 0 262 0 0 262 
9606.ENSP00000386444 9606.ENSP00000303452 0 0 0 0 0 0 251 251 
9606.ENSP00000386444 9606.ENSP00000406986 0 0 0 0 193 0 109 250 
9606.ENSP00000386444 9606.ENSP00000356587 0 0 0 0 0 0 163 163 
9606.ENSP00000386444 9606.ENSP00000378058 0 0 0 0 80 0 222 253 
9606.ENSP00000386444 9606.ENSP00000356908 0 0 0 0 193 0 101 243 
9606.ENSP00000386444 9606.ENSP00000383118 0 0 0 0 50 0 355 361 
9606.ENSP00000386444 9606.ENSP00000342793 0 0 0 0 0 0 426 426 
9606.ENSP00000386444 9606.ENSP00000230085 0 0 0 0 0 0 189 189 
9606.ENSP00000386444 9606.ENSP00000262613 0 0 0 0 0 0 418 418 
9606.ENSP00000386444 9606.ENSP00000441039 0 0 0 0 193 0 184 313 
9606.ENSP00000386444 9606.ENSP00000357986 0 0 0 0 0 0 222 222 
9606.ENSP00000386444 9606.ENSP00000421557 0 0 0 0 193 0 93 236 
9606.ENSP00000386444 9606.ENSP00000345347 0 0 0 0 0 0 150 150 
9606.ENSP00000386444 9606.ENSP00000246062 0 0 0 0 0 0 193 193 
9606.ENSP00000386444 9606.ENSP00000447378 0 0 0 0 0 0 258 258 
9606.ENSP00000386444 9606.ENSP00000482835 0 0 0 0 559 0 421 733 
9606.ENSP00000386444 9606.ENSP00000368190 0 0 0 0 127 0 208 279 
9606.ENSP00000386444 9606.ENSP00000394624 0 0 0 76 193 0 705 761 
9606.ENSP00000386444 9606.ENSP00000290349 0 0 0 0 0 0 159 159 
9606.ENSP00000386444 9606.ENSP00000385571 0 0 0 61 0 0 234 249 
9606.ENSP00000386444 9606.ENSP00000352836 0 0 0 76 125 0 0 156 
9606.ENSP00000386444 9606.ENSP00000423917 0 0 0 0 193 0 195 323 
9606.ENSP00000386444 9606.ENSP00000435300 0 0 0 181 0 0 0 181 
9606.ENSP00000386444 9606.ENSP00000371514 0 0 0 0 0 0 184 184 
9606.ENSP00000386444 9606.ENSP00000262494 0 0 0 61 84 0 131 187 
9606.ENSP00000386444 9606.ENSP00000253255 0 0 0 0 0 0 222 222 
9606.ENSP00000386444 9606.ENSP00000477455 0 0 0 0 0 0 187 187 
9606.ENSP00000386444 9606.ENSP00000336630 0 0 0 0 193 0 444 532 
9606.ENSP00000386444 9606.ENSP00000259818 0 0 0 0 746 0 0 746 
9606.ENSP00000386444 9606.ENSP00000370571 0 0 0 0 0 0 216 216 
9606.ENSP00000386444 9606.ENSP00000476499 0 0 0 283 125 0 0 345 
9606.ENSP00000386444 9606.ENSP00000468411 0 0 0 0 0 0 213 213 
9606.ENSP00000386444 9606.ENSP00000308578 0 0 0 89 125 0 0 168 
9606.ENSP00000386444 9606.ENSP00000011653 0 0 0 0 0 0 264 264 
9606.ENSP00000386444 9606.ENSP00000302079 0 0 0 0 0 0 284 284 
9606.ENSP00000386444 9606.ENSP00000427793 0 0 0 0 0 0 301 301 
9606.ENSP00000386444 9606.ENSP00000280155 0 0 0 0 193 0 477 560 
9606.ENSP00000386444 9606.ENSP00000435412 0 0 0 0 0 0 213 213 
9606.ENSP00000386444 9606.ENSP00000247005 0 0 0 0 0 0 211 211 
9606.ENSP00000386444 9606.ENSP00000263095 0 0 0 69 125 0 0 150 
9606.ENSP00000386444 9606.ENSP00000359663 0 0 0 0 193 0 118 258 
9606.ENSP00000386444 9606.ENSP00000348573 0 0 0 0 0 0 283 283 
9606.ENSP00000386444 9606.ENSP00000409667 0 0 0 0 0 0 176 176 
9606.ENSP00000386444 9606.ENSP00000307786 0 0 0 0 0 0 213 213 
9606.ENSP00000386444 9606.ENSP00000378408 0 0 0 0 0 0 303 303 
9606.ENSP00000386444 9606.ENSP00000348602 0 0 0 0 0 0 297 297 
9606.ENSP00000386444 9606.ENSP00000216455 0 0 0 0 0 0 345 345 
9606.ENSP00000386444 9606.ENSP00000306010 0 0 0 0 50 0 188 195 
9606.ENSP00000386444 9606.ENSP00000272321 0 0 0 175 0 0 0 175 
9606.ENSP00000386444 9606.ENSP00000360158 0 0 0 0 0 0 207 207 
9606.ENSP00000386444 9606.ENSP00000439807 0 0 0 0 0 0 171 171 
9606.ENSP00000386444 9606.ENSP00000382423 0 0 0 0 0 0 183 183 
9606.ENSP00000386444 9606.ENSP00000356416 0 0 0 0 0 0 279 279 
9606.ENSP00000386444 9606.ENSP00000332659 0 0 0 120 193 0 168 357 
9606.ENSP00000386444 9606.ENSP00000302476 0 0 0 0 0 0 152 152 
9606.ENSP00000386444 9606.ENSP00000335158 0 0 0 0 193 0 49 199 
9606.ENSP00000386444 9606.ENSP00000337949 0 0 0 0 193 0 355 457 
9606.ENSP00000386444 9606.ENSP00000226730 0 0 0 0 0 0 367 367 
9606.ENSP00000386444 9606.ENSP00000484618 0 0 0 62 0 0 146 164 
9606.ENSP00000386444 9606.ENSP00000340820 0 0 0 0 0 0 156 156 
9606.ENSP00000386444 9606.ENSP00000424183 0 0 0 0 0 0 265 265 
9606.ENSP00000386444 9606.ENSP00000303522 0 0 0 0 0 0 482 482 
9606.ENSP00000386444 9606.ENSP00000399970 0 0 0 0 157 0 57 171 
9606.ENSP00000386444 9606.ENSP00000325074 0 0 0 0 157 0 62 175 
9606.ENSP00000386444 9606.ENSP00000382684 0 0 0 0 0 0 266 266 
9606.ENSP00000386444 9606.ENSP00000356658 0 0 0 0 193 0 49 199 
9606.ENSP00000386444 9606.ENSP00000331411 0 0 0 0 80 0 116 151 
9606.ENSP00000386444 9606.ENSP00000378548 0 0 0 0 193 0 196 323 
9606.ENSP00000386444 9606.ENSP00000418009 0 0 0 0 0 0 208 208 
9606.ENSP00000386444 9606.ENSP00000367828 0 0 0 0 0 0 207 207 
9606.ENSP00000386444 9606.ENSP00000377936 0 0 0 0 157 0 50 164 
9606.ENSP00000386444 9606.ENSP00000266718 0 0 0 0 64 0 215 234 
9606.ENSP00000386444 9606.ENSP00000376889 0 0 0 61 0 0 133 151 
9606.ENSP00000386444 9606.ENSP00000367766 0 0 0 0 0 0 296 296 
9606.ENSP00000386444 9606.ENSP00000431418 0 0 0 0 78 0 164 196 
9606.ENSP00000386444 9606.ENSP00000355799 0 0 0 0 193 0 126 265 
9606.ENSP00000386444 9606.ENSP00000300574 0 0 0 55 0 0 167 179 
9606.ENSP00000386444 9606.ENSP00000477602 0 0 0 61 0 0 133 151 
9606.ENSP00000386444 9606.ENSP00000416561 0 0 0 0 0 0 189 189 
9606.ENSP00000386444 9606.ENSP00000440185 0 0 0 0 0 0 428 428 
9606.ENSP00000386444 9606.ENSP00000358301 0 0 0 0 193 0 546 618 
9606.ENSP00000386444 9606.ENSP00000359245 0 0 0 77 0 0 276 303 
9606.ENSP00000386444 9606.ENSP00000384932 0 0 0 0 193 0 158 291 
9606.ENSP00000386444 9606.ENSP00000249373 0 0 0 0 83 0 300 331 
9606.ENSP00000386444 9606.ENSP00000309597 0 0 0 0 78 0 187 218 
9606.ENSP00000386444 9606.ENSP00000479542 0 0 0 0 0 0 345 345 
9606.ENSP00000386444 9606.ENSP00000275198 0 0 0 0 193 0 127 265 
9606.ENSP00000386444 9606.ENSP00000279036 0 0 0 0 0 0 184 184 
9606.ENSP00000386444 9606.ENSP00000316244 0 0 0 0 193 0 330 436 
9606.ENSP00000386444 9606.ENSP00000481321 0 0 0 0 0 0 207 207 
9606.ENSP00000386444 9606.ENSP00000360502 0 0 0 61 86 0 327 372 
9606.ENSP00000386444 9606.ENSP00000365899 0 0 0 0 0 0 168 168 
9606.ENSP00000386444 9606.ENSP00000313391 0 0 0 0 0 0 323 323 
9606.ENSP00000386444 9606.ENSP00000440045 0 0 0 0 0 0 183 183 
9606.ENSP00000386444 9606.ENSP00000311609 0 0 0 0 226 0 0 226 
9606.ENSP00000386444 9606.ENSP00000426909 0 0 0 0 0 0 292 292 
9606.ENSP00000386444 9606.ENSP00000329200 0 0 0 0 0 0 189 189 
9606.ENSP00000386444 9606.ENSP00000353731 0 0 0 0 0 0 199 199 
9606.ENSP00000386444 9606.ENSP00000441832 0 0 0 0 193 0 49 199 
9606.ENSP00000386444 9606.ENSP00000355523 0 0 0 0 0 0 276 276 
9606.ENSP00000386444 9606.ENSP00000362680 0 0 0 0 78 0 779 788 
9606.ENSP00000386444 9606.ENSP00000386972 0 0 0 0 0 0 243 243 
9606.ENSP00000386444 9606.ENSP00000333203 0 0 0 0 0 0 171 171 
9606.ENSP00000386444 9606.ENSP00000306245 0 0 0 0 0 0 353 353 
9606.ENSP00000386444 9606.ENSP00000317686 0 0 0 95 125 0 0 174 
9606.ENSP00000386444 9606.ENSP00000476948 0 0 0 214 0 0 0 214 
9606.ENSP00000386444 9606.ENSP00000417161 0 0 0 0 0 0 231 231 
9606.ENSP00000386444 9606.ENSP00000262948 0 0 0 0 119 0 226 289 
9606.ENSP00000386444 9606.ENSP00000417196 0 0 0 181 0 0 0 181 
9606.ENSP00000386444 9606.ENSP00000316881 0 0 0 0 0 0 153 153 
9606.ENSP00000386444 9606.ENSP00000351957 0 0 0 0 0 0 161 161 
9606.ENSP00000386444 9606.ENSP00000378207 0 0 0 0 0 0 349 349 
9606.ENSP00000386444 9606.ENSP00000466058 0 0 0 0 0 0 205 205 
9606.ENSP00000386444 9606.ENSP00000366746 0 0 0 0 0 0 348 348 
9606.ENSP00000386444 9606.ENSP00000369965 0 0 0 0 0 0 223 223 
9606.ENSP00000386444 9606.ENSP00000354871 0 0 0 0 90 0 105 150 
9606.ENSP00000386444 9606.ENSP00000326366 0 0 0 52 0 0 218 226 
9606.ENSP00000386444 9606.ENSP00000298556 0 0 0 0 0 0 168 168 
9606.ENSP00000386444 9606.ENSP00000377140 0 0 0 61 0 0 338 352 
9606.ENSP00000386444 9606.ENSP00000462355 0 0 0 0 0 0 186 186 
9606.ENSP00000386444 9606.ENSP00000363118 0 0 0 0 157 0 57 171 
9606.ENSP00000386444 9606.ENSP00000431202 0 0 0 69 125 0 0 150 
9606.ENSP00000386444 9606.ENSP00000247461 0 0 0 0 0 0 163 163 
9606.ENSP00000386444 9606.ENSP00000479667 0 0 0 138 0 0 105 196 
9606.ENSP00000386444 9606.ENSP00000333800 0 0 0 0 0 0 206 206 
9606.ENSP00000386444 9606.ENSP00000342222 0 0 0 0 145 0 254 335 
9606.ENSP00000386444 9606.ENSP00000312999 0 0 0 61 84 0 149 204 
9606.ENSP00000386444 9606.ENSP00000003084 0 0 0 0 0 0 193 193 
9606.ENSP00000386444 9606.ENSP00000380247 0 0 0 0 0 0 330 330 
9606.ENSP00000386444 9606.ENSP00000362480 0 0 0 0 0 0 543 543 
9606.ENSP00000386444 9606.ENSP00000375656 0 0 0 76 125 0 0 156 
9606.ENSP00000386444 9606.ENSP00000261047 0 0 0 0 0 0 176 176 
9606.ENSP00000386444 9606.ENSP00000355627 0 0 0 0 0 0 258 258 
9606.ENSP00000386444 9606.ENSP00000433623 0 0 0 0 64 0 190 209 
9606.ENSP00000386444 9606.ENSP00000410466 0 0 0 70 125 0 0 151 
9606.ENSP00000386444 9606.ENSP00000293897 0 0 0 0 193 0 333 439 
9606.ENSP00000386444 9606.ENSP00000236147 0 0 0 0 0 0 188 188 
9606.ENSP00000386444 9606.ENSP00000245222 0 0 0 0 0 0 256 256 
9606.ENSP00000386444 9606.ENSP00000326967 0 0 0 102 125 0 0 180 
9606.ENSP00000386444 9606.ENSP00000316605 0 0 0 61 0 0 352 366 
9606.ENSP00000386444 9606.ENSP00000296096 0 0 0 185 0 0 0 185 
9606.ENSP00000386444 9606.ENSP00000366047 0 0 0 0 0 0 156 156 
9606.ENSP00000386444 9606.ENSP00000387310 0 0 0 0 0 0 167 167 
9606.ENSP00000386444 9606.ENSP00000380258 0 0 0 0 0 0 187 187 
9606.ENSP00000386444 9606.ENSP00000392024 0 0 0 89 125 0 0 168 
9606.ENSP00000386444 9606.ENSP00000363676 0 0 0 0 0 0 250 250 
9606.ENSP00000386444 9606.ENSP00000027335 0 0 0 0 0 0 188 188 
9606.ENSP00000386444 9606.ENSP00000365380 0 0 0 0 0 0 193 193 
9606.ENSP00000386444 9606.ENSP00000348089 0 0 0 0 0 0 187 187 
9606.ENSP00000386444 9606.ENSP00000398632 0 0 0 0 0 0 187 187 
9606.ENSP00000386444 9606.ENSP00000335544 0 0 0 0 193 0 508 586 
9606.ENSP00000386444 9606.ENSP00000375872 0 7 0 0 0 0 159 159 
9606.ENSP00000386444 9606.ENSP00000398698 0 0 0 0 0 0 330 330 
9606.ENSP00000386444 9606.ENSP00000413073 0 0 0 74 125 0 0 155 
9606.ENSP00000386444 9606.ENSP00000255262 0 0 0 0 193 0 200 327 
9606.ENSP00000386444 9606.ENSP00000345731 0 0 0 57 120 0 73 163 
9606.ENSP00000386444 9606.ENSP00000363641 0 0 0 0 0 0 381 381 
9606.ENSP00000386444 9606.ENSP00000433933 0 0 0 97 0 0 102 154 
9606.ENSP00000386444 9606.ENSP00000379140 0 0 0 0 0 0 557 557 
9606.ENSP00000386444 9606.ENSP00000262958 0 0 0 52 85 0 550 575 
9606.ENSP00000386444 9606.ENSP00000412178 0 0 0 0 0 0 391 391 
9606.ENSP00000386444 9606.ENSP00000217402 0 0 0 0 0 0 150 150 
9606.ENSP00000386444 9606.ENSP00000358945 0 0 0 0 193 0 310 419 
9606.ENSP00000386444 9606.ENSP00000277458 0 0 0 0 382 0 0 382 
9606.ENSP00000386444 9606.ENSP00000364028 0 0 0 0 0 0 250 250 
9606.ENSP00000386444 9606.ENSP00000365441 0 0 0 0 84 0 161 198 
9606.ENSP00000386444 9606.ENSP00000258418 0 0 0 0 0 0 159 159 
9606.ENSP00000386444 9606.ENSP00000382895 0 0 0 66 0 0 285 303 
9606.ENSP00000386444 9606.ENSP00000298316 0 0 0 0 50 0 420 425 
9606.ENSP00000386444 9606.ENSP00000176183 0 0 0 0 193 0 540 613 
9606.ENSP00000386444 9606.ENSP00000297977 0 0 0 0 0 0 207 207 
9606.ENSP00000386444 9606.ENSP00000270631 0 0 0 0 0 0 186 186 
9606.ENSP00000386444 9606.ENSP00000367930 0 0 0 0 193 0 133 270 
9606.ENSP00000386444 9606.ENSP00000264161 0 0 0 0 0 0 221 221 
9606.ENSP00000386444 9606.ENSP00000308576 0 0 0 0 50 0 172 179 
9606.ENSP00000386444 9606.ENSP00000372059 0 0 0 0 0 0 242 242 
9606.ENSP00000386444 9606.ENSP00000369647 0 0 0 0 0 0 290 290 
9606.ENSP00000386444 9606.ENSP00000264883 0 0 0 0 185 0 0 185 
9606.ENSP00000386444 9606.ENSP00000250498 0 0 0 0 0 0 216 216 
9606.ENSP00000386444 9606.ENSP00000251968 0 0 0 0 0 0 359 359 
9606.ENSP00000386444 9606.ENSP00000471516 0 0 0 76 125 0 0 156 
9606.ENSP00000386444 9606.ENSP00000295897 0 0 0 0 0 0 482 482 
9606.ENSP00000386444 9606.ENSP00000282091 0 0 0 0 0 0 552 552 
9606.ENSP00000386444 9606.ENSP00000358512 0 0 0 154 0 0 0 154 
9606.ENSP00000386444 9606.ENSP00000317955 0 0 0 0 0 0 345 345 
9606.ENSP00000386444 9606.ENSP00000354652 0 0 0 0 193 0 250 369 
9606.ENSP00000386444 9606.ENSP00000362965 0 0 0 0 0 0 381 381 
9606.ENSP00000386444 9606.ENSP00000369703 0 0 0 0 746 0 44 746 
9606.ENSP00000386444 9606.ENSP00000338783 0 0 0 151 0 0 0 151 
9606.ENSP00000386444 9606.ENSP00000451575 0 0 0 0 382 0 0 382 
9606.ENSP00000386444 9606.ENSP00000376808 0 0 0 0 686 0 62 692 
9606.ENSP00000386444 9606.ENSP00000265310 0 0 0 0 145 0 62 164 
9606.ENSP00000386444 9606.ENSP00000477856 0 0 0 0 0 0 165 165 
9606.ENSP00000386444 9606.ENSP00000391669 0 0 0 0 0 0 157 157 
9606.ENSP00000386444 9606.ENSP00000261890 0 0 0 0 50 0 441 446 
9606.ENSP00000386444 9606.ENSP00000265572 0 0 0 0 193 0 671 723 
9606.ENSP00000386444 9606.ENSP00000474412 0 0 0 88 0 0 312 345 
9606.ENSP00000386444 9606.ENSP00000449079 0 0 0 0 0 0 290 290 
9606.ENSP00000386444 9606.ENSP00000245983 0 0 0 0 0 0 212 212 
9606.ENSP00000386444 9606.ENSP00000337383 0 0 0 0 0 0 232 232 
9606.ENSP00000386444 9606.ENSP00000005340 0 0 0 61 126 0 538 588 
9606.ENSP00000386444 9606.ENSP00000337040 0 0 0 61 0 0 169 186 
9606.ENSP00000386444 9606.ENSP00000287380 0 0 0 0 0 0 167 167 
9606.ENSP00000386444 9606.ENSP00000288602 0 0 0 0 139 0 88 181 
9606.ENSP00000386444 9606.ENSP00000350198 0 0 0 98 193 0 353 488 
9606.ENSP00000386444 9606.ENSP00000335083 0 0 0 0 157 0 104 212 
9606.ENSP00000386444 9606.ENSP00000264538 0 0 0 0 0 0 152 152 
9606.ENSP00000386444 9606.ENSP00000269305 0 0 0 0 98 0 330 369 
9606.ENSP00000386444 9606.ENSP00000264255 0 0 0 0 0 0 189 189 
9606.ENSP00000386444 9606.ENSP00000409378 0 0 0 0 0 0 325 325 
9606.ENSP00000386444 9606.ENSP00000362299 0 0 0 0 0 0 250 250 
9606.ENSP00000386444 9606.ENSP00000414670 0 0 0 213 0 0 0 213 
9606.ENSP00000386444 9606.ENSP00000307900 0 0 0 55 0 0 196 208 
9606.ENSP00000386444 9606.ENSP00000371923 0 0 0 89 0 0 130 174 
9606.ENSP00000386444 9606.ENSP00000272928 0 0 0 0 193 0 671 723 
9606.ENSP00000386444 9606.ENSP00000411593 0 0 0 56 0 0 146 159 
9606.ENSP00000386444 9606.ENSP00000376686 0 0 0 0 0 0 188 188 
9606.ENSP00000386444 9606.ENSP00000400803 0 0 0 318 64 0 0 334 
9606.ENSP00000386444 9606.ENSP00000304767 0 0 0 0 0 0 221 221 
9606.ENSP00000386444 9606.ENSP00000441765 0 0 0 0 0 0 266 266 
9606.ENSP00000386444 9606.ENSP00000305631 0 0 0 0 0 0 174 174 
9606.ENSP00000386444 9606.ENSP00000387699 0 0 0 58 0 0 477 487 
9606.ENSP00000386444 9606.ENSP00000264033 0 0 0 61 0 0 176 193 
9606.ENSP00000386444 9606.ENSP00000296140 0 0 0 0 193 0 458 544 
9606.ENSP00000386444 9606.ENSP00000414921 0 0 0 0 0 0 349 349 
9606.ENSP00000386444 9606.ENSP00000415579 0 0 0 89 125 0 0 168 
9606.ENSP00000386444 9606.ENSP00000305372 0 0 0 0 193 0 705 752 
9606.ENSP00000386444 9606.ENSP00000255380 0 0 0 0 0 0 232 232 
9606.ENSP00000386444 9606.ENSP00000357301 0 0 0 64 193 0 113 272 
9606.ENSP00000386444 9606.ENSP00000473159 0 0 0 102 0 0 249 296 
9606.ENSP00000386444 9606.ENSP00000261889 0 0 0 0 0 0 355 355 
9606.ENSP00000386444 9606.ENSP00000285379 0 0 0 0 0 0 230 230 
9606.ENSP00000386444 9606.ENSP00000312286 0 0 0 0 0 0 211 211 
9606.ENSP00000386444 9606.ENSP00000307508 0 0 0 0 0 0 154 154 
9606.ENSP00000386444 9606.ENSP00000371927 0 0 0 0 193 0 68 215 
9606.ENSP00000386444 9606.ENSP00000477716 0 0 0 88 125 0 0 167 
9606.ENSP00000386444 9606.ENSP00000338185 0 0 0 0 131 0 161 240 
9606.ENSP00000386444 9606.ENSP00000435342 0 0 0 0 0 0 227 227 
9606.ENSP00000386444 9606.ENSP00000258456 0 0 0 0 193 0 52 203 
9606.ENSP00000386444 9606.ENSP00000356436 0 0 0 0 0 0 150 150 
9606.ENSP00000386444 9606.ENSP00000429562 0 0 0 0 0 0 153 153 
9606.ENSP00000386444 9606.ENSP00000382428 0 0 0 57 120 0 294 362 
9606.ENSP00000386444 9606.ENSP00000302665 0 0 0 0 0 0 302 302 
9606.ENSP00000386444 9606.ENSP00000432660 0 0 0 0 0 0 355 355 
9606.ENSP00000386444 9606.ENSP00000307234 0 0 0 311 0 0 0 311 
9606.ENSP00000386444 9606.ENSP00000342974 0 0 0 94 125 0 0 173 
9606.ENSP00000386444 9606.ENSP00000306884 0 0 0 0 0 0 420 420 
9606.ENSP00000386444 9606.ENSP00000429726 0 0 0 76 0 0 118 150 
9606.ENSP00000386444 9606.ENSP00000371333 0 0 0 248 0 0 0 248 
9606.ENSP00000386444 9606.ENSP00000298472 0 0 0 58 0 0 152 167 
9606.ENSP00000386444 9606.ENSP00000483903 0 0 0 77 0 0 142 174 
9606.ENSP00000386444 9606.ENSP00000164139 0 0 0 0 0 0 187 187 
9606.ENSP00000386444 9606.ENSP00000248564 0 0 0 63 0 0 131 150 
9606.ENSP00000386444 9606.ENSP00000328405 0 0 0 0 0 0 355 355 
9606.ENSP00000386444 9606.ENSP00000372750 0 0 0 0 0 0 262 262 
9606.ENSP00000386444 9606.ENSP00000351280 0 0 0 76 125 0 0 156 
9606.ENSP00000386444 9606.ENSP00000352572 0 0 0 0 0 0 260 260 
9606.ENSP00000386444 9606.ENSP00000284674 0 0 0 0 193 0 110 251 
9606.ENSP00000386444 9606.ENSP00000353720 0 0 0 0 0 0 206 206 
9606.ENSP00000386444 9606.ENSP00000457421 0 0 0 0 0 0 163 163 
9606.ENSP00000386444 9606.ENSP00000384869 0 0 0 0 330 0 80 357 
9606.ENSP00000386444 9606.ENSP00000314992 0 0 0 61 193 0 250 382 
9606.ENSP00000386444 9606.ENSP00000286548 0 0 0 52 85 0 368 404 
9606.ENSP00000386444 9606.ENSP00000298125 0 0 0 0 0 0 224 224 
9606.ENSP00000386444 9606.ENSP00000302234 0 0 0 0 0 0 187 187 
9606.ENSP00000386444 9606.ENSP00000367318 0 0 0 0 0 0 179 179 
9606.ENSP00000386444 9606.ENSP00000295731 0 0 0 0 157 0 200 297 
9606.ENSP00000386444 9606.ENSP00000308938 0 0 0 0 0 0 286 286 
9606.ENSP00000386444 9606.ENSP00000299766 0 0 0 0 193 0 256 374 
9606.ENSP00000386444 9606.ENSP00000361021 0 0 0 0 0 0 243 243 
9606.ENSP00000386444 9606.ENSP00000320935 0 0 0 98 0 0 219 265 
9606.ENSP00000386444 9606.ENSP00000296795 0 0 0 0 64 0 196 215 
9606.ENSP00000386444 9606.ENSP00000275493 0 0 0 0 0 0 494 494 
9606.ENSP00000386444 9606.ENSP00000305260 0 0 0 64 0 0 181 201 
9606.ENSP00000386444 9606.ENSP00000255008 0 0 0 0 193 0 296 408 
9606.ENSP00000386444 9606.ENSP00000265023 0 0 0 0 0 0 390 390 
9606.ENSP00000386444 9606.ENSP00000263233 0 0 0 55 0 0 290 300 
9606.ENSP00000386444 9606.ENSP00000220809 0 0 0 0 0 0 167 167 
9606.ENSP00000386444 9606.ENSP00000347689 0 0 0 99 86 0 245 324 
9606.ENSP00000386444 9606.ENSP00000265070 0 0 0 0 0 0 226 226 
9606.ENSP00000386444 9606.ENSP00000302486 0 0 0 0 119 0 403 451 
9606.ENSP00000386444 9606.ENSP00000480499 0 0 0 0 0 0 473 473 
9606.ENSP00000386444 9606.ENSP00000324806 0 0 0 0 80 0 273 303 
9606.ENSP00000386444 9606.ENSP00000353346 0 0 0 88 0 0 122 165 
9606.ENSP00000386444 9606.ENSP00000250018 0 0 0 98 0 0 193 240 
9606.ENSP00000386444 9606.ENSP00000386069 0 0 0 0 193 0 477 560 
9606.ENSP00000386444 9606.ENSP00000371532 0 0 0 48 85 0 197 239 
9606.ENSP00000386444 9606.ENSP00000249071 0 0 0 0 50 0 348 354 
9606.ENSP00000386444 9606.ENSP00000303394 0 0 0 0 0 0 186 186 
9606.ENSP00000386444 9606.ENSP00000302150 0 0 0 0 0 0 161 161 
9606.ENSP00000386444 9606.ENSP00000360798 0 0 0 0 0 0 431 431 
9606.ENSP00000386444 9606.ENSP00000322390 0 0 0 88 0 0 185 224 
9606.ENSP00000386444 9606.ENSP00000310301 0 0 0 0 125 0 72 154 
9606.ENSP00000386444 9606.ENSP00000364864 0 0 0 0 0 0 292 292 
9606.ENSP00000386444 9606.ENSP00000378642 0 0 0 69 125 0 0 150 
9606.ENSP00000386444 9606.ENSP00000330284 0 0 0 0 193 0 199 326 
9606.ENSP00000386444 9606.ENSP00000458791 0 0 0 0 193 0 49 199 
9606.ENSP00000386444 9606.ENSP00000302100 0 0 0 0 0 0 220 220 
9606.ENSP00000386444 9606.ENSP00000254854 0 0 0 61 0 0 342 356 
9606.ENSP00000386444 9606.ENSP00000309595 0 0 0 0 0 0 152 152 
9606.ENSP00000386444 9606.ENSP00000252660 0 0 0 98 193 0 55 252 
9606.ENSP00000386444 9606.ENSP00000268699 0 0 0 0 0 0 152 152 
9606.ENSP00000386444 9606.ENSP00000351042 0 0 0 70 125 0 0 151 
9606.ENSP00000386444 9606.ENSP00000300035 0 0 0 0 0 0 214 214 
9606.ENSP00000386444 9606.ENSP00000262238 0 0 0 0 125 0 222 290 
9606.ENSP00000386444 9606.ENSP00000401303 0 0 0 53 0 0 251 260 
9606.ENSP00000386444 9606.ENSP00000367830 0 0 0 0 78 0 138 171 
9606.ENSP00000386444 9606.ENSP00000397181 0 0 0 0 0 0 349 349 
9606.ENSP00000386444 9606.ENSP00000324890 0 0 0 50 0 0 186 193 
9606.ENSP00000386444 9606.ENSP00000363255 0 0 0 0 0 0 224 224 
9606.ENSP00000386444 9606.ENSP00000263923 0 0 0 0 0 0 212 212 
9606.ENSP00000386444 9606.ENSP00000355865 0 0 0 61 128 0 168 259 
9606.ENSP00000386444 9606.ENSP00000259607 0 0 0 0 0 0 349 349 
9606.ENSP00000386444 9606.ENSP00000287934 0 0 0 0 83 0 255 288 
9606.ENSP00000386444 9606.ENSP00000477908 0 0 0 0 0 0 187 187 
9606.ENSP00000386444 9606.ENSP00000480405 0 0 0 0 193 0 207 333 
9606.ENSP00000386444 9606.ENSP00000266041 0 0 0 0 0 0 187 187 
9606.ENSP00000386444 9606.ENSP00000469958 0 0 0 76 125 0 0 156 
9606.ENSP00000386444 9606.ENSP00000376886 0 0 0 61 0 0 133 151 
9606.ENSP00000386444 9606.ENSP00000429148 0 0 0 91 125 0 0 170 
9606.ENSP00000386444 9606.ENSP00000482482 0 0 0 151 0 0 0 151 
9606.ENSP00000386444 9606.ENSP00000308908 0 0 0 0 193 0 49 199 
9606.ENSP00000386444 9606.ENSP00000355533 0 0 0 0 0 0 228 228 
9606.ENSP00000386444 9606.ENSP00000395389 0 0 0 0 193 0 154 288 
9606.ENSP00000386444 9606.ENSP00000385118 0 0 0 0 0 0 167 167 
9606.ENSP00000386444 9606.ENSP00000310405 0 0 0 0 193 0 152 286 
9606.ENSP00000386444 9606.ENSP00000363431 0 0 0 0 193 0 195 323 
9606.ENSP00000386444 9606.ENSP00000306490 0 0 0 0 0 0 387 387 
9606.ENSP00000386444 9606.ENSP00000370990 0 0 0 271 0 0 0 271 
9606.ENSP00000386444 9606.ENSP00000345728 0 0 0 0 0 0 171 171 
9606.ENSP00000386444 9606.ENSP00000351805 0 0 0 0 193 0 652 707 
9606.ENSP00000386444 9606.ENSP00000454071 0 0 0 48 85 0 147 192 
9606.ENSP00000386444 9606.ENSP00000347754 0 0 0 0 0 0 205 205 
9606.ENSP00000386444 9606.ENSP00000239223 0 0 0 0 0 0 161 161 
9606.ENSP00000386444 9606.ENSP00000356150 0 0 0 123 130 0 233 363 
9606.ENSP00000386444 9606.ENSP00000303939 0 0 0 61 0 0 187 203 
9606.ENSP00000386444 9606.ENSP00000394248 0 0 0 139 125 0 0 214 
9606.ENSP00000386444 9606.ENSP00000254898 0 0 0 0 80 0 138 173 
9606.ENSP00000386444 9606.ENSP00000253794 0 0 0 0 0 0 165 165 
9606.ENSP00000386444 9606.ENSP00000340943 0 0 0 0 0 0 223 223 
9606.ENSP00000386444 9606.ENSP00000227451 0 0 0 0 157 0 128 234 
9606.ENSP00000386444 9606.ENSP00000464006 0 0 0 0 129 0 82 166 
9606.ENSP00000386444 9606.ENSP00000451030 0 0 0 0 0 0 196 196 
9606.ENSP00000386444 9606.ENSP00000391800 0 0 0 0 0 0 328 328 
9606.ENSP00000386444 9606.ENSP00000423550 0 0 0 0 0 0 188 188 
9606.ENSP00000386444 9606.ENSP00000322218 0 0 0 0 129 0 122 202 
9606.ENSP00000386444 9606.ENSP00000400175 0 0 0 0 50 0 441 446 
9606.ENSP00000386444 9606.ENSP00000305877 0 0 0 0 193 0 66 214 
9606.ENSP00000386444 9606.ENSP00000352121 0 0 0 61 0 0 216 232 
9606.ENSP00000386444 9606.ENSP00000292807 0 0 0 61 0 0 137 155 
9606.ENSP00000386444 9606.ENSP00000319060 0 0 0 0 194 0 83 229 
9606.ENSP00000386444 9606.ENSP00000287641 0 0 0 0 0 0 347 347 
9606.ENSP00000386444 9606.ENSP00000390179 0 0 0 115 125 0 0 192 
9606.ENSP00000386444 9606.ENSP00000356094 0 0 0 0 193 0 192 320 
9606.ENSP00000386444 9606.ENSP00000462667 0 0 0 0 0 0 186 186 
9606.ENSP00000386444 9606.ENSP00000379182 0 0 0 62 184 0 0 201 
9606.ENSP00000386444 9606.ENSP00000216160 0 0 0 0 53 0 228 237 
9606.ENSP00000386444 9606.ENSP00000262209 0 0 0 0 62 0 187 205 
9606.ENSP00000386444 9606.ENSP00000380308 0 0 0 0 0 0 256 256 
9606.ENSP00000386444 9606.ENSP00000264498 0 0 0 0 0 0 256 256 
9606.ENSP00000386444 9606.ENSP00000373620 0 0 0 0 0 0 262 262 
9606.ENSP00000386444 9606.ENSP00000326042 0 0 0 0 360 0 50 366 
9606.ENSP00000386444 9606.ENSP00000294304 0 0 0 48 85 0 189 231 
9606.ENSP00000386444 9606.ENSP00000389600 0 0 0 0 64 0 175 194 
9606.ENSP00000386444 9606.ENSP00000265062 0 0 0 0 0 0 347 347 
9606.ENSP00000386444 9606.ENSP00000339191 0 0 0 0 0 0 309 309 
9606.ENSP00000386444 9606.ENSP00000296511 0 0 0 0 0 0 163 163 
9606.ENSP00000386444 9606.ENSP00000305692 0 0 0 0 0 0 388 388 
9606.ENSP00000386444 9606.ENSP00000295683 0 0 0 61 193 0 353 467 
9606.ENSP00000386444 9606.ENSP00000386229 0 0 0 0 0 0 165 165 
9606.ENSP00000386444 9606.ENSP00000407763 0 0 0 201 0 0 0 201 
9606.ENSP00000386444 9606.ENSP00000384364 0 0 0 0 0 0 290 290 
9606.ENSP00000386444 9606.ENSP00000225577 0 0 0 0 0 0 211 211 
9606.ENSP00000386444 9606.ENSP00000376077 0 0 0 0 0 0 221 221 
9606.ENSP00000386444 9606.ENSP00000380432 0 0 0 0 0 0 473 473 
9606.ENSP00000386444 9606.ENSP00000223095 0 0 0 0 0 0 242 242 
9606.ENSP00000386444 9606.ENSP00000359793 0 0 0 0 193 0 127 265 
9606.ENSP00000386444 9606.ENSP00000480853 0 0 0 0 0 0 398 398 
9606.ENSP00000386444 9606.ENSP00000353654 0 0 0 0 0 0 309 309 
9606.ENSP00000386444 9606.ENSP00000353874 0 0 0 0 64 0 224 242 
9606.ENSP00000386444 9606.ENSP00000257068 0 0 0 0 193 0 279 393 
9606.ENSP00000386444 9606.ENSP00000304697 0 0 0 108 65 0 220 292 
9606.ENSP00000386444 9606.ENSP00000229307 0 0 0 135 0 0 77 168 
9606.ENSP00000386444 9606.ENSP00000355890 0 0 0 0 0 0 353 353 
9606.ENSP00000386444 9606.ENSP00000308541 0 0 0 0 0 0 377 377 
9606.ENSP00000386444 9606.ENSP00000396688 0 0 0 0 0 0 398 398 
9606.ENSP00000386444 9606.ENSP00000244537 0 0 0 0 0 0 186 186 
9606.ENSP00000386444 9606.ENSP00000296233 0 0 0 0 125 0 83 163 
9606.ENSP00000386444 9606.ENSP00000384223 0 0 0 0 0 0 161 161 
9606.ENSP00000386444 9606.ENSP00000244050 0 0 0 0 0 0 165 165 
9606.ENSP00000386444 9606.ENSP00000235382 0 0 0 0 0 0 350 350 
9606.ENSP00000386444 9606.ENSP00000439666 0 0 0 0 0 0 171 171 
9606.ENSP00000386444 9606.ENSP00000292530 0 0 0 207 125 0 0 276 
9606.ENSP00000386444 9606.ENSP00000373194 0 0 0 0 193 0 49 199 
9606.ENSP00000386444 9606.ENSP00000292174 0 0 0 0 193 0 250 369 
9606.ENSP00000386444 9606.ENSP00000280979 0 0 0 0 0 0 319 319 
9606.ENSP00000386444 9606.ENSP00000322924 0 0 0 0 193 0 173 304 
9606.ENSP00000386444 9606.ENSP00000292301 0 0 0 0 193 0 407 501 
9606.ENSP00000386444 9606.ENSP00000255266 0 0 0 344 86 0 430 628 
9606.ENSP00000386444 9606.ENSP00000361668 0 0 0 0 0 0 167 167 
9606.ENSP00000386444 9606.ENSP00000381129 0 0 0 62 0 0 728 734 
9606.ENSP00000386444 9606.ENSP00000282397 0 0 0 0 0 0 186 186 
9606.ENSP00000386444 9606.ENSP00000276414 0 0 0 0 0 0 388 388 
9606.ENSP00000386444 9606.ENSP00000445772 0 0 0 0 193 0 185 314 
9606.ENSP00000386444 9606.ENSP00000413079 0 0 0 0 0 0 187 187 
9606.ENSP00000386444 9606.ENSP00000302537 0 0 0 0 0 0 228 228 
9606.ENSP00000386444 9606.ENSP00000333539 0 0 0 299 0 0 0 299 
9606.ENSP00000386444 9606.ENSP00000262160 0 0 0 88 0 0 165 205 
9606.ENSP00000386444 9606.ENSP00000378792 0 0 0 69 125 0 0 150 
9606.ENSP00000386444 9606.ENSP00000375086 0 0 0 0 0 0 159 159 
9606.ENSP00000386444 9606.ENSP00000436714 0 0 0 0 193 0 97 240 
9606.ENSP00000386444 9606.ENSP00000437616 0 0 0 87 125 0 0 166 
9606.ENSP00000386444 9606.ENSP00000339001 0 0 0 0 398 0 46 401 
9606.ENSP00000386444 9606.ENSP00000359285 0 0 0 0 0 0 266 266 
9606.ENSP00000386444 9606.ENSP00000331201 0 0 0 0 0 0 288 288 
9606.ENSP00000386444 9606.ENSP00000384359 0 0 0 69 0 0 166 190 
9606.ENSP00000386444 9606.ENSP00000230990 0 0 0 61 0 0 211 227 
9606.ENSP00000386444 9606.ENSP00000309161 0 0 0 77 125 0 0 157 
9606.ENSP00000386444 9606.ENSP00000306625 0 0 0 0 0 0 165 165 
9606.ENSP00000386444 9606.ENSP00000302564 0 0 0 0 0 0 167 167 
9606.ENSP00000386444 9606.ENSP00000307822 0 0 0 0 193 0 217 341 
9606.ENSP00000386444 9606.ENSP00000384092 0 0 0 56 0 0 268 279 
9606.ENSP00000386444 9606.ENSP00000281187 0 0 0 0 0 0 333 333 
9606.ENSP00000386444 9606.ENSP00000262457 0 0 0 0 62 0 160 178 
9606.ENSP00000386444 9606.ENSP00000366093 0 0 0 0 0 0 306 306 
9606.ENSP00000386444 9606.ENSP00000371194 0 0 0 0 193 0 49 199 
9606.ENSP00000386444 9606.ENSP00000484852 0 0 0 79 125 0 0 159 
9606.ENSP00000386444 9606.ENSP00000328708 0 0 0 0 193 0 111 252 
9606.ENSP00000386444 9606.ENSP00000367408 0 0 0 57 262 0 65 292 
9606.ENSP00000386444 9606.ENSP00000340132 0 0 0 135 125 0 0 210 
9606.ENSP00000386444 9606.ENSP00000254976 0 0 0 0 0 0 196 196 
9606.ENSP00000386444 9606.ENSP00000373905 0 0 0 0 0 0 272 272 
9606.ENSP00000386444 9606.ENSP00000375066 0 0 0 0 193 0 420 512 
9606.ENSP00000386444 9606.ENSP00000362773 0 0 0 0 0 0 170 170 
9606.ENSP00000386444 9606.ENSP00000376753 0 0 0 0 0 0 212 212 
9606.ENSP00000386444 9606.ENSP00000384708 0 0 0 0 0 0 429 429 
9606.ENSP00000386444 9606.ENSP00000258098 0 0 0 0 0 0 151 151 
9606.ENSP00000386444 9606.ENSP00000228641 0 0 0 0 0 0 210 210 
9606.ENSP00000386444 9606.ENSP00000346348 0 0 0 98 125 0 0 177 
9606.ENSP00000386444 9606.ENSP00000233840 0 0 0 0 0 0 456 456 
9606.ENSP00000386444 9606.ENSP00000229135 0 0 0 0 0 0 185 185 
9606.ENSP00000386444 9606.ENSP00000387123 0 0 0 0 0 0 528 528 
9606.ENSP00000386444 9606.ENSP00000382595 0 0 0 0 0 0 227 227 
9606.ENSP00000386444 9606.ENSP00000369257 0 0 0 62 0 0 155 174 
9606.ENSP00000386444 9606.ENSP00000307235 0 0 0 0 0 0 373 373 
9606.ENSP00000386444 9606.ENSP00000302961 0 0 0 0 0 0 196 196 
9606.ENSP00000386444 9606.ENSP00000406209 0 0 0 61 0 0 361 375 
9606.ENSP00000386444 9606.ENSP00000261769 0 0 0 0 0 0 217 217 
9606.ENSP00000386444 9606.ENSP00000304501 0 0 0 0 193 0 327 434 
9606.ENSP00000386444 9606.ENSP00000277541 0 0 0 0 80 0 319 346 
9606.ENSP00000386444 9606.ENSP00000464443 0 0 0 0 0 0 175 175 
9606.ENSP00000386444 9606.ENSP00000231188 0 0 0 76 0 0 193 223 
9606.ENSP00000386444 9606.ENSP00000386456 0 0 0 61 0 0 189 206 
9606.ENSP00000386444 9606.ENSP00000344782 0 0 0 70 125 0 0 151 
9606.ENSP00000386444 9606.ENSP00000289902 0 0 0 62 158 0 0 176 
9606.ENSP00000386444 9606.ENSP00000332353 0 0 0 54 0 0 227 237 
9606.ENSP00000386444 9606.ENSP00000262367 0 0 0 61 157 0 211 320 
9606.ENSP00000386444 9606.ENSP00000479794 0 0 0 0 0 0 186 186 
9606.ENSP00000386444 9606.ENSP00000405330 0 0 0 0 0 0 197 197 
9606.ENSP00000386444 9606.ENSP00000264712 0 0 0 0 0 0 297 297 
9606.ENSP00000386444 9606.ENSP00000428994 0 0 0 0 0 0 168 168 
9606.ENSP00000386444 9606.ENSP00000233156 0 0 0 65 0 0 140 161 
9606.ENSP00000386444 9606.ENSP00000261707 0 0 0 0 0 0 167 167 
9606.ENSP00000386444 9606.ENSP00000341189 0 0 0 0 0 0 196 196 
9606.ENSP00000386444 9606.ENSP00000260408 0 0 0 0 0 0 170 170 
9606.ENSP00000386444 9606.ENSP00000335153 0 0 0 0 0 0 199 199 
9606.ENSP00000386444 9606.ENSP00000377783 0 0 0 0 0 0 198 198 
9606.ENSP00000386444 9606.ENSP00000464976 0 0 0 125 125 0 0 201 
9606.ENSP00000386444 9606.ENSP00000434034 0 0 0 0 83 0 542 562 
9606.ENSP00000386444 9606.ENSP00000345785 0 0 0 0 83 0 299 330 
9606.ENSP00000386444 9606.ENSP00000418719 0 0 0 71 125 0 0 152 
9606.ENSP00000386444 9606.ENSP00000358363 0 0 0 0 0 0 161 161 
9606.ENSP00000386444 9606.ENSP00000390436 0 0 0 0 125 0 236 302 
9606.ENSP00000386444 9606.ENSP00000399745 0 0 0 0 379 0 241 508 
9606.ENSP00000386444 9606.ENSP00000286355 0 0 0 0 0 0 286 286 
9606.ENSP00000386444 9606.ENSP00000379689 0 0 0 88 125 0 0 167 
9606.ENSP00000386444 9606.ENSP00000266970 0 0 0 0 0 0 160 160 
9606.ENSP00000386444 9606.ENSP00000362353 0 0 0 62 0 0 441 453 
9606.ENSP00000386444 9606.ENSP00000357651 0 0 0 0 261 0 0 261 
9606.ENSP00000386444 9606.ENSP00000261479 0 0 0 0 0 0 295 295 
9606.ENSP00000386444 9606.ENSP00000264057 0 11 0 0 0 0 563 563 
9606.ENSP00000386444 9606.ENSP00000354621 0 0 0 0 0 0 171 171 
9606.ENSP00000386444 9606.ENSP00000251413 0 0 0 0 179 0 56 191 
9606.ENSP00000386444 9606.ENSP00000378897 0 0 0 0 157 0 57 171 
9606.ENSP00000386444 9606.ENSP00000300098 0 0 0 0 0 0 668 668 
9606.ENSP00000386444 9606.ENSP00000265171 0 0 0 48 85 0 454 482 
9606.ENSP00000386444 9606.ENSP00000234831 0 0 0 0 0 0 204 204 
9606.ENSP00000386444 9606.ENSP00000351905 0 0 0 0 80 0 222 253 
9606.ENSP00000386444 9606.ENSP00000435370 0 0 0 0 65 0 187 207 
9606.ENSP00000386444 9606.ENSP00000223459 0 0 0 88 125 0 0 167 
9606.ENSP00000386444 9606.ENSP00000479762 0 0 0 0 0 0 330 330 
9606.ENSP00000386444 9606.ENSP00000319053 0 0 0 0 125 0 97 176 
9606.ENSP00000386444 9606.ENSP00000231449 0 0 0 0 0 0 278 278 
9606.ENSP00000386444 9606.ENSP00000215754 0 0 0 118 0 0 136 205 
9606.ENSP00000386444 9606.ENSP00000302811 0 0 0 0 193 0 319 427 
9606.ENSP00000386444 9606.ENSP00000380876 0 0 0 0 0 0 249 249 
9606.ENSP00000386444 9606.ENSP00000369238 0 0 0 153 0 0 0 153 
9606.ENSP00000386444 9606.ENSP00000349967 0 0 0 0 193 0 207 333 
9606.ENSP00000386444 9606.ENSP00000416662 0 0 0 135 125 0 0 210 
9606.ENSP00000386444 9606.ENSP00000380008 0 0 0 0 193 0 328 435 
9606.ENSP00000386444 9606.ENSP00000229264 0 0 0 64 0 0 212 231 
9606.ENSP00000386444 9606.ENSP00000383558 0 0 0 62 0 0 299 314 
9606.ENSP00000386444 9606.ENSP00000433295 0 0 0 76 0 0 287 313 
9606.ENSP00000386444 9606.ENSP00000344115 0 0 0 0 0 0 318 318 
9606.ENSP00000386444 9606.ENSP00000379721 0 0 0 130 0 0 212 285 
9606.ENSP00000386444 9606.ENSP00000380958 0 0 0 0 0 0 301 301 
9606.ENSP00000386444 9606.ENSP00000342007 0 0 0 155 0 0 0 155 
9606.ENSP00000386444 9606.ENSP00000360200 0 0 0 57 120 0 89 178 
9606.ENSP00000386444 9606.ENSP00000330696 0 0 0 59 0 0 195 210 
9606.ENSP00000386444 9606.ENSP00000360255 0 0 0 0 193 0 131 268 
9606.ENSP00000386444 9606.ENSP00000478345 0 0 0 77 125 0 0 157 
9606.ENSP00000386444 9606.ENSP00000472620 0 0 0 153 0 0 510 567 
9606.ENSP00000386444 9606.ENSP00000261892 0 0 0 49 0 0 278 284 
9606.ENSP00000386444 9606.ENSP00000318585 0 0 0 0 0 0 203 203 
9606.ENSP00000386444 9606.ENSP00000366604 0 0 0 0 50 0 188 195 
9606.ENSP00000386444 9606.ENSP00000263967 0 0 0 61 0 0 221 237 
9606.ENSP00000386444 9606.ENSP00000378306 0 0 0 0 90 0 159 201 
9606.ENSP00000386444 9606.ENSP00000359829 0 0 0 0 0 0 405 405 
9606.ENSP00000386444 9606.ENSP00000294016 0 0 0 0 0 0 323 323 
9606.ENSP00000386444 9606.ENSP00000265689 0 0 0 0 0 0 347 347 
9606.ENSP00000386444 9606.ENSP00000306512 0 0 0 0 0 0 354 354 
9606.ENSP00000386444 9606.ENSP00000329684 0 0 0 0 193 0 135 272 
9606.ENSP00000386444 9606.ENSP00000311032 0 0 0 0 0 0 292 292 
9606.ENSP00000386444 9606.ENSP00000327513 0 0 0 0 0 0 187 187 
9606.ENSP00000386444 9606.ENSP00000451605 0 0 0 61 193 0 249 381 
9606.ENSP00000386444 9606.ENSP00000261837 0 0 0 64 0 0 158 178 
9606.ENSP00000386444 9606.ENSP00000358918 0 0 0 0 0 0 187 187 
9606.ENSP00000386444 9606.ENSP00000360076 0 0 0 0 0 0 165 165 
9606.ENSP00000386444 9606.ENSP00000292928 0 0 0 91 125 0 0 170 
9606.ENSP00000386444 9606.ENSP00000412237 0 0 0 65 0 0 298 315 
9606.ENSP00000386444 9606.ENSP00000286201 0 0 0 0 83 0 311 341 
9606.ENSP00000386444 9606.ENSP00000400459 0 0 0 0 0 0 396 396 
9606.ENSP00000386444 9606.ENSP00000468897 0 0 0 0 193 0 405 499 
9606.ENSP00000386444 9606.ENSP00000295269 0 0 0 175 85 0 0 212 
9606.ENSP00000386444 9606.ENSP00000301244 0 0 0 0 0 0 164 164 
9606.ENSP00000386444 9606.ENSP00000363435 0 0 0 0 0 0 185 185 
9606.ENSP00000386444 9606.ENSP00000454062 0 0 0 214 0 0 480 574 
9606.ENSP00000386444 9606.ENSP00000430711 0 0 0 0 193 0 641 698 
9606.ENSP00000386444 9606.ENSP00000257626 0 0 0 0 0 0 169 169 
9606.ENSP00000386444 9606.ENSP00000334851 0 0 0 0 0 0 167 167 
9606.ENSP00000386444 9606.ENSP00000412886 0 0 0 0 157 0 64 177 
9606.ENSP00000386444 9606.ENSP00000363748 0 0 0 0 193 0 164 296 
9606.ENSP00000386444 9606.ENSP00000340944 0 0 0 61 0 0 197 213 
9606.ENSP00000386444 9606.ENSP00000385780 0 0 0 0 0 0 523 523 
9606.ENSP00000386444 9606.ENSP00000349960 0 0 0 0 0 0 197 197 
9606.ENSP00000386444 9606.ENSP00000436682 0 0 0 0 0 0 221 221 
9606.ENSP00000386444 9606.ENSP00000343428 0 0 0 0 0 0 420 420 
9606.ENSP00000386444 9606.ENSP00000358770 0 0 0 0 0 0 189 189 
9606.ENSP00000386444 9606.ENSP00000232461 0 0 0 124 84 900 433 948 
9606.ENSP00000386444 9606.ENSP00000260600 0 0 0 0 0 0 292 292 
9606.ENSP00000386444 9606.ENSP00000444412 0 0 0 125 125 0 0 201 
9606.ENSP00000386444 9606.ENSP00000246115 0 0 0 0 0 0 400 400 
9606.ENSP00000386444 9606.ENSP00000312834 0 0 0 0 0 0 294 294 
9606.ENSP00000386444 9606.ENSP00000257904 0 0 0 0 0 0 185 185 
9606.ENSP00000386444 9606.ENSP00000292303 0 0 0 0 193 0 497 577 
9606.ENSP00000386444 9606.ENSP00000369960 0 0 0 0 193 0 477 560 
9606.ENSP00000386444 9606.ENSP00000299178 0 0 0 0 193 0 274 389 
9606.ENSP00000386444 9606.ENSP00000267257 0 0 0 0 0 0 212 212 
9606.ENSP00000386444 9606.ENSP00000379098 0 0 0 0 194 0 62 211 
9606.ENSP00000386444 9606.ENSP00000245157 0 0 0 0 0 0 154 154 
9606.ENSP00000386444 9606.ENSP00000317272 0 0 0 0 78 0 158 190 
9606.ENSP00000386444 9606.ENSP00000437849 0 0 0 0 0 0 163 163 
9606.ENSP00000386444 9606.ENSP00000336790 0 0 0 0 0 0 231 231 
9606.ENSP00000386444 9606.ENSP00000393260 0 0 0 69 125 0 0 150 
9606.ENSP00000386444 9606.ENSP00000358582 0 0 0 0 559 0 73 573 
9606.ENSP00000386444 9606.ENSP00000320295 0 0 0 0 348 0 133 410 
9606.ENSP00000386444 9606.ENSP00000437402 0 0 0 0 0 0 309 309 
9606.ENSP00000386444 9606.ENSP00000302603 0 0 0 213 125 0 0 281 
9606.ENSP00000386444 9606.ENSP00000293502 0 0 0 61 0 0 208 224 
9606.ENSP00000386444 9606.ENSP00000281537 0 0 0 55 0 0 284 294 
9606.ENSP00000386444 9606.ENSP00000350256 0 0 0 0 193 0 159 292 
9606.ENSP00000386444 9606.ENSP00000294954 0 0 0 0 0 0 412 412 
9606.ENSP00000386444 9606.ENSP00000298223 0 0 0 0 193 0 60 209 
9606.ENSP00000386444 9606.ENSP00000369757 0 0 0 0 0 0 164 164 
9606.ENSP00000386444 9606.ENSP00000330221 0 0 0 0 226 0 0 226 
9606.ENSP00000386444 9606.ENSP00000299798 0 0 0 0 85 0 228 263 
9606.ENSP00000386444 9606.ENSP00000369586 0 0 0 0 0 0 265 265 
9606.ENSP00000386444 9606.ENSP00000472969 0 0 0 98 125 0 0 177 
9606.ENSP00000386444 9606.ENSP00000363832 0 0 0 0 0 0 203 203 
9606.ENSP00000386444 9606.ENSP00000298110 0 0 0 0 193 0 49 199 
9606.ENSP00000386444 9606.ENSP00000358955 0 0 0 0 80 0 171 204 
9606.ENSP00000386444 9606.ENSP00000309493 0 0 0 0 0 0 474 474 
9606.ENSP00000386444 9606.ENSP00000432083 0 0 0 0 0 0 153 153 
9606.ENSP00000386444 9606.ENSP00000481185 0 0 0 0 0 0 340 340 
9606.ENSP00000386444 9606.ENSP00000450310 0 0 0 0 193 0 218 342 
9606.ENSP00000386444 9606.ENSP00000386213 0 0 0 127 188 0 126 327 
9606.ENSP00000386444 9606.ENSP00000263915 0 0 0 0 0 0 232 232 
9606.ENSP00000386444 9606.ENSP00000302676 0 0 0 0 193 0 49 199 
9606.ENSP00000386444 9606.ENSP00000384421 0 0 0 0 0 0 163 163 
9606.ENSP00000386444 9606.ENSP00000417273 0 0 0 0 0 0 181 181 
9606.ENSP00000386444 9606.ENSP00000297494 0 0 0 0 0 0 309 309 
9606.ENSP00000386444 9606.ENSP00000464342 0 0 0 0 0 0 173 173 
9606.ENSP00000386444 9606.ENSP00000234313 0 0 0 0 0 0 342 342 
9606.ENSP00000386444 9606.ENSP00000268035 0 0 0 0 78 0 320 346 
9606.ENSP00000386444 9606.ENSP00000427279 0 0 0 0 0 0 222 222 
9606.ENSP00000386444 9606.ENSP00000199280 0 0 0 0 0 0 224 224 
9606.ENSP00000386444 9606.ENSP00000242261 0 0 0 0 0 0 241 241 
9606.ENSP00000386444 9606.ENSP00000308925 0 0 0 74 64 0 172 219 
9606.ENSP00000386444 9606.ENSP00000264832 0 0 0 0 0 0 216 216 
9606.ENSP00000386444 9606.ENSP00000318197 0 0 0 0 360 0 50 366 
9606.ENSP00000386444 9606.ENSP00000442046 0 0 0 0 0 0 290 290 
9606.ENSP00000386444 9606.ENSP00000367301 0 0 0 0 0 0 347 347 
9606.ENSP00000386444 9606.ENSP00000248437 0 0 0 0 799 0 43 799 
9606.ENSP00000386444 9606.ENSP00000261980 0 0 0 0 0 0 294 294 
9606.ENSP00000386444 9606.ENSP00000405841 0 0 0 0 64 0 260 277 
9606.ENSP00000386444 9606.ENSP00000331577 0 0 0 100 125 0 0 178 
9606.ENSP00000386444 9606.ENSP00000297313 0 0 0 0 0 0 288 288 
9606.ENSP00000386444 9606.ENSP00000341159 0 0 0 0 0 0 198 198 
9606.ENSP00000386444 9606.ENSP00000485582 0 0 0 0 0 0 203 203 
9606.ENSP00000386444 9606.ENSP00000276571 0 0 0 0 0 0 367 367 
9606.ENSP00000386444 9606.ENSP00000363804 0 0 0 0 125 0 84 164 
9606.ENSP00000386444 9606.ENSP00000245932 0 0 0 0 0 0 169 169 
9606.ENSP00000386444 9606.ENSP00000441831 0 0 0 0 0 0 313 313 
9606.ENSP00000386444 9606.ENSP00000265944 0 0 0 83 188 0 126 292 
9606.ENSP00000386444 9606.ENSP00000472316 0 0 0 0 193 0 333 439 
9606.ENSP00000386444 9606.ENSP00000368966 0 0 0 63 126 0 164 256 
9606.ENSP00000386444 9606.ENSP00000328472 0 0 0 0 0 0 416 416 
9606.ENSP00000386444 9606.ENSP00000354040 0 0 0 0 0 0 294 294 
9606.ENSP00000386444 9606.ENSP00000251337 0 0 0 64 84 0 482 517 
9606.ENSP00000386444 9606.ENSP00000249923 0 0 0 0 347 0 0 347 
9606.ENSP00000386444 9606.ENSP00000379228 0 0 0 0 0 0 210 210 
9606.ENSP00000386444 9606.ENSP00000367263 0 0 0 0 0 0 187 187 
9606.ENSP00000386444 9606.ENSP00000468049 0 0 0 98 125 0 0 177 
9606.ENSP00000386444 9606.ENSP00000229771 0 0 0 62 0 0 376 390 
9606.ENSP00000386444 9606.ENSP00000341083 0 0 0 0 0 0 203 203 
9606.ENSP00000386444 9606.ENSP00000278282 0 0 0 0 0 0 186 186 
9606.ENSP00000386444 9606.ENSP00000257600 0 0 0 0 157 0 148 251 
9606.ENSP00000386444 9606.ENSP00000357552 0 0 0 141 0 0 128 218 
9606.ENSP00000386444 9606.ENSP00000480012 0 0 0 0 193 0 433 523 
9606.ENSP00000386444 9606.ENSP00000230361 0 0 0 63 0 0 329 345 
9606.ENSP00000386444 9606.ENSP00000363064 0 0 0 0 125 0 86 166 
9606.ENSP00000386444 9606.ENSP00000337128 0 0 0 0 0 0 165 165 
9606.ENSP00000386444 9606.ENSP00000288139 0 0 0 88 84 0 86 169 
9606.ENSP00000386444 9606.ENSP00000312082 0 0 0 0 64 0 188 207 
9606.ENSP00000386444 9606.ENSP00000302441 0 0 0 0 0 0 244 244 
9606.ENSP00000386444 9606.ENSP00000305941 0 0 0 0 0 0 156 156 
9606.ENSP00000386444 9606.ENSP00000266395 0 0 0 117 0 0 347 399 
9606.ENSP00000386444 9606.ENSP00000227507 0 0 0 0 0 0 195 195 
9606.ENSP00000386444 9606.ENSP00000249016 0 0 0 0 193 0 273 388 
9606.ENSP00000386444 9606.ENSP00000415941 0 0 0 0 0 0 400 400 
9606.ENSP00000386444 9606.ENSP00000438492 0 0 0 0 226 0 0 226 
9606.ENSP00000386444 9606.ENSP00000219070 0 0 0 0 0 0 195 195 
9606.ENSP00000386444 9606.ENSP00000368169 0 0 0 61 126 0 244 325 
9606.ENSP00000386444 9606.ENSP00000286758 0 0 0 0 0 0 189 189 
9606.ENSP00000386444 9606.ENSP00000330341 0 0 0 0 227 0 151 315 
9606.ENSP00000386444 9606.ENSP00000483825 0 0 0 0 167 0 214 317 
9606.ENSP00000386444 9606.ENSP00000275200 0 0 0 0 193 0 81 227 
9606.ENSP00000386444 9606.ENSP00000365014 0 0 0 76 0 0 123 155 
9606.ENSP00000386444 9606.ENSP00000393333 0 0 0 0 193 0 216 340 
9606.ENSP00000386444 9606.ENSP00000444747 0 0 0 88 125 0 0 167 
9606.ENSP00000386444 9606.ENSP00000364731 0 0 0 0 0 0 246 246 
9606.ENSP00000386444 9606.ENSP00000434830 0 0 0 65 129 0 72 178 
9606.ENSP00000386444 9606.ENSP00000332812 0 0 0 0 0 0 150 150 
9606.ENSP00000386444 9606.ENSP00000361120 0 0 0 0 0 0 213 213 
9606.ENSP00000386444 9606.ENSP00000377784 0 0 0 62 0 0 459 470 
9606.ENSP00000386444 9606.ENSP00000422753 0 0 0 0 0 0 197 197 
9606.ENSP00000386444 9606.ENSP00000455215 0 0 0 0 0 0 150 150 
9606.ENSP00000386444 9606.ENSP00000282561 0 0 0 0 0 0 165 165 
9606.ENSP00000386444 9606.ENSP00000229955 0 0 0 0 193 0 100 243 
9606.ENSP00000386444 9606.ENSP00000315011 0 0 0 0 193 0 390 486 
9606.ENSP00000386444 9606.ENSP00000419422 0 0 0 0 193 0 655 710 
9606.ENSP00000386444 9606.ENSP00000363089 0 0 0 0 64 0 294 310 
9606.ENSP00000386444 9606.ENSP00000296099 0 0 0 0 0 0 158 158 
9606.ENSP00000386444 9606.ENSP00000256857 0 0 0 0 0 0 165 165 
9606.ENSP00000386444 9606.ENSP00000305651 0 0 0 0 0 0 211 211 
9606.ENSP00000386444 9606.ENSP00000243673 0 0 0 70 193 0 83 252 
9606.ENSP00000386444 9606.ENSP00000347168 0 0 0 0 0 0 186 186 
9606.ENSP00000386444 9606.ENSP00000328818 0 0 0 0 0 0 188 188 
9606.ENSP00000386444 9606.ENSP00000241052 0 0 0 0 0 0 168 168 
9606.ENSP00000386444 9606.ENSP00000363553 0 0 0 0 193 0 297 409 
9606.ENSP00000386444 9606.ENSP00000304783 0 0 0 0 0 0 349 349 
9606.ENSP00000386444 9606.ENSP00000261523 0 0 0 0 0 0 193 193 
9606.ENSP00000386444 9606.ENSP00000462647 0 0 0 0 0 0 211 211 
9606.ENSP00000386444 9606.ENSP00000440365 0 0 0 76 125 0 0 156 
9606.ENSP00000386444 9606.ENSP00000335074 0 0 0 0 0 0 325 325 
9606.ENSP00000386444 9606.ENSP00000372035 0 0 0 0 0 0 230 230 
9606.ENSP00000386444 9606.ENSP00000251102 0 0 0 64 0 0 347 362 
9606.ENSP00000386444 9606.ENSP00000261170 0 0 0 0 0 0 173 173 
9606.ENSP00000386444 9606.ENSP00000334134 0 0 0 0 0 0 479 479 
9606.ENSP00000386444 9606.ENSP00000370034 0 0 0 0 64 0 199 218 
9606.ENSP00000386444 9606.ENSP00000395708 0 0 0 0 0 0 539 539 
9606.ENSP00000386444 9606.ENSP00000264071 0 0 0 0 398 0 0 398 
9606.ENSP00000386444 9606.ENSP00000369643 0 0 0 0 193 0 227 350 
9606.ENSP00000386444 9606.ENSP00000418447 0 0 0 0 165 0 244 342 
9606.ENSP00000386444 9606.ENSP00000311825 0 0 0 0 0 0 213 213 
9606.ENSP00000386444 9606.ENSP00000350223 0 0 0 0 0 0 167 167 
9606.ENSP00000386444 9606.ENSP00000313681 0 0 0 0 0 0 256 256 
9606.ENSP00000386444 9606.ENSP00000233242 0 0 0 0 0 0 186 186 
9606.ENSP00000386444 9606.ENSP00000379823 0 0 0 54 0 0 311 320 
9606.ENSP00000386444 9606.ENSP00000321999 0 0 0 0 0 0 530 530 
9606.ENSP00000386444 9606.ENSP00000358867 0 0 0 61 84 0 108 166 
9606.ENSP00000386444 9606.ENSP00000404100 0 0 0 0 0 0 212 212 
9606.ENSP00000386444 9606.ENSP00000379258 0 0 0 0 125 0 168 240 
9606.ENSP00000386444 9606.ENSP00000267377 0 0 0 0 193 0 275 389 
9606.ENSP00000386444 9606.ENSP00000384387 0 0 0 0 193 0 172 304 
9606.ENSP00000386444 9606.ENSP00000360316 0 0 0 0 0 0 345 345 
9606.ENSP00000386444 9606.ENSP00000229795 0 0 0 0 82 0 316 345 
9606.ENSP00000386444 9606.ENSP00000292513 0 0 0 0 193 0 239 359 
9606.ENSP00000386444 9606.ENSP00000332504 0 0 0 0 193 0 173 304 
9606.ENSP00000386444 9606.ENSP00000253796 0 0 0 0 0 0 169 169 
9606.ENSP00000386444 9606.ENSP00000317578 0 0 0 0 0 0 761 761 
9606.ENSP00000386444 9606.ENSP00000301420 0 0 0 0 0 0 166 166 
9606.ENSP00000386444 9606.ENSP00000304895 0 0 0 0 0 0 171 171 
9606.ENSP00000386444 9606.ENSP00000261405 0 0 0 0 0 0 216 216 
9606.ENSP00000386444 9606.ENSP00000367123 0 0 0 0 0 0 187 187 
9606.ENSP00000386444 9606.ENSP00000381293 0 0 0 0 0 0 594 594 
9606.ENSP00000386444 9606.ENSP00000364965 0 0 0 0 0 0 231 231 
9606.ENSP00000386444 9606.ENSP00000377633 0 0 0 0 0 0 240 240 
9606.ENSP00000386444 9606.ENSP00000362795 0 0 0 0 193 0 355 457 
9606.ENSP00000386444 9606.ENSP00000430774 0 0 0 0 165 0 57 178 
9606.ENSP00000386444 9606.ENSP00000331746 0 0 0 61 0 0 267 282 
9606.ENSP00000386444 9606.ENSP00000354394 0 0 0 0 0 0 163 163 
9606.ENSP00000386444 9606.ENSP00000307004 0 0 0 0 0 0 420 420 
9606.ENSP00000386444 9606.ENSP00000353393 0 0 0 61 0 0 214 230 
9606.ENSP00000386444 9606.ENSP00000306662 0 0 0 0 477 0 478 715 
9606.ENSP00000386444 9606.ENSP00000387907 0 0 0 69 0 0 125 150 
9606.ENSP00000386444 9606.ENSP00000478212 0 0 0 0 0 0 313 313 
9606.ENSP00000386444 9606.ENSP00000333326 0 0 0 0 262 0 0 262 
9606.ENSP00000386444 9606.ENSP00000349003 0 0 0 0 193 0 249 368 
9606.ENSP00000386444 9606.ENSP00000381089 0 0 0 214 0 0 0 214 
9606.ENSP00000386444 9606.ENSP00000380866 0 0 0 73 125 0 0 154 
9606.ENSP00000386444 9606.ENSP00000421280 0 0 0 62 124 0 63 162 
9606.ENSP00000386444 9606.ENSP00000296271 0 0 0 612 865 900 949 999 
9606.ENSP00000386444 9606.ENSP00000318697 0 0 0 0 261 0 0 261 
9606.ENSP00000386444 9606.ENSP00000301917 0 0 0 0 193 0 49 199 
9606.ENSP00000386444 9606.ENSP00000461007 0 0 0 0 145 0 268 347 
9606.ENSP00000386444 9606.ENSP00000405575 0 0 0 53 0 0 212 221 
9606.ENSP00000386444 9606.ENSP00000381070 0 0 0 0 0 0 420 420 
9606.ENSP00000386444 9606.ENSP00000363136 0 0 0 0 193 0 370 470 
9606.ENSP00000386444 9606.ENSP00000426022 0 0 0 62 0 0 186 204 
9606.ENSP00000386444 9606.ENSP00000219235 0 0 0 88 0 0 143 185 
9606.ENSP00000386444 9606.ENSP00000354607 0 0 0 0 83 0 137 175 
9606.ENSP00000386444 9606.ENSP00000386289 0 0 0 0 0 0 159 159 
9606.ENSP00000386444 9606.ENSP00000433560 0 0 0 0 0 0 237 237 
9606.ENSP00000386444 9606.ENSP00000404718 0 0 0 0 0 0 349 349 
9606.ENSP00000386444 9606.ENSP00000436607 0 0 0 0 0 0 160 160 
9606.ENSP00000386444 9606.ENSP00000445683 0 0 0 0 0 0 265 265 
9606.ENSP00000386444 9606.ENSP00000327417 0 0 0 0 193 0 360 461 
9606.ENSP00000386444 9606.ENSP00000394560 0 0 0 61 82 0 259 306 
9606.ENSP00000386444 9606.ENSP00000368876 0 0 0 177 0 0 0 177 
9606.ENSP00000386444 9606.ENSP00000323901 0 0 0 0 83 0 351 380 
9606.ENSP00000386444 9606.ENSP00000324960 0 0 0 88 0 0 145 186 
9606.ENSP00000386444 9606.ENSP00000354558 0 0 0 0 0 0 242 242 
9606.ENSP00000386444 9606.ENSP00000427336 0 0 0 0 0 0 239 239 
9606.ENSP00000386444 9606.ENSP00000368516 0 0 0 0 64 0 201 220 
9606.ENSP00000386444 9606.ENSP00000219479 0 0 0 0 0 0 173 173 
9606.ENSP00000386444 9606.ENSP00000286063 0 0 0 116 86 0 62 176 
9606.ENSP00000386444 9606.ENSP00000269834 0 0 0 88 125 0 0 167 
9606.ENSP00000386444 9606.ENSP00000260843 0 0 0 0 193 0 190 318 
9606.ENSP00000386444 9606.ENSP00000306607 0 0 0 0 193 0 49 199 
9606.ENSP00000386444 9606.ENSP00000441543 0 0 0 153 65 0 216 324 
9606.ENSP00000386444 9606.ENSP00000443017 0 0 0 0 0 0 186 186 
9606.ENSP00000386444 9606.ENSP00000407586 0 0 0 0 50 0 294 300 
9606.ENSP00000386444 9606.ENSP00000362730 0 0 0 0 0 0 234 234 
9606.ENSP00000386444 9606.ENSP00000276198 0 0 0 0 193 0 323 430 
9606.ENSP00000386444 9606.ENSP00000248572 0 0 0 63 0 900 262 924 
9606.ENSP00000386444 9606.ENSP00000480971 0 0 0 0 193 0 391 487 
9606.ENSP00000386444 9606.ENSP00000357459 0 0 0 0 0 0 248 248 
9606.ENSP00000386444 9606.ENSP00000264938 0 0 0 0 85 0 111 151 
9606.ENSP00000386444 9606.ENSP00000267549 0 0 0 0 193 0 49 199 
9606.ENSP00000386444 9606.ENSP00000454207 0 0 0 0 64 0 220 238 
9606.ENSP00000386444 9606.ENSP00000336799 0 0 0 101 360 0 50 405 
9606.ENSP00000386444 9606.ENSP00000306522 0 0 0 0 157 0 64 177 
9606.ENSP00000386444 9606.ENSP00000277120 0 0 0 0 78 0 167 199 
9606.ENSP00000386444 9606.ENSP00000312126 0 0 0 0 0 0 311 311 
9606.ENSP00000386444 9606.ENSP00000273480 0 0 0 0 379 0 0 379 
9606.ENSP00000386444 9606.ENSP00000301634 0 0 0 0 0 0 223 223 
9606.ENSP00000386444 9606.ENSP00000345502 0 0 0 61 86 0 460 496 
9606.ENSP00000386444 9606.ENSP00000441600 0 0 0 0 193 0 346 449 
9606.ENSP00000386444 9606.ENSP00000356205 0 0 0 0 193 0 355 457 
9606.ENSP00000386444 9606.ENSP00000020673 0 0 0 0 0 0 171 171 
9606.ENSP00000386444 9606.ENSP00000352157 0 0 0 61 82 0 537 566 
9606.ENSP00000386444 9606.ENSP00000216629 0 0 0 0 193 0 77 223 
9606.ENSP00000386444 9606.ENSP00000309649 0 0 0 345 0 0 0 345 
9606.ENSP00000386444 9606.ENSP00000450838 0 0 0 0 0 0 189 189 
9606.ENSP00000386444 9606.ENSP00000381339 0 0 0 64 84 0 212 266 
9606.ENSP00000386444 9606.ENSP00000215567 0 0 0 0 0 0 161 161 
9606.ENSP00000386444 9606.ENSP00000478767 0 0 0 0 0 0 547 547 
9606.ENSP00000386444 9606.ENSP00000424607 0 0 0 0 193 0 72 219 
9606.ENSP00000386444 9606.ENSP00000194530 0 0 0 0 0 0 241 241 
9606.ENSP00000386444 9606.ENSP00000263088 0 0 0 0 0 0 306 306 
9606.ENSP00000386444 9606.ENSP00000352358 0 0 0 0 145 0 75 176 
9606.ENSP00000386444 9606.ENSP00000362746 0 0 0 0 193 0 49 199 
9606.ENSP00000386444 9606.ENSP00000336740 0 0 0 0 78 0 203 233 
9606.ENSP00000386444 9606.ENSP00000263253 0 0 0 0 157 0 241 332 
9606.ENSP00000386444 9606.ENSP00000378323 0 0 0 0 90 0 185 226 
9606.ENSP00000386444 9606.ENSP00000481486 0 0 0 0 0 0 186 186 
9606.ENSP00000386444 9606.ENSP00000343435 0 0 0 0 0 0 199 199 
9606.ENSP00000386444 9606.ENSP00000322885 0 0 0 0 157 0 125 230 
9606.ENSP00000386444 9606.ENSP00000346151 0 0 0 0 0 0 165 165 
9606.ENSP00000386444 9606.ENSP00000347197 0 0 0 65 0 0 430 444 
9606.ENSP00000386444 9606.ENSP00000306129 0 0 0 0 193 0 547 619 
9606.ENSP00000386444 9606.ENSP00000481114 0 0 0 0 193 0 49 199 
9606.ENSP00000386444 9606.ENSP00000400533 0 0 0 0 0 0 198 198 
9606.ENSP00000386444 9606.ENSP00000263655 0 0 0 0 0 0 171 171 
9606.ENSP00000386444 9606.ENSP00000381448 0 0 0 0 0 0 209 209 
9606.ENSP00000386444 9606.ENSP00000386331 0 0 0 62 124 0 160 250 
9606.ENSP00000386444 9606.ENSP00000230381 0 0 0 85 0 0 361 391 
9606.ENSP00000386444 9606.ENSP00000327246 0 0 0 0 0 0 187 187 
9606.ENSP00000386444 9606.ENSP00000366416 0 0 0 0 193 0 314 423 
9606.ENSP00000386444 9606.ENSP00000380878 0 0 0 0 90 0 159 201 
9606.ENSP00000386444 9606.ENSP00000360777 0 0 0 0 0 0 168 168 
9606.ENSP00000386444 9606.ENSP00000333685 0 0 0 0 82 0 113 151 
9606.ENSP00000386444 9606.ENSP00000476145 0 0 0 185 78 0 111 273 
9606.ENSP00000386444 9606.ENSP00000321445 0 0 0 0 0 0 297 297 
9606.ENSP00000386444 9606.ENSP00000252840 0 0 0 152 125 0 0 226 
9606.ENSP00000386444 9606.ENSP00000368683 0 0 0 0 0 0 390 390 
9606.ENSP00000386444 9606.ENSP00000295225 0 0 0 0 0 0 240 240 
9606.ENSP00000386444 9606.ENSP00000397261 0 0 0 0 0 0 620 620 
9606.ENSP00000386444 9606.ENSP00000200453 0 0 0 0 0 0 254 254 
9606.ENSP00000386444 9606.ENSP00000352561 0 0 0 0 0 0 212 212 
9606.ENSP00000386444 9606.ENSP00000381412 0 0 0 0 194 0 62 211 
9606.ENSP00000386444 9606.ENSP00000393835 0 0 0 111 125 0 0 188 
9606.ENSP00000386444 9606.ENSP00000362121 0 0 0 0 0 0 171 171 
9606.ENSP00000386444 9606.ENSP00000291294 0 0 0 98 193 0 162 336 
9606.ENSP00000386444 9606.ENSP00000248076 0 0 0 97 0 0 154 203 
9606.ENSP00000386444 9606.ENSP00000221138 0 0 0 0 165 0 57 178 
9606.ENSP00000386444 9606.ENSP00000363286 0 0 0 0 0 0 153 153 
9606.ENSP00000386444 9606.ENSP00000408695 0 0 0 59 0 0 156 171 
9606.ENSP00000386444 9606.ENSP00000379669 0 0 0 152 0 0 0 152 
9606.ENSP00000386444 9606.ENSP00000366233 0 0 0 0 0 0 311 311 
9606.ENSP00000386444 9606.ENSP00000446252 0 0 0 65 0 0 186 206 
9606.ENSP00000386444 9606.ENSP00000314223 0 0 0 0 193 0 49 199 
9606.ENSP00000386444 9606.ENSP00000233826 0 0 0 0 0 0 202 202 
9606.ENSP00000386444 9606.ENSP00000440984 0 0 0 0 348 0 50 354 
9606.ENSP00000386444 9606.ENSP00000428924 0 0 0 0 78 0 213 243 
9606.ENSP00000386444 9606.ENSP00000341779 0 0 0 0 90 0 204 245 
9606.ENSP00000386444 9606.ENSP00000251849 0 0 0 0 139 0 297 368 
9606.ENSP00000386444 9606.ENSP00000263274 0 0 0 0 0 0 204 204 
9606.ENSP00000386444 9606.ENSP00000309431 0 0 0 0 398 0 0 398 
9606.ENSP00000386444 9606.ENSP00000382982 0 0 0 0 360 0 50 366 
9606.ENSP00000386444 9606.ENSP00000440556 0 0 0 0 0 0 161 161 
9606.ENSP00000386444 9606.ENSP00000304169 0 0 0 0 0 0 236 236 
9606.ENSP00000386444 9606.ENSP00000359532 0 0 0 0 193 0 332 438 
9606.ENSP00000386444 9606.ENSP00000221665 0 0 0 0 125 0 161 234 
9606.ENSP00000386444 9606.ENSP00000396402 0 0 0 127 125 0 0 203 
9606.ENSP00000386444 9606.ENSP00000387662 0 0 0 0 0 0 358 358 
9606.ENSP00000386444 9606.ENSP00000311399 0 0 0 0 0 0 269 269 
9606.ENSP00000386444 9606.ENSP00000337224 0 0 0 69 0 0 268 289 
9606.ENSP00000386444 9606.ENSP00000297029 0 0 0 150 0 0 46 154 
9606.ENSP00000386444 9606.ENSP00000343819 0 0 0 61 0 0 174 192 
9606.ENSP00000386444 9606.ENSP00000360683 0 0 0 0 0 0 171 171 
9606.ENSP00000386444 9606.ENSP00000375855 0 0 0 64 0 0 656 665 
9606.ENSP00000386444 9606.ENSP00000339823 0 0 0 76 125 0 0 156 
9606.ENSP00000386444 9606.ENSP00000329418 0 0 0 0 0 0 163 163 
9606.ENSP00000386444 9606.ENSP00000303149 0 0 0 0 193 0 49 199 
9606.ENSP00000386444 9606.ENSP00000359691 0 0 0 89 0 0 230 269 
9606.ENSP00000386444 9606.ENSP00000357103 0 0 0 0 0 0 295 295 
9606.ENSP00000386444 9606.ENSP00000264709 0 0 0 65 0 0 157 178 
9606.ENSP00000386444 9606.ENSP00000331600 0 0 0 0 193 0 158 291 
9606.ENSP00000386444 9606.ENSP00000303424 0 0 0 0 193 0 90 234 
9606.ENSP00000386444 9606.ENSP00000385721 0 0 0 0 0 0 165 165 
9606.ENSP00000386444 9606.ENSP00000328327 0 0 0 0 382 0 62 396 
9606.ENSP00000386444 9606.ENSP00000321106 0 0 0 0 0 0 425 425 
9606.ENSP00000386444 9606.ENSP00000353915 0 0 0 0 193 0 204 330 
9606.ENSP00000386444 9606.ENSP00000264607 0 0 0 0 382 0 0 382 
9606.ENSP00000386444 9606.ENSP00000301365 0 0 0 0 145 0 82 182 
9606.ENSP00000386444 9606.ENSP00000256906 0 0 0 76 193 0 392 507 
9606.ENSP00000386444 9606.ENSP00000359682 0 0 0 0 193 0 138 274 
9606.ENSP00000386444 9606.ENSP00000266991 0 0 0 0 157 0 43 158 
9606.ENSP00000386444 9606.ENSP00000356042 0 0 0 0 0 0 269 269 
9606.ENSP00000386444 9606.ENSP00000368880 0 0 0 0 0 0 184 184 
9606.ENSP00000386444 9606.ENSP00000478492 0 0 0 244 0 0 204 372 
9606.ENSP00000386444 9606.ENSP00000456206 0 0 0 0 398 0 0 398 
9606.ENSP00000386444 9606.ENSP00000367299 0 0 0 0 0 0 189 189 
9606.ENSP00000386444 9606.ENSP00000480573 0 0 0 0 193 0 479 561 
9606.ENSP00000386444 9606.ENSP00000439017 0 0 0 88 125 0 0 167 
9606.ENSP00000386444 9606.ENSP00000380281 0 0 0 0 0 0 213 213 
9606.ENSP00000386444 9606.ENSP00000260983 0 0 0 0 0 0 203 203 
9606.ENSP00000386444 9606.ENSP00000405338 0 0 0 0 0 0 457 457 
9606.ENSP00000386444 9606.ENSP00000370639 0 0 0 61 0 0 319 333 
9606.ENSP00000386444 9606.ENSP00000303325 0 0 0 0 0 0 224 224 
9606.ENSP00000386444 9606.ENSP00000220849 0 0 0 0 0 0 307 307 
9606.ENSP00000386444 9606.ENSP00000281806 0 0 0 0 193 0 194 322 
9606.ENSP00000386444 9606.ENSP00000321260 0 0 0 0 0 0 188 188 
9606.ENSP00000386444 9606.ENSP00000366565 0 0 0 0 0 0 150 150 
9606.ENSP00000386444 9606.ENSP00000342560 0 0 0 0 193 0 232 354 
9606.ENSP00000386444 9606.ENSP00000361423 0 0 0 0 78 0 230 259 
9606.ENSP00000386444 9606.ENSP00000288177 0 0 0 77 125 0 0 157 
9606.ENSP00000386444 9606.ENSP00000221996 0 0 0 171 0 0 479 550 
9606.ENSP00000386444 9606.ENSP00000383199 0 0 0 0 0 0 582 582 
9606.ENSP00000386444 9606.ENSP00000351059 0 0 0 49 0 0 239 245 
9606.ENSP00000386444 9606.ENSP00000361141 0 0 0 0 193 0 444 532 
9606.ENSP00000386444 9606.ENSP00000266376 0 0 0 0 84 0 152 190 
9606.ENSP00000386444 9606.ENSP00000480960 0 0 0 0 0 0 186 186 
9606.ENSP00000386444 9606.ENSP00000451828 0 0 0 0 78 0 595 611 
9606.ENSP00000386444 9606.ENSP00000321326 0 0 0 0 0 0 446 446 
9606.ENSP00000386444 9606.ENSP00000419361 0 0 0 0 0 0 357 357 
9606.ENSP00000386444 9606.ENSP00000246080 0 0 0 0 0 0 196 196 
9606.ENSP00000386444 9606.ENSP00000225474 0 0 0 0 0 0 154 154 
9606.ENSP00000386444 9606.ENSP00000354718 0 0 0 0 0 0 173 173 
9606.ENSP00000386444 9606.ENSP00000283646 0 0 0 0 0 0 203 203 
9606.ENSP00000386444 9606.ENSP00000379709 0 0 0 0 0 0 153 153 
9606.ENSP00000386444 9606.ENSP00000217133 0 0 0 0 261 0 0 261 
9606.ENSP00000386444 9606.ENSP00000268042 0 0 0 0 0 0 517 517 
9606.ENSP00000386444 9606.ENSP00000356213 0 0 0 0 0 0 197 197 
9606.ENSP00000386444 9606.ENSP00000254079 0 0 0 0 0 0 290 290 
9606.ENSP00000386444 9606.ENSP00000432456 0 0 0 0 193 0 248 367 
9606.ENSP00000386444 9606.ENSP00000289753 0 0 0 0 193 0 107 248 
9606.ENSP00000386444 9606.ENSP00000340125 0 0 0 0 0 0 250 250 
9606.ENSP00000386444 9606.ENSP00000317780 0 0 0 0 0 0 210 210 
9606.ENSP00000386444 9606.ENSP00000420194 0 0 0 0 0 0 335 335 
9606.ENSP00000386444 9606.ENSP00000429824 0 0 0 0 0 0 167 167 
9606.ENSP00000386444 9606.ENSP00000359345 0 0 0 0 0 0 230 230 
9606.ENSP00000386444 9606.ENSP00000475344 0 0 0 0 193 0 458 544 
9606.ENSP00000386444 9606.ENSP00000451300 0 0 0 0 0 0 311 311 
9606.ENSP00000386444 9606.ENSP00000358783 0 0 0 0 193 0 211 336 
9606.ENSP00000386444 9606.ENSP00000477999 0 0 0 88 0 0 134 176 
9606.ENSP00000386444 9606.ENSP00000384136 0 0 0 0 0 0 165 165 
9606.ENSP00000386444 9606.ENSP00000377284 0 0 0 0 193 0 49 199 
9606.ENSP00000386444 9606.ENSP00000249041 0 0 0 0 193 0 99 241 
9606.ENSP00000386444 9606.ENSP00000212355 0 0 0 0 0 0 353 353 
9606.ENSP00000386444 9606.ENSP00000344801 0 0 0 49 0 0 280 286 
9606.ENSP00000386444 9606.ENSP00000248150 0 0 0 62 0 0 141 160 
9606.ENSP00000386444 9606.ENSP00000358866 0 0 0 56 0 0 247 258 
9606.ENSP00000386444 9606.ENSP00000332116 0 0 0 61 86 0 400 440 
9606.ENSP00000386444 9606.ENSP00000376188 0 0 0 0 193 0 49 199 
9606.ENSP00000386444 9606.ENSP00000178640 0 0 0 0 119 0 79 154 
9606.ENSP00000386444 9606.ENSP00000229239 0 0 0 0 0 0 418 418 
9606.ENSP00000386444 9606.ENSP00000006053 0 0 0 0 0 0 193 193 
9606.ENSP00000386444 9606.ENSP00000368831 0 0 0 0 0 0 212 212 
9606.ENSP00000386444 9606.ENSP00000258149 0 0 0 0 130 0 428 481 
9606.ENSP00000386444 9606.ENSP00000308815 0 0 0 0 0 0 355 355 
9606.ENSP00000386444 9606.ENSP00000337103 0 0 0 0 0 0 168 168 
9606.ENSP00000386444 9606.ENSP00000351686 0 0 0 0 125 0 218 286 
9606.ENSP00000386444 9606.ENSP00000269571 0 0 0 0 0 0 220 220 
9606.ENSP00000386444 9606.ENSP00000306253 0 0 0 0 0 0 217 217 
9606.ENSP00000386444 9606.ENSP00000303211 0 0 0 0 0 0 282 282 
9606.ENSP00000386444 9606.ENSP00000349629 0 0 0 0 0 0 181 181 
9606.ENSP00000386444 9606.ENSP00000333255 0 0 0 0 0 0 250 250 
9606.ENSP00000386444 9606.ENSP00000299138 0 0 0 0 0 0 347 347 
9606.ENSP00000386444 9606.ENSP00000297323 0 0 0 0 0 0 311 311 
9606.ENSP00000386444 9606.ENSP00000301908 0 0 0 0 0 0 381 381 
9606.ENSP00000386444 9606.ENSP00000334813 0 0 0 0 0 0 218 218 
9606.ENSP00000386444 9606.ENSP00000316054 0 0 0 61 126 0 324 396 
9606.ENSP00000386444 9606.ENSP00000368766 0 0 0 0 193 0 477 560 
9606.ENSP00000386444 9606.ENSP00000399511 0 0 0 65 129 0 72 178 
9606.ENSP00000386444 9606.ENSP00000218006 0 0 0 61 0 0 316 330 
9606.ENSP00000386444 9606.ENSP00000293662 0 0 0 0 0 0 163 163 
9606.ENSP00000386444 9606.ENSP00000231004 0 0 0 0 0 0 186 186 
9606.ENSP00000386444 9606.ENSP00000371067 0 0 0 0 78 0 187 218 
9606.ENSP00000386444 9606.ENSP00000319635 0 0 0 62 193 0 447 545 
9606.ENSP00000386444 9606.ENSP00000416293 0 0 0 0 0 0 211 211 
9606.ENSP00000386444 9606.ENSP00000324270 0 0 0 0 193 0 332 438 
9606.ENSP00000386444 9606.ENSP00000369320 0 0 0 77 0 0 249 277 
9606.ENSP00000386444 9606.ENSP00000294728 0 0 0 0 0 0 187 187 
9606.ENSP00000386444 9606.ENSP00000264657 0 0 0 0 0 0 265 265 
9606.ENSP00000386444 9606.ENSP00000351391 0 0 0 0 125 0 111 188 
9606.ENSP00000386444 9606.ENSP00000295101 0 0 0 66 0 0 319 336 
9606.ENSP00000386444 9606.ENSP00000363092 0 0 0 0 0 0 256 256 
9606.ENSP00000386444 9606.ENSP00000360141 0 0 0 52 84 0 239 281 
9606.ENSP00000386444 9606.ENSP00000296677 0 0 0 0 169 0 398 479 
9606.ENSP00000386444 9606.ENSP00000376345 0 0 0 0 0 0 309 309 
9606.ENSP00000386444 9606.ENSP00000257895 0 0 0 61 0 0 246 262 
9606.ENSP00000386444 9606.ENSP00000386264 0 0 0 56 0 0 256 267 
9606.ENSP00000386444 9606.ENSP00000353408 0 0 0 0 0 0 169 169 
9606.ENSP00000386444 9606.ENSP00000371200 0 0 0 0 0 0 481 481 
9606.ENSP00000386444 9606.ENSP00000054668 0 0 0 0 0 0 167 167 
9606.ENSP00000386444 9606.ENSP00000252486 0 0 0 0 0 0 185 185 
9606.ENSP00000386444 9606.ENSP00000284981 0 0 0 0 0 0 256 256 
9606.ENSP00000386444 9606.ENSP00000379110 0 0 0 0 0 0 243 243 
9606.ENSP00000386444 9606.ENSP00000333821 0 0 0 74 193 0 250 390 
9606.ENSP00000386444 9606.ENSP00000381958 0 0 0 0 139 0 347 413 
9606.ENSP00000386444 9606.ENSP00000478187 0 0 0 0 0 0 176 176 
9606.ENSP00000386444 9606.ENSP00000419782 0 0 0 0 0 0 151 151 
9606.ENSP00000386444 9606.ENSP00000381793 0 0 0 0 0 0 302 302 
9606.ENSP00000386444 9606.ENSP00000227322 0 0 0 0 0 0 193 193 
9606.ENSP00000386444 9606.ENSP00000408205 0 0 0 98 0 0 217 263 
9606.ENSP00000386444 9606.ENSP00000414303 0 0 0 0 0 0 294 294 
9606.ENSP00000386444 9606.ENSP00000466933 0 0 0 70 0 0 257 279 
9606.ENSP00000386444 9606.ENSP00000327557 0 0 0 0 0 0 289 289 
9606.ENSP00000386444 9606.ENSP00000303775 0 0 0 0 193 0 49 199 
9606.ENSP00000386444 9606.ENSP00000217270 0 0 0 0 193 0 90 234 
9606.ENSP00000386444 9606.ENSP00000306138 0 0 0 0 0 0 432 432 
9606.ENSP00000386444 9606.ENSP00000370950 0 0 0 0 193 0 227 349 
9606.ENSP00000386444 9606.ENSP00000316809 0 0 0 0 129 0 139 218 
9606.ENSP00000386444 9606.ENSP00000382004 0 0 0 0 0 0 213 213 
9606.ENSP00000386444 9606.ENSP00000250495 0 0 0 0 65 0 252 270 
9606.ENSP00000386444 9606.ENSP00000344544 0 0 0 112 125 0 0 189 
9606.ENSP00000386444 9606.ENSP00000370521 0 0 0 84 0 0 299 331 
9606.ENSP00000386444 9606.ENSP00000282018 0 0 0 0 0 0 178 178 
9606.ENSP00000386444 9606.ENSP00000215904 0 0 0 0 0 0 209 209 
9606.ENSP00000386444 9606.ENSP00000356370 0 0 0 70 80 0 246 299 
9606.ENSP00000386444 9606.ENSP00000328230 0 0 0 0 0 0 150 150 
9606.ENSP00000386444 9606.ENSP00000442982 0 0 0 0 0 0 173 173 
9606.ENSP00000386444 9606.ENSP00000467218 0 0 0 69 125 0 0 150 
9606.ENSP00000386444 9606.ENSP00000383232 0 0 0 0 0 0 161 161 
9606.ENSP00000386444 9606.ENSP00000354932 0 0 0 0 64 0 187 206 
9606.ENSP00000386444 9606.ENSP00000358963 0 0 0 0 193 0 280 394 
9606.ENSP00000386444 9606.ENSP00000284061 0 0 0 0 0 0 536 536 
9606.ENSP00000386444 9606.ENSP00000019103 0 0 0 0 0 0 321 321 
9606.ENSP00000386444 9606.ENSP00000356671 0 0 0 0 0 0 516 516 
9606.ENSP00000386444 9606.ENSP00000381333 0 0 0 0 0 0 388 388 
9606.ENSP00000386444 9606.ENSP00000352427 0 0 0 0 193 0 317 425 
9606.ENSP00000386444 9606.ENSP00000349437 0 0 0 0 0 0 202 202 
9606.ENSP00000386444 9606.ENSP00000327875 0 0 0 0 0 0 248 248 
9606.ENSP00000386444 9606.ENSP00000320797 0 0 0 0 179 0 56 191 
9606.ENSP00000386444 9606.ENSP00000299367 0 0 0 0 0 0 222 222 
9606.ENSP00000386444 9606.ENSP00000437737 0 0 0 0 193 0 417 510 
9606.ENSP00000386444 9606.ENSP00000347665 0 0 0 0 0 0 248 248 
9606.ENSP00000386444 9606.ENSP00000472929 0 0 0 61 0 0 186 202 
9606.ENSP00000386444 9606.ENSP00000381775 0 0 0 0 0 0 220 220 
9606.ENSP00000386444 9606.ENSP00000461413 0 0 0 70 125 0 0 151 
9606.ENSP00000386444 9606.ENSP00000389168 0 0 0 0 62 0 167 185 
9606.ENSP00000386444 9606.ENSP00000274093 0 0 0 56 0 0 145 158 
9606.ENSP00000386444 9606.ENSP00000262406 0 0 0 59 0 0 459 469 
9606.ENSP00000386444 9606.ENSP00000353224 0 0 0 0 0 0 328 328 
9606.ENSP00000386444 9606.ENSP00000314299 0 0 0 0 0 0 202 202 
9606.ENSP00000386444 9606.ENSP00000218075 0 0 0 56 0 0 144 157 
9606.ENSP00000386444 9606.ENSP00000237837 0 0 0 214 0 0 0 214 
9606.ENSP00000386444 9606.ENSP00000381105 0 0 0 0 0 0 359 359 
9606.ENSP00000386444 9606.ENSP00000305416 0 0 0 0 0 0 432 432 
9606.ENSP00000386444 9606.ENSP00000295108 0 0 0 0 0 0 170 170 
9606.ENSP00000386444 9606.ENSP00000319009 0 0 0 168 0 0 46 172 
9606.ENSP00000386444 9606.ENSP00000243911 0 0 0 0 193 0 249 368 
9606.ENSP00000386444 9606.ENSP00000363596 0 0 0 214 193 0 424 603 
9606.ENSP00000386444 9606.ENSP00000261799 0 0 0 0 0 0 161 161 
9606.ENSP00000386444 9606.ENSP00000312262 0 0 0 0 0 0 857 857 
9606.ENSP00000386444 9606.ENSP00000263270 0 0 0 0 0 0 171 171 
9606.ENSP00000386444 9606.ENSP00000378046 0 0 0 0 0 0 187 187 
9606.ENSP00000386444 9606.ENSP00000225831 0 0 0 0 0 0 329 329 
9606.ENSP00000386444 9606.ENSP00000290953 0 0 0 0 0 0 167 167 
9606.ENSP00000386444 9606.ENSP00000347003 0 0 0 0 193 0 49 199 
9606.ENSP00000386444 9606.ENSP00000355900 0 0 0 152 0 0 0 152 
9606.ENSP00000386444 9606.ENSP00000479606 0 0 0 0 330 0 469 629 
9606.ENSP00000386444 9606.ENSP00000263980 0 0 0 0 85 0 146 185 
9606.ENSP00000386444 9606.ENSP00000334072 0 0 0 281 0 0 0 281 
9606.ENSP00000386444 9606.ENSP00000378288 0 0 0 175 0 0 56 187 
9606.ENSP00000386444 9606.ENSP00000350348 0 0 0 0 0 0 230 230 
9606.ENSP00000386444 9606.ENSP00000321266 0 0 0 0 129 0 144 223 
9606.ENSP00000386444 9606.ENSP00000396379 0 0 0 77 125 0 0 157 
9606.ENSP00000386444 9606.ENSP00000424501 0 0 0 154 0 0 0 154 
9606.ENSP00000386444 9606.ENSP00000336528 0 0 0 0 0 0 298 298 
9606.ENSP00000386444 9606.ENSP00000450482 0 0 0 0 0 0 294 294 
9606.ENSP00000386444 9606.ENSP00000297350 0 0 0 0 0 0 188 188 
9606.ENSP00000386444 9606.ENSP00000354859 0 0 0 0 193 0 658 712 
9606.ENSP00000386444 9606.ENSP00000459962 0 0 0 0 145 0 268 347 
9606.ENSP00000386444 9606.ENSP00000369756 0 0 0 0 0 0 173 173 
9606.ENSP00000386444 9606.ENSP00000380321 0 0 0 61 0 0 172 190 
9606.ENSP00000386444 9606.ENSP00000420295 0 0 0 63 86 0 462 499 
9606.ENSP00000386444 9606.ENSP00000263321 0 0 0 61 0 0 217 233 
9606.ENSP00000386444 9606.ENSP00000302846 0 0 0 0 193 0 361 462 
9606.ENSP00000386444 9606.ENSP00000360916 0 0 0 61 0 0 162 179 
9606.ENSP00000386444 9606.ENSP00000264428 0 0 0 56 0 0 162 175 
9606.ENSP00000386444 9606.ENSP00000218316 0 0 0 0 193 0 341 446 
9606.ENSP00000386444 9606.ENSP00000348349 0 0 0 62 124 0 63 162 
9606.ENSP00000386444 9606.ENSP00000415434 0 0 0 0 0 0 468 468 
9606.ENSP00000386444 9606.ENSP00000379873 0 0 0 0 0 0 185 185 
9606.ENSP00000386444 9606.ENSP00000321132 0 0 0 112 125 0 0 189 
9606.ENSP00000386444 9606.ENSP00000295025 0 0 0 98 157 0 128 279 
9606.ENSP00000386444 9606.ENSP00000387760 0 0 0 0 0 0 223 223 
9606.ENSP00000386444 9606.ENSP00000312675 0 0 0 282 0 0 0 282 
9606.ENSP00000386444 9606.ENSP00000420927 0 0 0 0 0 0 442 442 
9606.ENSP00000386444 9606.ENSP00000341289 0 0 0 0 398 0 0 398 
9606.ENSP00000386444 9606.ENSP00000272847 0 0 0 0 0 0 309 309 
9606.ENSP00000386444 9606.ENSP00000384264 0 0 0 61 0 0 384 397 
9606.ENSP00000386444 9606.ENSP00000383715 0 0 0 0 193 0 135 272 
9606.ENSP00000386444 9606.ENSP00000259455 0 0 0 0 0 0 201 201 
9606.ENSP00000386444 9606.ENSP00000220764 0 0 0 0 0 0 293 293 
9606.ENSP00000386444 9606.ENSP00000222002 0 0 0 61 0 0 312 326 
9606.ENSP00000386444 9606.ENSP00000262839 0 0 0 63 126 0 128 224 
9606.ENSP00000386444 9606.ENSP00000380872 0 0 0 193 0 0 41 193 
9606.ENSP00000386444 9606.ENSP00000344192 0 0 0 0 0 0 268 268 
9606.ENSP00000386444 9606.ENSP00000416996 0 0 0 77 193 0 250 392 
9606.ENSP00000386444 9606.ENSP00000326432 0 0 0 0 193 0 159 292 
9606.ENSP00000386444 9606.ENSP00000311521 0 0 0 76 125 0 0 156 
9606.ENSP00000386444 9606.ENSP00000218721 0 0 0 0 193 0 154 288 
9606.ENSP00000386444 9606.ENSP00000360216 0 0 0 0 0 0 187 187 
9606.ENSP00000386444 9606.ENSP00000263686 0 0 0 0 0 0 190 190 
9606.ENSP00000386444 9606.ENSP00000444986 0 0 0 0 78 0 249 277 
9606.ENSP00000386444 9606.ENSP00000384273 0 0 0 0 169 0 185 293 
9606.ENSP00000386444 9606.ENSP00000260746 0 0 0 62 50 0 160 186 
9606.ENSP00000386444 9606.ENSP00000264634 0 0 0 0 0 0 414 414 
9606.ENSP00000386444 9606.ENSP00000308770 0 0 0 213 0 0 0 213 
9606.ENSP00000386444 9606.ENSP00000349781 0 0 0 187 0 0 0 187 
9606.ENSP00000386444 9606.ENSP00000378365 0 0 0 0 0 0 195 195 
9606.ENSP00000386444 9606.ENSP00000471730 0 0 0 100 90 0 57 160 
9606.ENSP00000386444 9606.ENSP00000385751 0 0 0 0 0 0 186 186 
9606.ENSP00000386444 9606.ENSP00000277942 0 0 0 175 193 0 207 426 
9606.ENSP00000386444 9606.ENSP00000201979 0 0 0 0 50 0 230 237 
9606.ENSP00000386444 9606.ENSP00000323580 0 0 0 0 0 0 267 267 
9606.ENSP00000386444 9606.ENSP00000255194 0 0 0 0 348 0 59 360 
9606.ENSP00000386444 9606.ENSP00000273047 0 0 0 0 0 0 479 479 
9606.ENSP00000386444 9606.ENSP00000440005 0 0 0 0 50 0 248 255 
9606.ENSP00000386444 9606.ENSP00000260010 0 0 0 0 64 0 242 260 
9606.ENSP00000386444 9606.ENSP00000433511 0 0 0 48 0 0 761 763 
9606.ENSP00000386444 9606.ENSP00000424243 0 0 0 128 80 0 159 266 
9606.ENSP00000386444 9606.ENSP00000405218 0 0 0 98 125 0 0 177 
9606.ENSP00000386444 9606.ENSP00000401802 0 0 0 0 0 0 266 266 
9606.ENSP00000386444 9606.ENSP00000252242 0 0 0 0 0 0 230 230 
9606.ENSP00000386444 9606.ENSP00000356251 0 0 0 0 193 0 86 231 
9606.ENSP00000386444 9606.ENSP00000377446 0 0 0 0 0 0 292 292 
9606.ENSP00000386444 9606.ENSP00000260653 0 0 0 76 0 0 135 166 
9606.ENSP00000386444 9606.ENSP00000263025 0 0 0 0 82 0 674 688 
9606.ENSP00000386444 9606.ENSP00000352069 0 0 0 0 0 0 311 311 
9606.ENSP00000386444 9606.ENSP00000258042 0 0 0 0 193 0 171 302 
9606.ENSP00000386444 9606.ENSP00000363822 0 0 0 0 0 0 188 188 
9606.ENSP00000386444 9606.ENSP00000366307 0 0 0 0 0 0 236 236 
9606.ENSP00000386444 9606.ENSP00000298299 0 0 0 0 125 0 69 150 
9606.ENSP00000386444 9606.ENSP00000273550 0 0 0 0 0 0 187 187 
9606.ENSP00000386444 9606.ENSP00000272190 0 0 0 0 0 0 282 282 
9606.ENSP00000386444 9606.ENSP00000356395 0 0 0 0 0 0 209 209 
9606.ENSP00000386444 9606.ENSP00000288912 0 0 0 299 0 0 0 299 
9606.ENSP00000386444 9606.ENSP00000462521 0 0 0 0 0 0 540 540 
9606.ENSP00000386444 9606.ENSP00000411032 0 0 0 69 125 0 0 150 
9606.ENSP00000386444 9606.ENSP00000300935 0 0 0 0 0 0 169 169 
9606.ENSP00000386444 9606.ENSP00000342962 0 0 0 0 0 0 169 169 
9606.ENSP00000386444 9606.ENSP00000356438 0 0 0 0 0 0 212 212 
9606.ENSP00000386444 9606.ENSP00000333568 0 0 0 0 0 0 268 268 
9606.ENSP00000386444 9606.ENSP00000483552 0 0 0 0 0 0 167 167 
9606.ENSP00000386444 9606.ENSP00000311405 0 0 0 0 0 0 347 347 
9606.ENSP00000386444 9606.ENSP00000310585 0 0 0 0 0 0 178 178 
9606.ENSP00000386444 9606.ENSP00000366506 0 0 0 0 193 0 353 455 
9606.ENSP00000386444 9606.ENSP00000176195 0 0 0 0 0 0 422 422 
9606.ENSP00000386444 9606.ENSP00000355512 0 0 0 0 193 0 158 291 
9606.ENSP00000386444 9606.ENSP00000347046 0 0 0 61 86 0 164 220 
9606.ENSP00000386444 9606.ENSP00000409652 0 0 0 92 125 0 0 171 
9606.ENSP00000386444 9606.ENSP00000221399 0 0 0 0 0 0 164 164 
9606.ENSP00000386444 9606.ENSP00000379702 0 0 0 160 125 0 0 233 
9606.ENSP00000386444 9606.ENSP00000301071 0 0 0 0 360 0 50 366 
9606.ENSP00000386444 9606.ENSP00000268125 0 0 0 61 0 0 479 489 
9606.ENSP00000386444 9606.ENSP00000297261 0 0 0 63 157 0 350 442 
9606.ENSP00000386444 9606.ENSP00000419313 0 0 0 63 126 0 148 242 
9606.ENSP00000386444 9606.ENSP00000410402 0 0 0 0 0 0 314 314 
9606.ENSP00000386444 9606.ENSP00000287727 0 0 0 0 0 0 156 156 
9606.ENSP00000386444 9606.ENSP00000264952 0 0 0 81 0 0 880 885 
9606.ENSP00000386444 9606.ENSP00000358967 0 0 0 0 193 0 356 458 
9606.ENSP00000386444 9606.ENSP00000246553 0 0 0 61 0 0 348 361 
9606.ENSP00000386444 9606.ENSP00000333938 0 0 0 0 0 0 216 216 
9606.ENSP00000386444 9606.ENSP00000262178 0 0 0 0 0 0 161 161 
9606.ENSP00000386444 9606.ENSP00000355651 0 0 0 0 50 0 355 361 
9606.ENSP00000386444 9606.ENSP00000222250 0 0 0 0 0 0 366 366 
9606.ENSP00000386444 9606.ENSP00000443256 0 0 0 0 193 0 250 369 
9606.ENSP00000386444 9606.ENSP00000478570 0 0 0 0 0 0 398 398 
9606.ENSP00000386444 9606.ENSP00000379975 0 0 0 0 62 0 146 164 
9606.ENSP00000386444 9606.ENSP00000340913 0 0 0 63 126 0 187 276 
9606.ENSP00000386444 9606.ENSP00000286719 0 0 0 69 90 0 105 175 
9606.ENSP00000386444 9606.ENSP00000296871 0 0 0 0 0 0 159 159 
9606.ENSP00000386444 9606.ENSP00000324605 0 0 0 76 125 0 0 156 
9606.ENSP00000386444 9606.ENSP00000288266 0 0 0 0 0 0 169 169 
9606.ENSP00000386444 9606.ENSP00000322899 0 0 0 76 125 0 0 156 
9606.ENSP00000386444 9606.ENSP00000476746 0 0 0 98 125 0 0 177 
9606.ENSP00000386444 9606.ENSP00000317468 0 0 0 0 0 0 250 250 
9606.ENSP00000386444 9606.ENSP00000268057 0 0 0 0 0 0 162 162 
9606.ENSP00000386444 9606.ENSP00000308733 0 0 0 0 193 0 49 199 
9606.ENSP00000386444 9606.ENSP00000247986 0 0 0 0 0 0 198 198 
9606.ENSP00000386444 9606.ENSP00000228682 0 0 0 0 125 0 256 321 
9606.ENSP00000386444 9606.ENSP00000463058 0 0 0 0 0 0 213 213 
9606.ENSP00000386444 9606.ENSP00000385090 0 0 0 0 0 0 219 219 
9606.ENSP00000386444 9606.ENSP00000256078 0 0 0 0 50 0 283 290 
9606.ENSP00000386444 9606.ENSP00000254661 0 0 0 0 0 0 217 217 
9606.ENSP00000386444 9606.ENSP00000328412 0 0 0 85 0 0 309 341 
9606.ENSP00000386444 9606.ENSP00000250615 0 0 0 0 0 0 213 213 
9606.ENSP00000386444 9606.ENSP00000378505 0 0 0 0 211 0 46 215 
9606.ENSP00000386444 9606.ENSP00000392204 0 0 0 335 0 0 0 335 
9606.ENSP00000386444 9606.ENSP00000290354 0 0 0 0 0 0 227 227 
9606.ENSP00000386444 9606.ENSP00000479106 0 0 0 0 0 0 186 186 
9606.ENSP00000386444 9606.ENSP00000299727 0 0 0 123 193 0 80 292 
9606.ENSP00000386444 9606.ENSP00000367034 0 0 0 98 0 0 186 234 
9606.ENSP00000386444 9606.ENSP00000461425 0 0 0 139 125 0 0 214 
9606.ENSP00000386444 9606.ENSP00000468678 0 0 0 62 124 0 63 162 
9606.ENSP00000386444 9606.ENSP00000424827 0 0 0 88 0 0 559 580 
9606.ENSP00000386444 9606.ENSP00000355689 0 0 0 111 84 0 97 201 
9606.ENSP00000386444 9606.ENSP00000337825 0 0 0 0 78 0 139 172 
9606.ENSP00000386444 9606.ENSP00000348772 0 0 0 0 129 0 164 241 
9606.ENSP00000386444 9606.ENSP00000364398 0 0 0 0 0 0 205 205 
9606.ENSP00000386444 9606.ENSP00000343782 0 0 0 62 193 0 477 569 
9606.ENSP00000386444 9606.ENSP00000334145 0 0 0 0 0 0 347 347 
9606.ENSP00000386444 9606.ENSP00000370078 0 0 0 61 86 0 572 601 
9606.ENSP00000386444 9606.ENSP00000282096 0 0 0 0 0 0 171 171 
9606.ENSP00000386444 9606.ENSP00000450456 0 0 0 65 0 0 221 240 
9606.ENSP00000386444 9606.ENSP00000362010 0 0 0 0 0 0 213 213 
9606.ENSP00000386444 9606.ENSP00000408792 0 0 0 0 125 0 107 185 
9606.ENSP00000386444 9606.ENSP00000453076 0 0 0 0 193 0 148 283 
9606.ENSP00000386444 9606.ENSP00000344456 0 0 0 49 0 0 199 205 
9606.ENSP00000386444 9606.ENSP00000242804 0 0 0 111 125 0 0 188 
9606.ENSP00000386444 9606.ENSP00000343952 0 0 0 0 193 0 135 272 
9606.ENSP00000386444 9606.ENSP00000310244 0 0 0 0 0 0 210 210 
9606.ENSP00000386444 9606.ENSP00000345008 0 0 0 0 80 0 213 245 
9606.ENSP00000386444 9606.ENSP00000362609 0 0 0 139 125 0 0 214 
9606.ENSP00000386444 9606.ENSP00000336764 0 0 0 0 193 0 671 723 
9606.ENSP00000386444 9606.ENSP00000411788 0 0 0 0 0 0 511 511 
9606.ENSP00000386444 9606.ENSP00000358730 0 0 0 61 193 0 362 474 
9606.ENSP00000386444 9606.ENSP00000378187 0 0 0 0 0 0 307 307 
9606.ENSP00000386444 9606.ENSP00000319713 0 0 0 0 0 0 195 195 
9606.ENSP00000386444 9606.ENSP00000356162 0 0 0 0 0 0 243 243 
9606.ENSP00000386444 9606.ENSP00000479618 0 0 0 0 0 0 355 355 
9606.ENSP00000386444 9606.ENSP00000467494 0 0 0 85 0 0 250 284 
9606.ENSP00000386444 9606.ENSP00000477437 0 0 0 98 0 0 100 153 
9606.ENSP00000386444 9606.ENSP00000262435 0 0 0 0 0 0 226 226 
9606.ENSP00000386444 9606.ENSP00000428679 0 0 0 88 125 0 0 167 
9606.ENSP00000386444 9606.ENSP00000355195 0 0 0 0 382 0 0 382 
9606.ENSP00000386444 9606.ENSP00000239938 0 0 0 0 125 0 213 281 
9606.ENSP00000386444 9606.ENSP00000384537 0 0 0 0 0 0 250 250 
9606.ENSP00000386444 9606.ENSP00000469240 0 0 0 0 0 0 168 168 
9606.ENSP00000386444 9606.ENSP00000262320 0 0 0 0 0 0 244 244 
9606.ENSP00000386444 9606.ENSP00000389255 0 0 0 126 193 0 123 327 
9606.ENSP00000386444 9606.ENSP00000427114 0 0 0 0 0 0 155 155 
9606.ENSP00000386444 9606.ENSP00000354782 0 0 0 57 186 0 0 199 
9606.ENSP00000386444 9606.ENSP00000325941 0 0 0 0 0 0 183 183 
9606.ENSP00000386444 9606.ENSP00000471457 0 0 0 62 124 0 63 162 
9606.ENSP00000386444 9606.ENSP00000324205 0 0 0 0 0 0 265 265 
9606.ENSP00000386444 9606.ENSP00000469970 0 0 0 0 193 0 322 430 
9606.ENSP00000386444 9606.ENSP00000481878 0 0 0 64 0 900 243 922 
9606.ENSP00000386444 9606.ENSP00000356056 0 0 0 0 0 0 244 244 
9606.ENSP00000386444 9606.ENSP00000385675 0 0 0 0 0 0 341 341 
9606.ENSP00000386444 9606.ENSP00000331736 0 0 0 0 0 0 163 163 
9606.ENSP00000386444 9606.ENSP00000357177 0 0 0 0 0 0 168 168 
9606.ENSP00000386444 9606.ENSP00000340596 0 0 0 0 0 0 171 171 
9606.ENSP00000386444 9606.ENSP00000471493 0 0 0 0 193 0 482 564 
9606.ENSP00000386444 9606.ENSP00000398560 0 0 0 49 0 0 297 302 
9606.ENSP00000386444 9606.ENSP00000356825 0 0 0 0 0 0 260 260 
9606.ENSP00000386444 9606.ENSP00000261313 0 0 0 0 0 0 294 294 
9606.ENSP00000386444 9606.ENSP00000318077 0 0 0 0 193 0 204 330 
9606.ENSP00000386444 9606.ENSP00000358525 0 0 0 0 0 0 282 282 
9606.ENSP00000386444 9606.ENSP00000373169 0 0 0 0 193 0 563 632 
9606.ENSP00000386444 9606.ENSP00000484789 0 0 0 77 0 0 186 216 
9606.ENSP00000386444 9606.ENSP00000474823 0 0 0 53 0 0 213 222 
9606.ENSP00000386444 9606.ENSP00000451560 0 0 0 0 409 0 174 491 
9606.ENSP00000386444 9606.ENSP00000261560 0 0 0 98 125 0 0 177 
9606.ENSP00000386444 9606.ENSP00000357836 0 0 0 0 0 0 355 355 
9606.ENSP00000386444 9606.ENSP00000311679 0 0 0 88 125 0 0 167 
9606.ENSP00000386444 9606.ENSP00000306449 0 0 0 0 193 0 167 299 
9606.ENSP00000386444 9606.ENSP00000376609 0 0 0 48 0 0 727 729 
9606.ENSP00000386444 9606.ENSP00000359378 0 0 0 177 0 0 0 177 
9606.ENSP00000386444 9606.ENSP00000347427 0 0 0 65 129 0 72 178 
9606.ENSP00000386444 9606.ENSP00000386884 0 0 0 0 193 0 638 695 
9606.ENSP00000386444 9606.ENSP00000378286 0 0 0 70 125 0 0 151 
9606.ENSP00000386444 9606.ENSP00000251412 0 0 0 0 179 0 56 191 
9606.ENSP00000386444 9606.ENSP00000428338 0 0 0 0 226 0 0 226 
9606.ENSP00000386444 9606.ENSP00000375894 0 0 0 0 0 0 474 474 
9606.ENSP00000386444 9606.ENSP00000402653 0 0 0 0 0 0 212 212 
9606.ENSP00000386444 9606.ENSP00000217386 0 0 0 60 0 0 250 264 
9606.ENSP00000386444 9606.ENSP00000408236 0 0 0 0 0 0 186 186 
9606.ENSP00000386444 9606.ENSP00000264382 0 0 0 0 0 0 292 292 
9606.ENSP00000386444 9606.ENSP00000258383 0 0 0 0 0 0 173 173 
9606.ENSP00000386444 9606.ENSP00000258400 0 0 0 0 193 0 404 498 
9606.ENSP00000386444 9606.ENSP00000254950 0 0 0 0 0 0 162 162 
9606.ENSP00000386444 9606.ENSP00000309968 0 0 0 0 0 0 162 162 
9606.ENSP00000386444 9606.ENSP00000369027 0 0 0 63 126 0 157 249 
9606.ENSP00000386444 9606.ENSP00000411355 0 0 0 0 0 0 151 151 
9606.ENSP00000386444 9606.ENSP00000378669 0 0 0 0 0 0 153 153 
9606.ENSP00000386444 9606.ENSP00000287907 0 0 0 0 193 0 111 251 
9606.ENSP00000386444 9606.ENSP00000339398 0 0 0 133 0 0 104 189 
9606.ENSP00000386444 9606.ENSP00000246657 0 0 0 0 0 0 347 347 
9606.ENSP00000386444 9606.ENSP00000463151 0 0 0 111 0 0 789 804 
9606.ENSP00000386444 9606.ENSP00000339740 0 0 0 0 194 0 62 211 
9606.ENSP00000386444 9606.ENSP00000307259 0 0 0 0 0 0 311 311 
9606.ENSP00000386444 9606.ENSP00000464265 0 0 0 0 65 0 216 235 
9606.ENSP00000386444 9606.ENSP00000348299 0 0 0 61 0 0 238 253 
9606.ENSP00000386444 9606.ENSP00000349467 0 0 0 0 0 0 295 295 
9606.ENSP00000386444 9606.ENSP00000481096 0 0 0 152 193 0 49 292 
9606.ENSP00000386444 9606.ENSP00000373566 0 0 0 69 0 0 125 150 
9606.ENSP00000386444 9606.ENSP00000468500 0 0 0 0 0 0 197 197 
9606.ENSP00000386444 9606.ENSP00000346671 0 0 0 0 78 0 245 274 
9606.ENSP00000386444 9606.ENSP00000362403 0 0 0 0 0 0 227 227 
9606.ENSP00000386444 9606.ENSP00000366974 0 0 0 0 0 0 186 186 
9606.ENSP00000386444 9606.ENSP00000313811 0 0 0 0 0 0 244 244 
9606.ENSP00000386444 9606.ENSP00000365931 0 0 0 0 125 0 92 172 
9606.ENSP00000386444 9606.ENSP00000358099 0 0 0 0 0 0 181 181 
9606.ENSP00000386444 9606.ENSP00000319250 0 0 0 0 193 0 49 199 
9606.ENSP00000386444 9606.ENSP00000260386 0 0 0 0 0 0 173 173 
9606.ENSP00000386444 9606.ENSP00000479461 0 0 0 0 0 0 186 186 
9606.ENSP00000386444 9606.ENSP00000437590 0 0 0 155 125 0 0 229 
9606.ENSP00000386444 9606.ENSP00000478179 0 0 0 0 0 0 316 316 
9606.ENSP00000386444 9606.ENSP00000476960 0 0 0 0 0 0 212 212 
9606.ENSP00000386444 9606.ENSP00000365596 0 0 0 0 0 0 267 267 
9606.ENSP00000386444 9606.ENSP00000378130 0 0 0 0 0 0 195 195 
9606.ENSP00000386444 9606.ENSP00000441235 0 0 0 0 0 0 347 347 
9606.ENSP00000386444 9606.ENSP00000394078 0 0 0 152 0 0 0 152 
9606.ENSP00000386444 9606.ENSP00000293330 0 0 0 0 0 0 298 298 
9606.ENSP00000386444 9606.ENSP00000256010 0 0 0 0 0 0 373 373 
9606.ENSP00000386444 9606.ENSP00000324248 0 0 0 0 0 0 180 180 
9606.ENSP00000386444 9606.ENSP00000271588 0 0 0 0 0 0 222 222 
9606.ENSP00000386444 9606.ENSP00000241256 0 0 0 0 193 0 344 448 
9606.ENSP00000386444 9606.ENSP00000220003 0 0 0 0 78 0 297 324 
9606.ENSP00000386444 9606.ENSP00000275216 0 0 0 0 193 0 151 285 
9606.ENSP00000386444 9606.ENSP00000333725 0 0 0 337 125 0 0 395 
9606.ENSP00000386444 9606.ENSP00000369344 0 0 0 0 193 0 49 199 
9606.ENSP00000386444 9606.ENSP00000332591 0 0 0 0 193 0 217 341 
9606.ENSP00000386444 9606.ENSP00000284311 0 0 0 0 0 0 185 185 
9606.ENSP00000386444 9606.ENSP00000478892 0 0 0 52 84 0 143 191 
9606.ENSP00000386444 9606.ENSP00000304915 0 0 0 0 0 0 167 167 
9606.ENSP00000386444 9606.ENSP00000270142 0 0 0 0 0 0 185 185 
9606.ENSP00000386444 9606.ENSP00000280020 0 0 0 213 0 0 0 213 
9606.ENSP00000386444 9606.ENSP00000367013 0 0 0 0 0 0 171 171 
9606.ENSP00000386444 9606.ENSP00000234961 0 0 0 98 193 0 671 740 
9606.ENSP00000386444 9606.ENSP00000296870 0 0 0 0 0 0 150 150 
9606.ENSP00000386444 9606.ENSP00000249887 0 0 0 0 193 0 316 425 
9606.ENSP00000386444 9606.ENSP00000078429 0 0 0 52 85 0 537 563 
9606.ENSP00000386444 9606.ENSP00000317469 0 0 0 0 0 0 157 157 
9606.ENSP00000386444 9606.ENSP00000303398 0 0 0 0 0 0 371 371 
9606.ENSP00000386444 9606.ENSP00000351908 0 0 0 0 0 0 398 398 
9606.ENSP00000386444 9606.ENSP00000303686 0 0 0 0 193 0 252 370 
9606.ENSP00000386444 9606.ENSP00000280357 0 0 0 0 0 0 185 185 
9606.ENSP00000386444 9606.ENSP00000278833 0 0 0 563 0 0 481 763 
9606.ENSP00000386444 9606.ENSP00000481819 0 0 0 87 125 0 0 166 
9606.ENSP00000386444 9606.ENSP00000346964 0 0 0 0 0 0 163 163 
9606.ENSP00000386444 9606.ENSP00000323516 0 0 0 0 193 0 178 309 
9606.ENSP00000386444 9606.ENSP00000307766 0 0 0 0 193 0 114 254 
9606.ENSP00000386444 9606.ENSP00000419325 0 0 0 0 124 0 415 465 
9606.ENSP00000386444 9606.ENSP00000361965 0 0 0 0 0 0 161 161 
9606.ENSP00000386444 9606.ENSP00000376583 0 0 0 0 0 0 181 181 
9606.ENSP00000386444 9606.ENSP00000406191 0 0 0 0 145 0 293 370 
9606.ENSP00000386444 9606.ENSP00000477548 0 0 0 0 193 0 130 268 
9606.ENSP00000386444 9606.ENSP00000270590 0 0 0 0 0 0 396 396 
9606.ENSP00000386444 9606.ENSP00000296029 0 0 0 0 0 0 165 165 
9606.ENSP00000386444 9606.ENSP00000342952 0 0 0 0 0 0 295 295 
9606.ENSP00000386444 9606.ENSP00000409581 0 0 0 62 390 0 80 427 
9606.ENSP00000386444 9606.ENSP00000358723 0 0 0 0 50 0 171 178 
9606.ENSP00000386444 9606.ENSP00000333298 0 0 0 0 0 0 206 206 
9606.ENSP00000386444 9606.ENSP00000410545 0 0 0 130 125 0 0 206 
9606.ENSP00000386444 9606.ENSP00000443631 0 0 0 0 131 0 163 242 
9606.ENSP00000386444 9606.ENSP00000337261 0 0 0 0 0 0 258 258 
9606.ENSP00000386444 9606.ENSP00000361700 0 0 0 56 0 0 146 159 
9606.ENSP00000386444 9606.ENSP00000380638 0 0 0 0 0 0 296 296 
9606.ENSP00000386444 9606.ENSP00000353452 0 0 0 0 0 0 223 223 
9606.ENSP00000386444 9606.ENSP00000266674 0 0 0 0 64 0 164 184 
9606.ENSP00000386444 9606.ENSP00000270349 0 0 0 0 0 0 256 256 
9606.ENSP00000386444 9606.ENSP00000419945 0 0 0 76 0 0 139 170 
9606.ENSP00000386444 9606.ENSP00000354896 0 0 0 0 0 0 404 404 
9606.ENSP00000386444 9606.ENSP00000413572 0 0 0 0 0 0 151 151 
9606.ENSP00000386444 9606.ENSP00000399168 0 0 0 0 0 0 185 185 
9606.ENSP00000386444 9606.ENSP00000276914 0 0 0 0 0 0 292 292 
9606.ENSP00000386444 9606.ENSP00000355593 0 0 0 0 0 0 210 210 
9606.ENSP00000386444 9606.ENSP00000362014 0 0 0 0 0 0 274 274 
9606.ENSP00000386444 9606.ENSP00000171887 0 0 0 0 0 0 162 162 
9606.ENSP00000386444 9606.ENSP00000343658 0 0 0 65 129 0 72 178 
9606.ENSP00000386444 9606.ENSP00000363117 0 0 0 0 78 0 198 228 
9606.ENSP00000386444 9606.ENSP00000287600 0 0 0 0 0 0 233 233 
9606.ENSP00000386444 9606.ENSP00000291295 0 0 0 0 0 0 263 263 
9606.ENSP00000386444 9606.ENSP00000310305 0 0 0 0 0 0 244 244 
9606.ENSP00000386444 9606.ENSP00000249389 0 0 0 0 193 0 337 442 
9606.ENSP00000386444 9606.ENSP00000226413 0 0 0 0 193 0 445 533 
9606.ENSP00000386444 9606.ENSP00000215832 0 0 0 0 82 0 534 554 
9606.ENSP00000386444 9606.ENSP00000297146 0 0 0 62 193 0 49 217 
9606.ENSP00000386444 9606.ENSP00000245323 0 0 0 0 0 0 170 170 
9606.ENSP00000386444 9606.ENSP00000357057 0 0 0 0 0 0 229 229 
9606.ENSP00000386444 9606.ENSP00000365006 0 0 0 0 0 0 311 311 
9606.ENSP00000386444 9606.ENSP00000408697 0 0 0 183 0 0 0 183 
9606.ENSP00000386444 9606.ENSP00000343027 0 0 0 61 84 0 396 435 
9606.ENSP00000386444 9606.ENSP00000219302 0 0 0 0 0 0 173 173 
9606.ENSP00000386444 9606.ENSP00000360538 0 0 0 69 193 0 443 545 
9606.ENSP00000386444 9606.ENSP00000341821 0 0 0 0 193 0 196 324 
9606.ENSP00000386444 9606.ENSP00000284523 0 0 0 0 0 0 185 185 
9606.ENSP00000386444 9606.ENSP00000361405 0 0 0 0 0 0 213 213 
9606.ENSP00000386444 9606.ENSP00000243167 0 0 0 0 0 0 167 167 
9606.ENSP00000386444 9606.ENSP00000347486 0 0 0 157 0 0 0 157 
9606.ENSP00000386444 9606.ENSP00000357255 0 0 0 0 0 0 222 222 
9606.ENSP00000386444 9606.ENSP00000385808 0 0 0 0 0 0 532 532 
9606.ENSP00000386444 9606.ENSP00000376110 0 0 0 99 125 0 0 177 
9606.ENSP00000386444 9606.ENSP00000267101 0 0 0 0 0 0 224 224 
9606.ENSP00000386444 9606.ENSP00000234590 0 0 0 0 0 0 250 250 
9606.ENSP00000386444 9606.ENSP00000350005 0 0 0 0 0 0 210 210 
9606.ENSP00000386444 9606.ENSP00000357669 0 0 0 0 0 0 274 274 
9606.ENSP00000386444 9606.ENSP00000312652 0 0 0 0 0 0 230 230 
9606.ENSP00000386444 9606.ENSP00000360973 0 0 0 0 193 0 315 424 
9606.ENSP00000386444 9606.ENSP00000301072 0 0 0 0 360 0 50 366 
9606.ENSP00000386444 9606.ENSP00000290650 0 0 0 0 0 0 187 187 
9606.ENSP00000386444 9606.ENSP00000358513 0 0 0 0 193 0 585 651 
9606.ENSP00000386444 9606.ENSP00000365745 0 0 0 63 0 0 213 231 
9606.ENSP00000386444 9606.ENSP00000346839 0 0 0 0 0 0 309 309 
9606.ENSP00000386444 9606.ENSP00000245304 0 0 0 0 50 0 147 155 
9606.ENSP00000386444 9606.ENSP00000005257 0 0 0 0 50 0 172 180 
9606.ENSP00000386444 9606.ENSP00000295589 0 0 0 0 193 0 150 284 
9606.ENSP00000386444 9606.ENSP00000477725 0 0 0 51 62 0 122 150 
9606.ENSP00000386444 9606.ENSP00000382717 0 0 0 0 0 0 168 168 
9606.ENSP00000386444 9606.ENSP00000270001 0 0 0 69 125 0 0 150 
9606.ENSP00000386444 9606.ENSP00000311436 0 0 0 0 0 0 452 452 
9606.ENSP00000386444 9606.ENSP00000262340 0 0 0 63 0 0 483 495 
9606.ENSP00000386444 9606.ENSP00000216336 0 0 0 0 0 0 170 170 
9606.ENSP00000386444 9606.ENSP00000366956 0 0 0 0 0 0 186 186 
9606.ENSP00000386444 9606.ENSP00000448012 0 0 0 0 0 0 242 242 
9606.ENSP00000386444 9606.ENSP00000276218 0 0 0 0 193 0 254 372 
9606.ENSP00000386444 9606.ENSP00000367762 0 0 0 0 131 0 104 188 
9606.ENSP00000386444 9606.ENSP00000264380 0 0 0 0 0 0 212 212 
9606.ENSP00000386444 9606.ENSP00000290866 0 0 0 0 0 0 229 229 
9606.ENSP00000386444 9606.ENSP00000239032 0 0 0 77 193 0 49 229 
9606.ENSP00000386444 9606.ENSP00000308893 0 0 0 0 80 0 145 179 
9606.ENSP00000386444 9606.ENSP00000360475 0 0 0 0 0 0 594 594 
9606.ENSP00000386444 9606.ENSP00000426070 0 0 0 63 126 0 166 258 
9606.ENSP00000386444 9606.ENSP00000311005 0 0 0 0 82 0 169 204 
9606.ENSP00000386444 9606.ENSP00000408411 0 0 0 0 0 0 284 284 
9606.ENSP00000386444 9606.ENSP00000298229 0 0 0 0 0 0 232 232 
9606.ENSP00000386444 9606.ENSP00000366109 0 0 0 0 0 0 165 165 
9606.ENSP00000386444 9606.ENSP00000356399 0 0 0 0 0 0 187 187 
9606.ENSP00000386444 9606.ENSP00000286744 0 0 0 215 0 0 0 215 
9606.ENSP00000386444 9606.ENSP00000258034 0 0 0 0 193 0 150 284 
9606.ENSP00000386444 9606.ENSP00000285928 0 0 0 77 128 0 0 160 
9606.ENSP00000386444 9606.ENSP00000464872 0 0 0 69 125 0 0 150 
9606.ENSP00000386444 9606.ENSP00000441158 0 0 0 0 330 0 157 411 
9606.ENSP00000386444 9606.ENSP00000382697 0 0 0 0 78 0 164 197 
9606.ENSP00000386444 9606.ENSP00000349658 0 0 0 99 0 0 111 164 
9606.ENSP00000386444 9606.ENSP00000378492 0 0 0 0 0 0 293 293 
9606.ENSP00000386444 9606.ENSP00000411152 0 0 0 0 0 0 508 508 
9606.ENSP00000386444 9606.ENSP00000262441 0 0 0 81 0 0 194 228 
9606.ENSP00000386444 9606.ENSP00000482504 0 0 0 0 0 0 388 388 
9606.ENSP00000386444 9606.ENSP00000415090 0 0 0 62 124 0 63 162 
9606.ENSP00000386444 9606.ENSP00000408005 0 0 0 0 0 0 193 193 
