9606.ENSP00000265052 9606.ENSP00000310928 0 0 0 65 0 0 278 296 
9606.ENSP00000265052 9606.ENSP00000432695 73 0 0 62 76 0 131 208 
9606.ENSP00000265052 9606.ENSP00000294053 0 0 0 53 0 0 163 173 
9606.ENSP00000265052 9606.ENSP00000206542 111 0 0 49 0 0 101 173 
9606.ENSP00000265052 9606.ENSP00000216180 0 0 0 61 0 900 335 932 
9606.ENSP00000265052 9606.ENSP00000300060 0 0 0 97 0 0 128 179 
9606.ENSP00000265052 9606.ENSP00000377486 280 0 0 0 0 0 0 280 
9606.ENSP00000265052 9606.ENSP00000327801 49 0 0 62 0 0 562 575 
9606.ENSP00000265052 9606.ENSP00000364815 228 0 0 0 0 0 132 301 
9606.ENSP00000265052 9606.ENSP00000216410 42 0 0 61 0 0 135 153 
9606.ENSP00000265052 9606.ENSP00000260402 0 0 0 0 0 0 563 563 
9606.ENSP00000265052 9606.ENSP00000327468 0 0 0 0 0 0 593 593 
9606.ENSP00000265052 9606.ENSP00000379472 0 0 0 61 0 0 344 358 
9606.ENSP00000265052 9606.ENSP00000322991 213 0 0 55 0 0 61 240 
9606.ENSP00000265052 9606.ENSP00000254759 78 0 0 51 0 0 128 170 
9606.ENSP00000265052 9606.ENSP00000296456 46 0 0 62 0 0 286 305 
9606.ENSP00000265052 9606.ENSP00000365131 0 0 0 0 0 0 217 217 
9606.ENSP00000265052 9606.ENSP00000332369 135 0 0 49 0 0 142 232 
9606.ENSP00000265052 9606.ENSP00000258317 43 0 0 61 0 0 204 222 
9606.ENSP00000265052 9606.ENSP00000371253 345 0 0 55 0 0 230 482 
9606.ENSP00000265052 9606.ENSP00000083182 0 0 0 61 73 0 138 184 
9606.ENSP00000265052 9606.ENSP00000258415 0 0 0 95 0 0 105 156 
9606.ENSP00000265052 9606.ENSP00000284116 110 0 0 63 0 0 123 204 
9606.ENSP00000265052 9606.ENSP00000362576 338 0 0 57 0 0 0 349 
9606.ENSP00000265052 9606.ENSP00000331376 72 0 0 56 0 0 215 252 
9606.ENSP00000265052 9606.ENSP00000338766 0 0 0 61 73 0 138 184 
9606.ENSP00000265052 9606.ENSP00000245206 0 0 0 0 0 0 348 348 
9606.ENSP00000265052 9606.ENSP00000342056 150 0 0 51 0 0 184 284 
9606.ENSP00000265052 9606.ENSP00000305742 0 0 0 0 0 0 173 173 
9606.ENSP00000265052 9606.ENSP00000256194 0 0 0 136 0 0 62 155 
9606.ENSP00000265052 9606.ENSP00000242839 145 0 0 49 0 0 59 168 
9606.ENSP00000265052 9606.ENSP00000280886 149 0 0 55 0 0 173 276 
9606.ENSP00000265052 9606.ENSP00000305675 0 0 0 88 0 0 182 222 
9606.ENSP00000265052 9606.ENSP00000356729 70 0 0 62 57 0 106 166 
9606.ENSP00000265052 9606.ENSP00000370447 42 0 0 61 0 0 135 153 
9606.ENSP00000265052 9606.ENSP00000420487 0 0 0 0 0 0 165 165 
9606.ENSP00000265052 9606.ENSP00000471477 0 0 0 0 0 0 169 169 
9606.ENSP00000265052 9606.ENSP00000364035 51 0 0 53 0 0 631 639 
9606.ENSP00000265052 9606.ENSP00000285930 45 0 0 63 0 900 0 902 
9606.ENSP00000265052 9606.ENSP00000318480 167 0 0 63 0 0 81 220 
9606.ENSP00000265052 9606.ENSP00000381968 135 0 0 57 0 0 145 242 
9606.ENSP00000265052 9606.ENSP00000348775 78 0 0 61 0 0 128 179 
9606.ENSP00000265052 9606.ENSP00000378974 0 0 0 0 0 0 165 165 
9606.ENSP00000265052 9606.ENSP00000254928 294 0 0 0 0 0 0 294 
9606.ENSP00000265052 9606.ENSP00000377532 0 0 0 70 0 0 156 182 
9606.ENSP00000265052 9606.ENSP00000231509 0 0 0 0 0 0 156 156 
9606.ENSP00000265052 9606.ENSP00000315137 78 0 0 63 0 0 131 183 
9606.ENSP00000265052 9606.ENSP00000301729 0 0 0 57 0 0 177 191 
9606.ENSP00000265052 9606.ENSP00000377353 0 0 0 0 0 0 165 165 
9606.ENSP00000265052 9606.ENSP00000381231 42 0 0 55 0 0 346 356 
9606.ENSP00000265052 9606.ENSP00000309463 49 0 0 61 0 0 128 153 
9606.ENSP00000265052 9606.ENSP00000376303 0 0 0 0 0 0 319 319 
9606.ENSP00000265052 9606.ENSP00000365714 0 0 0 0 0 0 171 171 
9606.ENSP00000265052 9606.ENSP00000296266 0 0 0 0 0 0 351 351 
9606.ENSP00000265052 9606.ENSP00000342793 74 0 0 65 0 0 343 382 
9606.ENSP00000265052 9606.ENSP00000351740 0 0 0 0 0 0 234 234 
9606.ENSP00000265052 9606.ENSP00000229266 0 0 0 0 0 0 187 187 
9606.ENSP00000265052 9606.ENSP00000355589 0 0 0 0 0 0 563 563 
9606.ENSP00000265052 9606.ENSP00000361982 185 0 0 57 0 0 0 198 
9606.ENSP00000265052 9606.ENSP00000331897 0 0 0 58 0 0 169 183 
9606.ENSP00000265052 9606.ENSP00000371152 0 0 0 0 0 0 257 257 
9606.ENSP00000265052 9606.ENSP00000267436 262 0 0 58 0 0 0 275 
9606.ENSP00000265052 9606.ENSP00000347978 145 0 0 57 0 0 50 167 
9606.ENSP00000265052 9606.ENSP00000173229 0 0 0 0 0 0 347 347 
9606.ENSP00000265052 9606.ENSP00000461945 0 0 0 0 0 0 177 177 
9606.ENSP00000265052 9606.ENSP00000394624 0 0 0 0 0 0 298 298 
9606.ENSP00000265052 9606.ENSP00000290349 59 0 0 62 0 0 338 364 
9606.ENSP00000265052 9606.ENSP00000244137 158 0 0 0 0 0 173 273 
9606.ENSP00000265052 9606.ENSP00000443824 0 0 0 0 0 0 378 378 
9606.ENSP00000265052 9606.ENSP00000359956 0 0 0 61 0 0 285 300 
9606.ENSP00000265052 9606.ENSP00000361524 0 0 0 61 160 0 0 177 
9606.ENSP00000265052 9606.ENSP00000265276 0 0 0 61 0 0 424 436 
9606.ENSP00000265052 9606.ENSP00000244289 111 0 0 0 0 0 768 785 
9606.ENSP00000265052 9606.ENSP00000422607 0 0 0 63 0 800 377 873 
9606.ENSP00000265052 9606.ENSP00000313432 72 0 0 0 0 0 167 193 
9606.ENSP00000265052 9606.ENSP00000477455 0 0 0 0 0 0 174 174 
9606.ENSP00000265052 9606.ENSP00000380352 0 0 0 55 0 0 211 222 
9606.ENSP00000265052 9606.ENSP00000370571 0 0 0 0 0 0 189 189 
9606.ENSP00000265052 9606.ENSP00000372067 73 0 0 0 80 0 131 194 
9606.ENSP00000265052 9606.ENSP00000243298 0 0 0 55 0 0 228 239 
9606.ENSP00000265052 9606.ENSP00000378408 69 0 0 68 0 0 128 178 
9606.ENSP00000265052 9606.ENSP00000479870 0 0 0 0 0 0 185 185 
9606.ENSP00000265052 9606.ENSP00000370023 0 0 0 57 0 0 191 205 
9606.ENSP00000265052 9606.ENSP00000296051 0 0 0 0 0 0 332 332 
9606.ENSP00000265052 9606.ENSP00000324648 0 0 0 61 0 0 132 150 
9606.ENSP00000265052 9606.ENSP00000335158 0 0 0 0 0 0 175 175 
9606.ENSP00000265052 9606.ENSP00000384369 265 0 0 61 0 0 0 280 
9606.ENSP00000265052 9606.ENSP00000337949 0 0 0 0 0 0 167 167 
9606.ENSP00000265052 9606.ENSP00000364126 203 0 0 52 0 0 43 213 
9606.ENSP00000265052 9606.ENSP00000367992 78 0 0 86 0 0 355 408 
9606.ENSP00000265052 9606.ENSP00000278829 0 0 0 0 0 0 217 217 
9606.ENSP00000265052 9606.ENSP00000396308 172 0 0 58 68 0 71 234 
9606.ENSP00000265052 9606.ENSP00000362481 60 0 0 0 0 0 136 153 
9606.ENSP00000265052 9606.ENSP00000368140 218 0 0 79 0 0 231 398 
9606.ENSP00000265052 9606.ENSP00000359506 0 0 0 0 0 0 175 175 
9606.ENSP00000265052 9606.ENSP00000290846 163 0 0 0 0 0 0 163 
9606.ENSP00000265052 9606.ENSP00000268129 0 0 0 51 128 0 280 352 
9606.ENSP00000265052 9606.ENSP00000362760 0 0 0 0 0 0 211 211 
9606.ENSP00000265052 9606.ENSP00000366156 0 0 0 57 0 0 179 192 
9606.ENSP00000265052 9606.ENSP00000302657 0 0 0 51 128 0 208 287 
9606.ENSP00000265052 9606.ENSP00000327255 0 0 0 0 0 0 179 179 
9606.ENSP00000265052 9606.ENSP00000477602 0 0 0 84 0 0 152 191 
9606.ENSP00000265052 9606.ENSP00000356134 180 0 0 0 0 0 44 182 
9606.ENSP00000265052 9606.ENSP00000355895 52 0 0 0 0 0 308 316 
9606.ENSP00000265052 9606.ENSP00000258494 52 0 0 0 98 0 117 179 
9606.ENSP00000265052 9606.ENSP00000316244 0 0 0 0 0 0 292 292 
9606.ENSP00000265052 9606.ENSP00000481321 0 0 0 0 0 0 266 266 
9606.ENSP00000265052 9606.ENSP00000355315 110 0 0 0 0 0 87 152 
9606.ENSP00000265052 9606.ENSP00000347581 110 0 0 0 0 900 212 923 
9606.ENSP00000265052 9606.ENSP00000264596 290 0 0 61 0 0 42 305 
9606.ENSP00000265052 9606.ENSP00000363868 0 0 0 50 0 0 181 189 
9606.ENSP00000265052 9606.ENSP00000363412 0 0 0 64 50 0 146 174 
9606.ENSP00000265052 9606.ENSP00000329200 0 0 0 0 0 0 250 250 
9606.ENSP00000265052 9606.ENSP00000320337 0 0 0 0 0 0 297 297 
9606.ENSP00000265052 9606.ENSP00000377768 172 0 0 58 68 0 64 228 
9606.ENSP00000265052 9606.ENSP00000383900 72 0 0 0 0 0 197 223 
9606.ENSP00000265052 9606.ENSP00000228027 0 0 0 63 189 0 547 625 
9606.ENSP00000265052 9606.ENSP00000337731 0 0 0 61 0 0 201 217 
9606.ENSP00000265052 9606.ENSP00000315644 216 0 0 61 0 0 280 423 
9606.ENSP00000265052 9606.ENSP00000306245 0 0 0 0 0 0 268 268 
9606.ENSP00000265052 9606.ENSP00000351957 0 0 0 0 0 0 176 176 
9606.ENSP00000265052 9606.ENSP00000294724 0 0 0 0 77 0 266 293 
9606.ENSP00000265052 9606.ENSP00000298556 54 0 0 57 0 0 135 161 
9606.ENSP00000265052 9606.ENSP00000315351 71 0 0 0 0 0 126 153 
9606.ENSP00000265052 9606.ENSP00000254090 70 0 0 62 57 0 106 166 
9606.ENSP00000265052 9606.ENSP00000371586 131 0 0 61 0 0 218 307 
9606.ENSP00000265052 9606.ENSP00000402297 168 0 0 0 0 0 227 329 
9606.ENSP00000265052 9606.ENSP00000297056 0 0 0 0 0 0 676 676 
9606.ENSP00000265052 9606.ENSP00000342222 0 0 0 60 0 0 147 163 
9606.ENSP00000265052 9606.ENSP00000414982 0 0 0 61 73 0 385 417 
9606.ENSP00000265052 9606.ENSP00000421566 158 0 0 0 0 0 173 273 
9606.ENSP00000265052 9606.ENSP00000440272 181 0 0 62 0 0 0 198 
9606.ENSP00000265052 9606.ENSP00000370517 171 0 0 0 0 0 49 177 
9606.ENSP00000265052 9606.ENSP00000355627 0 0 0 95 0 0 409 443 
9606.ENSP00000265052 9606.ENSP00000378191 164 0 0 57 0 0 64 197 
9606.ENSP00000265052 9606.ENSP00000378416 135 0 0 49 0 0 142 232 
9606.ENSP00000265052 9606.ENSP00000342850 0 0 0 61 0 0 263 278 
9606.ENSP00000265052 9606.ENSP00000381234 42 0 0 55 0 0 345 355 
9606.ENSP00000265052 9606.ENSP00000485525 136 0 0 57 0 0 268 351 
9606.ENSP00000265052 9606.ENSP00000249750 52 0 0 0 98 0 117 179 
9606.ENSP00000265052 9606.ENSP00000323811 79 0 0 0 0 0 116 151 
9606.ENSP00000265052 9606.ENSP00000445175 79 0 0 0 0 0 187 219 
9606.ENSP00000265052 9606.ENSP00000478458 0 0 0 51 0 0 203 211 
9606.ENSP00000265052 9606.ENSP00000283415 46 0 0 61 79 0 355 396 
9606.ENSP00000265052 9606.ENSP00000339787 0 0 0 61 0 800 286 854 
9606.ENSP00000265052 9606.ENSP00000380037 0 0 0 0 0 0 643 643 
9606.ENSP00000265052 9606.ENSP00000414019 110 0 0 63 0 0 123 204 
9606.ENSP00000265052 9606.ENSP00000389395 0 0 0 0 0 0 354 354 
9606.ENSP00000265052 9606.ENSP00000304592 76 0 0 61 0 0 505 533 
9606.ENSP00000265052 9606.ENSP00000355629 0 0 0 0 0 0 178 178 
9606.ENSP00000265052 9606.ENSP00000345771 171 0 0 0 0 0 53 181 
9606.ENSP00000265052 9606.ENSP00000398698 0 0 0 0 0 0 211 211 
9606.ENSP00000265052 9606.ENSP00000229447 225 0 0 63 0 0 133 315 
9606.ENSP00000265052 9606.ENSP00000333664 121 0 0 61 0 0 264 340 
9606.ENSP00000265052 9606.ENSP00000340296 0 0 0 0 61 0 134 152 
9606.ENSP00000265052 9606.ENSP00000411532 50 0 0 0 50 0 139 155 
9606.ENSP00000265052 9606.ENSP00000258662 217 0 0 0 0 0 74 243 
9606.ENSP00000265052 9606.ENSP00000433933 0 0 0 0 0 900 217 918 
9606.ENSP00000265052 9606.ENSP00000412178 0 0 0 57 0 0 239 252 
9606.ENSP00000265052 9606.ENSP00000417401 197 0 0 0 0 0 0 197 
9606.ENSP00000265052 9606.ENSP00000362817 0 0 0 0 0 0 286 286 
9606.ENSP00000265052 9606.ENSP00000176183 0 0 0 0 0 0 165 165 
9606.ENSP00000265052 9606.ENSP00000426638 0 0 0 0 0 0 326 326 
9606.ENSP00000265052 9606.ENSP00000407761 78 0 0 61 0 0 128 179 
9606.ENSP00000265052 9606.ENSP00000397908 0 0 0 55 0 0 363 373 
9606.ENSP00000265052 9606.ENSP00000342026 43 0 0 61 0 0 151 170 
9606.ENSP00000265052 9606.ENSP00000219789 218 0 0 66 0 0 65 257 
9606.ENSP00000265052 9606.ENSP00000480893 0 0 0 55 0 0 243 254 
9606.ENSP00000265052 9606.ENSP00000264161 174 0 0 0 68 0 0 197 
9606.ENSP00000265052 9606.ENSP00000483786 0 0 0 77 280 0 49 312 
9606.ENSP00000265052 9606.ENSP00000246337 0 0 0 54 0 0 360 368 
9606.ENSP00000265052 9606.ENSP00000353104 170 0 0 61 0 0 112 247 
9606.ENSP00000265052 9606.ENSP00000387164 0 0 0 62 0 0 131 150 
9606.ENSP00000265052 9606.ENSP00000361625 78 0 0 61 0 0 131 181 
9606.ENSP00000265052 9606.ENSP00000311224 73 0 0 63 0 0 224 267 
9606.ENSP00000265052 9606.ENSP00000261647 0 0 0 61 73 0 138 184 
9606.ENSP00000265052 9606.ENSP00000365227 0 0 0 0 0 0 221 221 
9606.ENSP00000265052 9606.ENSP00000318977 145 0 0 0 0 0 50 153 
9606.ENSP00000265052 9606.ENSP00000295897 0 0 0 61 0 0 333 347 
9606.ENSP00000265052 9606.ENSP00000301790 0 0 0 0 0 0 290 290 
9606.ENSP00000265052 9606.ENSP00000313995 0 0 0 0 0 0 163 163 
9606.ENSP00000265052 9606.ENSP00000366240 73 0 0 63 0 0 140 187 
9606.ENSP00000265052 9606.ENSP00000298746 185 0 0 61 0 0 0 201 
9606.ENSP00000265052 9606.ENSP00000261195 0 0 0 63 62 0 139 177 
9606.ENSP00000265052 9606.ENSP00000307697 78 0 0 61 0 0 140 191 
9606.ENSP00000265052 9606.ENSP00000355601 0 0 0 0 0 0 410 410 
9606.ENSP00000265052 9606.ENSP00000428417 0 0 0 50 0 0 544 548 
9606.ENSP00000265052 9606.ENSP00000368572 42 0 0 61 0 0 135 153 
9606.ENSP00000265052 9606.ENSP00000265572 0 0 0 0 0 0 250 250 
9606.ENSP00000265052 9606.ENSP00000263278 59 0 0 0 0 0 192 207 
9606.ENSP00000265052 9606.ENSP00000478561 0 0 0 61 0 0 145 162 
9606.ENSP00000265052 9606.ENSP00000326491 0 0 0 62 133 0 315 394 
9606.ENSP00000265052 9606.ENSP00000316924 0 0 0 0 61 0 236 252 
9606.ENSP00000265052 9606.ENSP00000289416 0 0 0 55 61 0 228 255 
9606.ENSP00000265052 9606.ENSP00000450040 173 0 0 0 0 0 170 284 
9606.ENSP00000265052 9606.ENSP00000288490 0 0 0 78 0 0 228 258 
9606.ENSP00000265052 9606.ENSP00000444935 0 0 0 0 0 0 250 250 
9606.ENSP00000265052 9606.ENSP00000269159 200 0 0 62 0 0 0 217 
9606.ENSP00000265052 9606.ENSP00000380184 46 0 0 61 79 0 399 438 
9606.ENSP00000265052 9606.ENSP00000223114 0 0 0 61 185 900 113 923 
9606.ENSP00000265052 9606.ENSP00000307900 152 0 0 64 0 0 206 315 
9606.ENSP00000265052 9606.ENSP00000360296 78 0 0 61 0 0 328 367 
9606.ENSP00000265052 9606.ENSP00000243501 0 0 0 0 0 0 167 167 
9606.ENSP00000265052 9606.ENSP00000316329 0 0 0 58 0 0 255 268 
9606.ENSP00000265052 9606.ENSP00000300107 205 0 0 61 0 0 98 267 
9606.ENSP00000265052 9606.ENSP00000328181 0 0 0 0 0 0 163 163 
9606.ENSP00000265052 9606.ENSP00000360327 110 0 0 50 0 0 129 199 
9606.ENSP00000265052 9606.ENSP00000359410 72 0 0 0 0 0 128 156 
9606.ENSP00000265052 9606.ENSP00000362135 290 0 0 61 0 0 0 304 
9606.ENSP00000265052 9606.ENSP00000416534 0 0 0 0 0 0 151 151 
9606.ENSP00000265052 9606.ENSP00000262960 46 0 0 64 0 0 147 172 
9606.ENSP00000265052 9606.ENSP00000387699 0 0 0 0 0 0 170 170 
9606.ENSP00000265052 9606.ENSP00000282412 0 0 0 0 0 0 179 179 
9606.ENSP00000265052 9606.ENSP00000266771 0 0 0 62 0 0 131 150 
9606.ENSP00000265052 9606.ENSP00000375810 0 0 0 61 73 0 138 184 
9606.ENSP00000265052 9606.ENSP00000457991 0 0 0 0 0 0 173 173 
9606.ENSP00000265052 9606.ENSP00000305372 0 0 0 0 0 0 222 222 
9606.ENSP00000265052 9606.ENSP00000278618 212 0 0 0 0 0 0 212 
9606.ENSP00000265052 9606.ENSP00000312286 0 0 0 0 0 0 358 358 
9606.ENSP00000265052 9606.ENSP00000358042 51 0 0 61 0 0 176 201 
9606.ENSP00000265052 9606.ENSP00000307508 0 0 0 68 0 0 273 293 
9606.ENSP00000265052 9606.ENSP00000303525 59 0 0 57 0 0 193 222 
9606.ENSP00000265052 9606.ENSP00000345096 126 0 0 63 0 0 56 159 
9606.ENSP00000265052 9606.ENSP00000338185 0 0 0 0 0 0 247 247 
9606.ENSP00000265052 9606.ENSP00000418397 78 0 0 61 0 0 161 210 
9606.ENSP00000265052 9606.ENSP00000356436 0 0 0 61 0 0 454 465 
9606.ENSP00000265052 9606.ENSP00000382428 45 0 0 64 0 0 155 178 
9606.ENSP00000265052 9606.ENSP00000430269 297 0 0 61 0 0 358 539 
9606.ENSP00000265052 9606.ENSP00000319851 215 0 0 0 0 0 221 362 
9606.ENSP00000265052 9606.ENSP00000313350 181 0 0 62 0 0 0 198 
9606.ENSP00000265052 9606.ENSP00000298910 50 0 0 69 0 0 175 206 
9606.ENSP00000265052 9606.ENSP00000320663 0 0 0 0 0 0 507 507 
9606.ENSP00000265052 9606.ENSP00000317842 0 0 0 0 0 0 456 456 
9606.ENSP00000265052 9606.ENSP00000255390 169 0 0 61 0 0 0 186 
9606.ENSP00000265052 9606.ENSP00000265565 0 0 0 61 0 0 278 293 
9606.ENSP00000265052 9606.ENSP00000361616 0 0 0 0 0 0 173 173 
9606.ENSP00000265052 9606.ENSP00000328405 0 0 0 0 0 0 571 571 
9606.ENSP00000265052 9606.ENSP00000417085 0 0 0 62 0 0 131 150 
9606.ENSP00000265052 9606.ENSP00000353720 0 0 0 56 0 0 596 602 
9606.ENSP00000265052 9606.ENSP00000436785 59 0 0 61 0 0 279 307 
9606.ENSP00000265052 9606.ENSP00000314396 73 0 0 0 76 0 131 190 
9606.ENSP00000265052 9606.ENSP00000334801 59 0 0 0 0 0 156 171 
9606.ENSP00000265052 9606.ENSP00000263177 78 0 0 61 0 0 202 248 
9606.ENSP00000265052 9606.ENSP00000299766 0 0 0 0 0 0 155 155 
9606.ENSP00000265052 9606.ENSP00000361021 60 0 0 62 0 0 121 157 
9606.ENSP00000265052 9606.ENSP00000260264 0 0 0 0 0 0 294 294 
9606.ENSP00000265052 9606.ENSP00000320935 0 0 0 63 57 0 268 296 
9606.ENSP00000265052 9606.ENSP00000275493 0 0 0 69 0 0 460 476 
9606.ENSP00000265052 9606.ENSP00000230048 260 0 0 0 0 0 57 272 
9606.ENSP00000265052 9606.ENSP00000375836 0 0 0 0 0 0 233 233 
9606.ENSP00000265052 9606.ENSP00000359871 78 0 0 61 0 0 260 304 
9606.ENSP00000265052 9606.ENSP00000265023 0 0 0 0 0 0 150 150 
9606.ENSP00000265052 9606.ENSP00000326219 59 0 0 0 0 0 156 171 
9606.ENSP00000265052 9606.ENSP00000332151 0 0 0 0 0 0 675 675 
9606.ENSP00000265052 9606.ENSP00000288111 59 0 0 0 0 0 156 171 
9606.ENSP00000265052 9606.ENSP00000273596 72 0 0 0 0 0 132 160 
9606.ENSP00000265052 9606.ENSP00000321584 126 0 0 63 0 0 107 205 
9606.ENSP00000265052 9606.ENSP00000371532 0 0 0 0 0 0 197 197 
9606.ENSP00000265052 9606.ENSP00000220058 202 0 0 61 0 0 0 218 
9606.ENSP00000265052 9606.ENSP00000386394 213 0 0 0 0 0 0 213 
9606.ENSP00000265052 9606.ENSP00000431376 183 0 0 50 0 0 0 190 
9606.ENSP00000265052 9606.ENSP00000468367 0 0 0 55 0 0 177 189 
9606.ENSP00000265052 9606.ENSP00000383923 72 0 0 0 0 0 162 189 
9606.ENSP00000265052 9606.ENSP00000298248 50 0 0 87 0 0 131 180 
9606.ENSP00000265052 9606.ENSP00000276590 134 0 0 62 0 0 137 237 
9606.ENSP00000265052 9606.ENSP00000397181 0 0 0 65 0 0 179 199 
9606.ENSP00000265052 9606.ENSP00000247225 78 0 0 63 0 0 190 239 
9606.ENSP00000265052 9606.ENSP00000261434 159 0 0 62 0 0 157 276 
9606.ENSP00000265052 9606.ENSP00000356015 121 0 0 57 0 0 203 282 
9606.ENSP00000265052 9606.ENSP00000230792 153 0 0 0 0 0 50 160 
9606.ENSP00000265052 9606.ENSP00000387219 258 0 0 82 0 0 0 289 
9606.ENSP00000265052 9606.ENSP00000322229 0 0 0 0 0 0 190 190 
9606.ENSP00000265052 9606.ENSP00000265605 52 0 0 0 98 0 117 179 
9606.ENSP00000265052 9606.ENSP00000257215 0 0 0 65 0 0 789 794 
9606.ENSP00000265052 9606.ENSP00000370966 111 0 0 0 0 0 85 151 
9606.ENSP00000265052 9606.ENSP00000482264 0 0 0 58 0 0 578 585 
9606.ENSP00000265052 9606.ENSP00000251535 0 0 0 0 0 0 256 256 
9606.ENSP00000265052 9606.ENSP00000259486 0 0 0 70 0 0 284 306 
9606.ENSP00000265052 9606.ENSP00000345728 145 0 0 49 0 0 66 174 
9606.ENSP00000265052 9606.ENSP00000454071 0 0 0 0 0 0 159 159 
9606.ENSP00000265052 9606.ENSP00000347754 0 0 0 0 0 0 193 193 
9606.ENSP00000265052 9606.ENSP00000227880 0 0 0 62 0 0 131 150 
9606.ENSP00000265052 9606.ENSP00000317904 0 0 0 63 62 0 164 201 
9606.ENSP00000265052 9606.ENSP00000356591 0 0 0 58 0 0 290 302 
9606.ENSP00000265052 9606.ENSP00000329614 273 0 0 0 0 0 173 373 
9606.ENSP00000265052 9606.ENSP00000262462 0 0 0 0 128 0 343 402 
9606.ENSP00000265052 9606.ENSP00000360431 0 0 0 51 0 0 435 441 
9606.ENSP00000265052 9606.ENSP00000474560 50 0 0 60 0 0 226 248 
9606.ENSP00000265052 9606.ENSP00000250974 73 0 0 63 0 0 140 187 
9606.ENSP00000265052 9606.ENSP00000333142 0 0 0 61 0 0 373 386 
9606.ENSP00000265052 9606.ENSP00000314649 52 0 0 63 98 0 117 197 
9606.ENSP00000265052 9606.ENSP00000216200 0 0 0 0 0 0 174 174 
9606.ENSP00000265052 9606.ENSP00000357535 0 0 0 63 0 0 144 163 
9606.ENSP00000265052 9606.ENSP00000340402 0 0 0 62 0 0 131 150 
9606.ENSP00000265052 9606.ENSP00000223215 72 0 0 0 0 0 143 171 
9606.ENSP00000265052 9606.ENSP00000482826 0 0 0 165 0 0 0 165 
9606.ENSP00000265052 9606.ENSP00000326305 0 0 0 46 0 0 152 157 
9606.ENSP00000265052 9606.ENSP00000400175 0 0 0 0 0 0 211 211 
9606.ENSP00000265052 9606.ENSP00000420914 145 0 0 55 0 0 118 225 
9606.ENSP00000265052 9606.ENSP00000482571 46 0 0 61 79 0 439 475 
9606.ENSP00000265052 9606.ENSP00000419665 180 0 0 61 0 0 42 197 
9606.ENSP00000265052 9606.ENSP00000421981 51 0 0 51 0 0 176 193 
9606.ENSP00000265052 9606.ENSP00000281543 271 0 0 61 0 0 0 286 
9606.ENSP00000265052 9606.ENSP00000262209 0 0 0 0 0 0 326 326 
9606.ENSP00000265052 9606.ENSP00000434516 253 0 0 53 0 0 181 370 
9606.ENSP00000265052 9606.ENSP00000439012 0 0 0 61 0 0 320 334 
9606.ENSP00000265052 9606.ENSP00000265062 0 0 0 55 0 0 228 239 
9606.ENSP00000265052 9606.ENSP00000368305 110 0 0 63 0 0 123 204 
9606.ENSP00000265052 9606.ENSP00000339191 0 0 0 69 0 0 143 168 
9606.ENSP00000265052 9606.ENSP00000454380 73 0 0 0 76 0 131 190 
9606.ENSP00000265052 9606.ENSP00000273450 52 0 0 0 98 0 117 179 
9606.ENSP00000265052 9606.ENSP00000384364 0 0 0 0 0 0 167 167 
9606.ENSP00000265052 9606.ENSP00000294964 0 0 0 55 0 0 486 494 
9606.ENSP00000265052 9606.ENSP00000420065 72 0 0 0 0 0 128 156 
9606.ENSP00000265052 9606.ENSP00000380432 0 0 0 0 0 0 446 446 
9606.ENSP00000265052 9606.ENSP00000365063 73 0 0 63 0 0 148 196 
9606.ENSP00000265052 9606.ENSP00000367668 0 0 0 0 0 0 222 222 
9606.ENSP00000265052 9606.ENSP00000264775 78 0 0 61 0 0 291 333 
9606.ENSP00000265052 9606.ENSP00000403042 0 0 0 0 0 0 233 233 
9606.ENSP00000265052 9606.ENSP00000373860 216 0 0 0 0 0 0 216 
9606.ENSP00000265052 9606.ENSP00000334314 0 0 0 0 0 0 163 163 
9606.ENSP00000265052 9606.ENSP00000241041 0 0 0 0 0 0 152 152 
9606.ENSP00000265052 9606.ENSP00000355890 329 0 0 61 0 0 225 469 
9606.ENSP00000265052 9606.ENSP00000320043 52 0 0 0 0 0 394 401 
9606.ENSP00000265052 9606.ENSP00000349687 0 0 0 0 0 0 243 243 
9606.ENSP00000265052 9606.ENSP00000361642 0 0 0 90 0 0 109 154 
9606.ENSP00000265052 9606.ENSP00000379108 188 0 0 0 0 0 0 188 
9606.ENSP00000265052 9606.ENSP00000297988 0 0 0 61 0 0 171 189 
9606.ENSP00000265052 9606.ENSP00000363400 0 0 0 0 0 0 379 379 
9606.ENSP00000265052 9606.ENSP00000459451 0 0 0 0 61 0 134 152 
9606.ENSP00000265052 9606.ENSP00000260324 48 0 0 93 0 0 103 157 
9606.ENSP00000265052 9606.ENSP00000217455 0 0 0 0 0 0 213 213 
9606.ENSP00000265052 9606.ENSP00000216962 53 0 0 86 0 0 103 156 
9606.ENSP00000265052 9606.ENSP00000445920 154 0 0 0 0 0 0 154 
9606.ENSP00000265052 9606.ENSP00000256854 174 0 0 0 68 0 0 197 
9606.ENSP00000265052 9606.ENSP00000361471 0 0 0 62 0 0 216 233 
9606.ENSP00000265052 9606.ENSP00000297001 0 0 0 0 0 0 327 327 
9606.ENSP00000265052 9606.ENSP00000325690 73 0 0 0 76 0 131 190 
9606.ENSP00000265052 9606.ENSP00000262305 0 0 0 0 0 0 552 552 
9606.ENSP00000265052 9606.ENSP00000360541 0 0 0 62 0 0 231 247 
9606.ENSP00000265052 9606.ENSP00000328938 111 0 0 0 0 0 218 275 
9606.ENSP00000265052 9606.ENSP00000258884 73 0 0 63 0 0 140 187 
9606.ENSP00000265052 9606.ENSP00000370420 42 0 0 61 0 0 135 153 
9606.ENSP00000265052 9606.ENSP00000328023 141 0 0 61 0 0 0 158 
9606.ENSP00000265052 9606.ENSP00000407509 60 0 0 63 0 0 444 468 
9606.ENSP00000265052 9606.ENSP00000303129 111 0 0 0 0 0 85 151 
9606.ENSP00000265052 9606.ENSP00000308219 0 0 0 0 0 0 193 193 
9606.ENSP00000265052 9606.ENSP00000365686 0 0 0 62 0 0 131 150 
9606.ENSP00000265052 9606.ENSP00000278353 172 0 0 82 0 0 59 222 
9606.ENSP00000265052 9606.ENSP00000363512 0 0 0 0 0 0 228 228 
9606.ENSP00000265052 9606.ENSP00000384092 0 0 0 0 0 0 214 214 
9606.ENSP00000265052 9606.ENSP00000290429 72 0 0 62 0 0 197 240 
9606.ENSP00000265052 9606.ENSP00000297873 73 0 0 58 76 0 131 205 
9606.ENSP00000265052 9606.ENSP00000330289 0 0 0 0 0 0 591 591 
9606.ENSP00000265052 9606.ENSP00000251607 275 0 0 55 0 0 0 285 
9606.ENSP00000265052 9606.ENSP00000422354 73 0 0 0 76 0 131 190 
9606.ENSP00000265052 9606.ENSP00000256104 0 0 0 69 0 0 448 464 
9606.ENSP00000265052 9606.ENSP00000418661 264 0 0 62 0 0 0 280 
9606.ENSP00000265052 9606.ENSP00000230321 0 0 0 0 0 0 153 153 
9606.ENSP00000265052 9606.ENSP00000365533 252 0 0 0 0 0 0 252 
9606.ENSP00000265052 9606.ENSP00000387123 52 0 0 52 98 0 161 229 
9606.ENSP00000265052 9606.ENSP00000377344 298 0 0 57 0 0 0 309 
9606.ENSP00000265052 9606.ENSP00000231887 0 0 0 61 0 0 198 214 
9606.ENSP00000265052 9606.ENSP00000305480 145 0 0 0 0 0 50 153 
9606.ENSP00000265052 9606.ENSP00000382349 0 0 0 62 61 0 134 170 
9606.ENSP00000265052 9606.ENSP00000312987 0 0 0 54 0 0 170 181 
9606.ENSP00000265052 9606.ENSP00000244496 0 0 0 0 0 0 419 419 
9606.ENSP00000265052 9606.ENSP00000256722 216 0 0 58 0 0 45 233 
9606.ENSP00000265052 9606.ENSP00000428994 0 0 0 60 0 0 172 188 
9606.ENSP00000265052 9606.ENSP00000290573 0 0 0 62 0 0 195 212 
9606.ENSP00000265052 9606.ENSP00000301364 0 0 0 61 0 0 261 276 
9606.ENSP00000265052 9606.ENSP00000352962 78 0 0 61 0 0 202 248 
9606.ENSP00000265052 9606.ENSP00000267328 0 0 0 0 0 0 177 177 
9606.ENSP00000265052 9606.ENSP00000301956 0 0 0 0 61 0 134 152 
9606.ENSP00000265052 9606.ENSP00000325548 0 0 0 49 0 0 166 172 
9606.ENSP00000265052 9606.ENSP00000411821 52 0 0 54 98 0 137 208 
9606.ENSP00000265052 9606.ENSP00000219439 172 0 0 77 0 0 50 210 
9606.ENSP00000265052 9606.ENSP00000361140 45 0 0 63 0 900 0 902 
9606.ENSP00000265052 9606.ENSP00000246421 0 0 0 0 0 0 152 152 
9606.ENSP00000265052 9606.ENSP00000320209 0 0 0 71 0 0 437 455 
9606.ENSP00000265052 9606.ENSP00000348069 0 0 0 0 0 0 420 420 
9606.ENSP00000265052 9606.ENSP00000314776 134 0 0 62 0 0 137 237 
9606.ENSP00000265052 9606.ENSP00000381785 59 0 0 0 0 0 156 171 
9606.ENSP00000265052 9606.ENSP00000379689 0 0 0 0 0 0 221 221 
9606.ENSP00000265052 9606.ENSP00000410811 0 0 0 55 0 0 552 558 
9606.ENSP00000265052 9606.ENSP00000264057 0 0 0 0 0 0 268 268 
9606.ENSP00000265052 9606.ENSP00000369927 45 0 0 82 0 0 122 163 
9606.ENSP00000265052 9606.ENSP00000335060 0 0 0 0 0 0 204 204 
9606.ENSP00000265052 9606.ENSP00000264167 71 0 0 0 0 0 220 245 
9606.ENSP00000265052 9606.ENSP00000265171 0 0 0 0 0 0 175 175 
9606.ENSP00000265052 9606.ENSP00000370430 0 0 0 55 0 0 266 276 
9606.ENSP00000265052 9606.ENSP00000337354 72 0 0 0 0 0 346 367 
9606.ENSP00000265052 9606.ENSP00000301180 149 0 0 55 0 0 173 276 
9606.ENSP00000265052 9606.ENSP00000479762 0 0 0 83 0 0 228 262 
9606.ENSP00000265052 9606.ENSP00000451818 159 0 0 61 0 0 55 188 
9606.ENSP00000265052 9606.ENSP00000262030 43 0 0 61 0 0 130 150 
9606.ENSP00000265052 9606.ENSP00000264451 205 0 0 61 0 0 70 245 
9606.ENSP00000265052 9606.ENSP00000392553 78 0 0 61 0 0 202 248 
9606.ENSP00000265052 9606.ENSP00000237822 0 0 0 0 0 0 499 499 
9606.ENSP00000265052 9606.ENSP00000287585 0 0 0 0 0 0 252 252 
9606.ENSP00000265052 9606.ENSP00000265322 59 0 0 0 0 0 178 193 
9606.ENSP00000265052 9606.ENSP00000401720 79 0 0 54 0 900 334 934 
9606.ENSP00000265052 9606.ENSP00000318585 0 0 0 52 0 0 166 175 
9606.ENSP00000265052 9606.ENSP00000261733 52 0 0 65 98 0 126 207 
9606.ENSP00000265052 9606.ENSP00000265689 0 0 0 57 0 0 211 224 
9606.ENSP00000265052 9606.ENSP00000367747 0 0 0 72 0 0 536 551 
9606.ENSP00000265052 9606.ENSP00000457733 0 0 0 55 0 0 187 199 
9606.ENSP00000265052 9606.ENSP00000311032 0 0 0 0 0 0 164 164 
9606.ENSP00000265052 9606.ENSP00000301286 0 0 0 61 0 0 410 422 
9606.ENSP00000265052 9606.ENSP00000222800 72 0 0 0 0 0 498 515 
9606.ENSP00000265052 9606.ENSP00000381140 46 0 0 73 79 0 174 237 
9606.ENSP00000265052 9606.ENSP00000477707 0 0 0 59 0 0 141 157 
9606.ENSP00000265052 9606.ENSP00000355471 180 0 0 49 0 0 44 189 
9606.ENSP00000265052 9606.ENSP00000202967 111 0 0 0 0 0 97 163 
9606.ENSP00000265052 9606.ENSP00000280481 156 0 0 60 0 0 0 172 
9606.ENSP00000265052 9606.ENSP00000412237 0 0 0 0 0 0 188 188 
9606.ENSP00000265052 9606.ENSP00000470478 0 0 0 0 0 0 201 201 
9606.ENSP00000265052 9606.ENSP00000261254 0 0 0 0 127 0 95 176 
9606.ENSP00000265052 9606.ENSP00000356912 0 0 0 0 290 0 0 290 
9606.ENSP00000265052 9606.ENSP00000328036 0 0 0 61 185 0 108 257 
9606.ENSP00000265052 9606.ENSP00000376352 43 0 0 0 0 0 176 178 
9606.ENSP00000265052 9606.ENSP00000385780 0 0 0 0 0 0 633 633 
9606.ENSP00000265052 9606.ENSP00000349960 0 0 0 0 0 0 163 163 
9606.ENSP00000265052 9606.ENSP00000405423 0 0 0 62 0 0 131 150 
9606.ENSP00000265052 9606.ENSP00000343428 0 0 0 0 0 0 422 422 
9606.ENSP00000265052 9606.ENSP00000312834 0 0 0 0 0 0 327 327 
9606.ENSP00000265052 9606.ENSP00000235521 188 0 0 57 0 0 0 201 
9606.ENSP00000265052 9606.ENSP00000357980 72 0 0 107 53 0 57 160 
9606.ENSP00000265052 9606.ENSP00000357873 78 0 0 61 0 0 128 179 
9606.ENSP00000265052 9606.ENSP00000458832 0 0 0 0 0 0 236 236 
9606.ENSP00000265052 9606.ENSP00000385523 0 0 0 61 0 0 425 437 
9606.ENSP00000265052 9606.ENSP00000337701 0 0 0 85 0 900 757 975 
9606.ENSP00000265052 9606.ENSP00000466898 78 0 0 61 0 0 202 248 
9606.ENSP00000265052 9606.ENSP00000304229 46 0 0 0 0 0 180 184 
9606.ENSP00000265052 9606.ENSP00000319814 0 0 0 61 0 0 161 179 
9606.ENSP00000265052 9606.ENSP00000396704 50 0 0 0 50 0 139 155 
9606.ENSP00000265052 9606.ENSP00000332256 52 0 0 63 98 0 117 197 
9606.ENSP00000265052 9606.ENSP00000262428 0 0 0 0 0 0 154 154 
9606.ENSP00000265052 9606.ENSP00000358695 56 0 0 61 0 0 132 163 
9606.ENSP00000265052 9606.ENSP00000353904 0 0 0 55 0 0 199 211 
9606.ENSP00000265052 9606.ENSP00000414558 72 0 0 62 0 0 638 657 
9606.ENSP00000265052 9606.ENSP00000365725 73 0 0 63 0 0 822 832 
9606.ENSP00000265052 9606.ENSP00000338345 0 0 0 0 0 0 194 194 
9606.ENSP00000265052 9606.ENSP00000292147 134 0 0 61 0 0 137 236 
9606.ENSP00000265052 9606.ENSP00000217420 0 0 0 61 0 0 168 186 
9606.ENSP00000265052 9606.ENSP00000265641 0 0 0 0 0 0 389 389 
9606.ENSP00000265052 9606.ENSP00000264867 0 0 0 61 0 0 165 182 
9606.ENSP00000265052 9606.ENSP00000336693 73 0 0 63 0 0 145 192 
9606.ENSP00000265052 9606.ENSP00000376475 60 0 0 81 0 0 501 531 
9606.ENSP00000265052 9606.ENSP00000253792 49 0 0 52 0 0 437 448 
9606.ENSP00000265052 9606.ENSP00000342385 0 0 0 0 0 0 161 161 
9606.ENSP00000265052 9606.ENSP00000198801 0 0 0 62 189 900 428 950 
9606.ENSP00000265052 9606.ENSP00000269848 171 0 0 0 0 0 0 171 
9606.ENSP00000265052 9606.ENSP00000424191 0 0 0 0 0 0 150 150 
9606.ENSP00000265052 9606.ENSP00000454945 0 0 0 81 0 0 557 576 
9606.ENSP00000265052 9606.ENSP00000268261 101 0 0 57 0 0 153 219 
9606.ENSP00000265052 9606.ENSP00000438689 78 0 0 61 0 0 242 286 
9606.ENSP00000265052 9606.ENSP00000274793 0 0 0 55 0 0 325 335 
9606.ENSP00000265052 9606.ENSP00000367203 79 0 0 61 73 0 140 218 
9606.ENSP00000265052 9606.ENSP00000173527 126 0 0 50 0 0 127 211 
9606.ENSP00000265052 9606.ENSP00000221957 0 0 0 0 0 0 412 412 
9606.ENSP00000265052 9606.ENSP00000345968 0 0 0 0 0 0 384 384 
9606.ENSP00000265052 9606.ENSP00000451998 0 0 0 0 0 0 163 163 
9606.ENSP00000265052 9606.ENSP00000297494 45 0 0 61 0 0 154 175 
9606.ENSP00000265052 9606.ENSP00000363638 52 0 0 0 0 0 368 375 
9606.ENSP00000265052 9606.ENSP00000289119 0 0 0 62 133 0 461 523 
9606.ENSP00000265052 9606.ENSP00000321810 214 0 0 0 0 0 0 214 
9606.ENSP00000265052 9606.ENSP00000351644 238 0 0 0 0 0 0 238 
9606.ENSP00000265052 9606.ENSP00000238721 111 0 0 0 0 0 98 164 
9606.ENSP00000265052 9606.ENSP00000273359 72 0 0 0 0 0 157 184 
9606.ENSP00000265052 9606.ENSP00000351706 79 0 0 54 0 900 50 906 
9606.ENSP00000265052 9606.ENSP00000307567 110 0 0 0 0 0 87 152 
9606.ENSP00000265052 9606.ENSP00000341159 110 0 0 0 0 0 85 151 
9606.ENSP00000265052 9606.ENSP00000339435 42 0 0 0 0 0 173 173 
9606.ENSP00000265052 9606.ENSP00000383901 72 0 0 0 0 0 293 316 
9606.ENSP00000265052 9606.ENSP00000276571 0 0 0 0 0 0 163 163 
9606.ENSP00000265052 9606.ENSP00000381072 0 0 0 65 0 0 140 162 
9606.ENSP00000265052 9606.ENSP00000252136 199 0 0 0 0 0 0 199 
9606.ENSP00000265052 9606.ENSP00000345774 52 0 0 54 98 0 117 190 
9606.ENSP00000265052 9606.ENSP00000262764 74 0 0 61 0 0 220 262 
9606.ENSP00000265052 9606.ENSP00000264954 72 0 0 57 0 0 148 189 
9606.ENSP00000265052 9606.ENSP00000312618 78 0 0 61 0 0 199 246 
9606.ENSP00000265052 9606.ENSP00000371110 135 0 0 0 0 0 142 226 
9606.ENSP00000265052 9606.ENSP00000391788 0 0 0 0 0 0 492 492 
9606.ENSP00000265052 9606.ENSP00000301455 0 0 0 76 0 0 257 284 
9606.ENSP00000265052 9606.ENSP00000410804 0 0 0 61 0 0 232 248 
9606.ENSP00000265052 9606.ENSP00000272444 0 0 0 58 0 0 155 170 
9606.ENSP00000265052 9606.ENSP00000300055 0 0 0 62 0 0 650 657 
9606.ENSP00000265052 9606.ENSP00000302441 78 0 0 61 0 0 178 226 
9606.ENSP00000265052 9606.ENSP00000383364 0 0 0 0 0 0 295 295 
9606.ENSP00000265052 9606.ENSP00000337972 110 0 0 63 0 0 123 204 
9606.ENSP00000265052 9606.ENSP00000227507 0 0 0 0 127 0 102 182 
9606.ENSP00000265052 9606.ENSP00000406012 0 0 0 0 0 0 452 452 
9606.ENSP00000265052 9606.ENSP00000267426 0 0 0 0 0 0 242 242 
9606.ENSP00000265052 9606.ENSP00000276692 183 0 0 50 0 0 0 190 
9606.ENSP00000265052 9606.ENSP00000265022 0 0 0 0 0 0 347 347 
9606.ENSP00000265052 9606.ENSP00000481732 70 0 0 62 57 0 106 166 
9606.ENSP00000265052 9606.ENSP00000325136 121 0 0 50 0 0 286 352 
9606.ENSP00000265052 9606.ENSP00000252595 0 0 0 0 128 0 382 438 
9606.ENSP00000265052 9606.ENSP00000380880 0 0 0 65 555 0 0 566 
9606.ENSP00000265052 9606.ENSP00000370057 0 0 0 0 0 0 170 170 
9606.ENSP00000265052 9606.ENSP00000349616 51 0 0 51 0 0 156 173 
9606.ENSP00000265052 9606.ENSP00000409738 0 0 0 151 0 0 0 151 
9606.ENSP00000265052 9606.ENSP00000281182 78 0 0 61 0 0 128 179 
9606.ENSP00000265052 9606.ENSP00000359680 43 0 0 61 0 0 204 222 
9606.ENSP00000265052 9606.ENSP00000320815 110 0 0 63 0 0 123 204 
9606.ENSP00000265052 9606.ENSP00000309163 0 0 0 0 0 0 246 246 
9606.ENSP00000265052 9606.ENSP00000422338 73 0 0 0 76 0 131 190 
9606.ENSP00000265052 9606.ENSP00000237014 0 0 0 64 0 0 192 211 
9606.ENSP00000265052 9606.ENSP00000338967 0 0 0 0 0 0 157 157 
9606.ENSP00000265052 9606.ENSP00000262719 0 0 0 0 0 0 173 173 
9606.ENSP00000265052 9606.ENSP00000216780 0 0 0 49 0 0 168 175 
9606.ENSP00000265052 9606.ENSP00000363089 0 0 0 76 0 0 136 167 
9606.ENSP00000265052 9606.ENSP00000274024 0 0 0 0 0 0 534 534 
9606.ENSP00000265052 9606.ENSP00000401191 73 0 0 58 76 0 131 205 
9606.ENSP00000265052 9606.ENSP00000241052 51 0 0 0 0 0 320 327 
9606.ENSP00000265052 9606.ENSP00000368566 0 0 0 61 0 800 189 834 
9606.ENSP00000265052 9606.ENSP00000289547 0 0 0 0 0 0 179 179 
9606.ENSP00000265052 9606.ENSP00000363553 0 0 0 88 0 0 161 202 
9606.ENSP00000265052 9606.ENSP00000468312 0 0 0 0 0 0 163 163 
9606.ENSP00000265052 9606.ENSP00000335074 0 0 0 0 0 0 156 156 
9606.ENSP00000265052 9606.ENSP00000455068 0 0 0 0 0 0 478 478 
9606.ENSP00000265052 9606.ENSP00000405424 0 0 0 62 0 0 160 179 
9606.ENSP00000265052 9606.ENSP00000311984 259 0 0 62 0 0 0 275 
9606.ENSP00000265052 9606.ENSP00000221515 0 0 0 0 0 0 150 150 
9606.ENSP00000265052 9606.ENSP00000347872 111 0 0 0 0 0 85 151 
9606.ENSP00000265052 9606.ENSP00000259938 0 0 0 0 0 0 200 200 
9606.ENSP00000265052 9606.ENSP00000381654 77 0 0 52 0 0 162 203 
9606.ENSP00000265052 9606.ENSP00000358563 185 0 0 61 0 0 0 201 
9606.ENSP00000265052 9606.ENSP00000311825 171 0 0 0 0 0 99 221 
9606.ENSP00000265052 9606.ENSP00000345974 295 0 0 0 0 0 349 521 
9606.ENSP00000265052 9606.ENSP00000300456 0 0 0 0 128 0 244 313 
9606.ENSP00000265052 9606.ENSP00000359211 149 0 0 60 0 0 65 187 
9606.ENSP00000265052 9606.ENSP00000313681 110 0 0 0 0 0 164 225 
9606.ENSP00000265052 9606.ENSP00000293217 78 0 0 61 0 0 356 393 
9606.ENSP00000265052 9606.ENSP00000233242 0 0 0 0 0 0 405 405 
9606.ENSP00000265052 9606.ENSP00000443459 213 0 0 55 0 0 0 224 
9606.ENSP00000265052 9606.ENSP00000262027 174 0 0 0 0 0 154 271 
9606.ENSP00000265052 9606.ENSP00000269143 167 0 0 61 0 0 81 218 
9606.ENSP00000265052 9606.ENSP00000404100 0 0 0 0 0 0 370 370 
9606.ENSP00000265052 9606.ENSP00000260526 0 0 0 0 0 0 235 235 
9606.ENSP00000265052 9606.ENSP00000360316 71 0 0 0 0 0 187 212 
9606.ENSP00000265052 9606.ENSP00000369335 206 0 0 55 0 0 0 217 
9606.ENSP00000265052 9606.ENSP00000322706 74 0 0 63 0 0 124 174 
9606.ENSP00000265052 9606.ENSP00000368646 43 0 0 61 0 0 151 170 
9606.ENSP00000265052 9606.ENSP00000317177 74 0 0 0 0 0 224 251 
9606.ENSP00000265052 9606.ENSP00000481694 0 0 0 0 0 0 152 152 
9606.ENSP00000265052 9606.ENSP00000374353 134 0 0 62 0 0 137 237 
9606.ENSP00000265052 9606.ENSP00000362463 78 0 0 57 0 0 223 265 
9606.ENSP00000265052 9606.ENSP00000341785 51 0 0 51 0 0 182 199 
9606.ENSP00000265052 9606.ENSP00000314036 46 0 0 0 79 0 296 327 
9606.ENSP00000265052 9606.ENSP00000301522 43 0 0 61 0 0 151 170 
9606.ENSP00000265052 9606.ENSP00000258873 0 0 0 43 0 800 85 809 
9606.ENSP00000265052 9606.ENSP00000286733 0 0 0 0 0 0 704 704 
9606.ENSP00000265052 9606.ENSP00000436455 0 0 0 0 0 0 181 181 
9606.ENSP00000265052 9606.ENSP00000228740 0 0 0 63 0 0 175 194 
9606.ENSP00000265052 9606.ENSP00000327916 0 0 0 89 61 0 208 263 
9606.ENSP00000265052 9606.ENSP00000304895 0 0 0 0 0 0 152 152 
9606.ENSP00000265052 9606.ENSP00000312326 0 0 0 62 0 0 163 181 
9606.ENSP00000265052 9606.ENSP00000350012 0 0 0 61 0 800 316 860 
9606.ENSP00000265052 9606.ENSP00000301329 78 0 0 52 0 0 223 261 
9606.ENSP00000265052 9606.ENSP00000266679 0 0 0 0 0 0 178 178 
9606.ENSP00000265052 9606.ENSP00000294413 0 0 0 0 0 0 444 444 
9606.ENSP00000265052 9606.ENSP00000265563 60 0 0 81 0 0 98 152 
9606.ENSP00000265052 9606.ENSP00000321537 0 0 0 59 0 0 140 156 
9606.ENSP00000265052 9606.ENSP00000306662 0 0 0 77 0 0 127 159 
9606.ENSP00000265052 9606.ENSP00000349003 0 0 0 0 0 0 248 248 
9606.ENSP00000265052 9606.ENSP00000378854 175 0 0 61 0 0 0 192 
9606.ENSP00000265052 9606.ENSP00000381089 0 0 0 0 0 0 154 154 
9606.ENSP00000265052 9606.ENSP00000055077 154 0 0 61 0 0 0 171 
9606.ENSP00000265052 9606.ENSP00000348429 0 0 0 95 0 800 241 850 
9606.ENSP00000265052 9606.ENSP00000296271 0 0 0 0 0 0 159 159 
9606.ENSP00000265052 9606.ENSP00000006275 0 0 0 0 0 0 284 284 
9606.ENSP00000265052 9606.ENSP00000310623 166 0 0 61 0 0 0 183 
9606.ENSP00000265052 9606.ENSP00000461007 0 0 0 0 0 0 710 710 
9606.ENSP00000265052 9606.ENSP00000265431 0 0 0 0 0 0 456 456 
9606.ENSP00000265052 9606.ENSP00000353444 0 0 0 0 0 0 177 177 
9606.ENSP00000265052 9606.ENSP00000353557 59 0 0 61 0 0 133 167 
9606.ENSP00000265052 9606.ENSP00000355995 59 0 0 88 0 0 179 234 
9606.ENSP00000265052 9606.ENSP00000296424 59 0 0 0 0 0 156 171 
9606.ENSP00000265052 9606.ENSP00000404718 0 0 0 49 0 0 316 321 
9606.ENSP00000265052 9606.ENSP00000265717 60 0 0 81 0 0 134 187 
9606.ENSP00000265052 9606.ENSP00000368876 0 0 0 62 0 0 355 369 
9606.ENSP00000265052 9606.ENSP00000308535 70 0 0 54 116 0 55 166 
9606.ENSP00000265052 9606.ENSP00000354558 0 0 0 0 0 0 219 219 
9606.ENSP00000265052 9606.ENSP00000005178 43 0 0 83 0 0 196 234 
9606.ENSP00000265052 9606.ENSP00000320359 0 0 0 0 0 0 521 521 
9606.ENSP00000265052 9606.ENSP00000441543 0 0 0 61 85 0 90 150 
9606.ENSP00000265052 9606.ENSP00000407586 0 0 0 0 0 0 187 187 
9606.ENSP00000265052 9606.ENSP00000397050 0 0 0 0 0 0 179 179 
9606.ENSP00000265052 9606.ENSP00000385746 0 0 0 57 0 0 179 192 
9606.ENSP00000265052 9606.ENSP00000269919 208 0 0 0 0 0 173 317 
9606.ENSP00000265052 9606.ENSP00000480004 72 0 0 63 0 0 128 175 
9606.ENSP00000265052 9606.ENSP00000430344 0 0 0 51 0 0 224 232 
9606.ENSP00000265052 9606.ENSP00000297785 52 0 0 71 98 0 158 242 
9606.ENSP00000265052 9606.ENSP00000263593 0 0 0 0 0 0 159 159 
9606.ENSP00000265052 9606.ENSP00000277120 0 0 0 62 0 0 390 404 
9606.ENSP00000265052 9606.ENSP00000358232 0 0 0 0 0 900 128 909 
9606.ENSP00000265052 9606.ENSP00000483547 0 0 0 55 0 0 139 151 
9606.ENSP00000265052 9606.ENSP00000365200 0 0 0 61 0 0 146 164 
9606.ENSP00000265052 9606.ENSP00000238789 172 0 0 62 0 0 105 244 
9606.ENSP00000265052 9606.ENSP00000473036 50 0 0 86 0 0 221 264 
9606.ENSP00000265052 9606.ENSP00000304376 0 0 0 0 0 0 177 177 
9606.ENSP00000265052 9606.ENSP00000428864 0 0 0 0 0 0 481 481 
9606.ENSP00000265052 9606.ENSP00000270357 0 0 0 86 0 0 148 189 
9606.ENSP00000265052 9606.ENSP00000264005 0 0 0 61 194 0 211 350 
9606.ENSP00000265052 9606.ENSP00000358140 0 0 0 65 0 0 513 525 
9606.ENSP00000265052 9606.ENSP00000450962 0 0 0 0 0 0 337 337 
9606.ENSP00000265052 9606.ENSP00000356205 0 0 0 83 0 0 164 201 
9606.ENSP00000265052 9606.ENSP00000353650 0 0 0 0 0 0 267 267 
9606.ENSP00000265052 9606.ENSP00000324842 0 0 0 0 61 0 152 169 
9606.ENSP00000265052 9606.ENSP00000244040 0 0 0 0 0 0 177 177 
9606.ENSP00000265052 9606.ENSP00000479636 0 0 0 51 0 0 579 584 
9606.ENSP00000265052 9606.ENSP00000310832 0 0 0 76 0 0 119 151 
9606.ENSP00000265052 9606.ENSP00000446743 150 0 0 51 0 0 131 237 
9606.ENSP00000265052 9606.ENSP00000261386 110 0 0 63 0 0 554 596 
9606.ENSP00000265052 9606.ENSP00000339626 0 0 0 0 0 0 152 152 
9606.ENSP00000265052 9606.ENSP00000263088 74 0 0 0 0 0 336 358 
9606.ENSP00000265052 9606.ENSP00000282276 164 0 0 0 0 0 84 201 
9606.ENSP00000265052 9606.ENSP00000380759 73 0 0 0 79 0 131 193 
9606.ENSP00000265052 9606.ENSP00000384363 110 0 0 63 0 0 123 204 
9606.ENSP00000265052 9606.ENSP00000306129 0 0 0 0 0 0 173 173 
9606.ENSP00000265052 9606.ENSP00000304127 0 0 0 0 0 0 568 568 
9606.ENSP00000265052 9606.ENSP00000466775 0 0 0 0 0 0 212 212 
9606.ENSP00000265052 9606.ENSP00000377900 72 0 0 0 0 900 264 925 
9606.ENSP00000265052 9606.ENSP00000263655 0 0 0 69 0 0 407 424 
9606.ENSP00000265052 9606.ENSP00000384620 0 0 0 0 0 0 432 432 
9606.ENSP00000265052 9606.ENSP00000384262 0 0 0 0 0 0 186 186 
9606.ENSP00000265052 9606.ENSP00000343103 73 0 0 0 76 0 131 190 
9606.ENSP00000265052 9606.ENSP00000398803 45 0 0 61 0 0 221 240 
9606.ENSP00000265052 9606.ENSP00000226299 0 0 0 57 0 0 137 151 
9606.ENSP00000265052 9606.ENSP00000260184 298 0 0 57 0 0 0 309 
9606.ENSP00000265052 9606.ENSP00000333946 44 0 0 61 0 0 204 223 
9606.ENSP00000265052 9606.ENSP00000215885 0 0 0 0 0 0 187 187 
9606.ENSP00000265052 9606.ENSP00000262746 43 0 0 61 0 0 151 170 
9606.ENSP00000265052 9606.ENSP00000448785 73 0 0 0 76 0 131 190 
9606.ENSP00000265052 9606.ENSP00000356723 70 0 0 62 57 0 106 166 
9606.ENSP00000265052 9606.ENSP00000331614 0 0 0 0 0 0 528 528 
9606.ENSP00000265052 9606.ENSP00000366233 0 0 0 0 0 0 167 167 
9606.ENSP00000265052 9606.ENSP00000446252 184 0 0 46 0 0 151 281 
9606.ENSP00000265052 9606.ENSP00000413575 0 0 0 0 0 0 194 194 
9606.ENSP00000265052 9606.ENSP00000364412 172 0 0 77 0 0 50 210 
9606.ENSP00000265052 9606.ENSP00000287652 183 0 0 50 0 0 0 190 
9606.ENSP00000265052 9606.ENSP00000222286 50 0 0 63 0 0 221 246 
9606.ENSP00000265052 9606.ENSP00000444433 169 0 0 61 0 0 60 202 
9606.ENSP00000265052 9606.ENSP00000348842 0 0 0 0 0 0 163 163 
9606.ENSP00000265052 9606.ENSP00000447053 0 0 0 0 0 0 177 177 
9606.ENSP00000265052 9606.ENSP00000390265 0 0 0 58 0 0 169 183 
9606.ENSP00000265052 9606.ENSP00000406674 0 0 0 62 189 900 322 941 
9606.ENSP00000265052 9606.ENSP00000387662 0 0 0 0 0 0 228 228 
9606.ENSP00000265052 9606.ENSP00000347755 0 0 0 0 0 0 186 186 
9606.ENSP00000265052 9606.ENSP00000300051 71 0 0 65 0 0 139 187 
9606.ENSP00000265052 9606.ENSP00000369739 72 0 0 0 0 0 311 333 
9606.ENSP00000265052 9606.ENSP00000380401 70 0 0 62 57 0 106 166 
9606.ENSP00000265052 9606.ENSP00000333836 0 0 0 55 0 0 140 152 
9606.ENSP00000265052 9606.ENSP00000277865 50 0 0 61 0 0 126 152 
9606.ENSP00000265052 9606.ENSP00000221486 235 0 0 0 0 0 0 235 
9606.ENSP00000265052 9606.ENSP00000366006 292 0 0 0 0 0 378 540 
9606.ENSP00000265052 9606.ENSP00000261596 0 0 0 55 0 0 326 336 
9606.ENSP00000265052 9606.ENSP00000273814 0 0 0 0 0 0 227 227 
9606.ENSP00000265052 9606.ENSP00000261407 0 0 0 64 0 0 201 220 
9606.ENSP00000265052 9606.ENSP00000359691 152 0 0 64 0 0 154 269 
9606.ENSP00000265052 9606.ENSP00000358414 74 0 0 78 0 0 167 226 
9606.ENSP00000265052 9606.ENSP00000360270 140 0 0 143 0 0 111 287 
9606.ENSP00000265052 9606.ENSP00000338019 0 0 0 92 50 0 95 151 
9606.ENSP00000265052 9606.ENSP00000361914 184 0 0 0 0 0 229 343 
9606.ENSP00000265052 9606.ENSP00000331879 73 0 0 0 80 0 131 194 
9606.ENSP00000265052 9606.ENSP00000358312 0 0 0 53 0 0 188 198 
9606.ENSP00000265052 9606.ENSP00000244043 0 0 0 61 0 0 151 169 
9606.ENSP00000265052 9606.ENSP00000321106 0 0 0 0 0 0 208 208 
9606.ENSP00000265052 9606.ENSP00000326933 0 0 0 0 0 0 203 203 
9606.ENSP00000265052 9606.ENSP00000355996 0 0 0 69 0 0 453 469 
9606.ENSP00000265052 9606.ENSP00000389399 175 0 0 0 0 0 0 175 
9606.ENSP00000265052 9606.ENSP00000366265 0 0 0 0 0 0 180 180 
9606.ENSP00000265052 9606.ENSP00000368152 0 0 0 0 0 0 158 158 
9606.ENSP00000265052 9606.ENSP00000361007 72 0 0 0 0 0 202 227 
9606.ENSP00000265052 9606.ENSP00000216259 101 0 0 57 0 0 153 219 
9606.ENSP00000265052 9606.ENSP00000256458 0 0 0 61 0 0 133 151 
9606.ENSP00000265052 9606.ENSP00000316454 0 0 0 0 0 0 311 311 
9606.ENSP00000265052 9606.ENSP00000348911 111 0 0 0 0 0 190 249 
9606.ENSP00000265052 9606.ENSP00000378105 0 0 0 0 0 0 223 223 
9606.ENSP00000265052 9606.ENSP00000408295 154 0 0 61 0 0 0 171 
9606.ENSP00000265052 9606.ENSP00000278840 0 0 0 0 0 0 241 241 
9606.ENSP00000265052 9606.ENSP00000379865 0 0 0 61 0 0 308 322 
9606.ENSP00000265052 9606.ENSP00000319531 236 0 0 50 0 0 102 291 
9606.ENSP00000265052 9606.ENSP00000216117 0 0 0 61 0 0 252 268 
9606.ENSP00000265052 9606.ENSP00000365395 111 0 0 0 0 0 185 244 
9606.ENSP00000265052 9606.ENSP00000199320 180 0 0 49 0 0 44 189 
9606.ENSP00000265052 9606.ENSP00000219481 59 0 0 61 0 0 591 607 
9606.ENSP00000265052 9606.ENSP00000477572 0 0 0 61 0 0 227 243 
9606.ENSP00000265052 9606.ENSP00000483300 0 0 0 81 0 0 382 408 
9606.ENSP00000265052 9606.ENSP00000263897 0 0 0 0 228 0 0 228 
9606.ENSP00000265052 9606.ENSP00000451828 0 0 0 0 0 0 330 330 
9606.ENSP00000265052 9606.ENSP00000298510 43 0 0 61 0 0 151 170 
9606.ENSP00000265052 9606.ENSP00000399805 111 0 0 0 0 0 85 151 
9606.ENSP00000265052 9606.ENSP00000379282 0 0 0 0 0 0 255 255 
9606.ENSP00000265052 9606.ENSP00000444052 0 0 0 0 0 0 477 477 
9606.ENSP00000265052 9606.ENSP00000355506 145 0 0 61 0 0 50 170 
9606.ENSP00000265052 9606.ENSP00000354511 0 0 0 65 0 0 224 244 
9606.ENSP00000265052 9606.ENSP00000085068 126 0 0 50 0 0 127 211 
9606.ENSP00000265052 9606.ENSP00000295834 0 0 0 61 0 0 292 306 
9606.ENSP00000265052 9606.ENSP00000354608 147 0 0 0 0 0 322 397 
9606.ENSP00000265052 9606.ENSP00000264990 75 0 0 63 0 0 118 169 
9606.ENSP00000265052 9606.ENSP00000384296 0 0 0 0 0 0 165 165 
9606.ENSP00000265052 9606.ENSP00000229195 0 0 0 61 0 0 539 548 
9606.ENSP00000265052 9606.ENSP00000304467 156 0 0 49 0 0 0 163 
9606.ENSP00000265052 9606.ENSP00000362344 276 0 0 61 0 0 48 296 
9606.ENSP00000265052 9606.ENSP00000389814 0 0 0 61 0 0 299 313 
9606.ENSP00000265052 9606.ENSP00000229239 50 0 0 63 0 0 420 438 
9606.ENSP00000265052 9606.ENSP00000450832 0 0 0 0 0 0 284 284 
9606.ENSP00000265052 9606.ENSP00000403852 174 0 0 61 0 0 0 191 
9606.ENSP00000265052 9606.ENSP00000380514 134 0 0 62 0 0 147 247 
9606.ENSP00000265052 9606.ENSP00000377617 188 0 0 0 0 0 46 192 
9606.ENSP00000265052 9606.ENSP00000296277 110 0 0 0 0 0 87 152 
9606.ENSP00000265052 9606.ENSP00000303211 0 0 0 68 0 0 360 379 
9606.ENSP00000265052 9606.ENSP00000358223 0 0 0 0 0 900 425 940 
9606.ENSP00000265052 9606.ENSP00000344173 0 0 0 0 0 0 196 196 
9606.ENSP00000265052 9606.ENSP00000377796 73 0 0 0 76 0 131 190 
9606.ENSP00000265052 9606.ENSP00000231004 0 0 0 0 0 0 378 378 
9606.ENSP00000265052 9606.ENSP00000416293 0 0 0 63 57 0 210 241 
9606.ENSP00000265052 9606.ENSP00000363092 60 0 0 63 0 0 157 192 
9606.ENSP00000265052 9606.ENSP00000205214 326 0 0 0 0 0 392 572 
9606.ENSP00000265052 9606.ENSP00000364802 44 0 0 78 0 0 126 163 
9606.ENSP00000265052 9606.ENSP00000379011 0 0 0 0 0 0 269 269 
9606.ENSP00000265052 9606.ENSP00000257770 163 0 0 88 0 0 54 214 
9606.ENSP00000265052 9606.ENSP00000362354 0 0 0 55 0 0 234 245 
9606.ENSP00000265052 9606.ENSP00000473990 52 0 0 54 98 0 117 190 
9606.ENSP00000265052 9606.ENSP00000473384 145 0 0 57 0 0 50 167 
9606.ENSP00000265052 9606.ENSP00000252486 0 0 0 78 0 0 256 284 
9606.ENSP00000265052 9606.ENSP00000284981 0 0 0 81 0 0 266 297 
9606.ENSP00000265052 9606.ENSP00000381461 72 0 0 0 0 0 403 422 
9606.ENSP00000265052 9606.ENSP00000346148 0 0 0 0 0 0 166 166 
9606.ENSP00000265052 9606.ENSP00000262554 135 0 0 0 0 0 142 226 
9606.ENSP00000265052 9606.ENSP00000320650 0 0 0 64 50 0 146 174 
9606.ENSP00000265052 9606.ENSP00000263702 111 0 0 0 0 0 85 151 
9606.ENSP00000265052 9606.ENSP00000317300 46 0 0 55 79 0 145 195 
9606.ENSP00000265052 9606.ENSP00000442464 111 0 0 77 0 0 915 924 
9606.ENSP00000265052 9606.ENSP00000323740 0 0 0 61 0 0 141 159 
9606.ENSP00000265052 9606.ENSP00000401197 0 0 0 61 0 0 462 473 
9606.ENSP00000265052 9606.ENSP00000414303 0 0 0 0 0 0 290 290 
9606.ENSP00000265052 9606.ENSP00000216027 0 0 0 61 67 0 226 262 
9606.ENSP00000265052 9606.ENSP00000392066 149 0 0 55 0 0 173 276 
9606.ENSP00000265052 9606.ENSP00000306138 0 0 0 0 0 0 416 416 
9606.ENSP00000265052 9606.ENSP00000360687 0 0 0 107 0 0 130 190 
9606.ENSP00000265052 9606.ENSP00000216038 172 0 0 61 0 0 62 207 
9606.ENSP00000265052 9606.ENSP00000263383 79 0 0 0 0 0 116 151 
9606.ENSP00000265052 9606.ENSP00000426191 153 0 0 0 0 0 0 153 
9606.ENSP00000265052 9606.ENSP00000284061 0 0 0 0 0 0 158 158 
9606.ENSP00000265052 9606.ENSP00000411613 0 0 0 62 0 0 163 181 
9606.ENSP00000265052 9606.ENSP00000450980 0 0 0 67 0 0 146 169 
9606.ENSP00000265052 9606.ENSP00000437737 0 0 0 0 0 0 174 174 
9606.ENSP00000265052 9606.ENSP00000300738 286 0 0 61 0 0 0 300 
9606.ENSP00000265052 9606.ENSP00000402861 0 0 0 51 0 0 223 231 
9606.ENSP00000265052 9606.ENSP00000352833 0 0 0 0 0 0 322 322 
9606.ENSP00000265052 9606.ENSP00000359204 78 0 0 61 0 0 202 248 
9606.ENSP00000265052 9606.ENSP00000450353 253 0 0 63 98 0 201 428 
9606.ENSP00000265052 9606.ENSP00000381105 0 0 0 0 0 0 167 167 
9606.ENSP00000265052 9606.ENSP00000423399 46 0 0 0 0 0 228 232 
9606.ENSP00000265052 9606.ENSP00000379818 0 0 0 0 0 0 173 173 
9606.ENSP00000265052 9606.ENSP00000363596 0 0 0 0 0 0 797 797 
9606.ENSP00000265052 9606.ENSP00000352268 111 0 0 0 0 0 176 236 
9606.ENSP00000265052 9606.ENSP00000377428 0 0 0 0 0 0 163 163 
9606.ENSP00000265052 9606.ENSP00000290953 0 0 0 0 0 0 171 171 
9606.ENSP00000265052 9606.ENSP00000225831 0 0 0 60 0 0 206 221 
9606.ENSP00000265052 9606.ENSP00000482119 0 0 0 55 0 0 140 152 
9606.ENSP00000265052 9606.ENSP00000323926 0 0 0 0 0 0 198 198 
9606.ENSP00000265052 9606.ENSP00000281030 0 0 0 62 0 0 162 180 
9606.ENSP00000265052 9606.ENSP00000393847 0 0 0 0 0 0 221 221 
9606.ENSP00000265052 9606.ENSP00000366331 0 0 0 0 0 0 309 309 
9606.ENSP00000265052 9606.ENSP00000481301 0 0 0 62 0 0 264 280 
9606.ENSP00000265052 9606.ENSP00000354859 0 0 0 0 0 0 251 251 
9606.ENSP00000265052 9606.ENSP00000459962 0 0 0 0 0 0 710 710 
9606.ENSP00000265052 9606.ENSP00000358417 171 0 0 0 0 0 132 250 
9606.ENSP00000265052 9606.ENSP00000348064 159 0 0 62 0 0 157 276 
9606.ENSP00000265052 9606.ENSP00000482620 0 0 0 0 0 0 250 250 
9606.ENSP00000265052 9606.ENSP00000301149 154 0 0 83 0 0 144 278 
9606.ENSP00000265052 9606.ENSP00000317614 0 0 0 0 0 0 248 248 
9606.ENSP00000265052 9606.ENSP00000302846 0 0 0 0 0 0 163 163 
9606.ENSP00000265052 9606.ENSP00000285518 46 0 0 0 79 0 255 288 
9606.ENSP00000265052 9606.ENSP00000293973 0 0 0 0 0 0 266 266 
9606.ENSP00000265052 9606.ENSP00000341044 0 0 0 81 0 0 360 386 
9606.ENSP00000265052 9606.ENSP00000238651 73 0 0 63 0 0 217 260 
9606.ENSP00000265052 9606.ENSP00000249396 111 0 0 69 0 0 95 186 
9606.ENSP00000265052 9606.ENSP00000304802 216 0 0 58 0 0 45 233 
9606.ENSP00000265052 9606.ENSP00000330393 0 0 0 0 0 0 169 169 
9606.ENSP00000265052 9606.ENSP00000367462 50 0 0 0 0 0 177 184 
9606.ENSP00000265052 9606.ENSP00000232892 111 0 0 0 0 0 440 481 
9606.ENSP00000265052 9606.ENSP00000310447 0 0 0 0 0 0 155 155 
9606.ENSP00000265052 9606.ENSP00000420315 72 0 0 62 0 0 876 882 
9606.ENSP00000265052 9606.ENSP00000329558 72 0 0 57 0 0 148 189 
9606.ENSP00000265052 9606.ENSP00000318351 151 0 0 62 0 0 85 207 
9606.ENSP00000265052 9606.ENSP00000425394 0 0 0 168 0 0 160 271 
9606.ENSP00000265052 9606.ENSP00000309757 0 0 0 0 0 900 575 955 
9606.ENSP00000265052 9606.ENSP00000378254 0 0 0 0 0 0 163 163 
9606.ENSP00000265052 9606.ENSP00000329697 78 0 0 61 0 0 483 513 
9606.ENSP00000265052 9606.ENSP00000363642 0 0 0 61 0 0 139 157 
9606.ENSP00000265052 9606.ENSP00000220764 59 0 0 62 0 0 392 416 
9606.ENSP00000265052 9606.ENSP00000233710 78 0 0 61 0 0 274 317 
9606.ENSP00000265052 9606.ENSP00000372191 111 0 0 0 0 0 113 178 
9606.ENSP00000265052 9606.ENSP00000431049 241 0 0 0 0 0 82 273 
9606.ENSP00000265052 9606.ENSP00000407112 0 0 0 63 0 0 884 887 
9606.ENSP00000265052 9606.ENSP00000289004 0 0 0 0 0 0 204 204 
9606.ENSP00000265052 9606.ENSP00000366748 46 0 0 61 79 0 108 166 
9606.ENSP00000265052 9606.ENSP00000321309 42 0 0 61 0 0 135 153 
9606.ENSP00000265052 9606.ENSP00000264932 73 0 0 61 0 0 192 236 
9606.ENSP00000265052 9606.ENSP00000477868 0 0 0 0 0 0 244 244 
9606.ENSP00000265052 9606.ENSP00000483491 172 0 0 61 0 0 62 207 
9606.ENSP00000265052 9606.ENSP00000216484 135 0 0 57 0 0 142 239 
9606.ENSP00000265052 9606.ENSP00000380837 0 0 0 0 361 0 119 412 
9606.ENSP00000265052 9606.ENSP00000293350 52 0 0 0 98 0 117 179 
9606.ENSP00000265052 9606.ENSP00000470652 0 0 0 0 0 0 269 269 
9606.ENSP00000265052 9606.ENSP00000254846 79 0 0 61 73 0 140 218 
9606.ENSP00000265052 9606.ENSP00000357480 170 0 0 56 0 0 57 196 
9606.ENSP00000265052 9606.ENSP00000391747 177 0 0 65 0 0 58 211 
9606.ENSP00000265052 9606.ENSP00000355045 0 0 0 62 0 0 577 586 
9606.ENSP00000265052 9606.ENSP00000376272 154 0 0 61 0 0 0 171 
9606.ENSP00000265052 9606.ENSP00000327453 0 0 0 0 61 0 134 152 
9606.ENSP00000265052 9606.ENSP00000303208 0 0 0 55 0 0 154 166 
9606.ENSP00000265052 9606.ENSP00000261643 0 0 0 62 0 0 139 157 
9606.ENSP00000265052 9606.ENSP00000207870 57 0 0 0 0 0 154 168 
9606.ENSP00000265052 9606.ENSP00000417580 0 0 0 56 0 0 173 186 
9606.ENSP00000265052 9606.ENSP00000360147 158 0 0 0 0 0 173 273 
9606.ENSP00000265052 9606.ENSP00000219345 0 0 0 57 261 0 408 551 
9606.ENSP00000265052 9606.ENSP00000299022 0 0 0 0 0 900 474 945 
9606.ENSP00000265052 9606.ENSP00000196371 184 0 0 0 0 0 229 343 
9606.ENSP00000265052 9606.ENSP00000307241 151 0 0 61 0 0 66 190 
9606.ENSP00000265052 9606.ENSP00000273047 0 0 0 0 0 0 177 177 
9606.ENSP00000265052 9606.ENSP00000397673 182 0 0 62 76 0 309 444 
9606.ENSP00000265052 9606.ENSP00000370372 156 0 0 49 0 0 0 163 
9606.ENSP00000265052 9606.ENSP00000385923 0 0 0 62 0 0 182 199 
9606.ENSP00000265052 9606.ENSP00000365926 295 0 0 61 0 0 0 309 
9606.ENSP00000265052 9606.ENSP00000285093 121 0 0 50 0 0 268 336 
9606.ENSP00000265052 9606.ENSP00000346693 0 0 0 61 0 0 167 184 
9606.ENSP00000265052 9606.ENSP00000263025 0 0 0 65 0 0 266 284 
9606.ENSP00000265052 9606.ENSP00000418960 0 0 0 0 0 0 256 256 
9606.ENSP00000265052 9606.ENSP00000344741 0 0 0 0 0 0 161 161 
9606.ENSP00000265052 9606.ENSP00000435289 0 0 0 0 0 0 242 242 
9606.ENSP00000265052 9606.ENSP00000368199 208 0 0 0 0 0 173 317 
9606.ENSP00000265052 9606.ENSP00000399403 0 0 0 61 73 0 138 184 
9606.ENSP00000265052 9606.ENSP00000356438 0 0 0 85 0 0 573 592 
9606.ENSP00000265052 9606.ENSP00000377115 295 0 0 44 0 0 0 297 
9606.ENSP00000265052 9606.ENSP00000483552 0 0 0 78 0 0 129 163 
9606.ENSP00000265052 9606.ENSP00000346827 52 0 0 0 98 0 207 262 
9606.ENSP00000265052 9606.ENSP00000358059 111 0 0 0 0 0 85 151 
9606.ENSP00000265052 9606.ENSP00000360635 0 0 0 94 0 0 138 186 
9606.ENSP00000265052 9606.ENSP00000212015 111 0 0 57 0 0 139 215 
9606.ENSP00000265052 9606.ENSP00000465589 0 0 0 43 0 800 85 809 
9606.ENSP00000265052 9606.ENSP00000399421 0 0 0 61 0 0 268 283 
9606.ENSP00000265052 9606.ENSP00000351682 0 0 0 49 0 0 166 172 
9606.ENSP00000265052 9606.ENSP00000255084 52 0 0 54 98 0 117 190 
9606.ENSP00000265052 9606.ENSP00000216264 110 0 0 0 0 0 185 243 
9606.ENSP00000265052 9606.ENSP00000418525 0 0 0 0 0 0 163 163 
9606.ENSP00000265052 9606.ENSP00000269298 42 0 0 61 0 0 135 153 
9606.ENSP00000265052 9606.ENSP00000262999 0 0 0 61 0 0 328 342 
9606.ENSP00000265052 9606.ENSP00000346255 0 0 0 63 0 0 287 304 
9606.ENSP00000265052 9606.ENSP00000303992 0 0 0 0 0 0 521 521 
9606.ENSP00000265052 9606.ENSP00000262430 0 0 0 62 0 0 193 211 
9606.ENSP00000265052 9606.ENSP00000315731 0 0 0 0 0 0 237 237 
9606.ENSP00000265052 9606.ENSP00000352584 45 0 0 63 0 900 58 904 
9606.ENSP00000265052 9606.ENSP00000364490 52 0 0 0 98 0 117 179 
9606.ENSP00000265052 9606.ENSP00000441755 0 0 0 63 0 0 159 178 
9606.ENSP00000265052 9606.ENSP00000381302 78 0 0 61 0 0 202 248 
9606.ENSP00000265052 9606.ENSP00000242592 78 0 0 61 0 0 238 283 
9606.ENSP00000265052 9606.ENSP00000354995 0 0 0 0 0 0 207 207 
9606.ENSP00000265052 9606.ENSP00000254661 0 0 0 70 0 0 125 151 
9606.ENSP00000265052 9606.ENSP00000250457 0 0 0 0 0 0 556 556 
9606.ENSP00000265052 9606.ENSP00000259407 73 0 0 63 0 0 140 187 
9606.ENSP00000265052 9606.ENSP00000250615 42 0 0 61 0 0 135 153 
9606.ENSP00000265052 9606.ENSP00000378072 0 0 0 55 0 0 173 185 
9606.ENSP00000265052 9606.ENSP00000440689 0 0 0 61 0 0 135 153 
9606.ENSP00000265052 9606.ENSP00000282541 154 0 0 81 0 0 92 233 
9606.ENSP00000265052 9606.ENSP00000264151 111 0 0 61 0 0 101 184 
9606.ENSP00000265052 9606.ENSP00000343782 0 0 0 0 0 0 183 183 
9606.ENSP00000265052 9606.ENSP00000371272 0 0 0 61 0 0 389 401 
9606.ENSP00000265052 9606.ENSP00000282096 0 0 0 0 0 0 351 351 
9606.ENSP00000265052 9606.ENSP00000370479 42 0 0 61 0 0 135 153 
9606.ENSP00000265052 9606.ENSP00000360761 46 0 0 62 128 0 334 411 
9606.ENSP00000265052 9606.ENSP00000363794 59 0 0 57 0 0 122 153 
9606.ENSP00000265052 9606.ENSP00000364260 242 0 0 0 0 0 0 242 
9606.ENSP00000265052 9606.ENSP00000469686 0 0 0 0 0 0 405 405 
9606.ENSP00000265052 9606.ENSP00000261714 0 0 0 0 0 0 167 167 
9606.ENSP00000265052 9606.ENSP00000337332 111 0 0 49 0 0 120 191 
9606.ENSP00000265052 9606.ENSP00000354554 43 0 0 0 0 0 543 543 
9606.ENSP00000265052 9606.ENSP00000312029 0 0 0 61 0 0 163 180 
9606.ENSP00000265052 9606.ENSP00000384610 60 0 0 90 0 0 266 318 
9606.ENSP00000265052 9606.ENSP00000337572 0 0 0 0 0 0 183 183 
9606.ENSP00000265052 9606.ENSP00000363603 0 0 0 44 0 0 194 197 
9606.ENSP00000265052 9606.ENSP00000464814 214 0 0 58 64 0 209 378 
9606.ENSP00000265052 9606.ENSP00000222214 78 0 0 64 0 0 128 181 
9606.ENSP00000265052 9606.ENSP00000336764 0 0 0 0 0 0 267 267 
9606.ENSP00000265052 9606.ENSP00000411788 0 0 0 0 0 0 187 187 
9606.ENSP00000265052 9606.ENSP00000327589 50 0 0 61 0 0 126 152 
9606.ENSP00000265052 9606.ENSP00000259708 0 0 0 61 73 0 451 480 
9606.ENSP00000265052 9606.ENSP00000362036 260 0 0 61 0 0 0 275 
9606.ENSP00000265052 9606.ENSP00000227266 0 0 0 0 0 0 165 165 
9606.ENSP00000265052 9606.ENSP00000219240 149 0 0 0 0 0 62 167 
9606.ENSP00000265052 9606.ENSP00000244007 0 0 0 0 0 0 338 338 
9606.ENSP00000265052 9606.ENSP00000264735 0 0 0 0 0 0 319 319 
9606.ENSP00000265052 9606.ENSP00000261893 168 0 0 0 0 0 233 334 
9606.ENSP00000265052 9606.ENSP00000323071 73 0 0 63 0 0 357 392 
9606.ENSP00000265052 9606.ENSP00000386597 143 0 0 61 0 0 89 202 
9606.ENSP00000265052 9606.ENSP00000393559 0 0 0 0 0 0 449 449 
9606.ENSP00000265052 9606.ENSP00000479130 149 0 0 61 0 0 173 281 
9606.ENSP00000265052 9606.ENSP00000302177 0 0 0 65 0 0 285 303 
9606.ENSP00000265052 9606.ENSP00000358831 0 0 0 61 0 0 156 174 
9606.ENSP00000265052 9606.ENSP00000352900 0 0 0 62 0 0 162 180 
9606.ENSP00000265052 9606.ENSP00000308515 214 0 0 58 64 0 65 265 
9606.ENSP00000265052 9606.ENSP00000382071 113 0 0 56 0 0 201 272 
9606.ENSP00000265052 9606.ENSP00000221730 72 0 0 0 0 0 153 180 
9606.ENSP00000265052 9606.ENSP00000344674 59 0 0 0 0 0 156 171 
9606.ENSP00000265052 9606.ENSP00000341819 0 0 0 0 0 0 479 479 
9606.ENSP00000265052 9606.ENSP00000385675 0 0 0 65 0 0 258 277 
9606.ENSP00000265052 9606.ENSP00000425421 42 0 0 61 0 0 135 153 
9606.ENSP00000265052 9606.ENSP00000360247 0 0 0 61 0 0 138 156 
9606.ENSP00000265052 9606.ENSP00000358525 0 0 0 0 0 0 165 165 
9606.ENSP00000265052 9606.ENSP00000373169 0 0 0 0 0 0 169 169 
9606.ENSP00000265052 9606.ENSP00000229268 0 0 0 61 0 0 168 185 
9606.ENSP00000265052 9606.ENSP00000379683 0 0 0 62 0 0 137 156 
9606.ENSP00000265052 9606.ENSP00000343190 0 0 0 64 0 0 152 172 
9606.ENSP00000265052 9606.ENSP00000296522 59 0 0 0 0 0 161 177 
9606.ENSP00000265052 9606.ENSP00000217372 215 0 0 55 0 0 0 226 
9606.ENSP00000265052 9606.ENSP00000329466 111 0 0 49 0 0 95 168 
9606.ENSP00000265052 9606.ENSP00000375894 0 0 0 0 0 0 736 736 
9606.ENSP00000265052 9606.ENSP00000485061 0 0 0 0 126 0 193 265 
9606.ENSP00000265052 9606.ENSP00000217386 0 0 0 0 0 0 194 194 
9606.ENSP00000265052 9606.ENSP00000253382 0 0 0 59 61 0 247 277 
9606.ENSP00000265052 9606.ENSP00000216714 203 0 0 52 0 0 43 213 
9606.ENSP00000265052 9606.ENSP00000347495 188 0 0 61 0 0 41 204 
9606.ENSP00000265052 9606.ENSP00000424123 0 0 0 61 0 0 195 212 
9606.ENSP00000265052 9606.ENSP00000320886 0 0 0 0 0 0 471 471 
9606.ENSP00000265052 9606.ENSP00000265896 44 0 0 55 0 0 243 257 
9606.ENSP00000265052 9606.ENSP00000287936 44 0 0 0 0 0 210 212 
9606.ENSP00000265052 9606.ENSP00000356104 0 0 0 0 0 0 165 165 
9606.ENSP00000265052 9606.ENSP00000458770 44 0 0 0 0 0 238 240 
9606.ENSP00000265052 9606.ENSP00000268704 167 0 0 61 0 0 81 218 
9606.ENSP00000265052 9606.ENSP00000385749 60 0 0 81 0 0 98 152 
9606.ENSP00000265052 9606.ENSP00000281038 174 0 0 0 68 0 0 197 
9606.ENSP00000265052 9606.ENSP00000388293 222 0 0 0 0 0 69 244 
9606.ENSP00000265052 9606.ENSP00000336866 0 0 0 0 0 0 475 475 
9606.ENSP00000265052 9606.ENSP00000363614 77 0 0 52 0 0 260 296 
9606.ENSP00000265052 9606.ENSP00000261942 0 0 0 0 0 0 166 166 
9606.ENSP00000265052 9606.ENSP00000320171 45 0 0 0 0 0 222 225 
9606.ENSP00000265052 9606.ENSP00000345988 0 0 0 51 0 0 582 587 
9606.ENSP00000265052 9606.ENSP00000216177 0 0 0 55 0 0 165 177 
9606.ENSP00000265052 9606.ENSP00000468500 0 0 0 62 0 0 211 228 
9606.ENSP00000265052 9606.ENSP00000439065 0 0 0 61 73 0 385 417 
9606.ENSP00000265052 9606.ENSP00000268184 0 0 0 0 0 0 240 240 
9606.ENSP00000265052 9606.ENSP00000348459 177 0 0 0 0 0 0 177 
9606.ENSP00000265052 9606.ENSP00000296658 76 0 0 0 0 0 121 153 
9606.ENSP00000265052 9606.ENSP00000367817 0 0 0 0 0 0 179 179 
9606.ENSP00000265052 9606.ENSP00000263354 0 0 0 165 0 0 0 165 
9606.ENSP00000265052 9606.ENSP00000401831 149 0 0 55 0 0 185 288 
9606.ENSP00000265052 9606.ENSP00000349669 0 0 0 0 0 0 211 211 
9606.ENSP00000265052 9606.ENSP00000308610 202 0 0 63 0 0 168 324 
9606.ENSP00000265052 9606.ENSP00000364008 78 0 0 61 0 0 202 248 
9606.ENSP00000265052 9606.ENSP00000378877 46 0 0 55 128 0 201 288 
9606.ENSP00000265052 9606.ENSP00000420682 215 0 0 62 0 0 0 232 
9606.ENSP00000265052 9606.ENSP00000293330 0 0 0 0 0 0 217 217 
9606.ENSP00000265052 9606.ENSP00000366927 52 0 0 0 98 0 117 179 
9606.ENSP00000265052 9606.ENSP00000372326 216 0 0 63 69 0 218 393 
9606.ENSP00000265052 9606.ENSP00000354612 0 0 0 90 0 0 271 309 
9606.ENSP00000265052 9606.ENSP00000449535 0 0 0 0 61 0 134 152 
9606.ENSP00000265052 9606.ENSP00000373176 295 0 0 0 0 0 0 295 
9606.ENSP00000265052 9606.ENSP00000361338 0 0 0 0 0 0 173 173 
9606.ENSP00000265052 9606.ENSP00000373328 0 0 0 62 0 0 312 327 
9606.ENSP00000265052 9606.ENSP00000262134 46 0 0 55 79 0 352 390 
9606.ENSP00000265052 9606.ENSP00000421172 0 0 0 61 185 0 108 257 
9606.ENSP00000265052 9606.ENSP00000361845 140 0 0 87 0 0 111 241 
9606.ENSP00000265052 9606.ENSP00000253799 0 0 0 62 0 0 163 181 
9606.ENSP00000265052 9606.ENSP00000378324 0 0 0 65 50 0 127 156 
9606.ENSP00000265052 9606.ENSP00000361151 0 0 0 0 0 900 246 921 
9606.ENSP00000265052 9606.ENSP00000381736 45 0 0 61 0 0 140 161 
9606.ENSP00000265052 9606.ENSP00000331901 0 0 0 0 0 0 225 225 
9606.ENSP00000265052 9606.ENSP00000481593 145 0 0 55 0 0 107 215 
9606.ENSP00000265052 9606.ENSP00000270142 0 0 0 0 0 0 155 155 
9606.ENSP00000265052 9606.ENSP00000476228 111 0 0 57 0 0 114 192 
9606.ENSP00000265052 9606.ENSP00000394863 147 0 0 0 0 0 424 488 
9606.ENSP00000265052 9606.ENSP00000234961 0 0 0 0 0 0 250 250 
9606.ENSP00000265052 9606.ENSP00000273077 134 0 0 62 0 0 137 237 
9606.ENSP00000265052 9606.ENSP00000377549 0 0 0 0 0 0 264 264 
9606.ENSP00000265052 9606.ENSP00000389813 306 0 0 63 0 0 271 484 
9606.ENSP00000265052 9606.ENSP00000363645 0 0 0 61 185 0 253 378 
9606.ENSP00000265052 9606.ENSP00000390849 72 0 0 62 0 0 681 698 
9606.ENSP00000265052 9606.ENSP00000359022 0 0 0 0 0 0 216 216 
9606.ENSP00000265052 9606.ENSP00000313921 110 0 0 94 0 0 132 238 
9606.ENSP00000265052 9606.ENSP00000255040 0 0 0 0 0 0 171 171 
9606.ENSP00000265052 9606.ENSP00000361965 73 0 0 61 0 0 104 151 
9606.ENSP00000265052 9606.ENSP00000406162 73 0 0 0 80 0 131 194 
9606.ENSP00000265052 9606.ENSP00000302111 280 0 0 0 0 0 0 280 
9606.ENSP00000265052 9606.ENSP00000265838 121 0 0 57 0 0 212 290 
9606.ENSP00000265052 9606.ENSP00000406191 0 0 0 0 0 0 209 209 
9606.ENSP00000265052 9606.ENSP00000385957 0 0 0 52 0 0 599 604 
9606.ENSP00000265052 9606.ENSP00000408526 200 0 0 62 0 0 0 217 
9606.ENSP00000265052 9606.ENSP00000355517 44 0 0 55 0 0 218 231 
9606.ENSP00000265052 9606.ENSP00000395196 110 0 0 50 0 0 87 160 
9606.ENSP00000265052 9606.ENSP00000413908 167 0 0 63 0 0 81 220 
9606.ENSP00000265052 9606.ENSP00000443631 0 0 0 0 0 0 608 608 
9606.ENSP00000265052 9606.ENSP00000270349 0 0 0 61 0 0 133 151 
9606.ENSP00000265052 9606.ENSP00000354896 0 0 0 0 0 0 242 242 
9606.ENSP00000265052 9606.ENSP00000379839 71 0 0 0 0 0 226 250 
9606.ENSP00000265052 9606.ENSP00000276914 0 0 0 0 0 0 434 434 
9606.ENSP00000265052 9606.ENSP00000295872 0 0 0 0 0 0 150 150 
9606.ENSP00000265052 9606.ENSP00000371607 156 0 0 60 0 0 0 172 
9606.ENSP00000265052 9606.ENSP00000171887 60 0 0 107 0 0 99 178 
9606.ENSP00000265052 9606.ENSP00000355607 0 0 0 46 0 0 250 254 
9606.ENSP00000265052 9606.ENSP00000471683 0 0 0 62 0 0 133 152 
9606.ENSP00000265052 9606.ENSP00000388631 0 0 0 51 0 0 484 489 
9606.ENSP00000265052 9606.ENSP00000274695 215 0 0 61 0 0 0 231 
9606.ENSP00000265052 9606.ENSP00000480484 0 0 0 48 0 0 557 560 
9606.ENSP00000265052 9606.ENSP00000304782 0 0 0 0 0 0 533 533 
9606.ENSP00000265052 9606.ENSP00000285021 0 0 0 0 0 0 436 436 
9606.ENSP00000265052 9606.ENSP00000420127 0 0 0 55 0 0 228 239 
9606.ENSP00000265052 9606.ENSP00000425261 172 0 0 61 0 0 62 207 
9606.ENSP00000265052 9606.ENSP00000209929 70 0 0 62 57 0 106 166 
9606.ENSP00000265052 9606.ENSP00000402103 0 0 0 62 0 0 167 185 
9606.ENSP00000265052 9606.ENSP00000219368 0 0 0 61 0 0 213 230 
9606.ENSP00000265052 9606.ENSP00000367890 265 0 0 63 0 0 80 311 
9606.ENSP00000265052 9606.ENSP00000370129 45 0 0 84 0 0 138 180 
9606.ENSP00000265052 9606.ENSP00000250237 215 0 0 49 0 0 0 221 
9606.ENSP00000265052 9606.ENSP00000280701 44 0 0 0 0 0 169 172 
9606.ENSP00000265052 9606.ENSP00000243167 51 0 0 53 0 0 933 935 
9606.ENSP00000265052 9606.ENSP00000264381 0 0 0 61 0 0 326 340 
9606.ENSP00000265052 9606.ENSP00000244217 78 0 0 57 0 0 232 274 
9606.ENSP00000265052 9606.ENSP00000287820 0 0 0 0 0 0 420 420 
9606.ENSP00000265052 9606.ENSP00000357669 0 0 0 52 0 0 162 171 
9606.ENSP00000265052 9606.ENSP00000238379 78 0 0 61 0 0 178 226 
9606.ENSP00000265052 9606.ENSP00000312652 0 0 0 0 0 0 361 361 
9606.ENSP00000265052 9606.ENSP00000482457 0 0 0 0 0 0 540 540 
9606.ENSP00000265052 9606.ENSP00000263277 0 0 0 127 0 0 73 157 
9606.ENSP00000265052 9606.ENSP00000295268 111 0 0 0 0 0 85 151 
9606.ENSP00000265052 9606.ENSP00000369411 154 0 0 61 0 0 0 171 
9606.ENSP00000265052 9606.ENSP00000358513 0 0 0 0 0 0 900 900 
9606.ENSP00000265052 9606.ENSP00000441000 217 0 0 0 0 0 0 217 
9606.ENSP00000265052 9606.ENSP00000261292 0 0 0 0 0 900 316 928 
9606.ENSP00000265052 9606.ENSP00000267842 0 0 0 0 128 0 298 361 
9606.ENSP00000265052 9606.ENSP00000263093 0 0 0 0 128 0 137 215 
9606.ENSP00000265052 9606.ENSP00000229270 51 0 0 0 0 0 178 186 
9606.ENSP00000265052 9606.ENSP00000266505 0 0 0 51 0 0 572 576 
9606.ENSP00000265052 9606.ENSP00000347324 76 0 0 65 100 0 50 162 
9606.ENSP00000265052 9606.ENSP00000476535 136 0 0 57 0 0 268 351 
9606.ENSP00000265052 9606.ENSP00000367615 70 0 0 0 0 0 131 157 
9606.ENSP00000265052 9606.ENSP00000359380 0 0 0 58 0 0 411 421 
9606.ENSP00000265052 9606.ENSP00000369461 0 0 0 57 0 0 223 235 
9606.ENSP00000265052 9606.ENSP00000290921 171 0 0 0 0 0 83 207 
9606.ENSP00000265052 9606.ENSP00000276218 0 0 0 0 0 0 536 536 
9606.ENSP00000265052 9606.ENSP00000367762 0 0 0 0 0 0 374 374 
9606.ENSP00000265052 9606.ENSP00000206423 0 0 0 0 0 0 584 584 
9606.ENSP00000265052 9606.ENSP00000231790 110 0 0 61 0 0 77 161 
9606.ENSP00000265052 9606.ENSP00000377814 233 0 0 61 0 0 236 401 
9606.ENSP00000265052 9606.ENSP00000300056 0 0 0 62 0 0 204 221 
9606.ENSP00000265052 9606.ENSP00000362027 199 0 0 0 0 0 0 199 
9606.ENSP00000265052 9606.ENSP00000419851 202 0 0 61 0 0 46 222 
9606.ENSP00000265052 9606.ENSP00000367346 73 0 0 0 76 0 131 190 
9606.ENSP00000265052 9606.ENSP00000236166 70 0 0 62 57 0 106 166 
9606.ENSP00000265052 9606.ENSP00000416583 154 0 0 55 0 0 0 166 
9606.ENSP00000265052 9606.ENSP00000264065 78 0 0 62 50 0 127 186 
9606.ENSP00000265052 9606.ENSP00000221485 0 0 0 66 0 0 145 167 
9606.ENSP00000265052 9606.ENSP00000297258 0 0 0 0 0 0 398 398 
9606.ENSP00000265052 9606.ENSP00000370531 73 0 0 63 0 0 175 221 
9606.ENSP00000265052 9606.ENSP00000357429 0 0 0 0 0 0 214 214 
9606.ENSP00000265052 9606.ENSP00000268695 0 0 0 0 0 0 172 172 
9606.ENSP00000265052 9606.ENSP00000361915 0 0 0 0 0 0 181 181 
9606.ENSP00000265052 9606.ENSP00000245816 72 0 0 82 0 0 89 156 
9606.ENSP00000265052 9606.ENSP00000354476 0 0 0 0 0 0 506 506 
9606.ENSP00000265052 9606.ENSP00000349658 158 0 0 0 0 0 173 273 
9606.ENSP00000265052 9606.ENSP00000411152 0 0 0 0 0 0 201 201 
9606.ENSP00000265052 9606.ENSP00000264601 0 0 0 0 0 0 177 177 
9606.ENSP00000265052 9606.ENSP00000389414 0 0 0 61 0 0 230 246 
9606.ENSP00000265052 9606.ENSP00000359095 73 0 0 0 79 0 131 193 
9606.ENSP00000265052 9606.ENSP00000258106 0 0 0 0 0 0 203 203 
