9606.ENSP00000243903 9606.ENSP00000385057 0 0 0 0 0 0 382 382 
9606.ENSP00000243903 9606.ENSP00000302640 0 0 0 0 186 0 102 237 
9606.ENSP00000243903 9606.ENSP00000291582 0 0 0 64 137 0 44 160 
9606.ENSP00000243903 9606.ENSP00000369500 0 0 0 0 0 0 202 202 
9606.ENSP00000243903 9606.ENSP00000364815 0 0 0 74 0 0 295 319 
9606.ENSP00000243903 9606.ENSP00000469413 0 0 0 0 0 0 173 173 
9606.ENSP00000243903 9606.ENSP00000277010 0 0 0 0 0 0 329 329 
9606.ENSP00000243903 9606.ENSP00000358160 0 0 0 0 800 0 0 800 
9606.ENSP00000243903 9606.ENSP00000294119 0 0 0 99 125 0 0 178 
9606.ENSP00000243903 9606.ENSP00000484261 0 0 0 0 157 0 47 162 
9606.ENSP00000243903 9606.ENSP00000350052 0 0 0 56 194 0 114 267 
9606.ENSP00000243903 9606.ENSP00000262879 0 0 0 0 0 0 311 311 
9606.ENSP00000243903 9606.ENSP00000389381 0 0 0 0 163 0 0 163 
9606.ENSP00000243903 9606.ENSP00000367022 0 0 0 0 157 0 47 162 
9606.ENSP00000243903 9606.ENSP00000345347 0 0 0 0 186 0 102 237 
9606.ENSP00000243903 9606.ENSP00000482271 0 0 0 0 800 0 0 800 
9606.ENSP00000243903 9606.ENSP00000482538 0 0 0 0 157 0 47 162 
9606.ENSP00000243903 9606.ENSP00000284273 0 0 0 58 0 0 256 269 
9606.ENSP00000243903 9606.ENSP00000352925 0 0 0 0 0 900 127 908 
9606.ENSP00000243903 9606.ENSP00000267064 0 0 0 114 0 0 276 331 
9606.ENSP00000243903 9606.ENSP00000360623 0 0 0 83 157 0 0 193 
9606.ENSP00000243903 9606.ENSP00000354733 0 0 0 65 0 0 274 292 
9606.ENSP00000243903 9606.ENSP00000308944 0 0 0 61 137 0 48 162 
9606.ENSP00000243903 9606.ENSP00000457466 0 0 0 0 137 0 65 159 
9606.ENSP00000243903 9606.ENSP00000355777 0 0 0 61 0 0 509 519 
9606.ENSP00000243903 9606.ENSP00000434024 0 0 0 65 379 0 128 450 
9606.ENSP00000243903 9606.ENSP00000332790 0 0 0 0 157 0 47 162 
9606.ENSP00000243903 9606.ENSP00000384198 0 0 0 0 185 900 268 935 
9606.ENSP00000243903 9606.ENSP00000366999 0 0 0 0 800 0 0 800 
9606.ENSP00000243903 9606.ENSP00000341094 0 0 0 0 157 0 47 162 
9606.ENSP00000243903 9606.ENSP00000335044 0 0 0 64 0 0 198 217 
9606.ENSP00000243903 9606.ENSP00000384109 0 0 0 79 0 900 0 904 
9606.ENSP00000243903 9606.ENSP00000355656 0 0 0 0 157 0 47 162 
9606.ENSP00000243903 9606.ENSP00000277895 0 0 0 0 0 0 150 150 
9606.ENSP00000243903 9606.ENSP00000372274 0 0 0 0 0 0 327 327 
9606.ENSP00000243903 9606.ENSP00000377303 0 0 0 0 0 0 158 158 
9606.ENSP00000243903 9606.ENSP00000462355 0 0 0 0 800 0 0 800 
9606.ENSP00000243903 9606.ENSP00000359300 0 0 0 0 0 900 43 900 
9606.ENSP00000243903 9606.ENSP00000307208 0 0 0 81 0 0 202 236 
9606.ENSP00000243903 9606.ENSP00000386170 0 0 0 0 0 0 283 283 
9606.ENSP00000243903 9606.ENSP00000358478 0 0 0 0 0 0 187 187 
9606.ENSP00000243903 9606.ENSP00000350708 0 0 0 49 0 900 67 903 
9606.ENSP00000243903 9606.ENSP00000259727 0 0 0 0 0 0 346 346 
9606.ENSP00000243903 9606.ENSP00000348089 0 0 0 63 137 0 50 164 
9606.ENSP00000243903 9606.ENSP00000380037 0 0 0 0 0 0 204 204 
9606.ENSP00000243903 9606.ENSP00000351446 0 0 0 76 0 0 186 215 
9606.ENSP00000243903 9606.ENSP00000467024 0 0 0 0 0 900 0 900 
9606.ENSP00000243903 9606.ENSP00000262519 0 0 0 86 0 0 360 390 
9606.ENSP00000243903 9606.ENSP00000411532 0 0 0 108 128 0 0 188 
9606.ENSP00000243903 9606.ENSP00000258418 0 0 0 0 0 0 661 661 
9606.ENSP00000243903 9606.ENSP00000305790 0 0 0 159 0 0 0 159 
9606.ENSP00000243903 9606.ENSP00000379894 0 0 0 0 0 0 188 188 
9606.ENSP00000243903 9606.ENSP00000410083 0 0 0 0 0 0 363 363 
9606.ENSP00000243903 9606.ENSP00000352119 0 0 0 0 157 0 47 162 
9606.ENSP00000243903 9606.ENSP00000368189 0 0 0 0 0 0 173 173 
9606.ENSP00000243903 9606.ENSP00000450853 0 0 0 56 194 0 93 249 
9606.ENSP00000243903 9606.ENSP00000478796 0 0 0 56 194 0 93 249 
9606.ENSP00000243903 9606.ENSP00000360552 0 0 0 0 0 0 173 173 
9606.ENSP00000243903 9606.ENSP00000343126 0 0 0 0 0 0 173 173 
9606.ENSP00000243903 9606.ENSP00000439189 0 0 0 56 194 0 82 240 
9606.ENSP00000243903 9606.ENSP00000262415 0 0 0 66 0 0 158 180 
9606.ENSP00000243903 9606.ENSP00000356425 0 0 0 42 555 900 123 957 
9606.ENSP00000243903 9606.ENSP00000475814 0 0 0 0 157 0 98 207 
9606.ENSP00000243903 9606.ENSP00000304593 0 0 0 0 0 540 0 540 
9606.ENSP00000243903 9606.ENSP00000344903 0 0 0 65 0 0 138 159 
9606.ENSP00000243903 9606.ENSP00000368908 0 0 0 0 0 0 308 308 
9606.ENSP00000243903 9606.ENSP00000457689 0 0 0 56 194 0 93 249 
9606.ENSP00000243903 9606.ENSP00000375639 0 0 0 0 185 900 0 915 
9606.ENSP00000243903 9606.ENSP00000332194 0 0 0 0 157 0 99 208 
9606.ENSP00000243903 9606.ENSP00000344724 0 0 0 0 186 0 102 237 
9606.ENSP00000243903 9606.ENSP00000376167 0 0 0 49 0 900 0 900 
9606.ENSP00000243903 9606.ENSP00000362441 0 0 0 71 137 0 164 271 
9606.ENSP00000243903 9606.ENSP00000457723 0 0 0 73 0 0 167 194 
9606.ENSP00000243903 9606.ENSP00000436926 0 0 0 91 993 900 661 999 
9606.ENSP00000243903 9606.ENSP00000391457 0 0 0 0 827 900 637 993 
9606.ENSP00000243903 9606.ENSP00000373715 0 0 0 0 0 0 338 338 
9606.ENSP00000243903 9606.ENSP00000481314 0 0 0 49 0 0 167 173 
9606.ENSP00000243903 9606.ENSP00000336842 0 0 0 64 619 900 932 997 
9606.ENSP00000243903 9606.ENSP00000296417 0 0 0 0 267 0 185 377 
9606.ENSP00000243903 9606.ENSP00000476136 0 0 0 0 807 0 61 811 
9606.ENSP00000243903 9606.ENSP00000262238 0 0 0 0 440 900 243 953 
9606.ENSP00000243903 9606.ENSP00000160382 0 0 0 65 412 0 253 553 
9606.ENSP00000243903 9606.ENSP00000397351 0 0 0 61 0 0 215 232 
9606.ENSP00000243903 9606.ENSP00000369674 0 0 0 0 141 0 98 192 
9606.ENSP00000243903 9606.ENSP00000350512 0 0 0 72 0 900 0 903 
9606.ENSP00000243903 9606.ENSP00000240423 0 0 0 62 132 0 0 151 
9606.ENSP00000243903 9606.ENSP00000360162 0 0 0 85 137 0 421 503 
9606.ENSP00000243903 9606.ENSP00000288985 0 0 0 63 137 0 50 164 
9606.ENSP00000243903 9606.ENSP00000279873 0 0 0 0 0 0 173 173 
9606.ENSP00000243903 9606.ENSP00000353458 0 0 0 61 0 0 172 189 
9606.ENSP00000243903 9606.ENSP00000414851 0 0 0 86 0 0 204 242 
9606.ENSP00000243903 9606.ENSP00000386942 0 0 0 0 0 0 167 167 
9606.ENSP00000243903 9606.ENSP00000423550 0 0 0 63 137 0 54 169 
9606.ENSP00000243903 9606.ENSP00000462667 0 0 0 0 800 0 0 800 
9606.ENSP00000243903 9606.ENSP00000378307 0 0 0 88 0 0 147 190 
9606.ENSP00000243903 9606.ENSP00000219204 0 0 0 0 0 0 227 227 
9606.ENSP00000243903 9606.ENSP00000368305 0 0 0 0 0 0 223 223 
9606.ENSP00000243903 9606.ENSP00000438553 0 0 0 0 157 0 47 162 
9606.ENSP00000243903 9606.ENSP00000346340 0 0 0 59 0 900 0 901 
9606.ENSP00000243903 9606.ENSP00000362710 0 0 0 0 0 900 0 900 
9606.ENSP00000243903 9606.ENSP00000392617 0 0 0 70 0 0 370 389 
9606.ENSP00000243903 9606.ENSP00000448062 0 0 0 56 194 0 93 249 
9606.ENSP00000243903 9606.ENSP00000316674 0 0 0 56 194 0 62 224 
9606.ENSP00000243903 9606.ENSP00000244537 0 0 0 0 800 0 0 800 
9606.ENSP00000243903 9606.ENSP00000401010 0 0 0 49 0 0 442 446 
9606.ENSP00000243903 9606.ENSP00000392718 0 0 0 56 194 0 82 240 
9606.ENSP00000243903 9606.ENSP00000301764 0 0 0 134 379 900 86 944 
9606.ENSP00000243903 9606.ENSP00000352627 0 0 0 0 157 0 47 162 
9606.ENSP00000243903 9606.ENSP00000306625 0 0 0 63 130 0 116 216 
9606.ENSP00000243903 9606.ENSP00000355090 0 0 0 0 0 0 175 175 
9606.ENSP00000243903 9606.ENSP00000363799 0 0 0 56 194 0 63 224 
9606.ENSP00000243903 9606.ENSP00000340510 0 0 0 0 210 0 50 217 
9606.ENSP00000243903 9606.ENSP00000467041 0 0 0 0 737 900 637 989 
9606.ENSP00000243903 9606.ENSP00000479794 0 0 0 0 800 0 0 800 
9606.ENSP00000243903 9606.ENSP00000252071 0 0 0 56 194 0 254 383 
9606.ENSP00000243903 9606.ENSP00000360165 0 0 0 56 194 0 100 255 
9606.ENSP00000243903 9606.ENSP00000484841 0 0 0 0 800 0 0 800 
9606.ENSP00000243903 9606.ENSP00000361232 0 0 0 166 0 0 0 166 
9606.ENSP00000243903 9606.ENSP00000302790 0 0 0 80 0 0 224 256 
9606.ENSP00000243903 9606.ENSP00000254480 0 0 0 90 0 0 345 379 
9606.ENSP00000243903 9606.ENSP00000483842 0 0 0 0 824 0 47 825 
9606.ENSP00000243903 9606.ENSP00000289153 0 0 0 0 0 0 158 158 
9606.ENSP00000243903 9606.ENSP00000354842 0 0 0 0 186 0 102 237 
9606.ENSP00000243903 9606.ENSP00000283131 0 0 0 89 137 0 259 367 
9606.ENSP00000243903 9606.ENSP00000358155 0 0 0 0 157 0 98 207 
9606.ENSP00000243903 9606.ENSP00000371133 0 0 0 52 186 0 102 246 
9606.ENSP00000243903 9606.ENSP00000397552 0 0 0 105 465 900 362 965 
9606.ENSP00000243903 9606.ENSP00000484658 0 0 0 0 800 0 0 800 
9606.ENSP00000243903 9606.ENSP00000323720 0 0 0 48 0 0 669 671 
9606.ENSP00000243903 9606.ENSP00000325312 0 0 0 53 0 0 143 154 
9606.ENSP00000243903 9606.ENSP00000273130 0 0 0 0 0 0 206 206 
9606.ENSP00000243903 9606.ENSP00000336606 0 0 0 0 137 0 188 269 
9606.ENSP00000243903 9606.ENSP00000380876 0 0 0 0 0 0 177 177 
9606.ENSP00000243903 9606.ENSP00000339637 0 0 0 0 0 0 174 174 
9606.ENSP00000243903 9606.ENSP00000351589 0 0 0 0 157 0 47 162 
9606.ENSP00000243903 9606.ENSP00000209728 0 0 0 64 125 0 68 170 
9606.ENSP00000243903 9606.ENSP00000332983 0 0 0 0 534 0 0 534 
9606.ENSP00000243903 9606.ENSP00000482564 0 0 0 0 157 0 47 162 
9606.ENSP00000243903 9606.ENSP00000348206 0 0 0 0 0 0 330 330 
9606.ENSP00000243903 9606.ENSP00000280481 0 0 0 84 0 0 110 150 
9606.ENSP00000243903 9606.ENSP00000280758 0 0 0 0 0 0 271 271 
9606.ENSP00000243903 9606.ENSP00000349960 0 0 0 56 194 900 129 924 
9606.ENSP00000243903 9606.ENSP00000456953 0 0 0 56 194 0 93 249 
9606.ENSP00000243903 9606.ENSP00000299886 0 0 0 0 0 0 262 262 
9606.ENSP00000243903 9606.ENSP00000396704 0 0 0 108 128 0 0 188 
9606.ENSP00000243903 9606.ENSP00000386857 0 0 0 56 194 0 161 306 
9606.ENSP00000243903 9606.ENSP00000229729 0 0 0 0 0 0 173 173 
9606.ENSP00000243903 9606.ENSP00000216225 0 0 0 83 0 900 0 904 
9606.ENSP00000243903 9606.ENSP00000357748 0 0 0 42 0 0 245 245 
9606.ENSP00000243903 9606.ENSP00000217420 0 0 0 0 0 0 423 423 
9606.ENSP00000243903 9606.ENSP00000350734 0 0 0 0 0 0 242 242 
9606.ENSP00000243903 9606.ENSP00000480884 0 0 0 0 0 0 388 388 
9606.ENSP00000243903 9606.ENSP00000304102 0 0 0 84 0 900 0 904 
9606.ENSP00000243903 9606.ENSP00000358565 0 0 0 0 0 0 191 191 
9606.ENSP00000243903 9606.ENSP00000367686 0 0 0 0 0 0 420 420 
9606.ENSP00000243903 9606.ENSP00000479139 0 0 0 56 194 0 93 249 
9606.ENSP00000243903 9606.ENSP00000362330 0 0 0 0 137 0 66 160 
9606.ENSP00000243903 9606.ENSP00000355205 0 0 0 83 998 900 584 999 
9606.ENSP00000243903 9606.ENSP00000323858 0 0 0 76 0 0 269 295 
9606.ENSP00000243903 9606.ENSP00000318821 0 0 0 0 0 0 223 223 
9606.ENSP00000243903 9606.ENSP00000336888 0 0 0 0 0 0 173 173 
9606.ENSP00000243903 9606.ENSP00000408598 0 0 0 0 0 0 167 167 
9606.ENSP00000243903 9606.ENSP00000358466 0 0 0 0 0 0 260 260 
9606.ENSP00000243903 9606.ENSP00000366915 0 0 0 0 199 0 0 199 
9606.ENSP00000243903 9606.ENSP00000261558 0 0 0 0 0 0 201 201 
9606.ENSP00000243903 9606.ENSP00000361057 0 0 0 0 0 0 164 164 
9606.ENSP00000243903 9606.ENSP00000373979 0 0 0 0 0 0 150 150 
9606.ENSP00000243903 9606.ENSP00000203001 0 0 0 71 0 0 329 349 
9606.ENSP00000243903 9606.ENSP00000247843 0 0 0 85 130 360 156 512 
9606.ENSP00000243903 9606.ENSP00000352252 0 0 0 0 800 0 0 800 
9606.ENSP00000243903 9606.ENSP00000279392 0 0 0 0 0 0 493 493 
9606.ENSP00000243903 9606.ENSP00000340330 0 0 0 64 0 900 163 914 
9606.ENSP00000243903 9606.ENSP00000409016 0 0 0 0 185 0 55 196 
9606.ENSP00000243903 9606.ENSP00000483667 0 0 0 46 137 0 113 206 
9606.ENSP00000243903 9606.ENSP00000347168 0 0 0 0 800 0 0 800 
9606.ENSP00000243903 9606.ENSP00000318884 0 0 0 61 0 0 201 217 
9606.ENSP00000243903 9606.ENSP00000483283 0 0 0 0 800 0 0 800 
9606.ENSP00000243903 9606.ENSP00000355050 0 0 0 160 0 0 0 160 
9606.ENSP00000243903 9606.ENSP00000261776 0 0 0 65 0 0 129 150 
9606.ENSP00000243903 9606.ENSP00000355026 0 0 0 0 0 0 158 158 
9606.ENSP00000243903 9606.ENSP00000281928 0 0 0 0 0 0 284 284 
9606.ENSP00000243903 9606.ENSP00000457016 0 0 0 60 993 900 332 999 
9606.ENSP00000243903 9606.ENSP00000355645 0 0 0 56 194 0 141 289 
9606.ENSP00000243903 9606.ENSP00000264047 0 0 0 62 0 0 136 155 
9606.ENSP00000243903 9606.ENSP00000262188 0 0 0 0 0 0 313 313 
9606.ENSP00000243903 9606.ENSP00000378414 0 0 0 46 0 0 325 328 
9606.ENSP00000243903 9606.ENSP00000349640 0 0 0 0 126 900 244 928 
9606.ENSP00000243903 9606.ENSP00000484095 0 0 0 0 800 0 0 800 
9606.ENSP00000243903 9606.ENSP00000329219 0 0 0 62 131 0 108 209 
9606.ENSP00000243903 9606.ENSP00000264389 0 0 0 67 50 900 0 903 
9606.ENSP00000243903 9606.ENSP00000483103 0 0 0 56 194 0 93 249 
9606.ENSP00000243903 9606.ENSP00000353863 0 0 0 0 199 0 0 199 
9606.ENSP00000243903 9606.ENSP00000329647 0 0 0 56 194 0 59 221 
9606.ENSP00000243903 9606.ENSP00000337746 0 0 0 0 0 0 269 269 
9606.ENSP00000243903 9606.ENSP00000356319 0 0 0 51 0 0 238 246 
9606.ENSP00000243903 9606.ENSP00000265963 0 0 0 48 0 0 411 415 
9606.ENSP00000243903 9606.ENSP00000318297 0 0 0 103 980 900 546 999 
9606.ENSP00000243903 9606.ENSP00000359240 0 0 0 0 0 0 254 254 
9606.ENSP00000243903 9606.ENSP00000481110 0 0 0 0 0 0 204 204 
9606.ENSP00000243903 9606.ENSP00000443017 0 0 0 0 800 0 0 800 
9606.ENSP00000243903 9606.ENSP00000347602 0 0 0 0 0 0 173 173 
9606.ENSP00000243903 9606.ENSP00000308258 0 0 0 63 0 0 280 296 
9606.ENSP00000243903 9606.ENSP00000362352 0 0 0 0 157 0 47 162 
9606.ENSP00000243903 9606.ENSP00000350078 0 0 0 0 0 0 173 173 
9606.ENSP00000243903 9606.ENSP00000304376 0 0 0 45 50 0 174 185 
9606.ENSP00000243903 9606.ENSP00000328484 0 0 0 0 157 0 47 162 
9606.ENSP00000243903 9606.ENSP00000362688 0 0 0 85 0 0 256 290 
9606.ENSP00000243903 9606.ENSP00000387361 0 0 0 0 0 0 719 719 
9606.ENSP00000243903 9606.ENSP00000244040 0 0 0 0 63 0 393 407 
9606.ENSP00000243903 9606.ENSP00000436047 0 0 0 64 0 0 423 437 
9606.ENSP00000243903 9606.ENSP00000377250 0 0 0 82 0 0 243 275 
9606.ENSP00000243903 9606.ENSP00000481486 0 0 0 0 800 0 0 800 
9606.ENSP00000243903 9606.ENSP00000358921 0 0 0 56 194 0 236 368 
9606.ENSP00000243903 9606.ENSP00000334037 0 0 0 0 0 0 497 497 
9606.ENSP00000243903 9606.ENSP00000262518 0 0 0 66 137 0 398 473 
9606.ENSP00000243903 9606.ENSP00000260952 0 0 0 0 0 0 384 384 
9606.ENSP00000243903 9606.ENSP00000268717 0 0 0 47 0 900 0 900 
9606.ENSP00000243903 9606.ENSP00000284719 0 0 0 62 0 0 614 623 
9606.ENSP00000243903 9606.ENSP00000361635 0 0 0 0 0 0 169 169 
9606.ENSP00000243903 9606.ENSP00000448785 0 0 0 61 0 0 378 391 
9606.ENSP00000243903 9606.ENSP00000423563 0 0 0 0 157 0 47 162 
9606.ENSP00000243903 9606.ENSP00000416706 0 0 0 56 194 0 59 222 
9606.ENSP00000243903 9606.ENSP00000263274 0 0 0 65 0 0 180 200 
9606.ENSP00000243903 9606.ENSP00000328325 0 0 0 0 0 0 230 230 
9606.ENSP00000243903 9606.ENSP00000448073 0 0 0 0 0 0 154 154 
9606.ENSP00000243903 9606.ENSP00000337340 0 0 0 0 0 0 693 693 
9606.ENSP00000243903 9606.ENSP00000328004 0 0 0 0 0 0 282 282 
9606.ENSP00000243903 9606.ENSP00000341483 0 0 0 70 0 0 187 212 
9606.ENSP00000243903 9606.ENSP00000433761 0 0 0 0 0 0 332 332 
9606.ENSP00000243903 9606.ENSP00000485108 0 0 0 0 186 0 102 237 
9606.ENSP00000243903 9606.ENSP00000390722 0 0 0 0 0 0 158 158 
9606.ENSP00000243903 9606.ENSP00000299824 0 0 0 0 0 0 226 226 
9606.ENSP00000243903 9606.ENSP00000417052 0 0 0 0 0 0 167 167 
9606.ENSP00000243903 9606.ENSP00000480960 0 0 0 0 800 0 0 800 
9606.ENSP00000243903 9606.ENSP00000419361 0 0 0 0 0 0 459 459 
9606.ENSP00000243903 9606.ENSP00000283646 0 0 0 0 0 0 313 313 
9606.ENSP00000243903 9606.ENSP00000229239 0 0 0 61 0 0 139 157 
9606.ENSP00000243903 9606.ENSP00000256001 0 0 0 56 194 0 355 466 
9606.ENSP00000243903 9606.ENSP00000254900 0 0 0 61 0 900 0 902 
9606.ENSP00000243903 9606.ENSP00000303769 0 0 0 0 0 0 157 157 
9606.ENSP00000243903 9606.ENSP00000169298 0 0 0 0 0 0 502 502 
9606.ENSP00000243903 9606.ENSP00000349508 0 0 0 77 137 0 113 232 
9606.ENSP00000243903 9606.ENSP00000358262 0 0 0 63 137 0 106 214 
9606.ENSP00000243903 9606.ENSP00000320566 0 0 0 62 0 900 0 902 
9606.ENSP00000243903 9606.ENSP00000290663 0 0 0 0 0 0 707 707 
9606.ENSP00000243903 9606.ENSP00000262450 0 0 0 64 137 0 44 160 
9606.ENSP00000243903 9606.ENSP00000265651 0 0 0 0 0 0 276 276 
9606.ENSP00000243903 9606.ENSP00000374211 0 0 0 49 137 0 68 168 
9606.ENSP00000243903 9606.ENSP00000364555 0 0 0 56 194 0 63 225 
9606.ENSP00000243903 9606.ENSP00000299575 0 0 0 0 58 0 198 212 
9606.ENSP00000243903 9606.ENSP00000262406 0 0 0 0 0 0 177 177 
9606.ENSP00000243903 9606.ENSP00000346509 0 0 0 0 157 0 47 162 
9606.ENSP00000243903 9606.ENSP00000427802 0 0 0 0 0 0 171 171 
9606.ENSP00000243903 9606.ENSP00000346464 0 0 0 0 0 0 189 189 
9606.ENSP00000243903 9606.ENSP00000299443 0 0 0 56 194 0 284 408 
9606.ENSP00000243903 9606.ENSP00000366679 0 0 0 63 157 0 47 181 
9606.ENSP00000243903 9606.ENSP00000297012 0 0 0 0 157 0 47 162 
9606.ENSP00000243903 9606.ENSP00000452780 0 0 0 0 0 0 219 219 
9606.ENSP00000243903 9606.ENSP00000420588 0 0 0 0 186 0 102 237 
9606.ENSP00000243903 9606.ENSP00000363852 0 0 0 0 0 0 173 173 
9606.ENSP00000243903 9606.ENSP00000398824 0 0 0 64 137 0 44 160 
9606.ENSP00000243903 9606.ENSP00000408617 0 0 0 61 0 0 133 151 
9606.ENSP00000243903 9606.ENSP00000252699 0 0 0 0 0 0 245 245 
9606.ENSP00000243903 9606.ENSP00000221855 0 0 0 60 0 0 335 348 
9606.ENSP00000243903 9606.ENSP00000334675 0 0 0 62 137 0 50 163 
9606.ENSP00000243903 9606.ENSP00000262265 0 0 0 91 0 0 135 180 
9606.ENSP00000243903 9606.ENSP00000477868 0 0 0 0 186 0 102 237 
9606.ENSP00000243903 9606.ENSP00000458162 0 0 0 56 194 0 146 293 
9606.ENSP00000243903 9606.ENSP00000342434 0 0 0 68 0 0 127 152 
9606.ENSP00000243903 9606.ENSP00000256545 0 0 0 69 0 0 250 271 
9606.ENSP00000243903 9606.ENSP00000260746 0 0 0 0 0 0 171 171 
9606.ENSP00000243903 9606.ENSP00000264001 0 0 0 0 185 0 0 185 
9606.ENSP00000243903 9606.ENSP00000430919 0 0 0 0 186 0 102 237 
9606.ENSP00000243903 9606.ENSP00000479134 0 0 0 61 0 0 431 443 
9606.ENSP00000243903 9606.ENSP00000233331 0 0 0 0 831 900 587 992 
9606.ENSP00000243903 9606.ENSP00000188312 0 0 0 61 0 0 298 313 
9606.ENSP00000243903 9606.ENSP00000351075 0 0 0 0 0 0 161 161 
9606.ENSP00000243903 9606.ENSP00000367658 0 0 0 56 194 0 62 224 
9606.ENSP00000243903 9606.ENSP00000265825 0 0 0 0 0 0 307 307 
9606.ENSP00000243903 9606.ENSP00000301281 0 0 0 63 125 0 116 211 
9606.ENSP00000243903 9606.ENSP00000395654 0 0 0 53 137 0 474 533 
9606.ENSP00000243903 9606.ENSP00000328269 0 0 0 0 186 0 102 237 
9606.ENSP00000243903 9606.ENSP00000292035 0 0 0 0 0 0 693 693 
9606.ENSP00000243903 9606.ENSP00000334300 0 0 0 56 194 0 63 225 
9606.ENSP00000243903 9606.ENSP00000311405 0 0 0 0 0 0 226 226 
9606.ENSP00000243903 9606.ENSP00000308405 0 0 0 0 267 0 269 441 
9606.ENSP00000243903 9606.ENSP00000324403 0 0 0 64 137 0 44 160 
9606.ENSP00000243903 9606.ENSP00000351856 0 0 0 56 194 0 93 249 
9606.ENSP00000243903 9606.ENSP00000399968 0 0 0 66 0 0 169 192 
9606.ENSP00000243903 9606.ENSP00000296328 0 0 0 61 191 0 0 207 
9606.ENSP00000243903 9606.ENSP00000014914 0 0 0 0 0 0 285 285 
9606.ENSP00000243903 9606.ENSP00000361043 0 0 0 60 137 0 44 156 
9606.ENSP00000243903 9606.ENSP00000271227 0 0 0 0 0 0 156 156 
9606.ENSP00000243903 9606.ENSP00000344299 0 0 0 0 0 0 498 498 
9606.ENSP00000243903 9606.ENSP00000380888 0 0 0 0 0 0 570 570 
9606.ENSP00000243903 9606.ENSP00000388107 0 0 0 0 0 0 222 222 
9606.ENSP00000243903 9606.ENSP00000479106 0 0 0 0 800 0 0 800 
9606.ENSP00000243903 9606.ENSP00000264183 0 0 0 0 0 0 173 173 
9606.ENSP00000243903 9606.ENSP00000367034 0 0 0 0 800 0 0 800 
9606.ENSP00000243903 9606.ENSP00000463154 0 0 0 0 0 900 0 900 
9606.ENSP00000243903 9606.ENSP00000340610 0 0 0 56 194 0 93 249 
9606.ENSP00000243903 9606.ENSP00000314807 0 0 0 0 0 0 466 466 
9606.ENSP00000243903 9606.ENSP00000402373 0 0 0 56 194 0 147 294 
9606.ENSP00000243903 9606.ENSP00000363603 0 0 0 0 0 0 239 239 
9606.ENSP00000243903 9606.ENSP00000251871 0 0 0 96 0 0 604 627 
9606.ENSP00000243903 9606.ENSP00000333037 0 0 0 56 194 0 100 256 
9606.ENSP00000243903 9606.ENSP00000264735 0 0 0 0 0 0 167 167 
9606.ENSP00000243903 9606.ENSP00000299259 0 0 0 54 0 900 0 901 
9606.ENSP00000243903 9606.ENSP00000263620 0 0 0 45 0 0 173 176 
9606.ENSP00000243903 9606.ENSP00000374213 0 0 0 49 137 900 242 929 
9606.ENSP00000243903 9606.ENSP00000468025 0 0 0 0 0 0 443 443 
9606.ENSP00000243903 9606.ENSP00000296503 0 0 0 0 186 0 102 237 
9606.ENSP00000243903 9606.ENSP00000339613 0 0 0 0 0 0 150 150 
9606.ENSP00000243903 9606.ENSP00000448035 0 0 0 87 0 0 171 210 
9606.ENSP00000243903 9606.ENSP00000484789 0 0 0 0 800 0 0 800 
9606.ENSP00000243903 9606.ENSP00000472998 0 0 0 120 78 0 97 203 
9606.ENSP00000243903 9606.ENSP00000253861 0 0 0 61 0 0 170 187 
9606.ENSP00000243903 9606.ENSP00000263238 0 0 0 56 194 0 263 390 
9606.ENSP00000243903 9606.ENSP00000310275 0 0 0 46 0 0 204 208 
9606.ENSP00000243903 9606.ENSP00000303373 0 0 0 0 824 0 47 825 
9606.ENSP00000243903 9606.ENSP00000265896 0 0 0 63 0 0 211 229 
9606.ENSP00000243903 9606.ENSP00000359305 0 0 0 0 0 0 380 380 
9606.ENSP00000243903 9606.ENSP00000442924 0 0 0 62 0 0 666 674 
9606.ENSP00000243903 9606.ENSP00000473172 0 0 0 97 977 900 568 999 
9606.ENSP00000243903 9606.ENSP00000366974 0 0 0 0 800 0 0 800 
9606.ENSP00000243903 9606.ENSP00000284770 0 0 0 0 0 0 276 276 
9606.ENSP00000243903 9606.ENSP00000440331 0 0 0 0 0 0 204 204 
9606.ENSP00000243903 9606.ENSP00000313050 0 0 0 0 0 0 315 315 
9606.ENSP00000243903 9606.ENSP00000367220 0 0 0 56 194 0 267 393 
9606.ENSP00000243903 9606.ENSP00000216468 0 0 0 0 0 0 158 158 
9606.ENSP00000243903 9606.ENSP00000252622 0 0 0 65 0 0 230 250 
9606.ENSP00000243903 9606.ENSP00000420477 0 0 0 0 0 0 171 171 
9606.ENSP00000243903 9606.ENSP00000479461 0 0 0 0 800 0 0 800 
9606.ENSP00000243903 9606.ENSP00000377601 0 0 0 63 137 0 49 164 
9606.ENSP00000243903 9606.ENSP00000379441 0 0 0 0 0 0 151 151 
9606.ENSP00000243903 9606.ENSP00000289228 0 0 0 56 194 0 246 376 
9606.ENSP00000243903 9606.ENSP00000480826 0 0 0 0 800 0 0 800 
9606.ENSP00000243903 9606.ENSP00000265773 0 0 0 49 137 0 503 556 
9606.ENSP00000243903 9606.ENSP00000263208 0 0 0 136 361 0 0 424 
9606.ENSP00000243903 9606.ENSP00000219746 0 0 0 0 186 0 102 237 
9606.ENSP00000243903 9606.ENSP00000329880 0 0 0 0 0 0 150 150 
9606.ENSP00000243903 9606.ENSP00000420443 0 0 0 0 0 0 463 463 
9606.ENSP00000243903 9606.ENSP00000418734 0 0 0 64 0 0 228 246 
9606.ENSP00000243903 9606.ENSP00000380598 0 0 0 45 0 0 180 184 
9606.ENSP00000243903 9606.ENSP00000290378 0 0 0 56 194 0 147 294 
9606.ENSP00000243903 9606.ENSP00000434995 0 0 0 66 132 0 0 154 
9606.ENSP00000243903 9606.ENSP00000363694 0 0 0 0 0 0 434 434 
9606.ENSP00000243903 9606.ENSP00000252011 0 0 0 62 0 0 372 385 
9606.ENSP00000243903 9606.ENSP00000359892 0 0 0 0 0 0 173 173 
9606.ENSP00000243903 9606.ENSP00000353452 0 0 0 42 0 0 232 232 
9606.ENSP00000243903 9606.ENSP00000369716 0 0 0 64 137 0 118 225 
9606.ENSP00000243903 9606.ENSP00000333633 0 0 0 64 0 0 133 153 
9606.ENSP00000243903 9606.ENSP00000263121 0 0 0 68 0 0 216 239 
9606.ENSP00000243903 9606.ENSP00000387176 0 0 0 56 194 0 82 240 
9606.ENSP00000243903 9606.ENSP00000484638 0 0 0 0 800 0 0 800 
9606.ENSP00000243903 9606.ENSP00000438115 0 0 0 47 0 900 0 900 
9606.ENSP00000243903 9606.ENSP00000482431 0 0 0 0 157 0 47 162 
9606.ENSP00000243903 9606.ENSP00000285021 0 0 0 0 0 900 209 917 
9606.ENSP00000243903 9606.ENSP00000256996 0 0 0 0 0 900 0 900 
9606.ENSP00000243903 9606.ENSP00000441000 0 0 0 0 0 0 420 420 
9606.ENSP00000243903 9606.ENSP00000299705 0 0 0 0 0 0 328 328 
9606.ENSP00000243903 9606.ENSP00000306003 0 0 0 0 0 0 270 270 
9606.ENSP00000243903 9606.ENSP00000258962 0 0 0 112 78 0 86 186 
9606.ENSP00000243903 9606.ENSP00000376989 0 0 0 0 58 0 205 219 
9606.ENSP00000243903 9606.ENSP00000262545 0 0 0 0 0 0 292 292 
9606.ENSP00000243903 9606.ENSP00000254286 0 0 0 56 194 0 579 651 
9606.ENSP00000243903 9606.ENSP00000216727 0 0 0 73 0 0 383 404 
9606.ENSP00000243903 9606.ENSP00000366956 0 0 0 0 800 0 0 800 
9606.ENSP00000243903 9606.ENSP00000480158 0 0 0 64 130 0 0 151 
9606.ENSP00000243903 9606.ENSP00000479669 0 0 0 0 0 0 340 340 
9606.ENSP00000243903 9606.ENSP00000366221 0 0 0 0 0 0 177 177 
9606.ENSP00000243903 9606.ENSP00000167586 0 0 0 0 0 0 653 653 
9606.ENSP00000243903 9606.ENSP00000364589 0 0 0 82 0 900 0 904 
9606.ENSP00000243903 9606.ENSP00000359393 0 0 0 0 186 0 102 237 
9606.ENSP00000243903 9606.ENSP00000317327 0 0 0 58 0 0 569 576 
9606.ENSP00000243903 9606.ENSP00000452479 0 0 0 0 0 0 323 323 
9606.ENSP00000243903 9606.ENSP00000245816 0 0 0 0 0 0 404 404 
