9606.ENSP00000397693 9606.ENSP00000315664 0 0 0 0 0 0 210 210 
9606.ENSP00000397693 9606.ENSP00000357189 0 0 0 0 186 0 0 186 
9606.ENSP00000397693 9606.ENSP00000355388 0 0 0 42 173 0 0 173 
9606.ENSP00000397693 9606.ENSP00000229812 0 0 0 55 157 0 42 170 
9606.ENSP00000397693 9606.ENSP00000384629 0 0 0 64 144 0 0 164 
9606.ENSP00000397693 9606.ENSP00000483345 0 0 0 0 186 0 0 186 
9606.ENSP00000397693 9606.ENSP00000355924 0 0 0 51 144 0 0 152 
9606.ENSP00000397693 9606.ENSP00000467141 0 0 0 0 50 0 163 170 
9606.ENSP00000397693 9606.ENSP00000356234 0 0 0 0 185 0 0 185 
9606.ENSP00000397693 9606.ENSP00000307134 0 0 0 0 50 0 287 293 
9606.ENSP00000397693 9606.ENSP00000262519 0 0 0 62 144 0 0 162 
9606.ENSP00000397693 9606.ENSP00000206595 0 0 0 51 144 0 0 152 
9606.ENSP00000397693 9606.ENSP00000410083 0 0 0 0 0 0 177 177 
9606.ENSP00000397693 9606.ENSP00000373354 0 0 0 56 144 0 0 157 
9606.ENSP00000397693 9606.ENSP00000367069 0 0 0 0 0 0 198 198 
9606.ENSP00000397693 9606.ENSP00000301037 0 0 0 61 157 0 55 186 
9606.ENSP00000397693 9606.ENSP00000261537 0 0 0 42 189 0 0 189 
9606.ENSP00000397693 9606.ENSP00000418823 0 0 0 0 0 0 167 167 
9606.ENSP00000397693 9606.ENSP00000322716 0 0 0 0 186 0 0 186 
9606.ENSP00000397693 9606.ENSP00000262848 0 0 0 78 132 0 49 172 
9606.ENSP00000397693 9606.ENSP00000298910 0 0 0 62 132 0 0 151 
9606.ENSP00000397693 9606.ENSP00000437775 0 0 0 0 167 0 0 167 
9606.ENSP00000397693 9606.ENSP00000409666 0 0 0 0 185 0 0 185 
9606.ENSP00000397693 9606.ENSP00000265351 0 0 0 62 157 0 0 175 
9606.ENSP00000397693 9606.ENSP00000302967 0 0 0 0 156 0 0 156 
9606.ENSP00000397693 9606.ENSP00000263360 0 0 0 0 192 0 56 204 
9606.ENSP00000397693 9606.ENSP00000398837 0 0 0 51 144 0 0 152 
9606.ENSP00000397693 9606.ENSP00000397181 0 0 0 0 50 0 220 227 
9606.ENSP00000397693 9606.ENSP00000313983 0 0 0 51 144 0 0 152 
9606.ENSP00000397693 9606.ENSP00000378402 0 0 0 62 260 0 0 276 
9606.ENSP00000397693 9606.ENSP00000376077 0 0 0 0 185 0 0 185 
9606.ENSP00000397693 9606.ENSP00000337452 0 0 0 363 0 0 0 363 
9606.ENSP00000397693 9606.ENSP00000263317 0 0 0 0 0 0 158 158 
9606.ENSP00000397693 9606.ENSP00000430432 0 0 0 0 156 0 0 156 
9606.ENSP00000397693 9606.ENSP00000268712 0 0 0 0 185 0 0 185 
9606.ENSP00000397693 9606.ENSP00000262144 0 0 0 0 261 0 43 262 
9606.ENSP00000397693 9606.ENSP00000337976 0 0 0 51 144 0 0 152 
9606.ENSP00000397693 9606.ENSP00000378529 0 0 0 62 125 0 57 158 
9606.ENSP00000397693 9606.ENSP00000338770 0 0 0 0 187 0 0 187 
9606.ENSP00000397693 9606.ENSP00000209728 0 0 0 55 132 0 56 158 
9606.ENSP00000397693 9606.ENSP00000262030 0 0 0 49 178 0 0 184 
9606.ENSP00000397693 9606.ENSP00000370109 0 0 0 61 186 0 0 202 
9606.ENSP00000397693 9606.ENSP00000378306 0 0 0 64 131 0 57 165 
9606.ENSP00000397693 9606.ENSP00000436786 0 0 0 51 144 0 0 152 
9606.ENSP00000397693 9606.ENSP00000367570 0 0 0 51 144 0 0 152 
9606.ENSP00000397693 9606.ENSP00000369131 0 0 0 62 260 0 0 276 
9606.ENSP00000397693 9606.ENSP00000481038 0 0 0 326 0 0 49 331 
9606.ENSP00000397693 9606.ENSP00000216271 0 0 0 0 150 0 43 151 
9606.ENSP00000397693 9606.ENSP00000256103 0 0 0 0 62 0 328 342 
9606.ENSP00000397693 9606.ENSP00000403441 0 0 0 153 187 0 81 312 
9606.ENSP00000397693 9606.ENSP00000455507 0 0 0 62 81 0 285 329 
9606.ENSP00000397693 9606.ENSP00000384863 0 0 0 62 157 0 0 175 
9606.ENSP00000397693 9606.ENSP00000376204 0 0 0 51 144 0 0 152 
9606.ENSP00000397693 9606.ENSP00000262965 0 0 0 0 76 0 168 198 
9606.ENSP00000397693 9606.ENSP00000331608 0 0 0 0 62 0 235 252 
9606.ENSP00000397693 9606.ENSP00000224807 0 0 0 0 0 0 520 520 
9606.ENSP00000397693 9606.ENSP00000471454 0 0 0 0 0 0 412 412 
9606.ENSP00000397693 9606.ENSP00000373684 0 0 0 55 157 0 42 170 
9606.ENSP00000397693 9606.ENSP00000362592 0 0 0 0 186 0 45 189 
9606.ENSP00000397693 9606.ENSP00000380878 0 0 0 64 131 0 57 165 
9606.ENSP00000397693 9606.ENSP00000267291 0 0 0 0 79 0 117 151 
9606.ENSP00000397693 9606.ENSP00000361540 0 0 0 55 125 0 57 152 
9606.ENSP00000397693 9606.ENSP00000254868 0 0 0 0 0 0 158 158 
9606.ENSP00000397693 9606.ENSP00000357668 0 0 0 0 0 0 212 212 
9606.ENSP00000397693 9606.ENSP00000334538 0 0 0 58 0 0 473 482 
9606.ENSP00000397693 9606.ENSP00000386759 0 0 0 51 144 0 0 152 
9606.ENSP00000397693 9606.ENSP00000299633 0 0 0 0 186 0 0 186 
9606.ENSP00000397693 9606.ENSP00000372351 0 0 0 51 144 0 0 152 
9606.ENSP00000397693 9606.ENSP00000262633 0 0 0 0 0 0 173 173 
9606.ENSP00000397693 9606.ENSP00000264703 0 0 0 0 0 0 269 269 
9606.ENSP00000397693 9606.ENSP00000420295 0 0 0 63 64 0 211 247 
9606.ENSP00000397693 9606.ENSP00000333024 0 0 0 51 144 0 0 152 
9606.ENSP00000397693 9606.ENSP00000417980 0 0 0 51 144 0 0 152 
9606.ENSP00000397693 9606.ENSP00000257566 0 0 0 0 63 0 195 214 
9606.ENSP00000397693 9606.ENSP00000332454 0 0 0 56 170 0 0 182 
9606.ENSP00000397693 9606.ENSP00000388107 0 0 0 0 185 0 0 185 
9606.ENSP00000397693 9606.ENSP00000309591 0 0 0 78 132 0 49 172 
9606.ENSP00000397693 9606.ENSP00000356530 0 0 0 56 170 0 0 182 
9606.ENSP00000397693 9606.ENSP00000253024 0 0 0 55 180 900 96 920 
9606.ENSP00000397693 9606.ENSP00000260453 0 0 0 214 0 0 0 214 
9606.ENSP00000397693 9606.ENSP00000304360 0 0 0 51 144 0 0 152 
9606.ENSP00000397693 9606.ENSP00000262903 0 0 0 51 159 0 0 167 
9606.ENSP00000397693 9606.ENSP00000362649 0 0 0 0 156 0 0 156 
9606.ENSP00000397693 9606.ENSP00000376330 0 0 0 0 73 0 292 315 
9606.ENSP00000397693 9606.ENSP00000366249 0 0 0 61 130 0 55 160 
9606.ENSP00000397693 9606.ENSP00000423660 0 0 0 0 0 0 358 358 
9606.ENSP00000397693 9606.ENSP00000480262 0 0 0 0 0 0 164 164 
9606.ENSP00000397693 9606.ENSP00000301067 0 0 0 51 144 0 0 152 
9606.ENSP00000397693 9606.ENSP00000382688 0 0 0 0 185 0 0 185 
9606.ENSP00000397693 9606.ENSP00000384018 0 0 0 0 185 0 0 185 
9606.ENSP00000397693 9606.ENSP00000255040 0 0 0 0 0 0 245 245 
9606.ENSP00000397693 9606.ENSP00000269289 0 0 0 51 144 0 0 152 
9606.ENSP00000397693 9606.ENSP00000341280 0 0 0 0 185 0 44 187 
9606.ENSP00000397693 9606.ENSP00000464872 0 0 0 0 187 0 0 187 
9606.ENSP00000397693 9606.ENSP00000323074 0 0 0 51 144 0 0 152 
9606.ENSP00000397693 9606.ENSP00000398778 0 0 0 0 0 0 510 510 
9606.ENSP00000397693 9606.ENSP00000282030 0 0 0 51 144 0 0 152 
9606.ENSP00000397693 9606.ENSP00000373347 0 0 0 0 61 0 286 300 
9606.ENSP00000397693 9606.ENSP00000251472 0 0 0 61 157 0 43 176 
9606.ENSP00000397693 9606.ENSP00000244869 0 0 0 0 0 0 171 171 
9606.ENSP00000397693 9606.ENSP00000360252 0 0 0 0 0 0 360 360 
9606.ENSP00000397693 9606.ENSP00000223023 0 0 0 0 0 0 171 171 
9606.ENSP00000397693 9606.ENSP00000357320 0 0 0 0 0 0 271 271 
9606.ENSP00000397693 9606.ENSP00000366488 0 0 0 78 132 0 49 172 
9606.ENSP00000397693 9606.ENSP00000274031 0 0 0 51 164 0 0 172 
9606.ENSP00000397693 9606.ENSP00000318635 0 0 0 0 185 0 0 185 
9606.ENSP00000397693 9606.ENSP00000369666 0 0 0 63 165 0 0 184 
9606.ENSP00000397693 9606.ENSP00000337731 0 0 0 0 0 0 243 243 
9606.ENSP00000397693 9606.ENSP00000307208 0 0 0 0 185 0 0 185 
9606.ENSP00000397693 9606.ENSP00000225983 0 0 0 0 150 0 43 151 
9606.ENSP00000397693 9606.ENSP00000427401 0 0 0 0 0 0 536 536 
9606.ENSP00000397693 9606.ENSP00000360497 0 0 0 0 79 0 117 151 
9606.ENSP00000397693 9606.ENSP00000396452 0 0 0 0 0 0 474 474 
9606.ENSP00000397693 9606.ENSP00000387982 0 0 0 0 186 0 0 186 
9606.ENSP00000397693 9606.ENSP00000308369 0 0 0 0 0 0 296 296 
9606.ENSP00000397693 9606.ENSP00000426103 0 0 0 42 185 0 0 185 
9606.ENSP00000397693 9606.ENSP00000405965 0 0 0 0 185 0 0 185 
9606.ENSP00000397693 9606.ENSP00000271640 0 0 0 51 144 0 67 175 
9606.ENSP00000397693 9606.ENSP00000331211 0 0 0 0 57 0 330 341 
9606.ENSP00000397693 9606.ENSP00000216373 0 0 0 63 85 0 130 188 
9606.ENSP00000397693 9606.ENSP00000225573 0 0 0 0 0 0 188 188 
9606.ENSP00000397693 9606.ENSP00000333660 0 0 0 0 187 0 0 187 
9606.ENSP00000397693 9606.ENSP00000261845 0 0 0 0 295 0 0 295 
9606.ENSP00000397693 9606.ENSP00000366953 0 0 0 0 262 0 0 262 
9606.ENSP00000397693 9606.ENSP00000216513 0 0 0 0 64 0 291 308 
9606.ENSP00000397693 9606.ENSP00000408342 0 0 0 0 0 0 224 224 
9606.ENSP00000397693 9606.ENSP00000302790 0 0 0 62 157 0 0 175 
9606.ENSP00000397693 9606.ENSP00000483312 0 0 0 0 157 0 50 164 
9606.ENSP00000397693 9606.ENSP00000346997 0 0 0 51 144 0 0 152 
9606.ENSP00000397693 9606.ENSP00000367705 0 0 0 0 167 0 0 167 
9606.ENSP00000397693 9606.ENSP00000480316 0 0 0 331 0 0 0 331 
9606.ENSP00000397693 9606.ENSP00000358918 0 0 0 0 158 0 0 158 
9606.ENSP00000397693 9606.ENSP00000334061 0 0 0 0 150 0 43 151 
9606.ENSP00000397693 9606.ENSP00000352463 0 0 0 51 144 0 0 152 
9606.ENSP00000397693 9606.ENSP00000262584 0 0 0 0 153 0 57 167 
9606.ENSP00000397693 9606.ENSP00000389377 0 0 0 0 0 0 152 152 
9606.ENSP00000397693 9606.ENSP00000263381 0 0 0 0 0 0 187 187 
9606.ENSP00000397693 9606.ENSP00000367203 0 0 0 0 186 0 49 192 
9606.ENSP00000397693 9606.ENSP00000360021 0 0 0 0 0 0 388 388 
9606.ENSP00000397693 9606.ENSP00000262189 0 0 0 51 144 0 50 160 
9606.ENSP00000397693 9606.ENSP00000418735 0 0 0 0 0 0 243 243 
9606.ENSP00000397693 9606.ENSP00000409016 0 0 0 51 144 0 0 152 
9606.ENSP00000397693 9606.ENSP00000364678 0 0 0 51 144 0 0 152 
9606.ENSP00000397693 9606.ENSP00000225538 0 0 0 0 0 0 232 232 
9606.ENSP00000397693 9606.ENSP00000430774 0 0 0 50 172 0 62 197 
9606.ENSP00000397693 9606.ENSP00000324792 0 0 0 0 185 0 0 185 
9606.ENSP00000397693 9606.ENSP00000351475 0 0 0 61 157 0 43 176 
9606.ENSP00000397693 9606.ENSP00000377086 0 0 0 42 157 0 0 157 
9606.ENSP00000397693 9606.ENSP00000359719 0 0 0 78 132 0 49 172 
9606.ENSP00000397693 9606.ENSP00000080059 0 0 0 0 150 0 43 151 
9606.ENSP00000397693 9606.ENSP00000378323 0 0 0 64 131 0 57 165 
9606.ENSP00000397693 9606.ENSP00000364550 0 0 0 0 185 0 0 185 
9606.ENSP00000397693 9606.ENSP00000337618 0 0 0 363 0 0 0 363 
9606.ENSP00000397693 9606.ENSP00000362344 0 0 0 0 156 0 0 156 
9606.ENSP00000397693 9606.ENSP00000345708 0 0 0 0 0 0 163 163 
9606.ENSP00000397693 9606.ENSP00000314299 0 0 0 329 0 0 0 329 
9606.ENSP00000397693 9606.ENSP00000393453 0 0 0 51 144 0 0 152 
9606.ENSP00000397693 9606.ENSP00000346175 0 0 0 51 144 0 0 152 
9606.ENSP00000397693 9606.ENSP00000303960 0 0 0 0 59 0 187 202 
9606.ENSP00000397693 9606.ENSP00000374152 0 0 0 51 144 0 0 152 
9606.ENSP00000397693 9606.ENSP00000376297 0 0 0 0 68 0 133 157 
9606.ENSP00000397693 9606.ENSP00000329097 0 0 0 51 144 0 56 166 
9606.ENSP00000397693 9606.ENSP00000408617 0 0 0 0 150 0 43 151 
9606.ENSP00000397693 9606.ENSP00000373404 0 0 0 0 153 0 45 156 
9606.ENSP00000397693 9606.ENSP00000254846 0 0 0 0 186 0 49 192 
9606.ENSP00000397693 9606.ENSP00000356395 0 0 0 333 0 0 0 333 
9606.ENSP00000397693 9606.ENSP00000305244 0 0 0 0 62 0 249 265 
9606.ENSP00000397693 9606.ENSP00000264606 0 0 0 0 150 0 43 151 
9606.ENSP00000397693 9606.ENSP00000370256 0 0 0 0 108 0 190 246 
9606.ENSP00000397693 9606.ENSP00000353739 0 0 0 61 0 0 223 239 
9606.ENSP00000397693 9606.ENSP00000379702 0 0 0 0 187 0 0 187 
9606.ENSP00000397693 9606.ENSP00000395929 0 0 0 51 144 0 0 152 
9606.ENSP00000397693 9606.ENSP00000267102 0 0 0 0 0 0 282 282 
9606.ENSP00000397693 9606.ENSP00000323782 0 0 0 0 0 0 566 566 
9606.ENSP00000397693 9606.ENSP00000315203 0 0 0 0 0 0 543 543 
9606.ENSP00000397693 9606.ENSP00000442924 0 0 0 62 144 0 0 162 
9606.ENSP00000397693 9606.ENSP00000320147 0 0 0 51 164 0 0 172 
9606.ENSP00000397693 9606.ENSP00000362674 0 0 0 0 156 0 0 156 
9606.ENSP00000397693 9606.ENSP00000366271 0 0 0 63 129 0 50 156 
9606.ENSP00000397693 9606.ENSP00000404658 0 0 0 51 164 0 0 172 
9606.ENSP00000397693 9606.ENSP00000419184 0 0 0 51 144 0 0 152 
9606.ENSP00000397693 9606.ENSP00000442129 0 0 0 0 186 0 0 186 
9606.ENSP00000397693 9606.ENSP00000369424 0 0 0 0 186 0 0 186 
