9606.ENSP00000385787 9606.ENSP00000401445 0 0 0 0 0 720 0 720 
9606.ENSP00000385787 9606.ENSP00000374280 0 0 0 221 0 0 0 221 
9606.ENSP00000385787 9606.ENSP00000377969 0 0 0 157 0 0 0 157 
9606.ENSP00000385787 9606.ENSP00000284995 0 0 0 64 0 540 269 657 
9606.ENSP00000385787 9606.ENSP00000382863 0 0 0 202 0 0 0 202 
9606.ENSP00000385787 9606.ENSP00000454836 0 0 0 144 0 0 118 212 
9606.ENSP00000385787 9606.ENSP00000355279 0 0 0 0 157 0 48 163 
9606.ENSP00000385787 9606.ENSP00000278412 0 0 0 150 0 0 0 150 
9606.ENSP00000385787 9606.ENSP00000296792 0 0 0 108 0 0 131 191 
9606.ENSP00000385787 9606.ENSP00000437256 0 0 0 74 742 900 57 974 
9606.ENSP00000385787 9606.ENSP00000355094 0 0 0 193 0 0 0 193 
9606.ENSP00000385787 9606.ENSP00000350098 0 0 0 108 890 900 591 995 
9606.ENSP00000385787 9606.ENSP00000377686 0 0 0 171 0 0 0 171 
9606.ENSP00000385787 9606.ENSP00000362110 0 0 0 155 400 0 84 495 
9606.ENSP00000385787 9606.ENSP00000331944 0 0 0 87 172 0 0 212 
9606.ENSP00000385787 9606.ENSP00000313601 0 0 0 157 0 0 0 157 
9606.ENSP00000385787 9606.ENSP00000260197 0 0 0 45 158 0 0 161 
9606.ENSP00000385787 9606.ENSP00000354536 0 0 0 0 0 0 197 197 
9606.ENSP00000385787 9606.ENSP00000442699 0 0 0 53 387 0 0 394 
9606.ENSP00000385787 9606.ENSP00000401721 0 0 0 64 172 0 0 191 
9606.ENSP00000385787 9606.ENSP00000359606 0 0 0 66 0 0 309 327 
9606.ENSP00000385787 9606.ENSP00000283109 0 0 0 175 0 0 0 175 
9606.ENSP00000385787 9606.ENSP00000386226 0 0 0 125 742 0 0 764 
9606.ENSP00000385787 9606.ENSP00000256442 0 0 0 134 0 0 115 201 
9606.ENSP00000385787 9606.ENSP00000363746 0 0 0 163 119 0 0 231 
9606.ENSP00000385787 9606.ENSP00000362978 0 0 0 288 0 0 0 288 
9606.ENSP00000385787 9606.ENSP00000316512 0 0 0 173 0 0 0 173 
9606.ENSP00000385787 9606.ENSP00000224140 0 0 0 211 0 0 92 253 
9606.ENSP00000385787 9606.ENSP00000304353 0 0 0 94 158 900 0 917 
9606.ENSP00000385787 9606.ENSP00000297613 0 0 0 145 0 800 0 821 
9606.ENSP00000385787 9606.ENSP00000254325 0 0 0 154 0 0 0 154 
9606.ENSP00000385787 9606.ENSP00000242351 0 0 0 171 0 0 0 171 
9606.ENSP00000385787 9606.ENSP00000364289 0 0 0 152 0 0 0 152 
9606.ENSP00000385787 9606.ENSP00000269499 0 0 0 61 147 0 0 164 
9606.ENSP00000385787 9606.ENSP00000230340 0 0 0 211 0 0 0 211 
9606.ENSP00000385787 9606.ENSP00000357644 0 0 0 87 0 0 212 249 
9606.ENSP00000385787 9606.ENSP00000373772 0 0 0 187 0 0 0 187 
9606.ENSP00000385787 9606.ENSP00000372445 0 0 0 65 742 0 0 748 
9606.ENSP00000385787 9606.ENSP00000361704 0 0 0 153 0 0 0 153 
9606.ENSP00000385787 9606.ENSP00000359128 0 0 0 190 0 0 0 190 
9606.ENSP00000385787 9606.ENSP00000362287 0 0 0 61 0 720 0 725 
9606.ENSP00000385787 9606.ENSP00000170168 0 0 0 78 263 0 0 291 
9606.ENSP00000385787 9606.ENSP00000388320 0 0 0 152 0 0 0 152 
9606.ENSP00000385787 9606.ENSP00000322396 0 0 0 150 0 0 0 150 
9606.ENSP00000385787 9606.ENSP00000003302 0 0 0 146 0 0 50 154 
9606.ENSP00000385787 9606.ENSP00000375919 0 0 0 61 157 0 0 174 
9606.ENSP00000385787 9606.ENSP00000423067 0 0 0 161 0 0 0 161 
9606.ENSP00000385787 9606.ENSP00000484492 0 0 0 169 0 0 0 169 
9606.ENSP00000385787 9606.ENSP00000265271 0 0 0 152 0 0 0 152 
9606.ENSP00000385787 9606.ENSP00000366135 0 0 0 166 0 0 0 166 
9606.ENSP00000385787 9606.ENSP00000260810 0 0 0 155 0 0 0 155 
9606.ENSP00000385787 9606.ENSP00000297431 0 0 0 154 0 0 0 154 
9606.ENSP00000385787 9606.ENSP00000324020 0 0 0 193 0 0 0 193 
9606.ENSP00000385787 9606.ENSP00000360329 0 0 0 158 0 0 0 158 
9606.ENSP00000385787 9606.ENSP00000305790 0 0 0 187 0 0 0 187 
9606.ENSP00000385787 9606.ENSP00000358810 0 0 0 53 768 0 0 770 
9606.ENSP00000385787 9606.ENSP00000261015 0 0 0 180 0 0 0 180 
9606.ENSP00000385787 9606.ENSP00000263205 0 0 0 155 0 0 0 155 
9606.ENSP00000385787 9606.ENSP00000247003 0 0 0 160 0 0 261 353 
9606.ENSP00000385787 9606.ENSP00000391669 0 0 0 153 0 0 0 153 
9606.ENSP00000385787 9606.ENSP00000363574 0 0 0 66 742 0 0 748 
9606.ENSP00000385787 9606.ENSP00000377681 0 0 0 68 384 0 0 401 
9606.ENSP00000385787 9606.ENSP00000361180 0 0 0 127 80 0 0 162 
9606.ENSP00000385787 9606.ENSP00000262384 0 0 0 0 0 0 246 246 
9606.ENSP00000385787 9606.ENSP00000264033 0 0 0 49 159 0 0 166 
9606.ENSP00000385787 9606.ENSP00000297579 0 0 0 147 50 0 0 155 
9606.ENSP00000385787 9606.ENSP00000276079 0 0 0 62 387 0 0 400 
9606.ENSP00000385787 9606.ENSP00000326767 0 0 0 183 0 0 0 183 
9606.ENSP00000385787 9606.ENSP00000262415 0 0 0 173 0 0 49 180 
9606.ENSP00000385787 9606.ENSP00000378917 0 0 0 154 0 0 0 154 
9606.ENSP00000385787 9606.ENSP00000268616 0 0 0 61 147 0 0 164 
9606.ENSP00000385787 9606.ENSP00000259239 0 0 0 179 0 0 0 179 
9606.ENSP00000385787 9606.ENSP00000247470 0 0 0 0 319 0 0 319 
9606.ENSP00000385787 9606.ENSP00000230640 0 0 0 232 0 0 0 232 
9606.ENSP00000385787 9606.ENSP00000269466 0 0 0 64 0 0 276 293 
9606.ENSP00000385787 9606.ENSP00000261973 0 0 0 155 0 0 0 155 
9606.ENSP00000385787 9606.ENSP00000378830 0 0 0 153 0 0 0 153 
9606.ENSP00000385787 9606.ENSP00000482107 0 0 0 163 0 0 0 163 
9606.ENSP00000385787 9606.ENSP00000240423 0 0 0 231 0 0 0 231 
9606.ENSP00000385787 9606.ENSP00000308179 0 0 0 171 0 0 0 171 
9606.ENSP00000385787 9606.ENSP00000367028 0 0 0 200 0 0 0 200 
9606.ENSP00000385787 9606.ENSP00000352314 0 0 0 55 0 0 581 587 
9606.ENSP00000385787 9606.ENSP00000326563 0 0 0 179 0 0 0 179 
9606.ENSP00000385787 9606.ENSP00000396441 0 0 0 113 119 0 0 185 
9606.ENSP00000385787 9606.ENSP00000465213 0 0 0 162 917 900 598 996 
9606.ENSP00000385787 9606.ENSP00000168216 0 0 0 0 0 900 145 910 
9606.ENSP00000385787 9606.ENSP00000238112 0 0 0 171 0 0 56 184 
9606.ENSP00000385787 9606.ENSP00000485378 0 0 0 0 268 0 349 503 
9606.ENSP00000385787 9606.ENSP00000355890 0 0 0 150 0 0 0 150 
9606.ENSP00000385787 9606.ENSP00000261377 0 0 0 78 263 0 0 291 
9606.ENSP00000385787 9606.ENSP00000284154 0 0 0 302 0 0 0 302 
9606.ENSP00000385787 9606.ENSP00000313953 0 0 0 195 0 0 0 195 
9606.ENSP00000385787 9606.ENSP00000348722 0 0 0 161 0 0 0 161 
9606.ENSP00000385787 9606.ENSP00000245934 0 0 0 113 0 0 126 191 
9606.ENSP00000385787 9606.ENSP00000333441 0 0 0 64 172 0 0 191 
9606.ENSP00000385787 9606.ENSP00000407323 0 0 0 95 742 0 0 756 
9606.ENSP00000385787 9606.ENSP00000297508 0 0 0 0 0 0 491 491 
9606.ENSP00000385787 9606.ENSP00000332198 0 0 0 62 0 900 0 902 
9606.ENSP00000385787 9606.ENSP00000344504 0 0 0 0 742 0 0 742 
9606.ENSP00000385787 9606.ENSP00000285814 0 0 0 96 128 0 0 178 
9606.ENSP00000385787 9606.ENSP00000251607 0 0 0 84 0 0 250 283 
9606.ENSP00000385787 9606.ENSP00000326804 0 0 0 201 0 0 0 201 
9606.ENSP00000385787 9606.ENSP00000389182 0 0 0 103 897 900 590 995 
9606.ENSP00000385787 9606.ENSP00000377344 0 0 0 111 0 0 377 422 
9606.ENSP00000385787 9606.ENSP00000368349 0 0 0 202 0 0 0 202 
9606.ENSP00000385787 9606.ENSP00000484525 0 0 0 232 0 0 0 232 
9606.ENSP00000385787 9606.ENSP00000262367 0 0 0 200 0 0 0 200 
9606.ENSP00000385787 9606.ENSP00000229595 0 0 0 271 0 0 0 271 
9606.ENSP00000385787 9606.ENSP00000244230 0 0 0 169 0 900 0 913 
9606.ENSP00000385787 9606.ENSP00000301364 0 0 0 186 0 0 0 186 
9606.ENSP00000385787 9606.ENSP00000409799 0 0 0 0 799 900 349 985 
9606.ENSP00000385787 9606.ENSP00000320917 0 0 0 188 0 0 0 188 
9606.ENSP00000385787 9606.ENSP00000422626 0 0 0 145 0 0 53 155 
9606.ENSP00000385787 9606.ENSP00000415078 0 0 0 93 0 0 128 175 
9606.ENSP00000385787 9606.ENSP00000247001 0 0 0 237 0 0 0 237 
9606.ENSP00000385787 9606.ENSP00000361232 0 0 0 225 0 0 43 226 
9606.ENSP00000385787 9606.ENSP00000358677 0 0 0 0 0 0 173 173 
9606.ENSP00000385787 9606.ENSP00000296220 0 0 0 152 0 0 0 152 
9606.ENSP00000385787 9606.ENSP00000323720 0 0 0 167 0 0 0 167 
9606.ENSP00000385787 9606.ENSP00000457258 0 0 0 84 0 0 202 238 
9606.ENSP00000385787 9606.ENSP00000370589 0 0 0 114 392 720 0 836 
9606.ENSP00000385787 9606.ENSP00000291576 0 0 0 163 0 0 0 163 
9606.ENSP00000385787 9606.ENSP00000405726 0 0 0 215 0 0 0 215 
9606.ENSP00000385787 9606.ENSP00000360231 0 0 0 0 0 0 282 282 
9606.ENSP00000385787 9606.ENSP00000366604 0 0 0 151 0 0 0 151 
9606.ENSP00000385787 9606.ENSP00000274606 0 0 0 62 0 720 0 726 
9606.ENSP00000385787 9606.ENSP00000313422 0 0 0 228 0 0 0 228 
9606.ENSP00000385787 9606.ENSP00000320251 0 0 0 88 118 0 0 161 
9606.ENSP00000385787 9606.ENSP00000387010 0 0 0 155 0 0 0 155 
9606.ENSP00000385787 9606.ENSP00000244573 0 0 0 0 217 0 0 217 
9606.ENSP00000385787 9606.ENSP00000346120 0 0 0 158 0 0 43 160 
9606.ENSP00000385787 9606.ENSP00000352678 0 0 0 0 0 0 544 544 
9606.ENSP00000385787 9606.ENSP00000369371 0 0 0 78 261 0 0 289 
9606.ENSP00000385787 9606.ENSP00000358497 0 0 0 201 0 0 0 201 
9606.ENSP00000385787 9606.ENSP00000401371 0 0 0 192 0 0 0 192 
9606.ENSP00000385787 9606.ENSP00000253363 0 0 0 164 0 0 0 164 
9606.ENSP00000385787 9606.ENSP00000262584 0 0 0 82 113 0 0 151 
9606.ENSP00000385787 9606.ENSP00000397402 0 0 0 67 0 360 335 568 
9606.ENSP00000385787 9606.ENSP00000354812 0 0 0 167 0 0 0 167 
9606.ENSP00000385787 9606.ENSP00000316578 0 0 0 157 0 0 0 157 
9606.ENSP00000385787 9606.ENSP00000363314 0 0 0 0 742 0 0 742 
9606.ENSP00000385787 9606.ENSP00000357748 0 0 0 658 0 0 0 658 
9606.ENSP00000385787 9606.ENSP00000365625 0 0 0 182 0 0 0 182 
9606.ENSP00000385787 9606.ENSP00000207157 0 0 0 0 0 0 358 358 
9606.ENSP00000385787 9606.ENSP00000413098 0 0 0 183 0 0 0 183 
9606.ENSP00000385787 9606.ENSP00000428619 0 0 0 224 0 0 0 224 
9606.ENSP00000385787 9606.ENSP00000366396 0 0 0 196 0 0 108 252 
9606.ENSP00000385787 9606.ENSP00000327487 0 0 0 56 0 540 0 547 
9606.ENSP00000385787 9606.ENSP00000406463 0 0 0 178 0 0 0 178 
9606.ENSP00000385787 9606.ENSP00000281871 0 0 0 181 0 0 0 181 
9606.ENSP00000385787 9606.ENSP00000312356 0 0 0 108 0 720 266 800 
9606.ENSP00000385787 9606.ENSP00000360882 0 0 0 0 0 0 265 265 
9606.ENSP00000385787 9606.ENSP00000425979 0 0 0 81 0 720 108 750 
9606.ENSP00000385787 9606.ENSP00000479504 0 0 0 174 0 0 0 174 
9606.ENSP00000385787 9606.ENSP00000263073 0 0 0 184 78 0 0 215 
9606.ENSP00000385787 9606.ENSP00000353463 0 0 0 170 0 0 198 305 
9606.ENSP00000385787 9606.ENSP00000462116 0 0 0 183 0 0 0 183 
9606.ENSP00000385787 9606.ENSP00000221801 0 0 0 82 387 540 50 721 
9606.ENSP00000385787 9606.ENSP00000256383 0 0 0 65 816 0 0 820 
9606.ENSP00000385787 9606.ENSP00000355541 0 0 0 371 0 0 0 371 
9606.ENSP00000385787 9606.ENSP00000354040 0 0 0 155 742 0 0 772 
9606.ENSP00000385787 9606.ENSP00000311135 0 0 0 265 0 0 111 318 
9606.ENSP00000385787 9606.ENSP00000455106 0 0 0 227 0 0 0 227 
9606.ENSP00000385787 9606.ENSP00000359490 0 0 0 175 0 0 0 175 
9606.ENSP00000385787 9606.ENSP00000399797 0 0 0 78 742 0 62 757 
9606.ENSP00000385787 9606.ENSP00000298875 0 0 0 159 0 0 56 172 
9606.ENSP00000385787 9606.ENSP00000306983 0 0 0 174 0 0 0 174 
9606.ENSP00000385787 9606.ENSP00000251496 0 0 0 196 0 0 0 196 
9606.ENSP00000385787 9606.ENSP00000470560 0 0 0 128 50 0 94 184 
9606.ENSP00000385787 9606.ENSP00000430493 0 0 0 0 157 0 48 163 
9606.ENSP00000385787 9606.ENSP00000470142 0 0 0 63 742 0 90 760 
9606.ENSP00000385787 9606.ENSP00000349961 0 0 0 187 0 0 0 187 
9606.ENSP00000385787 9606.ENSP00000381490 0 0 0 131 0 0 72 159 
9606.ENSP00000385787 9606.ENSP00000386894 0 0 0 68 130 0 0 154 
9606.ENSP00000385787 9606.ENSP00000362294 0 0 0 0 0 0 165 165 
9606.ENSP00000385787 9606.ENSP00000465517 0 0 0 0 768 0 0 768 
9606.ENSP00000385787 9606.ENSP00000315017 0 0 0 156 0 540 0 595 
9606.ENSP00000385787 9606.ENSP00000419005 0 0 0 182 0 0 203 320 
9606.ENSP00000385787 9606.ENSP00000320485 0 0 0 79 0 0 330 357 
9606.ENSP00000385787 9606.ENSP00000379773 0 0 0 156 0 0 0 156 
9606.ENSP00000385787 9606.ENSP00000265465 0 0 0 181 0 0 0 181 
9606.ENSP00000385787 9606.ENSP00000412894 0 0 0 54 0 900 548 953 
9606.ENSP00000385787 9606.ENSP00000358563 0 0 0 101 0 720 0 737 
9606.ENSP00000385787 9606.ENSP00000355050 0 0 0 194 0 0 0 194 
9606.ENSP00000385787 9606.ENSP00000264279 0 0 0 107 0 720 0 739 
9606.ENSP00000385787 9606.ENSP00000238146 0 0 0 286 0 0 43 287 
9606.ENSP00000385787 9606.ENSP00000478121 0 0 0 0 157 0 0 157 
9606.ENSP00000385787 9606.ENSP00000286398 0 0 0 212 0 0 0 212 
9606.ENSP00000385787 9606.ENSP00000446184 0 0 0 164 0 0 0 164 
9606.ENSP00000385787 9606.ENSP00000215574 0 0 0 155 0 0 0 155 
9606.ENSP00000385787 9606.ENSP00000330361 0 0 0 179 0 0 0 179 
9606.ENSP00000385787 9606.ENSP00000380495 0 0 0 117 0 0 128 197 
9606.ENSP00000385787 9606.ENSP00000275820 0 0 0 226 0 0 0 226 
9606.ENSP00000385787 9606.ENSP00000216277 0 0 0 171 0 0 0 171 
9606.ENSP00000385787 9606.ENSP00000266070 0 0 0 183 0 0 0 183 
9606.ENSP00000385787 9606.ENSP00000271555 0 0 0 183 0 0 0 183 
9606.ENSP00000385787 9606.ENSP00000371394 0 0 0 0 0 0 360 360 
9606.ENSP00000385787 9606.ENSP00000220592 0 0 0 61 0 900 0 902 
9606.ENSP00000385787 9606.ENSP00000414359 0 0 0 0 0 0 426 426 
9606.ENSP00000385787 9606.ENSP00000247191 0 0 0 117 0 0 404 451 
9606.ENSP00000385787 9606.ENSP00000374529 0 0 0 170 0 0 0 170 
9606.ENSP00000385787 9606.ENSP00000374387 0 0 0 64 0 0 173 192 
9606.ENSP00000385787 9606.ENSP00000464036 0 0 0 193 0 0 0 193 
9606.ENSP00000385787 9606.ENSP00000229281 0 0 0 284 0 0 0 284 
9606.ENSP00000385787 9606.ENSP00000309572 0 0 0 0 167 0 0 167 
9606.ENSP00000385787 9606.ENSP00000310117 0 0 0 120 0 0 76 152 
9606.ENSP00000385787 9606.ENSP00000416255 0 0 0 172 0 0 0 172 
9606.ENSP00000385787 9606.ENSP00000361298 0 0 0 112 114 0 0 179 
9606.ENSP00000385787 9606.ENSP00000373696 0 0 0 111 0 0 91 158 
9606.ENSP00000385787 9606.ENSP00000448228 0 0 0 230 0 0 0 230 
9606.ENSP00000385787 9606.ENSP00000217244 0 0 0 63 158 0 0 177 
9606.ENSP00000385787 9606.ENSP00000234296 0 0 0 179 0 0 0 179 
9606.ENSP00000385787 9606.ENSP00000352438 0 0 0 111 109 0 0 174 
9606.ENSP00000385787 9606.ENSP00000361010 0 0 0 91 172 0 0 215 
9606.ENSP00000385787 9606.ENSP00000397843 0 0 0 219 0 0 0 219 
9606.ENSP00000385787 9606.ENSP00000257789 0 0 0 199 0 0 0 199 
9606.ENSP00000385787 9606.ENSP00000296443 0 0 0 64 172 0 0 191 
9606.ENSP00000385787 9606.ENSP00000440984 0 0 0 61 0 0 268 283 
9606.ENSP00000385787 9606.ENSP00000321617 0 0 0 183 0 0 0 183 
9606.ENSP00000385787 9606.ENSP00000422392 0 0 0 66 0 540 0 552 
9606.ENSP00000385787 9606.ENSP00000361446 0 0 0 238 50 0 0 245 
9606.ENSP00000385787 9606.ENSP00000377944 0 0 0 279 0 0 0 279 
9606.ENSP00000385787 9606.ENSP00000385410 0 0 0 117 0 360 0 411 
9606.ENSP00000385787 9606.ENSP00000314441 0 0 0 184 0 0 0 184 
9606.ENSP00000385787 9606.ENSP00000266987 0 0 0 63 742 900 0 973 
9606.ENSP00000385787 9606.ENSP00000286835 0 0 0 157 0 0 0 157 
9606.ENSP00000385787 9606.ENSP00000356548 0 0 0 204 0 0 0 204 
9606.ENSP00000385787 9606.ENSP00000361092 0 0 0 671 0 0 0 671 
9606.ENSP00000385787 9606.ENSP00000383949 0 0 0 79 0 720 0 731 
9606.ENSP00000385787 9606.ENSP00000299633 0 0 0 0 0 0 272 272 
9606.ENSP00000385787 9606.ENSP00000253048 0 0 0 200 0 0 0 200 
9606.ENSP00000385787 9606.ENSP00000430823 0 0 0 169 0 0 0 169 
9606.ENSP00000385787 9606.ENSP00000382269 0 0 0 64 0 0 364 379 
9606.ENSP00000385787 9606.ENSP00000370745 0 0 0 66 387 0 43 404 
9606.ENSP00000385787 9606.ENSP00000310042 0 0 0 0 742 0 0 742 
9606.ENSP00000385787 9606.ENSP00000328720 0 0 0 181 0 0 0 181 
9606.ENSP00000385787 9606.ENSP00000434614 0 0 0 174 0 0 0 174 
9606.ENSP00000385787 9606.ENSP00000256398 0 0 0 155 0 0 0 155 
9606.ENSP00000385787 9606.ENSP00000352400 0 0 0 175 0 0 0 175 
9606.ENSP00000385787 9606.ENSP00000358001 0 0 0 0 0 0 446 446 
9606.ENSP00000385787 9606.ENSP00000440915 0 0 0 62 0 900 222 920 
9606.ENSP00000385787 9606.ENSP00000396673 0 0 0 149 0 0 96 198 
9606.ENSP00000385787 9606.ENSP00000260129 0 0 0 90 0 0 110 155 
9606.ENSP00000385787 9606.ENSP00000307342 0 0 0 0 0 0 266 266 
9606.ENSP00000385787 9606.ENSP00000481495 0 0 0 173 0 0 43 174 
9606.ENSP00000385787 9606.ENSP00000250495 0 0 0 62 140 0 0 158 
9606.ENSP00000385787 9606.ENSP00000262506 0 0 0 94 158 0 0 204 
9606.ENSP00000385787 9606.ENSP00000356520 0 0 0 95 0 720 0 735 
9606.ENSP00000385787 9606.ENSP00000268802 0 0 0 195 0 0 0 195 
9606.ENSP00000385787 9606.ENSP00000254654 0 0 0 161 0 0 0 161 
9606.ENSP00000385787 9606.ENSP00000228347 0 0 0 237 0 0 0 237 
9606.ENSP00000385787 9606.ENSP00000356476 0 0 0 236 0 0 0 236 
9606.ENSP00000385787 9606.ENSP00000483453 0 0 0 186 0 0 0 186 
9606.ENSP00000385787 9606.ENSP00000412302 0 0 0 126 0 0 244 311 
9606.ENSP00000385787 9606.ENSP00000362306 0 0 0 61 0 720 0 725 
9606.ENSP00000385787 9606.ENSP00000363642 0 0 0 176 0 0 0 176 
9606.ENSP00000385787 9606.ENSP00000334675 0 0 0 216 0 0 0 216 
9606.ENSP00000385787 9606.ENSP00000318176 0 0 0 0 0 720 0 720 
9606.ENSP00000385787 9606.ENSP00000325017 0 0 0 171 0 0 0 171 
9606.ENSP00000385787 9606.ENSP00000485630 0 0 0 163 0 0 0 163 
9606.ENSP00000385787 9606.ENSP00000381577 0 0 0 73 0 0 269 293 
9606.ENSP00000385787 9606.ENSP00000385751 0 0 0 210 0 0 0 210 
9606.ENSP00000385787 9606.ENSP00000372335 0 0 0 153 0 0 0 153 
9606.ENSP00000385787 9606.ENSP00000306565 0 0 0 94 172 0 0 217 
9606.ENSP00000385787 9606.ENSP00000334564 0 0 0 134 83 0 0 172 
9606.ENSP00000385787 9606.ENSP00000317691 0 0 0 76 682 900 0 968 
9606.ENSP00000385787 9606.ENSP00000369391 0 0 0 84 667 900 0 966 
9606.ENSP00000385787 9606.ENSP00000457411 0 0 0 152 0 0 0 152 
9606.ENSP00000385787 9606.ENSP00000342778 0 0 0 130 158 0 0 236 
9606.ENSP00000385787 9606.ENSP00000259006 0 0 0 306 0 0 0 306 
9606.ENSP00000385787 9606.ENSP00000288207 0 0 0 104 0 0 275 323 
9606.ENSP00000385787 9606.ENSP00000212015 0 0 0 83 158 0 0 194 
9606.ENSP00000385787 9606.ENSP00000237264 0 0 0 176 0 0 0 176 
9606.ENSP00000385787 9606.ENSP00000296215 0 0 0 157 0 0 0 157 
9606.ENSP00000385787 9606.ENSP00000442053 0 0 0 159 0 0 0 159 
9606.ENSP00000385787 9606.ENSP00000371321 0 0 0 186 0 0 0 186 
9606.ENSP00000385787 9606.ENSP00000332454 0 0 0 63 0 0 180 198 
9606.ENSP00000385787 9606.ENSP00000359688 0 0 0 167 0 0 0 167 
9606.ENSP00000385787 9606.ENSP00000297540 0 0 0 179 0 0 0 179 
9606.ENSP00000385787 9606.ENSP00000346725 0 0 0 196 230 0 0 354 
9606.ENSP00000385787 9606.ENSP00000429065 0 0 0 186 0 0 56 198 
9606.ENSP00000385787 9606.ENSP00000321449 0 0 0 162 0 0 0 162 
9606.ENSP00000385787 9606.ENSP00000203630 0 0 0 0 223 0 0 223 
9606.ENSP00000385787 9606.ENSP00000254605 0 0 0 124 289 0 0 350 
9606.ENSP00000385787 9606.ENSP00000225729 0 0 0 66 0 0 204 224 
9606.ENSP00000385787 9606.ENSP00000260803 0 0 0 93 50 0 129 184 
9606.ENSP00000385787 9606.ENSP00000257829 0 0 0 155 0 0 0 155 
9606.ENSP00000385787 9606.ENSP00000258648 0 0 0 153 0 0 0 153 
9606.ENSP00000385787 9606.ENSP00000232888 0 0 0 156 0 900 0 912 
9606.ENSP00000385787 9606.ENSP00000466967 0 0 0 186 0 0 0 186 
9606.ENSP00000385787 9606.ENSP00000362931 0 0 0 168 0 0 0 168 
9606.ENSP00000385787 9606.ENSP00000266735 0 0 0 64 0 360 85 404 
9606.ENSP00000385787 9606.ENSP00000379346 0 0 0 158 0 0 0 158 
9606.ENSP00000385787 9606.ENSP00000215862 0 0 0 153 0 0 0 153 
9606.ENSP00000385787 9606.ENSP00000391723 0 0 0 160 57 0 59 189 
9606.ENSP00000385787 9606.ENSP00000296930 0 0 0 81 217 0 0 249 
9606.ENSP00000385787 9606.ENSP00000387365 0 0 0 179 0 0 0 179 
9606.ENSP00000385787 9606.ENSP00000263209 0 0 0 0 119 720 0 742 
9606.ENSP00000385787 9606.ENSP00000373277 0 0 0 0 0 0 474 474 
9606.ENSP00000385787 9606.ENSP00000261249 0 0 0 152 0 0 0 152 
9606.ENSP00000385787 9606.ENSP00000419004 0 0 0 176 0 0 0 176 
9606.ENSP00000385787 9606.ENSP00000225298 0 0 0 150 0 0 104 206 
9606.ENSP00000385787 9606.ENSP00000473383 0 0 0 82 0 540 43 560 
9606.ENSP00000385787 9606.ENSP00000386134 0 0 0 234 0 0 0 234 
9606.ENSP00000385787 9606.ENSP00000351137 0 0 0 187 0 0 0 187 
9606.ENSP00000385787 9606.ENSP00000281038 0 0 0 61 0 0 181 198 
9606.ENSP00000385787 9606.ENSP00000433071 0 0 0 0 351 0 0 351 
9606.ENSP00000385787 9606.ENSP00000351100 0 0 0 165 0 0 0 165 
9606.ENSP00000385787 9606.ENSP00000263694 0 0 0 82 0 900 0 904 
9606.ENSP00000385787 9606.ENSP00000369465 0 0 0 159 0 0 0 159 
9606.ENSP00000385787 9606.ENSP00000371101 0 0 0 196 0 0 0 196 
9606.ENSP00000385787 9606.ENSP00000295746 0 0 0 155 0 0 0 155 
9606.ENSP00000385787 9606.ENSP00000262460 0 0 0 207 0 0 0 207 
9606.ENSP00000385787 9606.ENSP00000445001 0 0 0 190 0 0 56 203 
9606.ENSP00000385787 9606.ENSP00000287598 0 0 0 136 0 0 76 167 
9606.ENSP00000385787 9606.ENSP00000337445 0 0 0 105 0 0 378 420 
9606.ENSP00000385787 9606.ENSP00000370460 0 0 0 223 0 0 0 223 
9606.ENSP00000385787 9606.ENSP00000434995 0 0 0 100 0 900 0 906 
9606.ENSP00000385787 9606.ENSP00000328854 0 0 0 158 64 0 0 178 
9606.ENSP00000385787 9606.ENSP00000274054 0 0 0 146 0 900 0 910 
9606.ENSP00000385787 9606.ENSP00000226796 0 0 0 115 0 720 0 741 
9606.ENSP00000385787 9606.ENSP00000478982 0 0 0 118 667 900 0 968 
9606.ENSP00000385787 9606.ENSP00000266087 0 0 0 171 0 0 0 171 
9606.ENSP00000385787 9606.ENSP00000323424 0 0 0 64 172 0 0 191 
9606.ENSP00000385787 9606.ENSP00000369716 0 0 0 139 0 0 125 214 
9606.ENSP00000385787 9606.ENSP00000264951 0 0 0 83 0 0 285 316 
9606.ENSP00000385787 9606.ENSP00000348596 0 0 0 204 0 0 0 204 
9606.ENSP00000385787 9606.ENSP00000413572 0 0 0 120 0 0 85 160 
9606.ENSP00000385787 9606.ENSP00000274695 0 0 0 166 0 0 0 166 
9606.ENSP00000385787 9606.ENSP00000366682 0 0 0 0 0 0 398 398 
9606.ENSP00000385787 9606.ENSP00000298310 0 0 0 154 0 0 0 154 
9606.ENSP00000385787 9606.ENSP00000234170 0 0 0 90 0 0 203 244 
9606.ENSP00000385787 9606.ENSP00000362962 0 0 0 51 0 0 172 180 
9606.ENSP00000385787 9606.ENSP00000484105 0 0 0 161 0 0 0 161 
9606.ENSP00000385787 9606.ENSP00000362300 0 0 0 61 0 720 0 725 
9606.ENSP00000385787 9606.ENSP00000317224 0 0 0 94 157 0 0 203 
9606.ENSP00000385787 9606.ENSP00000338862 0 0 0 171 0 0 128 246 
9606.ENSP00000385787 9606.ENSP00000480158 0 0 0 164 0 0 0 164 
9606.ENSP00000385787 9606.ENSP00000345206 0 0 0 109 138 0 0 200 
9606.ENSP00000385787 9606.ENSP00000370193 0 0 0 101 127 0 0 181 
9606.ENSP00000385787 9606.ENSP00000375857 0 0 0 507 0 0 0 507 
9606.ENSP00000385787 9606.ENSP00000282058 0 0 0 0 0 0 533 533 
9606.ENSP00000385787 9606.ENSP00000379931 0 0 0 212 0 0 0 212 
9606.ENSP00000385787 9606.ENSP00000298229 0 0 0 61 223 0 0 239 
9606.ENSP00000385787 9606.ENSP00000238788 0 0 0 181 0 0 0 181 
9606.ENSP00000385787 9606.ENSP00000481559 0 0 0 90 0 0 120 165 
9606.ENSP00000385787 9606.ENSP00000261900 0 0 0 200 0 0 0 200 
9606.ENSP00000385787 9606.ENSP00000344546 0 0 0 0 0 0 309 309 
9606.ENSP00000385787 9606.ENSP00000338727 0 0 0 657 0 0 0 657 
9606.ENSP00000385787 9606.ENSP00000330694 0 0 0 284 0 0 0 284 
9606.ENSP00000385787 9606.ENSP00000361162 0 0 0 252 0 0 0 252 
9606.ENSP00000385787 9606.ENSP00000354791 0 0 0 0 864 0 0 864 
