9606.ENSP00000375810 9606.ENSP00000294053 0 0 0 90 129 0 103 226 
9606.ENSP00000375810 9606.ENSP00000480489 0 0 0 333 97 0 0 371 
9606.ENSP00000375810 9606.ENSP00000300060 0 0 0 62 124 0 50 151 
9606.ENSP00000375810 9606.ENSP00000280190 0 0 0 62 176 0 51 202 
9606.ENSP00000375810 9606.ENSP00000393379 0 0 0 0 472 0 693 831 
9606.ENSP00000375810 9606.ENSP00000429089 0 0 0 61 159 0 55 188 
9606.ENSP00000375810 9606.ENSP00000362576 135 0 0 62 0 0 57 168 
9606.ENSP00000375810 9606.ENSP00000380044 0 0 0 50 64 0 215 241 
9606.ENSP00000375810 9606.ENSP00000432568 0 0 0 61 64 900 49 905 
9606.ENSP00000375810 9606.ENSP00000309539 0 0 0 0 0 0 313 313 
9606.ENSP00000375810 9606.ENSP00000427900 0 0 0 0 162 900 69 915 
9606.ENSP00000375810 9606.ENSP00000326981 0 0 0 63 161 0 0 180 
9606.ENSP00000375810 9606.ENSP00000362744 0 0 0 64 131 0 53 162 
9606.ENSP00000375810 9606.ENSP00000219252 0 0 0 62 100 0 87 161 
9606.ENSP00000375810 9606.ENSP00000378699 0 0 0 51 128 0 57 151 
9606.ENSP00000375810 9606.ENSP00000383118 0 0 0 61 78 900 43 906 
9606.ENSP00000375810 9606.ENSP00000221930 0 0 0 57 0 0 233 245 
9606.ENSP00000375810 9606.ENSP00000444029 0 0 0 61 0 0 410 422 
9606.ENSP00000375810 9606.ENSP00000438248 0 0 0 49 127 0 61 152 
9606.ENSP00000375810 9606.ENSP00000312535 0 0 0 0 51 0 615 619 
9606.ENSP00000375810 9606.ENSP00000354878 0 0 0 0 88 900 57 906 
9606.ENSP00000375810 9606.ENSP00000355599 0 0 0 0 165 0 0 165 
9606.ENSP00000375810 9606.ENSP00000472469 0 0 0 172 0 0 51 181 
9606.ENSP00000375810 9606.ENSP00000279387 0 0 0 63 157 0 58 190 
9606.ENSP00000375810 9606.ENSP00000405926 0 0 0 53 0 900 0 901 
9606.ENSP00000375810 9606.ENSP00000380785 0 0 0 0 0 0 265 265 
9606.ENSP00000375810 9606.ENSP00000377862 0 0 0 0 179 0 0 179 
9606.ENSP00000375810 9606.ENSP00000340820 0 0 0 0 127 0 137 214 
9606.ENSP00000375810 9606.ENSP00000235090 0 0 0 64 176 0 51 204 
9606.ENSP00000375810 9606.ENSP00000278886 0 0 0 0 0 0 154 154 
9606.ENSP00000375810 9606.ENSP00000325074 0 0 0 61 185 0 0 201 
9606.ENSP00000375810 9606.ENSP00000349351 0 0 0 63 0 0 210 228 
9606.ENSP00000375810 9606.ENSP00000242108 0 0 0 79 166 0 64 218 
9606.ENSP00000375810 9606.ENSP00000377936 0 0 0 61 185 0 0 201 
9606.ENSP00000375810 9606.ENSP00000290846 59 0 0 55 0 0 386 406 
9606.ENSP00000375810 9606.ENSP00000366999 0 0 0 0 157 0 49 164 
9606.ENSP00000375810 9606.ENSP00000283871 0 0 0 0 0 0 316 316 
9606.ENSP00000375810 9606.ENSP00000344871 0 0 0 0 156 0 0 156 
9606.ENSP00000375810 9606.ENSP00000314615 0 0 0 0 57 900 0 901 
9606.ENSP00000375810 9606.ENSP00000245923 0 0 0 0 0 0 280 280 
9606.ENSP00000375810 9606.ENSP00000296097 0 0 0 62 128 0 56 160 
9606.ENSP00000375810 9606.ENSP00000363412 0 0 0 62 128 0 56 160 
9606.ENSP00000375810 9606.ENSP00000349588 0 0 0 61 66 0 110 151 
9606.ENSP00000375810 9606.ENSP00000326031 0 0 0 55 157 0 58 184 
9606.ENSP00000375810 9606.ENSP00000333203 0 0 0 0 0 0 156 156 
9606.ENSP00000375810 9606.ENSP00000417418 0 0 0 62 128 0 56 160 
9606.ENSP00000375810 9606.ENSP00000356234 0 0 0 0 132 0 65 153 
9606.ENSP00000375810 9606.ENSP00000307260 0 0 0 51 176 0 51 193 
9606.ENSP00000375810 9606.ENSP00000354871 0 0 0 0 157 0 58 171 
9606.ENSP00000375810 9606.ENSP00000356540 0 0 0 0 158 0 0 158 
9606.ENSP00000375810 9606.ENSP00000414398 0 0 0 62 128 0 56 160 
9606.ENSP00000375810 9606.ENSP00000263857 0 0 0 62 171 0 75 217 
9606.ENSP00000375810 9606.ENSP00000414982 0 0 60 0 826 900 77 982 
9606.ENSP00000375810 9606.ENSP00000404570 0 0 0 64 157 0 43 178 
9606.ENSP00000375810 9606.ENSP00000324901 0 0 0 0 0 0 448 448 
9606.ENSP00000375810 9606.ENSP00000423067 0 0 0 64 130 0 0 150 
9606.ENSP00000375810 9606.ENSP00000216297 0 0 0 55 185 0 63 215 
9606.ENSP00000375810 9606.ENSP00000297767 0 0 0 0 0 0 191 191 
9606.ENSP00000375810 9606.ENSP00000027335 0 0 0 0 111 0 86 152 
9606.ENSP00000375810 9606.ENSP00000480707 0 0 0 64 54 900 50 904 
9606.ENSP00000375810 9606.ENSP00000376132 0 0 0 0 156 0 0 156 
9606.ENSP00000375810 9606.ENSP00000226319 0 0 0 62 0 0 289 305 
9606.ENSP00000375810 9606.ENSP00000306185 0 0 0 51 0 0 280 287 
9606.ENSP00000375810 9606.ENSP00000345001 0 0 0 153 0 0 0 153 
9606.ENSP00000375810 9606.ENSP00000324020 0 0 0 0 88 900 119 912 
9606.ENSP00000375810 9606.ENSP00000356641 0 0 0 51 176 0 51 193 
9606.ENSP00000375810 9606.ENSP00000259711 0 0 0 0 88 0 281 317 
9606.ENSP00000375810 9606.ENSP00000293879 0 0 0 55 163 0 58 189 
9606.ENSP00000375810 9606.ENSP00000300087 0 0 0 55 0 900 0 901 
9606.ENSP00000375810 9606.ENSP00000333277 0 0 0 0 157 0 115 222 
9606.ENSP00000375810 9606.ENSP00000176183 0 0 0 153 0 0 0 153 
9606.ENSP00000375810 9606.ENSP00000268919 0 0 0 63 88 900 50 907 
9606.ENSP00000375810 9606.ENSP00000254322 0 0 0 62 128 0 56 160 
9606.ENSP00000375810 9606.ENSP00000216479 0 0 0 121 111 0 86 223 
9606.ENSP00000375810 9606.ENSP00000251968 0 0 0 62 161 0 56 192 
9606.ENSP00000375810 9606.ENSP00000357360 0 0 0 61 133 0 53 161 
9606.ENSP00000375810 9606.ENSP00000384164 0 0 0 0 88 900 232 923 
9606.ENSP00000375810 9606.ENSP00000319781 0 0 0 49 194 0 0 200 
9606.ENSP00000375810 9606.ENSP00000326301 0 0 0 0 0 0 473 473 
9606.ENSP00000375810 9606.ENSP00000344431 0 0 0 62 128 0 90 191 
9606.ENSP00000375810 9606.ENSP00000357292 0 0 0 0 163 0 55 175 
9606.ENSP00000375810 9606.ENSP00000388878 0 0 0 0 88 900 50 905 
9606.ENSP00000375810 9606.ENSP00000295728 0 0 0 0 0 0 308 308 
9606.ENSP00000375810 9606.ENSP00000258739 0 0 0 61 0 900 0 902 
9606.ENSP00000375810 9606.ENSP00000237654 0 0 0 64 159 0 55 191 
9606.ENSP00000375810 9606.ENSP00000364956 0 0 0 0 0 800 559 908 
9606.ENSP00000375810 9606.ENSP00000226207 0 0 0 64 224 0 101 291 
9606.ENSP00000375810 9606.ENSP00000310226 0 2 0 49 194 900 0 916 
9606.ENSP00000375810 9606.ENSP00000366534 0 0 0 0 57 0 501 509 
9606.ENSP00000375810 9606.ENSP00000280154 0 0 0 63 55 0 374 397 
9606.ENSP00000375810 9606.ENSP00000472836 0 0 0 0 0 0 349 349 
9606.ENSP00000375810 9606.ENSP00000470252 0 0 0 80 80 0 89 161 
9606.ENSP00000375810 9606.ENSP00000418721 0 0 0 0 0 0 329 329 
9606.ENSP00000375810 9606.ENSP00000298910 53 0 0 62 128 0 96 206 
9606.ENSP00000375810 9606.ENSP00000331462 0 0 0 0 0 0 267 267 
9606.ENSP00000375810 9606.ENSP00000267973 0 0 0 61 125 0 57 157 
9606.ENSP00000375810 9606.ENSP00000303482 0 0 0 61 0 0 189 205 
9606.ENSP00000375810 9606.ENSP00000366487 0 0 0 0 78 0 348 373 
9606.ENSP00000375810 9606.ENSP00000384869 0 0 0 63 147 0 50 174 
9606.ENSP00000375810 9606.ENSP00000000233 0 0 0 0 78 900 46 904 
9606.ENSP00000375810 9606.ENSP00000303145 0 0 0 0 0 900 0 900 
9606.ENSP00000375810 9606.ENSP00000390020 0 0 0 0 0 900 0 900 
9606.ENSP00000375810 9606.ENSP00000285667 0 0 0 63 182 0 58 214 
9606.ENSP00000375810 9606.ENSP00000215739 0 0 0 61 0 0 147 164 
9606.ENSP00000375810 9606.ENSP00000377370 0 0 0 0 0 0 330 330 
9606.ENSP00000375810 9606.ENSP00000358994 0 0 0 0 156 0 0 156 
9606.ENSP00000375810 9606.ENSP00000302967 0 0 0 0 157 0 58 171 
9606.ENSP00000375810 9606.ENSP00000356354 0 0 0 53 185 0 0 195 
9606.ENSP00000375810 9606.ENSP00000358854 0 0 0 51 176 0 51 193 
9606.ENSP00000375810 9606.ENSP00000250018 0 0 0 0 0 0 222 222 
9606.ENSP00000375810 9606.ENSP00000322570 0 0 0 61 175 0 0 192 
9606.ENSP00000375810 9606.ENSP00000254101 0 0 0 0 53 0 149 160 
9606.ENSP00000375810 9606.ENSP00000468367 0 0 0 55 120 0 68 157 
9606.ENSP00000375810 9606.ENSP00000364864 0 0 0 0 88 900 329 933 
9606.ENSP00000375810 9606.ENSP00000285402 0 0 0 0 0 0 313 313 
9606.ENSP00000375810 9606.ENSP00000264638 0 0 0 0 0 0 189 189 
9606.ENSP00000375810 9606.ENSP00000351664 0 0 0 61 64 0 176 212 
9606.ENSP00000375810 9606.ENSP00000306678 0 0 0 342 86 0 45 376 
9606.ENSP00000375810 9606.ENSP00000404190 0 0 0 0 0 900 106 906 
9606.ENSP00000375810 9606.ENSP00000325677 0 0 0 61 116 0 64 155 
9606.ENSP00000375810 9606.ENSP00000423665 0 0 0 51 128 0 57 151 
9606.ENSP00000375810 9606.ENSP00000012443 0 0 0 49 157 0 58 178 
9606.ENSP00000375810 9606.ENSP00000312379 0 0 0 61 128 0 57 160 
9606.ENSP00000375810 9606.ENSP00000306490 0 0 0 0 0 0 194 194 
9606.ENSP00000375810 9606.ENSP00000359000 0 0 0 0 54 900 0 901 
9606.ENSP00000375810 9606.ENSP00000244571 0 0 0 61 260 0 74 300 
9606.ENSP00000375810 9606.ENSP00000302843 0 0 0 62 128 0 56 160 
9606.ENSP00000375810 9606.ENSP00000386717 51 0 0 62 0 0 178 204 
9606.ENSP00000375810 9606.ENSP00000267584 0 0 0 61 0 0 316 330 
9606.ENSP00000375810 9606.ENSP00000471604 0 0 0 60 261 0 0 275 
9606.ENSP00000375810 9606.ENSP00000462667 0 0 0 0 157 0 49 164 
9606.ENSP00000375810 9606.ENSP00000281543 0 0 0 55 0 0 486 494 
9606.ENSP00000375810 9606.ENSP00000380308 0 0 0 51 0 900 66 903 
9606.ENSP00000375810 9606.ENSP00000319817 0 0 0 61 0 0 287 301 
9606.ENSP00000375810 9606.ENSP00000379619 0 0 0 61 125 0 57 157 
9606.ENSP00000375810 9606.ENSP00000265062 0 0 0 50 0 900 171 914 
9606.ENSP00000375810 9606.ENSP00000281474 0 0 0 63 0 0 355 370 
9606.ENSP00000375810 9606.ENSP00000362824 0 0 0 50 164 0 63 190 
9606.ENSP00000375810 9606.ENSP00000379204 0 0 0 57 0 0 298 309 
9606.ENSP00000375810 9606.ENSP00000285039 0 0 0 0 156 0 0 156 
9606.ENSP00000375810 9606.ENSP00000276570 0 0 0 62 128 0 56 160 
9606.ENSP00000375810 9606.ENSP00000374218 0 0 0 62 0 0 423 436 
9606.ENSP00000375810 9606.ENSP00000334314 0 0 0 51 176 0 51 193 
9606.ENSP00000375810 9606.ENSP00000244537 0 0 0 0 157 0 49 164 
9606.ENSP00000375810 9606.ENSP00000272217 0 0 0 0 78 0 338 364 
9606.ENSP00000375810 9606.ENSP00000353549 0 0 0 61 299 0 100 355 
9606.ENSP00000375810 9606.ENSP00000350719 0 0 0 0 64 0 186 205 
9606.ENSP00000375810 9606.ENSP00000401010 0 0 0 0 127 900 0 908 
9606.ENSP00000375810 9606.ENSP00000318131 0 0 0 0 0 0 349 349 
9606.ENSP00000375810 9606.ENSP00000371451 0 0 0 64 128 0 106 206 
9606.ENSP00000375810 9606.ENSP00000332973 0 0 0 0 90 0 255 293 
9606.ENSP00000375810 9606.ENSP00000286713 0 0 0 0 68 0 129 153 
9606.ENSP00000375810 9606.ENSP00000396045 0 0 0 55 84 0 210 256 
9606.ENSP00000375810 9606.ENSP00000262160 0 0 0 0 90 0 286 323 
9606.ENSP00000375810 9606.ENSP00000262305 0 0 0 0 131 0 112 195 
9606.ENSP00000375810 9606.ENSP00000466248 0 0 0 61 181 0 62 215 
9606.ENSP00000375810 9606.ENSP00000320291 0 0 0 0 123 900 0 908 
9606.ENSP00000375810 9606.ENSP00000295757 0 0 0 0 157 0 58 171 
9606.ENSP00000375810 9606.ENSP00000241014 0 0 0 0 138 0 344 410 
9606.ENSP00000375810 9606.ENSP00000356846 0 0 0 0 161 0 0 161 
9606.ENSP00000375810 9606.ENSP00000339449 0 0 0 54 163 0 58 188 
9606.ENSP00000375810 9606.ENSP00000440704 0 0 0 0 84 0 172 209 
9606.ENSP00000375810 9606.ENSP00000351132 0 0 0 0 78 0 254 282 
9606.ENSP00000375810 9606.ENSP00000430432 0 0 0 0 157 0 58 171 
9606.ENSP00000375810 9606.ENSP00000369531 0 0 0 0 163 0 55 175 
9606.ENSP00000375810 9606.ENSP00000264712 0 0 0 0 88 900 303 930 
9606.ENSP00000375810 9606.ENSP00000428994 0 0 0 0 130 0 116 198 
9606.ENSP00000375810 9606.ENSP00000484841 0 0 0 0 157 0 49 164 
9606.ENSP00000375810 9606.ENSP00000483386 0 0 0 0 0 0 355 355 
9606.ENSP00000375810 9606.ENSP00000262144 0 0 0 51 176 0 68 207 
9606.ENSP00000375810 9606.ENSP00000375809 45 0 0 62 80 0 408 447 
9606.ENSP00000375810 9606.ENSP00000296754 0 0 0 62 124 0 50 151 
9606.ENSP00000375810 9606.ENSP00000364114 0 0 0 0 0 900 0 900 
9606.ENSP00000375810 9606.ENSP00000484658 0 0 0 0 157 0 49 164 
9606.ENSP00000375810 9606.ENSP00000382492 0 0 0 0 156 0 0 156 
9606.ENSP00000375810 9606.ENSP00000378529 0 0 0 51 176 0 66 205 
9606.ENSP00000375810 9606.ENSP00000435370 0 0 0 62 163 0 55 193 
9606.ENSP00000375810 9606.ENSP00000273130 0 0 0 0 268 900 102 928 
9606.ENSP00000375810 9606.ENSP00000370083 0 0 0 61 0 0 221 237 
9606.ENSP00000375810 9606.ENSP00000262030 0 0 0 0 132 0 65 153 
9606.ENSP00000375810 9606.ENSP00000354560 0 0 0 61 0 900 362 934 
9606.ENSP00000375810 9606.ENSP00000378306 0 0 0 61 157 0 58 189 
9606.ENSP00000375810 9606.ENSP00000478645 0 0 0 0 0 0 150 150 
9606.ENSP00000375810 9606.ENSP00000368464 0 0 0 63 88 0 199 256 
9606.ENSP00000375810 9606.ENSP00000302216 0 0 0 0 0 0 150 150 
9606.ENSP00000375810 9606.ENSP00000357048 0 0 0 0 55 900 0 901 
9606.ENSP00000375810 9606.ENSP00000296464 0 0 0 63 182 0 58 214 
9606.ENSP00000375810 9606.ENSP00000473631 0 0 0 62 128 0 56 160 
9606.ENSP00000375810 9606.ENSP00000404381 0 0 0 62 128 0 56 160 
9606.ENSP00000375810 9606.ENSP00000345837 0 0 0 0 64 0 229 247 
9606.ENSP00000375810 9606.ENSP00000356687 0 0 0 63 182 0 58 214 
9606.ENSP00000375810 9606.ENSP00000339179 0 0 0 0 70 0 163 189 
9606.ENSP00000375810 9606.ENSP00000376475 0 0 0 53 185 0 64 214 
9606.ENSP00000375810 9606.ENSP00000252505 0 0 0 60 0 0 140 157 
9606.ENSP00000375810 9606.ENSP00000356379 0 0 0 48 157 0 0 163 
9606.ENSP00000375810 9606.ENSP00000439170 0 0 0 0 0 0 191 191 
9606.ENSP00000375810 9606.ENSP00000406463 0 0 0 62 128 0 151 245 
9606.ENSP00000375810 9606.ENSP00000254963 0 0 0 63 182 0 58 214 
9606.ENSP00000375810 9606.ENSP00000362080 0 0 0 0 84 0 125 164 
9606.ENSP00000375810 9606.ENSP00000311291 0 0 0 61 0 0 207 223 
9606.ENSP00000375810 9606.ENSP00000339467 0 0 0 61 78 900 43 906 
9606.ENSP00000375810 9606.ENSP00000216271 0 0 0 0 157 0 58 171 
9606.ENSP00000375810 9606.ENSP00000351706 0 0 0 61 111 0 493 540 
9606.ENSP00000375810 9606.ENSP00000373399 0 0 0 0 58 0 723 728 
9606.ENSP00000375810 9606.ENSP00000476117 0 0 0 51 176 0 51 193 
9606.ENSP00000375810 9606.ENSP00000472316 0 0 0 0 0 0 320 320 
9606.ENSP00000375810 9606.ENSP00000249923 0 0 0 0 51 900 0 901 
9606.ENSP00000375810 9606.ENSP00000355657 0 0 0 0 157 0 49 164 
9606.ENSP00000375810 9606.ENSP00000355778 0 0 0 0 157 0 49 164 
9606.ENSP00000375810 9606.ENSP00000473233 0 0 0 61 175 0 0 192 
9606.ENSP00000375810 9606.ENSP00000309501 0 0 0 51 176 0 51 193 
9606.ENSP00000375810 9606.ENSP00000344424 0 0 0 0 0 0 308 308 
9606.ENSP00000375810 9606.ENSP00000371297 0 0 0 0 0 0 193 193 
9606.ENSP00000375810 9606.ENSP00000362372 0 0 0 61 176 0 51 201 
9606.ENSP00000375810 9606.ENSP00000378356 0 0 0 57 88 900 153 917 
9606.ENSP00000375810 9606.ENSP00000382341 0 0 0 0 0 0 212 212 
9606.ENSP00000375810 9606.ENSP00000361057 0 0 0 85 0 900 0 904 
9606.ENSP00000375810 9606.ENSP00000357869 0 0 0 0 85 0 161 199 
9606.ENSP00000375810 9606.ENSP00000270223 0 0 0 51 176 0 51 193 
9606.ENSP00000375810 9606.ENSP00000301336 0 0 0 0 0 900 65 902 
9606.ENSP00000375810 9606.ENSP00000364691 0 0 0 61 454 0 571 761 
9606.ENSP00000375810 9606.ENSP00000428579 0 0 0 62 176 0 58 208 
9606.ENSP00000375810 9606.ENSP00000363124 0 0 0 61 128 0 57 160 
9606.ENSP00000375810 9606.ENSP00000352252 0 0 0 0 157 0 49 164 
9606.ENSP00000375810 9606.ENSP00000261772 0 0 0 61 260 0 74 300 
9606.ENSP00000375810 9606.ENSP00000386041 0 0 0 64 157 0 96 224 
9606.ENSP00000375810 9606.ENSP00000241052 0 0 0 0 0 0 158 158 
9606.ENSP00000375810 9606.ENSP00000289547 0 0 0 0 0 0 235 235 
9606.ENSP00000375810 9606.ENSP00000474182 0 0 0 77 110 0 51 152 
9606.ENSP00000375810 9606.ENSP00000483283 0 0 0 0 157 0 49 164 
9606.ENSP00000375810 9606.ENSP00000356448 0 0 0 77 110 0 51 152 
9606.ENSP00000375810 9606.ENSP00000382731 0 0 0 62 0 0 146 164 
9606.ENSP00000375810 9606.ENSP00000296526 0 0 0 0 130 0 90 175 
9606.ENSP00000375810 9606.ENSP00000317177 0 0 0 62 0 0 325 340 
9606.ENSP00000375810 9606.ENSP00000360660 0 0 0 0 156 0 0 156 
9606.ENSP00000375810 9606.ENSP00000226284 0 0 0 0 177 0 42 177 
9606.ENSP00000375810 9606.ENSP00000221265 0 0 0 62 294 0 94 347 
9606.ENSP00000375810 9606.ENSP00000243389 0 0 0 0 0 0 314 314 
9606.ENSP00000375810 9606.ENSP00000479816 0 0 0 0 0 0 311 311 
9606.ENSP00000375810 9606.ENSP00000265563 0 0 0 53 185 0 64 214 
9606.ENSP00000375810 9606.ENSP00000320130 0 0 0 51 305 900 116 933 
9606.ENSP00000375810 9606.ENSP00000006275 0 0 0 55 55 0 194 217 
9606.ENSP00000375810 9606.ENSP00000416289 0 0 0 54 163 0 58 188 
9606.ENSP00000375810 9606.ENSP00000356319 0 0 0 0 88 0 131 173 
9606.ENSP00000375810 9606.ENSP00000335614 0 0 0 0 0 0 155 155 
9606.ENSP00000375810 9606.ENSP00000386902 0 0 0 107 127 0 81 220 
9606.ENSP00000375810 9606.ENSP00000265717 0 0 0 53 185 0 64 214 
9606.ENSP00000375810 9606.ENSP00000394560 0 0 0 61 127 0 50 153 
9606.ENSP00000375810 9606.ENSP00000441543 0 0 0 95 163 0 62 228 
9606.ENSP00000375810 9606.ENSP00000484669 0 0 0 61 66 0 155 195 
9606.ENSP00000375810 9606.ENSP00000366876 0 0 0 61 128 0 57 160 
9606.ENSP00000375810 9606.ENSP00000367208 0 0 0 63 186 0 85 241 
9606.ENSP00000375810 9606.ENSP00000387286 0 2 0 49 194 900 146 925 
9606.ENSP00000375810 9606.ENSP00000310219 0 0 0 63 182 0 58 214 
9606.ENSP00000375810 9606.ENSP00000364076 0 0 0 0 0 900 0 900 
9606.ENSP00000375810 9606.ENSP00000273480 0 0 0 0 157 0 76 187 
9606.ENSP00000375810 9606.ENSP00000270357 0 0 0 62 124 0 50 151 
9606.ENSP00000375810 9606.ENSP00000379032 0 0 0 0 0 0 416 416 
9606.ENSP00000375810 9606.ENSP00000324842 0 0 0 62 0 0 254 270 
9606.ENSP00000375810 9606.ENSP00000305810 0 0 0 0 0 900 0 900 
9606.ENSP00000375810 9606.ENSP00000339626 0 0 0 682 0 0 0 682 
9606.ENSP00000375810 9606.ENSP00000383382 0 0 0 0 51 0 146 154 
9606.ENSP00000375810 9606.ENSP00000358921 0 0 0 0 67 900 49 903 
9606.ENSP00000375810 9606.ENSP00000354947 0 0 0 0 0 900 0 900 
9606.ENSP00000375810 9606.ENSP00000380878 0 0 0 61 157 0 58 189 
9606.ENSP00000375810 9606.ENSP00000400713 0 0 0 322 0 0 186 424 
9606.ENSP00000375810 9606.ENSP00000361540 0 0 0 51 176 0 66 205 
9606.ENSP00000375810 9606.ENSP00000331720 0 0 0 0 0 0 317 317 
9606.ENSP00000375810 9606.ENSP00000385479 0 0 0 0 157 0 115 222 
9606.ENSP00000375810 9606.ENSP00000302895 0 0 0 0 57 0 214 227 
9606.ENSP00000375810 9606.ENSP00000361635 0 0 0 0 101 0 349 389 
9606.ENSP00000375810 9606.ENSP00000254722 0 0 0 0 0 0 194 194 
9606.ENSP00000375810 9606.ENSP00000217244 0 0 0 62 133 0 44 154 
9606.ENSP00000375810 9606.ENSP00000221138 0 0 0 0 157 0 58 171 
9606.ENSP00000375810 9606.ENSP00000355621 0 0 0 50 164 0 63 190 
9606.ENSP00000375810 9606.ENSP00000220676 0 0 0 0 177 0 42 177 
9606.ENSP00000375810 9606.ENSP00000263168 0 0 0 0 0 900 0 900 
9606.ENSP00000375810 9606.ENSP00000298292 0 0 0 55 186 0 62 215 
9606.ENSP00000375810 9606.ENSP00000284292 0 0 0 0 0 0 240 240 
9606.ENSP00000375810 9606.ENSP00000358211 0 0 0 63 182 0 77 231 
9606.ENSP00000375810 9606.ENSP00000385410 0 0 0 96 114 0 0 164 
9606.ENSP00000375810 9606.ENSP00000274026 0 0 0 0 159 0 55 171 
9606.ENSP00000375810 9606.ENSP00000338019 0 0 0 62 128 0 56 160 
9606.ENSP00000375810 9606.ENSP00000378725 0 0 0 0 0 900 0 900 
9606.ENSP00000375810 9606.ENSP00000390431 0 0 0 0 0 900 0 900 
9606.ENSP00000375810 9606.ENSP00000261439 0 0 0 0 0 0 198 198 
9606.ENSP00000375810 9606.ENSP00000419465 0 0 0 50 85 0 108 156 
9606.ENSP00000375810 9606.ENSP00000369127 0 0 0 62 128 0 56 160 
9606.ENSP00000375810 9606.ENSP00000432586 0 0 0 0 111 0 111 176 
9606.ENSP00000375810 9606.ENSP00000374490 0 0 0 0 0 0 212 212 
9606.ENSP00000375810 9606.ENSP00000386485 0 35 0 0 413 0 0 412 
9606.ENSP00000375810 9606.ENSP00000366513 0 0 0 0 77 0 377 401 
9606.ENSP00000375810 9606.ENSP00000398880 0 0 0 55 169 0 92 224 
9606.ENSP00000375810 9606.ENSP00000333363 0 0 0 0 0 0 200 200 
9606.ENSP00000375810 9606.ENSP00000275034 0 0 0 61 176 0 51 201 
9606.ENSP00000375810 9606.ENSP00000342331 0 0 0 0 0 0 297 297 
9606.ENSP00000375810 9606.ENSP00000369390 0 0 0 51 128 0 57 151 
9606.ENSP00000375810 9606.ENSP00000295065 0 0 0 0 0 0 463 463 
9606.ENSP00000375810 9606.ENSP00000423600 0 0 0 61 133 0 53 161 
9606.ENSP00000375810 9606.ENSP00000306496 0 0 0 49 194 0 0 200 
9606.ENSP00000375810 9606.ENSP00000425864 0 0 0 0 0 0 373 373 
9606.ENSP00000375810 9606.ENSP00000397133 0 0 0 0 157 0 165 266 
9606.ENSP00000375810 9606.ENSP00000387262 0 0 0 61 0 0 159 176 
9606.ENSP00000375810 9606.ENSP00000205214 0 0 0 0 112 0 135 199 
9606.ENSP00000375810 9606.ENSP00000364802 0 0 0 63 182 0 58 214 
9606.ENSP00000375810 9606.ENSP00000393392 0 0 0 0 156 0 0 156 
9606.ENSP00000375810 9606.ENSP00000257017 0 0 0 49 194 0 0 200 
9606.ENSP00000375810 9606.ENSP00000331268 0 0 0 63 182 0 58 214 
9606.ENSP00000375810 9606.ENSP00000352400 0 0 0 62 0 0 386 399 
9606.ENSP00000375810 9606.ENSP00000265148 0 0 0 0 88 900 179 918 
9606.ENSP00000375810 9606.ENSP00000447537 0 0 0 0 0 0 213 213 
9606.ENSP00000375810 9606.ENSP00000442464 0 0 0 62 0 0 156 174 
9606.ENSP00000375810 9606.ENSP00000393566 0 0 0 0 0 900 0 900 
9606.ENSP00000375810 9606.ENSP00000349957 0 0 0 0 157 0 76 187 
9606.ENSP00000375810 9606.ENSP00000393963 0 0 0 53 88 900 220 923 
9606.ENSP00000375810 9606.ENSP00000262506 0 0 0 62 133 0 44 154 
9606.ENSP00000375810 9606.ENSP00000255465 0 0 0 0 159 0 55 171 
9606.ENSP00000375810 9606.ENSP00000262715 0 0 0 61 264 0 84 311 
9606.ENSP00000375810 9606.ENSP00000461413 0 0 0 0 63 0 268 284 
9606.ENSP00000375810 9606.ENSP00000409131 0 0 0 54 163 0 58 188 
9606.ENSP00000375810 9606.ENSP00000291574 0 0 0 55 0 0 160 172 
9606.ENSP00000375810 9606.ENSP00000216181 0 0 0 64 157 0 96 224 
9606.ENSP00000375810 9606.ENSP00000465099 0 0 0 0 0 0 342 342 
9606.ENSP00000375810 9606.ENSP00000371886 0 0 0 57 84 0 211 258 
9606.ENSP00000375810 9606.ENSP00000348349 0 0 0 63 157 0 0 176 
9606.ENSP00000375810 9606.ENSP00000400088 0 0 0 51 128 0 57 151 
9606.ENSP00000375810 9606.ENSP00000261211 0 0 0 51 128 0 57 151 
9606.ENSP00000375810 9606.ENSP00000341874 0 0 0 61 0 0 161 178 
9606.ENSP00000375810 9606.ENSP00000333942 0 0 0 0 88 900 82 909 
9606.ENSP00000375810 9606.ENSP00000313398 0 0 0 151 0 0 0 151 
9606.ENSP00000375810 9606.ENSP00000378254 0 0 0 51 176 0 297 402 
9606.ENSP00000375810 9606.ENSP00000377547 0 0 0 0 159 0 55 171 
9606.ENSP00000375810 9606.ENSP00000441858 0 0 0 60 56 0 211 238 
9606.ENSP00000375810 9606.ENSP00000340935 0 0 0 0 177 0 42 177 
9606.ENSP00000375810 9606.ENSP00000363524 0 0 0 0 88 900 206 921 
9606.ENSP00000375810 9606.ENSP00000382177 0 0 0 0 157 0 105 213 
9606.ENSP00000375810 9606.ENSP00000378350 0 0 0 61 260 0 74 300 
9606.ENSP00000375810 9606.ENSP00000431926 0 0 0 54 163 0 58 188 
9606.ENSP00000375810 9606.ENSP00000297814 0 0 0 0 88 900 182 918 
9606.ENSP00000375810 9606.ENSP00000471730 0 0 0 49 157 0 58 178 
9606.ENSP00000375810 9606.ENSP00000229314 44 0 0 62 186 0 0 206 
9606.ENSP00000375810 9606.ENSP00000273047 0 0 0 0 50 0 210 218 
9606.ENSP00000375810 9606.ENSP00000440005 0 0 0 0 78 900 57 905 
9606.ENSP00000375810 9606.ENSP00000262643 0 0 0 61 159 0 55 188 
9606.ENSP00000375810 9606.ENSP00000379643 0 0 0 0 0 0 201 201 
9606.ENSP00000375810 9606.ENSP00000368952 0 0 0 0 68 0 399 416 
9606.ENSP00000375810 9606.ENSP00000397435 0 0 0 0 0 0 259 259 
9606.ENSP00000375810 9606.ENSP00000377954 0 0 0 62 80 0 131 184 
9606.ENSP00000375810 9606.ENSP00000256682 0 0 0 0 78 900 0 903 
9606.ENSP00000375810 9606.ENSP00000399403 0 0 61 0 723 900 44 971 
9606.ENSP00000375810 9606.ENSP00000288207 0 0 0 64 159 0 55 191 
9606.ENSP00000375810 9606.ENSP00000342962 0 0 0 61 75 0 258 299 
9606.ENSP00000375810 9606.ENSP00000328269 0 0 0 0 50 0 146 154 
9606.ENSP00000375810 9606.ENSP00000364145 0 0 0 62 0 0 378 391 
9606.ENSP00000375810 9606.ENSP00000437563 0 0 0 0 0 0 211 211 
9606.ENSP00000375810 9606.ENSP00000379888 0 0 0 141 52 0 0 151 
9606.ENSP00000375810 9606.ENSP00000221200 0 0 0 52 50 0 137 154 
9606.ENSP00000375810 9606.ENSP00000216264 0 0 0 0 158 0 0 158 
9606.ENSP00000375810 9606.ENSP00000411831 0 0 0 0 88 900 114 912 
9606.ENSP00000375810 9606.ENSP00000391167 0 0 0 0 0 0 407 407 
9606.ENSP00000375810 9606.ENSP00000406084 0 0 0 51 176 0 51 193 
9606.ENSP00000375810 9606.ENSP00000364490 0 0 0 0 0 0 253 253 
9606.ENSP00000375810 9606.ENSP00000470298 0 0 0 64 157 0 43 178 
9606.ENSP00000375810 9606.ENSP00000373669 0 0 0 0 0 0 317 317 
9606.ENSP00000375810 9606.ENSP00000299166 0 0 0 0 0 0 226 226 
9606.ENSP00000375810 9606.ENSP00000299601 0 0 0 61 409 0 127 473 
9606.ENSP00000375810 9606.ENSP00000300175 0 0 0 0 156 0 0 156 
9606.ENSP00000375810 9606.ENSP00000288266 0 0 0 0 57 0 251 263 
9606.ENSP00000375810 9606.ENSP00000247986 0 0 0 0 88 0 394 424 
9606.ENSP00000375810 9606.ENSP00000380378 0 0 0 63 0 0 229 246 
9606.ENSP00000375810 9606.ENSP00000414906 0 0 0 60 0 900 0 901 
9606.ENSP00000375810 9606.ENSP00000249356 0 0 0 62 128 0 56 160 
9606.ENSP00000375810 9606.ENSP00000401633 0 0 0 64 157 0 43 178 
9606.ENSP00000375810 9606.ENSP00000346103 0 0 0 62 51 0 126 154 
9606.ENSP00000375810 9606.ENSP00000468678 0 0 0 61 157 0 0 174 
9606.ENSP00000375810 9606.ENSP00000356530 42 0 0 62 104 0 80 160 
9606.ENSP00000375810 9606.ENSP00000450456 0 0 0 323 50 0 0 329 
9606.ENSP00000375810 9606.ENSP00000438205 0 0 0 0 0 0 266 266 
9606.ENSP00000375810 9606.ENSP00000262891 0 0 0 0 0 0 293 293 
9606.ENSP00000375810 9606.ENSP00000398131 0 0 0 62 170 0 50 195 
9606.ENSP00000375810 9606.ENSP00000392828 0 0 232 0 0 0 0 232 
9606.ENSP00000375810 9606.ENSP00000262903 0 0 0 61 133 0 80 185 
9606.ENSP00000375810 9606.ENSP00000297293 0 0 0 0 0 0 351 351 
9606.ENSP00000375810 9606.ENSP00000471457 0 0 0 63 157 0 0 176 
9606.ENSP00000375810 9606.ENSP00000469970 0 0 0 0 0 0 302 302 
9606.ENSP00000375810 9606.ENSP00000343581 0 0 0 0 63 0 347 362 
9606.ENSP00000375810 9606.ENSP00000255381 0 0 0 64 157 0 96 224 
9606.ENSP00000375810 9606.ENSP00000379838 0 0 0 63 0 0 203 222 
9606.ENSP00000375810 9606.ENSP00000222005 0 0 0 0 181 0 74 209 
9606.ENSP00000375810 9606.ENSP00000362649 0 0 0 0 157 0 58 171 
9606.ENSP00000375810 9606.ENSP00000229268 0 0 0 62 133 0 0 151 
9606.ENSP00000375810 9606.ENSP00000378199 0 0 0 63 182 0 58 214 
9606.ENSP00000375810 9606.ENSP00000270233 0 0 0 214 0 0 0 214 
9606.ENSP00000375810 9606.ENSP00000440847 0 0 0 61 127 0 50 153 
9606.ENSP00000375810 9606.ENSP00000366249 0 0 0 0 163 0 55 175 
9606.ENSP00000375810 9606.ENSP00000354543 0 0 0 0 0 0 434 434 
9606.ENSP00000375810 9606.ENSP00000287152 0 0 0 0 88 900 50 905 
9606.ENSP00000375810 9606.ENSP00000464265 0 0 0 0 163 0 55 175 
9606.ENSP00000375810 9606.ENSP00000473172 0 0 0 62 155 0 62 191 
9606.ENSP00000375810 9606.ENSP00000439065 0 0 59 0 413 0 76 445 
9606.ENSP00000375810 9606.ENSP00000366974 0 0 0 0 157 0 49 164 
9606.ENSP00000375810 9606.ENSP00000465992 0 0 0 61 88 900 50 907 
9606.ENSP00000375810 9606.ENSP00000341551 0 0 0 0 90 0 282 319 
9606.ENSP00000375810 9606.ENSP00000289228 0 0 0 0 67 900 49 903 
9606.ENSP00000375810 9606.ENSP00000480826 0 0 0 0 157 0 49 164 
9606.ENSP00000375810 9606.ENSP00000294829 0 0 0 0 0 0 244 244 
9606.ENSP00000375810 9606.ENSP00000296444 0 0 0 0 0 0 150 150 
9606.ENSP00000375810 9606.ENSP00000327716 0 0 0 0 69 0 203 226 
9606.ENSP00000375810 9606.ENSP00000287598 0 0 0 62 195 0 62 229 
9606.ENSP00000375810 9606.ENSP00000365210 0 0 0 64 159 0 55 191 
9606.ENSP00000375810 9606.ENSP00000382213 0 0 0 0 0 0 237 237 
9606.ENSP00000375810 9606.ENSP00000378324 0 0 0 62 128 0 56 160 
9606.ENSP00000375810 9606.ENSP00000357682 0 0 0 61 66 0 247 282 
9606.ENSP00000375810 9606.ENSP00000393840 0 0 0 0 0 0 217 217 
9606.ENSP00000375810 9606.ENSP00000438388 0 0 0 0 88 900 487 949 
9606.ENSP00000375810 9606.ENSP00000382688 0 0 0 0 132 0 65 153 
9606.ENSP00000375810 9606.ENSP00000257700 0 0 0 52 0 900 0 901 
9606.ENSP00000375810 9606.ENSP00000339063 0 0 0 62 170 0 62 205 
9606.ENSP00000375810 9606.ENSP00000419298 0 0 0 0 57 0 146 160 
9606.ENSP00000375810 9606.ENSP00000388241 0 0 0 0 88 900 75 908 
9606.ENSP00000375810 9606.ENSP00000408979 0 0 0 0 384 900 682 978 
9606.ENSP00000375810 9606.ENSP00000264951 0 0 0 0 0 0 155 155 
9606.ENSP00000375810 9606.ENSP00000240874 0 0 0 0 51 0 161 169 
9606.ENSP00000375810 9606.ENSP00000484638 0 0 0 0 157 0 49 164 
9606.ENSP00000375810 9606.ENSP00000337180 0 0 0 61 0 0 156 173 
9606.ENSP00000375810 9606.ENSP00000341280 0 0 0 0 132 0 65 153 
9606.ENSP00000375810 9606.ENSP00000314004 0 0 0 63 279 0 93 333 
9606.ENSP00000375810 9606.ENSP00000317224 0 0 0 0 0 0 266 266 
9606.ENSP00000375810 9606.ENSP00000299705 0 0 0 53 0 900 0 901 
9606.ENSP00000375810 9606.ENSP00000309457 0 0 0 48 0 0 154 160 
9606.ENSP00000375810 9606.ENSP00000262340 0 0 0 0 0 0 195 195 
9606.ENSP00000375810 9606.ENSP00000254286 0 0 0 0 67 900 196 918 
9606.ENSP00000375810 9606.ENSP00000311505 0 0 0 0 156 0 0 156 
9606.ENSP00000375810 9606.ENSP00000347324 0 0 0 62 0 0 280 296 
9606.ENSP00000375810 9606.ENSP00000301587 0 0 0 0 269 0 50 275 
9606.ENSP00000375810 9606.ENSP00000377814 0 0 0 0 76 0 127 158 
9606.ENSP00000375810 9606.ENSP00000360793 0 0 0 42 88 900 50 905 
9606.ENSP00000375810 9606.ENSP00000264065 45 0 0 62 168 0 68 212 
9606.ENSP00000375810 9606.ENSP00000408411 0 0 0 52 82 0 145 191 
9606.ENSP00000375810 9606.ENSP00000231668 0 0 0 0 0 900 0 900 
9606.ENSP00000375810 9606.ENSP00000380256 0 0 0 0 159 0 55 171 
9606.ENSP00000375810 9606.ENSP00000441158 0 0 0 63 147 0 153 263 
9606.ENSP00000375810 9606.ENSP00000258198 0 0 0 0 268 900 184 935 
9606.ENSP00000375810 9606.ENSP00000483936 0 0 0 0 84 0 214 249 
9606.ENSP00000375810 9606.ENSP00000381167 0 0 0 0 0 0 158 158 
9606.ENSP00000375810 9606.ENSP00000420617 0 0 0 61 0 0 211 228 
9606.ENSP00000375810 9606.ENSP00000415090 0 0 0 61 157 0 0 174 
9606.ENSP00000375810 9606.ENSP00000311083 0 0 0 0 168 0 59 183 
9606.ENSP00000375810 9606.ENSP00000299767 46 0 0 108 262 0 76 342 
9606.ENSP00000375810 9606.ENSP00000377282 0 0 0 0 0 0 193 193 
9606.ENSP00000375810 9606.ENSP00000374280 0 0 0 61 185 0 97 248 
9606.ENSP00000375810 9606.ENSP00000448054 0 0 0 54 163 0 58 188 
9606.ENSP00000375810 9606.ENSP00000278412 0 0 0 63 185 0 58 217 
9606.ENSP00000375810 9606.ENSP00000311857 0 0 0 64 0 0 192 212 
9606.ENSP00000375810 9606.ENSP00000360252 0 0 0 0 0 0 290 290 
9606.ENSP00000375810 9606.ENSP00000205890 0 0 0 61 157 0 0 174 
9606.ENSP00000375810 9606.ENSP00000341247 0 0 0 62 170 0 50 195 
9606.ENSP00000375810 9606.ENSP00000358160 0 0 0 0 157 0 49 164 
9606.ENSP00000375810 9606.ENSP00000318486 0 0 0 0 0 0 224 224 
9606.ENSP00000375810 9606.ENSP00000225792 0 0 0 42 0 0 345 345 
9606.ENSP00000375810 9606.ENSP00000339835 0 0 0 0 157 0 49 164 
9606.ENSP00000375810 9606.ENSP00000378974 0 0 0 61 127 0 95 193 
9606.ENSP00000375810 9606.ENSP00000482075 0 0 0 107 127 0 81 220 
9606.ENSP00000375810 9606.ENSP00000330945 0 0 0 49 0 900 0 900 
9606.ENSP00000375810 9606.ENSP00000262375 0 0 0 62 128 0 56 160 
9606.ENSP00000375810 9606.ENSP00000296266 0 0 0 64 176 0 83 230 
9606.ENSP00000375810 9606.ENSP00000482335 0 0 0 0 0 0 180 180 
9606.ENSP00000375810 9606.ENSP00000362814 0 0 0 63 75 0 341 379 
9606.ENSP00000375810 9606.ENSP00000371267 0 0 0 0 99 0 94 150 
9606.ENSP00000375810 9606.ENSP00000340954 0 0 0 53 185 0 64 214 
9606.ENSP00000375810 9606.ENSP00000287878 0 0 0 0 157 0 72 184 
9606.ENSP00000375810 9606.ENSP00000256442 0 0 0 64 230 0 55 260 
9606.ENSP00000375810 9606.ENSP00000311665 0 0 0 54 163 0 58 188 
9606.ENSP00000375810 9606.ENSP00000261708 0 0 0 128 54 0 57 154 
9606.ENSP00000375810 9606.ENSP00000381133 0 0 0 0 0 0 214 214 
9606.ENSP00000375810 9606.ENSP00000482271 0 0 0 0 157 0 49 164 
9606.ENSP00000375810 9606.ENSP00000347244 0 0 0 0 50 0 278 285 
9606.ENSP00000375810 9606.ENSP00000324173 0 0 0 63 182 0 58 214 
9606.ENSP00000375810 9606.ENSP00000376534 0 0 0 61 96 0 151 216 
9606.ENSP00000375810 9606.ENSP00000328875 0 0 0 0 64 0 305 321 
9606.ENSP00000375810 9606.ENSP00000306010 0 0 0 0 78 900 0 903 
9606.ENSP00000375810 9606.ENSP00000339109 0 0 0 61 293 0 138 377 
9606.ENSP00000375810 9606.ENSP00000345195 0 0 0 0 163 0 55 175 
9606.ENSP00000375810 9606.ENSP00000327009 0 0 0 52 128 0 100 191 
9606.ENSP00000375810 9606.ENSP00000344331 0 0 0 0 0 0 495 495 
9606.ENSP00000375810 9606.ENSP00000399970 0 0 0 61 185 0 0 201 
9606.ENSP00000375810 9606.ENSP00000355387 0 0 0 0 0 0 347 347 
9606.ENSP00000375810 9606.ENSP00000350954 0 0 0 51 176 0 51 193 
9606.ENSP00000375810 9606.ENSP00000480439 0 0 0 0 63 0 130 150 
9606.ENSP00000375810 9606.ENSP00000227524 0 0 0 63 0 0 144 163 
9606.ENSP00000375810 9606.ENSP00000347581 0 0 0 0 158 0 0 158 
9606.ENSP00000375810 9606.ENSP00000350541 0 0 0 62 124 0 50 151 
9606.ENSP00000375810 9606.ENSP00000258281 0 0 0 51 176 0 51 193 
9606.ENSP00000375810 9606.ENSP00000462355 0 0 0 0 157 0 49 164 
9606.ENSP00000375810 9606.ENSP00000360065 0 0 0 51 176 0 51 193 
9606.ENSP00000375810 9606.ENSP00000378611 0 0 0 0 0 0 237 237 
9606.ENSP00000375810 9606.ENSP00000225983 0 0 0 0 157 0 58 171 
9606.ENSP00000375810 9606.ENSP00000350708 0 0 0 0 163 0 55 175 
9606.ENSP00000375810 9606.ENSP00000245222 0 0 0 63 159 0 0 178 
9606.ENSP00000375810 9606.ENSP00000250894 0 0 0 0 348 0 383 581 
9606.ENSP00000375810 9606.ENSP00000478458 0 0 0 0 0 0 171 171 
9606.ENSP00000375810 9606.ENSP00000459043 0 0 0 0 235 0 216 374 
9606.ENSP00000375810 9606.ENSP00000358737 0 0 0 61 132 0 0 150 
9606.ENSP00000375810 9606.ENSP00000324527 0 0 0 0 157 0 54 168 
9606.ENSP00000375810 9606.ENSP00000347507 0 0 0 64 157 0 96 224 
9606.ENSP00000375810 9606.ENSP00000351446 0 0 0 54 163 0 58 188 
9606.ENSP00000375810 9606.ENSP00000467024 0 0 0 0 163 0 55 175 
9606.ENSP00000375810 9606.ENSP00000281513 0 0 0 61 0 900 0 902 
9606.ENSP00000375810 9606.ENSP00000359398 0 0 0 0 0 0 182 182 
9606.ENSP00000375810 9606.ENSP00000345575 0 0 0 62 128 0 56 160 
9606.ENSP00000375810 9606.ENSP00000263377 0 0 0 61 96 0 92 162 
9606.ENSP00000375810 9606.ENSP00000229829 0 0 0 0 0 900 0 900 
9606.ENSP00000375810 9606.ENSP00000358983 0 0 0 61 438 0 43 450 
9606.ENSP00000375810 9606.ENSP00000347184 0 0 0 0 161 0 144 251 
9606.ENSP00000375810 9606.ENSP00000231368 0 0 0 62 124 0 50 151 
9606.ENSP00000375810 9606.ENSP00000387875 0 0 0 0 88 900 52 905 
9606.ENSP00000375810 9606.ENSP00000390590 0 0 0 0 0 0 150 150 
9606.ENSP00000375810 9606.ENSP00000417548 0 0 0 62 128 0 56 160 
9606.ENSP00000375810 9606.ENSP00000335083 0 0 0 61 185 0 0 201 
9606.ENSP00000375810 9606.ENSP00000256759 0 0 0 0 0 0 380 380 
9606.ENSP00000375810 9606.ENSP00000316130 0 0 0 61 572 0 399 737 
9606.ENSP00000375810 9606.ENSP00000311343 0 0 0 54 163 0 58 188 
9606.ENSP00000375810 9606.ENSP00000263181 0 0 0 50 88 900 254 926 
9606.ENSP00000375810 9606.ENSP00000340474 0 0 0 61 0 0 172 189 
9606.ENSP00000375810 9606.ENSP00000370962 0 0 0 267 0 0 57 279 
9606.ENSP00000375810 9606.ENSP00000325377 0 0 0 64 176 0 51 204 
9606.ENSP00000375810 9606.ENSP00000358674 0 0 0 0 163 0 55 175 
9606.ENSP00000375810 9606.ENSP00000282572 0 0 0 64 159 0 55 191 
9606.ENSP00000375810 9606.ENSP00000365007 0 0 0 62 128 0 56 160 
9606.ENSP00000375810 9606.ENSP00000321320 0 0 0 62 167 0 0 185 
9606.ENSP00000375810 9606.ENSP00000484331 0 0 0 0 0 0 180 180 
9606.ENSP00000375810 9606.ENSP00000320663 0 0 0 51 176 0 51 193 
9606.ENSP00000375810 9606.ENSP00000446830 0 0 0 62 128 0 56 160 
9606.ENSP00000375810 9606.ENSP00000315743 0 0 0 64 159 0 55 191 
9606.ENSP00000375810 9606.ENSP00000298125 0 0 0 63 176 0 78 226 
9606.ENSP00000375810 9606.ENSP00000385852 0 0 0 61 128 0 57 160 
9606.ENSP00000375810 9606.ENSP00000273353 0 0 0 64 157 0 43 178 
9606.ENSP00000375810 9606.ENSP00000333982 0 0 0 0 0 0 186 186 
9606.ENSP00000375810 9606.ENSP00000348129 0 0 0 54 163 0 58 188 
9606.ENSP00000375810 9606.ENSP00000392147 0 0 0 0 157 0 58 171 
9606.ENSP00000375810 9606.ENSP00000368699 0 0 0 0 163 0 55 175 
9606.ENSP00000375810 9606.ENSP00000225726 0 0 0 55 157 0 0 169 
9606.ENSP00000375810 9606.ENSP00000400175 0 0 0 61 78 900 43 906 
9606.ENSP00000375810 9606.ENSP00000231238 0 0 0 61 0 0 170 187 
9606.ENSP00000375810 9606.ENSP00000356224 0 0 0 0 64 0 197 216 
9606.ENSP00000375810 9606.ENSP00000339484 0 0 0 49 174 0 55 192 
9606.ENSP00000375810 9606.ENSP00000347997 0 0 0 0 163 0 55 175 
9606.ENSP00000375810 9606.ENSP00000261819 0 0 0 63 261 0 86 311 
9606.ENSP00000375810 9606.ENSP00000358154 0 0 0 0 157 0 115 222 
9606.ENSP00000375810 9606.ENSP00000400376 0 0 0 62 124 0 50 151 
9606.ENSP00000375810 9606.ENSP00000338343 0 0 0 0 0 0 283 283 
9606.ENSP00000375810 9606.ENSP00000358813 0 0 0 63 181 0 43 201 
9606.ENSP00000375810 9606.ENSP00000360262 0 0 0 61 111 0 68 154 
9606.ENSP00000375810 9606.ENSP00000356811 0 0 0 62 170 0 50 195 
9606.ENSP00000375810 9606.ENSP00000225519 0 0 0 61 111 0 68 154 
9606.ENSP00000375810 9606.ENSP00000386156 0 0 0 0 189 0 0 189 
9606.ENSP00000375810 9606.ENSP00000304697 0 0 0 140 163 0 55 260 
9606.ENSP00000375810 9606.ENSP00000258787 0 0 0 0 156 0 0 156 
9606.ENSP00000375810 9606.ENSP00000217182 0 0 0 62 170 0 62 205 
9606.ENSP00000375810 9606.ENSP00000407353 0 0 0 0 77 0 144 176 
9606.ENSP00000375810 9606.ENSP00000307275 0 0 0 0 0 0 161 161 
9606.ENSP00000375810 9606.ENSP00000417182 0 0 0 0 177 0 42 177 
9606.ENSP00000375810 9606.ENSP00000216416 0 8 0 0 264 0 0 264 
9606.ENSP00000375810 9606.ENSP00000323867 0 0 0 0 157 0 72 184 
9606.ENSP00000375810 9606.ENSP00000407509 0 0 0 53 185 0 64 214 
9606.ENSP00000375810 9606.ENSP00000307197 0 0 0 62 128 0 56 160 
9606.ENSP00000375810 9606.ENSP00000406549 0 0 0 61 77 0 125 176 
9606.ENSP00000375810 9606.ENSP00000310003 0 13 0 0 264 0 0 264 
9606.ENSP00000375810 9606.ENSP00000261180 0 0 0 62 124 0 50 151 
9606.ENSP00000375810 9606.ENSP00000422354 0 0 0 59 0 0 426 437 
9606.ENSP00000375810 9606.ENSP00000366953 0 0 0 61 125 0 78 176 
9606.ENSP00000375810 9606.ENSP00000296509 0 0 0 0 163 0 67 185 
9606.ENSP00000375810 9606.ENSP00000368349 0 0 0 61 175 0 0 192 
9606.ENSP00000375810 9606.ENSP00000302961 0 0 0 63 182 0 58 214 
9606.ENSP00000375810 9606.ENSP00000259632 0 0 0 0 0 900 0 900 
9606.ENSP00000375810 9606.ENSP00000479794 0 0 0 0 157 0 49 164 
9606.ENSP00000375810 9606.ENSP00000371472 0 0 0 0 0 0 171 171 
9606.ENSP00000375810 9606.ENSP00000334553 0 0 0 62 153 0 78 204 
9606.ENSP00000375810 9606.ENSP00000335153 46 0 0 108 262 0 83 347 
9606.ENSP00000375810 9606.ENSP00000374566 0 0 0 0 88 900 50 905 
9606.ENSP00000375810 9606.ENSP00000260363 0 0 0 59 88 900 119 914 
9606.ENSP00000375810 9606.ENSP00000418379 0 0 0 61 77 0 125 176 
9606.ENSP00000375810 9606.ENSP00000318687 0 0 0 63 182 0 58 214 
9606.ENSP00000375810 9606.ENSP00000233055 0 0 0 63 176 0 51 203 
9606.ENSP00000375810 9606.ENSP00000200135 0 0 0 62 0 900 41 902 
9606.ENSP00000375810 9606.ENSP00000355014 0 0 0 0 0 0 210 210 
9606.ENSP00000375810 9606.ENSP00000266970 0 0 0 51 128 0 57 151 
9606.ENSP00000375810 9606.ENSP00000360609 46 0 0 108 262 0 76 342 
9606.ENSP00000375810 9606.ENSP00000403902 0 0 0 0 0 0 223 223 
9606.ENSP00000375810 9606.ENSP00000478501 0 0 0 62 268 0 86 317 
9606.ENSP00000375810 9606.ENSP00000318803 0 0 0 0 84 0 167 204 
9606.ENSP00000375810 9606.ENSP00000256897 0 0 0 0 166 0 53 176 
9606.ENSP00000375810 9606.ENSP00000263966 0 0 0 62 133 0 0 151 
9606.ENSP00000375810 9606.ENSP00000479762 0 0 0 50 0 0 173 180 
9606.ENSP00000375810 9606.ENSP00000408146 0 0 0 0 0 900 0 900 
9606.ENSP00000375810 9606.ENSP00000292524 0 0 0 0 0 0 315 315 
9606.ENSP00000375810 9606.ENSP00000483312 0 0 0 62 300 0 86 347 
9606.ENSP00000375810 9606.ENSP00000254810 0 0 0 0 157 0 49 164 
9606.ENSP00000375810 9606.ENSP00000297375 0 0 0 0 0 0 204 204 
9606.ENSP00000375810 9606.ENSP00000406472 0 0 0 51 128 0 57 151 
9606.ENSP00000375810 9606.ENSP00000400997 0 0 0 0 63 0 150 169 
9606.ENSP00000375810 9606.ENSP00000367623 0 0 0 63 182 0 58 214 
9606.ENSP00000375810 9606.ENSP00000379616 0 0 0 64 157 0 559 621 
9606.ENSP00000375810 9606.ENSP00000401720 0 0 0 61 111 0 223 294 
9606.ENSP00000375810 9606.ENSP00000334061 0 0 0 0 157 0 161 262 
9606.ENSP00000375810 9606.ENSP00000457703 0 0 0 0 163 0 55 175 
9606.ENSP00000375810 9606.ENSP00000329471 0 0 0 61 0 900 0 902 
9606.ENSP00000375810 9606.ENSP00000217964 0 0 0 62 176 0 51 202 
9606.ENSP00000375810 9606.ENSP00000272317 0 0 0 0 163 0 55 175 
9606.ENSP00000375810 9606.ENSP00000352463 0 0 0 0 124 0 100 178 
9606.ENSP00000375810 9606.ENSP00000257904 0 0 0 51 128 0 57 151 
9606.ENSP00000375810 9606.ENSP00000272133 0 11 0 0 264 0 0 264 
9606.ENSP00000375810 9606.ENSP00000431482 0 0 0 0 163 0 55 175 
9606.ENSP00000375810 9606.ENSP00000404079 0 0 0 62 128 0 56 160 
9606.ENSP00000375810 9606.ENSP00000194214 0 0 0 62 268 0 86 317 
9606.ENSP00000375810 9606.ENSP00000446100 0 0 0 0 0 0 153 153 
9606.ENSP00000375810 9606.ENSP00000377970 0 0 0 121 111 0 86 223 
9606.ENSP00000375810 9606.ENSP00000401514 0 0 0 0 0 0 256 256 
9606.ENSP00000375810 9606.ENSP00000280772 0 0 0 61 66 0 111 152 
9606.ENSP00000375810 9606.ENSP00000262584 0 0 0 113 0 0 89 158 
9606.ENSP00000375810 9606.ENSP00000245919 0 0 0 0 108 0 102 165 
9606.ENSP00000375810 9606.ENSP00000450909 0 0 0 50 50 0 297 311 
9606.ENSP00000375810 9606.ENSP00000356774 0 0 0 54 163 0 153 271 
9606.ENSP00000375810 9606.ENSP00000216225 0 0 0 0 157 0 76 187 
9606.ENSP00000375810 9606.ENSP00000262394 0 0 0 54 163 0 58 188 
9606.ENSP00000375810 9606.ENSP00000398890 0 0 0 0 0 900 0 900 
9606.ENSP00000375810 9606.ENSP00000432083 0 0 0 63 182 0 58 214 
9606.ENSP00000375810 9606.ENSP00000386213 0 0 0 61 157 0 0 174 
9606.ENSP00000375810 9606.ENSP00000348965 0 0 0 0 0 900 301 927 
9606.ENSP00000375810 9606.ENSP00000278550 0 0 0 0 0 0 165 165 
9606.ENSP00000375810 9606.ENSP00000425979 0 0 0 63 0 0 312 328 
9606.ENSP00000375810 9606.ENSP00000426654 0 0 0 63 309 0 89 358 
9606.ENSP00000375810 9606.ENSP00000265857 0 0 0 55 181 0 61 209 
9606.ENSP00000375810 9606.ENSP00000479504 0 0 0 111 0 0 96 161 
9606.ENSP00000375810 9606.ENSP00000370781 0 0 0 51 176 0 66 205 
9606.ENSP00000375810 9606.ENSP00000289248 0 0 0 0 0 0 361 361 
9606.ENSP00000375810 9606.ENSP00000368976 0 0 0 0 88 0 452 479 
9606.ENSP00000375810 9606.ENSP00000307674 0 0 0 0 156 0 0 156 
9606.ENSP00000375810 9606.ENSP00000367203 0 0 0 0 132 0 65 153 
9606.ENSP00000375810 9606.ENSP00000300093 0 0 0 61 181 0 62 215 
9606.ENSP00000375810 9606.ENSP00000451998 0 0 0 51 176 0 51 193 
9606.ENSP00000375810 9606.ENSP00000302530 0 0 0 62 195 0 62 229 
9606.ENSP00000375810 9606.ENSP00000278919 0 0 0 61 84 0 92 151 
9606.ENSP00000375810 9606.ENSP00000248437 0 0 0 49 0 0 155 162 
9606.ENSP00000375810 9606.ENSP00000341159 0 0 0 63 159 0 0 178 
9606.ENSP00000375810 9606.ENSP00000251287 0 0 0 157 0 0 0 157 
9606.ENSP00000375810 9606.ENSP00000245932 0 0 0 0 0 0 187 187 
9606.ENSP00000375810 9606.ENSP00000380494 0 0 0 0 625 0 0 625 
9606.ENSP00000375810 9606.ENSP00000265944 0 0 0 61 157 0 0 174 
9606.ENSP00000375810 9606.ENSP00000378786 0 0 0 0 0 900 0 900 
9606.ENSP00000375810 9606.ENSP00000307078 0 0 0 0 385 900 747 983 
9606.ENSP00000375810 9606.ENSP00000394394 0 0 0 63 194 0 62 229 
9606.ENSP00000375810 9606.ENSP00000288235 0 0 0 0 157 0 66 178 
9606.ENSP00000375810 9606.ENSP00000386022 0 0 0 0 0 0 354 354 
9606.ENSP00000375810 9606.ENSP00000386770 0 0 0 0 0 0 218 218 
9606.ENSP00000375810 9606.ENSP00000410561 0 0 0 51 128 0 57 151 
9606.ENSP00000375810 9606.ENSP00000329419 0 0 0 55 50 900 69 905 
9606.ENSP00000375810 9606.ENSP00000246957 46 0 0 108 262 0 76 342 
9606.ENSP00000375810 9606.ENSP00000221114 0 0 0 0 0 900 0 900 
9606.ENSP00000375810 9606.ENSP00000261839 0 0 0 0 156 0 0 156 
9606.ENSP00000375810 9606.ENSP00000347168 0 0 0 0 157 0 49 164 
9606.ENSP00000375810 9606.ENSP00000254442 0 0 0 61 125 0 57 157 
9606.ENSP00000375810 9606.ENSP00000468312 0 0 0 51 176 0 232 347 
9606.ENSP00000375810 9606.ENSP00000351697 0 0 0 61 175 0 0 192 
9606.ENSP00000375810 9606.ENSP00000276052 0 0 0 51 128 0 61 155 
9606.ENSP00000375810 9606.ENSP00000371328 0 0 0 0 0 0 209 209 
9606.ENSP00000375810 9606.ENSP00000408910 0 0 0 61 161 900 151 924 
9606.ENSP00000375810 9606.ENSP00000418447 0 0 0 0 157 0 85 196 
9606.ENSP00000375810 9606.ENSP00000373312 0 0 0 0 163 0 0 163 
9606.ENSP00000375810 9606.ENSP00000313681 0 0 0 63 159 0 0 178 
9606.ENSP00000375810 9606.ENSP00000379500 0 0 0 62 161 0 42 180 
9606.ENSP00000375810 9606.ENSP00000261438 0 0 0 0 63 0 186 204 
9606.ENSP00000375810 9606.ENSP00000228740 0 0 0 62 124 0 50 151 
9606.ENSP00000375810 9606.ENSP00000430774 0 0 0 63 157 0 92 220 
9606.ENSP00000375810 9606.ENSP00000263736 0 0 0 79 166 0 64 218 
9606.ENSP00000375810 9606.ENSP00000260731 0 0 0 61 88 900 116 914 
9606.ENSP00000375810 9606.ENSP00000468837 0 0 0 62 190 0 66 228 
9606.ENSP00000375810 9606.ENSP00000361275 0 0 0 61 181 0 62 215 
9606.ENSP00000375810 9606.ENSP00000378854 44 0 0 0 157 0 73 187 
9606.ENSP00000375810 9606.ENSP00000484095 0 0 0 0 157 0 49 164 
9606.ENSP00000375810 9606.ENSP00000421280 0 0 0 61 157 0 0 174 
9606.ENSP00000375810 9606.ENSP00000395220 0 0 0 0 84 0 216 251 
9606.ENSP00000375810 9606.ENSP00000318297 0 0 0 61 155 0 62 190 
9606.ENSP00000375810 9606.ENSP00000308535 44 0 0 62 186 0 0 206 
9606.ENSP00000375810 9606.ENSP00000310722 0 0 0 61 299 0 45 316 
9606.ENSP00000375810 9606.ENSP00000443017 0 0 0 0 157 0 49 164 
9606.ENSP00000375810 9606.ENSP00000407586 0 0 0 0 78 0 222 252 
9606.ENSP00000375810 9606.ENSP00000397050 0 0 0 0 77 0 506 524 
9606.ENSP00000375810 9606.ENSP00000336868 0 0 0 0 157 0 49 164 
9606.ENSP00000375810 9606.ENSP00000384330 0 0 0 64 157 0 96 224 
9606.ENSP00000375810 9606.ENSP00000248975 0 0 0 0 336 0 109 384 
9606.ENSP00000375810 9606.ENSP00000365042 0 0 0 0 151 0 0 151 
9606.ENSP00000375810 9606.ENSP00000363976 0 0 0 0 0 900 0 900 
9606.ENSP00000375810 9606.ENSP00000238789 60 0 0 61 174 0 77 237 
9606.ENSP00000375810 9606.ENSP00000473036 0 0 0 62 105 0 71 151 
9606.ENSP00000375810 9606.ENSP00000363899 0 0 0 0 0 0 286 286 
9606.ENSP00000375810 9606.ENSP00000415243 0 0 0 0 0 0 469 469 
9606.ENSP00000375810 9606.ENSP00000352157 0 0 0 61 127 0 50 153 
9606.ENSP00000375810 9606.ENSP00000080059 0 0 0 0 157 0 99 208 
9606.ENSP00000375810 9606.ENSP00000207457 0 0 0 55 52 0 266 285 
9606.ENSP00000375810 9606.ENSP00000262225 0 0 0 55 56 900 0 903 
9606.ENSP00000375810 9606.ENSP00000409924 0 0 0 107 127 0 81 220 
9606.ENSP00000375810 9606.ENSP00000262442 0 0 0 0 0 0 152 152 
9606.ENSP00000375810 9606.ENSP00000401508 0 0 0 53 185 0 0 195 
9606.ENSP00000375810 9606.ENSP00000473553 0 0 0 62 133 0 44 154 
9606.ENSP00000375810 9606.ENSP00000353734 0 0 0 0 63 0 157 176 
9606.ENSP00000375810 9606.ENSP00000378323 0 0 0 61 157 0 58 189 
9606.ENSP00000375810 9606.ENSP00000364550 0 0 0 0 132 0 65 153 
9606.ENSP00000375810 9606.ENSP00000361298 0 0 0 63 88 900 84 911 
9606.ENSP00000375810 9606.ENSP00000481486 0 0 0 0 157 0 49 164 
9606.ENSP00000375810 9606.ENSP00000479518 0 0 0 0 156 0 0 156 
9606.ENSP00000375810 9606.ENSP00000386331 0 0 0 61 157 0 0 174 
9606.ENSP00000375810 9606.ENSP00000387078 0 0 0 61 125 0 57 157 
9606.ENSP00000375810 9606.ENSP00000342344 0 0 0 62 0 0 205 223 
9606.ENSP00000375810 9606.ENSP00000385158 0 0 0 59 0 0 195 210 
9606.ENSP00000375810 9606.ENSP00000358716 0 0 0 42 0 0 158 158 
9606.ENSP00000375810 9606.ENSP00000264028 0 0 0 61 58 900 54 905 
9606.ENSP00000375810 9606.ENSP00000364976 0 0 0 0 168 0 59 183 
9606.ENSP00000375810 9606.ENSP00000295951 45 0 0 57 130 0 89 190 
9606.ENSP00000375810 9606.ENSP00000352834 0 0 0 118 157 0 72 249 
9606.ENSP00000375810 9606.ENSP00000320821 0 0 0 0 88 900 339 934 
9606.ENSP00000375810 9606.ENSP00000364805 0 0 0 63 182 0 58 214 
9606.ENSP00000375810 9606.ENSP00000341779 0 0 0 55 157 0 491 559 
9606.ENSP00000375810 9606.ENSP00000415556 0 0 0 54 163 0 58 188 
9606.ENSP00000375810 9606.ENSP00000222286 0 0 0 62 105 0 71 151 
9606.ENSP00000375810 9606.ENSP00000348842 0 0 0 51 176 0 51 193 
9606.ENSP00000375810 9606.ENSP00000396755 0 0 0 64 159 0 55 191 
9606.ENSP00000375810 9606.ENSP00000439182 0 0 0 0 156 0 0 156 
9606.ENSP00000375810 9606.ENSP00000477310 0 0 0 0 0 900 118 908 
9606.ENSP00000375810 9606.ENSP00000341171 0 0 0 0 0 0 390 390 
9606.ENSP00000375810 9606.ENSP00000361446 0 0 0 62 171 0 75 217 
9606.ENSP00000375810 9606.ENSP00000400252 0 0 0 51 0 0 257 264 
9606.ENSP00000375810 9606.ENSP00000406046 0 0 0 61 175 0 0 192 
9606.ENSP00000375810 9606.ENSP00000263934 0 0 0 0 88 900 431 943 
9606.ENSP00000375810 9606.ENSP00000339095 0 0 0 61 0 0 221 237 
9606.ENSP00000375810 9606.ENSP00000418001 0 0 0 61 111 0 68 154 
9606.ENSP00000375810 9606.ENSP00000303424 0 0 0 0 0 0 182 182 
9606.ENSP00000375810 9606.ENSP00000334563 0 0 0 64 157 0 43 178 
9606.ENSP00000375810 9606.ENSP00000316454 0 0 0 61 0 0 309 324 
9606.ENSP00000375810 9606.ENSP00000389998 0 0 0 61 0 0 288 302 
9606.ENSP00000375810 9606.ENSP00000330381 0 0 0 54 163 0 58 188 
9606.ENSP00000375810 9606.ENSP00000437073 0 0 0 64 157 0 43 178 
9606.ENSP00000375810 9606.ENSP00000181839 0 0 0 55 169 0 92 224 
9606.ENSP00000375810 9606.ENSP00000257570 0 0 0 0 163 0 55 175 
9606.ENSP00000375810 9606.ENSP00000263897 0 0 0 0 0 900 0 900 
9606.ENSP00000375810 9606.ENSP00000480960 0 0 0 0 157 0 49 164 
9606.ENSP00000375810 9606.ENSP00000365576 0 0 0 0 163 0 71 189 
9606.ENSP00000375810 9606.ENSP00000402346 0 0 0 53 0 900 43 901 
9606.ENSP00000375810 9606.ENSP00000301332 0 0 0 0 88 900 299 930 
9606.ENSP00000375810 9606.ENSP00000429824 0 0 0 0 185 0 43 186 
9606.ENSP00000375810 9606.ENSP00000433352 0 0 0 61 127 0 122 217 
9606.ENSP00000375810 9606.ENSP00000325002 0 0 0 53 0 900 43 901 
9606.ENSP00000375810 9606.ENSP00000229239 0 0 0 62 105 0 138 213 
9606.ENSP00000375810 9606.ENSP00000319664 0 0 0 63 0 0 189 208 
9606.ENSP00000375810 9606.ENSP00000324804 0 0 0 61 0 0 151 168 
9606.ENSP00000375810 9606.ENSP00000403681 0 0 0 0 0 0 232 232 
9606.ENSP00000375810 9606.ENSP00000348461 0 0 0 61 78 900 43 906 
9606.ENSP00000375810 9606.ENSP00000363092 0 0 0 53 185 0 81 228 
9606.ENSP00000375810 9606.ENSP00000441954 0 0 0 0 90 0 361 394 
9606.ENSP00000375810 9606.ENSP00000478610 0 0 0 0 151 0 0 151 
9606.ENSP00000375810 9606.ENSP00000284981 0 0 0 0 94 0 257 298 
9606.ENSP00000375810 9606.ENSP00000334044 0 0 0 0 163 0 55 175 
9606.ENSP00000375810 9606.ENSP00000312778 0 0 0 64 176 0 51 204 
9606.ENSP00000375810 9606.ENSP00000320650 0 0 0 62 128 0 56 160 
9606.ENSP00000375810 9606.ENSP00000331532 0 0 0 0 0 0 496 496 
9606.ENSP00000375810 9606.ENSP00000419782 0 0 0 0 0 0 200 200 
9606.ENSP00000375810 9606.ENSP00000385545 0 0 0 0 88 900 174 918 
9606.ENSP00000375810 9606.ENSP00000382767 0 0 0 0 0 0 230 230 
9606.ENSP00000375810 9606.ENSP00000327104 0 0 0 0 0 0 325 325 
9606.ENSP00000375810 9606.ENSP00000250495 0 0 0 0 163 0 55 175 
9606.ENSP00000375810 9606.ENSP00000387100 0 0 0 0 0 0 198 198 
9606.ENSP00000375810 9606.ENSP00000319991 0 0 0 0 0 0 165 165 
9606.ENSP00000375810 9606.ENSP00000326238 0 0 0 0 0 900 157 912 
9606.ENSP00000375810 9606.ENSP00000453089 0 0 0 54 163 0 58 188 
9606.ENSP00000375810 9606.ENSP00000344635 0 0 0 64 159 0 55 191 
9606.ENSP00000375810 9606.ENSP00000265734 0 0 0 51 128 0 57 151 
9606.ENSP00000375810 9606.ENSP00000305699 0 0 0 0 0 0 163 163 
9606.ENSP00000375810 9606.ENSP00000297185 0 0 0 63 182 0 58 214 
9606.ENSP00000375810 9606.ENSP00000331313 0 0 0 51 176 0 51 193 
9606.ENSP00000375810 9606.ENSP00000322579 0 0 0 61 128 0 57 160 
9606.ENSP00000375810 9606.ENSP00000323300 0 0 0 0 0 0 168 168 
9606.ENSP00000375810 9606.ENSP00000222145 0 0 0 0 156 0 0 156 
9606.ENSP00000375810 9606.ENSP00000377428 0 0 0 51 176 0 51 193 
9606.ENSP00000375810 9606.ENSP00000479606 0 0 0 63 147 0 50 174 
9606.ENSP00000375810 9606.ENSP00000314030 0 0 0 62 128 0 56 160 
9606.ENSP00000375810 9606.ENSP00000445162 0 0 0 61 148 0 0 165 
9606.ENSP00000375810 9606.ENSP00000274289 0 0 0 61 181 0 62 215 
9606.ENSP00000375810 9606.ENSP00000482620 0 0 0 0 131 0 96 180 
9606.ENSP00000375810 9606.ENSP00000429374 0 0 0 90 54 0 104 161 
9606.ENSP00000375810 9606.ENSP00000295213 0 0 0 0 0 0 157 157 
9606.ENSP00000375810 9606.ENSP00000296490 0 0 0 61 0 0 155 173 
9606.ENSP00000375810 9606.ENSP00000376297 0 0 0 0 0 900 99 906 
9606.ENSP00000375810 9606.ENSP00000328998 0 0 0 0 64 0 323 340 
9606.ENSP00000375810 9606.ENSP00000363391 0 0 0 64 0 0 249 267 
9606.ENSP00000375810 9606.ENSP00000426568 0 0 0 0 90 0 524 548 
9606.ENSP00000375810 9606.ENSP00000408617 0 0 0 0 157 0 58 171 
9606.ENSP00000375810 9606.ENSP00000299045 0 0 0 61 0 0 419 431 
9606.ENSP00000375810 9606.ENSP00000434442 0 0 0 0 57 900 0 901 
9606.ENSP00000375810 9606.ENSP00000413196 0 0 0 50 0 0 171 178 
9606.ENSP00000375810 9606.ENSP00000262873 0 0 0 64 157 0 103 230 
9606.ENSP00000375810 9606.ENSP00000365919 0 0 0 54 163 0 58 188 
9606.ENSP00000375810 9606.ENSP00000262265 0 0 0 55 186 0 81 231 
9606.ENSP00000375810 9606.ENSP00000240055 0 0 0 0 157 0 49 164 
9606.ENSP00000375810 9606.ENSP00000254846 0 0 0 0 132 0 65 153 
9606.ENSP00000375810 9606.ENSP00000356405 0 0 0 61 294 0 101 351 
9606.ENSP00000375810 9606.ENSP00000448165 0 0 0 61 125 0 70 169 
9606.ENSP00000375810 9606.ENSP00000254878 44 0 0 0 157 0 76 190 
9606.ENSP00000375810 9606.ENSP00000385000 0 0 0 63 88 900 210 923 
9606.ENSP00000375810 9606.ENSP00000449089 0 0 0 61 0 0 225 241 
9606.ENSP00000375810 9606.ENSP00000160827 0 0 0 0 88 900 232 923 
9606.ENSP00000375810 9606.ENSP00000342778 0 0 0 0 77 0 134 166 
9606.ENSP00000375810 9606.ENSP00000264606 0 0 0 0 157 0 85 196 
9606.ENSP00000375810 9606.ENSP00000384015 0 0 0 64 0 0 225 243 
9606.ENSP00000375810 9606.ENSP00000354671 0 0 0 0 0 0 178 178 
9606.ENSP00000375810 9606.ENSP00000363232 0 0 0 0 88 900 156 916 
9606.ENSP00000375810 9606.ENSP00000265074 0 0 0 61 70 0 109 154 
9606.ENSP00000375810 9606.ENSP00000378769 0 0 0 55 157 0 58 184 
9606.ENSP00000375810 9606.ENSP00000377385 0 0 0 82 146 0 77 213 
9606.ENSP00000375810 9606.ENSP00000296328 0 0 0 63 171 0 75 218 
9606.ENSP00000375810 9606.ENSP00000257934 0 0 0 62 170 0 77 218 
9606.ENSP00000375810 9606.ENSP00000295640 0 0 0 62 124 0 50 151 
9606.ENSP00000375810 9606.ENSP00000377934 0 0 0 61 88 0 247 298 
9606.ENSP00000375810 9606.ENSP00000286719 0 0 0 0 157 0 58 171 
9606.ENSP00000375810 9606.ENSP00000402000 0 0 0 62 0 0 278 294 
9606.ENSP00000375810 9606.ENSP00000364801 0 0 0 63 182 0 58 214 
9606.ENSP00000375810 9606.ENSP00000322439 45 0 0 61 0 0 176 197 
9606.ENSP00000375810 9606.ENSP00000354111 0 0 0 62 128 0 56 160 
9606.ENSP00000375810 9606.ENSP00000295240 0 0 0 51 148 0 86 196 
9606.ENSP00000375810 9606.ENSP00000360727 0 0 0 49 194 0 0 200 
9606.ENSP00000375810 9606.ENSP00000330753 0 0 0 61 176 0 51 201 
9606.ENSP00000375810 9606.ENSP00000330572 0 0 0 0 138 0 143 229 
9606.ENSP00000375810 9606.ENSP00000479106 0 0 0 0 157 0 49 164 
9606.ENSP00000375810 9606.ENSP00000367034 0 0 0 0 157 0 49 164 
9606.ENSP00000375810 9606.ENSP00000353099 0 0 0 0 0 900 0 900 
9606.ENSP00000375810 9606.ENSP00000463393 0 0 0 0 81 900 0 904 
9606.ENSP00000375810 9606.ENSP00000480150 0 0 0 63 182 0 58 214 
9606.ENSP00000375810 9606.ENSP00000285398 0 0 0 0 171 0 0 171 
9606.ENSP00000375810 9606.ENSP00000361465 0 0 0 62 100 0 87 161 
9606.ENSP00000375810 9606.ENSP00000384610 0 0 0 53 185 0 64 214 
9606.ENSP00000375810 9606.ENSP00000259708 0 0 59 0 120 900 72 912 
9606.ENSP00000375810 9606.ENSP00000262013 0 0 0 0 348 0 207 460 
9606.ENSP00000375810 9606.ENSP00000317331 0 0 0 0 156 0 0 156 
9606.ENSP00000375810 9606.ENSP00000464317 0 0 0 64 157 0 92 220 
9606.ENSP00000375810 9606.ENSP00000409952 0 0 0 62 115 0 128 214 
9606.ENSP00000375810 9606.ENSP00000265162 0 0 0 62 124 0 50 151 
9606.ENSP00000375810 9606.ENSP00000385727 0 0 0 0 0 0 264 264 
9606.ENSP00000375810 9606.ENSP00000377275 0 0 0 0 0 0 233 233 
9606.ENSP00000375810 9606.ENSP00000353590 0 0 0 64 157 0 96 224 
9606.ENSP00000375810 9606.ENSP00000253107 0 0 0 82 146 0 77 213 
9606.ENSP00000375810 9606.ENSP00000484789 0 0 0 0 157 0 49 164 
9606.ENSP00000375810 9606.ENSP00000273588 0 0 0 49 0 0 146 153 
9606.ENSP00000375810 9606.ENSP00000310596 0 0 0 0 0 0 157 157 
9606.ENSP00000375810 9606.ENSP00000450749 0 0 0 0 0 0 400 400 
9606.ENSP00000375810 9606.ENSP00000428845 0 0 0 0 101 0 130 184 
9606.ENSP00000375810 9606.ENSP00000334002 0 0 0 0 64 0 321 337 
9606.ENSP00000375810 9606.ENSP00000296522 0 0 0 0 63 0 160 180 
9606.ENSP00000375810 9606.ENSP00000263245 0 0 0 0 57 900 0 901 
9606.ENSP00000375810 9606.ENSP00000386134 0 0 0 87 134 0 0 175 
9606.ENSP00000375810 9606.ENSP00000260505 0 0 0 0 0 0 189 189 
9606.ENSP00000375810 9606.ENSP00000309117 0 0 0 62 0 0 148 166 
9606.ENSP00000375810 9606.ENSP00000339398 0 0 0 0 0 900 0 900 
9606.ENSP00000375810 9606.ENSP00000385749 0 0 0 53 185 0 64 214 
9606.ENSP00000375810 9606.ENSP00000321546 0 0 0 0 0 0 297 297 
9606.ENSP00000375810 9606.ENSP00000265052 0 0 0 61 73 0 138 184 
9606.ENSP00000375810 9606.ENSP00000366886 0 0 0 0 229 0 0 229 
9606.ENSP00000375810 9606.ENSP00000366800 0 0 0 64 128 0 56 162 
9606.ENSP00000375810 9606.ENSP00000367220 0 0 0 0 157 0 49 164 
9606.ENSP00000375810 9606.ENSP00000479461 0 0 0 0 157 0 49 164 
9606.ENSP00000375810 9606.ENSP00000476960 0 0 0 0 157 0 49 164 
9606.ENSP00000375810 9606.ENSP00000256496 0 0 0 0 78 0 453 474 
9606.ENSP00000375810 9606.ENSP00000362674 0 0 0 0 157 0 58 171 
9606.ENSP00000375810 9606.ENSP00000477870 0 0 0 0 157 0 49 164 
9606.ENSP00000375810 9606.ENSP00000386918 0 0 0 61 0 900 0 902 
9606.ENSP00000375810 9606.ENSP00000228865 0 0 0 0 0 0 211 211 
9606.ENSP00000375810 9606.ENSP00000405574 0 0 0 62 176 0 51 202 
9606.ENSP00000375810 9606.ENSP00000364464 0 0 0 62 124 0 50 151 
9606.ENSP00000375810 9606.ENSP00000420443 0 0 0 0 264 0 0 264 
9606.ENSP00000375810 9606.ENSP00000262177 0 0 0 62 128 0 56 160 
9606.ENSP00000375810 9606.ENSP00000466379 0 0 0 63 130 0 68 174 
9606.ENSP00000375810 9606.ENSP00000353742 0 0 0 0 156 0 0 156 
9606.ENSP00000375810 9606.ENSP00000329757 0 0 0 132 81 0 61 185 
9606.ENSP00000375810 9606.ENSP00000280350 0 0 0 55 186 0 62 215 
9606.ENSP00000375810 9606.ENSP00000314157 0 0 0 0 187 0 49 193 
9606.ENSP00000375810 9606.ENSP00000371278 0 0 0 0 181 0 74 209 
9606.ENSP00000375810 9606.ENSP00000311273 0 0 0 0 0 0 198 198 
9606.ENSP00000375810 9606.ENSP00000340243 0 0 0 61 75 0 132 180 
9606.ENSP00000375810 9606.ENSP00000319104 0 0 0 79 166 0 64 218 
9606.ENSP00000375810 9606.ENSP00000249389 0 0 0 0 0 0 326 326 
9606.ENSP00000375810 9606.ENSP00000267622 0 0 0 61 0 0 138 156 
9606.ENSP00000375810 9606.ENSP00000229328 0 0 0 0 53 0 187 197 
9606.ENSP00000375810 9606.ENSP00000359799 0 0 0 62 128 0 56 160 
9606.ENSP00000375810 9606.ENSP00000478257 0 0 0 64 159 0 55 191 
9606.ENSP00000375810 9606.ENSP00000245503 0 0 0 64 157 0 43 178 
9606.ENSP00000375810 9606.ENSP00000347486 0 0 0 65 85 0 168 226 
9606.ENSP00000375810 9606.ENSP00000453293 0 0 0 0 0 0 229 229 
9606.ENSP00000375810 9606.ENSP00000264399 0 0 0 53 185 0 81 228 
9606.ENSP00000375810 9606.ENSP00000221462 0 0 0 0 0 0 342 342 
9606.ENSP00000375810 9606.ENSP00000385808 0 0 0 0 88 900 334 933 
9606.ENSP00000375810 9606.ENSP00000362578 45 0 0 57 130 0 89 190 
9606.ENSP00000375810 9606.ENSP00000378784 0 0 0 61 128 0 330 404 
9606.ENSP00000375810 9606.ENSP00000270861 0 0 0 61 181 0 62 215 
9606.ENSP00000375810 9606.ENSP00000261368 0 0 0 61 66 0 108 150 
9606.ENSP00000375810 9606.ENSP00000229270 0 0 0 62 80 0 102 157 
9606.ENSP00000375810 9606.ENSP00000449270 0 0 0 64 54 900 50 904 
9606.ENSP00000375810 9606.ENSP00000417404 0 0 0 0 157 0 49 164 
9606.ENSP00000375810 9606.ENSP00000366956 0 0 0 0 157 0 49 164 
9606.ENSP00000375810 9606.ENSP00000411010 0 0 0 64 296 0 0 312 
9606.ENSP00000375810 9606.ENSP00000480158 0 0 0 62 171 0 75 217 
9606.ENSP00000375810 9606.ENSP00000264380 0 0 0 0 58 0 146 161 
9606.ENSP00000375810 9606.ENSP00000262812 0 0 0 63 0 900 0 902 
9606.ENSP00000375810 9606.ENSP00000364080 0 0 0 0 0 900 0 900 
9606.ENSP00000375810 9606.ENSP00000467466 0 0 0 118 0 0 82 156 
9606.ENSP00000375810 9606.ENSP00000356399 0 0 0 0 0 0 157 157 
9606.ENSP00000375810 9606.ENSP00000440167 0 0 0 49 194 0 0 200 
9606.ENSP00000375810 9606.ENSP00000285928 0 0 0 62 51 0 436 454 
9606.ENSP00000375810 9606.ENSP00000320324 0 0 0 62 124 0 50 151 
9606.ENSP00000375810 9606.ENSP00000262319 0 0 0 0 186 0 63 204 
9606.ENSP00000375810 9606.ENSP00000354791 0 0 0 52 58 900 229 921 
