9606.ENSP00000269299 9606.ENSP00000226193 0 0 0 0 169 0 0 169 
9606.ENSP00000269299 9606.ENSP00000299767 0 0 0 49 379 0 111 429 
9606.ENSP00000269299 9606.ENSP00000340292 0 0 0 154 57 0 137 251 
9606.ENSP00000269299 9606.ENSP00000272298 0 0 0 0 187 0 0 187 
9606.ENSP00000269299 9606.ENSP00000206542 0 0 0 0 0 0 258 258 
9606.ENSP00000269299 9606.ENSP00000356646 0 0 0 0 185 0 0 185 
9606.ENSP00000269299 9606.ENSP00000364907 0 0 0 0 63 0 146 165 
9606.ENSP00000269299 9606.ENSP00000301141 0 0 0 64 0 0 208 227 
9606.ENSP00000269299 9606.ENSP00000327599 0 0 0 79 99 0 205 282 
9606.ENSP00000269299 9606.ENSP00000216410 0 0 0 237 0 0 0 237 
9606.ENSP00000269299 9606.ENSP00000324203 0 0 0 64 0 0 334 350 
9606.ENSP00000269299 9606.ENSP00000385632 0 0 0 0 0 0 208 208 
9606.ENSP00000269299 9606.ENSP00000296877 0 0 0 176 0 0 0 176 
9606.ENSP00000269299 9606.ENSP00000385451 0 0 0 0 185 0 0 185 
9606.ENSP00000269299 9606.ENSP00000381699 0 0 0 0 0 0 197 197 
9606.ENSP00000269299 9606.ENSP00000301466 0 0 0 181 0 0 0 181 
9606.ENSP00000269299 9606.ENSP00000250113 0 0 0 0 0 0 165 165 
9606.ENSP00000269299 9606.ENSP00000039007 0 0 0 145 0 0 166 256 
9606.ENSP00000269299 9606.ENSP00000377895 0 0 0 0 0 0 229 229 
9606.ENSP00000269299 9606.ENSP00000239462 0 0 0 0 185 0 0 185 
9606.ENSP00000269299 9606.ENSP00000356940 0 0 0 134 0 0 173 253 
9606.ENSP00000269299 9606.ENSP00000362576 0 0 0 0 0 0 228 228 
9606.ENSP00000269299 9606.ENSP00000300113 0 0 0 0 169 0 0 169 
9606.ENSP00000269299 9606.ENSP00000265131 0 0 0 0 185 0 0 185 
9606.ENSP00000269299 9606.ENSP00000414886 0 0 0 0 169 0 0 169 
9606.ENSP00000269299 9606.ENSP00000311857 0 0 0 62 309 0 0 324 
9606.ENSP00000269299 9606.ENSP00000379138 0 0 0 328 0 0 477 633 
9606.ENSP00000269299 9606.ENSP00000393198 0 0 0 0 0 0 177 177 
9606.ENSP00000269299 9606.ENSP00000228841 0 0 0 0 169 0 64 188 
9606.ENSP00000269299 9606.ENSP00000355930 0 0 0 0 0 0 628 628 
9606.ENSP00000269299 9606.ENSP00000329374 0 0 0 199 0 0 46 203 
9606.ENSP00000269299 9606.ENSP00000364986 0 0 0 182 0 0 0 182 
9606.ENSP00000269299 9606.ENSP00000358755 0 0 0 0 0 0 173 173 
9606.ENSP00000269299 9606.ENSP00000440643 0 0 0 0 60 0 137 154 
9606.ENSP00000269299 9606.ENSP00000265316 0 0 0 62 0 0 208 225 
9606.ENSP00000269299 9606.ENSP00000378699 0 0 0 229 0 0 50 236 
9606.ENSP00000269299 9606.ENSP00000357320 0 0 0 0 0 0 227 227 
9606.ENSP00000269299 9606.ENSP00000367891 0 0 0 0 0 0 288 288 
9606.ENSP00000269299 9606.ENSP00000260682 0 0 0 62 0 0 209 227 
9606.ENSP00000269299 9606.ENSP00000220616 0 0 0 0 379 800 247 898 
9606.ENSP00000269299 9606.ENSP00000256442 0 0 0 169 0 0 41 169 
9606.ENSP00000269299 9606.ENSP00000290349 0 0 0 0 0 0 226 226 
9606.ENSP00000269299 9606.ENSP00000381133 0 0 0 274 157 0 0 362 
9606.ENSP00000269299 9606.ENSP00000271332 0 0 0 0 85 0 130 169 
9606.ENSP00000269299 9606.ENSP00000331831 0 0 0 0 0 0 151 151 
9606.ENSP00000269299 9606.ENSP00000309124 0 0 0 0 0 0 202 202 
9606.ENSP00000269299 9606.ENSP00000324173 0 0 0 0 321 0 84 352 
9606.ENSP00000269299 9606.ENSP00000236671 0 0 0 0 83 0 120 159 
9606.ENSP00000269299 9606.ENSP00000428540 0 0 0 0 0 0 648 648 
9606.ENSP00000269299 9606.ENSP00000479860 0 0 0 0 169 0 0 169 
9606.ENSP00000269299 9606.ENSP00000378408 0 0 0 63 0 0 255 272 
9606.ENSP00000269299 9606.ENSP00000379256 0 0 0 0 169 0 0 169 
9606.ENSP00000269299 9606.ENSP00000308944 0 0 0 0 0 0 166 166 
9606.ENSP00000269299 9606.ENSP00000302476 0 0 0 198 0 0 0 198 
9606.ENSP00000269299 9606.ENSP00000324648 0 0 0 62 0 0 242 259 
9606.ENSP00000269299 9606.ENSP00000467141 0 0 0 54 133 0 58 159 
9606.ENSP00000269299 9606.ENSP00000226105 0 0 0 0 0 0 472 472 
9606.ENSP00000269299 9606.ENSP00000226730 0 0 0 0 0 0 161 161 
9606.ENSP00000269299 9606.ENSP00000304845 0 0 0 63 0 0 416 429 
9606.ENSP00000269299 9606.ENSP00000396308 0 0 0 63 379 0 68 410 
9606.ENSP00000269299 9606.ENSP00000367828 0 0 0 0 0 0 156 156 
9606.ENSP00000269299 9606.ENSP00000321343 0 0 0 0 0 0 250 250 
9606.ENSP00000269299 9606.ENSP00000283871 0 0 0 148 0 0 183 274 
9606.ENSP00000269299 9606.ENSP00000420174 0 0 0 0 0 0 161 161 
9606.ENSP00000269299 9606.ENSP00000377257 0 0 0 0 0 0 242 242 
9606.ENSP00000269299 9606.ENSP00000298307 0 0 0 51 0 0 146 154 
9606.ENSP00000269299 9606.ENSP00000440045 0 0 0 58 0 0 138 153 
9606.ENSP00000269299 9606.ENSP00000483624 0 0 0 0 0 0 197 197 
9606.ENSP00000269299 9606.ENSP00000263339 0 0 0 0 0 0 227 227 
9606.ENSP00000269299 9606.ENSP00000282728 0 0 0 61 0 0 180 197 
9606.ENSP00000269299 9606.ENSP00000353731 0 0 0 61 0 0 220 236 
9606.ENSP00000269299 9606.ENSP00000368682 0 0 0 0 0 0 204 204 
9606.ENSP00000269299 9606.ENSP00000315644 0 0 0 140 0 0 61 158 
9606.ENSP00000269299 9606.ENSP00000333203 0 0 0 119 0 0 96 170 
9606.ENSP00000269299 9606.ENSP00000259241 0 0 0 0 0 0 269 269 
9606.ENSP00000269299 9606.ENSP00000402505 0 0 0 61 0 0 502 512 
9606.ENSP00000269299 9606.ENSP00000359300 0 0 0 0 169 0 0 169 
9606.ENSP00000269299 9606.ENSP00000247461 0 0 0 0 305 0 87 338 
9606.ENSP00000269299 9606.ENSP00000352097 0 0 0 267 0 0 0 267 
9606.ENSP00000269299 9606.ENSP00000219596 0 0 0 0 0 0 271 271 
9606.ENSP00000269299 9606.ENSP00000356030 0 0 0 0 0 0 152 152 
9606.ENSP00000269299 9606.ENSP00000261047 0 0 0 0 169 0 0 169 
9606.ENSP00000269299 9606.ENSP00000355627 0 0 0 259 0 0 139 335 
9606.ENSP00000269299 9606.ENSP00000398017 0 0 0 0 0 0 190 190 
9606.ENSP00000269299 9606.ENSP00000265132 0 0 0 365 70 0 0 384 
9606.ENSP00000269299 9606.ENSP00000355124 0 0 0 0 0 0 256 256 
9606.ENSP00000269299 9606.ENSP00000371587 0 0 0 0 169 0 0 169 
9606.ENSP00000269299 9606.ENSP00000484824 0 0 0 0 0 0 186 186 
9606.ENSP00000269299 9606.ENSP00000342850 0 0 0 123 0 0 90 168 
9606.ENSP00000269299 9606.ENSP00000156626 0 0 0 0 0 0 242 242 
9606.ENSP00000269299 9606.ENSP00000261475 0 0 0 516 0 0 0 516 
9606.ENSP00000269299 9606.ENSP00000382091 0 0 0 0 0 0 153 153 
9606.ENSP00000269299 9606.ENSP00000252951 0 0 0 175 0 0 0 175 
9606.ENSP00000269299 9606.ENSP00000262738 0 0 0 0 85 0 391 419 
9606.ENSP00000269299 9606.ENSP00000205948 0 0 0 359 0 0 0 359 
9606.ENSP00000269299 9606.ENSP00000355629 0 0 0 0 0 0 163 163 
9606.ENSP00000269299 9606.ENSP00000403495 0 0 0 0 185 0 0 185 
9606.ENSP00000269299 9606.ENSP00000398698 0 0 0 0 185 0 163 289 
9606.ENSP00000269299 9606.ENSP00000225276 0 0 0 0 0 0 252 252 
9606.ENSP00000269299 9606.ENSP00000262958 0 0 0 0 0 0 226 226 
9606.ENSP00000269299 9606.ENSP00000302630 0 0 0 96 50 0 124 182 
9606.ENSP00000269299 9606.ENSP00000209718 0 0 0 63 0 0 349 364 
9606.ENSP00000269299 9606.ENSP00000309376 0 0 0 0 0 0 216 216 
9606.ENSP00000269299 9606.ENSP00000232003 0 0 0 168 0 0 0 168 
9606.ENSP00000269299 9606.ENSP00000360871 0 0 0 77 157 0 0 188 
9606.ENSP00000269299 9606.ENSP00000302620 0 0 0 183 0 0 225 340 
9606.ENSP00000269299 9606.ENSP00000483786 0 0 0 0 169 0 0 169 
9606.ENSP00000269299 9606.ENSP00000255120 0 0 0 258 0 0 0 258 
9606.ENSP00000269299 9606.ENSP00000270560 0 0 0 254 0 0 0 254 
9606.ENSP00000269299 9606.ENSP00000365227 0 0 0 0 187 0 0 187 
9606.ENSP00000269299 9606.ENSP00000295897 0 0 0 180 0 0 555 619 
9606.ENSP00000269299 9606.ENSP00000358512 0 0 0 0 0 0 156 156 
9606.ENSP00000269299 9606.ENSP00000245451 0 0 0 0 0 0 163 163 
9606.ENSP00000269299 9606.ENSP00000240618 0 0 0 65 0 0 221 240 
9606.ENSP00000269299 9606.ENSP00000317955 0 0 0 0 0 0 210 210 
9606.ENSP00000269299 9606.ENSP00000369571 0 0 0 0 0 0 202 202 
9606.ENSP00000269299 9606.ENSP00000356382 0 0 0 170 0 0 0 170 
9606.ENSP00000269299 9606.ENSP00000379845 0 0 0 49 379 0 0 384 
9606.ENSP00000269299 9606.ENSP00000301175 0 0 0 155 0 0 0 155 
9606.ENSP00000269299 9606.ENSP00000370767 0 0 0 0 0 0 242 242 
9606.ENSP00000269299 9606.ENSP00000450040 0 0 0 77 0 0 296 322 
9606.ENSP00000269299 9606.ENSP00000356969 0 0 0 369 0 0 111 416 
9606.ENSP00000269299 9606.ENSP00000370376 0 0 0 347 0 0 156 425 
9606.ENSP00000269299 9606.ENSP00000256759 0 0 0 154 0 0 411 481 
9606.ENSP00000269299 9606.ENSP00000330074 0 0 0 0 0 0 210 210 
9606.ENSP00000269299 9606.ENSP00000216144 0 0 0 0 187 0 0 187 
9606.ENSP00000269299 9606.ENSP00000271688 0 0 0 62 328 0 945 962 
9606.ENSP00000269299 9606.ENSP00000307900 0 0 0 135 0 0 121 207 
9606.ENSP00000269299 9606.ENSP00000263636 0 0 0 0 0 0 420 420 
9606.ENSP00000269299 9606.ENSP00000361475 0 0 0 0 169 0 0 169 
9606.ENSP00000269299 9606.ENSP00000415579 0 0 0 153 0 0 43 154 
9606.ENSP00000269299 9606.ENSP00000377779 0 0 0 0 0 0 169 169 
9606.ENSP00000269299 9606.ENSP00000268164 0 0 0 0 0 0 150 150 
9606.ENSP00000269299 9606.ENSP00000366243 0 0 0 0 0 0 448 448 
9606.ENSP00000269299 9606.ENSP00000403932 0 0 0 0 187 0 0 187 
9606.ENSP00000269299 9606.ENSP00000252490 0 0 0 114 0 0 156 221 
9606.ENSP00000269299 9606.ENSP00000307508 0 0 0 0 187 0 0 187 
9606.ENSP00000269299 9606.ENSP00000313350 0 0 0 0 0 0 189 189 
9606.ENSP00000269299 9606.ENSP00000256497 0 0 0 0 305 0 0 305 
9606.ENSP00000269299 9606.ENSP00000382794 0 0 0 341 0 0 0 341 
9606.ENSP00000269299 9606.ENSP00000277554 0 0 0 0 0 0 282 282 
9606.ENSP00000269299 9606.ENSP00000371333 0 0 0 0 0 0 349 349 
9606.ENSP00000269299 9606.ENSP00000317842 0 0 0 64 0 0 640 648 
9606.ENSP00000269299 9606.ENSP00000335612 0 0 0 0 187 0 0 187 
9606.ENSP00000269299 9606.ENSP00000353720 0 0 0 64 0 0 503 514 
9606.ENSP00000269299 9606.ENSP00000353770 0 0 0 189 0 0 0 189 
9606.ENSP00000269299 9606.ENSP00000383023 0 0 0 0 169 0 0 169 
9606.ENSP00000269299 9606.ENSP00000308938 0 0 0 133 0 0 93 180 
9606.ENSP00000269299 9606.ENSP00000282466 0 0 0 100 60 0 253 313 
9606.ENSP00000269299 9606.ENSP00000361021 0 0 0 177 0 0 0 177 
9606.ENSP00000269299 9606.ENSP00000296795 0 0 0 0 60 0 162 178 
9606.ENSP00000269299 9606.ENSP00000275493 0 0 0 0 0 0 150 150 
9606.ENSP00000269299 9606.ENSP00000377075 0 0 0 0 0 0 210 210 
9606.ENSP00000269299 9606.ENSP00000317404 0 0 0 97 0 0 241 285 
9606.ENSP00000269299 9606.ENSP00000243611 0 0 0 159 0 0 0 159 
9606.ENSP00000269299 9606.ENSP00000215781 0 0 0 0 0 0 298 298 
9606.ENSP00000269299 9606.ENSP00000452037 0 0 0 0 60 0 425 436 
9606.ENSP00000269299 9606.ENSP00000371532 0 0 0 92 0 0 177 220 
9606.ENSP00000269299 9606.ENSP00000484479 0 0 0 0 0 0 227 227 
9606.ENSP00000269299 9606.ENSP00000360217 0 0 0 212 0 0 0 212 
9606.ENSP00000269299 9606.ENSP00000269878 0 0 0 0 169 0 0 169 
9606.ENSP00000269299 9606.ENSP00000377836 0 0 0 155 0 0 195 290 
9606.ENSP00000269299 9606.ENSP00000307549 0 0 0 181 0 0 0 181 
9606.ENSP00000269299 9606.ENSP00000301645 0 0 0 82 0 0 252 284 
9606.ENSP00000269299 9606.ENSP00000291744 0 0 0 0 157 0 45 160 
9606.ENSP00000269299 9606.ENSP00000222390 0 0 0 61 0 0 244 259 
9606.ENSP00000269299 9606.ENSP00000262726 0 0 0 0 187 0 0 187 
9606.ENSP00000269299 9606.ENSP00000385834 0 0 0 171 0 0 50 179 
9606.ENSP00000269299 9606.ENSP00000266041 0 0 0 95 0 0 104 154 
9606.ENSP00000269299 9606.ENSP00000465356 0 0 0 82 0 0 161 197 
9606.ENSP00000269299 9606.ENSP00000381364 0 0 0 0 0 0 176 176 
9606.ENSP00000269299 9606.ENSP00000355652 0 0 0 61 51 0 293 315 
9606.ENSP00000269299 9606.ENSP00000394485 0 0 0 64 0 0 344 360 
9606.ENSP00000269299 9606.ENSP00000302569 0 0 0 0 0 0 193 193 
9606.ENSP00000269299 9606.ENSP00000325836 0 0 0 0 64 0 164 184 
9606.ENSP00000269299 9606.ENSP00000355533 0 0 0 0 0 0 201 201 
9606.ENSP00000269299 9606.ENSP00000333982 0 0 0 0 0 0 371 371 
9606.ENSP00000269299 9606.ENSP00000378856 0 0 0 0 0 0 154 154 
9606.ENSP00000269299 9606.ENSP00000265403 0 0 0 163 0 0 51 171 
9606.ENSP00000269299 9606.ENSP00000256644 0 0 0 0 358 0 0 358 
9606.ENSP00000269299 9606.ENSP00000258930 0 0 0 0 169 0 0 169 
9606.ENSP00000269299 9606.ENSP00000361287 0 0 0 220 0 0 59 235 
9606.ENSP00000269299 9606.ENSP00000454071 0 0 0 92 0 0 292 329 
9606.ENSP00000269299 9606.ENSP00000320431 0 0 0 0 0 0 244 244 
9606.ENSP00000269299 9606.ENSP00000302276 0 0 0 0 328 0 0 328 
9606.ENSP00000269299 9606.ENSP00000216200 0 0 0 77 187 0 0 217 
9606.ENSP00000269299 9606.ENSP00000447149 0 0 0 120 76 0 77 184 
9606.ENSP00000269299 9606.ENSP00000386942 0 0 0 0 0 0 243 243 
9606.ENSP00000269299 9606.ENSP00000234071 0 0 0 239 0 0 100 286 
9606.ENSP00000269299 9606.ENSP00000419901 0 0 0 215 0 0 50 222 
9606.ENSP00000269299 9606.ENSP00000292807 0 0 0 0 343 0 0 343 
9606.ENSP00000269299 9606.ENSP00000251810 0 0 0 189 0 0 0 189 
9606.ENSP00000269299 9606.ENSP00000419471 0 0 0 0 0 0 356 356 
9606.ENSP00000269299 9606.ENSP00000419665 0 0 0 0 0 0 221 221 
9606.ENSP00000269299 9606.ENSP00000453508 0 0 0 0 292 0 0 292 
9606.ENSP00000269299 9606.ENSP00000264498 0 0 0 0 0 0 160 160 
9606.ENSP00000269299 9606.ENSP00000389600 0 0 0 0 60 0 158 175 
9606.ENSP00000269299 9606.ENSP00000265062 0 0 0 0 0 0 173 173 
9606.ENSP00000269299 9606.ENSP00000331062 0 0 0 0 185 0 0 185 
9606.ENSP00000269299 9606.ENSP00000356771 0 0 0 111 0 0 133 196 
9606.ENSP00000269299 9606.ENSP00000380432 0 0 0 0 0 0 188 188 
9606.ENSP00000269299 9606.ENSP00000316029 0 0 0 0 292 0 0 292 
9606.ENSP00000269299 9606.ENSP00000254227 0 0 0 156 76 0 0 187 
9606.ENSP00000269299 9606.ENSP00000353874 0 0 0 0 60 0 147 163 
9606.ENSP00000269299 9606.ENSP00000229307 0 0 0 252 53 0 179 369 
9606.ENSP00000269299 9606.ENSP00000308541 0 0 0 566 0 0 122 603 
9606.ENSP00000269299 9606.ENSP00000232424 0 0 0 0 0 0 521 521 
9606.ENSP00000269299 9606.ENSP00000401010 0 0 0 0 0 0 204 204 
9606.ENSP00000269299 9606.ENSP00000230053 0 0 0 0 0 0 282 282 
9606.ENSP00000269299 9606.ENSP00000361359 0 0 0 0 0 0 222 222 
9606.ENSP00000269299 9606.ENSP00000343412 0 0 0 0 0 0 158 158 
9606.ENSP00000269299 9606.ENSP00000393675 0 0 0 0 0 0 243 243 
9606.ENSP00000269299 9606.ENSP00000363157 0 0 0 0 185 0 0 185 
9606.ENSP00000269299 9606.ENSP00000267984 0 0 0 0 292 0 0 292 
9606.ENSP00000269299 9606.ENSP00000463559 0 0 0 0 169 0 0 169 
9606.ENSP00000269299 9606.ENSP00000367197 0 0 0 0 187 0 0 187 
9606.ENSP00000269299 9606.ENSP00000232375 0 0 0 101 0 0 159 211 
9606.ENSP00000269299 9606.ENSP00000303129 0 0 0 97 0 0 186 233 
9606.ENSP00000269299 9606.ENSP00000341364 0 0 0 0 0 0 442 442 
9606.ENSP00000269299 9606.ENSP00000394936 0 0 0 228 0 0 227 378 
9606.ENSP00000269299 9606.ENSP00000441828 0 0 0 170 0 0 0 170 
9606.ENSP00000269299 9606.ENSP00000334785 0 0 0 77 169 0 0 200 
9606.ENSP00000269299 9606.ENSP00000373570 0 0 0 118 0 0 132 202 
9606.ENSP00000269299 9606.ENSP00000276651 0 0 0 90 0 0 193 235 
9606.ENSP00000269299 9606.ENSP00000448059 0 0 0 203 0 0 0 203 
9606.ENSP00000269299 9606.ENSP00000294339 0 0 0 0 0 0 190 190 
9606.ENSP00000269299 9606.ENSP00000366827 0 0 0 0 0 0 245 245 
9606.ENSP00000269299 9606.ENSP00000313759 0 0 0 0 0 0 545 545 
9606.ENSP00000269299 9606.ENSP00000243077 0 0 0 92 0 0 198 240 
9606.ENSP00000269299 9606.ENSP00000322730 0 0 0 0 0 0 307 307 
9606.ENSP00000269299 9606.ENSP00000432487 0 0 0 0 0 0 324 324 
9606.ENSP00000269299 9606.ENSP00000232975 0 0 0 0 187 0 0 187 
9606.ENSP00000269299 9606.ENSP00000263666 0 0 0 0 0 0 403 403 
9606.ENSP00000269299 9606.ENSP00000302961 0 0 0 62 64 0 120 159 
9606.ENSP00000269299 9606.ENSP00000312987 0 0 0 87 0 0 422 450 
9606.ENSP00000269299 9606.ENSP00000361935 0 0 0 0 169 0 50 176 
9606.ENSP00000269299 9606.ENSP00000321334 0 0 0 133 0 0 168 247 
9606.ENSP00000269299 9606.ENSP00000399259 0 0 0 0 0 0 229 229 
9606.ENSP00000269299 9606.ENSP00000370377 0 0 0 0 0 0 446 446 
9606.ENSP00000269299 9606.ENSP00000000412 0 0 0 0 0 0 246 246 
9606.ENSP00000269299 9606.ENSP00000384906 0 0 0 62 0 0 149 167 
9606.ENSP00000269299 9606.ENSP00000360129 0 0 0 0 187 0 0 187 
9606.ENSP00000269299 9606.ENSP00000362524 0 0 0 0 156 0 0 156 
9606.ENSP00000269299 9606.ENSP00000363260 0 0 0 231 0 0 0 231 
9606.ENSP00000269299 9606.ENSP00000335153 0 0 0 55 379 0 69 405 
9606.ENSP00000269299 9606.ENSP00000480020 0 0 0 212 0 0 0 212 
9606.ENSP00000269299 9606.ENSP00000298527 0 0 0 0 0 0 627 627 
9606.ENSP00000269299 9606.ENSP00000337915 0 0 0 63 0 0 420 433 
9606.ENSP00000269299 9606.ENSP00000260363 0 0 0 141 63 0 0 160 
9606.ENSP00000269299 9606.ENSP00000417498 0 0 0 62 0 0 590 598 
9606.ENSP00000269299 9606.ENSP00000332706 0 0 0 0 0 0 180 180 
9606.ENSP00000269299 9606.ENSP00000332773 0 0 0 245 0 0 0 245 
9606.ENSP00000269299 9606.ENSP00000366395 0 0 0 0 305 0 0 305 
9606.ENSP00000269299 9606.ENSP00000346768 0 0 0 63 0 0 500 511 
9606.ENSP00000269299 9606.ENSP00000358022 0 0 0 0 0 0 269 269 
9606.ENSP00000269299 9606.ENSP00000265171 0 0 0 0 0 0 209 209 
9606.ENSP00000269299 9606.ENSP00000259915 0 0 0 65 0 0 143 164 
9606.ENSP00000269299 9606.ENSP00000354458 0 0 0 159 0 0 85 197 
9606.ENSP00000269299 9606.ENSP00000479762 0 0 0 0 0 0 170 170 
9606.ENSP00000269299 9606.ENSP00000259396 0 0 0 187 0 0 227 344 
9606.ENSP00000269299 9606.ENSP00000378053 0 0 0 0 0 0 478 478 
9606.ENSP00000269299 9606.ENSP00000386722 0 0 0 0 0 0 535 535 
9606.ENSP00000269299 9606.ENSP00000361894 0 0 0 145 0 0 127 222 
9606.ENSP00000269299 9606.ENSP00000405726 0 0 0 175 0 0 0 175 
9606.ENSP00000269299 9606.ENSP00000406472 0 0 0 95 0 0 272 313 
9606.ENSP00000269299 9606.ENSP00000480609 0 0 0 0 0 0 221 221 
9606.ENSP00000269299 9606.ENSP00000287585 0 0 0 0 0 0 185 185 
9606.ENSP00000269299 9606.ENSP00000342007 0 0 0 0 0 0 326 326 
9606.ENSP00000269299 9606.ENSP00000218099 0 0 0 126 0 0 112 191 
9606.ENSP00000269299 9606.ENSP00000331965 0 0 0 62 0 0 183 201 
9606.ENSP00000269299 9606.ENSP00000401145 0 0 0 116 0 0 335 388 
9606.ENSP00000269299 9606.ENSP00000225823 0 0 0 0 0 0 179 179 
9606.ENSP00000269299 9606.ENSP00000356198 0 0 0 0 0 0 173 173 
9606.ENSP00000269299 9606.ENSP00000362566 0 0 0 0 169 0 0 169 
9606.ENSP00000269299 9606.ENSP00000412237 0 0 0 0 0 0 213 213 
9606.ENSP00000269299 9606.ENSP00000244573 0 0 0 0 0 0 171 171 
9606.ENSP00000269299 9606.ENSP00000329214 0 0 0 0 0 0 254 254 
9606.ENSP00000269299 9606.ENSP00000355925 0 0 0 0 0 0 197 197 
9606.ENSP00000269299 9606.ENSP00000327738 0 0 0 0 0 0 448 448 
9606.ENSP00000269299 9606.ENSP00000250111 0 0 0 0 0 0 711 711 
9606.ENSP00000269299 9606.ENSP00000360899 0 0 0 0 0 0 426 426 
9606.ENSP00000269299 9606.ENSP00000354522 0 0 0 0 0 0 311 311 
9606.ENSP00000269299 9606.ENSP00000385523 0 0 0 64 76 0 133 185 
9606.ENSP00000269299 9606.ENSP00000444788 0 0 0 144 0 0 495 549 
9606.ENSP00000269299 9606.ENSP00000353820 0 0 0 63 0 0 323 338 
9606.ENSP00000269299 9606.ENSP00000347345 0 0 0 59 0 0 197 212 
9606.ENSP00000269299 9606.ENSP00000458977 0 0 0 0 0 0 403 403 
9606.ENSP00000269299 9606.ENSP00000269051 0 0 0 0 187 0 0 187 
9606.ENSP00000269299 9606.ENSP00000446955 0 0 0 0 169 0 0 169 
9606.ENSP00000269299 9606.ENSP00000294288 0 0 0 78 187 0 0 218 
9606.ENSP00000269299 9606.ENSP00000422533 0 0 0 0 0 0 169 169 
9606.ENSP00000269299 9606.ENSP00000362525 0 0 0 63 0 0 258 275 
9606.ENSP00000269299 9606.ENSP00000361557 0 0 0 0 0 0 197 197 
9606.ENSP00000269299 9606.ENSP00000229729 0 0 0 50 0 0 145 153 
9606.ENSP00000269299 9606.ENSP00000363314 0 0 0 158 0 0 65 179 
9606.ENSP00000269299 9606.ENSP00000420040 0 0 0 0 169 0 0 169 
9606.ENSP00000269299 9606.ENSP00000361413 0 0 0 0 156 0 0 156 
9606.ENSP00000269299 9606.ENSP00000362235 0 0 0 0 0 0 265 265 
9606.ENSP00000269299 9606.ENSP00000415769 0 0 0 343 0 0 0 343 
9606.ENSP00000269299 9606.ENSP00000300896 0 0 0 0 169 0 0 169 
9606.ENSP00000269299 9606.ENSP00000369586 0 0 0 311 0 0 63 326 
9606.ENSP00000269299 9606.ENSP00000480884 0 0 0 118 0 0 222 284 
9606.ENSP00000269299 9606.ENSP00000393887 0 0 0 570 0 0 212 647 
9606.ENSP00000269299 9606.ENSP00000373364 0 0 0 0 0 0 167 167 
9606.ENSP00000269299 9606.ENSP00000229332 0 0 0 0 0 0 199 199 
9606.ENSP00000269299 9606.ENSP00000315299 0 0 0 0 187 0 0 187 
9606.ENSP00000269299 9606.ENSP00000264246 0 0 0 61 0 0 143 160 
9606.ENSP00000269299 9606.ENSP00000418663 0 0 0 0 188 0 0 188 
9606.ENSP00000269299 9606.ENSP00000261693 0 0 0 0 0 0 238 238 
9606.ENSP00000269299 9606.ENSP00000387282 0 0 0 0 0 0 157 157 
9606.ENSP00000269299 9606.ENSP00000308925 0 0 0 0 60 0 138 155 
9606.ENSP00000269299 9606.ENSP00000217971 0 0 0 0 0 0 212 212 
9606.ENSP00000269299 9606.ENSP00000363939 0 0 0 0 169 0 0 169 
9606.ENSP00000269299 9606.ENSP00000320347 0 0 0 0 0 0 211 211 
9606.ENSP00000269299 9606.ENSP00000471536 0 0 0 518 0 0 0 518 
9606.ENSP00000269299 9606.ENSP00000336829 0 0 0 263 157 0 0 353 
9606.ENSP00000269299 9606.ENSP00000485582 0 0 0 0 0 0 232 232 
9606.ENSP00000269299 9606.ENSP00000392762 0 0 0 174 0 0 58 188 
9606.ENSP00000269299 9606.ENSP00000306361 0 0 0 249 157 0 0 340 
9606.ENSP00000269299 9606.ENSP00000336888 0 0 0 50 0 0 218 225 
9606.ENSP00000269299 9606.ENSP00000445675 0 0 0 175 0 0 75 204 
9606.ENSP00000269299 9606.ENSP00000368458 0 0 0 171 68 0 0 194 
9606.ENSP00000269299 9606.ENSP00000335024 0 0 0 159 0 0 0 159 
9606.ENSP00000269299 9606.ENSP00000480966 0 0 0 63 0 0 155 174 
9606.ENSP00000269299 9606.ENSP00000301455 0 0 0 0 157 0 49 164 
9606.ENSP00000269299 9606.ENSP00000230361 0 0 0 0 169 0 0 169 
9606.ENSP00000269299 9606.ENSP00000406220 0 0 0 315 0 0 0 315 
9606.ENSP00000269299 9606.ENSP00000378356 0 0 0 150 63 0 0 169 
9606.ENSP00000269299 9606.ENSP00000312082 0 0 0 0 60 0 148 164 
9606.ENSP00000269299 9606.ENSP00000257627 0 0 0 0 187 0 0 187 
9606.ENSP00000269299 9606.ENSP00000343000 0 0 0 0 0 0 167 167 
9606.ENSP00000269299 9606.ENSP00000437621 0 0 0 0 0 0 169 169 
9606.ENSP00000269299 9606.ENSP00000365014 0 0 0 232 0 0 49 238 
9606.ENSP00000269299 9606.ENSP00000216044 0 0 0 0 0 0 269 269 
9606.ENSP00000269299 9606.ENSP00000407685 0 0 0 0 156 0 0 156 
9606.ENSP00000269299 9606.ENSP00000364731 0 0 0 108 0 0 167 225 
9606.ENSP00000269299 9606.ENSP00000303174 0 0 0 63 0 0 468 480 
9606.ENSP00000269299 9606.ENSP00000237014 0 0 0 123 0 0 398 450 
9606.ENSP00000269299 9606.ENSP00000377784 0 0 0 0 169 0 0 169 
9606.ENSP00000269299 9606.ENSP00000361636 0 0 0 0 187 0 113 248 
9606.ENSP00000269299 9606.ENSP00000422753 0 0 0 61 0 0 199 216 
9606.ENSP00000269299 9606.ENSP00000363089 0 0 0 0 60 0 145 161 
9606.ENSP00000269299 9606.ENSP00000368761 0 0 0 0 0 0 167 167 
9606.ENSP00000269299 9606.ENSP00000314897 0 0 0 0 156 0 0 156 
9606.ENSP00000269299 9606.ENSP00000309141 0 0 0 518 0 0 0 518 
9606.ENSP00000269299 9606.ENSP00000289547 0 0 0 0 0 0 153 153 
9606.ENSP00000269299 9606.ENSP00000371347 0 0 0 0 156 0 0 156 
9606.ENSP00000269299 9606.ENSP00000370034 0 0 0 0 60 0 166 182 
9606.ENSP00000269299 9606.ENSP00000280097 0 0 0 0 0 0 196 196 
9606.ENSP00000269299 9606.ENSP00000269228 0 0 0 0 0 0 361 361 
9606.ENSP00000269299 9606.ENSP00000379210 0 0 0 0 169 0 0 169 
9606.ENSP00000269299 9606.ENSP00000397157 0 0 0 61 0 0 330 344 
9606.ENSP00000269299 9606.ENSP00000378957 0 0 0 62 157 0 0 175 
9606.ENSP00000269299 9606.ENSP00000233242 0 0 0 276 0 0 283 459 
9606.ENSP00000269299 9606.ENSP00000359478 0 0 0 230 0 0 131 303 
9606.ENSP00000269299 9606.ENSP00000351884 0 0 0 0 0 0 640 640 
9606.ENSP00000269299 9606.ENSP00000418532 0 0 0 63 0 0 256 273 
9606.ENSP00000269299 9606.ENSP00000348639 0 0 0 482 0 0 0 482 
9606.ENSP00000269299 9606.ENSP00000363134 0 0 0 81 0 0 153 188 
9606.ENSP00000269299 9606.ENSP00000264613 0 0 0 63 0 0 186 204 
9606.ENSP00000269299 9606.ENSP00000261405 0 0 0 0 0 0 578 578 
9606.ENSP00000269299 9606.ENSP00000260970 0 0 0 62 0 0 270 285 
9606.ENSP00000269299 9606.ENSP00000419081 0 0 0 0 187 0 0 187 
9606.ENSP00000269299 9606.ENSP00000313571 0 0 0 0 0 0 292 292 
9606.ENSP00000269299 9606.ENSP00000321853 0 0 0 156 0 0 0 156 
9606.ENSP00000269299 9606.ENSP00000297316 0 0 0 0 0 0 345 345 
9606.ENSP00000269299 9606.ENSP00000341141 0 0 0 64 123 0 125 219 
9606.ENSP00000269299 9606.ENSP00000265431 0 0 0 0 187 0 0 187 
9606.ENSP00000269299 9606.ENSP00000402935 0 0 0 64 0 0 226 244 
9606.ENSP00000269299 9606.ENSP00000233057 0 0 0 0 0 0 163 163 
9606.ENSP00000269299 9606.ENSP00000433560 0 0 0 198 0 0 0 198 
9606.ENSP00000269299 9606.ENSP00000220592 0 0 0 63 0 0 186 204 
9606.ENSP00000269299 9606.ENSP00000381247 0 0 0 0 187 0 0 187 
9606.ENSP00000269299 9606.ENSP00000324960 0 0 0 0 187 0 0 187 
9606.ENSP00000269299 9606.ENSP00000363988 0 0 0 108 0 0 139 199 
9606.ENSP00000269299 9606.ENSP00000323588 0 0 0 88 0 0 130 172 
9606.ENSP00000269299 9606.ENSP00000317310 0 0 0 0 187 0 0 187 
9606.ENSP00000269299 9606.ENSP00000480571 0 0 0 63 0 0 360 375 
9606.ENSP00000269299 9606.ENSP00000477980 0 0 0 0 169 0 0 169 
9606.ENSP00000269299 9606.ENSP00000263735 0 0 0 0 0 0 245 245 
9606.ENSP00000269299 9606.ENSP00000389289 0 0 0 0 0 0 192 192 
9606.ENSP00000269299 9606.ENSP00000428864 0 0 0 63 0 0 641 649 
9606.ENSP00000269299 9606.ENSP00000312250 0 0 0 0 0 0 414 414 
9606.ENSP00000269299 9606.ENSP00000230036 0 0 0 78 0 0 126 159 
9606.ENSP00000269299 9606.ENSP00000354398 0 0 0 64 0 0 194 213 
9606.ENSP00000269299 9606.ENSP00000436047 0 0 0 61 0 0 804 808 
9606.ENSP00000269299 9606.ENSP00000216540 0 0 0 82 77 0 418 464 
9606.ENSP00000269299 9606.ENSP00000263974 0 0 0 0 0 0 163 163 
9606.ENSP00000269299 9606.ENSP00000335306 0 0 0 319 0 0 0 319 
9606.ENSP00000269299 9606.ENSP00000466775 0 0 0 80 0 0 151 186 
9606.ENSP00000269299 9606.ENSP00000369564 0 0 0 0 0 0 178 178 
9606.ENSP00000269299 9606.ENSP00000295050 0 0 0 521 0 0 0 521 
9606.ENSP00000269299 9606.ENSP00000354947 0 0 0 0 0 0 157 157 
9606.ENSP00000269299 9606.ENSP00000265807 0 0 0 0 0 0 246 246 
9606.ENSP00000269299 9606.ENSP00000253109 0 0 0 0 156 0 0 156 
9606.ENSP00000269299 9606.ENSP00000291670 0 0 0 197 0 0 397 495 
9606.ENSP00000269299 9606.ENSP00000361540 0 0 0 161 50 0 0 168 
9606.ENSP00000269299 9606.ENSP00000295225 0 0 0 0 169 0 0 169 
9606.ENSP00000269299 9606.ENSP00000361383 0 0 0 0 187 0 0 187 
9606.ENSP00000269299 9606.ENSP00000306099 0 0 0 208 157 0 102 348 
9606.ENSP00000269299 9606.ENSP00000405812 0 0 0 0 0 0 158 158 
9606.ENSP00000269299 9606.ENSP00000347714 0 0 0 0 0 0 473 473 
9606.ENSP00000269299 9606.ENSP00000472919 0 0 0 0 0 0 161 161 
9606.ENSP00000269299 9606.ENSP00000290341 0 0 0 237 0 0 0 237 
9606.ENSP00000269299 9606.ENSP00000470152 0 0 0 0 0 0 253 253 
9606.ENSP00000269299 9606.ENSP00000222286 0 0 0 129 85 0 50 176 
9606.ENSP00000269299 9606.ENSP00000221466 0 0 0 0 0 0 295 295 
9606.ENSP00000269299 9606.ENSP00000263168 0 0 0 0 0 0 157 157 
9606.ENSP00000269299 9606.ENSP00000319052 0 0 0 0 169 0 0 169 
9606.ENSP00000269299 9606.ENSP00000277865 0 0 0 61 83 0 107 164 
9606.ENSP00000269299 9606.ENSP00000279022 0 0 0 0 169 0 0 169 
9606.ENSP00000269299 9606.ENSP00000450385 0 0 0 0 169 0 0 169 
9606.ENSP00000269299 9606.ENSP00000384957 0 0 0 127 0 0 92 174 
9606.ENSP00000269299 9606.ENSP00000261439 0 0 0 0 0 0 158 158 
9606.ENSP00000269299 9606.ENSP00000264717 0 0 0 150 0 0 0 150 
9606.ENSP00000269299 9606.ENSP00000416066 0 0 0 119 0 0 375 426 
9606.ENSP00000269299 9606.ENSP00000371535 0 0 0 0 0 0 641 641 
9606.ENSP00000269299 9606.ENSP00000357660 0 0 0 0 0 0 204 204 
9606.ENSP00000269299 9606.ENSP00000428259 0 0 0 0 169 0 0 169 
9606.ENSP00000269299 9606.ENSP00000223167 0 0 0 0 169 0 0 169 
9606.ENSP00000269299 9606.ENSP00000358824 0 0 0 0 0 0 270 270 
9606.ENSP00000269299 9606.ENSP00000301019 0 0 0 171 0 0 0 171 
9606.ENSP00000269299 9606.ENSP00000347055 0 0 0 109 169 0 0 227 
9606.ENSP00000269299 9606.ENSP00000266376 0 0 0 61 0 0 163 180 
9606.ENSP00000269299 9606.ENSP00000444052 0 0 0 0 0 0 648 648 
9606.ENSP00000269299 9606.ENSP00000378690 0 0 0 0 187 0 0 187 
9606.ENSP00000269299 9606.ENSP00000351190 0 0 0 234 0 0 0 234 
9606.ENSP00000269299 9606.ENSP00000295834 0 0 0 196 0 0 46 200 
9606.ENSP00000269299 9606.ENSP00000360473 0 0 0 97 0 0 201 247 
9606.ENSP00000269299 9606.ENSP00000445929 0 0 0 272 0 0 41 272 
9606.ENSP00000269299 9606.ENSP00000160262 0 0 0 0 0 0 248 248 
9606.ENSP00000269299 9606.ENSP00000223364 0 0 0 0 169 0 0 169 
9606.ENSP00000269299 9606.ENSP00000383690 0 0 0 85 0 0 111 151 
9606.ENSP00000269299 9606.ENSP00000229239 0 0 0 129 85 0 218 322 
9606.ENSP00000269299 9606.ENSP00000362513 0 0 0 63 0 0 292 308 
9606.ENSP00000269299 9606.ENSP00000373539 0 0 0 64 0 0 191 211 
9606.ENSP00000269299 9606.ENSP00000307280 0 0 0 0 169 0 0 169 
9606.ENSP00000269299 9606.ENSP00000365944 0 0 0 0 305 0 0 305 
9606.ENSP00000269299 9606.ENSP00000451112 0 0 0 0 0 0 163 163 
9606.ENSP00000269299 9606.ENSP00000254900 0 0 0 0 53 0 247 256 
9606.ENSP00000269299 9606.ENSP00000423812 0 0 0 0 60 0 167 183 
9606.ENSP00000269299 9606.ENSP00000445002 0 0 0 243 0 0 57 256 
9606.ENSP00000269299 9606.ENSP00000331745 0 0 0 152 0 0 50 159 
9606.ENSP00000269299 9606.ENSP00000349629 0 0 0 0 0 0 203 203 
9606.ENSP00000269299 9606.ENSP00000384719 0 0 0 0 169 0 66 190 
9606.ENSP00000269299 9606.ENSP00000226444 0 0 0 63 0 0 243 261 
9606.ENSP00000269299 9606.ENSP00000217173 0 0 0 0 0 0 517 517 
9606.ENSP00000269299 9606.ENSP00000377796 0 0 0 84 0 0 205 241 
9606.ENSP00000269299 9606.ENSP00000394546 0 0 0 0 0 0 237 237 
9606.ENSP00000269299 9606.ENSP00000262915 0 0 0 0 0 0 265 265 
9606.ENSP00000269299 9606.ENSP00000169298 0 0 0 78 0 0 311 337 
9606.ENSP00000269299 9606.ENSP00000234310 0 0 0 0 169 0 0 169 
9606.ENSP00000269299 9606.ENSP00000054668 0 0 0 181 0 0 0 181 
9606.ENSP00000269299 9606.ENSP00000335255 0 0 0 0 156 0 0 156 
9606.ENSP00000269299 9606.ENSP00000292408 0 0 0 64 124 0 50 153 
9606.ENSP00000269299 9606.ENSP00000355166 0 0 0 0 60 0 204 219 
9606.ENSP00000269299 9606.ENSP00000428340 0 0 0 0 156 0 0 156 
9606.ENSP00000269299 9606.ENSP00000252486 0 0 0 0 0 0 215 215 
9606.ENSP00000269299 9606.ENSP00000233813 0 0 0 0 237 0 0 237 
9606.ENSP00000269299 9606.ENSP00000258729 0 0 0 155 0 0 0 155 
9606.ENSP00000269299 9606.ENSP00000347213 0 0 0 54 0 0 263 273 
9606.ENSP00000269299 9606.ENSP00000223642 0 0 0 139 0 0 62 158 
9606.ENSP00000269299 9606.ENSP00000217652 0 0 0 0 169 0 0 169 
9606.ENSP00000269299 9606.ENSP00000348888 0 0 0 64 0 0 244 262 
9606.ENSP00000269299 9606.ENSP00000336733 0 0 0 0 0 0 267 267 
9606.ENSP00000269299 9606.ENSP00000260645 0 0 0 179 0 0 0 179 
9606.ENSP00000269299 9606.ENSP00000366015 0 0 0 0 156 0 0 156 
9606.ENSP00000269299 9606.ENSP00000310216 0 0 0 93 0 0 254 294 
9606.ENSP00000269299 9606.ENSP00000275525 0 0 0 339 0 0 0 339 
9606.ENSP00000269299 9606.ENSP00000410964 0 0 0 0 0 0 270 270 
9606.ENSP00000269299 9606.ENSP00000341170 0 0 0 0 188 0 57 201 
9606.ENSP00000269299 9606.ENSP00000477815 0 0 0 0 0 0 222 222 
9606.ENSP00000269299 9606.ENSP00000347140 0 0 0 554 379 900 75 971 
9606.ENSP00000269299 9606.ENSP00000354932 0 0 0 0 60 0 136 153 
9606.ENSP00000269299 9606.ENSP00000427679 0 0 0 185 0 0 0 185 
9606.ENSP00000269299 9606.ENSP00000356671 0 0 0 337 0 0 101 379 
9606.ENSP00000269299 9606.ENSP00000312946 0 0 0 0 0 0 174 174 
9606.ENSP00000269299 9606.ENSP00000349437 0 0 0 0 0 0 228 228 
9606.ENSP00000269299 9606.ENSP00000285737 0 0 0 62 0 0 552 562 
9606.ENSP00000269299 9606.ENSP00000353224 0 0 0 0 0 0 420 420 
9606.ENSP00000269299 9606.ENSP00000350377 0 0 0 0 0 0 305 305 
9606.ENSP00000269299 9606.ENSP00000370886 0 0 0 152 0 0 0 152 
9606.ENSP00000269299 9606.ENSP00000261799 0 0 0 0 124 0 85 164 
9606.ENSP00000269299 9606.ENSP00000364886 0 0 0 0 51 0 206 214 
9606.ENSP00000269299 9606.ENSP00000234816 0 0 0 0 156 0 0 156 
9606.ENSP00000269299 9606.ENSP00000331172 0 0 0 138 0 0 72 166 
9606.ENSP00000269299 9606.ENSP00000369689 0 0 0 0 187 0 0 187 
9606.ENSP00000269299 9606.ENSP00000252590 0 0 0 0 269 0 0 269 
9606.ENSP00000269299 9606.ENSP00000231461 0 0 0 0 0 0 196 196 
9606.ENSP00000269299 9606.ENSP00000294489 0 0 0 0 0 0 469 469 
9606.ENSP00000269299 9606.ENSP00000263321 0 0 0 323 0 0 0 323 
9606.ENSP00000269299 9606.ENSP00000280346 0 0 0 0 0 0 161 161 
9606.ENSP00000269299 9606.ENSP00000383303 0 0 0 197 0 0 0 197 
9606.ENSP00000269299 9606.ENSP00000296280 0 0 0 64 0 0 182 201 
9606.ENSP00000269299 9606.ENSP00000363391 0 0 0 105 99 0 0 159 
9606.ENSP00000269299 9606.ENSP00000381250 0 0 0 145 0 0 97 194 
9606.ENSP00000269299 9606.ENSP00000232892 0 0 0 94 0 0 293 332 
9606.ENSP00000269299 9606.ENSP00000315182 0 0 0 0 0 0 547 547 
9606.ENSP00000269299 9606.ENSP00000332049 0 0 0 0 0 0 249 249 
9606.ENSP00000269299 9606.ENSP00000316228 0 0 0 0 0 0 180 180 
9606.ENSP00000269299 9606.ENSP00000219919 0 0 0 63 0 0 199 218 
9606.ENSP00000269299 9606.ENSP00000222002 0 0 0 152 0 0 0 152 
9606.ENSP00000269299 9606.ENSP00000339824 0 0 0 59 124 0 66 162 
9606.ENSP00000269299 9606.ENSP00000289004 0 0 0 211 0 0 44 214 
9606.ENSP00000269299 9606.ENSP00000263686 0 0 0 0 0 0 167 167 
9606.ENSP00000269299 9606.ENSP00000402608 0 0 0 143 0 0 234 315 
9606.ENSP00000269299 9606.ENSP00000407107 0 0 0 0 0 0 173 173 
9606.ENSP00000269299 9606.ENSP00000236850 0 0 0 349 0 0 127 407 
9606.ENSP00000269299 9606.ENSP00000345295 0 0 0 0 0 0 415 415 
9606.ENSP00000269299 9606.ENSP00000303208 0 0 0 134 0 0 210 286 
9606.ENSP00000269299 9606.ENSP00000455897 0 0 0 71 0 0 164 190 
9606.ENSP00000269299 9606.ENSP00000248598 0 0 0 0 156 0 0 156 
9606.ENSP00000269299 9606.ENSP00000308770 0 0 0 82 0 0 485 507 
9606.ENSP00000269299 9606.ENSP00000201979 0 0 0 0 64 0 132 152 
9606.ENSP00000269299 9606.ENSP00000299022 0 0 0 166 0 0 0 166 
9606.ENSP00000269299 9606.ENSP00000260010 0 0 0 0 60 0 153 169 
9606.ENSP00000269299 9606.ENSP00000376776 0 0 0 134 0 0 99 186 
9606.ENSP00000269299 9606.ENSP00000416002 0 0 0 0 0 0 400 400 
9606.ENSP00000269299 9606.ENSP00000305603 0 0 0 63 0 0 148 167 
9606.ENSP00000269299 9606.ENSP00000380131 0 0 0 0 0 0 155 155 
9606.ENSP00000269299 9606.ENSP00000248553 0 0 0 198 0 0 0 198 
9606.ENSP00000269299 9606.ENSP00000332111 0 0 0 0 187 0 0 187 
9606.ENSP00000269299 9606.ENSP00000258042 0 0 0 0 0 0 477 477 
9606.ENSP00000269299 9606.ENSP00000278222 0 0 0 124 0 0 237 304 
9606.ENSP00000269299 9606.ENSP00000366307 0 0 0 0 0 0 160 160 
9606.ENSP00000269299 9606.ENSP00000462521 0 0 0 141 0 0 57 155 
9606.ENSP00000269299 9606.ENSP00000288207 0 0 0 169 0 0 0 169 
9606.ENSP00000269299 9606.ENSP00000366549 0 0 0 0 0 0 217 217 
9606.ENSP00000269299 9606.ENSP00000263817 0 0 0 144 0 0 226 309 
9606.ENSP00000269299 9606.ENSP00000328547 0 0 0 327 0 0 64 343 
9606.ENSP00000269299 9606.ENSP00000296043 0 0 0 0 0 0 294 294 
9606.ENSP00000269299 9606.ENSP00000265512 0 0 0 174 0 0 0 174 
9606.ENSP00000269299 9606.ENSP00000368135 0 0 0 0 60 0 318 332 
9606.ENSP00000269299 9606.ENSP00000261751 0 0 0 0 0 0 414 414 
9606.ENSP00000269299 9606.ENSP00000253801 0 0 0 124 0 0 145 219 
9606.ENSP00000269299 9606.ENSP00000326267 0 0 0 0 187 0 0 187 
9606.ENSP00000269299 9606.ENSP00000375951 0 0 0 0 0 0 203 203 
9606.ENSP00000269299 9606.ENSP00000286827 0 0 0 0 0 0 155 155 
9606.ENSP00000269299 9606.ENSP00000215727 0 0 0 276 0 0 0 276 
9606.ENSP00000269299 9606.ENSP00000450436 0 0 0 0 0 0 181 181 
9606.ENSP00000269299 9606.ENSP00000446485 0 0 0 222 0 0 0 222 
9606.ENSP00000269299 9606.ENSP00000345672 0 0 0 0 0 0 308 308 
9606.ENSP00000269299 9606.ENSP00000270879 0 0 0 0 156 0 0 156 
9606.ENSP00000269299 9606.ENSP00000355480 0 0 0 0 187 0 0 187 
9606.ENSP00000269299 9606.ENSP00000380378 0 0 0 0 0 0 226 226 
9606.ENSP00000269299 9606.ENSP00000293255 0 0 0 0 187 0 0 187 
9606.ENSP00000269299 9606.ENSP00000304643 0 0 0 0 187 0 0 187 
9606.ENSP00000269299 9606.ENSP00000447942 0 0 0 0 0 0 311 311 
9606.ENSP00000269299 9606.ENSP00000386378 0 0 0 64 0 0 157 177 
9606.ENSP00000269299 9606.ENSP00000290354 0 0 0 0 0 0 157 157 
9606.ENSP00000269299 9606.ENSP00000273859 0 0 0 0 0 0 442 442 
9606.ENSP00000269299 9606.ENSP00000440689 0 0 0 77 0 0 205 234 
9606.ENSP00000269299 9606.ENSP00000264218 0 0 0 102 0 0 244 292 
9606.ENSP00000269299 9606.ENSP00000288861 0 0 0 0 169 0 0 169 
9606.ENSP00000269299 9606.ENSP00000321656 0 0 0 166 0 0 0 166 
9606.ENSP00000269299 9606.ENSP00000348074 0 0 0 0 0 0 162 162 
9606.ENSP00000269299 9606.ENSP00000258428 0 0 0 0 0 0 345 345 
9606.ENSP00000269299 9606.ENSP00000314420 0 0 0 0 0 0 243 243 
9606.ENSP00000269299 9606.ENSP00000263125 0 0 0 0 0 0 349 349 
9606.ENSP00000269299 9606.ENSP00000334458 0 0 0 61 80 0 174 225 
9606.ENSP00000269299 9606.ENSP00000426548 0 0 0 0 0 0 207 207 
9606.ENSP00000269299 9606.ENSP00000301178 0 0 0 0 63 0 184 202 
9606.ENSP00000269299 9606.ENSP00000298124 0 0 0 0 60 0 168 184 
9606.ENSP00000269299 9606.ENSP00000382071 0 0 0 0 0 0 440 440 
9606.ENSP00000269299 9606.ENSP00000263645 0 0 0 0 0 0 159 159 
9606.ENSP00000269299 9606.ENSP00000385675 0 0 0 0 0 0 210 210 
9606.ENSP00000269299 9606.ENSP00000347206 0 0 0 204 0 0 0 204 
9606.ENSP00000269299 9606.ENSP00000439120 0 0 0 152 0 0 0 152 
9606.ENSP00000269299 9606.ENSP00000350336 0 0 0 319 0 0 0 319 
9606.ENSP00000269299 9606.ENSP00000181383 0 0 0 245 0 0 0 245 
9606.ENSP00000269299 9606.ENSP00000367081 0 0 0 171 0 0 0 171 
9606.ENSP00000269299 9606.ENSP00000411355 0 0 0 62 0 0 149 167 
9606.ENSP00000269299 9606.ENSP00000323587 0 0 0 61 0 0 163 180 
9606.ENSP00000269299 9606.ENSP00000407193 0 0 0 0 0 0 258 258 
9606.ENSP00000269299 9606.ENSP00000315477 0 0 0 0 0 0 194 194 
9606.ENSP00000269299 9606.ENSP00000227667 0 0 0 363 0 0 251 503 
9606.ENSP00000269299 9606.ENSP00000309117 0 0 0 0 0 0 194 194 
9606.ENSP00000269299 9606.ENSP00000326407 0 0 0 0 0 0 539 539 
9606.ENSP00000269299 9606.ENSP00000402758 0 0 0 165 0 0 65 185 
9606.ENSP00000269299 9606.ENSP00000349467 0 0 0 0 187 0 0 187 
9606.ENSP00000269299 9606.ENSP00000481096 0 0 0 0 0 0 150 150 
9606.ENSP00000269299 9606.ENSP00000217086 0 0 0 152 0 0 0 152 
9606.ENSP00000269299 9606.ENSP00000363079 0 0 0 193 0 0 61 210 
9606.ENSP00000269299 9606.ENSP00000368808 0 0 0 0 0 0 168 168 
9606.ENSP00000269299 9606.ENSP00000369553 0 0 0 0 0 0 286 286 
9606.ENSP00000269299 9606.ENSP00000256999 0 0 0 0 0 0 266 266 
9606.ENSP00000269299 9606.ENSP00000325776 0 0 0 0 0 0 259 259 
9606.ENSP00000269299 9606.ENSP00000256010 0 0 0 283 0 0 57 294 
9606.ENSP00000269299 9606.ENSP00000280527 0 0 0 0 0 0 173 173 
9606.ENSP00000269299 9606.ENSP00000262460 0 0 0 227 0 0 77 256 
9606.ENSP00000269299 9606.ENSP00000365210 0 0 0 177 0 0 0 177 
9606.ENSP00000269299 9606.ENSP00000417583 0 0 0 0 0 0 244 244 
9606.ENSP00000269299 9606.ENSP00000379901 0 0 0 0 0 0 156 156 
9606.ENSP00000269299 9606.ENSP00000357129 0 0 0 214 0 0 0 214 
9606.ENSP00000269299 9606.ENSP00000385080 0 0 0 66 0 0 167 188 
9606.ENSP00000269299 9606.ENSP00000367013 0 0 0 0 0 0 195 195 
9606.ENSP00000269299 9606.ENSP00000379353 0 0 0 0 0 0 224 224 
9606.ENSP00000269299 9606.ENSP00000394863 0 0 0 0 0 0 173 173 
9606.ENSP00000269299 9606.ENSP00000276461 0 0 0 0 0 0 176 176 
9606.ENSP00000269299 9606.ENSP00000362549 0 0 0 63 0 0 467 479 
9606.ENSP00000269299 9606.ENSP00000267082 0 0 0 334 0 0 0 334 
9606.ENSP00000269299 9606.ENSP00000362339 0 0 0 0 72 0 213 238 
9606.ENSP00000269299 9606.ENSP00000361965 0 0 0 212 0 0 0 212 
9606.ENSP00000269299 9606.ENSP00000362508 0 0 0 63 0 0 254 271 
9606.ENSP00000269299 9606.ENSP00000325239 0 0 0 0 169 0 0 169 
9606.ENSP00000269299 9606.ENSP00000357152 0 0 0 0 0 0 244 244 
9606.ENSP00000269299 9606.ENSP00000360170 0 0 0 82 157 0 123 262 
9606.ENSP00000269299 9606.ENSP00000329757 0 0 0 0 0 0 641 641 
9606.ENSP00000269299 9606.ENSP00000359892 0 0 0 50 0 0 239 246 
9606.ENSP00000269299 9606.ENSP00000263798 0 0 0 0 63 0 185 204 
9606.ENSP00000269299 9606.ENSP00000333298 0 0 0 63 80 0 205 254 
9606.ENSP00000269299 9606.ENSP00000369820 0 0 0 61 0 0 243 258 
9606.ENSP00000269299 9606.ENSP00000348234 0 0 0 108 0 0 250 302 
9606.ENSP00000269299 9606.ENSP00000348170 0 0 0 159 0 0 81 194 
9606.ENSP00000269299 9606.ENSP00000419945 0 0 0 0 0 0 161 161 
9606.ENSP00000269299 9606.ENSP00000291295 0 0 0 0 187 0 0 187 
9606.ENSP00000269299 9606.ENSP00000262103 0 0 0 0 169 0 0 169 
9606.ENSP00000269299 9606.ENSP00000357150 0 0 0 77 0 0 138 170 
9606.ENSP00000269299 9606.ENSP00000304782 0 0 0 0 0 0 547 547 
9606.ENSP00000269299 9606.ENSP00000304004 0 0 0 64 0 0 231 249 
9606.ENSP00000269299 9606.ENSP00000373487 0 0 0 96 0 0 309 348 
9606.ENSP00000269299 9606.ENSP00000400341 0 0 0 63 0 0 297 313 
9606.ENSP00000269299 9606.ENSP00000222219 0 0 0 61 0 0 176 193 
9606.ENSP00000269299 9606.ENSP00000343838 0 0 0 63 0 0 258 275 
9606.ENSP00000269299 9606.ENSP00000321386 0 0 0 0 0 0 222 222 
9606.ENSP00000269299 9606.ENSP00000245957 0 0 0 0 0 0 426 426 
9606.ENSP00000269299 9606.ENSP00000369554 0 0 0 0 0 0 170 170 
9606.ENSP00000269299 9606.ENSP00000273857 0 0 0 0 66 0 174 195 
9606.ENSP00000269299 9606.ENSP00000386443 0 0 0 0 0 0 150 150 
9606.ENSP00000269299 9606.ENSP00000369411 0 0 0 159 0 0 0 159 
9606.ENSP00000269299 9606.ENSP00000335632 0 0 0 0 169 0 0 169 
9606.ENSP00000269299 9606.ENSP00000346839 0 0 0 60 0 0 238 253 
9606.ENSP00000269299 9606.ENSP00000334186 0 0 0 201 57 0 43 215 
9606.ENSP00000269299 9606.ENSP00000410481 0 0 0 0 185 0 0 185 
9606.ENSP00000269299 9606.ENSP00000242104 0 0 0 0 187 0 0 187 
9606.ENSP00000269299 9606.ENSP00000408411 0 0 0 63 80 0 108 163 
9606.ENSP00000269299 9606.ENSP00000255499 0 0 0 0 0 0 195 195 
9606.ENSP00000269299 9606.ENSP00000264896 0 0 0 0 0 0 177 177 
9606.ENSP00000269299 9606.ENSP00000380365 0 0 0 147 0 0 45 150 
