9606.ENSP00000317177 9606.ENSP00000294053 134 0 0 62 0 0 127 228 
9606.ENSP00000317177 9606.ENSP00000288532 0 0 0 0 0 0 201 201 
9606.ENSP00000317177 9606.ENSP00000285071 0 0 0 0 0 0 211 211 
9606.ENSP00000317177 9606.ENSP00000469998 0 0 0 0 53 0 181 191 
9606.ENSP00000317177 9606.ENSP00000232564 0 0 0 0 164 0 50 171 
9606.ENSP00000317177 9606.ENSP00000301466 0 0 0 84 62 0 138 194 
9606.ENSP00000317177 9606.ENSP00000371253 341 0 0 0 0 0 176 433 
9606.ENSP00000317177 9606.ENSP00000284116 68 0 0 64 0 0 122 167 
9606.ENSP00000317177 9606.ENSP00000368455 0 0 0 61 132 0 57 164 
9606.ENSP00000317177 9606.ENSP00000233596 0 0 0 0 0 0 328 328 
9606.ENSP00000317177 9606.ENSP00000362576 223 0 0 0 0 0 58 236 
9606.ENSP00000317177 9606.ENSP00000445806 0 0 0 50 78 0 250 286 
9606.ENSP00000317177 9606.ENSP00000245206 74 0 0 0 0 0 135 164 
9606.ENSP00000317177 9606.ENSP00000325296 0 0 0 0 0 0 198 198 
9606.ENSP00000317177 9606.ENSP00000342056 0 0 0 0 0 0 171 171 
9606.ENSP00000317177 9606.ENSP00000366275 68 0 0 0 0 0 127 151 
9606.ENSP00000317177 9606.ENSP00000254928 151 0 0 66 0 0 0 173 
9606.ENSP00000317177 9606.ENSP00000350052 0 0 0 0 105 0 101 161 
9606.ENSP00000317177 9606.ENSP00000314792 0 0 0 49 60 0 276 296 
9606.ENSP00000317177 9606.ENSP00000387246 0 0 0 49 172 0 50 186 
9606.ENSP00000317177 9606.ENSP00000334051 0 0 0 0 157 0 85 195 
9606.ENSP00000317177 9606.ENSP00000351740 0 0 0 0 0 0 159 159 
9606.ENSP00000317177 9606.ENSP00000216214 0 0 0 0 0 0 422 422 
9606.ENSP00000317177 9606.ENSP00000314348 0 0 0 62 0 0 132 151 
9606.ENSP00000317177 9606.ENSP00000368818 0 0 0 0 0 0 213 213 
9606.ENSP00000317177 9606.ENSP00000380352 0 0 0 62 0 0 283 299 
9606.ENSP00000317177 9606.ENSP00000308578 0 0 0 0 53 0 147 157 
9606.ENSP00000317177 9606.ENSP00000351524 60 0 0 62 0 0 181 214 
9606.ENSP00000317177 9606.ENSP00000307786 0 0 0 0 0 0 192 192 
9606.ENSP00000317177 9606.ENSP00000242576 57 0 0 63 0 0 141 174 
9606.ENSP00000317177 9606.ENSP00000355964 48 0 0 53 98 0 99 169 
9606.ENSP00000317177 9606.ENSP00000215659 0 0 0 0 157 0 87 197 
9606.ENSP00000317177 9606.ENSP00000359729 0 0 0 51 141 0 75 180 
9606.ENSP00000317177 9606.ENSP00000484645 0 0 0 63 0 0 143 163 
9606.ENSP00000317177 9606.ENSP00000377768 77 0 0 61 0 0 101 152 
9606.ENSP00000317177 9606.ENSP00000325958 0 0 0 63 0 0 283 300 
9606.ENSP00000317177 9606.ENSP00000371586 0 0 0 55 64 0 222 251 
9606.ENSP00000317177 9606.ENSP00000419879 0 0 0 63 0 0 173 191 
9606.ENSP00000317177 9606.ENSP00000263857 0 0 0 0 79 0 127 161 
9606.ENSP00000317177 9606.ENSP00000351138 0 0 0 0 190 0 223 343 
9606.ENSP00000317177 9606.ENSP00000321498 0 0 0 0 0 0 267 267 
9606.ENSP00000317177 9606.ENSP00000327675 0 0 0 0 0 0 311 311 
9606.ENSP00000317177 9606.ENSP00000458075 0 0 0 61 107 0 68 150 
9606.ENSP00000317177 9606.ENSP00000315118 68 0 0 0 0 0 184 207 
9606.ENSP00000317177 9606.ENSP00000414019 68 0 0 64 0 0 122 167 
9606.ENSP00000317177 9606.ENSP00000417401 233 0 0 88 84 0 181 405 
9606.ENSP00000317177 9606.ENSP00000361990 0 0 0 63 0 0 295 311 
9606.ENSP00000317177 9606.ENSP00000219789 111 0 0 77 50 0 173 269 
9606.ENSP00000317177 9606.ENSP00000246337 73 0 0 79 0 0 128 190 
9606.ENSP00000317177 9606.ENSP00000295897 0 0 0 0 0 0 256 256 
9606.ENSP00000317177 9606.ENSP00000366475 0 0 0 74 129 0 0 158 
9606.ENSP00000317177 9606.ENSP00000226355 0 0 0 0 0 0 199 199 
9606.ENSP00000317177 9606.ENSP00000380184 48 0 0 53 98 0 147 214 
9606.ENSP00000317177 9606.ENSP00000260191 0 0 0 0 156 0 0 156 
9606.ENSP00000317177 9606.ENSP00000300107 155 0 0 0 0 0 108 214 
9606.ENSP00000317177 9606.ENSP00000415178 0 0 0 0 129 0 87 170 
9606.ENSP00000317177 9606.ENSP00000379475 0 0 0 62 0 0 367 380 
9606.ENSP00000317177 9606.ENSP00000416534 0 0 0 61 0 0 173 190 
9606.ENSP00000317177 9606.ENSP00000415579 0 0 0 0 53 0 202 212 
9606.ENSP00000317177 9606.ENSP00000351813 0 0 0 0 0 0 191 191 
9606.ENSP00000317177 9606.ENSP00000312286 0 0 0 0 0 0 436 436 
9606.ENSP00000317177 9606.ENSP00000343867 127 0 0 0 0 0 129 207 
9606.ENSP00000317177 9606.ENSP00000337691 0 0 0 0 157 0 87 197 
9606.ENSP00000317177 9606.ENSP00000298910 136 0 0 62 84 0 129 266 
9606.ENSP00000317177 9606.ENSP00000306752 0 0 0 61 107 0 68 150 
9606.ENSP00000317177 9606.ENSP00000346762 0 0 0 62 0 0 192 209 
9606.ENSP00000317177 9606.ENSP00000234453 0 0 0 0 0 0 186 186 
9606.ENSP00000317177 9606.ENSP00000409666 0 0 0 61 0 0 141 158 
9606.ENSP00000317177 9606.ENSP00000286548 0 0 0 0 157 0 85 195 
9606.ENSP00000317177 9606.ENSP00000260264 0 0 0 0 0 0 211 211 
9606.ENSP00000317177 9606.ENSP00000365174 0 0 0 61 132 0 57 164 
9606.ENSP00000317177 9606.ENSP00000305260 0 0 0 0 164 0 50 171 
9606.ENSP00000317177 9606.ENSP00000401470 0 0 0 62 186 0 0 203 
9606.ENSP00000317177 9606.ENSP00000373715 0 0 0 61 132 0 57 164 
9606.ENSP00000317177 9606.ENSP00000302100 0 0 0 0 0 0 210 210 
9606.ENSP00000317177 9606.ENSP00000360913 0 0 0 0 0 0 186 186 
9606.ENSP00000317177 9606.ENSP00000376372 0 0 0 0 0 0 716 716 
9606.ENSP00000317177 9606.ENSP00000370718 167 0 0 63 0 0 0 186 
9606.ENSP00000317177 9606.ENSP00000379326 0 0 0 0 0 0 198 198 
9606.ENSP00000317177 9606.ENSP00000265970 0 0 0 61 107 0 68 150 
9606.ENSP00000317177 9606.ENSP00000347754 0 0 0 0 156 0 0 156 
9606.ENSP00000317177 9606.ENSP00000334854 0 0 0 0 156 0 0 156 
9606.ENSP00000317177 9606.ENSP00000302843 0 0 0 0 0 0 408 408 
9606.ENSP00000317177 9606.ENSP00000346065 0 0 0 62 0 0 337 351 
9606.ENSP00000317177 9606.ENSP00000361170 155 0 0 63 0 0 0 174 
9606.ENSP00000317177 9606.ENSP00000322218 0 0 0 0 109 0 89 153 
9606.ENSP00000317177 9606.ENSP00000387303 0 0 0 64 53 0 649 662 
9606.ENSP00000317177 9606.ENSP00000281543 166 0 0 66 0 0 261 374 
9606.ENSP00000317177 9606.ENSP00000434516 242 0 0 50 0 0 103 297 
9606.ENSP00000317177 9606.ENSP00000360398 0 0 0 61 0 0 188 204 
9606.ENSP00000317177 9606.ENSP00000380432 0 0 0 0 0 0 241 241 
9606.ENSP00000317177 9606.ENSP00000403042 0 0 0 0 0 0 150 150 
9606.ENSP00000317177 9606.ENSP00000419628 0 0 0 61 132 0 223 311 
9606.ENSP00000317177 9606.ENSP00000211287 0 0 0 0 157 0 87 197 
9606.ENSP00000317177 9606.ENSP00000396045 0 0 0 0 0 0 154 154 
9606.ENSP00000317177 9606.ENSP00000370744 0 0 0 62 0 0 131 150 
9606.ENSP00000317177 9606.ENSP00000359285 0 0 0 0 156 0 0 156 
9606.ENSP00000317177 9606.ENSP00000356846 0 0 0 62 0 0 746 751 
9606.ENSP00000317177 9606.ENSP00000369860 0 0 0 0 169 0 105 224 
9606.ENSP00000317177 9606.ENSP00000368523 0 0 0 0 0 0 273 273 
9606.ENSP00000317177 9606.ENSP00000357812 0 0 0 0 0 0 502 502 
9606.ENSP00000317177 9606.ENSP00000341189 0 0 0 0 151 0 50 158 
9606.ENSP00000317177 9606.ENSP00000289153 0 0 0 61 107 0 68 150 
9606.ENSP00000317177 9606.ENSP00000391101 0 0 0 0 0 0 315 315 
9606.ENSP00000317177 9606.ENSP00000264167 52 0 0 0 131 0 83 178 
9606.ENSP00000317177 9606.ENSP00000353010 0 0 0 74 129 0 0 158 
9606.ENSP00000317177 9606.ENSP00000395204 48 0 0 53 98 0 99 169 
9606.ENSP00000317177 9606.ENSP00000209728 111 0 0 88 0 0 0 154 
9606.ENSP00000317177 9606.ENSP00000262030 43 0 0 62 0 0 130 151 
9606.ENSP00000317177 9606.ENSP00000329117 0 0 0 0 0 0 244 244 
9606.ENSP00000317177 9606.ENSP00000263967 0 0 0 61 107 0 68 150 
9606.ENSP00000317177 9606.ENSP00000357461 0 0 0 0 156 0 0 156 
9606.ENSP00000317177 9606.ENSP00000265689 70 0 0 0 157 0 124 253 
9606.ENSP00000317177 9606.ENSP00000252037 0 0 0 63 0 0 378 392 
9606.ENSP00000317177 9606.ENSP00000251170 0 0 0 0 129 0 79 163 
9606.ENSP00000317177 9606.ENSP00000422185 0 0 0 0 0 0 155 155 
9606.ENSP00000317177 9606.ENSP00000356567 0 0 0 62 160 0 83 214 
9606.ENSP00000317177 9606.ENSP00000305449 68 0 0 0 0 0 127 151 
9606.ENSP00000317177 9606.ENSP00000367453 0 0 0 62 160 0 83 214 
9606.ENSP00000317177 9606.ENSP00000250699 0 0 0 0 156 0 0 156 
9606.ENSP00000317177 9606.ENSP00000338165 0 0 0 0 0 0 560 560 
9606.ENSP00000317177 9606.ENSP00000232461 0 0 0 0 157 0 85 195 
9606.ENSP00000317177 9606.ENSP00000370201 0 0 0 0 156 0 0 156 
9606.ENSP00000317177 9606.ENSP00000273371 0 0 0 0 0 0 165 165 
9606.ENSP00000317177 9606.ENSP00000343144 0 0 0 0 0 0 189 189 
9606.ENSP00000317177 9606.ENSP00000356953 117 0 0 0 0 0 173 238 
9606.ENSP00000317177 9606.ENSP00000254998 0 0 0 63 0 0 195 214 
9606.ENSP00000317177 9606.ENSP00000402515 0 0 0 61 107 0 68 150 
9606.ENSP00000317177 9606.ENSP00000337862 0 0 0 0 0 0 241 241 
9606.ENSP00000317177 9606.ENSP00000351706 0 0 0 62 0 0 617 625 
9606.ENSP00000317177 9606.ENSP00000373399 0 0 0 63 86 0 99 160 
9606.ENSP00000317177 9606.ENSP00000368100 155 0 0 62 0 0 0 173 
9606.ENSP00000317177 9606.ENSP00000460885 0 0 0 0 0 0 203 203 
9606.ENSP00000317177 9606.ENSP00000399797 60 0 0 62 0 0 316 344 
9606.ENSP00000317177 9606.ENSP00000376007 0 0 0 61 0 0 337 351 
9606.ENSP00000317177 9606.ENSP00000357869 0 0 0 61 107 0 68 150 
9606.ENSP00000317177 9606.ENSP00000249647 0 0 0 61 157 0 91 217 
9606.ENSP00000317177 9606.ENSP00000359049 0 0 0 61 0 0 656 663 
9606.ENSP00000317177 9606.ENSP00000320815 68 0 0 64 0 0 122 167 
9606.ENSP00000317177 9606.ENSP00000361995 0 0 0 0 129 0 79 163 
9606.ENSP00000317177 9606.ENSP00000378326 0 0 0 0 0 0 151 151 
9606.ENSP00000317177 9606.ENSP00000241052 0 0 0 55 0 0 225 236 
9606.ENSP00000317177 9606.ENSP00000334611 0 0 0 0 0 0 250 250 
9606.ENSP00000317177 9606.ENSP00000288022 161 0 0 0 0 0 98 210 
9606.ENSP00000317177 9606.ENSP00000310551 48 0 0 53 98 0 338 390 
9606.ENSP00000317177 9606.ENSP00000379568 0 0 0 62 160 0 83 214 
9606.ENSP00000317177 9606.ENSP00000358867 0 0 0 0 157 0 85 195 
9606.ENSP00000317177 9606.ENSP00000235329 0 0 0 0 0 0 192 192 
9606.ENSP00000317177 9606.ENSP00000360316 52 0 0 0 131 0 83 178 
9606.ENSP00000317177 9606.ENSP00000229795 0 0 0 0 157 0 87 197 
9606.ENSP00000317177 9606.ENSP00000369335 150 0 0 0 0 0 49 157 
9606.ENSP00000317177 9606.ENSP00000406050 0 0 0 0 156 0 0 156 
9606.ENSP00000317177 9606.ENSP00000314036 48 0 0 53 98 0 99 169 
9606.ENSP00000317177 9606.ENSP00000360660 0 0 0 0 0 0 171 171 
9606.ENSP00000317177 9606.ENSP00000374145 0 0 0 0 156 0 0 156 
9606.ENSP00000317177 9606.ENSP00000350012 0 0 0 0 0 0 154 154 
9606.ENSP00000317177 9606.ENSP00000417710 0 0 0 0 0 0 201 201 
9606.ENSP00000317177 9606.ENSP00000347602 0 0 0 62 0 0 397 411 
9606.ENSP00000317177 9606.ENSP00000263054 0 0 0 0 0 0 238 238 
9606.ENSP00000317177 9606.ENSP00000424838 0 0 0 61 0 0 418 430 
9606.ENSP00000317177 9606.ENSP00000380442 0 0 0 0 0 0 154 154 
9606.ENSP00000317177 9606.ENSP00000446743 0 0 0 0 0 0 171 171 
9606.ENSP00000317177 9606.ENSP00000358554 0 0 0 0 290 0 0 290 
9606.ENSP00000317177 9606.ENSP00000377250 0 0 0 64 84 0 127 186 
9606.ENSP00000317177 9606.ENSP00000358921 0 0 0 0 105 0 93 153 
9606.ENSP00000317177 9606.ENSP00000335306 0 0 0 0 0 0 221 221 
9606.ENSP00000317177 9606.ENSP00000356155 0 0 0 61 107 0 68 150 
9606.ENSP00000317177 9606.ENSP00000326604 0 0 0 61 0 0 146 163 
9606.ENSP00000317177 9606.ENSP00000242776 0 0 0 62 0 0 173 191 
9606.ENSP00000317177 9606.ENSP00000260116 0 0 0 0 129 0 79 163 
9606.ENSP00000317177 9606.ENSP00000261596 0 0 0 0 109 0 89 153 
9606.ENSP00000317177 9606.ENSP00000314441 0 0 0 88 124 0 73 194 
9606.ENSP00000317177 9606.ENSP00000261407 0 0 0 0 0 0 203 203 
9606.ENSP00000317177 9606.ENSP00000390431 0 0 0 0 0 0 171 171 
9606.ENSP00000317177 9606.ENSP00000215812 0 0 0 0 129 0 79 163 
9606.ENSP00000317177 9606.ENSP00000270172 0 0 0 0 0 0 196 196 
9606.ENSP00000317177 9606.ENSP00000266987 0 0 0 0 0 0 225 225 
9606.ENSP00000317177 9606.ENSP00000389399 44 0 0 63 0 0 173 194 
9606.ENSP00000317177 9606.ENSP00000266517 70 0 0 0 157 0 134 262 
9606.ENSP00000317177 9606.ENSP00000265382 0 0 0 63 86 0 99 160 
9606.ENSP00000317177 9606.ENSP00000254193 0 0 0 62 0 0 171 189 
9606.ENSP00000317177 9606.ENSP00000369291 0 0 0 62 0 0 377 391 
9606.ENSP00000317177 9606.ENSP00000347444 0 0 0 62 0 0 189 207 
9606.ENSP00000317177 9606.ENSP00000306253 0 0 0 62 0 0 131 150 
9606.ENSP00000317177 9606.ENSP00000359939 0 0 0 63 0 0 148 167 
9606.ENSP00000317177 9606.ENSP00000397133 77 0 0 0 0 0 132 164 
9606.ENSP00000317177 9606.ENSP00000360141 0 0 0 0 157 0 85 195 
9606.ENSP00000317177 9606.ENSP00000362354 0 0 0 0 109 0 89 153 
9606.ENSP00000317177 9606.ENSP00000478755 0 0 0 0 129 0 79 163 
9606.ENSP00000317177 9606.ENSP00000338157 0 0 0 0 53 0 277 286 
9606.ENSP00000317177 9606.ENSP00000380251 0 0 0 61 132 0 57 164 
9606.ENSP00000317177 9606.ENSP00000317300 48 0 0 53 98 0 99 169 
9606.ENSP00000317177 9606.ENSP00000338352 0 0 0 61 132 0 57 164 
9606.ENSP00000317177 9606.ENSP00000327557 75 0 0 48 0 0 118 155 
9606.ENSP00000317177 9606.ENSP00000295887 0 0 0 63 0 0 173 191 
9606.ENSP00000317177 9606.ENSP00000321266 0 0 0 0 109 0 89 153 
9606.ENSP00000317177 9606.ENSP00000358417 44 0 0 0 157 0 0 159 
9606.ENSP00000317177 9606.ENSP00000301149 111 0 0 61 0 0 154 232 
9606.ENSP00000317177 9606.ENSP00000317614 0 0 0 0 53 0 169 179 
9606.ENSP00000317177 9606.ENSP00000371886 43 0 0 0 50 0 332 339 
9606.ENSP00000317177 9606.ENSP00000304802 83 0 0 64 0 0 91 151 
9606.ENSP00000317177 9606.ENSP00000330393 0 0 0 0 0 0 243 243 
9606.ENSP00000317177 9606.ENSP00000372005 0 0 0 0 0 0 179 179 
9606.ENSP00000317177 9606.ENSP00000365160 0 0 0 61 132 0 57 164 
9606.ENSP00000317177 9606.ENSP00000362306 0 0 0 61 0 0 279 294 
9606.ENSP00000317177 9606.ENSP00000407112 50 0 0 0 0 0 155 162 
9606.ENSP00000317177 9606.ENSP00000264932 159 0 0 0 0 0 0 159 
9606.ENSP00000317177 9606.ENSP00000403683 0 0 0 0 0 0 188 188 
9606.ENSP00000317177 9606.ENSP00000415056 0 0 0 61 0 0 174 191 
9606.ENSP00000317177 9606.ENSP00000351075 0 0 0 0 0 0 201 201 
9606.ENSP00000317177 9606.ENSP00000438547 0 0 0 0 0 0 198 198 
9606.ENSP00000317177 9606.ENSP00000341992 0 0 0 0 0 0 313 313 
9606.ENSP00000317177 9606.ENSP00000321348 0 0 0 61 0 0 273 288 
9606.ENSP00000317177 9606.ENSP00000216264 42 0 0 62 0 0 211 229 
9606.ENSP00000317177 9606.ENSP00000262999 0 0 0 61 0 0 147 165 
9606.ENSP00000317177 9606.ENSP00000275162 0 0 0 0 129 0 79 163 
9606.ENSP00000317177 9606.ENSP00000332454 79 0 0 61 98 0 86 191 
9606.ENSP00000317177 9606.ENSP00000446485 0 0 0 62 0 0 252 269 
9606.ENSP00000317177 9606.ENSP00000268057 0 0 0 62 0 0 214 231 
9606.ENSP00000317177 9606.ENSP00000247986 0 0 0 61 0 0 170 187 
9606.ENSP00000317177 9606.ENSP00000263985 164 0 0 63 0 0 0 183 
9606.ENSP00000317177 9606.ENSP00000355566 0 0 0 62 182 0 63 219 
9606.ENSP00000317177 9606.ENSP00000356530 79 0 0 0 98 0 86 174 
9606.ENSP00000317177 9606.ENSP00000360761 48 0 0 53 98 0 99 169 
9606.ENSP00000317177 9606.ENSP00000386597 159 0 0 0 0 0 136 242 
9606.ENSP00000317177 9606.ENSP00000251020 0 0 0 0 0 0 174 174 
9606.ENSP00000317177 9606.ENSP00000225688 0 0 0 0 77 0 130 163 
9606.ENSP00000317177 9606.ENSP00000357177 0 0 0 61 73 0 116 164 
9606.ENSP00000317177 9606.ENSP00000245255 0 0 0 61 183 0 716 763 
9606.ENSP00000317177 9606.ENSP00000353032 0 0 0 0 187 0 50 194 
9606.ENSP00000317177 9606.ENSP00000458770 88 0 0 0 304 0 221 462 
9606.ENSP00000317177 9606.ENSP00000295190 0 0 0 0 0 0 194 194 
9606.ENSP00000317177 9606.ENSP00000362457 0 0 0 64 283 0 0 300 
9606.ENSP00000317177 9606.ENSP00000299001 0 0 0 61 183 0 720 767 
9606.ENSP00000317177 9606.ENSP00000379057 0 0 0 0 0 0 311 311 
9606.ENSP00000317177 9606.ENSP00000362268 0 0 0 0 0 0 511 511 
9606.ENSP00000317177 9606.ENSP00000262134 48 0 0 53 98 0 99 169 
9606.ENSP00000317177 9606.ENSP00000302037 0 0 0 0 0 0 263 263 
9606.ENSP00000317177 9606.ENSP00000216085 0 0 0 0 0 0 498 498 
9606.ENSP00000317177 9606.ENSP00000303147 72 0 0 0 0 0 141 168 
9606.ENSP00000317177 9606.ENSP00000255324 0 0 0 62 0 0 389 403 
9606.ENSP00000317177 9606.ENSP00000302111 161 0 0 0 0 0 0 161 
9606.ENSP00000317177 9606.ENSP00000466363 0 0 0 63 86 0 99 160 
9606.ENSP00000317177 9606.ENSP00000419298 0 0 0 0 0 0 207 207 
9606.ENSP00000317177 9606.ENSP00000223136 0 0 0 0 0 0 167 167 
9606.ENSP00000317177 9606.ENSP00000413908 70 0 0 61 157 0 109 256 
9606.ENSP00000317177 9606.ENSP00000372804 0 0 0 0 0 0 204 204 
9606.ENSP00000317177 9606.ENSP00000215832 0 0 0 0 157 0 87 197 
9606.ENSP00000317177 9606.ENSP00000376658 0 0 0 0 0 0 213 213 
9606.ENSP00000317177 9606.ENSP00000355741 68 0 0 0 0 0 162 186 
9606.ENSP00000317177 9606.ENSP00000402103 0 0 0 0 0 0 172 172 
9606.ENSP00000317177 9606.ENSP00000262039 0 0 0 61 107 0 68 150 
9606.ENSP00000317177 9606.ENSP00000362300 0 0 0 61 0 0 252 267 
9606.ENSP00000317177 9606.ENSP00000305654 0 0 0 0 0 0 390 390 
9606.ENSP00000317177 9606.ENSP00000289957 0 0 0 0 156 0 0 156 
9606.ENSP00000317177 9606.ENSP00000373600 71 0 0 61 84 0 63 151 
9606.ENSP00000317177 9606.ENSP00000290921 44 0 0 0 157 0 0 159 
9606.ENSP00000317177 9606.ENSP00000356169 70 0 0 0 157 0 124 253 
9606.ENSP00000317177 9606.ENSP00000258385 0 0 0 0 156 0 0 156 
9606.ENSP00000317177 9606.ENSP00000370607 0 0 0 0 0 0 302 302 
9606.ENSP00000317177 9606.ENSP00000331127 0 0 0 61 107 0 68 150 
9606.ENSP00000317177 9606.ENSP00000365883 0 0 0 61 132 0 57 164 
9606.ENSP00000317177 9606.ENSP00000381167 0 0 0 0 0 0 304 304 
9606.ENSP00000317177 9606.ENSP00000420617 0 0 0 0 0 0 171 171 
9606.ENSP00000317177 9606.ENSP00000459580 0 0 0 0 0 0 325 325 
9606.ENSP00000317177 9606.ENSP00000299767 0 0 0 0 132 0 69 157 
9606.ENSP00000317177 9606.ENSP00000364815 144 0 0 62 0 0 69 187 
9606.ENSP00000317177 9606.ENSP00000261007 0 0 0 0 156 0 0 156 
9606.ENSP00000317177 9606.ENSP00000447679 0 0 0 0 0 0 212 212 
9606.ENSP00000317177 9606.ENSP00000437256 0 0 0 65 0 0 351 367 
9606.ENSP00000317177 9606.ENSP00000358071 0 0 0 62 0 0 151 169 
9606.ENSP00000317177 9606.ENSP00000318480 70 0 0 61 157 0 109 256 
9606.ENSP00000317177 9606.ENSP00000358894 68 0 0 0 0 0 127 151 
9606.ENSP00000317177 9606.ENSP00000262483 0 0 0 0 109 0 89 153 
9606.ENSP00000317177 9606.ENSP00000387050 0 0 0 0 0 0 528 528 
9606.ENSP00000317177 9606.ENSP00000342793 0 0 0 0 0 0 410 410 
9606.ENSP00000317177 9606.ENSP00000287878 77 0 0 0 0 0 132 164 
9606.ENSP00000317177 9606.ENSP00000255882 0 0 0 61 107 0 68 150 
9606.ENSP00000317177 9606.ENSP00000308759 0 0 0 0 53 0 222 231 
9606.ENSP00000317177 9606.ENSP00000347244 0 0 0 64 73 0 146 194 
9606.ENSP00000317177 9606.ENSP00000265276 0 0 0 0 191 0 154 286 
9606.ENSP00000317177 9606.ENSP00000262494 0 0 0 0 157 0 85 195 
9606.ENSP00000317177 9606.ENSP00000352925 0 0 0 61 107 0 68 150 
9606.ENSP00000317177 9606.ENSP00000417078 0 0 0 64 53 0 167 197 
9606.ENSP00000317177 9606.ENSP00000382423 0 0 0 49 172 0 50 186 
9606.ENSP00000317177 9606.ENSP00000440440 0 0 0 0 0 0 188 188 
9606.ENSP00000317177 9606.ENSP00000379038 155 0 0 0 0 0 57 169 
9606.ENSP00000317177 9606.ENSP00000303077 74 0 0 0 0 0 135 164 
9606.ENSP00000317177 9606.ENSP00000396308 77 0 0 61 0 0 101 152 
9606.ENSP00000317177 9606.ENSP00000368140 111 0 0 63 50 0 173 257 
9606.ENSP00000317177 9606.ENSP00000376268 0 0 0 0 129 0 79 163 
9606.ENSP00000317177 9606.ENSP00000364498 0 0 0 77 0 0 158 189 
9606.ENSP00000317177 9606.ENSP00000347581 42 0 0 62 0 0 665 673 
9606.ENSP00000317177 9606.ENSP00000255858 0 0 0 0 129 0 79 163 
9606.ENSP00000317177 9606.ENSP00000275764 0 0 0 0 0 0 153 153 
9606.ENSP00000317177 9606.ENSP00000350576 0 0 0 0 53 0 478 484 
9606.ENSP00000317177 9606.ENSP00000362287 0 0 0 61 0 0 372 385 
9606.ENSP00000317177 9606.ENSP00000315351 52 0 0 0 131 0 83 178 
9606.ENSP00000317177 9606.ENSP00000305465 0 0 0 0 0 0 237 237 
9606.ENSP00000317177 9606.ENSP00000338093 70 0 0 0 0 0 128 154 
9606.ENSP00000317177 9606.ENSP00000312999 0 0 0 0 157 0 85 195 
9606.ENSP00000317177 9606.ENSP00000268533 0 0 0 61 132 0 57 164 
9606.ENSP00000317177 9606.ENSP00000245222 42 0 0 62 0 0 131 150 
9606.ENSP00000317177 9606.ENSP00000322617 0 0 0 0 156 0 0 156 
9606.ENSP00000317177 9606.ENSP00000482657 0 0 0 49 172 0 50 186 
9606.ENSP00000317177 9606.ENSP00000309714 0 0 0 61 107 0 68 150 
9606.ENSP00000317177 9606.ENSP00000283415 48 0 0 53 98 0 99 169 
9606.ENSP00000317177 9606.ENSP00000339787 0 0 0 0 0 0 180 180 
9606.ENSP00000317177 9606.ENSP00000389395 0 0 0 0 191 0 368 466 
9606.ENSP00000317177 9606.ENSP00000262958 0 0 0 0 157 0 85 195 
9606.ENSP00000317177 9606.ENSP00000397908 0 0 0 0 109 0 289 339 
9606.ENSP00000317177 9606.ENSP00000368528 0 0 0 0 0 0 223 223 
9606.ENSP00000317177 9606.ENSP00000349208 0 0 0 61 183 0 545 621 
9606.ENSP00000317177 9606.ENSP00000281722 0 0 0 0 0 0 270 270 
9606.ENSP00000317177 9606.ENSP00000298295 0 0 0 0 0 0 188 188 
9606.ENSP00000317177 9606.ENSP00000354927 0 0 0 49 172 0 50 186 
9606.ENSP00000317177 9606.ENSP00000340474 0 0 0 54 0 0 421 429 
9606.ENSP00000317177 9606.ENSP00000325377 0 0 0 61 0 0 188 204 
9606.ENSP00000317177 9606.ENSP00000362135 167 0 0 0 0 0 0 167 
9606.ENSP00000317177 9606.ENSP00000386935 0 0 0 43 0 0 268 269 
9606.ENSP00000317177 9606.ENSP00000375810 0 0 0 62 0 0 325 340 
9606.ENSP00000317177 9606.ENSP00000347032 0 0 0 63 86 0 99 160 
9606.ENSP00000317177 9606.ENSP00000355086 156 0 0 0 0 0 0 156 
9606.ENSP00000317177 9606.ENSP00000301459 0 0 0 0 0 0 346 346 
9606.ENSP00000317177 9606.ENSP00000356436 0 0 0 0 0 0 274 274 
9606.ENSP00000317177 9606.ENSP00000430269 154 0 0 0 0 0 165 263 
9606.ENSP00000317177 9606.ENSP00000385695 0 0 0 0 129 0 79 163 
9606.ENSP00000317177 9606.ENSP00000406052 0 0 0 62 0 0 401 414 
9606.ENSP00000317177 9606.ENSP00000417085 0 0 0 0 50 0 193 200 
9606.ENSP00000317177 9606.ENSP00000482548 0 0 0 63 86 0 99 160 
9606.ENSP00000317177 9606.ENSP00000271640 0 0 0 62 0 0 152 171 
9606.ENSP00000317177 9606.ENSP00000417291 0 0 0 0 53 0 323 331 
9606.ENSP00000317177 9606.ENSP00000307801 0 0 0 0 0 0 155 155 
9606.ENSP00000317177 9606.ENSP00000262794 60 0 0 62 0 0 725 736 
9606.ENSP00000317177 9606.ENSP00000250863 0 0 0 64 60 0 187 222 
9606.ENSP00000317177 9606.ENSP00000461386 0 0 0 0 0 0 319 319 
9606.ENSP00000317177 9606.ENSP00000482264 0 0 0 84 62 0 141 198 
9606.ENSP00000317177 9606.ENSP00000361287 72 0 0 0 0 0 141 168 
9606.ENSP00000317177 9606.ENSP00000365757 0 0 0 63 86 0 99 160 
9606.ENSP00000317177 9606.ENSP00000240488 0 0 0 0 0 0 345 345 
9606.ENSP00000317177 9606.ENSP00000356591 0 0 0 84 62 0 138 194 
9606.ENSP00000317177 9606.ENSP00000329614 165 0 0 0 0 0 0 165 
9606.ENSP00000317177 9606.ENSP00000473348 175 0 0 44 0 0 43 179 
9606.ENSP00000317177 9606.ENSP00000333142 0 0 0 49 0 0 385 390 
9606.ENSP00000317177 9606.ENSP00000464006 0 0 0 0 109 0 89 153 
9606.ENSP00000317177 9606.ENSP00000352121 0 0 0 61 107 0 68 150 
9606.ENSP00000317177 9606.ENSP00000482571 48 0 0 53 98 0 197 260 
9606.ENSP00000317177 9606.ENSP00000476119 0 0 0 61 132 0 57 164 
9606.ENSP00000317177 9606.ENSP00000290974 0 0 0 0 0 0 242 242 
9606.ENSP00000317177 9606.ENSP00000439012 0 0 0 62 160 0 83 214 
9606.ENSP00000317177 9606.ENSP00000368305 68 0 0 64 0 0 122 167 
9606.ENSP00000317177 9606.ENSP00000384400 70 0 0 0 157 0 124 253 
9606.ENSP00000317177 9606.ENSP00000375907 0 0 0 0 0 0 159 159 
9606.ENSP00000317177 9606.ENSP00000161863 0 0 0 64 53 0 173 202 
9606.ENSP00000317177 9606.ENSP00000261845 0 0 0 0 157 0 87 197 
9606.ENSP00000317177 9606.ENSP00000393675 0 0 0 0 190 0 204 327 
9606.ENSP00000317177 9606.ENSP00000323867 77 0 0 0 0 0 132 164 
9606.ENSP00000317177 9606.ENSP00000254976 0 0 0 61 157 0 91 217 
9606.ENSP00000317177 9606.ENSP00000293780 0 0 0 0 156 0 0 156 
9606.ENSP00000317177 9606.ENSP00000382595 68 0 0 0 0 0 160 183 
9606.ENSP00000317177 9606.ENSP00000256722 83 0 0 63 0 0 91 150 
9606.ENSP00000317177 9606.ENSP00000390621 0 0 0 61 0 0 408 420 
9606.ENSP00000317177 9606.ENSP00000335153 0 0 0 0 132 0 87 174 
9606.ENSP00000317177 9606.ENSP00000371929 0 0 0 0 156 0 0 156 
9606.ENSP00000317177 9606.ENSP00000360609 0 0 0 0 132 0 69 157 
9606.ENSP00000317177 9606.ENSP00000382434 0 0 0 0 0 0 154 154 
9606.ENSP00000317177 9606.ENSP00000259915 0 0 0 0 0 0 214 214 
9606.ENSP00000317177 9606.ENSP00000229264 0 0 0 0 164 0 50 171 
9606.ENSP00000317177 9606.ENSP00000401720 0 0 0 62 0 0 208 225 
9606.ENSP00000317177 9606.ENSP00000242067 0 0 0 0 0 0 320 320 
9606.ENSP00000317177 9606.ENSP00000262878 142 0 0 63 0 0 0 161 
9606.ENSP00000317177 9606.ENSP00000261837 0 0 0 0 164 0 50 171 
9606.ENSP00000317177 9606.ENSP00000381140 48 0 0 53 98 0 110 179 
9606.ENSP00000317177 9606.ENSP00000292180 141 0 0 65 0 0 0 162 
9606.ENSP00000317177 9606.ENSP00000469981 0 0 0 0 0 0 384 384 
9606.ENSP00000317177 9606.ENSP00000358060 70 0 0 0 0 0 128 154 
9606.ENSP00000317177 9606.ENSP00000363435 0 0 0 62 0 0 131 150 
9606.ENSP00000317177 9606.ENSP00000349960 0 0 0 0 105 0 92 152 
9606.ENSP00000317177 9606.ENSP00000450909 0 0 0 49 60 0 182 205 
9606.ENSP00000317177 9606.ENSP00000380460 0 0 0 64 0 0 154 174 
9606.ENSP00000317177 9606.ENSP00000398596 0 0 0 62 168 0 466 546 
9606.ENSP00000317177 9606.ENSP00000425979 0 0 0 65 0 0 185 205 
9606.ENSP00000317177 9606.ENSP00000268711 0 0 0 0 0 0 234 234 
9606.ENSP00000317177 9606.ENSP00000251337 0 0 0 0 157 0 85 195 
9606.ENSP00000317177 9606.ENSP00000331748 0 0 0 0 77 0 126 158 
9606.ENSP00000317177 9606.ENSP00000408598 0 0 0 62 0 0 173 191 
9606.ENSP00000317177 9606.ENSP00000410804 0 0 0 61 0 0 457 468 
9606.ENSP00000317177 9606.ENSP00000337972 68 0 0 64 0 0 122 167 
9606.ENSP00000317177 9606.ENSP00000380241 0 0 0 61 132 0 57 164 
9606.ENSP00000317177 9606.ENSP00000246957 0 0 0 0 132 0 69 157 
9606.ENSP00000317177 9606.ENSP00000380605 0 0 0 0 0 0 173 173 
9606.ENSP00000317177 9606.ENSP00000354681 0 0 0 0 0 0 269 269 
9606.ENSP00000317177 9606.ENSP00000475027 0 0 0 61 132 0 57 164 
9606.ENSP00000317177 9606.ENSP00000302114 0 0 0 0 168 0 157 268 
9606.ENSP00000317177 9606.ENSP00000311825 44 0 0 0 157 0 0 159 
9606.ENSP00000317177 9606.ENSP00000269143 70 0 0 61 157 0 109 256 
9606.ENSP00000317177 9606.ENSP00000330031 0 0 0 61 173 0 212 335 
9606.ENSP00000317177 9606.ENSP00000312663 0 0 0 0 156 0 0 156 
9606.ENSP00000317177 9606.ENSP00000405111 0 0 0 64 53 0 167 197 
9606.ENSP00000317177 9606.ENSP00000337746 0 0 0 63 0 0 203 221 
9606.ENSP00000317177 9606.ENSP00000376349 0 0 0 61 132 0 57 164 
9606.ENSP00000317177 9606.ENSP00000220592 0 0 0 61 0 0 177 194 
9606.ENSP00000317177 9606.ENSP00000354558 0 0 0 61 107 0 68 150 
9606.ENSP00000317177 9606.ENSP00000290472 0 0 0 0 0 0 154 154 
9606.ENSP00000317177 9606.ENSP00000247270 0 0 0 0 0 0 210 210 
9606.ENSP00000317177 9606.ENSP00000383234 0 0 0 0 157 0 87 197 
9606.ENSP00000317177 9606.ENSP00000473036 58 0 0 49 140 0 98 212 
9606.ENSP00000317177 9606.ENSP00000381339 0 0 0 0 157 0 85 195 
9606.ENSP00000317177 9606.ENSP00000261386 68 0 0 64 0 0 122 167 
9606.ENSP00000317177 9606.ENSP00000263088 0 0 0 0 0 0 467 467 
9606.ENSP00000317177 9606.ENSP00000384363 68 0 0 64 0 0 122 167 
9606.ENSP00000317177 9606.ENSP00000054950 0 0 0 0 0 0 167 167 
9606.ENSP00000317177 9606.ENSP00000276241 60 0 0 62 0 0 181 214 
9606.ENSP00000317177 9606.ENSP00000341282 0 0 0 0 0 0 249 249 
9606.ENSP00000317177 9606.ENSP00000440896 0 0 0 0 0 0 542 542 
9606.ENSP00000317177 9606.ENSP00000333685 0 0 0 0 157 0 87 197 
9606.ENSP00000317177 9606.ENSP00000468690 110 0 0 0 0 0 91 156 
9606.ENSP00000317177 9606.ENSP00000268717 0 0 0 0 0 0 323 323 
9606.ENSP00000317177 9606.ENSP00000446252 0 0 0 60 0 0 173 189 
9606.ENSP00000317177 9606.ENSP00000222286 58 0 0 49 140 0 98 212 
9606.ENSP00000317177 9606.ENSP00000276410 0 0 0 0 156 0 0 156 
9606.ENSP00000317177 9606.ENSP00000464890 0 0 0 0 0 0 319 319 
9606.ENSP00000317177 9606.ENSP00000300051 52 0 0 0 131 0 83 178 
9606.ENSP00000317177 9606.ENSP00000361446 0 0 0 0 79 0 127 161 
9606.ENSP00000317177 9606.ENSP00000341021 0 0 0 0 0 0 174 174 
9606.ENSP00000317177 9606.ENSP00000419045 163 0 0 0 0 0 68 186 
9606.ENSP00000317177 9606.ENSP00000275364 0 0 0 0 157 0 85 195 
9606.ENSP00000317177 9606.ENSP00000356444 0 0 0 0 0 0 256 256 
9606.ENSP00000317177 9606.ENSP00000405969 0 0 0 62 160 0 83 214 
9606.ENSP00000317177 9606.ENSP00000268042 0 0 0 0 0 0 173 173 
9606.ENSP00000317177 9606.ENSP00000377224 0 0 0 0 53 0 169 179 
9606.ENSP00000317177 9606.ENSP00000299565 0 0 0 0 156 0 0 156 
9606.ENSP00000317177 9606.ENSP00000370047 0 0 0 0 0 0 302 302 
9606.ENSP00000317177 9606.ENSP00000229239 58 0 0 49 140 0 139 248 
9606.ENSP00000317177 9606.ENSP00000403852 165 0 0 64 63 0 0 203 
9606.ENSP00000317177 9606.ENSP00000313490 75 0 0 0 0 0 132 162 
9606.ENSP00000317177 9606.ENSP00000387710 70 0 0 0 0 0 128 154 
9606.ENSP00000317177 9606.ENSP00000379156 0 0 0 0 0 0 254 254 
9606.ENSP00000317177 9606.ENSP00000340989 0 0 0 0 236 0 62 253 
9606.ENSP00000317177 9606.ENSP00000379025 0 0 0 0 0 0 252 252 
9606.ENSP00000317177 9606.ENSP00000327104 0 0 0 62 0 0 573 583 
9606.ENSP00000317177 9606.ENSP00000316809 0 0 0 0 109 0 89 153 
9606.ENSP00000317177 9606.ENSP00000365777 69 0 0 50 0 0 127 160 
9606.ENSP00000317177 9606.ENSP00000348215 0 0 0 61 107 0 68 150 
9606.ENSP00000317177 9606.ENSP00000310873 148 0 0 0 0 0 63 167 
9606.ENSP00000317177 9606.ENSP00000251864 0 0 0 62 0 0 520 531 
9606.ENSP00000317177 9606.ENSP00000337353 0 0 0 62 0 0 210 227 
9606.ENSP00000317177 9606.ENSP00000285518 48 0 0 53 98 0 99 169 
9606.ENSP00000317177 9606.ENSP00000405620 0 0 0 64 53 0 167 197 
9606.ENSP00000317177 9606.ENSP00000284629 0 0 0 49 53 0 727 732 
9606.ENSP00000317177 9606.ENSP00000366563 0 0 0 61 107 0 68 150 
9606.ENSP00000317177 9606.ENSP00000263187 0 0 0 48 0 0 188 194 
9606.ENSP00000317177 9606.ENSP00000343741 0 0 0 62 107 0 85 166 
9606.ENSP00000317177 9606.ENSP00000366748 48 0 0 53 98 0 99 169 
9606.ENSP00000317177 9606.ENSP00000458162 0 0 0 0 105 0 97 157 
9606.ENSP00000317177 9606.ENSP00000313420 0 0 0 61 107 0 68 150 
9606.ENSP00000317177 9606.ENSP00000385026 0 0 0 0 156 0 0 156 
9606.ENSP00000317177 9606.ENSP00000449089 0 0 0 0 0 0 184 184 
9606.ENSP00000317177 9606.ENSP00000356071 0 0 0 55 0 0 469 477 
9606.ENSP00000317177 9606.ENSP00000263025 0 0 0 0 157 0 87 197 
9606.ENSP00000317177 9606.ENSP00000232607 123 0 0 0 0 0 186 255 
9606.ENSP00000317177 9606.ENSP00000304290 0 0 0 0 156 0 0 156 
9606.ENSP00000317177 9606.ENSP00000344828 0 0 0 0 53 0 355 363 
9606.ENSP00000317177 9606.ENSP00000261751 0 0 0 0 156 0 0 156 
9606.ENSP00000317177 9606.ENSP00000268125 0 0 0 0 129 0 79 163 
9606.ENSP00000317177 9606.ENSP00000418525 0 0 0 0 185 0 0 185 
9606.ENSP00000317177 9606.ENSP00000400717 0 0 0 0 157 0 85 195 
9606.ENSP00000317177 9606.ENSP00000296328 0 0 0 55 79 0 127 173 
9606.ENSP00000317177 9606.ENSP00000246553 0 0 0 0 0 0 167 167 
9606.ENSP00000317177 9606.ENSP00000315602 0 0 0 0 156 0 0 156 
9606.ENSP00000317177 9606.ENSP00000262507 0 0 0 63 0 0 138 157 
9606.ENSP00000317177 9606.ENSP00000485586 0 0 0 63 0 0 143 163 
9606.ENSP00000317177 9606.ENSP00000425561 0 0 0 61 0 0 135 153 
9606.ENSP00000317177 9606.ENSP00000282541 111 0 0 61 0 0 154 232 
9606.ENSP00000317177 9606.ENSP00000348772 0 0 0 0 109 0 89 153 
9606.ENSP00000317177 9606.ENSP00000349147 68 0 0 0 0 0 127 151 
9606.ENSP00000317177 9606.ENSP00000169551 0 0 0 55 0 0 378 387 
9606.ENSP00000317177 9606.ENSP00000365005 0 0 0 49 172 0 50 186 
9606.ENSP00000317177 9606.ENSP00000285398 167 0 0 61 0 0 0 184 
9606.ENSP00000317177 9606.ENSP00000312029 0 0 0 61 0 0 247 262 
9606.ENSP00000317177 9606.ENSP00000420267 0 0 0 0 0 0 157 157 
9606.ENSP00000317177 9606.ENSP00000357883 0 0 0 63 86 0 99 160 
9606.ENSP00000317177 9606.ENSP00000302177 0 0 0 0 0 0 173 173 
9606.ENSP00000317177 9606.ENSP00000305682 70 0 0 0 0 0 128 154 
9606.ENSP00000317177 9606.ENSP00000481878 0 0 0 0 164 0 119 232 
9606.ENSP00000317177 9606.ENSP00000398882 162 0 0 63 0 0 0 181 
9606.ENSP00000317177 9606.ENSP00000359539 74 0 0 0 0 0 135 164 
9606.ENSP00000317177 9606.ENSP00000268704 70 0 0 61 157 0 109 256 
9606.ENSP00000317177 9606.ENSP00000362094 0 0 0 61 0 0 150 167 
9606.ENSP00000317177 9606.ENSP00000265052 74 0 0 0 0 0 224 251 
9606.ENSP00000317177 9606.ENSP00000315791 111 0 0 53 0 0 101 177 
9606.ENSP00000317177 9606.ENSP00000378877 48 0 0 53 98 0 107 177 
9606.ENSP00000317177 9606.ENSP00000428402 0 0 0 0 129 0 79 163 
9606.ENSP00000317177 9606.ENSP00000326424 159 0 0 64 0 0 50 186 
9606.ENSP00000317177 9606.ENSP00000251636 0 0 0 64 53 0 167 197 
9606.ENSP00000317177 9606.ENSP00000478892 0 0 0 0 157 0 85 195 
9606.ENSP00000317177 9606.ENSP00000215730 0 0 0 61 157 0 91 217 
9606.ENSP00000317177 9606.ENSP00000078429 0 0 0 0 157 0 85 195 
9606.ENSP00000317177 9606.ENSP00000405963 0 0 0 45 0 0 281 283 
9606.ENSP00000317177 9606.ENSP00000317232 0 0 0 0 0 0 260 260 
9606.ENSP00000317177 9606.ENSP00000380638 0 0 0 0 151 0 50 158 
9606.ENSP00000317177 9606.ENSP00000314157 0 0 0 61 157 0 91 217 
9606.ENSP00000317177 9606.ENSP00000355607 0 0 0 0 191 0 136 271 
9606.ENSP00000317177 9606.ENSP00000319169 0 0 0 79 0 0 146 179 
9606.ENSP00000317177 9606.ENSP00000343027 0 0 0 0 157 0 85 195 
9606.ENSP00000317177 9606.ENSP00000295522 0 0 0 0 0 0 167 167 
9606.ENSP00000317177 9606.ENSP00000327124 0 0 0 0 0 0 211 211 
9606.ENSP00000317177 9606.ENSP00000445381 0 0 0 61 107 0 68 150 
9606.ENSP00000317177 9606.ENSP00000229270 166 0 0 0 0 0 185 291 
9606.ENSP00000317177 9606.ENSP00000480158 0 0 0 0 79 0 127 161 
9606.ENSP00000317177 9606.ENSP00000369461 0 0 0 63 160 0 132 257 
9606.ENSP00000317177 9606.ENSP00000384376 0 0 0 62 0 0 143 161 
9606.ENSP00000317177 9606.ENSP00000264380 0 0 0 63 86 0 99 160 
9606.ENSP00000317177 9606.ENSP00000419851 121 0 0 0 0 0 177 245 
9606.ENSP00000317177 9606.ENSP00000416583 165 0 0 62 0 0 0 183 
9606.ENSP00000317177 9606.ENSP00000311005 0 0 0 0 157 0 87 197 
9606.ENSP00000317177 9606.ENSP00000468720 0 0 0 0 53 0 167 177 
9606.ENSP00000317177 9606.ENSP00000315693 0 0 0 0 0 0 381 381 
9606.ENSP00000317177 9606.ENSP00000371193 75 0 0 48 0 0 118 155 
9606.ENSP00000317177 9606.ENSP00000477981 0 0 0 61 0 0 196 212 
9606.ENSP00000317177 9606.ENSP00000365807 0 0 0 0 157 0 85 195 
