9606.ENSP00000463334 9606.ENSP00000360266 0 0 0 0 0 0 173 173 
9606.ENSP00000463334 9606.ENSP00000216124 0 0 0 0 0 0 235 235 
9606.ENSP00000463334 9606.ENSP00000261464 0 0 0 0 161 0 0 161 
9606.ENSP00000463334 9606.ENSP00000472474 0 0 0 0 0 0 167 167 
9606.ENSP00000463334 9606.ENSP00000263925 0 0 0 0 161 0 0 161 
9606.ENSP00000463334 9606.ENSP00000350704 0 0 0 0 0 0 222 222 
9606.ENSP00000463334 9606.ENSP00000377532 0 0 0 61 0 0 167 184 
9606.ENSP00000463334 9606.ENSP00000306117 0 0 0 62 865 0 112 877 
9606.ENSP00000463334 9606.ENSP00000262395 0 0 0 0 161 0 0 161 
9606.ENSP00000463334 9606.ENSP00000332604 0 0 0 0 0 0 267 267 
9606.ENSP00000463334 9606.ENSP00000379999 0 0 0 0 0 0 177 177 
9606.ENSP00000463334 9606.ENSP00000337393 0 0 0 0 0 0 224 224 
9606.ENSP00000463334 9606.ENSP00000438085 0 0 0 0 0 0 716 716 
9606.ENSP00000463334 9606.ENSP00000282074 0 0 0 0 0 0 319 319 
9606.ENSP00000463334 9606.ENSP00000262461 0 0 0 0 0 0 179 179 
9606.ENSP00000463334 9606.ENSP00000334650 0 0 0 52 0 0 346 353 
9606.ENSP00000463334 9606.ENSP00000283713 0 0 0 64 0 0 268 285 
9606.ENSP00000463334 9606.ENSP00000363943 0 0 0 0 0 0 167 167 
9606.ENSP00000463334 9606.ENSP00000364289 0 0 0 63 0 0 623 631 
9606.ENSP00000463334 9606.ENSP00000376889 0 0 0 0 0 0 151 151 
9606.ENSP00000463334 9606.ENSP00000362616 0 0 0 0 183 0 0 183 
9606.ENSP00000463334 9606.ENSP00000364498 0 0 0 0 0 0 159 159 
9606.ENSP00000463334 9606.ENSP00000308622 0 0 0 63 0 0 435 448 
9606.ENSP00000463334 9606.ENSP00000347931 0 0 0 0 0 0 463 463 
9606.ENSP00000463334 9606.ENSP00000345494 0 0 0 0 0 0 163 163 
9606.ENSP00000463334 9606.ENSP00000353142 0 0 0 0 0 0 277 277 
9606.ENSP00000463334 9606.ENSP00000414982 0 0 0 61 0 0 169 186 
9606.ENSP00000463334 9606.ENSP00000433623 0 0 0 0 161 0 0 161 
9606.ENSP00000463334 9606.ENSP00000345849 0 0 0 0 0 0 181 181 
9606.ENSP00000463334 9606.ENSP00000253108 0 0 0 0 209 0 654 715 
9606.ENSP00000463334 9606.ENSP00000428324 0 0 0 0 0 0 270 270 
9606.ENSP00000463334 9606.ENSP00000356840 0 0 0 61 0 0 137 154 
9606.ENSP00000463334 9606.ENSP00000328694 0 0 0 62 0 0 307 322 
9606.ENSP00000463334 9606.ENSP00000305926 0 0 0 0 188 0 0 188 
9606.ENSP00000463334 9606.ENSP00000481570 0 0 0 0 188 0 0 188 
9606.ENSP00000463334 9606.ENSP00000334840 0 0 0 0 0 0 283 283 
9606.ENSP00000463334 9606.ENSP00000387006 0 0 0 0 0 0 284 284 
9606.ENSP00000463334 9606.ENSP00000410758 0 0 0 0 816 0 0 816 
9606.ENSP00000463334 9606.ENSP00000379475 0 0 0 63 0 0 211 229 
9606.ENSP00000463334 9606.ENSP00000362617 0 0 0 0 183 0 0 183 
9606.ENSP00000463334 9606.ENSP00000478962 0 0 0 0 0 0 171 171 
9606.ENSP00000463334 9606.ENSP00000436679 0 0 0 61 0 0 166 183 
9606.ENSP00000463334 9606.ENSP00000246672 0 0 0 0 263 0 0 263 
9606.ENSP00000463334 9606.ENSP00000481056 0 0 0 0 0 0 197 197 
9606.ENSP00000463334 9606.ENSP00000362441 0 0 0 61 0 0 199 216 
9606.ENSP00000463334 9606.ENSP00000373715 0 0 0 61 0 0 187 203 
9606.ENSP00000463334 9606.ENSP00000313007 0 0 0 61 0 0 354 367 
9606.ENSP00000463334 9606.ENSP00000454699 0 0 0 62 269 0 0 285 
9606.ENSP00000463334 9606.ENSP00000351042 0 0 0 0 0 0 377 377 
9606.ENSP00000463334 9606.ENSP00000363255 0 0 0 57 0 0 187 200 
9606.ENSP00000463334 9606.ENSP00000310006 0 0 0 0 263 0 0 263 
9606.ENSP00000463334 9606.ENSP00000400887 0 0 0 0 386 0 0 386 
9606.ENSP00000463334 9606.ENSP00000351430 0 0 0 0 0 0 155 155 
9606.ENSP00000463334 9606.ENSP00000376886 0 0 0 0 0 0 157 157 
9606.ENSP00000463334 9606.ENSP00000348708 0 0 0 0 0 0 361 361 
9606.ENSP00000463334 9606.ENSP00000472808 0 0 0 0 0 0 319 319 
9606.ENSP00000463334 9606.ENSP00000350333 0 0 0 63 0 0 165 184 
9606.ENSP00000463334 9606.ENSP00000270792 0 0 0 0 0 0 290 290 
9606.ENSP00000463334 9606.ENSP00000354125 0 0 0 0 0 0 354 354 
9606.ENSP00000463334 9606.ENSP00000217961 0 0 0 0 0 0 199 199 
9606.ENSP00000463334 9606.ENSP00000355922 0 0 0 0 0 0 240 240 
9606.ENSP00000463334 9606.ENSP00000223864 0 0 0 0 0 0 311 311 
9606.ENSP00000463334 9606.ENSP00000421981 0 0 0 0 0 0 524 524 
9606.ENSP00000463334 9606.ENSP00000263576 0 0 0 62 269 0 96 326 
9606.ENSP00000463334 9606.ENSP00000364578 0 0 0 0 0 0 210 210 
9606.ENSP00000463334 9606.ENSP00000379182 0 0 0 0 0 0 473 473 
9606.ENSP00000463334 9606.ENSP00000265753 0 0 0 0 0 0 297 297 
9606.ENSP00000463334 9606.ENSP00000355719 0 0 0 0 0 0 199 199 
9606.ENSP00000463334 9606.ENSP00000339086 0 0 0 0 0 0 328 328 
9606.ENSP00000463334 9606.ENSP00000292599 0 0 0 0 0 0 224 224 
9606.ENSP00000463334 9606.ENSP00000336783 0 0 0 0 0 0 187 187 
9606.ENSP00000463334 9606.ENSP00000297145 0 0 0 0 188 0 0 188 
9606.ENSP00000463334 9606.ENSP00000256854 0 0 0 0 0 0 340 340 
9606.ENSP00000463334 9606.ENSP00000245934 0 0 0 0 0 0 160 160 
9606.ENSP00000463334 9606.ENSP00000331201 0 0 0 0 173 0 0 173 
9606.ENSP00000463334 9606.ENSP00000367440 0 0 0 0 0 0 194 194 
9606.ENSP00000463334 9606.ENSP00000417686 0 0 0 63 712 0 945 984 
9606.ENSP00000463334 9606.ENSP00000362171 0 0 0 0 183 0 0 183 
9606.ENSP00000463334 9606.ENSP00000398597 0 0 0 0 180 0 86 218 
9606.ENSP00000463334 9606.ENSP00000364448 0 0 0 0 0 0 215 215 
9606.ENSP00000463334 9606.ENSP00000263666 0 0 0 0 161 0 0 161 
9606.ENSP00000463334 9606.ENSP00000259632 0 0 0 0 0 0 173 173 
9606.ENSP00000463334 9606.ENSP00000273968 0 0 0 0 0 0 328 328 
9606.ENSP00000463334 9606.ENSP00000245564 0 0 0 0 0 0 167 167 
9606.ENSP00000463334 9606.ENSP00000425133 0 0 0 0 0 0 251 251 
9606.ENSP00000463334 9606.ENSP00000403453 0 0 0 0 0 0 411 411 
9606.ENSP00000463334 9606.ENSP00000358363 0 0 0 0 158 0 0 158 
9606.ENSP00000463334 9606.ENSP00000421592 0 0 0 61 0 0 139 156 
9606.ENSP00000463334 9606.ENSP00000435421 0 0 0 0 354 0 324 544 
9606.ENSP00000463334 9606.ENSP00000386921 0 0 0 0 0 0 296 296 
9606.ENSP00000463334 9606.ENSP00000318944 0 0 0 62 162 0 0 180 
9606.ENSP00000463334 9606.ENSP00000434552 0 0 0 0 0 0 382 382 
9606.ENSP00000463334 9606.ENSP00000355261 0 0 0 0 0 0 275 275 
9606.ENSP00000463334 9606.ENSP00000348128 0 0 0 0 342 0 189 443 
9606.ENSP00000463334 9606.ENSP00000250111 0 0 0 63 0 0 161 180 
9606.ENSP00000463334 9606.ENSP00000379822 0 0 0 0 0 0 179 179 
9606.ENSP00000463334 9606.ENSP00000342755 0 0 0 0 161 0 0 161 
9606.ENSP00000463334 9606.ENSP00000343248 0 0 0 64 0 0 424 437 
9606.ENSP00000463334 9606.ENSP00000365625 0 0 0 0 820 0 85 828 
9606.ENSP00000463334 9606.ENSP00000263073 0 0 0 0 0 0 218 218 
9606.ENSP00000463334 9606.ENSP00000192314 0 0 0 0 0 0 277 277 
9606.ENSP00000463334 9606.ENSP00000368976 0 0 0 0 0 0 340 340 
9606.ENSP00000463334 9606.ENSP00000247668 0 0 0 0 161 0 0 161 
9606.ENSP00000463334 9606.ENSP00000475489 0 0 0 0 0 0 476 476 
9606.ENSP00000463334 9606.ENSP00000302530 0 0 0 62 0 0 197 214 
9606.ENSP00000463334 9606.ENSP00000241502 0 0 0 0 0 0 269 269 
9606.ENSP00000463334 9606.ENSP00000392762 0 0 0 0 0 0 163 163 
9606.ENSP00000463334 9606.ENSP00000355011 0 0 0 62 387 0 0 400 
9606.ENSP00000463334 9606.ENSP00000379691 0 0 0 0 386 0 0 386 
9606.ENSP00000463334 9606.ENSP00000298875 0 0 0 63 0 0 151 170 
9606.ENSP00000463334 9606.ENSP00000200457 0 0 0 64 0 0 265 283 
9606.ENSP00000463334 9606.ENSP00000470142 0 0 0 55 0 0 417 425 
9606.ENSP00000463334 9606.ENSP00000302768 0 0 0 0 0 0 633 633 
9606.ENSP00000463334 9606.ENSP00000276052 0 0 0 61 348 0 0 361 
9606.ENSP00000463334 9606.ENSP00000245544 0 0 0 0 0 0 198 198 
9606.ENSP00000463334 9606.ENSP00000362994 0 0 0 0 161 0 0 161 
9606.ENSP00000463334 9606.ENSP00000275820 0 0 0 63 0 0 322 337 
9606.ENSP00000463334 9606.ENSP00000326806 0 0 0 0 0 0 267 267 
9606.ENSP00000463334 9606.ENSP00000482472 0 0 0 64 0 0 132 152 
9606.ENSP00000463334 9606.ENSP00000356319 0 0 0 0 0 0 328 328 
9606.ENSP00000463334 9606.ENSP00000378400 0 0 0 62 0 0 339 354 
9606.ENSP00000463334 9606.ENSP00000236137 0 0 0 0 0 0 201 201 
9606.ENSP00000463334 9606.ENSP00000269445 0 0 0 0 0 0 274 274 
9606.ENSP00000463334 9606.ENSP00000324741 0 0 0 0 0 0 345 345 
9606.ENSP00000463334 9606.ENSP00000454207 0 0 0 0 161 0 0 161 
9606.ENSP00000463334 9606.ENSP00000483467 0 0 0 62 0 0 158 176 
9606.ENSP00000463334 9606.ENSP00000293831 0 0 0 0 0 0 269 269 
9606.ENSP00000463334 9606.ENSP00000429615 0 0 0 0 0 0 466 466 
9606.ENSP00000463334 9606.ENSP00000388806 0 0 0 0 0 0 210 210 
9606.ENSP00000463334 9606.ENSP00000309031 0 0 0 0 188 0 0 188 
9606.ENSP00000463334 9606.ENSP00000339566 0 0 0 0 0 0 159 159 
9606.ENSP00000463334 9606.ENSP00000416255 0 0 0 0 0 0 543 543 
9606.ENSP00000463334 9606.ENSP00000300303 0 0 0 0 0 0 412 412 
9606.ENSP00000463334 9606.ENSP00000217515 0 0 0 0 0 0 336 336 
9606.ENSP00000463334 9606.ENSP00000329002 0 0 0 0 0 0 332 332 
9606.ENSP00000463334 9606.ENSP00000350651 0 0 0 0 0 0 659 659 
9606.ENSP00000463334 9606.ENSP00000356906 0 0 0 0 0 0 311 311 
9606.ENSP00000463334 9606.ENSP00000269349 0 0 0 0 0 0 269 269 
9606.ENSP00000463334 9606.ENSP00000349428 0 0 0 88 0 0 146 187 
9606.ENSP00000463334 9606.ENSP00000265686 0 0 0 62 0 0 151 169 
9606.ENSP00000463334 9606.ENSP00000433664 0 0 0 0 0 0 358 358 
9606.ENSP00000463334 9606.ENSP00000369915 0 0 0 0 262 0 0 262 
9606.ENSP00000463334 9606.ENSP00000352676 0 0 0 0 321 0 0 321 
9606.ENSP00000463334 9606.ENSP00000220849 0 0 0 0 0 0 282 282 
9606.ENSP00000463334 9606.ENSP00000317579 0 0 0 0 0 0 194 194 
9606.ENSP00000463334 9606.ENSP00000336666 0 0 0 0 0 0 240 240 
9606.ENSP00000463334 9606.ENSP00000314151 0 0 0 0 540 0 0 540 
9606.ENSP00000463334 9606.ENSP00000476795 0 0 0 48 0 0 222 227 
9606.ENSP00000463334 9606.ENSP00000290231 0 0 0 0 0 0 157 157 
9606.ENSP00000463334 9606.ENSP00000290607 0 0 0 0 0 0 484 484 
9606.ENSP00000463334 9606.ENSP00000352400 0 0 0 0 0 0 409 409 
9606.ENSP00000463334 9606.ENSP00000219299 0 0 0 0 0 0 186 186 
9606.ENSP00000463334 9606.ENSP00000319341 0 0 0 0 0 0 284 284 
9606.ENSP00000463334 9606.ENSP00000348215 0 0 0 0 0 0 200 200 
9606.ENSP00000463334 9606.ENSP00000263849 0 0 0 0 0 0 167 167 
9606.ENSP00000463334 9606.ENSP00000258403 0 0 0 0 0 0 201 201 
9606.ENSP00000463334 9606.ENSP00000377941 0 0 0 55 0 0 161 173 
9606.ENSP00000463334 9606.ENSP00000320488 0 0 0 0 183 0 0 183 
9606.ENSP00000463334 9606.ENSP00000456566 0 0 0 0 161 0 0 161 
9606.ENSP00000463334 9606.ENSP00000361014 0 0 0 0 0 0 197 197 
9606.ENSP00000463334 9606.ENSP00000360133 0 0 0 0 0 0 258 258 
9606.ENSP00000463334 9606.ENSP00000160827 0 0 0 49 0 0 350 355 
9606.ENSP00000463334 9606.ENSP00000318604 0 0 0 0 0 0 232 232 
9606.ENSP00000463334 9606.ENSP00000259006 0 0 0 62 0 0 146 164 
9606.ENSP00000463334 9606.ENSP00000476046 0 0 0 79 0 0 177 210 
9606.ENSP00000463334 9606.ENSP00000462729 0 0 0 0 188 0 0 188 
9606.ENSP00000463334 9606.ENSP00000425561 0 0 0 0 0 0 293 293 
9606.ENSP00000463334 9606.ENSP00000286307 0 0 0 0 0 0 290 290 
9606.ENSP00000463334 9606.ENSP00000357679 0 0 0 0 0 0 256 256 
9606.ENSP00000463334 9606.ENSP00000340329 0 0 0 109 0 0 131 192 
9606.ENSP00000463334 9606.ENSP00000308000 0 0 0 64 0 0 315 331 
9606.ENSP00000463334 9606.ENSP00000360988 0 0 0 0 0 0 282 282 
9606.ENSP00000463334 9606.ENSP00000317431 0 0 0 0 0 0 198 198 
9606.ENSP00000463334 9606.ENSP00000310596 0 0 0 0 0 0 297 297 
9606.ENSP00000463334 9606.ENSP00000439065 0 0 0 61 0 0 179 196 
9606.ENSP00000463334 9606.ENSP00000383274 0 0 0 0 0 0 271 271 
9606.ENSP00000463334 9606.ENSP00000478179 0 0 0 0 0 0 161 161 
9606.ENSP00000463334 9606.ENSP00000376543 0 0 0 62 0 0 145 163 
9606.ENSP00000463334 9606.ENSP00000288071 0 0 0 62 833 0 330 886 
9606.ENSP00000463334 9606.ENSP00000245539 0 0 0 76 0 0 135 167 
9606.ENSP00000463334 9606.ENSP00000361917 0 0 0 0 0 0 309 309 
9606.ENSP00000463334 9606.ENSP00000372459 0 0 0 0 888 0 239 911 
9606.ENSP00000463334 9606.ENSP00000285116 0 0 0 0 0 0 282 282 
9606.ENSP00000463334 9606.ENSP00000477538 0 0 0 0 262 0 0 262 
9606.ENSP00000463334 9606.ENSP00000264951 0 0 0 63 0 0 212 230 
9606.ENSP00000463334 9606.ENSP00000480750 0 0 0 0 0 0 265 265 
9606.ENSP00000463334 9606.ENSP00000420306 0 0 0 63 0 0 167 186 
9606.ENSP00000463334 9606.ENSP00000387261 0 0 0 0 0 0 173 173 
9606.ENSP00000463334 9606.ENSP00000254616 0 0 0 0 0 0 250 250 
9606.ENSP00000463334 9606.ENSP00000261292 0 0 0 0 0 0 341 341 
9606.ENSP00000463334 9606.ENSP00000389015 0 0 0 62 0 0 158 176 
9606.ENSP00000463334 9606.ENSP00000226225 0 0 0 0 0 0 400 400 
9606.ENSP00000463334 9606.ENSP00000384197 0 0 0 0 161 0 0 161 
9606.ENSP00000463334 9606.ENSP00000377492 0 0 0 0 0 0 181 181 
9606.ENSP00000463334 9606.ENSP00000318085 0 0 0 110 242 0 227 433 
9606.ENSP00000463334 9606.ENSP00000223026 0 0 0 0 0 0 357 357 
