9606.ENSP00000375795 9606.ENSP00000299767 0 0 0 0 0 0 248 248 
9606.ENSP00000375795 9606.ENSP00000290200 0 0 0 0 172 600 582 849 
9606.ENSP00000375795 9606.ENSP00000305651 0 0 0 76 0 0 295 320 
9606.ENSP00000375795 9606.ENSP00000396527 0 0 0 0 0 0 226 226 
9606.ENSP00000375795 9606.ENSP00000376943 0 0 0 0 0 0 188 188 
9606.ENSP00000375795 9606.ENSP00000358142 0 0 0 0 0 0 201 201 
9606.ENSP00000375795 9606.ENSP00000376134 0 0 0 67 0 0 257 277 
9606.ENSP00000375795 9606.ENSP00000441691 0 0 0 88 0 0 139 181 
9606.ENSP00000375795 9606.ENSP00000418915 0 0 0 0 0 0 186 186 
9606.ENSP00000375795 9606.ENSP00000360266 0 0 0 0 0 0 311 311 
9606.ENSP00000375795 9606.ENSP00000370034 0 0 0 65 0 0 167 187 
9606.ENSP00000375795 9606.ENSP00000307939 0 0 0 0 0 0 202 202 
9606.ENSP00000375795 9606.ENSP00000365261 0 0 0 0 0 0 240 240 
9606.ENSP00000375795 9606.ENSP00000296456 0 0 0 0 0 0 210 210 
9606.ENSP00000375795 9606.ENSP00000356694 0 0 0 0 0 0 246 246 
9606.ENSP00000375795 9606.ENSP00000362778 0 0 0 0 0 0 173 173 
9606.ENSP00000375795 9606.ENSP00000397157 0 0 0 0 0 0 272 272 
9606.ENSP00000375795 9606.ENSP00000388223 0 0 0 0 171 0 0 171 
9606.ENSP00000375795 9606.ENSP00000380646 0 0 0 0 0 0 305 305 
9606.ENSP00000375795 9606.ENSP00000352849 0 0 0 0 0 0 211 211 
9606.ENSP00000375795 9606.ENSP00000470788 0 0 0 0 0 600 138 640 
9606.ENSP00000375795 9606.ENSP00000277010 0 0 0 0 0 0 429 429 
9606.ENSP00000375795 9606.ENSP00000430950 0 0 0 0 0 0 163 163 
9606.ENSP00000375795 9606.ENSP00000259213 0 0 0 0 0 0 248 248 
9606.ENSP00000375795 9606.ENSP00000229795 0 0 0 0 0 0 373 373 
9606.ENSP00000375795 9606.ENSP00000361850 0 0 0 0 0 0 171 171 
9606.ENSP00000375795 9606.ENSP00000317971 0 0 0 0 0 0 167 167 
9606.ENSP00000375795 9606.ENSP00000362994 0 0 0 136 0 0 89 179 
9606.ENSP00000375795 9606.ENSP00000301653 0 0 0 0 0 0 211 211 
9606.ENSP00000375795 9606.ENSP00000315130 0 0 0 0 379 0 95 414 
9606.ENSP00000375795 9606.ENSP00000332663 0 0 0 0 0 0 171 171 
9606.ENSP00000375795 9606.ENSP00000301420 0 0 0 0 0 0 155 155 
9606.ENSP00000375795 9606.ENSP00000343204 0 0 0 0 0 900 296 926 
9606.ENSP00000375795 9606.ENSP00000257861 0 0 0 0 0 0 165 165 
9606.ENSP00000375795 9606.ENSP00000350673 0 0 0 0 0 0 187 187 
9606.ENSP00000375795 9606.ENSP00000362795 0 0 0 98 0 0 105 158 
9606.ENSP00000375795 9606.ENSP00000302648 0 0 0 0 0 0 150 150 
9606.ENSP00000375795 9606.ENSP00000354394 0 0 0 0 0 900 390 936 
9606.ENSP00000375795 9606.ENSP00000363345 0 0 0 0 0 0 159 159 
9606.ENSP00000375795 9606.ENSP00000357731 0 0 0 0 0 0 164 164 
9606.ENSP00000375795 9606.ENSP00000378974 0 0 0 0 0 0 327 327 
9606.ENSP00000375795 9606.ENSP00000479488 0 0 0 0 0 0 167 167 
9606.ENSP00000375795 9606.ENSP00000440643 0 0 0 0 0 0 155 155 
9606.ENSP00000375795 9606.ENSP00000365435 0 0 0 88 0 0 205 243 
9606.ENSP00000375795 9606.ENSP00000345282 0 0 0 0 0 0 274 274 
9606.ENSP00000375795 9606.ENSP00000360025 0 0 0 0 0 0 232 232 
9606.ENSP00000375795 9606.ENSP00000418008 0 0 0 0 0 0 161 161 
9606.ENSP00000375795 9606.ENSP00000333919 0 0 0 152 0 0 79 186 
9606.ENSP00000375795 9606.ENSP00000268638 0 0 0 97 0 0 100 152 
9606.ENSP00000375795 9606.ENSP00000278836 0 0 0 0 0 0 187 187 
9606.ENSP00000375795 9606.ENSP00000293328 0 0 0 0 0 0 222 222 
9606.ENSP00000375795 9606.ENSP00000219235 0 0 0 0 0 0 199 199 
9606.ENSP00000375795 9606.ENSP00000322788 0 0 0 65 0 0 206 225 
9606.ENSP00000375795 9606.ENSP00000233057 0 0 0 0 0 0 209 209 
9606.ENSP00000375795 9606.ENSP00000221930 0 0 0 88 0 0 145 186 
9606.ENSP00000375795 9606.ENSP00000386289 0 0 0 0 0 0 150 150 
9606.ENSP00000375795 9606.ENSP00000257290 0 0 0 0 0 600 41 600 
9606.ENSP00000375795 9606.ENSP00000316491 0 0 0 0 0 0 499 499 
9606.ENSP00000375795 9606.ENSP00000481249 0 0 0 0 0 0 227 227 
9606.ENSP00000375795 9606.ENSP00000227752 0 0 0 134 0 600 473 801 
9606.ENSP00000375795 9606.ENSP00000231454 0 0 0 0 0 0 358 358 
9606.ENSP00000375795 9606.ENSP00000256442 0 0 0 0 0 0 170 170 
9606.ENSP00000375795 9606.ENSP00000463092 0 0 0 0 0 0 279 279 
9606.ENSP00000375795 9606.ENSP00000177694 0 0 0 140 0 0 205 287 
9606.ENSP00000375795 9606.ENSP00000186436 0 0 0 0 0 0 246 246 
9606.ENSP00000375795 9606.ENSP00000380421 0 0 0 88 0 0 134 176 
9606.ENSP00000375795 9606.ENSP00000407586 0 0 0 0 45 0 246 249 
9606.ENSP00000375795 9606.ENSP00000391676 0 0 0 69 0 0 145 169 
9606.ENSP00000375795 9606.ENSP00000454623 0 0 0 73 0 0 162 189 
9606.ENSP00000375795 9606.ENSP00000261796 0 0 0 63 0 0 465 477 
9606.ENSP00000375795 9606.ENSP00000324173 0 0 0 0 0 0 434 434 
9606.ENSP00000375795 9606.ENSP00000306522 0 0 0 0 0 0 225 225 
9606.ENSP00000375795 9606.ENSP00000315768 0 0 0 0 0 0 150 150 
9606.ENSP00000375795 9606.ENSP00000337065 0 0 0 0 0 0 176 176 
9606.ENSP00000375795 9606.ENSP00000233954 0 0 0 0 0 0 213 213 
9606.ENSP00000375795 9606.ENSP00000407822 0 0 0 0 0 0 202 202 
9606.ENSP00000375795 9606.ENSP00000359663 0 0 0 76 0 0 212 240 
9606.ENSP00000375795 9606.ENSP00000307786 0 0 0 0 0 0 211 211 
9606.ENSP00000375795 9606.ENSP00000378408 0 0 0 0 0 0 239 239 
9606.ENSP00000375795 9606.ENSP00000360242 0 0 0 0 0 0 210 210 
9606.ENSP00000375795 9606.ENSP00000320936 0 0 0 0 0 0 226 226 
9606.ENSP00000375795 9606.ENSP00000389026 0 0 0 0 0 0 181 181 
9606.ENSP00000375795 9606.ENSP00000262345 0 0 0 0 0 600 159 649 
9606.ENSP00000375795 9606.ENSP00000373325 0 0 0 0 0 0 189 189 
9606.ENSP00000375795 9606.ENSP00000380697 0 0 0 76 0 0 123 155 
9606.ENSP00000375795 9606.ENSP00000226730 0 0 0 0 0 0 440 440 
9606.ENSP00000375795 9606.ENSP00000388001 0 0 0 69 0 0 130 155 
9606.ENSP00000375795 9606.ENSP00000263974 0 0 0 0 0 0 206 206 
9606.ENSP00000375795 9606.ENSP00000367828 0 0 0 0 0 0 173 173 
9606.ENSP00000375795 9606.ENSP00000328133 0 0 0 62 126 900 738 975 
9606.ENSP00000375795 9606.ENSP00000361548 0 0 0 0 0 600 0 600 
9606.ENSP00000375795 9606.ENSP00000400533 0 0 0 0 0 0 171 171 
9606.ENSP00000375795 9606.ENSP00000355231 0 0 0 0 0 0 290 290 
9606.ENSP00000375795 9606.ENSP00000306157 0 0 0 152 0 600 74 658 
9606.ENSP00000375795 9606.ENSP00000333685 0 0 0 0 0 0 163 163 
9606.ENSP00000375795 9606.ENSP00000330237 0 0 0 0 0 0 268 268 
9606.ENSP00000375795 9606.ENSP00000260130 0 0 0 0 0 0 159 159 
9606.ENSP00000375795 9606.ENSP00000469049 0 0 0 76 0 0 198 228 
9606.ENSP00000375795 9606.ENSP00000263339 0 0 0 70 0 0 378 396 
9606.ENSP00000375795 9606.ENSP00000200453 0 0 0 63 0 0 297 313 
9606.ENSP00000375795 9606.ENSP00000276943 0 0 0 63 0 0 312 328 
9606.ENSP00000375795 9606.ENSP00000301887 0 0 0 0 0 0 188 188 
9606.ENSP00000375795 9606.ENSP00000261692 0 0 0 0 0 0 540 540 
9606.ENSP00000375795 9606.ENSP00000362680 0 0 0 0 0 0 167 167 
9606.ENSP00000375795 9606.ENSP00000306245 0 0 0 0 0 0 167 167 
9606.ENSP00000375795 9606.ENSP00000376453 0 0 0 0 0 0 385 385 
9606.ENSP00000375795 9606.ENSP00000356065 0 0 0 88 0 0 129 172 
9606.ENSP00000375795 9606.ENSP00000484431 0 0 0 155 0 0 64 175 
9606.ENSP00000375795 9606.ENSP00000333639 0 0 0 0 0 0 559 559 
9606.ENSP00000375795 9606.ENSP00000171757 0 0 0 175 0 0 0 175 
9606.ENSP00000375795 9606.ENSP00000250405 0 0 0 0 0 0 168 168 
9606.ENSP00000375795 9606.ENSP00000356936 0 0 0 181 0 0 0 181 
9606.ENSP00000375795 9606.ENSP00000222139 0 0 0 0 0 600 50 603 
9606.ENSP00000375795 9606.ENSP00000410198 0 0 0 0 0 0 234 234 
9606.ENSP00000375795 9606.ENSP00000326159 0 0 0 0 0 0 193 193 
9606.ENSP00000375795 9606.ENSP00000358072 0 0 0 0 0 0 250 250 
9606.ENSP00000375795 9606.ENSP00000368265 0 0 0 0 0 600 0 600 
9606.ENSP00000375795 9606.ENSP00000263379 0 0 0 74 0 600 199 677 
9606.ENSP00000375795 9606.ENSP00000375919 0 0 0 0 0 0 176 176 
9606.ENSP00000375795 9606.ENSP00000228434 0 0 0 99 0 0 96 150 
9606.ENSP00000375795 9606.ENSP00000380024 0 0 0 0 0 0 208 208 
9606.ENSP00000375795 9606.ENSP00000440594 0 0 0 0 0 0 168 168 
9606.ENSP00000375795 9606.ENSP00000329418 0 0 0 74 0 0 211 238 
9606.ENSP00000375795 9606.ENSP00000236147 0 0 0 140 0 0 108 200 
9606.ENSP00000375795 9606.ENSP00000417492 0 0 0 0 0 0 288 288 
9606.ENSP00000375795 9606.ENSP00000259211 0 0 0 0 0 0 282 282 
9606.ENSP00000375795 9606.ENSP00000326581 0 0 0 0 0 0 248 248 
9606.ENSP00000375795 9606.ENSP00000359787 0 0 0 0 0 0 193 193 
9606.ENSP00000375795 9606.ENSP00000286639 0 0 0 119 0 0 193 258 
9606.ENSP00000375795 9606.ENSP00000365380 0 0 0 66 0 0 255 274 
9606.ENSP00000375795 9606.ENSP00000398632 0 0 0 88 0 0 172 212 
9606.ENSP00000375795 9606.ENSP00000378485 0 0 0 0 0 0 191 191 
9606.ENSP00000375795 9606.ENSP00000427424 0 0 0 97 0 0 118 169 
9606.ENSP00000375795 9606.ENSP00000302935 0 0 0 77 0 0 294 320 
9606.ENSP00000375795 9606.ENSP00000312318 0 0 0 0 0 0 233 233 
9606.ENSP00000375795 9606.ENSP00000282701 0 0 0 0 0 0 150 150 
9606.ENSP00000375795 9606.ENSP00000403495 0 0 0 91 0 0 111 157 
9606.ENSP00000375795 9606.ENSP00000398698 0 0 0 98 0 0 424 458 
9606.ENSP00000375795 9606.ENSP00000162749 0 0 0 0 0 0 186 186 
9606.ENSP00000375795 9606.ENSP00000351273 0 0 0 70 45 0 270 295 
9606.ENSP00000375795 9606.ENSP00000379140 0 0 0 0 0 0 167 167 
9606.ENSP00000375795 9606.ENSP00000442424 0 0 0 80 0 0 515 534 
9606.ENSP00000375795 9606.ENSP00000216117 0 0 0 63 0 0 146 165 
9606.ENSP00000375795 9606.ENSP00000358490 0 0 0 130 0 0 99 182 
9606.ENSP00000375795 9606.ENSP00000362711 0 0 0 0 0 0 259 259 
9606.ENSP00000375795 9606.ENSP00000296027 0 0 0 0 0 0 293 293 
9606.ENSP00000375795 9606.ENSP00000314151 0 0 0 0 0 0 189 189 
9606.ENSP00000375795 9606.ENSP00000296026 0 0 0 63 0 0 360 374 
9606.ENSP00000375795 9606.ENSP00000257570 0 0 0 77 0 0 145 177 
9606.ENSP00000375795 9606.ENSP00000451828 0 0 0 0 45 0 336 338 
9606.ENSP00000375795 9606.ENSP00000225474 0 0 0 69 0 0 243 265 
9606.ENSP00000375795 9606.ENSP00000484631 0 0 0 0 0 0 214 214 
9606.ENSP00000375795 9606.ENSP00000259206 0 0 0 114 0 0 244 301 
9606.ENSP00000375795 9606.ENSP00000295897 0 0 0 0 0 0 214 214 
9606.ENSP00000375795 9606.ENSP00000412524 0 0 0 0 0 0 211 211 
9606.ENSP00000375795 9606.ENSP00000474412 0 0 0 87 0 0 244 280 
9606.ENSP00000375795 9606.ENSP00000244174 0 0 0 65 0 600 186 668 
9606.ENSP00000375795 9606.ENSP00000376188 0 0 0 0 0 0 329 329 
9606.ENSP00000375795 9606.ENSP00000229239 0 0 0 0 0 0 266 266 
9606.ENSP00000375795 9606.ENSP00000481570 0 0 0 127 0 0 220 290 
9606.ENSP00000375795 9606.ENSP00000262133 0 0 0 0 0 0 227 227 
9606.ENSP00000375795 9606.ENSP00000308815 0 0 0 0 0 0 153 153 
9606.ENSP00000375795 9606.ENSP00000263409 0 0 0 0 0 600 0 600 
9606.ENSP00000375795 9606.ENSP00000362395 0 0 0 0 0 0 173 173 
9606.ENSP00000375795 9606.ENSP00000376436 0 0 0 110 0 0 186 244 
9606.ENSP00000375795 9606.ENSP00000269571 0 0 0 0 0 0 221 221 
9606.ENSP00000375795 9606.ENSP00000306335 0 0 0 0 0 0 245 245 
9606.ENSP00000375795 9606.ENSP00000269305 0 0 0 0 0 0 400 400 
9606.ENSP00000375795 9606.ENSP00000453502 0 0 0 0 0 0 630 630 
9606.ENSP00000375795 9606.ENSP00000361004 0 0 0 0 0 600 171 654 
9606.ENSP00000375795 9606.ENSP00000469591 0 0 0 0 0 0 452 452 
9606.ENSP00000375795 9606.ENSP00000356058 0 0 0 62 0 0 442 454 
9606.ENSP00000375795 9606.ENSP00000449756 0 0 0 63 0 0 228 245 
9606.ENSP00000375795 9606.ENSP00000386380 0 0 0 0 0 0 228 228 
9606.ENSP00000375795 9606.ENSP00000371067 0 0 0 0 0 0 219 219 
9606.ENSP00000375795 9606.ENSP00000270800 0 0 0 0 0 900 726 971 
9606.ENSP00000375795 9606.ENSP00000228280 0 0 0 0 0 0 191 191 
9606.ENSP00000375795 9606.ENSP00000264657 0 0 0 0 0 900 476 945 
9606.ENSP00000375795 9606.ENSP00000354566 0 0 0 126 0 0 84 166 
9606.ENSP00000375795 9606.ENSP00000360141 0 0 0 0 0 0 172 172 
9606.ENSP00000375795 9606.ENSP00000308117 0 0 0 0 0 0 167 167 
9606.ENSP00000375795 9606.ENSP00000222812 0 0 0 0 0 0 169 169 
9606.ENSP00000375795 9606.ENSP00000376896 0 0 0 0 0 0 284 284 
9606.ENSP00000375795 9606.ENSP00000333779 0 0 0 152 0 0 0 152 
9606.ENSP00000375795 9606.ENSP00000480467 0 0 0 0 0 0 197 197 
9606.ENSP00000375795 9606.ENSP00000169298 0 0 0 0 0 0 163 163 
9606.ENSP00000375795 9606.ENSP00000282412 0 0 0 0 0 0 152 152 
9606.ENSP00000375795 9606.ENSP00000376893 0 0 0 0 0 0 188 188 
9606.ENSP00000375795 9606.ENSP00000332788 0 0 0 88 0 0 172 212 
9606.ENSP00000375795 9606.ENSP00000279804 0 0 0 0 0 0 153 153 
9606.ENSP00000375795 9606.ENSP00000357389 0 0 0 0 0 0 281 281 
9606.ENSP00000375795 9606.ENSP00000268164 0 0 0 0 0 0 186 186 
9606.ENSP00000375795 9606.ENSP00000301838 0 0 0 0 0 0 161 161 
9606.ENSP00000375795 9606.ENSP00000274306 0 0 0 88 0 0 126 168 
9606.ENSP00000375795 9606.ENSP00000379110 0 0 0 72 0 0 328 349 
9606.ENSP00000375795 9606.ENSP00000357726 0 0 0 76 0 0 174 204 
9606.ENSP00000375795 9606.ENSP00000312455 0 0 0 65 0 0 238 257 
9606.ENSP00000375795 9606.ENSP00000241261 0 0 0 65 0 0 270 288 
9606.ENSP00000375795 9606.ENSP00000229134 0 0 0 0 0 0 738 738 
9606.ENSP00000375795 9606.ENSP00000409346 0 0 0 73 0 0 167 194 
9606.ENSP00000375795 9606.ENSP00000348888 0 0 0 0 0 0 195 195 
9606.ENSP00000375795 9606.ENSP00000216294 0 0 0 0 0 0 182 182 
9606.ENSP00000375795 9606.ENSP00000443246 0 0 0 0 0 0 224 224 
9606.ENSP00000375795 9606.ENSP00000221972 0 0 0 181 0 0 0 181 
9606.ENSP00000375795 9606.ENSP00000306884 0 0 0 0 0 0 210 210 
9606.ENSP00000375795 9606.ENSP00000349365 0 0 0 66 0 0 165 186 
9606.ENSP00000375795 9606.ENSP00000378409 0 0 0 0 0 0 161 161 
9606.ENSP00000375795 9606.ENSP00000270139 0 0 0 0 172 600 162 698 
9606.ENSP00000375795 9606.ENSP00000365048 0 0 0 0 0 0 180 180 
9606.ENSP00000375795 9606.ENSP00000216341 0 0 0 98 0 0 116 168 
9606.ENSP00000375795 9606.ENSP00000483403 0 0 0 0 0 600 0 600 
9606.ENSP00000375795 9606.ENSP00000354932 0 0 0 125 0 0 145 219 
9606.ENSP00000375795 9606.ENSP00000302924 0 0 0 63 0 0 288 304 
9606.ENSP00000375795 9606.ENSP00000457421 0 0 0 0 0 0 224 224 
9606.ENSP00000375795 9606.ENSP00000485043 0 0 0 0 0 0 248 248 
9606.ENSP00000375795 9606.ENSP00000390020 0 0 0 158 0 0 46 162 
9606.ENSP00000375795 9606.ENSP00000450565 0 0 0 0 0 600 85 618 
9606.ENSP00000375795 9606.ENSP00000347665 0 0 0 0 0 0 198 198 
9606.ENSP00000375795 9606.ENSP00000361021 0 0 0 0 54 0 207 217 
9606.ENSP00000375795 9606.ENSP00000381775 0 0 0 0 0 0 161 161 
9606.ENSP00000375795 9606.ENSP00000296795 0 0 0 0 0 0 194 194 
9606.ENSP00000375795 9606.ENSP00000275493 0 0 0 0 0 600 260 691 
9606.ENSP00000375795 9606.ENSP00000433277 0 0 0 194 0 0 0 194 
9606.ENSP00000375795 9606.ENSP00000363596 0 0 0 0 0 0 246 246 
9606.ENSP00000375795 9606.ENSP00000261799 0 0 0 0 0 600 63 609 
9606.ENSP00000375795 9606.ENSP00000215781 0 0 0 88 0 0 167 207 
9606.ENSP00000375795 9606.ENSP00000225831 0 0 0 0 0 0 311 311 
9606.ENSP00000375795 9606.ENSP00000482259 0 0 0 98 0 0 154 204 
9606.ENSP00000375795 9606.ENSP00000228463 0 0 0 131 0 0 81 167 
9606.ENSP00000375795 9606.ENSP00000313581 0 0 0 0 0 0 150 150 
9606.ENSP00000375795 9606.ENSP00000419923 0 0 0 0 0 0 256 256 
9606.ENSP00000375795 9606.ENSP00000271450 0 0 0 69 0 0 136 161 
9606.ENSP00000375795 9606.ENSP00000412209 0 0 0 0 0 600 116 631 
9606.ENSP00000375795 9606.ENSP00000378517 0 0 0 0 0 0 153 153 
9606.ENSP00000375795 9606.ENSP00000341938 0 0 0 0 0 0 347 347 
9606.ENSP00000375795 9606.ENSP00000228534 0 0 0 98 0 0 188 236 
9606.ENSP00000375795 9606.ENSP00000324890 0 0 0 87 0 0 166 206 
9606.ENSP00000375795 9606.ENSP00000331556 0 0 0 0 0 0 150 150 
9606.ENSP00000375795 9606.ENSP00000452780 0 0 0 110 0 0 100 164 
9606.ENSP00000375795 9606.ENSP00000263341 0 0 0 127 0 0 348 406 
9606.ENSP00000375795 9606.ENSP00000330393 0 0 0 0 0 600 50 603 
9606.ENSP00000375795 9606.ENSP00000274520 0 0 0 62 0 0 420 432 
9606.ENSP00000375795 9606.ENSP00000477908 0 0 0 88 0 0 215 253 
9606.ENSP00000375795 9606.ENSP00000266659 0 0 0 69 0 0 401 418 
9606.ENSP00000375795 9606.ENSP00000269980 0 0 0 0 0 0 224 224 
9606.ENSP00000375795 9606.ENSP00000362179 0 0 0 98 0 0 111 164 
9606.ENSP00000375795 9606.ENSP00000315370 0 0 0 0 0 0 154 154 
9606.ENSP00000375795 9606.ENSP00000221847 0 0 0 70 0 0 210 233 
9606.ENSP00000375795 9606.ENSP00000329991 0 0 0 0 0 0 646 646 
9606.ENSP00000375795 9606.ENSP00000317872 0 0 0 0 0 0 217 217 
9606.ENSP00000375795 9606.ENSP00000276431 0 0 0 0 0 0 161 161 
9606.ENSP00000375795 9606.ENSP00000383715 0 0 0 68 0 0 167 190 
9606.ENSP00000375795 9606.ENSP00000398568 0 0 0 89 0 0 147 189 
9606.ENSP00000375795 9606.ENSP00000286621 0 0 0 0 0 0 308 308 
9606.ENSP00000375795 9606.ENSP00000395389 0 0 0 0 0 0 334 334 
9606.ENSP00000375795 9606.ENSP00000377547 0 0 0 0 0 0 198 198 
9606.ENSP00000375795 9606.ENSP00000332049 0 0 0 98 0 0 151 201 
9606.ENSP00000375795 9606.ENSP00000363330 0 0 0 154 0 0 0 154 
9606.ENSP00000375795 9606.ENSP00000344192 0 0 0 64 0 0 473 485 
9606.ENSP00000375795 9606.ENSP00000416996 0 0 0 0 0 0 150 150 
9606.ENSP00000375795 9606.ENSP00000326432 0 0 0 69 0 0 162 186 
9606.ENSP00000375795 9606.ENSP00000360216 0 0 0 0 0 0 166 166 
9606.ENSP00000375795 9606.ENSP00000264257 0 0 0 0 0 0 150 150 
9606.ENSP00000375795 9606.ENSP00000226574 0 0 0 74 0 0 132 161 
9606.ENSP00000375795 9606.ENSP00000227880 0 0 0 97 0 0 152 201 
9606.ENSP00000375795 9606.ENSP00000309338 0 0 0 76 0 0 224 253 
9606.ENSP00000375795 9606.ENSP00000303939 0 0 0 88 0 0 237 274 
9606.ENSP00000375795 9606.ENSP00000302485 0 0 0 0 0 0 265 265 
9606.ENSP00000375795 9606.ENSP00000264563 0 0 0 0 0 0 442 442 
9606.ENSP00000375795 9606.ENSP00000305422 0 0 0 69 0 0 138 163 
9606.ENSP00000375795 9606.ENSP00000356505 0 0 0 151 0 0 0 151 
9606.ENSP00000375795 9606.ENSP00000310036 0 0 0 0 0 0 173 173 
9606.ENSP00000375795 9606.ENSP00000440864 0 0 0 0 0 0 157 157 
9606.ENSP00000375795 9606.ENSP00000276927 0 0 0 0 0 0 267 267 
9606.ENSP00000375795 9606.ENSP00000328016 0 0 0 0 0 0 209 209 
9606.ENSP00000375795 9606.ENSP00000442973 0 0 0 0 0 0 323 323 
9606.ENSP00000375795 9606.ENSP00000387211 0 0 0 76 0 0 247 274 
9606.ENSP00000375795 9606.ENSP00000439244 0 0 0 0 0 0 171 171 
9606.ENSP00000375795 9606.ENSP00000400175 0 0 0 0 0 0 219 219 
9606.ENSP00000375795 9606.ENSP00000329797 0 0 0 0 0 0 591 591 
9606.ENSP00000375795 9606.ENSP00000260010 0 0 0 76 0 0 223 251 
9606.ENSP00000375795 9606.ENSP00000259205 0 0 0 0 0 0 267 267 
9606.ENSP00000375795 9606.ENSP00000323670 0 0 0 0 0 0 454 454 
9606.ENSP00000375795 9606.ENSP00000261891 0 0 0 0 0 0 235 235 
9606.ENSP00000375795 9606.ENSP00000264072 0 0 0 153 0 0 0 153 
9606.ENSP00000375795 9606.ENSP00000306190 0 0 0 169 0 0 56 181 
9606.ENSP00000375795 9606.ENSP00000263025 0 0 0 0 0 0 266 266 
9606.ENSP00000375795 9606.ENSP00000384053 0 0 0 108 0 600 83 644 
9606.ENSP00000375795 9606.ENSP00000364621 0 0 0 76 0 0 120 152 
9606.ENSP00000375795 9606.ENSP00000264498 0 0 0 0 0 0 165 165 
9606.ENSP00000375795 9606.ENSP00000389600 0 0 0 88 0 0 140 182 
9606.ENSP00000375795 9606.ENSP00000339328 0 0 0 65 0 0 133 154 
9606.ENSP00000375795 9606.ENSP00000296511 0 0 0 0 0 0 323 323 
9606.ENSP00000375795 9606.ENSP00000216223 0 0 0 110 0 600 196 688 
9606.ENSP00000375795 9606.ENSP00000356438 0 0 0 76 0 0 296 321 
9606.ENSP00000375795 9606.ENSP00000310241 0 0 0 0 0 0 226 226 
9606.ENSP00000375795 9606.ENSP00000380432 0 0 0 63 0 0 187 205 
9606.ENSP00000375795 9606.ENSP00000369581 0 0 0 63 0 0 400 413 
9606.ENSP00000375795 9606.ENSP00000338010 0 0 0 76 0 600 212 683 
9606.ENSP00000375795 9606.ENSP00000290271 0 0 0 0 0 0 190 190 
9606.ENSP00000375795 9606.ENSP00000366628 0 0 0 0 0 0 167 167 
9606.ENSP00000375795 9606.ENSP00000437940 0 0 0 99 0 0 144 195 
9606.ENSP00000375795 9606.ENSP00000206765 0 0 0 0 0 0 159 159 
9606.ENSP00000375795 9606.ENSP00000353874 0 0 0 76 0 0 187 216 
9606.ENSP00000375795 9606.ENSP00000398495 0 0 0 0 0 0 167 167 
9606.ENSP00000375795 9606.ENSP00000355890 0 0 0 0 0 0 158 158 
9606.ENSP00000375795 9606.ENSP00000308452 0 0 0 0 0 0 168 168 
9606.ENSP00000375795 9606.ENSP00000327070 0 0 0 0 0 0 269 269 
9606.ENSP00000375795 9606.ENSP00000226317 0 0 0 0 0 0 201 201 
9606.ENSP00000375795 9606.ENSP00000228872 0 0 0 0 0 0 174 174 
9606.ENSP00000375795 9606.ENSP00000478570 0 0 0 0 0 0 624 624 
9606.ENSP00000375795 9606.ENSP00000401645 0 0 0 89 0 0 187 227 
9606.ENSP00000375795 9606.ENSP00000075503 0 0 0 0 0 0 167 167 
9606.ENSP00000375795 9606.ENSP00000292301 0 0 0 88 0 0 112 155 
9606.ENSP00000375795 9606.ENSP00000361359 0 0 0 69 0 0 189 212 
9606.ENSP00000375795 9606.ENSP00000296871 0 0 0 65 0 0 399 414 
9606.ENSP00000375795 9606.ENSP00000327025 0 0 0 0 0 0 185 185 
9606.ENSP00000375795 9606.ENSP00000369293 0 0 0 71 0 600 211 681 
9606.ENSP00000375795 9606.ENSP00000364246 0 0 0 59 0 0 151 167 
9606.ENSP00000375795 9606.ENSP00000453302 0 0 0 140 0 0 248 326 
9606.ENSP00000375795 9606.ENSP00000256078 0 0 0 0 45 0 221 225 
9606.ENSP00000375795 9606.ENSP00000340409 0 0 0 0 0 0 225 225 
9606.ENSP00000375795 9606.ENSP00000290219 0 0 0 0 172 600 87 671 
9606.ENSP00000375795 9606.ENSP00000367202 0 0 0 0 0 0 282 282 
9606.ENSP00000375795 9606.ENSP00000326261 0 0 0 0 0 0 153 153 
9606.ENSP00000375795 9606.ENSP00000370842 0 0 0 0 0 0 347 347 
9606.ENSP00000375795 9606.ENSP00000378505 0 0 0 0 0 0 165 165 
9606.ENSP00000375795 9606.ENSP00000302564 0 0 0 0 0 0 400 400 
9606.ENSP00000375795 9606.ENSP00000267843 0 0 0 0 0 0 201 201 
9606.ENSP00000375795 9606.ENSP00000344352 0 0 0 0 0 0 171 171 
9606.ENSP00000375795 9606.ENSP00000450456 0 0 0 61 0 0 138 156 
9606.ENSP00000375795 9606.ENSP00000296545 0 0 0 0 0 0 330 330 
9606.ENSP00000375795 9606.ENSP00000480150 0 0 0 0 0 0 213 213 
9606.ENSP00000375795 9606.ENSP00000463027 0 0 0 0 0 0 161 161 
9606.ENSP00000375795 9606.ENSP00000406327 0 0 0 0 0 0 251 251 
9606.ENSP00000375795 9606.ENSP00000229135 0 0 0 108 0 0 323 370 
9606.ENSP00000375795 9606.ENSP00000343952 0 0 0 0 0 0 167 167 
9606.ENSP00000375795 9606.ENSP00000363799 0 0 0 0 0 0 230 230 
9606.ENSP00000375795 9606.ENSP00000322730 0 0 0 0 0 0 556 556 
9606.ENSP00000375795 9606.ENSP00000357776 0 0 0 0 0 0 161 161 
9606.ENSP00000375795 9606.ENSP00000337432 0 0 0 64 0 0 382 396 
9606.ENSP00000375795 9606.ENSP00000330959 0 0 0 88 0 0 326 359 
9606.ENSP00000375795 9606.ENSP00000302961 0 0 0 0 0 0 171 171 
9606.ENSP00000375795 9606.ENSP00000243347 0 0 0 76 0 0 318 342 
9606.ENSP00000375795 9606.ENSP00000261769 0 0 0 0 0 0 508 508 
9606.ENSP00000375795 9606.ENSP00000479618 0 0 0 0 0 0 220 220 
9606.ENSP00000375795 9606.ENSP00000225842 0 0 0 0 0 0 196 196 
9606.ENSP00000375795 9606.ENSP00000424598 0 0 0 0 0 0 152 152 
9606.ENSP00000375795 9606.ENSP00000402855 0 0 0 92 0 0 103 151 
9606.ENSP00000375795 9606.ENSP00000359181 0 0 0 0 0 0 442 442 
9606.ENSP00000375795 9606.ENSP00000239938 0 0 0 0 0 0 311 311 
9606.ENSP00000375795 9606.ENSP00000485552 0 0 0 0 0 0 156 156 
9606.ENSP00000375795 9606.ENSP00000327824 0 0 0 0 0 600 354 730 
9606.ENSP00000375795 9606.ENSP00000336861 0 0 0 0 0 0 222 222 
9606.ENSP00000375795 9606.ENSP00000357789 0 0 0 0 0 0 187 187 
9606.ENSP00000375795 9606.ENSP00000245414 0 0 0 94 0 0 243 284 
9606.ENSP00000375795 9606.ENSP00000314976 0 0 0 0 463 900 768 986 
9606.ENSP00000375795 9606.ENSP00000385675 0 0 0 95 0 0 687 705 
9606.ENSP00000375795 9606.ENSP00000313875 0 0 0 0 0 0 165 165 
9606.ENSP00000375795 9606.ENSP00000362105 0 0 0 0 0 0 195 195 
9606.ENSP00000375795 9606.ENSP00000368538 0 0 0 88 0 0 111 154 
9606.ENSP00000375795 9606.ENSP00000216218 0 0 0 0 0 0 386 386 
9606.ENSP00000375795 9606.ENSP00000354901 0 0 0 65 0 0 189 209 
9606.ENSP00000375795 9606.ENSP00000297142 0 0 0 0 0 0 169 169 
9606.ENSP00000375795 9606.ENSP00000357470 0 0 0 70 0 600 232 689 
9606.ENSP00000375795 9606.ENSP00000339804 0 0 0 0 0 0 265 265 
9606.ENSP00000375795 9606.ENSP00000303434 0 0 0 0 0 0 154 154 
9606.ENSP00000375795 9606.ENSP00000458585 0 0 0 62 0 0 183 200 
9606.ENSP00000375795 9606.ENSP00000249075 0 0 0 0 0 0 187 187 
9606.ENSP00000375795 9606.ENSP00000332706 0 0 0 0 0 0 364 364 
9606.ENSP00000375795 9606.ENSP00000473290 0 0 0 0 0 0 191 191 
9606.ENSP00000375795 9606.ENSP00000386884 0 0 0 76 0 0 206 234 
9606.ENSP00000375795 9606.ENSP00000362108 0 0 0 0 0 0 154 154 
9606.ENSP00000375795 9606.ENSP00000351497 0 0 0 98 0 0 111 164 
9606.ENSP00000375795 9606.ENSP00000363318 0 0 0 140 0 600 63 649 
9606.ENSP00000375795 9606.ENSP00000300098 0 0 0 0 0 0 167 167 
9606.ENSP00000375795 9606.ENSP00000358022 0 0 0 0 0 0 360 360 
9606.ENSP00000375795 9606.ENSP00000394227 0 0 0 0 0 600 65 610 
9606.ENSP00000375795 9606.ENSP00000265171 0 0 0 0 0 0 230 230 
9606.ENSP00000375795 9606.ENSP00000370989 0 0 0 111 0 0 162 223 
9606.ENSP00000375795 9606.ENSP00000259915 0 0 0 0 0 0 434 434 
9606.ENSP00000375795 9606.ENSP00000432218 0 0 0 77 0 0 471 490 
9606.ENSP00000375795 9606.ENSP00000231449 0 0 0 0 0 0 444 444 
9606.ENSP00000375795 9606.ENSP00000411355 0 0 0 106 0 0 126 185 
9606.ENSP00000375795 9606.ENSP00000366234 0 0 0 0 0 0 420 420 
9606.ENSP00000375795 9606.ENSP00000360821 0 0 0 0 0 0 246 246 
9606.ENSP00000375795 9606.ENSP00000347979 0 0 0 62 0 0 258 274 
9606.ENSP00000375795 9606.ENSP00000351671 0 0 0 93 0 0 416 447 
9606.ENSP00000375795 9606.ENSP00000245817 0 0 0 0 0 0 188 188 
9606.ENSP00000375795 9606.ENSP00000246657 0 0 0 279 0 0 133 348 
9606.ENSP00000375795 9606.ENSP00000349967 0 0 0 90 0 0 213 253 
9606.ENSP00000375795 9606.ENSP00000357712 0 0 0 0 0 0 388 388 
9606.ENSP00000375795 9606.ENSP00000267953 0 0 0 185 0 0 133 263 
9606.ENSP00000375795 9606.ENSP00000297524 0 0 0 0 0 0 156 156 
9606.ENSP00000375795 9606.ENSP00000417763 0 0 0 0 0 0 349 349 
9606.ENSP00000375795 9606.ENSP00000433138 0 0 0 140 0 0 90 183 
9606.ENSP00000375795 9606.ENSP00000306512 0 0 0 97 0 0 441 473 
9606.ENSP00000375795 9606.ENSP00000311032 0 0 0 0 0 0 388 388 
9606.ENSP00000375795 9606.ENSP00000327513 0 0 0 0 0 0 205 205 
9606.ENSP00000375795 9606.ENSP00000482954 0 0 0 0 0 600 0 600 
9606.ENSP00000375795 9606.ENSP00000263851 0 0 0 66 0 0 314 331 
9606.ENSP00000375795 9606.ENSP00000428426 0 0 0 0 0 0 151 151 
9606.ENSP00000375795 9606.ENSP00000297689 0 0 0 0 0 0 161 161 
9606.ENSP00000375795 9606.ENSP00000412237 0 0 0 129 0 0 669 699 
9606.ENSP00000375795 9606.ENSP00000380174 0 0 0 0 0 0 161 161 
9606.ENSP00000375795 9606.ENSP00000431885 0 0 0 0 0 0 256 256 
9606.ENSP00000375795 9606.ENSP00000359783 0 0 0 88 0 0 152 193 
9606.ENSP00000375795 9606.ENSP00000412886 0 0 0 0 0 0 414 414 
9606.ENSP00000375795 9606.ENSP00000246115 0 0 0 151 0 0 0 151 
9606.ENSP00000375795 9606.ENSP00000448665 0 0 0 0 0 0 299 299 
9606.ENSP00000375795 9606.ENSP00000292303 0 0 0 88 101 0 146 238 
9606.ENSP00000375795 9606.ENSP00000304915 0 0 0 0 0 0 424 424 
9606.ENSP00000375795 9606.ENSP00000296980 0 0 0 0 0 600 473 780 
9606.ENSP00000375795 9606.ENSP00000266557 0 0 0 102 0 0 193 244 
9606.ENSP00000375795 9606.ENSP00000394863 0 0 0 0 0 0 224 224 
9606.ENSP00000375795 9606.ENSP00000296870 0 0 0 0 0 0 254 254 
9606.ENSP00000375795 9606.ENSP00000321345 0 0 0 0 0 600 292 704 
9606.ENSP00000375795 9606.ENSP00000473631 0 0 0 0 0 0 222 222 
9606.ENSP00000375795 9606.ENSP00000368872 0 0 0 0 0 0 206 206 
9606.ENSP00000375795 9606.ENSP00000398736 0 0 0 0 0 0 212 212 
9606.ENSP00000375795 9606.ENSP00000376135 0 0 0 0 0 0 171 171 
9606.ENSP00000375795 9606.ENSP00000375899 0 0 0 175 0 0 0 175 
9606.ENSP00000375795 9606.ENSP00000280357 0 0 0 0 0 0 347 347 
9606.ENSP00000375795 9606.ENSP00000370698 0 0 0 0 0 600 146 643 
9606.ENSP00000375795 9606.ENSP00000274276 0 0 0 0 0 600 70 612 
9606.ENSP00000375795 9606.ENSP00000302111 0 0 0 0 0 0 443 443 
9606.ENSP00000375795 9606.ENSP00000260113 0 0 0 0 0 0 173 173 
9606.ENSP00000375795 9606.ENSP00000227155 0 0 0 0 0 0 248 248 
9606.ENSP00000375795 9606.ENSP00000479955 0 0 0 0 0 0 187 187 
9606.ENSP00000375795 9606.ENSP00000357152 0 0 0 132 0 0 101 186 
9606.ENSP00000375795 9606.ENSP00000367832 0 0 0 62 0 0 266 282 
9606.ENSP00000375795 9606.ENSP00000286424 0 0 0 0 0 0 421 421 
9606.ENSP00000375795 9606.ENSP00000372088 0 0 0 0 45 0 177 180 
9606.ENSP00000375795 9606.ENSP00000328111 0 0 0 0 0 0 210 210 
9606.ENSP00000375795 9606.ENSP00000266126 0 0 0 0 0 0 163 163 
9606.ENSP00000375795 9606.ENSP00000278742 0 0 0 0 0 0 360 360 
9606.ENSP00000375795 9606.ENSP00000362195 0 0 0 0 0 600 85 618 
9606.ENSP00000375795 9606.ENSP00000295981 0 0 0 0 0 0 166 166 
9606.ENSP00000375795 9606.ENSP00000306390 0 0 0 0 0 0 161 161 
9606.ENSP00000375795 9606.ENSP00000295685 0 0 0 65 0 0 152 173 
9606.ENSP00000375795 9606.ENSP00000424191 0 0 0 0 0 0 448 448 
9606.ENSP00000375795 9606.ENSP00000483059 0 0 0 0 0 0 325 325 
9606.ENSP00000375795 9606.ENSP00000299855 0 0 0 65 0 0 161 181 
9606.ENSP00000375795 9606.ENSP00000264246 0 0 0 88 0 0 213 251 
9606.ENSP00000375795 9606.ENSP00000343957 0 0 0 0 0 600 192 663 
9606.ENSP00000375795 9606.ENSP00000370343 0 0 0 98 0 0 162 211 
9606.ENSP00000375795 9606.ENSP00000215832 0 0 0 0 0 0 212 212 
9606.ENSP00000375795 9606.ENSP00000418018 0 0 0 63 0 0 186 204 
9606.ENSP00000375795 9606.ENSP00000325589 0 0 0 126 0 0 86 167 
9606.ENSP00000375795 9606.ENSP00000259631 0 0 0 0 0 0 185 185 
9606.ENSP00000375795 9606.ENSP00000425261 0 0 0 0 0 0 353 353 
9606.ENSP00000375795 9606.ENSP00000356793 0 0 0 70 0 0 147 173 
9606.ENSP00000375795 9606.ENSP00000244709 0 0 0 109 0 0 172 230 
9606.ENSP00000375795 9606.ENSP00000368632 0 0 0 0 0 0 212 212 
9606.ENSP00000375795 9606.ENSP00000427279 0 0 0 0 0 0 307 307 
9606.ENSP00000375795 9606.ENSP00000300134 0 0 0 76 0 0 250 277 
9606.ENSP00000375795 9606.ENSP00000263326 0 0 0 0 0 0 284 284 
9606.ENSP00000375795 9606.ENSP00000217971 0 0 0 0 0 0 297 297 
9606.ENSP00000375795 9606.ENSP00000361405 0 0 0 88 0 0 233 270 
9606.ENSP00000375795 9606.ENSP00000381206 0 0 0 0 0 0 153 153 
9606.ENSP00000375795 9606.ENSP00000264832 0 0 0 76 0 0 167 197 
9606.ENSP00000375795 9606.ENSP00000341208 0 0 0 88 0 0 222 260 
9606.ENSP00000375795 9606.ENSP00000369554 0 0 0 0 0 0 161 161 
9606.ENSP00000375795 9606.ENSP00000383641 0 0 0 0 0 600 0 600 
9606.ENSP00000375795 9606.ENSP00000318821 0 0 0 0 0 0 209 209 
9606.ENSP00000375795 9606.ENSP00000360730 0 0 0 0 0 600 93 621 
9606.ENSP00000375795 9606.ENSP00000269576 0 0 0 0 0 0 454 454 
9606.ENSP00000375795 9606.ENSP00000256383 0 0 0 0 0 0 254 254 
9606.ENSP00000375795 9606.ENSP00000264260 0 0 0 98 0 0 124 176 
9606.ENSP00000375795 9606.ENSP00000397863 0 0 0 0 0 0 211 211 
9606.ENSP00000375795 9606.ENSP00000431284 0 0 0 116 0 0 89 161 
9606.ENSP00000375795 9606.ENSP00000346839 0 0 0 0 0 0 171 171 
9606.ENSP00000375795 9606.ENSP00000244020 0 0 0 0 0 0 157 157 
9606.ENSP00000375795 9606.ENSP00000410481 0 0 0 136 0 0 111 199 
9606.ENSP00000375795 9606.ENSP00000242480 0 0 0 0 0 0 161 161 
9606.ENSP00000375795 9606.ENSP00000311436 0 0 0 0 0 0 274 274 
9606.ENSP00000375795 9606.ENSP00000259089 0 0 0 151 0 0 0 151 
9606.ENSP00000375795 9606.ENSP00000357718 0 0 0 0 0 0 240 240 
9606.ENSP00000375795 9606.ENSP00000245903 0 0 0 0 0 0 152 152 
9606.ENSP00000375795 9606.ENSP00000380948 0 0 0 139 0 0 87 180 
9606.ENSP00000375795 9606.ENSP00000283285 0 0 0 76 0 0 237 265 
9606.ENSP00000375795 9606.ENSP00000278282 0 0 0 0 0 0 214 214 
9606.ENSP00000375795 9606.ENSP00000206423 0 0 0 0 0 0 175 175 
9606.ENSP00000375795 9606.ENSP00000290866 0 0 0 0 0 0 179 179 
9606.ENSP00000375795 9606.ENSP00000312082 0 0 0 98 0 0 162 211 
9606.ENSP00000375795 9606.ENSP00000370741 0 0 0 0 0 0 218 218 
9606.ENSP00000375795 9606.ENSP00000223795 0 0 0 124 0 0 235 302 
9606.ENSP00000375795 9606.ENSP00000227507 0 0 0 0 0 0 161 161 
9606.ENSP00000375795 9606.ENSP00000327890 0 0 0 0 0 600 107 627 
9606.ENSP00000375795 9606.ENSP00000355370 0 0 0 0 0 0 173 173 
9606.ENSP00000375795 9606.ENSP00000244241 0 0 0 63 0 0 358 372 
9606.ENSP00000375795 9606.ENSP00000219070 0 0 0 0 0 0 215 215 
9606.ENSP00000375795 9606.ENSP00000293745 0 0 0 77 0 0 127 159 
9606.ENSP00000375795 9606.ENSP00000356632 0 0 0 0 0 0 154 154 
9606.ENSP00000375795 9606.ENSP00000343000 0 0 0 77 0 0 278 305 
9606.ENSP00000375795 9606.ENSP00000373979 0 0 0 0 0 0 170 170 
9606.ENSP00000375795 9606.ENSP00000286758 0 0 0 0 0 0 172 172 
9606.ENSP00000375795 9606.ENSP00000378736 0 0 0 0 0 0 468 468 
9606.ENSP00000375795 9606.ENSP00000330341 0 0 0 65 0 0 287 304 
9606.ENSP00000375795 9606.ENSP00000356713 0 0 0 0 0 600 167 652 
9606.ENSP00000375795 9606.ENSP00000261900 0 0 0 0 0 0 177 177 
9606.ENSP00000375795 9606.ENSP00000242208 0 0 0 0 0 0 178 178 
9606.ENSP00000375795 9606.ENSP00000358727 0 0 0 0 0 0 416 416 
9606.ENSP00000375795 9606.ENSP00000342681 0 0 0 140 0 0 126 216 
9606.ENSP00000375795 9606.ENSP00000349658 0 0 0 0 0 0 172 172 
9606.ENSP00000375795 9606.ENSP00000379111 0 0 0 88 0 600 286 716 
9606.ENSP00000375795 9606.ENSP00000409000 0 0 0 0 0 0 473 473 
9606.ENSP00000375795 9606.ENSP00000303532 0 0 0 0 0 0 174 174 
9606.ENSP00000375795 9606.ENSP00000363089 0 0 0 64 0 0 212 230 
