9606.ENSP00000301280 9606.ENSP00000484121 0 0 0 0 0 0 291 291 
9606.ENSP00000301280 9606.ENSP00000351185 0 0 0 244 0 0 79 275 
9606.ENSP00000301280 9606.ENSP00000374280 0 0 0 111 0 0 91 158 
9606.ENSP00000301280 9606.ENSP00000302640 0 0 0 104 0 0 109 168 
9606.ENSP00000301280 9606.ENSP00000261007 0 0 0 0 186 0 0 186 
9606.ENSP00000301280 9606.ENSP00000345571 0 0 0 332 0 0 167 419 
9606.ENSP00000301280 9606.ENSP00000379946 0 0 0 0 0 0 400 400 
9606.ENSP00000301280 9606.ENSP00000364737 0 0 0 142 0 0 230 311 
9606.ENSP00000301280 9606.ENSP00000355279 0 0 0 63 379 0 0 393 
9606.ENSP00000301280 9606.ENSP00000311429 0 0 0 226 0 0 0 226 
9606.ENSP00000301280 9606.ENSP00000429089 0 0 0 204 0 0 218 351 
9606.ENSP00000301280 9606.ENSP00000278412 0 0 0 256 0 0 186 368 
9606.ENSP00000301280 9606.ENSP00000393139 0 0 0 269 342 0 172 567 
9606.ENSP00000301280 9606.ENSP00000300403 0 0 0 501 0 0 60 511 
9606.ENSP00000301280 9606.ENSP00000307288 0 0 0 668 64 0 293 761 
9606.ENSP00000301280 9606.ENSP00000335357 0 0 0 228 0 0 0 228 
9606.ENSP00000301280 9606.ENSP00000290130 0 0 0 178 0 0 0 178 
9606.ENSP00000301280 9606.ENSP00000309606 0 0 0 60 192 0 0 208 
9606.ENSP00000301280 9606.ENSP00000384490 0 0 0 62 253 0 77 296 
9606.ENSP00000301280 9606.ENSP00000365388 0 0 0 76 0 0 357 381 
9606.ENSP00000301280 9606.ENSP00000358160 0 0 0 85 133 0 312 407 
9606.ENSP00000301280 9606.ENSP00000264926 0 0 0 161 0 0 155 261 
9606.ENSP00000301280 9606.ENSP00000334437 0 0 0 0 0 0 266 266 
9606.ENSP00000301280 9606.ENSP00000339835 0 0 0 62 133 0 49 159 
9606.ENSP00000301280 9606.ENSP00000283006 0 0 0 230 0 0 122 296 
9606.ENSP00000301280 9606.ENSP00000389381 0 0 0 0 56 0 168 181 
9606.ENSP00000301280 9606.ENSP00000339017 0 0 0 63 0 0 331 346 
9606.ENSP00000301280 9606.ENSP00000362110 0 0 0 109 93 0 0 158 
9606.ENSP00000301280 9606.ENSP00000332604 0 0 0 62 296 0 0 312 
9606.ENSP00000301280 9606.ENSP00000362060 0 0 0 0 0 0 363 363 
9606.ENSP00000301280 9606.ENSP00000378699 0 0 0 409 0 0 106 450 
9606.ENSP00000301280 9606.ENSP00000407545 0 0 0 59 56 0 152 181 
9606.ENSP00000301280 9606.ENSP00000378851 0 0 0 0 0 0 173 173 
9606.ENSP00000301280 9606.ENSP00000458065 0 0 0 0 0 0 251 251 
9606.ENSP00000301280 9606.ENSP00000355388 0 0 0 71 187 0 259 392 
9606.ENSP00000301280 9606.ENSP00000243563 0 0 0 168 0 0 0 168 
9606.ENSP00000301280 9606.ENSP00000400806 0 0 0 63 0 0 171 190 
9606.ENSP00000301280 9606.ENSP00000482335 0 0 0 0 0 0 206 206 
9606.ENSP00000301280 9606.ENSP00000401721 0 0 0 61 0 0 137 154 
9606.ENSP00000301280 9606.ENSP00000444029 0 0 0 156 0 0 0 156 
9606.ENSP00000301280 9606.ENSP00000249776 0 0 0 134 0 0 123 209 
9606.ENSP00000301280 9606.ENSP00000296702 0 0 0 65 689 0 0 696 
9606.ENSP00000301280 9606.ENSP00000371267 0 0 0 0 288 0 0 288 
9606.ENSP00000301280 9606.ENSP00000282074 0 0 0 225 0 0 188 344 
9606.ENSP00000301280 9606.ENSP00000256442 0 0 0 436 0 0 200 530 
9606.ENSP00000301280 9606.ENSP00000285407 0 0 0 0 330 0 51 337 
9606.ENSP00000301280 9606.ENSP00000347978 0 0 0 163 0 0 93 208 
9606.ENSP00000301280 9606.ENSP00000264080 0 0 0 0 0 0 229 229 
9606.ENSP00000301280 9606.ENSP00000482271 0 0 0 62 425 0 515 716 
9606.ENSP00000301280 9606.ENSP00000354497 0 0 0 85 0 0 146 185 
9606.ENSP00000301280 9606.ENSP00000468785 0 0 0 0 354 0 254 497 
9606.ENSP00000301280 9606.ENSP00000219097 0 0 0 161 0 0 94 208 
9606.ENSP00000301280 9606.ENSP00000262213 0 0 0 0 0 0 185 185 
9606.ENSP00000301280 9606.ENSP00000384629 0 0 0 114 0 0 126 192 
9606.ENSP00000301280 9606.ENSP00000298198 0 0 0 0 0 0 150 150 
9606.ENSP00000301280 9606.ENSP00000234420 0 0 0 223 387 0 187 579 
9606.ENSP00000301280 9606.ENSP00000290551 0 0 0 0 0 900 50 900 
9606.ENSP00000301280 9606.ENSP00000302886 0 0 0 118 0 0 96 169 
9606.ENSP00000301280 9606.ENSP00000279387 0 0 0 105 60 0 120 195 
9606.ENSP00000301280 9606.ENSP00000379911 0 0 0 128 0 0 166 242 
9606.ENSP00000301280 9606.ENSP00000354451 0 0 0 199 0 0 0 199 
9606.ENSP00000301280 9606.ENSP00000451207 0 0 0 0 0 0 255 255 
9606.ENSP00000301280 9606.ENSP00000341947 0 0 0 92 0 0 147 193 
9606.ENSP00000301280 9606.ENSP00000265849 0 0 0 70 0 0 126 153 
9606.ENSP00000301280 9606.ENSP00000267064 0 0 0 80 84 900 108 914 
9606.ENSP00000301280 9606.ENSP00000278572 0 0 0 77 288 0 0 314 
9606.ENSP00000301280 9606.ENSP00000230056 0 0 0 222 0 0 0 222 
9606.ENSP00000301280 9606.ENSP00000482218 0 0 0 165 0 0 104 220 
9606.ENSP00000301280 9606.ENSP00000289316 0 0 0 51 0 0 320 327 
9606.ENSP00000301280 9606.ENSP00000360623 0 0 0 529 0 0 240 627 
9606.ENSP00000301280 9606.ENSP00000242576 0 0 0 198 0 0 87 237 
9606.ENSP00000301280 9606.ENSP00000216455 0 0 0 0 0 0 430 430 
9606.ENSP00000301280 9606.ENSP00000318635 0 0 0 81 0 0 131 167 
9606.ENSP00000301280 9606.ENSP00000434024 0 0 0 229 270 0 220 523 
9606.ENSP00000301280 9606.ENSP00000332790 0 0 0 62 0 0 189 206 
9606.ENSP00000301280 9606.ENSP00000440440 0 0 0 48 0 0 287 292 
9606.ENSP00000301280 9606.ENSP00000396308 0 0 0 188 0 0 132 266 
9606.ENSP00000301280 9606.ENSP00000230340 0 0 0 124 0 0 111 187 
9606.ENSP00000301280 9606.ENSP00000375921 0 0 0 0 0 0 220 220 
9606.ENSP00000301280 9606.ENSP00000357643 0 0 0 532 0 0 139 579 
9606.ENSP00000301280 9606.ENSP00000366999 0 0 0 62 304 0 503 647 
9606.ENSP00000301280 9606.ENSP00000351284 0 0 0 0 0 0 206 206 
9606.ENSP00000301280 9606.ENSP00000383973 0 0 0 63 93 0 121 187 
9606.ENSP00000301280 9606.ENSP00000227524 0 0 0 116 0 0 172 237 
9606.ENSP00000301280 9606.ENSP00000262241 0 0 0 87 80 0 86 165 
9606.ENSP00000301280 9606.ENSP00000264596 0 0 0 189 0 0 215 336 
9606.ENSP00000301280 9606.ENSP00000478104 0 0 0 0 0 0 167 167 
9606.ENSP00000301280 9606.ENSP00000346575 0 0 0 0 0 0 440 440 
9606.ENSP00000301280 9606.ENSP00000258281 0 0 0 98 209 0 114 312 
9606.ENSP00000301280 9606.ENSP00000369666 0 0 0 121 0 0 132 204 
9606.ENSP00000301280 9606.ENSP00000315644 0 0 0 322 0 0 427 595 
9606.ENSP00000301280 9606.ENSP00000361704 0 0 0 180 93 0 0 224 
9606.ENSP00000301280 9606.ENSP00000359128 0 0 0 143 93 0 298 406 
9606.ENSP00000301280 9606.ENSP00000307684 0 0 0 0 209 0 0 209 
9606.ENSP00000301280 9606.ENSP00000356234 0 0 0 0 0 0 339 339 
9606.ENSP00000301280 9606.ENSP00000328423 0 0 0 0 0 0 179 179 
9606.ENSP00000301280 9606.ENSP00000216122 0 0 0 899 64 0 222 920 
9606.ENSP00000301280 9606.ENSP00000479266 0 0 0 129 0 0 96 179 
9606.ENSP00000301280 9606.ENSP00000304553 0 0 0 0 0 0 153 153 
9606.ENSP00000301280 9606.ENSP00000462355 0 0 0 62 87 0 406 447 
9606.ENSP00000301280 9606.ENSP00000220514 0 0 0 459 0 0 0 459 
9606.ENSP00000301280 9606.ENSP00000421491 0 0 0 65 0 0 166 186 
9606.ENSP00000301280 9606.ENSP00000419494 0 0 0 0 0 0 537 537 
9606.ENSP00000301280 9606.ENSP00000307208 0 0 0 106 0 0 256 307 
9606.ENSP00000301280 9606.ENSP00000451411 0 0 0 0 0 0 258 258 
9606.ENSP00000301280 9606.ENSP00000312995 0 0 0 564 0 0 110 596 
9606.ENSP00000301280 9606.ENSP00000302898 0 0 0 176 0 0 54 187 
9606.ENSP00000301280 9606.ENSP00000362334 0 0 0 0 0 0 351 351 
9606.ENSP00000301280 9606.ENSP00000225983 0 0 0 62 167 0 59 200 
9606.ENSP00000301280 9606.ENSP00000466834 0 0 0 86 0 0 131 172 
9606.ENSP00000301280 9606.ENSP00000350708 0 0 0 68 0 0 150 174 
9606.ENSP00000301280 9606.ENSP00000381824 0 0 0 116 0 0 179 244 
9606.ENSP00000301280 9606.ENSP00000298048 0 0 0 453 0 0 0 453 
9606.ENSP00000301280 9606.ENSP00000322617 0 0 0 0 186 0 0 186 
9606.ENSP00000301280 9606.ENSP00000264156 0 0 0 660 93 0 296 764 
9606.ENSP00000301280 9606.ENSP00000216297 0 0 0 139 0 900 355 939 
9606.ENSP00000301280 9606.ENSP00000442068 0 0 0 247 0 0 98 292 
9606.ENSP00000301280 9606.ENSP00000267430 0 0 0 109 0 0 93 158 
9606.ENSP00000301280 9606.ENSP00000348089 0 0 0 64 56 0 159 192 
9606.ENSP00000301280 9606.ENSP00000265140 0 0 0 153 54 0 203 305 
9606.ENSP00000301280 9606.ENSP00000331791 0 0 0 48 0 0 310 315 
9606.ENSP00000301280 9606.ENSP00000262210 0 0 0 0 0 0 280 280 
9606.ENSP00000301280 9606.ENSP00000313950 0 0 0 618 0 0 65 628 
9606.ENSP00000301280 9606.ENSP00000351446 0 0 0 171 93 0 0 216 
9606.ENSP00000301280 9606.ENSP00000467024 0 0 0 64 0 0 158 178 
9606.ENSP00000301280 9606.ENSP00000281513 0 0 0 62 0 0 227 243 
9606.ENSP00000301280 9606.ENSP00000262519 0 0 0 127 0 0 211 282 
9606.ENSP00000301280 9606.ENSP00000411532 0 0 0 410 0 0 220 521 
9606.ENSP00000301280 9606.ENSP00000354361 0 0 0 172 0 0 0 172 
9606.ENSP00000301280 9606.ENSP00000260810 0 0 0 220 0 0 368 486 
9606.ENSP00000301280 9606.ENSP00000297431 0 0 0 139 0 0 93 185 
9606.ENSP00000301280 9606.ENSP00000358151 0 0 0 51 0 0 284 291 
9606.ENSP00000301280 9606.ENSP00000324020 0 0 0 359 0 0 171 447 
9606.ENSP00000301280 9606.ENSP00000206595 0 0 0 87 0 0 170 210 
9606.ENSP00000301280 9606.ENSP00000263681 0 0 0 139 0 0 280 354 
9606.ENSP00000301280 9606.ENSP00000264933 0 0 0 0 0 0 166 166 
9606.ENSP00000301280 9606.ENSP00000250416 0 0 0 131 0 0 79 166 
9606.ENSP00000301280 9606.ENSP00000279068 0 0 0 218 0 0 0 218 
9606.ENSP00000301280 9606.ENSP00000261597 0 0 0 689 0 0 118 714 
9606.ENSP00000301280 9606.ENSP00000379894 0 0 0 131 0 0 73 160 
9606.ENSP00000301280 9606.ENSP00000333277 0 0 0 62 436 0 222 553 
9606.ENSP00000301280 9606.ENSP00000263377 0 0 0 62 0 0 137 156 
9606.ENSP00000301280 9606.ENSP00000352257 0 0 0 70 288 0 168 401 
9606.ENSP00000301280 9606.ENSP00000410083 0 0 0 0 0 0 204 204 
9606.ENSP00000301280 9606.ENSP00000373354 0 0 0 61 0 0 190 207 
9606.ENSP00000301280 9606.ENSP00000325612 0 0 0 68 0 0 237 259 
9606.ENSP00000301280 9606.ENSP00000255120 0 0 0 381 0 0 269 528 
9606.ENSP00000301280 9606.ENSP00000427695 0 0 0 0 348 0 50 354 
9606.ENSP00000301280 9606.ENSP00000318977 0 0 0 168 0 0 93 214 
9606.ENSP00000301280 9606.ENSP00000382628 0 0 0 112 0 0 116 181 
9606.ENSP00000301280 9606.ENSP00000398124 0 0 0 87 0 0 161 201 
9606.ENSP00000301280 9606.ENSP00000280871 0 0 0 0 0 0 166 166 
9606.ENSP00000301280 9606.ENSP00000377024 0 0 0 62 787 0 0 791 
9606.ENSP00000301280 9606.ENSP00000387875 0 0 0 224 0 0 0 224 
9606.ENSP00000301280 9606.ENSP00000262133 0 0 0 175 0 0 72 202 
9606.ENSP00000301280 9606.ENSP00000370376 0 0 0 499 0 0 85 522 
9606.ENSP00000301280 9606.ENSP00000377536 0 0 0 267 0 0 93 307 
9606.ENSP00000301280 9606.ENSP00000269305 0 0 0 86 0 0 167 206 
9606.ENSP00000301280 9606.ENSP00000327268 0 0 0 0 0 0 391 391 
9606.ENSP00000301280 9606.ENSP00000328203 0 0 0 297 0 0 172 393 
9606.ENSP00000301280 9606.ENSP00000248114 0 0 0 76 0 0 177 208 
9606.ENSP00000301280 9606.ENSP00000263181 0 0 0 201 0 0 127 274 
9606.ENSP00000301280 9606.ENSP00000265728 0 0 0 124 342 0 218 510 
9606.ENSP00000301280 9606.ENSP00000240316 0 0 0 66 0 0 205 226 
9606.ENSP00000301280 9606.ENSP00000260191 0 0 0 0 186 0 0 186 
9606.ENSP00000301280 9606.ENSP00000233575 0 0 0 0 0 0 163 163 
9606.ENSP00000301280 9606.ENSP00000311360 0 0 0 62 0 0 162 181 
9606.ENSP00000301280 9606.ENSP00000313121 0 0 0 61 0 0 231 247 
9606.ENSP00000301280 9606.ENSP00000390778 0 0 0 170 0 0 103 223 
9606.ENSP00000301280 9606.ENSP00000387982 0 0 0 110 183 0 227 388 
9606.ENSP00000301280 9606.ENSP00000356652 0 0 0 65 0 0 160 181 
9606.ENSP00000301280 9606.ENSP00000415579 0 0 0 0 56 0 154 167 
9606.ENSP00000301280 9606.ENSP00000306968 0 0 0 310 0 0 0 310 
9606.ENSP00000301280 9606.ENSP00000457810 0 0 0 248 0 0 66 267 
9606.ENSP00000301280 9606.ENSP00000319417 0 0 0 373 0 0 0 373 
9606.ENSP00000301280 9606.ENSP00000276079 0 0 0 93 288 0 0 326 
9606.ENSP00000301280 9606.ENSP00000267163 0 0 0 169 166 0 97 319 
9606.ENSP00000301280 9606.ENSP00000359357 0 0 0 61 472 0 62 494 
9606.ENSP00000301280 9606.ENSP00000475814 0 0 0 61 0 0 267 283 
9606.ENSP00000301280 9606.ENSP00000418983 0 0 0 0 0 0 204 204 
9606.ENSP00000301280 9606.ENSP00000375978 0 0 0 111 288 0 106 385 
9606.ENSP00000301280 9606.ENSP00000376952 0 0 0 171 0 0 287 384 
9606.ENSP00000301280 9606.ENSP00000371308 0 0 0 160 0 0 0 160 
9606.ENSP00000301280 9606.ENSP00000303482 0 0 0 117 0 0 116 186 
9606.ENSP00000301280 9606.ENSP00000308583 0 0 0 110 0 0 112 176 
9606.ENSP00000301280 9606.ENSP00000315743 0 0 0 99 0 0 147 198 
9606.ENSP00000301280 9606.ENSP00000217026 0 0 0 427 0 0 85 453 
9606.ENSP00000301280 9606.ENSP00000354689 0 0 0 0 0 0 165 165 
9606.ENSP00000301280 9606.ENSP00000378757 0 0 0 0 0 0 192 192 
9606.ENSP00000301280 9606.ENSP00000409666 0 0 0 81 379 0 96 439 
9606.ENSP00000301280 9606.ENSP00000379287 0 0 0 0 288 0 0 288 
9606.ENSP00000301280 9606.ENSP00000353770 0 0 0 415 0 0 206 516 
9606.ENSP00000301280 9606.ENSP00000332194 0 0 0 61 0 0 267 283 
9606.ENSP00000301280 9606.ENSP00000405965 0 0 0 81 379 0 289 559 
9606.ENSP00000301280 9606.ENSP00000302967 0 0 0 90 303 0 50 345 
9606.ENSP00000301280 9606.ENSP00000265295 0 0 0 242 0 0 0 242 
9606.ENSP00000301280 9606.ENSP00000401470 0 0 0 161 0 0 0 161 
9606.ENSP00000301280 9606.ENSP00000357917 0 0 0 0 0 0 191 191 
9606.ENSP00000301280 9606.ENSP00000376167 0 0 0 65 93 0 138 205 
9606.ENSP00000301280 9606.ENSP00000362441 0 0 0 77 56 0 368 401 
9606.ENSP00000301280 9606.ENSP00000358854 0 0 0 99 0 0 267 312 
9606.ENSP00000301280 9606.ENSP00000223129 0 0 0 91 0 0 160 204 
9606.ENSP00000301280 9606.ENSP00000431254 0 0 0 0 0 0 229 229 
9606.ENSP00000301280 9606.ENSP00000322570 0 0 0 229 265 0 367 610 
9606.ENSP00000301280 9606.ENSP00000281141 0 0 0 63 0 0 169 188 
9606.ENSP00000301280 9606.ENSP00000339883 0 0 0 148 0 0 126 223 
9606.ENSP00000301280 9606.ENSP00000259895 0 0 0 85 0 0 188 225 
9606.ENSP00000301280 9606.ENSP00000365950 0 0 0 61 288 0 0 302 
9606.ENSP00000301280 9606.ENSP00000257776 0 0 0 0 0 0 275 275 
9606.ENSP00000301280 9606.ENSP00000313007 0 0 0 126 348 0 145 470 
9606.ENSP00000301280 9606.ENSP00000271640 0 0 0 139 337 0 435 649 
9606.ENSP00000301280 9606.ENSP00000345848 0 0 0 115 288 0 0 343 
9606.ENSP00000301280 9606.ENSP00000296417 0 0 0 186 0 0 91 228 
9606.ENSP00000301280 9606.ENSP00000367276 0 0 0 188 0 0 0 188 
9606.ENSP00000301280 9606.ENSP00000355958 0 0 0 606 0 0 65 616 
9606.ENSP00000301280 9606.ENSP00000300035 0 0 0 262 0 0 0 262 
9606.ENSP00000301280 9606.ENSP00000262238 0 0 0 65 56 0 278 307 
9606.ENSP00000301280 9606.ENSP00000386588 0 0 0 114 80 0 0 150 
9606.ENSP00000301280 9606.ENSP00000360515 0 0 0 0 209 0 0 209 
9606.ENSP00000301280 9606.ENSP00000369497 0 0 0 168 0 0 170 280 
9606.ENSP00000301280 9606.ENSP00000349823 0 0 0 78 56 0 184 228 
9606.ENSP00000301280 9606.ENSP00000221847 0 0 0 0 0 0 161 161 
9606.ENSP00000301280 9606.ENSP00000259008 0 0 0 128 0 0 289 354 
9606.ENSP00000301280 9606.ENSP00000381364 0 0 0 0 0 0 224 224 
9606.ENSP00000301280 9606.ENSP00000404190 0 0 0 356 0 0 111 403 
9606.ENSP00000301280 9606.ENSP00000323246 0 0 0 242 0 0 187 357 
9606.ENSP00000301280 9606.ENSP00000269385 0 0 0 89 188 0 77 257 
9606.ENSP00000301280 9606.ENSP00000264982 0 0 0 0 0 0 411 411 
9606.ENSP00000301280 9606.ENSP00000416739 0 0 0 111 152 0 108 269 
9606.ENSP00000301280 9606.ENSP00000240423 0 0 0 541 0 0 211 623 
9606.ENSP00000301280 9606.ENSP00000360162 0 0 0 162 84 0 222 350 
9606.ENSP00000301280 9606.ENSP00000412292 0 0 0 229 0 0 0 229 
9606.ENSP00000301280 9606.ENSP00000240488 0 0 0 214 0 0 64 232 
9606.ENSP00000301280 9606.ENSP00000377007 0 0 0 288 0 0 66 306 
9606.ENSP00000301280 9606.ENSP00000362041 0 0 0 359 93 0 187 486 
9606.ENSP00000301280 9606.ENSP00000347754 0 0 0 0 186 0 0 186 
9606.ENSP00000301280 9606.ENSP00000364519 0 0 0 205 0 0 174 316 
9606.ENSP00000301280 9606.ENSP00000227880 0 0 0 0 0 0 164 164 
9606.ENSP00000301280 9606.ENSP00000388552 0 0 0 63 0 0 166 185 
9606.ENSP00000301280 9606.ENSP00000334854 0 0 0 0 186 0 0 186 
9606.ENSP00000301280 9606.ENSP00000313983 0 0 0 251 0 0 50 258 
9606.ENSP00000301280 9606.ENSP00000354125 0 0 0 107 93 0 59 172 
9606.ENSP00000301280 9606.ENSP00000443647 0 0 0 174 0 0 0 174 
9606.ENSP00000301280 9606.ENSP00000355922 0 0 0 291 0 0 223 426 
9606.ENSP00000301280 9606.ENSP00000423550 0 0 0 64 56 0 177 209 
9606.ENSP00000301280 9606.ENSP00000417864 0 0 0 98 288 0 0 330 
9606.ENSP00000301280 9606.ENSP00000378402 0 0 0 72 93 0 72 152 
9606.ENSP00000301280 9606.ENSP00000481103 0 0 0 183 0 0 189 309 
9606.ENSP00000301280 9606.ENSP00000263382 0 0 0 479 732 0 704 955 
9606.ENSP00000301280 9606.ENSP00000260187 0 0 0 62 0 0 151 170 
9606.ENSP00000301280 9606.ENSP00000298767 0 0 0 144 0 0 156 247 
9606.ENSP00000301280 9606.ENSP00000376306 0 0 0 313 0 0 0 313 
9606.ENSP00000301280 9606.ENSP00000329102 0 0 0 146 0 0 208 295 
9606.ENSP00000301280 9606.ENSP00000251810 0 0 0 185 0 0 205 324 
9606.ENSP00000301280 9606.ENSP00000218089 0 0 0 67 0 0 130 154 
9606.ENSP00000301280 9606.ENSP00000346196 0 0 0 0 0 0 299 299 
9606.ENSP00000301280 9606.ENSP00000462667 0 0 0 62 87 0 406 447 
9606.ENSP00000301280 9606.ENSP00000261819 0 0 0 90 93 0 163 250 
9606.ENSP00000301280 9606.ENSP00000358154 0 0 0 62 415 0 223 537 
9606.ENSP00000301280 9606.ENSP00000376077 0 0 0 64 379 0 119 443 
9606.ENSP00000301280 9606.ENSP00000224950 0 0 0 174 0 0 175 290 
9606.ENSP00000301280 9606.ENSP00000358813 0 0 0 368 0 0 95 404 
9606.ENSP00000301280 9606.ENSP00000322845 0 0 0 119 84 0 218 314 
9606.ENSP00000301280 9606.ENSP00000392617 0 0 0 123 80 0 494 556 
9606.ENSP00000301280 9606.ENSP00000354720 0 0 0 186 0 0 213 332 
9606.ENSP00000301280 9606.ENSP00000229307 0 0 0 0 0 0 184 184 
9606.ENSP00000301280 9606.ENSP00000264010 0 0 0 76 56 0 107 153 
9606.ENSP00000301280 9606.ENSP00000244537 0 0 0 62 384 0 406 628 
9606.ENSP00000301280 9606.ENSP00000358576 0 0 0 94 0 0 166 212 
9606.ENSP00000301280 9606.ENSP00000301896 0 0 0 0 0 0 157 157 
9606.ENSP00000301280 9606.ENSP00000450607 0 0 0 405 93 0 127 488 
9606.ENSP00000301280 9606.ENSP00000363668 0 0 0 115 0 0 294 349 
9606.ENSP00000301280 9606.ENSP00000362734 0 0 0 61 160 0 0 177 
9606.ENSP00000301280 9606.ENSP00000369270 0 0 0 0 56 0 235 247 
9606.ENSP00000301280 9606.ENSP00000346453 0 0 0 146 0 0 441 502 
9606.ENSP00000301280 9606.ENSP00000215071 0 0 0 0 0 0 325 325 
9606.ENSP00000301280 9606.ENSP00000317636 0 0 0 94 152 0 100 248 
9606.ENSP00000301280 9606.ENSP00000466248 0 0 0 87 0 0 226 263 
9606.ENSP00000301280 9606.ENSP00000337623 0 0 0 157 0 0 0 157 
9606.ENSP00000301280 9606.ENSP00000358397 0 0 0 151 0 0 0 151 
9606.ENSP00000301280 9606.ENSP00000359285 0 0 0 0 295 0 0 295 
9606.ENSP00000301280 9606.ENSP00000417686 0 0 0 252 0 0 187 366 
9606.ENSP00000301280 9606.ENSP00000295757 0 0 0 62 167 0 65 205 
9606.ENSP00000301280 9606.ENSP00000352627 0 0 0 86 0 0 112 154 
9606.ENSP00000301280 9606.ENSP00000361363 0 0 0 53 294 0 0 302 
9606.ENSP00000301280 9606.ENSP00000356243 0 0 0 245 0 0 0 245 
9606.ENSP00000301280 9606.ENSP00000281187 0 0 0 0 0 0 237 237 
9606.ENSP00000301280 9606.ENSP00000344504 0 0 0 62 0 0 166 184 
9606.ENSP00000301280 9606.ENSP00000355249 0 0 0 121 0 0 187 255 
9606.ENSP00000301280 9606.ENSP00000342374 0 0 0 82 0 0 293 323 
9606.ENSP00000301280 9606.ENSP00000410818 0 0 0 46 0 0 286 290 
9606.ENSP00000301280 9606.ENSP00000339145 0 0 0 127 0 0 148 224 
9606.ENSP00000301280 9606.ENSP00000430432 0 0 0 104 268 0 206 434 
9606.ENSP00000301280 9606.ENSP00000348442 0 0 0 0 0 0 265 265 
9606.ENSP00000301280 9606.ENSP00000366953 0 0 0 116 183 0 228 393 
9606.ENSP00000301280 9606.ENSP00000355090 0 0 0 198 0 0 0 198 
9606.ENSP00000301280 9606.ENSP00000296509 0 0 0 391 0 0 104 431 
9606.ENSP00000301280 9606.ENSP00000377344 0 0 0 69 64 0 128 173 
9606.ENSP00000301280 9606.ENSP00000293780 0 0 0 0 186 0 0 186 
9606.ENSP00000301280 9606.ENSP00000305480 0 0 0 633 0 0 308 735 
9606.ENSP00000301280 9606.ENSP00000368349 0 0 0 696 428 0 283 864 
9606.ENSP00000301280 9606.ENSP00000337226 0 0 0 212 0 0 0 212 
9606.ENSP00000301280 9606.ENSP00000216129 0 0 0 172 0 0 0 172 
9606.ENSP00000301280 9606.ENSP00000277541 0 0 0 104 160 0 0 215 
9606.ENSP00000301280 9606.ENSP00000331435 0 0 0 0 0 0 156 156 
9606.ENSP00000301280 9606.ENSP00000351314 0 0 0 0 0 0 177 177 
9606.ENSP00000301280 9606.ENSP00000381666 0 0 0 45 0 0 231 235 
9606.ENSP00000301280 9606.ENSP00000344782 0 0 0 0 156 0 0 156 
9606.ENSP00000301280 9606.ENSP00000364270 0 0 0 0 0 0 178 178 
9606.ENSP00000301280 9606.ENSP00000328901 0 0 0 0 0 0 247 247 
9606.ENSP00000301280 9606.ENSP00000254337 0 0 0 152 0 0 0 152 
9606.ENSP00000301280 9606.ENSP00000262367 0 0 0 99 354 0 0 393 
9606.ENSP00000301280 9606.ENSP00000229595 0 0 0 203 404 0 715 853 
9606.ENSP00000301280 9606.ENSP00000479794 0 0 0 62 87 0 406 447 
9606.ENSP00000301280 9606.ENSP00000315700 0 0 0 536 521 900 902 997 
9606.ENSP00000301280 9606.ENSP00000359181 0 0 0 61 0 0 157 175 
9606.ENSP00000301280 9606.ENSP00000353793 0 0 0 503 0 0 231 602 
9606.ENSP00000301280 9606.ENSP00000355759 0 0 0 172 0 0 66 194 
9606.ENSP00000301280 9606.ENSP00000216252 0 0 0 92 0 0 424 455 
9606.ENSP00000301280 9606.ENSP00000371929 0 0 0 0 186 0 0 186 
9606.ENSP00000301280 9606.ENSP00000348527 0 0 0 88 0 0 226 264 
9606.ENSP00000301280 9606.ENSP00000484841 0 0 0 89 214 0 303 458 
9606.ENSP00000301280 9606.ENSP00000247001 0 0 0 92 0 0 129 175 
9606.ENSP00000301280 9606.ENSP00000262144 0 0 0 113 183 0 227 390 
9606.ENSP00000301280 9606.ENSP00000375809 0 0 0 91 0 0 177 221 
9606.ENSP00000301280 9606.ENSP00000362146 0 0 0 567 0 0 284 677 
9606.ENSP00000301280 9606.ENSP00000260363 0 0 0 434 0 0 104 471 
9606.ENSP00000301280 9606.ENSP00000013070 0 0 0 83 0 0 242 275 
9606.ENSP00000301280 9606.ENSP00000243326 0 0 0 667 93 0 0 685 
9606.ENSP00000301280 9606.ENSP00000254480 0 0 0 153 93 900 123 923 
9606.ENSP00000301280 9606.ENSP00000337976 0 0 0 158 0 0 305 390 
9606.ENSP00000301280 9606.ENSP00000367721 0 0 0 106 0 0 154 212 
9606.ENSP00000301280 9606.ENSP00000283131 0 0 0 177 93 0 225 371 
9606.ENSP00000301280 9606.ENSP00000266970 0 0 0 246 342 0 125 528 
9606.ENSP00000301280 9606.ENSP00000331305 0 0 0 0 348 0 50 354 
9606.ENSP00000301280 9606.ENSP00000267807 0 0 0 0 56 0 353 363 
9606.ENSP00000301280 9606.ENSP00000410811 0 0 0 141 0 0 86 181 
9606.ENSP00000301280 9606.ENSP00000358155 0 0 0 61 0 0 267 283 
9606.ENSP00000301280 9606.ENSP00000365433 0 0 0 301 0 0 0 301 
9606.ENSP00000301280 9606.ENSP00000209875 0 0 0 61 472 0 528 745 
9606.ENSP00000301280 9606.ENSP00000251413 0 0 0 148 0 0 91 193 
9606.ENSP00000301280 9606.ENSP00000397552 0 0 0 107 93 900 234 929 
9606.ENSP00000301280 9606.ENSP00000484658 0 0 0 62 133 0 514 570 
9606.ENSP00000301280 9606.ENSP00000360034 0 0 0 104 0 0 117 175 
9606.ENSP00000301280 9606.ENSP00000256897 0 0 0 88 0 0 195 234 
9606.ENSP00000301280 9606.ENSP00000270225 0 0 0 130 0 0 311 375 
9606.ENSP00000301280 9606.ENSP00000274137 0 0 0 62 0 0 435 447 
9606.ENSP00000301280 9606.ENSP00000273130 0 0 0 0 0 0 207 207 
9606.ENSP00000301280 9606.ENSP00000336606 0 0 0 165 56 0 226 337 
9606.ENSP00000301280 9606.ENSP00000260947 0 0 0 214 87 0 251 416 
9606.ENSP00000301280 9606.ENSP00000447173 0 0 0 61 57 900 69 906 
9606.ENSP00000301280 9606.ENSP00000254810 0 0 0 62 133 0 260 345 
9606.ENSP00000301280 9606.ENSP00000209728 0 0 0 607 0 0 246 691 
9606.ENSP00000301280 9606.ENSP00000351589 0 0 0 85 0 0 109 151 
9606.ENSP00000301280 9606.ENSP00000328228 0 0 0 309 0 0 100 352 
9606.ENSP00000301280 9606.ENSP00000405726 0 0 0 746 0 0 226 795 
9606.ENSP00000301280 9606.ENSP00000453170 0 0 0 114 80 0 0 150 
9606.ENSP00000301280 9606.ENSP00000346997 0 0 0 97 0 0 172 220 
9606.ENSP00000301280 9606.ENSP00000324122 0 0 0 76 288 0 0 313 
9606.ENSP00000301280 9606.ENSP00000414109 0 0 0 294 0 0 419 572 
9606.ENSP00000301280 9606.ENSP00000287647 0 0 0 265 0 0 148 347 
9606.ENSP00000301280 9606.ENSP00000357461 0 0 0 0 295 0 0 295 
9606.ENSP00000301280 9606.ENSP00000265056 0 0 0 892 93 0 248 920 
9606.ENSP00000301280 9606.ENSP00000337194 0 0 0 86 0 0 122 163 
9606.ENSP00000301280 9606.ENSP00000252037 0 0 0 52 0 0 477 483 
9606.ENSP00000301280 9606.ENSP00000264501 0 0 0 0 0 0 307 307 
9606.ENSP00000301280 9606.ENSP00000461388 0 0 0 42 0 0 167 168 
9606.ENSP00000301280 9606.ENSP00000295491 0 0 0 0 0 0 175 175 
9606.ENSP00000301280 9606.ENSP00000378260 0 0 0 52 0 0 144 153 
9606.ENSP00000301280 9606.ENSP00000287394 0 0 0 199 0 0 81 233 
9606.ENSP00000301280 9606.ENSP00000349396 0 0 0 0 0 0 198 198 
9606.ENSP00000301280 9606.ENSP00000334061 0 0 0 62 167 0 59 200 
9606.ENSP00000301280 9606.ENSP00000328236 0 0 0 287 0 0 129 353 
9606.ENSP00000301280 9606.ENSP00000470478 0 0 0 0 0 0 173 173 
9606.ENSP00000301280 9606.ENSP00000250699 0 0 0 0 186 0 0 186 
9606.ENSP00000301280 9606.ENSP00000292476 0 0 0 93 0 0 239 281 
9606.ENSP00000301280 9606.ENSP00000368464 0 0 0 155 0 0 153 254 
9606.ENSP00000301280 9606.ENSP00000395232 0 0 0 175 0 0 0 175 
9606.ENSP00000301280 9606.ENSP00000256443 0 0 0 64 0 0 178 198 
9606.ENSP00000301280 9606.ENSP00000352463 0 0 0 165 0 0 0 165 
9606.ENSP00000301280 9606.ENSP00000367787 0 0 0 158 74 0 128 261 
9606.ENSP00000301280 9606.ENSP00000369131 0 0 0 53 83 0 161 209 
9606.ENSP00000301280 9606.ENSP00000399888 0 0 0 175 265 0 0 367 
9606.ENSP00000301280 9606.ENSP00000354522 0 0 0 149 0 0 213 302 
9606.ENSP00000301280 9606.ENSP00000357858 0 0 0 152 0 0 93 198 
9606.ENSP00000301280 9606.ENSP00000308546 0 0 0 104 0 0 154 210 
9606.ENSP00000301280 9606.ENSP00000351333 0 0 0 144 0 0 50 152 
9606.ENSP00000301280 9606.ENSP00000228843 0 0 0 383 0 0 339 575 
9606.ENSP00000301280 9606.ENSP00000383089 0 0 0 80 0 0 146 180 
9606.ENSP00000301280 9606.ENSP00000396704 0 0 0 153 0 900 49 912 
9606.ENSP00000301280 9606.ENSP00000265748 0 0 0 256 0 0 138 332 
9606.ENSP00000301280 9606.ENSP00000316578 0 0 0 197 0 0 176 310 
9606.ENSP00000301280 9606.ENSP00000361930 0 0 0 0 288 0 0 288 
9606.ENSP00000301280 9606.ENSP00000480186 0 0 0 158 0 0 106 215 
9606.ENSP00000301280 9606.ENSP00000365625 0 0 0 81 0 0 116 152 
9606.ENSP00000301280 9606.ENSP00000343526 0 0 0 197 0 0 138 279 
9606.ENSP00000301280 9606.ENSP00000377384 0 0 0 181 0 0 0 181 
9606.ENSP00000301280 9606.ENSP00000372088 0 0 0 251 0 0 224 394 
9606.ENSP00000301280 9606.ENSP00000356379 0 0 0 599 0 0 0 599 
9606.ENSP00000301280 9606.ENSP00000263468 0 0 0 0 0 0 185 185 
9606.ENSP00000301280 9606.ENSP00000262394 0 0 0 61 64 0 115 154 
9606.ENSP00000301280 9606.ENSP00000216367 0 0 0 298 0 0 390 554 
9606.ENSP00000301280 9606.ENSP00000350757 0 0 0 0 0 0 191 191 
9606.ENSP00000301280 9606.ENSP00000366939 0 0 0 262 0 0 0 262 
9606.ENSP00000301280 9606.ENSP00000372390 0 0 0 0 0 0 233 233 
9606.ENSP00000301280 9606.ENSP00000336701 0 0 0 84 0 0 187 223 
9606.ENSP00000301280 9606.ENSP00000484288 0 0 0 129 74 0 139 245 
9606.ENSP00000301280 9606.ENSP00000348838 0 0 0 365 0 0 106 408 
9606.ENSP00000301280 9606.ENSP00000367203 0 0 0 0 0 0 164 164 
9606.ENSP00000301280 9606.ENSP00000381378 0 0 0 140 0 0 293 366 
9606.ENSP00000301280 9606.ENSP00000377060 0 0 0 88 540 0 380 717 
9606.ENSP00000301280 9606.ENSP00000300093 0 0 0 304 0 0 191 413 
9606.ENSP00000301280 9606.ENSP00000355205 0 0 0 54 56 0 166 191 
9606.ENSP00000301280 9606.ENSP00000216133 0 0 0 61 185 0 77 231 
9606.ENSP00000301280 9606.ENSP00000216271 0 0 0 62 167 0 59 200 
9606.ENSP00000301280 9606.ENSP00000293805 0 0 0 0 56 0 153 166 
9606.ENSP00000301280 9606.ENSP00000242261 0 0 0 0 294 0 0 294 
9606.ENSP00000301280 9606.ENSP00000302530 0 0 0 562 0 0 122 599 
9606.ENSP00000301280 9606.ENSP00000353463 0 0 0 119 93 0 82 203 
9606.ENSP00000301280 9606.ENSP00000360540 0 0 0 257 0 0 130 326 
9606.ENSP00000301280 9606.ENSP00000360613 0 0 0 69 0 0 180 204 
9606.ENSP00000301280 9606.ENSP00000476117 0 0 0 102 93 0 0 150 
9606.ENSP00000301280 9606.ENSP00000339435 0 0 0 0 0 0 224 224 
9606.ENSP00000301280 9606.ENSP00000368100 0 0 0 110 93 0 0 158 
9606.ENSP00000301280 9606.ENSP00000363804 0 0 0 0 56 0 153 166 
9606.ENSP00000301280 9606.ENSP00000302896 0 0 0 0 288 0 0 288 
9606.ENSP00000301280 9606.ENSP00000390475 0 0 0 66 0 0 402 417 
9606.ENSP00000301280 9606.ENSP00000354040 0 0 0 84 0 0 129 169 
9606.ENSP00000301280 9606.ENSP00000362799 0 0 0 173 0 0 0 173 
9606.ENSP00000301280 9606.ENSP00000001008 0 0 0 87 0 0 127 169 
9606.ENSP00000301280 9606.ENSP00000355657 0 0 0 62 201 0 52 228 
9606.ENSP00000301280 9606.ENSP00000355778 0 0 0 62 436 0 237 561 
9606.ENSP00000301280 9606.ENSP00000473233 0 0 0 236 265 0 174 495 
9606.ENSP00000301280 9606.ENSP00000368458 0 0 0 707 387 0 61 816 
9606.ENSP00000301280 9606.ENSP00000303706 0 0 0 562 0 0 167 620 
9606.ENSP00000301280 9606.ENSP00000251496 0 0 0 598 0 0 94 620 
9606.ENSP00000301280 9606.ENSP00000273063 0 0 0 0 0 0 219 219 
9606.ENSP00000301280 9606.ENSP00000349430 0 0 0 74 0 0 381 402 
9606.ENSP00000301280 9606.ENSP00000378356 0 0 0 443 0 0 217 545 
9606.ENSP00000301280 9606.ENSP00000327054 0 0 0 288 0 0 122 348 
9606.ENSP00000301280 9606.ENSP00000457353 0 0 0 0 0 0 154 154 
9606.ENSP00000301280 9606.ENSP00000358033 0 0 0 0 0 0 159 159 
9606.ENSP00000301280 9606.ENSP00000209873 0 0 0 172 0 0 0 172 
9606.ENSP00000301280 9606.ENSP00000349961 0 0 0 535 0 0 196 611 
9606.ENSP00000301280 9606.ENSP00000437621 0 0 0 92 265 0 0 304 
9606.ENSP00000301280 9606.ENSP00000380241 0 0 0 171 0 0 161 274 
9606.ENSP00000301280 9606.ENSP00000264108 0 0 0 183 0 0 324 425 
9606.ENSP00000301280 9606.ENSP00000386894 0 0 0 77 0 0 138 171 
9606.ENSP00000301280 9606.ENSP00000410561 0 0 0 148 0 0 62 166 
9606.ENSP00000301280 9606.ENSP00000369871 0 0 0 172 0 0 0 172 
9606.ENSP00000301280 9606.ENSP00000366522 0 0 0 0 0 0 172 172 
9606.ENSP00000301280 9606.ENSP00000326603 0 0 0 59 0 0 266 280 
9606.ENSP00000301280 9606.ENSP00000383986 0 0 0 161 0 0 0 161 
9606.ENSP00000301280 9606.ENSP00000254719 0 0 0 214 379 0 103 524 
9606.ENSP00000301280 9606.ENSP00000401564 0 0 0 233 79 0 0 263 
9606.ENSP00000301280 9606.ENSP00000352252 0 0 0 62 133 0 305 386 
9606.ENSP00000301280 9606.ENSP00000355185 0 0 0 76 0 0 229 257 
9606.ENSP00000301280 9606.ENSP00000279392 0 0 0 127 0 0 369 425 
9606.ENSP00000301280 9606.ENSP00000337907 0 0 0 0 230 0 0 230 
9606.ENSP00000301280 9606.ENSP00000470383 0 0 0 81 0 0 143 178 
9606.ENSP00000301280 9606.ENSP00000422753 0 0 0 77 288 0 0 314 
9606.ENSP00000301280 9606.ENSP00000381657 0 0 0 98 0 0 136 187 
9606.ENSP00000301280 9606.ENSP00000483667 0 0 0 68 56 0 119 158 
9606.ENSP00000301280 9606.ENSP00000364678 0 0 0 79 379 0 370 609 
9606.ENSP00000301280 9606.ENSP00000347168 0 0 0 62 87 0 406 447 
9606.ENSP00000301280 9606.ENSP00000320485 0 0 0 58 93 900 73 910 
9606.ENSP00000301280 9606.ENSP00000321706 0 0 0 153 0 0 0 153 
9606.ENSP00000301280 9606.ENSP00000318884 0 0 0 64 0 0 227 245 
9606.ENSP00000301280 9606.ENSP00000351697 0 0 0 156 265 0 152 428 
9606.ENSP00000301280 9606.ENSP00000389810 0 0 0 265 0 0 0 265 
9606.ENSP00000301280 9606.ENSP00000265465 0 0 0 359 0 0 125 416 
9606.ENSP00000301280 9606.ENSP00000483283 0 0 0 62 133 0 304 385 
9606.ENSP00000301280 9606.ENSP00000245544 0 0 0 108 0 0 126 187 
9606.ENSP00000301280 9606.ENSP00000386239 0 0 0 184 54 0 221 346 
9606.ENSP00000301280 9606.ENSP00000264233 0 0 0 210 0 0 188 332 
9606.ENSP00000301280 9606.ENSP00000233242 0 0 0 0 0 0 173 173 
9606.ENSP00000301280 9606.ENSP00000374455 0 0 0 0 294 0 0 294 
9606.ENSP00000301280 9606.ENSP00000321963 0 0 0 0 56 0 363 373 
9606.ENSP00000301280 9606.ENSP00000215829 0 0 0 96 0 0 348 385 
9606.ENSP00000301280 9606.ENSP00000282516 0 0 0 42 0 0 244 245 
9606.ENSP00000301280 9606.ENSP00000361777 0 0 0 122 288 0 0 348 
9606.ENSP00000301280 9606.ENSP00000286398 0 0 0 694 0 0 52 698 
9606.ENSP00000301280 9606.ENSP00000406050 0 0 0 0 186 0 0 186 
9606.ENSP00000301280 9606.ENSP00000433681 0 0 0 314 0 0 0 314 
9606.ENSP00000301280 9606.ENSP00000221265 0 0 0 98 288 0 0 330 
9606.ENSP00000301280 9606.ENSP00000308750 0 0 0 230 185 0 77 370 
9606.ENSP00000301280 9606.ENSP00000262188 0 0 0 78 84 0 203 268 
9606.ENSP00000301280 9606.ENSP00000307143 0 0 0 218 0 0 0 218 
9606.ENSP00000301280 9606.ENSP00000374145 0 0 0 0 186 0 0 186 
9606.ENSP00000301280 9606.ENSP00000378414 0 0 0 112 93 900 267 933 
9606.ENSP00000301280 9606.ENSP00000380283 0 0 0 0 0 0 240 240 
9606.ENSP00000301280 9606.ENSP00000306637 0 0 0 114 80 0 0 150 
9606.ENSP00000301280 9606.ENSP00000336687 0 0 0 106 400 0 337 613 
9606.ENSP00000301280 9606.ENSP00000260731 0 0 0 350 0 0 153 426 
9606.ENSP00000301280 9606.ENSP00000349640 0 0 0 89 0 0 492 517 
9606.ENSP00000301280 9606.ENSP00000344503 0 0 0 202 0 0 0 202 
9606.ENSP00000301280 9606.ENSP00000333326 0 0 0 0 0 0 191 191 
9606.ENSP00000301280 9606.ENSP00000312663 0 0 0 0 186 0 0 186 
9606.ENSP00000301280 9606.ENSP00000355354 0 0 0 62 0 0 138 157 
9606.ENSP00000301280 9606.ENSP00000055077 0 0 0 211 93 0 57 266 
9606.ENSP00000301280 9606.ENSP00000484095 0 0 0 62 133 0 303 384 
9606.ENSP00000301280 9606.ENSP00000485259 0 0 0 61 160 0 0 177 
9606.ENSP00000301280 9606.ENSP00000266070 0 0 0 99 0 0 103 157 
9606.ENSP00000301280 9606.ENSP00000249910 0 0 0 61 0 0 218 234 
9606.ENSP00000301280 9606.ENSP00000485452 0 0 0 0 0 0 257 257 
9606.ENSP00000301280 9606.ENSP00000424896 0 0 0 62 787 0 0 791 
9606.ENSP00000301280 9606.ENSP00000292778 0 0 0 89 0 0 128 172 
9606.ENSP00000301280 9606.ENSP00000262904 0 0 0 141 0 0 167 254 
9606.ENSP00000301280 9606.ENSP00000262965 0 0 0 184 0 0 0 184 
9606.ENSP00000301280 9606.ENSP00000356319 0 0 0 217 0 0 80 248 
9606.ENSP00000301280 9606.ENSP00000265963 0 0 0 61 0 0 235 251 
9606.ENSP00000301280 9606.ENSP00000318297 0 0 0 108 93 0 85 195 
9606.ENSP00000301280 9606.ENSP00000247191 0 0 0 344 0 0 153 421 
9606.ENSP00000301280 9606.ENSP00000412566 0 0 0 154 0 0 54 166 
9606.ENSP00000301280 9606.ENSP00000404092 0 0 0 181 0 0 80 215 
9606.ENSP00000301280 9606.ENSP00000481110 0 0 0 239 0 0 0 239 
9606.ENSP00000301280 9606.ENSP00000367755 0 0 0 0 0 0 416 416 
9606.ENSP00000301280 9606.ENSP00000323588 0 0 0 100 0 0 102 157 
9606.ENSP00000301280 9606.ENSP00000351108 0 0 0 163 0 0 0 163 
9606.ENSP00000301280 9606.ENSP00000263753 0 0 0 292 57 0 84 335 
9606.ENSP00000301280 9606.ENSP00000443017 0 0 0 62 408 0 406 642 
9606.ENSP00000301280 9606.ENSP00000275053 0 0 0 206 0 0 100 255 
9606.ENSP00000301280 9606.ENSP00000336868 0 0 0 229 257 0 354 598 
9606.ENSP00000301280 9606.ENSP00000267549 0 0 0 0 0 0 167 167 
9606.ENSP00000301280 9606.ENSP00000395574 0 0 0 0 367 0 0 367 
9606.ENSP00000301280 9606.ENSP00000274532 0 0 0 0 0 0 221 221 
9606.ENSP00000301280 9606.ENSP00000309572 0 0 0 138 0 0 64 158 
9606.ENSP00000301280 9606.ENSP00000301634 0 0 0 663 0 0 109 687 
9606.ENSP00000301280 9606.ENSP00000306561 0 0 0 0 0 0 320 320 
9606.ENSP00000301280 9606.ENSP00000482313 0 0 0 371 165 0 171 527 
9606.ENSP00000301280 9606.ENSP00000380557 0 0 0 0 70 0 138 164 
9606.ENSP00000301280 9606.ENSP00000293831 0 0 0 96 55 0 85 150 
9606.ENSP00000301280 9606.ENSP00000080059 0 0 0 62 167 0 59 200 
9606.ENSP00000301280 9606.ENSP00000386810 0 0 0 114 80 0 0 150 
9606.ENSP00000301280 9606.ENSP00000310832 0 0 0 0 0 0 168 168 
9606.ENSP00000301280 9606.ENSP00000396976 0 0 0 65 0 0 247 266 
9606.ENSP00000301280 9606.ENSP00000411099 0 0 0 61 0 0 149 166 
9606.ENSP00000301280 9606.ENSP00000448955 0 0 0 81 0 0 127 164 
9606.ENSP00000301280 9606.ENSP00000359910 0 0 0 63 0 0 188 206 
9606.ENSP00000301280 9606.ENSP00000263253 0 0 0 82 354 0 111 426 
9606.ENSP00000301280 9606.ENSP00000226230 0 0 0 104 0 0 93 152 
9606.ENSP00000301280 9606.ENSP00000361298 0 0 0 572 0 0 180 634 
9606.ENSP00000301280 9606.ENSP00000481486 0 0 0 62 87 0 406 447 
9606.ENSP00000301280 9606.ENSP00000352271 0 0 0 70 0 0 138 164 
9606.ENSP00000301280 9606.ENSP00000479518 0 0 0 88 0 0 146 187 
9606.ENSP00000301280 9606.ENSP00000263974 0 0 0 0 209 0 0 209 
9606.ENSP00000301280 9606.ENSP00000318195 0 0 0 111 0 0 123 187 
9606.ENSP00000301280 9606.ENSP00000362592 0 0 0 130 406 900 511 971 
9606.ENSP00000301280 9606.ENSP00000392094 0 0 0 143 93 0 0 189 
9606.ENSP00000301280 9606.ENSP00000355231 0 0 0 0 319 0 0 319 
9606.ENSP00000301280 9606.ENSP00000363055 0 0 0 549 0 0 121 586 
9606.ENSP00000301280 9606.ENSP00000438483 0 0 0 267 0 0 67 286 
9606.ENSP00000301280 9606.ENSP00000373696 0 0 0 48 165 0 67 193 
9606.ENSP00000301280 9606.ENSP00000402527 0 0 0 100 0 0 102 157 
9606.ENSP00000301280 9606.ENSP00000262518 0 0 0 122 56 0 61 154 
9606.ENSP00000301280 9606.ENSP00000262300 0 0 0 337 0 0 104 381 
9606.ENSP00000301280 9606.ENSP00000361540 0 0 0 606 0 0 81 623 
9606.ENSP00000301280 9606.ENSP00000358716 0 0 0 108 93 0 0 157 
9606.ENSP00000301280 9606.ENSP00000260184 0 0 0 69 64 0 128 173 
9606.ENSP00000301280 9606.ENSP00000278616 0 0 0 64 0 0 362 377 
9606.ENSP00000301280 9606.ENSP00000364976 0 0 0 236 0 0 97 280 
9606.ENSP00000301280 9606.ENSP00000453403 0 0 0 308 367 0 99 571 
9606.ENSP00000301280 9606.ENSP00000385479 0 0 0 62 133 0 222 312 
9606.ENSP00000301280 9606.ENSP00000310356 0 0 0 319 0 0 171 412 
9606.ENSP00000301280 9606.ENSP00000233146 0 0 0 207 93 0 130 320 
9606.ENSP00000301280 9606.ENSP00000234296 0 0 0 195 0 0 171 304 
9606.ENSP00000301280 9606.ENSP00000262315 0 0 0 689 0 0 99 708 
9606.ENSP00000301280 9606.ENSP00000368164 0 0 0 394 83 0 48 424 
9606.ENSP00000301280 9606.ENSP00000419692 0 0 0 61 57 900 0 903 
9606.ENSP00000301280 9606.ENSP00000231498 0 0 0 195 0 0 0 195 
9606.ENSP00000301280 9606.ENSP00000259457 0 0 0 0 0 0 233 233 
9606.ENSP00000301280 9606.ENSP00000257789 0 0 0 171 0 0 103 226 
9606.ENSP00000301280 9606.ENSP00000278823 0 0 0 115 80 0 143 241 
9606.ENSP00000301280 9606.ENSP00000423563 0 0 0 78 0 0 183 215 
9606.ENSP00000301280 9606.ENSP00000379808 0 0 0 0 0 0 205 205 
9606.ENSP00000301280 9606.ENSP00000246548 0 0 0 69 0 0 216 239 
9606.ENSP00000301280 9606.ENSP00000325863 0 0 0 103 93 0 162 258 
9606.ENSP00000301280 9606.ENSP00000367406 0 0 0 68 0 0 284 305 
9606.ENSP00000301280 9606.ENSP00000263274 0 0 0 493 93 0 132 566 
9606.ENSP00000301280 9606.ENSP00000339958 0 0 0 64 0 0 411 425 
9606.ENSP00000301280 9606.ENSP00000424417 0 0 0 68 0 0 199 222 
9606.ENSP00000301280 9606.ENSP00000276410 0 0 0 0 295 0 0 295 
9606.ENSP00000301280 9606.ENSP00000364585 0 0 0 194 93 0 115 297 
9606.ENSP00000301280 9606.ENSP00000422392 0 0 0 55 0 0 329 339 
9606.ENSP00000301280 9606.ENSP00000158166 0 0 0 0 0 0 167 167 
9606.ENSP00000301280 9606.ENSP00000330737 0 0 0 0 0 0 354 354 
9606.ENSP00000301280 9606.ENSP00000298292 0 0 0 65 0 0 134 155 
9606.ENSP00000301280 9606.ENSP00000242776 0 0 0 158 55 0 0 170 
9606.ENSP00000301280 9606.ENSP00000271452 0 0 0 333 0 0 73 355 
9606.ENSP00000301280 9606.ENSP00000460070 0 0 0 53 288 0 0 296 
9606.ENSP00000301280 9606.ENSP00000385410 0 0 0 138 0 0 104 195 
9606.ENSP00000301280 9606.ENSP00000406046 0 0 0 466 265 0 440 761 
9606.ENSP00000301280 9606.ENSP00000221486 0 0 0 411 0 0 160 484 
9606.ENSP00000301280 9606.ENSP00000044462 0 0 0 0 0 0 463 463 
9606.ENSP00000301280 9606.ENSP00000383178 0 0 0 151 0 0 0 151 
9606.ENSP00000301280 9606.ENSP00000274026 0 0 0 462 342 0 175 683 
9606.ENSP00000301280 9606.ENSP00000374354 0 0 0 62 0 0 215 232 
9606.ENSP00000301280 9606.ENSP00000328004 0 0 0 0 0 0 268 268 
9606.ENSP00000301280 9606.ENSP00000327077 0 0 0 46 354 0 0 357 
9606.ENSP00000301280 9606.ENSP00000357308 0 0 0 174 0 0 73 201 
9606.ENSP00000301280 9606.ENSP00000404042 0 0 0 0 0 0 229 229 
9606.ENSP00000301280 9606.ENSP00000013807 0 0 0 0 0 0 244 244 
9606.ENSP00000301280 9606.ENSP00000261881 0 0 0 256 0 0 362 505 
9606.ENSP00000301280 9606.ENSP00000386348 0 0 0 179 0 0 0 179 
9606.ENSP00000301280 9606.ENSP00000355077 0 0 0 47 0 0 446 449 
9606.ENSP00000301280 9606.ENSP00000330842 0 0 0 114 80 0 0 150 
9606.ENSP00000301280 9606.ENSP00000369915 0 0 0 61 0 0 309 323 
9606.ENSP00000301280 9606.ENSP00000372023 0 0 0 141 0 0 253 331 
9606.ENSP00000301280 9606.ENSP00000485108 0 0 0 63 0 0 289 306 
9606.ENSP00000301280 9606.ENSP00000266263 0 0 0 88 0 0 111 154 
9606.ENSP00000301280 9606.ENSP00000408295 0 0 0 261 93 0 217 430 
9606.ENSP00000301280 9606.ENSP00000415430 0 0 0 307 0 0 88 341 
9606.ENSP00000301280 9606.ENSP00000306999 0 0 0 151 0 0 172 267 
9606.ENSP00000301280 9606.ENSP00000462664 0 0 0 146 0 0 69 170 
9606.ENSP00000301280 9606.ENSP00000348056 0 0 0 84 0 0 225 260 
9606.ENSP00000301280 9606.ENSP00000357000 0 0 0 0 241 0 0 241 
9606.ENSP00000301280 9606.ENSP00000253462 0 0 0 599 0 0 229 677 
9606.ENSP00000301280 9606.ENSP00000411827 0 0 0 0 0 0 170 170 
9606.ENSP00000301280 9606.ENSP00000254193 0 0 0 116 0 0 235 295 
9606.ENSP00000301280 9606.ENSP00000301019 0 0 0 653 0 0 207 713 
9606.ENSP00000301280 9606.ENSP00000262815 0 0 0 92 0 0 168 212 
9606.ENSP00000301280 9606.ENSP00000480960 0 0 0 62 87 0 406 447 
9606.ENSP00000301280 9606.ENSP00000451828 0 0 0 0 336 0 54 345 
9606.ENSP00000301280 9606.ENSP00000285968 0 0 0 204 0 0 0 204 
9606.ENSP00000301280 9606.ENSP00000355506 0 0 0 744 0 0 171 779 
9606.ENSP00000301280 9606.ENSP00000354511 0 0 0 0 0 0 218 218 
9606.ENSP00000301280 9606.ENSP00000332915 0 0 0 179 0 0 0 179 
9606.ENSP00000301280 9606.ENSP00000379372 0 0 0 0 0 0 320 320 
9606.ENSP00000301280 9606.ENSP00000347649 0 0 0 0 0 0 152 152 
9606.ENSP00000301280 9606.ENSP00000342924 0 0 0 141 80 0 49 182 
9606.ENSP00000301280 9606.ENSP00000299565 0 0 0 61 186 0 0 202 
9606.ENSP00000301280 9606.ENSP00000268138 0 0 0 304 0 0 0 304 
9606.ENSP00000301280 9606.ENSP00000372351 0 0 0 313 0 0 0 313 
9606.ENSP00000301280 9606.ENSP00000229239 0 0 0 97 0 0 122 174 
9606.ENSP00000301280 9606.ENSP00000256646 0 0 0 61 160 0 0 177 
9606.ENSP00000301280 9606.ENSP00000349568 0 0 0 0 0 0 177 177 
9606.ENSP00000301280 9606.ENSP00000377617 0 0 0 96 0 0 116 167 
9606.ENSP00000301280 9606.ENSP00000353332 0 0 0 110 0 0 137 200 
9606.ENSP00000301280 9606.ENSP00000428489 0 0 0 379 0 0 108 422 
9606.ENSP00000301280 9606.ENSP00000257552 0 0 0 0 0 0 169 169 
9606.ENSP00000301280 9606.ENSP00000276533 0 0 0 196 0 0 98 244 
9606.ENSP00000301280 9606.ENSP00000358884 0 0 0 0 0 0 178 178 
9606.ENSP00000301280 9606.ENSP00000296682 0 0 0 0 56 0 188 201 
9606.ENSP00000301280 9606.ENSP00000399511 0 0 0 0 0 0 174 174 
9606.ENSP00000301280 9606.ENSP00000262887 0 0 0 124 0 0 278 340 
9606.ENSP00000301280 9606.ENSP00000385461 0 0 0 147 0 0 50 155 
9606.ENSP00000301280 9606.ENSP00000216639 0 0 0 298 0 0 0 298 
9606.ENSP00000301280 9606.ENSP00000349508 0 0 0 111 93 0 235 330 
9606.ENSP00000301280 9606.ENSP00000360310 0 0 0 64 0 0 286 303 
9606.ENSP00000301280 9606.ENSP00000434614 0 0 0 138 0 0 184 267 
9606.ENSP00000301280 9606.ENSP00000166345 0 0 0 458 0 0 217 558 
9606.ENSP00000301280 9606.ENSP00000358262 0 0 0 166 76 0 175 309 
9606.ENSP00000301280 9606.ENSP00000352516 0 0 0 278 0 0 179 382 
9606.ENSP00000301280 9606.ENSP00000365782 0 0 0 64 0 0 340 356 
9606.ENSP00000301280 9606.ENSP00000358925 0 0 0 157 0 0 95 206 
9606.ENSP00000301280 9606.ENSP00000265148 0 0 0 318 0 0 156 400 
9606.ENSP00000301280 9606.ENSP00000369038 0 0 0 77 0 0 152 184 
9606.ENSP00000301280 9606.ENSP00000349957 0 0 0 64 0 0 148 169 
9606.ENSP00000301280 9606.ENSP00000338673 0 0 0 63 0 0 175 194 
9606.ENSP00000301280 9606.ENSP00000393963 0 0 0 332 0 0 74 355 
9606.ENSP00000301280 9606.ENSP00000356370 0 0 0 61 160 0 0 177 
9606.ENSP00000301280 9606.ENSP00000355966 0 0 0 354 0 0 73 375 
9606.ENSP00000301280 9606.ENSP00000426191 0 0 0 188 64 0 222 357 
9606.ENSP00000301280 9606.ENSP00000255465 0 0 0 206 0 0 66 227 
9606.ENSP00000301280 9606.ENSP00000401018 0 0 0 219 0 0 43 220 
9606.ENSP00000301280 9606.ENSP00000202816 0 0 0 86 0 0 385 415 
9606.ENSP00000301280 9606.ENSP00000301633 0 0 0 360 0 0 61 373 
9606.ENSP00000301280 9606.ENSP00000300738 0 0 0 332 0 0 128 393 
9606.ENSP00000301280 9606.ENSP00000355022 0 0 0 246 0 0 0 246 
9606.ENSP00000301280 9606.ENSP00000464060 0 0 0 61 160 0 0 177 
9606.ENSP00000301280 9606.ENSP00000254958 0 0 0 51 157 0 0 165 
9606.ENSP00000301280 9606.ENSP00000346175 0 0 0 101 50 0 293 343 
9606.ENSP00000301280 9606.ENSP00000377793 0 0 0 345 0 0 0 345 
9606.ENSP00000301280 9606.ENSP00000413632 0 0 0 355 83 0 48 387 
9606.ENSP00000301280 9606.ENSP00000323300 0 0 0 551 0 0 223 636 
9606.ENSP00000301280 9606.ENSP00000388648 0 0 0 267 0 0 283 452 
9606.ENSP00000301280 9606.ENSP00000326550 0 0 0 351 0 0 66 368 
9606.ENSP00000301280 9606.ENSP00000258774 0 0 0 0 0 0 187 187 
9606.ENSP00000301280 9606.ENSP00000274289 0 0 0 110 0 0 204 261 
9606.ENSP00000301280 9606.ENSP00000337353 0 0 0 116 0 0 396 443 
9606.ENSP00000301280 9606.ENSP00000313171 0 0 0 373 82 0 149 468 
9606.ENSP00000301280 9606.ENSP00000381214 0 0 0 114 80 0 0 150 
9606.ENSP00000301280 9606.ENSP00000328835 0 0 0 176 0 0 204 316 
9606.ENSP00000301280 9606.ENSP00000298396 0 0 0 0 0 0 167 167 
9606.ENSP00000301280 9606.ENSP00000395723 0 0 0 0 56 0 265 276 
9606.ENSP00000301280 9606.ENSP00000360483 0 0 0 264 0 0 0 264 
9606.ENSP00000301280 9606.ENSP00000419087 0 0 0 0 0 0 315 315 
9606.ENSP00000301280 9606.ENSP00000249396 0 0 0 62 50 0 123 150 
9606.ENSP00000301280 9606.ENSP00000304802 0 0 0 326 0 0 0 326 
9606.ENSP00000301280 9606.ENSP00000370801 0 0 0 0 0 0 170 170 
9606.ENSP00000301280 9606.ENSP00000386741 0 0 0 64 0 0 213 232 
9606.ENSP00000301280 9606.ENSP00000400088 0 0 0 148 0 0 62 166 
9606.ENSP00000301280 9606.ENSP00000371475 0 0 0 120 93 0 84 205 
9606.ENSP00000301280 9606.ENSP00000295488 0 0 0 77 0 0 183 214 
9606.ENSP00000301280 9606.ENSP00000343741 0 0 0 115 0 0 203 264 
9606.ENSP00000301280 9606.ENSP00000312741 0 0 0 0 0 0 322 322 
9606.ENSP00000301280 9606.ENSP00000408617 0 0 0 62 167 0 59 200 
9606.ENSP00000301280 9606.ENSP00000377547 0 0 0 189 0 0 58 203 
9606.ENSP00000301280 9606.ENSP00000377801 0 0 0 139 60 0 0 156 
9606.ENSP00000301280 9606.ENSP00000294168 0 0 0 69 209 0 87 268 
9606.ENSP00000301280 9606.ENSP00000334675 0 0 0 213 56 0 120 290 
9606.ENSP00000301280 9606.ENSP00000363524 0 0 0 466 0 0 91 494 
9606.ENSP00000301280 9606.ENSP00000262265 0 0 0 0 0 0 465 465 
9606.ENSP00000301280 9606.ENSP00000378350 0 0 0 111 93 0 0 159 
9606.ENSP00000301280 9606.ENSP00000342434 0 0 0 133 0 900 327 936 
9606.ENSP00000301280 9606.ENSP00000325017 0 0 0 525 0 0 0 525 
9606.ENSP00000301280 9606.ENSP00000254846 0 0 0 0 0 0 152 152 
9606.ENSP00000301280 9606.ENSP00000362937 0 0 0 245 60 0 55 271 
9606.ENSP00000301280 9606.ENSP00000313420 0 0 0 111 288 0 129 400 
9606.ENSP00000301280 9606.ENSP00000365588 0 0 0 123 0 0 165 236 
9606.ENSP00000301280 9606.ENSP00000376272 0 0 0 367 64 0 336 573 
9606.ENSP00000301280 9606.ENSP00000256015 0 0 0 0 0 900 50 900 
9606.ENSP00000301280 9606.ENSP00000417980 0 0 0 82 0 0 222 256 
9606.ENSP00000301280 9606.ENSP00000216911 0 0 0 629 0 0 100 651 
9606.ENSP00000301280 9606.ENSP00000364855 0 0 0 87 50 0 100 151 
9606.ENSP00000301280 9606.ENSP00000376457 0 0 0 211 0 0 66 232 
9606.ENSP00000301280 9606.ENSP00000323580 0 0 0 0 0 0 234 234 
9606.ENSP00000301280 9606.ENSP00000385026 0 0 0 0 295 0 0 295 
9606.ENSP00000301280 9606.ENSP00000440005 0 0 0 0 0 0 166 166 
9606.ENSP00000301280 9606.ENSP00000373952 0 0 0 249 0 0 278 434 
9606.ENSP00000301280 9606.ENSP00000465075 0 0 0 213 0 0 246 382 
9606.ENSP00000301280 9606.ENSP00000383682 0 0 0 124 0 0 258 322 
9606.ENSP00000301280 9606.ENSP00000302160 0 0 0 42 0 0 314 315 
9606.ENSP00000301280 9606.ENSP00000386660 0 0 0 59 0 0 186 201 
9606.ENSP00000301280 9606.ENSP00000247178 0 0 0 0 319 0 0 319 
9606.ENSP00000301280 9606.ENSP00000262643 0 0 0 271 0 0 285 457 
9606.ENSP00000301280 9606.ENSP00000334564 0 0 0 0 0 0 309 309 
9606.ENSP00000301280 9606.ENSP00000160827 0 0 0 460 0 0 198 549 
9606.ENSP00000301280 9606.ENSP00000418960 0 0 0 293 93 0 218 455 
9606.ENSP00000301280 9606.ENSP00000241436 0 0 0 668 0 0 0 668 
9606.ENSP00000301280 9606.ENSP00000317039 0 0 0 117 0 0 116 186 
9606.ENSP00000301280 9606.ENSP00000395654 0 0 0 109 93 900 206 927 
9606.ENSP00000301280 9606.ENSP00000342778 0 0 0 182 93 0 52 235 
9606.ENSP00000301280 9606.ENSP00000304290 0 0 0 0 186 0 0 186 
9606.ENSP00000301280 9606.ENSP00000288207 0 0 0 425 0 0 266 560 
9606.ENSP00000301280 9606.ENSP00000323511 0 0 0 64 0 0 205 224 
9606.ENSP00000301280 9606.ENSP00000347170 0 0 0 0 0 0 469 469 
9606.ENSP00000301280 9606.ENSP00000264606 0 0 0 62 167 0 59 200 
9606.ENSP00000301280 9606.ENSP00000308405 0 0 0 145 0 0 56 158 
9606.ENSP00000301280 9606.ENSP00000274255 0 0 0 186 0 0 187 310 
9606.ENSP00000301280 9606.ENSP00000328547 0 0 0 194 0 0 142 279 
9606.ENSP00000301280 9606.ENSP00000212015 0 0 0 62 329 0 94 380 
9606.ENSP00000301280 9606.ENSP00000432768 0 0 0 108 0 0 131 192 
9606.ENSP00000301280 9606.ENSP00000261751 0 0 0 0 295 0 0 295 
9606.ENSP00000301280 9606.ENSP00000377385 0 0 0 64 0 0 224 242 
9606.ENSP00000301280 9606.ENSP00000382356 0 0 0 0 86 0 115 157 
9606.ENSP00000301280 9606.ENSP00000350491 0 0 0 370 0 0 253 509 
9606.ENSP00000301280 9606.ENSP00000263388 0 0 0 61 160 0 0 177 
9606.ENSP00000301280 9606.ENSP00000257934 0 0 0 279 0 0 127 344 
9606.ENSP00000301280 9606.ENSP00000371321 0 0 0 248 93 0 89 324 
9606.ENSP00000301280 9606.ENSP00000264705 0 0 0 176 93 0 0 221 
9606.ENSP00000301280 9606.ENSP00000395929 0 0 0 251 0 0 59 265 
9606.ENSP00000301280 9606.ENSP00000361043 0 0 0 553 56 0 251 656 
9606.ENSP00000301280 9606.ENSP00000315602 0 0 0 0 295 0 0 295 
9606.ENSP00000301280 9606.ENSP00000363017 0 0 0 198 0 0 322 433 
9606.ENSP00000301280 9606.ENSP00000466399 0 0 0 86 0 0 129 170 
9606.ENSP00000301280 9606.ENSP00000245960 0 0 0 130 0 0 135 216 
9606.ENSP00000301280 9606.ENSP00000360944 0 0 0 149 0 0 111 212 
9606.ENSP00000301280 9606.ENSP00000328174 0 0 0 110 0 0 187 246 
9606.ENSP00000301280 9606.ENSP00000370125 0 0 0 69 0 0 125 150 
9606.ENSP00000301280 9606.ENSP00000367893 0 0 0 124 0 0 92 171 
9606.ENSP00000301280 9606.ENSP00000483946 0 0 0 135 0 0 146 230 
9606.ENSP00000301280 9606.ENSP00000271715 0 0 0 77 56 0 228 269 
9606.ENSP00000301280 9606.ENSP00000479106 0 0 0 62 579 0 405 745 
9606.ENSP00000301280 9606.ENSP00000367034 0 0 0 97 87 0 406 468 
9606.ENSP00000301280 9606.ENSP00000387007 0 0 0 632 0 0 41 632 
9606.ENSP00000301280 9606.ENSP00000275517 0 0 0 657 0 0 562 843 
9606.ENSP00000301280 9606.ENSP00000383042 0 0 0 109 130 0 326 432 
9606.ENSP00000301280 9606.ENSP00000276893 0 0 0 430 0 0 73 449 
9606.ENSP00000301280 9606.ENSP00000311121 0 0 0 0 0 0 151 151 
9606.ENSP00000301280 9606.ENSP00000253024 0 0 0 171 447 0 538 770 
9606.ENSP00000301280 9606.ENSP00000321656 0 0 0 298 0 0 118 355 
9606.ENSP00000301280 9606.ENSP00000463154 0 0 0 125 0 0 104 183 
9606.ENSP00000301280 9606.ENSP00000307491 0 0 0 194 0 0 0 194 
9606.ENSP00000301280 9606.ENSP00000286031 0 0 0 169 0 0 0 169 
9606.ENSP00000301280 9606.ENSP00000258428 0 0 0 146 0 0 72 173 
9606.ENSP00000301280 9606.ENSP00000314505 0 0 0 425 84 0 48 454 
9606.ENSP00000301280 9606.ENSP00000480987 0 0 0 886 64 0 290 917 
9606.ENSP00000301280 9606.ENSP00000323421 0 0 0 211 0 0 248 382 
9606.ENSP00000301280 9606.ENSP00000479618 0 0 0 89 0 0 128 171 
9606.ENSP00000301280 9606.ENSP00000313603 0 0 0 90 0 0 168 211 
9606.ENSP00000301280 9606.ENSP00000296930 0 0 0 119 230 0 217 423 
9606.ENSP00000301280 9606.ENSP00000333012 0 0 0 62 0 0 136 155 
9606.ENSP00000301280 9606.ENSP00000374213 0 0 0 133 56 0 50 155 
9606.ENSP00000301280 9606.ENSP00000262105 0 0 0 662 93 0 173 725 
9606.ENSP00000301280 9606.ENSP00000380959 0 0 0 0 0 0 323 323 
9606.ENSP00000301280 9606.ENSP00000364405 0 0 0 154 56 0 0 167 
9606.ENSP00000301280 9606.ENSP00000221730 0 0 0 64 0 0 137 157 
9606.ENSP00000301280 9606.ENSP00000310842 0 0 0 399 0 0 138 460 
9606.ENSP00000301280 9606.ENSP00000311747 0 0 0 104 0 0 108 166 
9606.ENSP00000301280 9606.ENSP00000296503 0 0 0 160 288 0 55 385 
9606.ENSP00000301280 9606.ENSP00000263707 0 0 0 0 0 0 191 191 
9606.ENSP00000301280 9606.ENSP00000229769 0 0 0 98 0 0 400 436 
9606.ENSP00000301280 9606.ENSP00000253107 0 0 0 104 0 0 224 275 
9606.ENSP00000301280 9606.ENSP00000484789 0 0 0 62 87 0 406 447 
9606.ENSP00000301280 9606.ENSP00000362649 0 0 0 132 268 0 213 457 
9606.ENSP00000301280 9606.ENSP00000261366 0 0 0 252 0 0 138 328 
9606.ENSP00000301280 9606.ENSP00000257909 0 0 0 275 0 0 348 507 
9606.ENSP00000301280 9606.ENSP00000310596 0 0 0 0 0 0 237 237 
9606.ENSP00000301280 9606.ENSP00000296255 0 0 0 0 0 0 165 165 
9606.ENSP00000301280 9606.ENSP00000368030 0 0 0 152 0 0 0 152 
9606.ENSP00000301280 9606.ENSP00000281031 0 0 0 0 0 0 198 198 
9606.ENSP00000301280 9606.ENSP00000354957 0 0 0 161 0 0 114 225 
9606.ENSP00000301280 9606.ENSP00000263997 0 0 0 64 0 0 299 316 
9606.ENSP00000301280 9606.ENSP00000216714 0 0 0 129 0 0 213 285 
9606.ENSP00000301280 9606.ENSP00000325290 0 0 0 200 0 0 90 241 
9606.ENSP00000301280 9606.ENSP00000016946 0 0 0 114 80 0 0 150 
9606.ENSP00000301280 9606.ENSP00000263754 0 0 0 64 379 0 115 441 
9606.ENSP00000301280 9606.ENSP00000258770 0 0 0 76 0 0 126 158 
9606.ENSP00000301280 9606.ENSP00000328169 0 0 0 51 157 0 0 165 
9606.ENSP00000301280 9606.ENSP00000442924 0 0 0 78 0 0 233 262 
9606.ENSP00000301280 9606.ENSP00000283195 0 0 0 114 114 0 0 181 
9606.ENSP00000301280 9606.ENSP00000336866 0 0 0 0 0 0 310 310 
9606.ENSP00000301280 9606.ENSP00000483549 0 0 0 98 0 0 168 217 
9606.ENSP00000301280 9606.ENSP00000473172 0 0 0 109 93 0 89 200 
9606.ENSP00000301280 9606.ENSP00000281453 0 0 0 489 0 0 0 489 
9606.ENSP00000301280 9606.ENSP00000351947 0 0 0 70 93 0 147 218 
9606.ENSP00000301280 9606.ENSP00000366974 0 0 0 62 87 0 406 447 
9606.ENSP00000301280 9606.ENSP00000418268 0 0 0 484 0 0 93 512 
9606.ENSP00000301280 9606.ENSP00000465992 0 0 0 207 0 0 145 293 
9606.ENSP00000301280 9606.ENSP00000252622 0 0 0 0 0 0 287 287 
9606.ENSP00000301280 9606.ENSP00000298288 0 0 0 198 0 0 65 218 
9606.ENSP00000301280 9606.ENSP00000483154 0 0 0 0 0 0 443 443 
9606.ENSP00000301280 9606.ENSP00000479461 0 0 0 62 87 0 406 447 
9606.ENSP00000301280 9606.ENSP00000296484 0 0 0 255 0 0 0 255 
9606.ENSP00000301280 9606.ENSP00000250056 0 0 0 233 0 0 71 257 
9606.ENSP00000301280 9606.ENSP00000377601 0 0 0 254 76 0 140 356 
9606.ENSP00000301280 9606.ENSP00000476960 0 0 0 62 133 0 382 453 
9606.ENSP00000301280 9606.ENSP00000378295 0 0 0 347 0 0 170 436 
9606.ENSP00000301280 9606.ENSP00000295746 0 0 0 237 0 0 0 237 
9606.ENSP00000301280 9606.ENSP00000320147 0 0 0 229 0 0 202 358 
9606.ENSP00000301280 9606.ENSP00000466121 0 0 0 0 0 0 186 186 
9606.ENSP00000301280 9606.ENSP00000480826 0 0 0 62 600 0 303 716 
9606.ENSP00000301280 9606.ENSP00000362674 0 0 0 64 193 0 52 222 
9606.ENSP00000301280 9606.ENSP00000265773 0 0 0 55 83 0 186 233 
9606.ENSP00000301280 9606.ENSP00000323967 0 0 0 48 0 900 110 907 
9606.ENSP00000301280 9606.ENSP00000476295 0 0 0 61 185 0 237 365 
9606.ENSP00000301280 9606.ENSP00000252996 0 0 0 109 0 0 156 216 
9606.ENSP00000301280 9606.ENSP00000262460 0 0 0 224 0 0 483 582 
9606.ENSP00000301280 9606.ENSP00000263208 0 0 0 114 0 0 509 546 
9606.ENSP00000301280 9606.ENSP00000287598 0 0 0 430 342 0 138 648 
9606.ENSP00000301280 9606.ENSP00000365210 0 0 0 233 0 0 85 268 
9606.ENSP00000301280 9606.ENSP00000269397 0 0 0 61 185 0 243 370 
9606.ENSP00000301280 9606.ENSP00000284503 0 0 0 0 0 0 500 500 
9606.ENSP00000301280 9606.ENSP00000309790 0 0 0 134 0 0 97 185 
9606.ENSP00000301280 9606.ENSP00000369545 0 0 0 0 0 0 282 282 
9606.ENSP00000301280 9606.ENSP00000382688 0 0 0 0 0 0 151 151 
9606.ENSP00000301280 9606.ENSP00000317232 0 0 0 57 0 0 267 279 
9606.ENSP00000301280 9606.ENSP00000380692 0 0 0 77 0 0 179 209 
9606.ENSP00000301280 9606.ENSP00000265036 0 0 0 229 0 0 0 229 
9606.ENSP00000301280 9606.ENSP00000362768 0 0 0 205 0 0 82 240 
9606.ENSP00000301280 9606.ENSP00000406162 0 0 0 125 0 0 97 177 
9606.ENSP00000301280 9606.ENSP00000350036 0 0 0 161 0 0 81 195 
9606.ENSP00000301280 9606.ENSP00000285116 0 0 0 362 0 0 187 459 
9606.ENSP00000301280 9606.ENSP00000380718 0 0 0 91 185 0 280 420 
9606.ENSP00000301280 9606.ENSP00000369979 0 0 0 0 0 0 209 209 
9606.ENSP00000301280 9606.ENSP00000440402 0 0 0 173 0 0 210 319 
9606.ENSP00000301280 9606.ENSP00000370214 0 0 0 175 0 0 0 175 
9606.ENSP00000301280 9606.ENSP00000229758 0 0 0 219 0 0 51 228 
9606.ENSP00000301280 9606.ENSP00000355051 0 0 0 0 0 0 454 454 
9606.ENSP00000301280 9606.ENSP00000307411 0 0 0 63 0 0 143 162 
9606.ENSP00000301280 9606.ENSP00000297338 0 0 0 81 0 0 260 291 
9606.ENSP00000301280 9606.ENSP00000477538 0 0 0 84 0 0 261 295 
9606.ENSP00000301280 9606.ENSP00000369716 0 0 0 71 81 0 96 161 
9606.ENSP00000301280 9606.ENSP00000333633 0 0 0 97 93 0 136 230 
9606.ENSP00000301280 9606.ENSP00000233078 0 0 0 98 0 0 142 193 
9606.ENSP00000301280 9606.ENSP00000305204 0 0 0 253 0 0 0 253 
9606.ENSP00000301280 9606.ENSP00000263121 0 0 0 104 0 0 105 163 
9606.ENSP00000301280 9606.ENSP00000353098 0 0 0 247 0 0 0 247 
9606.ENSP00000301280 9606.ENSP00000306473 0 0 0 275 0 0 130 343 
9606.ENSP00000301280 9606.ENSP00000319104 0 0 0 114 0 0 164 228 
9606.ENSP00000301280 9606.ENSP00000484638 0 0 0 62 133 0 300 381 
9606.ENSP00000301280 9606.ENSP00000362131 0 0 0 174 0 0 276 376 
9606.ENSP00000301280 9606.ENSP00000285021 0 0 0 62 379 0 0 392 
9606.ENSP00000301280 9606.ENSP00000319169 0 0 0 136 0 0 167 250 
9606.ENSP00000301280 9606.ENSP00000347232 0 0 0 275 505 0 301 727 
9606.ENSP00000301280 9606.ENSP00000295966 0 0 0 63 0 0 204 222 
9606.ENSP00000301280 9606.ENSP00000310520 0 0 0 67 0 0 175 198 
9606.ENSP00000301280 9606.ENSP00000248071 0 0 0 0 388 0 87 418 
9606.ENSP00000301280 9606.ENSP00000256996 0 0 0 63 0 0 228 245 
9606.ENSP00000301280 9606.ENSP00000368686 0 0 0 120 0 0 213 278 
9606.ENSP00000301280 9606.ENSP00000479617 0 0 0 538 0 0 212 620 
9606.ENSP00000301280 9606.ENSP00000259782 0 0 0 0 0 0 173 173 
9606.ENSP00000301280 9606.ENSP00000367910 0 0 0 229 0 0 327 459 
9606.ENSP00000301280 9606.ENSP00000446271 0 0 0 225 0 0 0 225 
9606.ENSP00000301280 9606.ENSP00000365107 0 0 0 260 0 0 0 260 
9606.ENSP00000301280 9606.ENSP00000484105 0 0 0 406 0 0 314 575 
9606.ENSP00000301280 9606.ENSP00000369411 0 0 0 390 64 0 106 445 
9606.ENSP00000301280 9606.ENSP00000301072 0 0 0 123 0 0 103 180 
9606.ENSP00000301280 9606.ENSP00000287482 0 0 0 227 0 0 0 227 
9606.ENSP00000301280 9606.ENSP00000219066 0 0 0 83 0 0 269 302 
9606.ENSP00000301280 9606.ENSP00000270861 0 0 0 339 0 0 60 352 
9606.ENSP00000301280 9606.ENSP00000322180 0 0 0 365 0 0 219 483 
9606.ENSP00000301280 9606.ENSP00000435506 0 0 0 64 0 0 184 204 
9606.ENSP00000301280 9606.ENSP00000289957 0 0 0 0 186 0 0 186 
9606.ENSP00000301280 9606.ENSP00000342307 0 0 0 321 0 0 83 351 
9606.ENSP00000301280 9606.ENSP00000428056 0 0 0 51 139 0 71 175 
9606.ENSP00000301280 9606.ENSP00000264552 0 0 0 201 0 0 72 227 
9606.ENSP00000301280 9606.ENSP00000366956 0 0 0 62 87 0 406 447 
9606.ENSP00000301280 9606.ENSP00000369424 0 0 0 174 194 0 354 533 
9606.ENSP00000301280 9606.ENSP00000333920 0 0 0 63 0 0 145 164 
9606.ENSP00000301280 9606.ENSP00000215980 0 0 0 348 0 0 0 348 
9606.ENSP00000301280 9606.ENSP00000370936 0 0 0 77 0 0 148 179 
9606.ENSP00000301280 9606.ENSP00000231790 0 0 0 180 0 0 70 205 
9606.ENSP00000301280 9606.ENSP00000376611 0 0 0 57 0 0 169 183 
9606.ENSP00000301280 9606.ENSP00000377492 0 0 0 329 0 0 0 329 
9606.ENSP00000301280 9606.ENSP00000261308 0 0 0 53 317 0 82 354 
9606.ENSP00000301280 9606.ENSP00000364589 0 0 0 46 0 0 170 175 
9606.ENSP00000301280 9606.ENSP00000225728 0 0 0 0 0 0 252 252 
9606.ENSP00000301280 9606.ENSP00000419851 0 0 0 136 0 0 64 157 
9606.ENSP00000301280 9606.ENSP00000258385 0 0 0 0 186 0 0 186 
9606.ENSP00000301280 9606.ENSP00000360793 0 0 0 342 0 0 69 362 
9606.ENSP00000301280 9606.ENSP00000359393 0 0 0 118 0 0 87 161 
9606.ENSP00000301280 9606.ENSP00000298139 0 0 0 150 459 0 187 593 
9606.ENSP00000301280 9606.ENSP00000451974 0 0 0 117 0 0 107 178 
9606.ENSP00000301280 9606.ENSP00000380256 0 0 0 282 0 0 176 384 
9606.ENSP00000301280 9606.ENSP00000417063 0 0 0 0 0 0 261 261 
9606.ENSP00000301280 9606.ENSP00000323099 0 0 0 88 0 0 145 186 
9606.ENSP00000301280 9606.ENSP00000311083 0 0 0 259 0 0 68 280 
9606.ENSP00000301280 9606.ENSP00000367590 0 0 0 61 0 0 226 242 
