9606.ENSP00000246071 9606.ENSP00000358242 0 0 0 175 294 0 0 392 
9606.ENSP00000246071 9606.ENSP00000361177 0 0 0 63 260 0 56 288 
9606.ENSP00000246071 9606.ENSP00000374280 0 0 0 173 0 0 0 173 
9606.ENSP00000246071 9606.ENSP00000295688 0 0 0 171 0 0 0 171 
9606.ENSP00000246071 9606.ENSP00000377969 0 0 0 140 0 900 136 919 
9606.ENSP00000246071 9606.ENSP00000324203 0 0 0 63 0 0 193 212 
9606.ENSP00000246071 9606.ENSP00000356541 0 0 0 332 959 900 0 997 
9606.ENSP00000246071 9606.ENSP00000382863 0 0 0 111 0 0 246 301 
9606.ENSP00000246071 9606.ENSP00000448054 0 0 0 425 0 0 0 425 
9606.ENSP00000246071 9606.ENSP00000350698 0 0 0 156 263 0 50 358 
9606.ENSP00000246071 9606.ENSP00000309610 0 0 0 163 0 0 0 163 
9606.ENSP00000246071 9606.ENSP00000480890 0 0 0 0 0 0 151 151 
9606.ENSP00000246071 9606.ENSP00000426632 0 0 0 63 260 0 56 288 
9606.ENSP00000246071 9606.ENSP00000261600 0 0 0 136 0 0 284 356 
9606.ENSP00000246071 9606.ENSP00000409279 0 0 0 61 0 0 217 233 
9606.ENSP00000246071 9606.ENSP00000478017 0 0 0 64 299 0 105 361 
9606.ENSP00000246071 9606.ENSP00000336721 0 0 0 91 0 0 203 244 
9606.ENSP00000246071 9606.ENSP00000319464 0 0 0 63 260 0 56 288 
9606.ENSP00000246071 9606.ENSP00000184956 0 0 0 63 380 0 73 414 
9606.ENSP00000246071 9606.ENSP00000278412 0 0 0 207 0 0 0 207 
9606.ENSP00000246071 9606.ENSP00000269025 0 0 0 63 260 0 56 288 
9606.ENSP00000246071 9606.ENSP00000228284 0 0 0 165 0 0 305 395 
9606.ENSP00000246071 9606.ENSP00000307288 0 0 0 157 0 0 0 157 
9606.ENSP00000246071 9606.ENSP00000393241 0 0 0 167 0 0 43 169 
9606.ENSP00000246071 9606.ENSP00000434359 0 0 0 285 0 900 98 929 
9606.ENSP00000246071 9606.ENSP00000322419 0 0 0 247 0 0 66 266 
9606.ENSP00000246071 9606.ENSP00000358765 0 0 0 63 260 0 56 288 
9606.ENSP00000246071 9606.ENSP00000326981 0 0 0 154 0 0 0 154 
9606.ENSP00000246071 9606.ENSP00000286428 0 0 0 280 0 0 0 280 
9606.ENSP00000246071 9606.ENSP00000318480 0 0 0 190 0 0 42 190 
9606.ENSP00000246071 9606.ENSP00000292616 0 0 0 70 260 0 56 294 
9606.ENSP00000246071 9606.ENSP00000358374 0 0 0 183 0 0 57 196 
9606.ENSP00000246071 9606.ENSP00000362744 0 0 0 152 0 0 0 152 
9606.ENSP00000246071 9606.ENSP00000358160 0 0 0 0 178 0 57 191 
9606.ENSP00000246071 9606.ENSP00000264254 0 0 0 177 0 0 0 177 
9606.ENSP00000246071 9606.ENSP00000053468 0 0 0 192 0 0 0 192 
9606.ENSP00000246071 9606.ENSP00000425092 0 0 0 107 0 540 178 633 
9606.ENSP00000246071 9606.ENSP00000483254 0 0 0 235 299 0 240 557 
9606.ENSP00000246071 9606.ENSP00000225792 0 0 0 117 263 900 128 935 
9606.ENSP00000246071 9606.ENSP00000339835 0 0 0 0 178 0 57 191 
9606.ENSP00000246071 9606.ENSP00000325376 0 0 0 320 149 900 89 940 
9606.ENSP00000246071 9606.ENSP00000249299 0 0 0 446 959 900 281 998 
9606.ENSP00000246071 9606.ENSP00000375133 0 0 0 84 0 0 211 246 
9606.ENSP00000246071 9606.ENSP00000219252 0 0 0 181 0 900 50 915 
9606.ENSP00000246071 9606.ENSP00000440643 0 0 0 63 260 0 56 288 
9606.ENSP00000246071 9606.ENSP00000294635 0 0 0 63 260 0 56 288 
9606.ENSP00000246071 9606.ENSP00000339017 0 0 0 64 0 0 237 255 
9606.ENSP00000246071 9606.ENSP00000362110 0 0 0 365 964 900 296 998 
9606.ENSP00000246071 9606.ENSP00000314792 0 0 0 61 299 0 182 414 
9606.ENSP00000246071 9606.ENSP00000482075 0 0 0 142 0 0 97 192 
9606.ENSP00000246071 9606.ENSP00000360525 0 0 0 382 0 900 329 954 
9606.ENSP00000246071 9606.ENSP00000362060 0 0 0 183 0 0 0 183 
9606.ENSP00000246071 9606.ENSP00000378699 0 0 0 154 0 0 0 154 
9606.ENSP00000246071 9606.ENSP00000264515 0 0 0 181 0 0 0 181 
9606.ENSP00000246071 9606.ENSP00000360560 0 0 0 63 260 0 56 288 
9606.ENSP00000246071 9606.ENSP00000291552 0 0 0 84 0 0 346 375 
9606.ENSP00000246071 9606.ENSP00000418008 0 0 0 286 0 0 0 286 
9606.ENSP00000246071 9606.ENSP00000240922 0 0 0 250 0 0 0 250 
9606.ENSP00000246071 9606.ENSP00000356587 0 0 0 62 0 0 166 184 
9606.ENSP00000246071 9606.ENSP00000479101 0 0 0 0 0 0 167 167 
9606.ENSP00000246071 9606.ENSP00000466897 0 0 0 92 299 0 105 380 
9606.ENSP00000246071 9606.ENSP00000355388 0 0 0 166 0 0 0 166 
9606.ENSP00000246071 9606.ENSP00000243563 0 0 0 409 0 900 65 940 
9606.ENSP00000246071 9606.ENSP00000480421 0 0 0 334 54 900 133 938 
9606.ENSP00000246071 9606.ENSP00000217939 0 0 0 63 260 0 56 288 
9606.ENSP00000246071 9606.ENSP00000442699 0 0 0 59 379 540 85 721 
9606.ENSP00000246071 9606.ENSP00000361626 0 0 0 97 0 900 202 921 
9606.ENSP00000246071 9606.ENSP00000337393 0 0 0 149 0 0 59 165 
9606.ENSP00000246071 9606.ENSP00000296702 0 0 0 146 0 0 227 312 
9606.ENSP00000246071 9606.ENSP00000371267 0 0 0 154 0 0 0 154 
9606.ENSP00000246071 9606.ENSP00000283109 0 0 0 191 0 0 0 191 
9606.ENSP00000246071 9606.ENSP00000386226 0 0 0 137 299 0 105 411 
9606.ENSP00000246071 9606.ENSP00000312535 0 0 0 63 260 0 56 288 
9606.ENSP00000246071 9606.ENSP00000348108 0 0 0 63 0 0 270 287 
9606.ENSP00000246071 9606.ENSP00000301788 0 0 0 243 0 900 0 921 
9606.ENSP00000246071 9606.ENSP00000361982 0 0 0 64 0 0 410 424 
9606.ENSP00000246071 9606.ENSP00000363746 0 0 0 169 0 0 0 169 
9606.ENSP00000246071 9606.ENSP00000345347 0 0 0 135 0 0 65 156 
9606.ENSP00000246071 9606.ENSP00000246062 0 0 0 152 0 0 0 152 
9606.ENSP00000246071 9606.ENSP00000439856 0 0 0 153 0 900 0 911 
9606.ENSP00000246071 9606.ENSP00000331907 0 0 0 0 373 0 69 391 
9606.ENSP00000246071 9606.ENSP00000261708 0 0 0 159 0 0 0 159 
9606.ENSP00000246071 9606.ENSP00000316512 0 0 0 162 0 0 50 170 
9606.ENSP00000246071 9606.ENSP00000482271 0 0 0 0 178 0 57 191 
9606.ENSP00000246071 9606.ENSP00000314348 0 0 0 83 263 0 50 301 
9606.ENSP00000246071 9606.ENSP00000229812 0 0 0 0 0 0 194 194 
9606.ENSP00000246071 9606.ENSP00000472469 0 0 0 203 0 0 0 203 
9606.ENSP00000246071 9606.ENSP00000466989 0 0 0 63 260 0 56 288 
9606.ENSP00000246071 9606.ENSP00000304353 0 0 0 166 0 0 0 166 
9606.ENSP00000246071 9606.ENSP00000353538 0 0 0 63 260 0 56 288 
9606.ENSP00000246071 9606.ENSP00000225504 0 0 0 135 0 0 75 166 
9606.ENSP00000246071 9606.ENSP00000302886 0 0 0 181 122 0 49 256 
9606.ENSP00000246071 9606.ENSP00000333547 0 0 0 0 50 0 177 184 
9606.ENSP00000246071 9606.ENSP00000279387 0 0 0 244 0 0 0 244 
9606.ENSP00000246071 9606.ENSP00000239882 0 0 0 171 0 0 0 171 
9606.ENSP00000246071 9606.ENSP00000327336 0 0 0 63 260 0 56 288 
9606.ENSP00000246071 9606.ENSP00000361918 0 0 0 115 736 900 0 974 
9606.ENSP00000246071 9606.ENSP00000315379 0 0 0 179 938 900 171 995 
9606.ENSP00000246071 9606.ENSP00000355187 0 0 0 63 260 0 56 288 
9606.ENSP00000246071 9606.ENSP00000267064 0 0 0 306 0 0 50 312 
9606.ENSP00000246071 9606.ENSP00000278572 0 0 0 200 0 0 82 234 
9606.ENSP00000246071 9606.ENSP00000216237 0 0 0 80 0 0 132 167 
9606.ENSP00000246071 9606.ENSP00000320184 0 0 0 176 0 0 0 176 
9606.ENSP00000246071 9606.ENSP00000230056 0 0 0 163 0 0 0 163 
9606.ENSP00000246071 9606.ENSP00000233468 0 0 0 660 806 900 356 995 
9606.ENSP00000246071 9606.ENSP00000335605 0 0 0 0 0 0 269 269 
9606.ENSP00000246071 9606.ENSP00000364694 0 0 0 63 260 0 56 288 
9606.ENSP00000246071 9606.ENSP00000216455 0 0 0 466 0 0 0 466 
9606.ENSP00000246071 9606.ENSP00000353741 0 0 0 202 0 0 0 202 
9606.ENSP00000246071 9606.ENSP00000417078 0 0 0 72 269 0 69 313 
9606.ENSP00000246071 9606.ENSP00000339109 0 0 0 72 0 0 162 189 
9606.ENSP00000246071 9606.ENSP00000301408 0 0 0 0 0 0 669 669 
9606.ENSP00000246071 9606.ENSP00000391211 0 0 0 274 0 0 70 296 
9606.ENSP00000246071 9606.ENSP00000368887 0 0 0 182 0 0 108 239 
9606.ENSP00000246071 9606.ENSP00000410769 0 0 0 264 0 0 0 264 
9606.ENSP00000246071 9606.ENSP00000317473 0 0 0 186 0 0 0 186 
9606.ENSP00000246071 9606.ENSP00000287202 0 0 0 63 0 0 380 395 
9606.ENSP00000246071 9606.ENSP00000378163 0 0 0 169 0 0 0 169 
9606.ENSP00000246071 9606.ENSP00000364289 0 0 0 287 0 900 155 934 
9606.ENSP00000246071 9606.ENSP00000362820 0 0 0 484 0 900 161 952 
9606.ENSP00000246071 9606.ENSP00000222115 0 0 0 0 237 0 0 237 
9606.ENSP00000246071 9606.ENSP00000266718 0 0 0 63 260 0 56 288 
9606.ENSP00000246071 9606.ENSP00000363228 0 0 0 209 0 0 0 209 
9606.ENSP00000246071 9606.ENSP00000386636 0 0 0 466 400 0 81 680 
9606.ENSP00000246071 9606.ENSP00000366999 0 0 0 0 178 0 57 191 
9606.ENSP00000246071 9606.ENSP00000300574 0 0 0 82 0 0 116 154 
9606.ENSP00000246071 9606.ENSP00000460348 0 0 0 199 945 900 499 997 
9606.ENSP00000246071 9606.ENSP00000244576 0 0 0 0 0 0 248 248 
9606.ENSP00000246071 9606.ENSP00000215939 0 0 0 0 0 0 329 329 
9606.ENSP00000246071 9606.ENSP00000227524 0 0 0 373 947 900 277 997 
9606.ENSP00000246071 9606.ENSP00000443988 0 0 0 178 0 0 0 178 
9606.ENSP00000246071 9606.ENSP00000308622 0 0 0 317 0 0 0 317 
9606.ENSP00000246071 9606.ENSP00000373657 0 0 0 219 0 0 0 219 
9606.ENSP00000246071 9606.ENSP00000339795 0 0 0 195 0 0 62 213 
9606.ENSP00000246071 9606.ENSP00000367315 0 0 0 63 260 0 56 288 
9606.ENSP00000246071 9606.ENSP00000431040 0 0 0 199 0 0 0 199 
9606.ENSP00000246071 9606.ENSP00000352642 0 0 0 63 260 0 56 288 
9606.ENSP00000246071 9606.ENSP00000451080 0 0 0 609 0 0 50 613 
9606.ENSP00000246071 9606.ENSP00000271628 0 0 0 234 949 900 595 998 
9606.ENSP00000246071 9606.ENSP00000466285 0 0 0 63 260 0 56 288 
9606.ENSP00000246071 9606.ENSP00000392257 0 0 0 62 287 900 0 927 
9606.ENSP00000246071 9606.ENSP00000369965 0 0 0 212 0 0 0 212 
9606.ENSP00000246071 9606.ENSP00000297347 0 0 0 203 0 0 0 203 
9606.ENSP00000246071 9606.ENSP00000435926 0 0 0 159 0 0 259 350 
9606.ENSP00000246071 9606.ENSP00000371586 0 0 0 152 0 0 0 152 
9606.ENSP00000246071 9606.ENSP00000005386 0 0 0 155 0 0 0 155 
9606.ENSP00000246071 9606.ENSP00000276585 0 0 0 242 0 0 0 242 
9606.ENSP00000246071 9606.ENSP00000275230 0 0 0 0 269 0 0 269 
9606.ENSP00000246071 9606.ENSP00000326759 0 0 0 63 260 0 56 288 
9606.ENSP00000246071 9606.ENSP00000307208 0 0 0 171 0 0 58 186 
9606.ENSP00000246071 9606.ENSP00000293362 0 0 0 497 0 0 63 509 
9606.ENSP00000246071 9606.ENSP00000322396 0 0 0 244 0 0 0 244 
9606.ENSP00000246071 9606.ENSP00000306324 0 0 0 0 0 0 443 443 
9606.ENSP00000246071 9606.ENSP00000352097 0 0 0 0 0 0 284 284 
9606.ENSP00000246071 9606.ENSP00000343054 0 0 0 88 0 900 244 925 
9606.ENSP00000246071 9606.ENSP00000362334 0 0 0 349 0 0 0 349 
9606.ENSP00000246071 9606.ENSP00000378191 0 0 0 186 0 0 0 186 
9606.ENSP00000246071 9606.ENSP00000271526 0 0 0 90 0 900 0 905 
9606.ENSP00000246071 9606.ENSP00000225983 0 0 0 62 185 0 68 225 
9606.ENSP00000246071 9606.ENSP00000464619 0 0 0 61 287 0 0 301 
9606.ENSP00000246071 9606.ENSP00000346050 0 0 0 212 0 0 139 292 
9606.ENSP00000246071 9606.ENSP00000330460 0 0 0 0 263 0 76 289 
9606.ENSP00000246071 9606.ENSP00000253108 0 0 0 247 0 0 0 247 
9606.ENSP00000246071 9606.ENSP00000253329 0 0 0 91 287 900 0 929 
9606.ENSP00000246071 9606.ENSP00000383059 0 0 0 171 0 0 0 171 
9606.ENSP00000246071 9606.ENSP00000376384 0 0 0 63 260 0 56 288 
9606.ENSP00000246071 9606.ENSP00000358159 0 0 0 59 366 0 58 388 
9606.ENSP00000246071 9606.ENSP00000485525 0 0 0 187 0 0 0 187 
9606.ENSP00000246071 9606.ENSP00000264156 0 0 0 146 127 0 0 222 
9606.ENSP00000246071 9606.ENSP00000216297 0 0 0 155 0 0 75 186 
9606.ENSP00000246071 9606.ENSP00000429986 0 0 0 380 0 0 0 380 
9606.ENSP00000246071 9606.ENSP00000363676 0 0 0 233 0 0 0 233 
9606.ENSP00000246071 9606.ENSP00000358737 0 0 0 180 0 0 79 213 
9606.ENSP00000246071 9606.ENSP00000361923 0 0 0 156 0 0 0 156 
9606.ENSP00000246071 9606.ENSP00000377958 0 0 0 264 0 0 0 264 
9606.ENSP00000246071 9606.ENSP00000292614 0 0 0 250 0 900 0 921 
9606.ENSP00000246071 9606.ENSP00000359990 0 0 0 63 260 0 56 288 
9606.ENSP00000246071 9606.ENSP00000408576 0 0 0 0 261 0 0 261 
9606.ENSP00000246071 9606.ENSP00000388337 0 0 0 321 0 0 0 321 
9606.ENSP00000246071 9606.ENSP00000331111 0 0 0 336 0 0 0 336 
9606.ENSP00000246071 9606.ENSP00000297071 0 0 0 286 299 0 105 513 
9606.ENSP00000246071 9606.ENSP00000297151 0 0 0 62 877 900 116 988 
9606.ENSP00000246071 9606.ENSP00000238616 0 0 0 63 0 0 251 268 
9606.ENSP00000246071 9606.ENSP00000351446 0 0 0 191 0 0 0 191 
9606.ENSP00000246071 9606.ENSP00000346986 0 0 0 69 0 0 167 192 
9606.ENSP00000246071 9606.ENSP00000366135 0 0 0 129 0 0 87 171 
9606.ENSP00000246071 9606.ENSP00000419425 0 0 0 99 287 0 0 330 
9606.ENSP00000246071 9606.ENSP00000350090 0 0 0 61 299 0 127 375 
9606.ENSP00000246071 9606.ENSP00000359398 0 0 0 152 0 0 0 152 
9606.ENSP00000246071 9606.ENSP00000358151 0 0 0 57 133 0 45 151 
9606.ENSP00000246071 9606.ENSP00000305790 0 0 0 201 986 900 392 999 
9606.ENSP00000246071 9606.ENSP00000333277 0 0 0 0 178 0 57 191 
9606.ENSP00000246071 9606.ENSP00000360688 0 0 0 173 0 0 0 173 
9606.ENSP00000246071 9606.ENSP00000261015 0 0 0 396 0 0 0 396 
9606.ENSP00000246071 9606.ENSP00000263205 0 0 0 143 0 0 77 175 
9606.ENSP00000246071 9606.ENSP00000343552 0 0 0 0 0 0 167 167 
9606.ENSP00000246071 9606.ENSP00000199814 0 0 0 70 945 900 74 994 
9606.ENSP00000246071 9606.ENSP00000480514 0 0 0 151 0 0 0 151 
9606.ENSP00000246071 9606.ENSP00000352257 0 0 0 191 0 0 0 191 
9606.ENSP00000246071 9606.ENSP00000217958 0 0 0 275 223 0 0 412 
9606.ENSP00000246071 9606.ENSP00000264883 0 0 0 128 0 0 245 314 
9606.ENSP00000246071 9606.ENSP00000230122 0 0 0 0 0 0 250 250 
9606.ENSP00000246071 9606.ENSP00000365694 0 0 0 145 0 0 50 153 
9606.ENSP00000246071 9606.ENSP00000255120 0 0 0 217 0 0 0 217 
9606.ENSP00000246071 9606.ENSP00000435210 0 0 0 249 0 0 0 249 
9606.ENSP00000246071 9606.ENSP00000384164 0 0 0 0 64 0 411 425 
9606.ENSP00000246071 9606.ENSP00000363745 0 0 0 384 0 900 366 957 
9606.ENSP00000246071 9606.ENSP00000357981 0 0 0 46 0 0 223 227 
9606.ENSP00000246071 9606.ENSP00000301585 0 0 0 171 0 0 0 171 
9606.ENSP00000246071 9606.ENSP00000247003 0 0 0 108 263 0 50 321 
9606.ENSP00000246071 9606.ENSP00000280871 0 0 0 0 700 0 0 700 
9606.ENSP00000246071 9606.ENSP00000356247 0 0 0 63 260 0 56 288 
9606.ENSP00000246071 9606.ENSP00000263697 0 0 0 323 118 900 0 935 
9606.ENSP00000246071 9606.ENSP00000261890 0 0 0 47 50 0 177 189 
9606.ENSP00000246071 9606.ENSP00000356191 0 0 0 63 260 0 56 288 
9606.ENSP00000246071 9606.ENSP00000380414 0 0 0 172 0 0 0 172 
9606.ENSP00000246071 9606.ENSP00000297534 0 0 0 183 0 0 0 183 
9606.ENSP00000246071 9606.ENSP00000349970 0 0 0 79 0 0 196 227 
9606.ENSP00000246071 9606.ENSP00000295119 0 0 0 282 0 0 0 282 
9606.ENSP00000246071 9606.ENSP00000413436 0 0 0 121 108 0 78 214 
9606.ENSP00000246071 9606.ENSP00000269601 0 0 0 216 944 900 268 996 
9606.ENSP00000246071 9606.ENSP00000318861 0 0 0 175 949 900 128 995 
9606.ENSP00000246071 9606.ENSP00000453273 0 0 0 63 260 0 56 288 
9606.ENSP00000246071 9606.ENSP00000370376 0 0 0 176 0 0 0 176 
9606.ENSP00000246071 9606.ENSP00000464813 0 0 0 212 0 0 0 212 
9606.ENSP00000246071 9606.ENSP00000396301 0 0 0 109 800 900 0 980 
9606.ENSP00000246071 9606.ENSP00000377681 0 0 0 138 0 0 129 218 
9606.ENSP00000246071 9606.ENSP00000346414 0 0 0 63 260 0 56 288 
9606.ENSP00000246071 9606.ENSP00000483688 0 0 0 240 0 0 0 240 
9606.ENSP00000246071 9606.ENSP00000348168 0 0 0 351 0 0 0 351 
9606.ENSP00000246071 9606.ENSP00000286175 0 0 0 177 287 900 131 942 
9606.ENSP00000246071 9606.ENSP00000363999 0 0 0 176 0 0 0 176 
9606.ENSP00000246071 9606.ENSP00000325905 0 0 0 354 0 900 105 937 
9606.ENSP00000246071 9606.ENSP00000362329 0 0 0 166 0 0 0 166 
9606.ENSP00000246071 9606.ENSP00000260443 0 0 0 336 0 0 0 336 
9606.ENSP00000246071 9606.ENSP00000387006 0 0 0 201 877 900 49 989 
9606.ENSP00000246071 9606.ENSP00000240316 0 0 0 161 0 0 77 193 
9606.ENSP00000246071 9606.ENSP00000380998 0 0 0 154 184 0 0 280 
9606.ENSP00000246071 9606.ENSP00000319240 0 0 0 342 800 900 333 990 
9606.ENSP00000246071 9606.ENSP00000400803 0 0 0 63 260 0 56 288 
9606.ENSP00000246071 9606.ENSP00000410758 0 0 0 317 959 900 147 997 
9606.ENSP00000246071 9606.ENSP00000325377 0 0 0 72 0 900 87 907 
9606.ENSP00000246071 9606.ENSP00000335636 0 0 0 279 0 0 0 279 
9606.ENSP00000246071 9606.ENSP00000379475 0 0 0 423 263 0 80 574 
9606.ENSP00000246071 9606.ENSP00000416534 0 0 0 153 263 900 350 954 
9606.ENSP00000246071 9606.ENSP00000414921 0 0 0 99 0 0 307 349 
9606.ENSP00000246071 9606.ENSP00000387982 0 0 0 131 71 0 0 158 
9606.ENSP00000246071 9606.ENSP00000356652 0 0 0 173 0 0 0 173 
9606.ENSP00000246071 9606.ENSP00000368667 0 0 0 0 263 0 50 269 
9606.ENSP00000246071 9606.ENSP00000297579 0 0 0 229 0 0 0 229 
9606.ENSP00000246071 9606.ENSP00000348010 0 0 0 169 0 540 331 721 
9606.ENSP00000246071 9606.ENSP00000457991 0 0 0 63 260 0 56 288 
9606.ENSP00000246071 9606.ENSP00000479953 0 0 0 63 260 0 56 288 
9606.ENSP00000246071 9606.ENSP00000339992 0 0 0 77 348 0 50 378 
9606.ENSP00000246071 9606.ENSP00000343924 0 0 0 63 260 0 56 288 
9606.ENSP00000246071 9606.ENSP00000276079 0 0 0 200 0 0 152 293 
9606.ENSP00000246071 9606.ENSP00000296684 0 0 0 152 0 0 0 152 
9606.ENSP00000246071 9606.ENSP00000326767 0 0 0 181 0 0 0 181 
9606.ENSP00000246071 9606.ENSP00000262415 0 0 0 165 943 900 69 995 
9606.ENSP00000246071 9606.ENSP00000356425 0 0 0 241 0 0 0 241 
9606.ENSP00000246071 9606.ENSP00000343867 0 0 0 288 0 0 0 288 
9606.ENSP00000246071 9606.ENSP00000366998 0 0 0 155 0 0 0 155 
9606.ENSP00000246071 9606.ENSP00000308369 0 0 0 66 124 0 87 188 
9606.ENSP00000246071 9606.ENSP00000298910 0 0 0 63 260 0 64 294 
9606.ENSP00000246071 9606.ENSP00000375978 0 0 0 185 0 0 0 185 
9606.ENSP00000246071 9606.ENSP00000293777 0 0 0 183 0 0 0 183 
9606.ENSP00000246071 9606.ENSP00000266719 0 0 0 63 260 0 56 288 
9606.ENSP00000246071 9606.ENSP00000346762 0 0 0 74 120 0 0 150 
9606.ENSP00000246071 9606.ENSP00000471502 0 0 0 63 260 0 56 288 
9606.ENSP00000246071 9606.ENSP00000440222 0 0 0 62 0 540 178 614 
9606.ENSP00000246071 9606.ENSP00000267973 0 0 0 192 0 0 0 192 
9606.ENSP00000246071 9606.ENSP00000286788 0 0 0 390 0 0 0 390 
9606.ENSP00000246071 9606.ENSP00000248668 0 0 0 63 260 0 56 288 
9606.ENSP00000246071 9606.ENSP00000436679 0 0 0 245 0 0 131 316 
9606.ENSP00000246071 9606.ENSP00000365019 0 0 0 153 0 0 0 153 
9606.ENSP00000246071 9606.ENSP00000434849 0 0 0 63 260 0 56 288 
9606.ENSP00000246071 9606.ENSP00000217026 0 0 0 77 348 0 50 378 
9606.ENSP00000246071 9606.ENSP00000352956 0 0 0 102 129 0 202 321 
9606.ENSP00000246071 9606.ENSP00000357879 0 0 0 155 0 0 0 155 
9606.ENSP00000246071 9606.ENSP00000221419 0 0 0 440 0 900 155 948 
9606.ENSP00000246071 9606.ENSP00000290541 0 0 0 150 0 0 0 150 
9606.ENSP00000246071 9606.ENSP00000419270 0 0 0 87 846 0 0 853 
9606.ENSP00000246071 9606.ENSP00000341944 0 0 0 63 260 0 56 288 
9606.ENSP00000246071 9606.ENSP00000261813 0 0 0 311 0 0 0 311 
9606.ENSP00000246071 9606.ENSP00000483495 0 0 0 107 263 0 50 320 
9606.ENSP00000246071 9606.ENSP00000232978 0 0 0 62 287 0 0 302 
9606.ENSP00000246071 9606.ENSP00000403310 0 0 0 113 149 540 575 832 
9606.ENSP00000246071 9606.ENSP00000298125 0 0 0 0 0 0 156 156 
9606.ENSP00000246071 9606.ENSP00000361076 0 0 0 128 330 0 64 406 
9606.ENSP00000246071 9606.ENSP00000259239 0 0 0 249 0 0 0 249 
9606.ENSP00000246071 9606.ENSP00000367157 0 0 0 63 260 0 56 288 
9606.ENSP00000246071 9606.ENSP00000282466 0 0 0 63 260 0 56 288 
9606.ENSP00000246071 9606.ENSP00000270586 0 0 0 182 0 0 169 291 
9606.ENSP00000246071 9606.ENSP00000353769 0 0 0 123 0 0 316 375 
9606.ENSP00000246071 9606.ENSP00000296795 0 0 0 63 260 0 56 288 
9606.ENSP00000246071 9606.ENSP00000342510 0 0 0 63 260 0 56 288 
9606.ENSP00000246071 9606.ENSP00000351218 0 0 0 165 0 0 0 165 
9606.ENSP00000246071 9606.ENSP00000361927 0 0 0 103 0 900 157 917 
9606.ENSP00000246071 9606.ENSP00000302967 0 0 0 87 191 0 62 247 
9606.ENSP00000246071 9606.ENSP00000457723 0 0 0 163 0 900 104 918 
9606.ENSP00000246071 9606.ENSP00000223129 0 0 0 315 0 0 0 315 
9606.ENSP00000246071 9606.ENSP00000314193 0 0 0 168 0 0 0 168 
9606.ENSP00000246071 9606.ENSP00000438875 0 0 0 61 191 0 136 286 
9606.ENSP00000246071 9606.ENSP00000345895 0 0 0 221 0 0 0 221 
9606.ENSP00000246071 9606.ENSP00000452037 0 0 0 63 260 0 56 288 
9606.ENSP00000246071 9606.ENSP00000425759 0 0 0 140 0 0 67 163 
9606.ENSP00000246071 9606.ENSP00000413707 0 0 0 63 260 0 56 288 
9606.ENSP00000246071 9606.ENSP00000276201 0 0 0 127 0 900 0 909 
9606.ENSP00000246071 9606.ENSP00000307863 0 0 0 318 157 900 245 950 
9606.ENSP00000246071 9606.ENSP00000322837 0 0 0 0 0 0 176 176 
9606.ENSP00000246071 9606.ENSP00000052754 0 0 0 63 260 0 56 288 
9606.ENSP00000246071 9606.ENSP00000485638 0 0 0 61 287 0 0 301 
9606.ENSP00000246071 9606.ENSP00000230640 0 0 0 226 53 900 213 934 
9606.ENSP00000246071 9606.ENSP00000365950 0 0 0 65 299 0 105 362 
9606.ENSP00000246071 9606.ENSP00000431800 0 0 0 106 0 0 166 222 
9606.ENSP00000246071 9606.ENSP00000376910 0 0 0 63 260 0 56 288 
9606.ENSP00000246071 9606.ENSP00000313007 0 0 0 170 0 0 92 214 
9606.ENSP00000246071 9606.ENSP00000271640 0 0 0 144 0 0 78 177 
9606.ENSP00000246071 9606.ENSP00000303942 0 0 0 63 260 0 56 288 
9606.ENSP00000246071 9606.ENSP00000417602 0 0 0 237 0 0 0 237 
9606.ENSP00000246071 9606.ENSP00000307549 0 0 0 0 0 0 223 223 
9606.ENSP00000246071 9606.ENSP00000478070 0 0 0 81 414 900 0 941 
9606.ENSP00000246071 9606.ENSP00000296417 0 0 0 268 124 0 173 424 
9606.ENSP00000246071 9606.ENSP00000302100 0 0 0 0 0 0 154 154 
9606.ENSP00000246071 9606.ENSP00000344577 0 0 0 0 0 0 167 167 
9606.ENSP00000246071 9606.ENSP00000281950 0 0 0 162 0 0 108 220 
9606.ENSP00000246071 9606.ENSP00000368459 0 0 0 80 0 0 503 524 
9606.ENSP00000246071 9606.ENSP00000261973 0 0 0 287 732 0 225 839 
9606.ENSP00000246071 9606.ENSP00000295087 0 0 0 77 50 0 134 174 
9606.ENSP00000246071 9606.ENSP00000349486 0 0 0 66 260 0 56 291 
9606.ENSP00000246071 9606.ENSP00000417175 0 0 0 0 0 0 167 167 
9606.ENSP00000246071 9606.ENSP00000298281 0 0 0 183 0 900 128 922 
9606.ENSP00000246071 9606.ENSP00000378830 0 0 0 161 0 0 0 161 
9606.ENSP00000246071 9606.ENSP00000344758 0 0 0 63 260 0 56 288 
9606.ENSP00000246071 9606.ENSP00000243997 0 0 0 165 0 0 0 165 
9606.ENSP00000246071 9606.ENSP00000350512 0 0 0 235 0 0 55 246 
9606.ENSP00000246071 9606.ENSP00000348708 0 0 0 127 310 0 0 371 
9606.ENSP00000246071 9606.ENSP00000296577 0 0 0 192 185 0 0 313 
9606.ENSP00000246071 9606.ENSP00000438349 0 0 0 200 0 0 0 200 
9606.ENSP00000246071 9606.ENSP00000410396 0 0 0 157 0 0 0 157 
9606.ENSP00000246071 9606.ENSP00000346027 0 0 0 172 0 0 55 184 
9606.ENSP00000246071 9606.ENSP00000348538 0 0 0 0 0 0 257 257 
9606.ENSP00000246071 9606.ENSP00000250863 0 0 0 61 299 0 105 359 
9606.ENSP00000246071 9606.ENSP00000292879 0 0 0 84 0 900 352 935 
9606.ENSP00000246071 9606.ENSP00000350333 0 0 0 221 0 0 249 390 
9606.ENSP00000246071 9606.ENSP00000360162 0 0 0 63 0 0 170 189 
9606.ENSP00000246071 9606.ENSP00000406598 0 0 0 185 0 0 0 185 
9606.ENSP00000246071 9606.ENSP00000308179 0 0 0 106 0 0 114 174 
9606.ENSP00000246071 9606.ENSP00000362041 0 0 0 174 0 0 0 174 
9606.ENSP00000246071 9606.ENSP00000367028 0 0 0 184 0 0 56 196 
9606.ENSP00000246071 9606.ENSP00000428982 0 0 0 168 0 0 0 168 
9606.ENSP00000246071 9606.ENSP00000309338 0 0 0 0 0 0 285 285 
9606.ENSP00000246071 9606.ENSP00000388552 0 0 0 55 0 0 226 237 
9606.ENSP00000246071 9606.ENSP00000244571 0 0 0 63 0 0 203 221 
9606.ENSP00000246071 9606.ENSP00000264555 0 0 0 0 0 0 384 384 
9606.ENSP00000246071 9606.ENSP00000416683 0 0 0 63 260 0 56 288 
9606.ENSP00000246071 9606.ENSP00000333837 0 0 0 106 117 0 0 177 
9606.ENSP00000246071 9606.ENSP00000365439 0 0 0 413 0 900 113 943 
9606.ENSP00000246071 9606.ENSP00000345361 0 0 0 151 0 0 0 151 
9606.ENSP00000246071 9606.ENSP00000295628 0 0 0 63 260 0 56 288 
9606.ENSP00000246071 9606.ENSP00000290583 0 0 0 63 0 0 167 187 
9606.ENSP00000246071 9606.ENSP00000313199 0 0 0 87 299 900 105 935 
9606.ENSP00000246071 9606.ENSP00000295899 0 0 0 374 0 0 0 374 
9606.ENSP00000246071 9606.ENSP00000386717 0 0 0 187 0 0 0 187 
9606.ENSP00000246071 9606.ENSP00000414851 0 0 0 0 218 0 0 218 
9606.ENSP00000246071 9606.ENSP00000381216 0 0 0 302 0 0 0 302 
9606.ENSP00000246071 9606.ENSP00000361009 0 0 0 46 0 0 150 154 
9606.ENSP00000246071 9606.ENSP00000267884 0 0 0 208 0 0 0 208 
9606.ENSP00000246071 9606.ENSP00000324124 0 0 0 202 0 900 0 916 
9606.ENSP00000246071 9606.ENSP00000378402 0 0 0 144 0 0 58 159 
9606.ENSP00000246071 9606.ENSP00000345055 0 0 0 64 0 0 161 181 
9606.ENSP00000246071 9606.ENSP00000263382 0 0 0 148 0 0 94 195 
9606.ENSP00000246071 9606.ENSP00000402338 0 0 0 173 0 0 0 173 
9606.ENSP00000246071 9606.ENSP00000387303 0 0 0 0 269 0 69 290 
9606.ENSP00000246071 9606.ENSP00000348107 0 0 0 188 0 0 345 446 
9606.ENSP00000246071 9606.ENSP00000364578 0 0 0 95 0 0 179 226 
9606.ENSP00000246071 9606.ENSP00000350170 0 0 0 144 0 0 186 274 
9606.ENSP00000246071 9606.ENSP00000256447 0 0 0 63 260 0 56 288 
9606.ENSP00000246071 9606.ENSP00000261819 0 0 0 107 0 0 195 251 
9606.ENSP00000246071 9606.ENSP00000373620 0 0 0 162 0 0 0 162 
9606.ENSP00000246071 9606.ENSP00000225174 0 0 0 61 287 0 0 301 
9606.ENSP00000246071 9606.ENSP00000389600 0 0 0 63 260 0 56 288 
9606.ENSP00000246071 9606.ENSP00000225698 0 0 0 174 0 0 0 174 
9606.ENSP00000246071 9606.ENSP00000361433 0 0 0 526 0 0 0 526 
9606.ENSP00000246071 9606.ENSP00000358154 0 0 0 0 178 0 57 191 
9606.ENSP00000246071 9606.ENSP00000309689 0 0 0 92 260 0 56 310 
9606.ENSP00000246071 9606.ENSP00000305702 0 0 0 0 263 0 58 276 
9606.ENSP00000246071 9606.ENSP00000465213 0 0 0 195 0 0 0 195 
9606.ENSP00000246071 9606.ENSP00000299300 0 0 0 402 0 0 0 402 
9606.ENSP00000246071 9606.ENSP00000265753 0 0 0 170 299 0 105 434 
9606.ENSP00000246071 9606.ENSP00000363313 0 0 0 277 625 900 406 981 
9606.ENSP00000246071 9606.ENSP00000376077 0 0 0 219 0 0 44 221 
9606.ENSP00000246071 9606.ENSP00000480740 0 0 0 63 260 0 56 288 
9606.ENSP00000246071 9606.ENSP00000362803 0 0 0 203 959 900 138 996 
9606.ENSP00000246071 9606.ENSP00000272645 0 0 0 119 0 900 95 913 
9606.ENSP00000246071 9606.ENSP00000300291 0 0 0 521 0 900 178 957 
9606.ENSP00000246071 9606.ENSP00000236273 0 0 0 102 862 900 0 986 
9606.ENSP00000246071 9606.ENSP00000367154 0 0 0 63 260 0 56 288 
9606.ENSP00000246071 9606.ENSP00000436005 0 0 0 154 0 0 0 154 
9606.ENSP00000246071 9606.ENSP00000238112 0 0 0 241 0 900 280 940 
9606.ENSP00000246071 9606.ENSP00000392617 0 0 0 107 0 0 98 161 
9606.ENSP00000246071 9606.ENSP00000353874 0 0 0 63 260 0 56 288 
9606.ENSP00000246071 9606.ENSP00000386156 0 0 0 169 0 0 0 169 
9606.ENSP00000246071 9606.ENSP00000469421 0 0 0 0 0 0 167 167 
9606.ENSP00000246071 9606.ENSP00000258416 0 0 0 175 95 0 310 440 
9606.ENSP00000246071 9606.ENSP00000323046 0 0 0 395 0 0 64 410 
9606.ENSP00000246071 9606.ENSP00000357047 0 0 0 183 0 0 0 183 
9606.ENSP00000246071 9606.ENSP00000335321 0 0 0 246 990 900 211 999 
9606.ENSP00000246071 9606.ENSP00000298119 0 0 0 63 260 0 56 288 
9606.ENSP00000246071 9606.ENSP00000268482 0 0 0 104 735 900 69 974 
9606.ENSP00000246071 9606.ENSP00000161863 0 0 0 64 373 0 69 405 
9606.ENSP00000246071 9606.ENSP00000330631 0 0 0 63 260 0 56 288 
9606.ENSP00000246071 9606.ENSP00000304854 0 0 0 187 0 0 0 187 
9606.ENSP00000246071 9606.ENSP00000216330 0 0 0 163 0 0 0 163 
9606.ENSP00000246071 9606.ENSP00000382779 0 0 0 152 0 0 0 152 
9606.ENSP00000246071 9606.ENSP00000384126 0 0 0 63 260 0 56 288 
9606.ENSP00000246071 9606.ENSP00000361359 0 0 0 0 0 0 248 248 
9606.ENSP00000246071 9606.ENSP00000344393 0 0 0 161 0 0 0 161 
9606.ENSP00000246071 9606.ENSP00000357304 0 0 0 63 0 0 167 186 
9606.ENSP00000246071 9606.ENSP00000313953 0 0 0 63 0 0 224 242 
9606.ENSP00000246071 9606.ENSP00000452007 0 0 0 64 0 0 151 172 
9606.ENSP00000246071 9606.ENSP00000360365 0 0 0 170 0 0 283 380 
9606.ENSP00000246071 9606.ENSP00000215071 0 0 0 107 0 0 268 319 
9606.ENSP00000246071 9606.ENSP00000262942 0 0 0 0 0 0 263 263 
9606.ENSP00000246071 9606.ENSP00000264639 0 0 0 97 0 0 171 220 
9606.ENSP00000246071 9606.ENSP00000282007 0 0 0 274 0 0 0 274 
9606.ENSP00000246071 9606.ENSP00000267812 0 0 0 321 944 0 0 960 
9606.ENSP00000246071 9606.ENSP00000245934 0 0 0 172 0 900 66 915 
9606.ENSP00000246071 9606.ENSP00000246841 0 0 0 63 260 0 56 288 
9606.ENSP00000246071 9606.ENSP00000346012 0 0 0 177 0 0 0 177 
9606.ENSP00000246071 9606.ENSP00000407323 0 0 0 276 0 0 93 315 
9606.ENSP00000246071 9606.ENSP00000387187 0 0 0 247 0 0 0 247 
9606.ENSP00000246071 9606.ENSP00000382972 0 0 0 203 907 900 221 993 
9606.ENSP00000246071 9606.ENSP00000417686 0 0 0 145 0 0 63 165 
9606.ENSP00000246071 9606.ENSP00000295757 0 0 0 62 145 0 197 300 
9606.ENSP00000246071 9606.ENSP00000377640 0 0 0 247 0 0 0 247 
9606.ENSP00000246071 9606.ENSP00000263780 0 0 0 55 127 0 175 260 
9606.ENSP00000246071 9606.ENSP00000452871 0 0 0 71 0 0 164 191 
9606.ENSP00000246071 9606.ENSP00000332198 0 0 0 192 0 0 106 247 
9606.ENSP00000246071 9606.ENSP00000361363 0 0 0 169 0 0 0 169 
9606.ENSP00000246071 9606.ENSP00000238714 0 0 0 61 0 0 137 154 
9606.ENSP00000246071 9606.ENSP00000463057 0 0 0 61 287 0 0 301 
9606.ENSP00000246071 9606.ENSP00000307822 0 0 0 0 0 0 301 301 
9606.ENSP00000246071 9606.ENSP00000351990 0 0 0 197 0 0 0 197 
9606.ENSP00000246071 9606.ENSP00000342374 0 0 0 560 947 900 402 998 
9606.ENSP00000246071 9606.ENSP00000253039 0 0 0 132 0 0 216 291 
9606.ENSP00000246071 9606.ENSP00000285814 0 0 0 294 0 0 173 391 
9606.ENSP00000246071 9606.ENSP00000219281 0 0 0 0 0 0 456 456 
9606.ENSP00000246071 9606.ENSP00000397249 0 0 0 131 0 0 102 187 
9606.ENSP00000246071 9606.ENSP00000251607 0 0 0 87 0 0 317 350 
9606.ENSP00000246071 9606.ENSP00000422354 0 0 0 67 0 0 139 162 
9606.ENSP00000246071 9606.ENSP00000430432 0 0 0 164 191 0 82 325 
9606.ENSP00000246071 9606.ENSP00000389182 0 0 0 148 0 0 46 152 
9606.ENSP00000246071 9606.ENSP00000366953 0 0 0 140 71 0 0 166 
9606.ENSP00000246071 9606.ENSP00000296509 0 0 0 281 0 0 0 281 
9606.ENSP00000246071 9606.ENSP00000417517 0 0 0 63 260 0 56 288 
9606.ENSP00000246071 9606.ENSP00000318690 0 0 0 65 0 900 0 902 
9606.ENSP00000246071 9606.ENSP00000382595 0 0 0 151 0 0 0 151 
9606.ENSP00000246071 9606.ENSP00000305480 0 0 0 197 0 0 0 197 
9606.ENSP00000246071 9606.ENSP00000363360 0 0 0 179 0 0 0 179 
9606.ENSP00000246071 9606.ENSP00000346067 0 0 0 210 0 0 41 210 
9606.ENSP00000246071 9606.ENSP00000296102 0 0 0 228 0 0 0 228 
9606.ENSP00000246071 9606.ENSP00000400591 0 0 0 666 978 900 224 999 
9606.ENSP00000246071 9606.ENSP00000356920 0 0 0 163 0 0 0 163 
9606.ENSP00000246071 9606.ENSP00000229595 0 0 0 185 0 0 94 230 
9606.ENSP00000246071 9606.ENSP00000347005 0 0 0 132 0 540 178 643 
9606.ENSP00000246071 9606.ENSP00000244230 0 0 0 149 0 0 173 266 
9606.ENSP00000246071 9606.ENSP00000383931 0 0 0 63 260 0 56 288 
9606.ENSP00000246071 9606.ENSP00000390621 0 0 0 0 263 0 57 275 
9606.ENSP00000246071 9606.ENSP00000325448 0 0 0 163 0 0 83 200 
9606.ENSP00000246071 9606.ENSP00000422626 0 0 0 307 0 0 81 336 
9606.ENSP00000246071 9606.ENSP00000415078 0 0 0 80 0 0 116 152 
9606.ENSP00000246071 9606.ENSP00000216252 0 0 0 607 989 900 79 999 
9606.ENSP00000246071 9606.ENSP00000334553 0 0 0 65 287 0 0 305 
9606.ENSP00000246071 9606.ENSP00000335153 0 0 0 212 0 0 83 247 
9606.ENSP00000246071 9606.ENSP00000247001 0 0 0 153 537 900 0 957 
9606.ENSP00000246071 9606.ENSP00000484841 0 0 0 49 178 0 57 198 
9606.ENSP00000246071 9606.ENSP00000262144 0 0 0 148 71 0 50 182 
9606.ENSP00000246071 9606.ENSP00000361232 0 0 0 66 263 0 173 381 
9606.ENSP00000246071 9606.ENSP00000302790 0 0 0 100 0 0 252 298 
9606.ENSP00000246071 9606.ENSP00000364721 0 0 0 146 0 0 49 154 
9606.ENSP00000246071 9606.ENSP00000362105 0 0 0 522 0 0 0 522 
9606.ENSP00000246071 9606.ENSP00000363001 0 0 0 0 0 0 309 309 
9606.ENSP00000246071 9606.ENSP00000233055 0 0 0 0 0 0 156 156 
9606.ENSP00000246071 9606.ENSP00000478754 0 0 0 84 263 0 68 316 
9606.ENSP00000246071 9606.ENSP00000254480 0 0 0 148 0 0 50 156 
9606.ENSP00000246071 9606.ENSP00000468304 0 0 0 80 0 0 624 639 
9606.ENSP00000246071 9606.ENSP00000379241 0 0 0 63 260 0 56 288 
9606.ENSP00000246071 9606.ENSP00000394417 0 0 0 185 0 0 0 185 
9606.ENSP00000246071 9606.ENSP00000306991 0 0 0 0 237 0 0 237 
9606.ENSP00000246071 9606.ENSP00000379339 0 0 0 218 0 0 0 218 
9606.ENSP00000246071 9606.ENSP00000354525 0 0 0 99 0 0 162 212 
9606.ENSP00000246071 9606.ENSP00000334952 0 0 0 63 260 0 56 288 
9606.ENSP00000246071 9606.ENSP00000283131 0 0 0 173 0 0 127 247 
9606.ENSP00000246071 9606.ENSP00000384700 0 0 0 61 0 0 137 154 
9606.ENSP00000246071 9606.ENSP00000261479 0 0 0 419 0 0 0 419 
9606.ENSP00000246071 9606.ENSP00000315386 0 0 0 48 0 0 218 224 
9606.ENSP00000246071 9606.ENSP00000428223 0 0 0 274 0 0 54 284 
9606.ENSP00000246071 9606.ENSP00000414302 0 0 0 61 299 0 105 359 
9606.ENSP00000246071 9606.ENSP00000360609 0 0 0 153 0 0 83 190 
9606.ENSP00000246071 9606.ENSP00000271308 0 0 0 278 0 0 0 278 
9606.ENSP00000246071 9606.ENSP00000262193 0 0 0 320 0 0 0 320 
9606.ENSP00000246071 9606.ENSP00000397552 0 0 0 279 54 0 68 310 
9606.ENSP00000246071 9606.ENSP00000484658 0 0 0 0 178 0 57 191 
9606.ENSP00000246071 9606.ENSP00000360034 0 0 0 214 0 0 0 214 
9606.ENSP00000246071 9606.ENSP00000323720 0 0 0 169 0 0 0 169 
9606.ENSP00000246071 9606.ENSP00000478501 0 0 0 258 0 0 154 346 
9606.ENSP00000246071 9606.ENSP00000346015 0 0 0 188 0 0 81 222 
9606.ENSP00000246071 9606.ENSP00000362936 0 0 0 64 299 0 129 378 
9606.ENSP00000246071 9606.ENSP00000270225 0 0 0 328 0 0 85 359 
9606.ENSP00000246071 9606.ENSP00000384474 0 0 0 183 0 0 0 183 
9606.ENSP00000246071 9606.ENSP00000421592 0 0 0 321 0 900 47 929 
9606.ENSP00000246071 9606.ENSP00000370589 0 0 0 135 376 0 113 479 
9606.ENSP00000246071 9606.ENSP00000262982 0 0 0 176 0 0 252 357 
9606.ENSP00000246071 9606.ENSP00000325312 0 0 0 213 0 0 104 265 
9606.ENSP00000246071 9606.ENSP00000465432 0 0 0 175 0 0 0 175 
9606.ENSP00000246071 9606.ENSP00000270115 0 0 0 63 260 0 56 288 
9606.ENSP00000246071 9606.ENSP00000037869 0 0 0 173 0 0 0 173 
9606.ENSP00000246071 9606.ENSP00000370083 0 0 0 130 0 0 198 272 
9606.ENSP00000246071 9606.ENSP00000336606 0 0 0 0 0 0 186 186 
9606.ENSP00000246071 9606.ENSP00000451818 0 0 0 151 0 0 130 229 
9606.ENSP00000246071 9606.ENSP00000368517 0 0 0 0 0 0 287 287 
9606.ENSP00000246071 9606.ENSP00000254810 0 0 0 0 178 0 57 191 
9606.ENSP00000246071 9606.ENSP00000290299 0 0 0 184 0 0 62 202 
9606.ENSP00000246071 9606.ENSP00000340176 0 0 0 0 0 540 57 547 
9606.ENSP00000246071 9606.ENSP00000219313 0 0 0 186 0 0 70 211 
9606.ENSP00000246071 9606.ENSP00000362900 0 0 0 64 149 900 299 936 
9606.ENSP00000246071 9606.ENSP00000324122 0 0 0 64 988 900 453 999 
9606.ENSP00000246071 9606.ENSP00000367623 0 0 0 238 0 0 0 238 
9606.ENSP00000246071 9606.ENSP00000301785 0 0 0 114 0 0 80 150 
9606.ENSP00000246071 9606.ENSP00000386921 0 0 0 0 0 0 290 290 
9606.ENSP00000246071 9606.ENSP00000417763 0 0 0 287 0 0 0 287 
9606.ENSP00000246071 9606.ENSP00000366604 0 0 0 201 117 900 498 959 
9606.ENSP00000246071 9606.ENSP00000343505 0 0 0 0 0 0 163 163 
9606.ENSP00000246071 9606.ENSP00000274606 0 0 0 243 330 0 102 504 
9606.ENSP00000246071 9606.ENSP00000389103 0 0 0 176 0 0 0 176 
9606.ENSP00000246071 9606.ENSP00000326531 0 0 0 214 0 0 0 214 
9606.ENSP00000246071 9606.ENSP00000157812 0 0 0 141 0 0 53 151 
9606.ENSP00000246071 9606.ENSP00000325919 0 0 0 176 0 0 0 176 
9606.ENSP00000246071 9606.ENSP00000266604 0 0 0 617 0 0 0 617 
9606.ENSP00000246071 9606.ENSP00000295491 0 0 0 178 0 0 0 178 
9606.ENSP00000246071 9606.ENSP00000217260 0 0 0 0 0 0 244 244 
9606.ENSP00000246071 9606.ENSP00000380982 0 0 0 163 0 0 0 163 
9606.ENSP00000246071 9606.ENSP00000320251 0 0 0 157 0 0 0 157 
9606.ENSP00000246071 9606.ENSP00000378260 0 0 0 91 0 0 128 173 
9606.ENSP00000246071 9606.ENSP00000355471 0 0 0 173 0 0 0 173 
9606.ENSP00000246071 9606.ENSP00000334061 0 0 0 62 185 0 68 225 
9606.ENSP00000246071 9606.ENSP00000311430 0 0 0 164 0 0 0 164 
9606.ENSP00000246071 9606.ENSP00000428085 0 0 0 204 0 0 75 232 
9606.ENSP00000246071 9606.ENSP00000446215 0 0 0 579 0 0 167 634 
9606.ENSP00000246071 9606.ENSP00000292476 0 0 0 133 0 900 50 910 
9606.ENSP00000246071 9606.ENSP00000298386 0 0 0 63 260 0 56 288 
9606.ENSP00000246071 9606.ENSP00000329471 0 0 0 61 0 0 221 237 
9606.ENSP00000246071 9606.ENSP00000414321 0 0 0 222 0 0 0 222 
9606.ENSP00000246071 9606.ENSP00000368994 0 0 0 0 0 0 367 367 
9606.ENSP00000246071 9606.ENSP00000263257 0 0 0 61 191 0 345 459 
9606.ENSP00000246071 9606.ENSP00000346120 0 0 0 141 263 0 57 350 
9606.ENSP00000246071 9606.ENSP00000256443 0 0 0 172 0 0 86 211 
9606.ENSP00000246071 9606.ENSP00000272317 0 0 0 169 0 0 0 169 
9606.ENSP00000246071 9606.ENSP00000286371 0 0 0 86 0 0 224 260 
9606.ENSP00000246071 9606.ENSP00000288937 0 0 0 250 0 0 0 250 
9606.ENSP00000246071 9606.ENSP00000156109 0 0 0 107 0 900 0 906 
9606.ENSP00000246071 9606.ENSP00000268483 0 0 0 141 645 0 0 682 
9606.ENSP00000246071 9606.ENSP00000316032 0 0 0 120 0 0 87 162 
9606.ENSP00000246071 9606.ENSP00000362469 0 0 0 0 269 0 0 269 
9606.ENSP00000246071 9606.ENSP00000374399 0 0 0 104 0 0 495 529 
9606.ENSP00000246071 9606.ENSP00000357858 0 0 0 252 0 0 0 252 
9606.ENSP00000246071 9606.ENSP00000215570 0 0 0 150 0 0 0 150 
9606.ENSP00000246071 9606.ENSP00000351646 0 0 0 202 0 0 119 268 
9606.ENSP00000246071 9606.ENSP00000459551 0 0 0 63 260 0 56 288 
9606.ENSP00000246071 9606.ENSP00000308546 0 0 0 87 742 0 0 754 
9606.ENSP00000246071 9606.ENSP00000258169 0 0 0 174 0 0 0 174 
9606.ENSP00000246071 9606.ENSP00000259469 0 0 0 151 0 0 0 151 
9606.ENSP00000246071 9606.ENSP00000401371 0 0 0 101 149 0 89 242 
9606.ENSP00000246071 9606.ENSP00000253363 0 0 0 178 129 0 304 458 
9606.ENSP00000246071 9606.ENSP00000255304 0 0 0 0 0 0 355 355 
9606.ENSP00000246071 9606.ENSP00000466898 0 0 0 0 0 0 390 390 
9606.ENSP00000246071 9606.ENSP00000304229 0 0 0 150 0 0 0 150 
9606.ENSP00000246071 9606.ENSP00000314343 0 0 0 64 0 0 173 192 
9606.ENSP00000246071 9606.ENSP00000262584 0 0 0 162 0 0 78 195 
9606.ENSP00000246071 9606.ENSP00000263174 0 0 0 0 0 0 179 179 
9606.ENSP00000246071 9606.ENSP00000379847 0 0 0 160 0 0 91 203 
9606.ENSP00000246071 9606.ENSP00000318646 0 0 0 188 0 0 0 188 
9606.ENSP00000246071 9606.ENSP00000261172 0 0 0 63 260 0 56 288 
9606.ENSP00000246071 9606.ENSP00000420311 0 0 0 195 0 0 291 405 
9606.ENSP00000246071 9606.ENSP00000450909 0 0 0 355 299 0 105 560 
9606.ENSP00000246071 9606.ENSP00000363314 0 0 0 62 742 0 65 753 
9606.ENSP00000246071 9606.ENSP00000361930 0 0 0 154 0 0 0 154 
9606.ENSP00000246071 9606.ENSP00000454852 0 0 0 63 0 0 177 196 
9606.ENSP00000246071 9606.ENSP00000216225 0 0 0 239 0 0 50 246 
9606.ENSP00000246071 9606.ENSP00000357748 0 0 0 208 0 0 0 208 
9606.ENSP00000246071 9606.ENSP00000369757 0 0 0 149 0 0 95 196 
9606.ENSP00000246071 9606.ENSP00000354346 0 0 0 342 0 0 50 348 
9606.ENSP00000246071 9606.ENSP00000365625 0 0 0 149 457 900 310 963 
9606.ENSP00000246071 9606.ENSP00000352216 0 0 0 0 269 0 0 269 
9606.ENSP00000246071 9606.ENSP00000259324 0 0 0 72 260 0 56 295 
9606.ENSP00000246071 9606.ENSP00000445306 0 0 0 0 0 0 158 158 
9606.ENSP00000246071 9606.ENSP00000291458 0 0 0 242 0 0 0 242 
9606.ENSP00000246071 9606.ENSP00000413098 0 0 0 183 0 0 0 183 
9606.ENSP00000246071 9606.ENSP00000383866 0 0 0 181 0 0 0 181 
9606.ENSP00000246071 9606.ENSP00000304440 0 0 0 0 237 0 0 237 
9606.ENSP00000246071 9606.ENSP00000424870 0 0 0 263 0 0 454 580 
9606.ENSP00000246071 9606.ENSP00000366396 0 0 0 149 0 0 43 151 
9606.ENSP00000246071 9606.ENSP00000432083 0 0 0 189 0 900 50 916 
9606.ENSP00000246071 9606.ENSP00000312356 0 0 0 158 0 0 0 158 
9606.ENSP00000246071 9606.ENSP00000259030 0 0 0 0 0 0 206 206 
9606.ENSP00000246071 9606.ENSP00000334941 0 0 0 49 0 0 440 444 
9606.ENSP00000246071 9606.ENSP00000265069 0 0 0 164 0 0 0 164 
9606.ENSP00000246071 9606.ENSP00000344233 0 0 0 63 260 0 56 288 
9606.ENSP00000246071 9606.ENSP00000269701 0 0 0 95 0 0 132 180 
9606.ENSP00000246071 9606.ENSP00000435777 0 0 0 220 0 0 50 227 
9606.ENSP00000246071 9606.ENSP00000466214 0 0 0 315 0 0 0 315 
9606.ENSP00000246071 9606.ENSP00000386126 0 0 0 0 0 0 171 171 
9606.ENSP00000246071 9606.ENSP00000426654 0 0 0 107 0 0 221 276 
9606.ENSP00000246071 9606.ENSP00000384421 0 0 0 126 0 900 0 908 
9606.ENSP00000246071 9606.ENSP00000219139 0 0 0 0 0 0 349 349 
9606.ENSP00000246071 9606.ENSP00000485450 0 0 0 64 299 0 105 361 
9606.ENSP00000246071 9606.ENSP00000464342 0 0 0 162 0 0 68 186 
9606.ENSP00000246071 9606.ENSP00000231198 0 0 0 45 295 0 0 297 
9606.ENSP00000246071 9606.ENSP00000337862 0 0 0 0 190 0 75 218 
9606.ENSP00000246071 9606.ENSP00000339467 0 0 0 55 51 0 133 154 
9606.ENSP00000246071 9606.ENSP00000216271 0 0 0 62 185 0 68 225 
9606.ENSP00000246071 9606.ENSP00000323858 0 0 0 103 263 0 50 317 
9606.ENSP00000246071 9606.ENSP00000269967 0 0 0 0 0 540 174 603 
9606.ENSP00000246071 9606.ENSP00000390625 0 0 0 55 0 0 368 377 
9606.ENSP00000246071 9606.ENSP00000308925 0 0 0 63 260 0 56 288 
9606.ENSP00000246071 9606.ENSP00000254940 0 0 0 270 0 0 0 270 
9606.ENSP00000246071 9606.ENSP00000476955 0 0 0 88 381 0 173 492 
9606.ENSP00000246071 9606.ENSP00000355402 0 0 0 63 260 0 56 288 
9606.ENSP00000246071 9606.ENSP00000332103 0 0 0 94 629 0 140 685 
9606.ENSP00000246071 9606.ENSP00000405841 0 0 0 63 260 0 56 288 
9606.ENSP00000246071 9606.ENSP00000474988 0 0 0 63 260 0 56 288 
9606.ENSP00000246071 9606.ENSP00000308315 0 0 0 63 260 0 56 288 
9606.ENSP00000246071 9606.ENSP00000341826 0 0 0 396 299 900 244 963 
9606.ENSP00000246071 9606.ENSP00000307567 0 348 0 106 0 0 85 420 
9606.ENSP00000246071 9606.ENSP00000264645 0 0 0 58 800 900 0 979 
9606.ENSP00000246071 9606.ENSP00000476117 0 0 0 155 0 0 49 162 
9606.ENSP00000246071 9606.ENSP00000462116 0 0 0 201 0 0 0 201 
9606.ENSP00000246071 9606.ENSP00000338788 0 0 0 190 0 0 0 190 
9606.ENSP00000246071 9606.ENSP00000479365 0 0 0 64 299 0 105 361 
9606.ENSP00000246071 9606.ENSP00000311677 0 0 0 165 0 0 0 165 
9606.ENSP00000246071 9606.ENSP00000221801 0 0 0 195 0 0 106 250 
9606.ENSP00000246071 9606.ENSP00000256383 0 0 0 280 0 0 99 324 
9606.ENSP00000246071 9606.ENSP00000337632 0 0 0 316 0 0 62 331 
9606.ENSP00000246071 9606.ENSP00000265944 0 0 0 0 0 0 188 188 
9606.ENSP00000246071 9606.ENSP00000355541 0 0 0 176 0 0 0 176 
9606.ENSP00000246071 9606.ENSP00000382840 0 0 0 100 263 0 50 315 
9606.ENSP00000246071 9606.ENSP00000355011 0 0 0 565 0 0 0 565 
9606.ENSP00000246071 9606.ENSP00000258243 0 0 0 159 0 0 0 159 
9606.ENSP00000246071 9606.ENSP00000390475 0 0 0 61 0 0 201 218 
9606.ENSP00000246071 9606.ENSP00000395772 0 0 0 166 0 0 0 166 
9606.ENSP00000246071 9606.ENSP00000371388 0 0 0 181 0 0 0 181 
9606.ENSP00000246071 9606.ENSP00000258091 0 0 0 228 0 0 0 228 
9606.ENSP00000246071 9606.ENSP00000311135 0 0 0 108 269 0 69 340 
9606.ENSP00000246071 9606.ENSP00000429633 0 0 0 77 348 0 50 378 
9606.ENSP00000246071 9606.ENSP00000394394 0 0 0 79 0 0 264 293 
9606.ENSP00000246071 9606.ENSP00000418695 0 0 0 184 0 0 0 184 
9606.ENSP00000246071 9606.ENSP00000298875 0 0 0 160 0 900 167 923 
9606.ENSP00000246071 9606.ENSP00000355657 0 0 0 0 178 0 57 191 
9606.ENSP00000246071 9606.ENSP00000384863 0 0 0 165 41 0 106 222 
9606.ENSP00000246071 9606.ENSP00000355778 0 0 0 99 178 0 57 240 
9606.ENSP00000246071 9606.ENSP00000306983 0 0 0 175 0 0 96 222 
9606.ENSP00000246071 9606.ENSP00000308533 0 0 0 153 0 0 50 161 
9606.ENSP00000246071 9606.ENSP00000372959 0 0 0 63 260 0 56 288 
9606.ENSP00000246071 9606.ENSP00000368458 0 0 0 199 0 0 0 199 
9606.ENSP00000246071 9606.ENSP00000378165 0 0 0 192 118 0 0 257 
9606.ENSP00000246071 9606.ENSP00000240185 0 0 0 319 0 0 214 442 
9606.ENSP00000246071 9606.ENSP00000470560 0 0 0 435 0 0 324 601 
9606.ENSP00000246071 9606.ENSP00000220913 0 0 0 168 0 0 0 168 
9606.ENSP00000246071 9606.ENSP00000404179 0 0 0 81 330 0 64 373 
9606.ENSP00000246071 9606.ENSP00000356989 0 0 0 254 0 0 0 254 
9606.ENSP00000246071 9606.ENSP00000340823 0 0 0 206 0 900 0 917 
9606.ENSP00000246071 9606.ENSP00000312082 0 0 0 63 260 0 56 288 
9606.ENSP00000246071 9606.ENSP00000302441 0 0 0 62 0 0 326 341 
9606.ENSP00000246071 9606.ENSP00000302621 0 0 0 63 260 0 56 288 
9606.ENSP00000246071 9606.ENSP00000225972 0 0 0 63 260 0 56 288 
9606.ENSP00000246071 9606.ENSP00000376309 0 0 0 199 299 900 105 943 
9606.ENSP00000246071 9606.ENSP00000378193 0 0 0 62 348 0 50 368 
9606.ENSP00000246071 9606.ENSP00000266058 0 0 0 63 260 0 56 288 
9606.ENSP00000246071 9606.ENSP00000465620 0 0 0 0 166 0 50 173 
9606.ENSP00000246071 9606.ENSP00000381490 0 0 0 92 0 0 119 166 
9606.ENSP00000246071 9606.ENSP00000317674 0 0 0 0 0 0 168 168 
9606.ENSP00000246071 9606.ENSP00000275603 0 0 0 267 0 0 0 267 
9606.ENSP00000246071 9606.ENSP00000380479 0 0 0 55 0 900 113 908 
9606.ENSP00000246071 9606.ENSP00000264108 0 0 0 180 0 0 0 180 
9606.ENSP00000246071 9606.ENSP00000359454 0 0 0 59 366 0 58 388 
9606.ENSP00000246071 9606.ENSP00000386541 0 0 0 263 0 0 55 274 
9606.ENSP00000246071 9606.ENSP00000386894 0 0 0 132 0 0 226 300 
9606.ENSP00000246071 9606.ENSP00000261700 0 0 0 226 0 0 0 226 
9606.ENSP00000246071 9606.ENSP00000340796 0 0 0 180 0 0 63 198 
9606.ENSP00000246071 9606.ENSP00000203001 0 0 0 174 0 0 0 174 
9606.ENSP00000246071 9606.ENSP00000483484 0 0 0 203 0 0 0 203 
9606.ENSP00000246071 9606.ENSP00000380666 0 0 0 0 0 0 186 186 
9606.ENSP00000246071 9606.ENSP00000254803 0 0 0 247 0 0 0 247 
9606.ENSP00000246071 9606.ENSP00000428579 0 0 0 64 633 540 115 841 
9606.ENSP00000246071 9606.ENSP00000246957 0 0 0 62 120 0 60 156 
9606.ENSP00000246071 9606.ENSP00000415536 0 0 0 189 0 900 0 915 
9606.ENSP00000246071 9606.ENSP00000401564 0 0 0 220 0 0 118 282 
9606.ENSP00000246071 9606.ENSP00000482438 0 0 0 173 0 0 0 173 
9606.ENSP00000246071 9606.ENSP00000392270 0 0 0 168 0 0 82 203 
9606.ENSP00000246071 9606.ENSP00000247843 0 0 0 223 0 0 173 330 
9606.ENSP00000246071 9606.ENSP00000352252 0 0 0 0 178 0 57 191 
9606.ENSP00000246071 9606.ENSP00000274712 0 0 0 206 945 0 57 955 
9606.ENSP00000246071 9606.ENSP00000266079 0 0 0 119 947 900 304 996 
9606.ENSP00000246071 9606.ENSP00000422753 0 0 0 123 0 0 85 163 
9606.ENSP00000246071 9606.ENSP00000261772 0 0 0 67 0 0 285 305 
9606.ENSP00000246071 9606.ENSP00000363089 0 0 0 63 260 0 56 288 
9606.ENSP00000246071 9606.ENSP00000386458 0 0 0 362 0 900 434 960 
9606.ENSP00000246071 9606.ENSP00000483667 0 0 0 113 0 0 83 151 
9606.ENSP00000246071 9606.ENSP00000360492 0 0 0 181 0 0 0 181 
9606.ENSP00000246071 9606.ENSP00000326324 0 0 0 63 260 0 56 288 
9606.ENSP00000246071 9606.ENSP00000420195 0 0 0 187 299 0 272 549 
9606.ENSP00000246071 9606.ENSP00000315017 0 0 0 223 0 0 0 223 
9606.ENSP00000246071 9606.ENSP00000469468 0 0 0 235 943 900 317 996 
9606.ENSP00000246071 9606.ENSP00000370034 0 0 0 63 260 0 56 288 
9606.ENSP00000246071 9606.ENSP00000389810 0 0 0 0 0 0 242 242 
9606.ENSP00000246071 9606.ENSP00000359119 0 0 0 0 0 0 196 196 
9606.ENSP00000246071 9606.ENSP00000484443 0 0 0 0 0 0 248 248 
9606.ENSP00000246071 9606.ENSP00000452123 0 0 0 104 149 900 120 923 
9606.ENSP00000246071 9606.ENSP00000483283 0 0 0 0 178 0 57 191 
9606.ENSP00000246071 9606.ENSP00000358563 0 0 0 183 0 0 49 190 
9606.ENSP00000246071 9606.ENSP00000356448 0 0 0 255 0 0 0 255 
9606.ENSP00000246071 9606.ENSP00000355050 0 0 0 357 0 900 85 936 
9606.ENSP00000246071 9606.ENSP00000264279 0 0 0 213 376 0 113 526 
9606.ENSP00000246071 9606.ENSP00000388638 0 0 0 207 0 900 135 925 
9606.ENSP00000246071 9606.ENSP00000348043 0 0 0 73 260 0 56 296 
9606.ENSP00000246071 9606.ENSP00000238146 0 0 0 157 263 0 322 542 
9606.ENSP00000246071 9606.ENSP00000478121 0 0 0 350 0 0 0 350 
9606.ENSP00000246071 9606.ENSP00000269143 0 0 0 61 0 0 277 292 
9606.ENSP00000246071 9606.ENSP00000215829 0 0 0 871 947 900 306 999 
9606.ENSP00000246071 9606.ENSP00000387471 0 0 0 171 0 0 0 171 
9606.ENSP00000246071 9606.ENSP00000405987 0 0 0 63 260 0 56 288 
9606.ENSP00000246071 9606.ENSP00000231572 0 0 0 214 0 0 0 214 
9606.ENSP00000246071 9606.ENSP00000360644 0 0 0 336 0 0 0 336 
9606.ENSP00000246071 9606.ENSP00000361777 0 0 0 331 0 0 0 331 
9606.ENSP00000246071 9606.ENSP00000357810 0 0 0 63 260 0 56 288 
9606.ENSP00000246071 9606.ENSP00000264718 0 0 0 180 0 0 0 180 
9606.ENSP00000246071 9606.ENSP00000410584 0 0 0 63 0 0 262 279 
9606.ENSP00000246071 9606.ENSP00000362687 0 0 0 88 263 0 57 310 
9606.ENSP00000246071 9606.ENSP00000349748 0 0 0 279 0 0 97 321 
9606.ENSP00000246071 9606.ENSP00000280557 0 0 0 179 0 0 0 179 
9606.ENSP00000246071 9606.ENSP00000260970 0 0 0 144 287 0 0 363 
9606.ENSP00000246071 9606.ENSP00000315397 0 0 0 155 0 0 0 155 
9606.ENSP00000246071 9606.ENSP00000215574 0 0 0 176 0 0 0 176 
9606.ENSP00000246071 9606.ENSP00000346694 0 0 0 409 371 900 263 969 
9606.ENSP00000246071 9606.ENSP00000428209 0 0 0 264 0 0 0 264 
9606.ENSP00000246071 9606.ENSP00000253247 0 0 0 364 0 0 0 364 
9606.ENSP00000246071 9606.ENSP00000360532 0 0 0 245 947 900 168 996 
9606.ENSP00000246071 9606.ENSP00000324792 0 0 0 164 0 0 0 164 
9606.ENSP00000246071 9606.ENSP00000229179 0 0 0 235 0 0 0 235 
9606.ENSP00000246071 9606.ENSP00000266679 0 0 0 273 121 0 86 364 
9606.ENSP00000246071 9606.ENSP00000380495 0 0 0 103 263 0 50 317 
9606.ENSP00000246071 9606.ENSP00000245838 0 0 0 183 0 0 64 202 
9606.ENSP00000246071 9606.ENSP00000216277 0 0 0 107 0 900 137 916 
9606.ENSP00000246071 9606.ENSP00000336687 0 0 0 296 0 0 47 300 
9606.ENSP00000246071 9606.ENSP00000260731 0 0 0 105 64 0 70 152 
9606.ENSP00000246071 9606.ENSP00000419117 0 0 0 210 0 0 0 210 
9606.ENSP00000246071 9606.ENSP00000326806 0 0 0 240 381 900 366 966 
9606.ENSP00000246071 9606.ENSP00000484095 0 0 0 0 178 0 57 191 
9606.ENSP00000246071 9606.ENSP00000405111 0 0 0 113 269 0 69 343 
9606.ENSP00000246071 9606.ENSP00000403649 0 0 0 0 0 0 472 472 
9606.ENSP00000246071 9606.ENSP00000349954 0 0 0 0 0 0 470 470 
9606.ENSP00000246071 9606.ENSP00000264389 0 0 0 208 0 0 57 222 
9606.ENSP00000246071 9606.ENSP00000266070 0 0 0 95 148 0 108 252 
9606.ENSP00000246071 9606.ENSP00000294818 0 0 0 63 260 0 56 288 
9606.ENSP00000246071 9606.ENSP00000384792 0 0 0 0 0 540 0 540 
9606.ENSP00000246071 9606.ENSP00000246081 0 0 0 0 0 0 429 429 
9606.ENSP00000246071 9606.ENSP00000264995 0 0 0 201 0 0 0 201 
9606.ENSP00000246071 9606.ENSP00000296674 0 0 0 185 0 0 0 185 
9606.ENSP00000246071 9606.ENSP00000043402 0 0 0 63 260 0 56 288 
9606.ENSP00000246071 9606.ENSP00000351052 0 0 0 177 0 0 0 177 
9606.ENSP00000246071 9606.ENSP00000414359 0 0 0 451 0 0 0 451 
9606.ENSP00000246071 9606.ENSP00000265963 0 0 0 126 0 0 94 174 
9606.ENSP00000246071 9606.ENSP00000366819 0 0 0 254 0 0 0 254 
9606.ENSP00000246071 9606.ENSP00000344241 0 0 0 189 268 0 227 501 
9606.ENSP00000246071 9606.ENSP00000318297 0 0 0 318 0 0 0 318 
9606.ENSP00000246071 9606.ENSP00000412566 0 0 0 374 958 900 624 998 
9606.ENSP00000246071 9606.ENSP00000249842 0 0 0 63 260 0 56 288 
9606.ENSP00000246071 9606.ENSP00000265866 0 0 0 207 0 0 210 347 
9606.ENSP00000246071 9606.ENSP00000306864 0 0 0 63 260 0 56 288 
9606.ENSP00000246071 9606.ENSP00000368516 0 0 0 63 260 0 56 288 
9606.ENSP00000246071 9606.ENSP00000309175 0 0 0 103 0 0 125 181 
9606.ENSP00000246071 9606.ENSP00000451291 0 0 0 362 299 900 241 961 
9606.ENSP00000246071 9606.ENSP00000351108 0 0 0 235 299 0 139 498 
9606.ENSP00000246071 9606.ENSP00000262710 0 0 0 152 0 0 0 152 
9606.ENSP00000246071 9606.ENSP00000362153 0 0 0 144 0 0 85 183 
9606.ENSP00000246071 9606.ENSP00000365253 0 0 0 63 260 0 56 288 
9606.ENSP00000246071 9606.ENSP00000360966 0 0 0 0 269 0 0 269 
9606.ENSP00000246071 9606.ENSP00000475615 0 0 0 121 959 900 0 996 
9606.ENSP00000246071 9606.ENSP00000432886 0 0 0 0 0 0 206 206 
9606.ENSP00000246071 9606.ENSP00000464036 0 0 0 134 0 0 127 211 
9606.ENSP00000246071 9606.ENSP00000347451 0 0 0 63 260 0 56 288 
9606.ENSP00000246071 9606.ENSP00000416959 0 0 0 344 299 900 296 963 
9606.ENSP00000246071 9606.ENSP00000484669 0 0 0 136 0 900 90 914 
9606.ENSP00000246071 9606.ENSP00000347602 0 0 0 0 0 0 212 212 
9606.ENSP00000246071 9606.ENSP00000336868 0 0 0 0 161 0 0 161 
9606.ENSP00000246071 9606.ENSP00000368927 0 0 0 169 0 0 0 169 
9606.ENSP00000246071 9606.ENSP00000389060 0 0 0 158 0 0 0 158 
9606.ENSP00000246071 9606.ENSP00000355374 0 0 0 0 0 0 198 198 
9606.ENSP00000246071 9606.ENSP00000424838 0 0 0 53 263 0 50 279 
9606.ENSP00000246071 9606.ENSP00000434847 0 0 0 63 260 0 56 288 
9606.ENSP00000246071 9606.ENSP00000389631 0 0 0 0 0 0 263 263 
9606.ENSP00000246071 9606.ENSP00000268624 0 0 0 0 0 0 403 403 
9606.ENSP00000246071 9606.ENSP00000310219 0 0 0 135 0 0 135 220 
9606.ENSP00000246071 9606.ENSP00000377262 0 0 0 73 0 0 136 165 
9606.ENSP00000246071 9606.ENSP00000304903 0 0 0 85 192 900 243 936 
9606.ENSP00000246071 9606.ENSP00000365042 0 0 0 192 0 0 42 193 
9606.ENSP00000246071 9606.ENSP00000362688 0 0 0 226 0 0 0 226 
9606.ENSP00000246071 9606.ENSP00000312981 0 0 0 107 0 900 255 927 
9606.ENSP00000246071 9606.ENSP00000293831 0 0 0 145 263 0 50 349 
9606.ENSP00000246071 9606.ENSP00000393099 0 0 0 0 0 540 0 540 
9606.ENSP00000246071 9606.ENSP00000080059 0 0 0 66 185 0 68 229 
9606.ENSP00000246071 9606.ENSP00000303584 0 0 0 76 0 0 301 327 
9606.ENSP00000246071 9606.ENSP00000315035 0 0 0 62 380 0 155 465 
9606.ENSP00000246071 9606.ENSP00000306614 0 0 0 248 945 900 0 995 
9606.ENSP00000246071 9606.ENSP00000329715 0 0 0 290 0 0 0 290 
9606.ENSP00000246071 9606.ENSP00000382140 0 0 0 63 260 0 56 288 
9606.ENSP00000246071 9606.ENSP00000223641 0 0 0 172 0 0 0 172 
9606.ENSP00000246071 9606.ENSP00000388806 0 0 0 84 299 0 105 375 
9606.ENSP00000246071 9606.ENSP00000441140 0 0 0 154 0 0 0 154 
9606.ENSP00000246071 9606.ENSP00000383382 0 0 0 63 260 0 56 288 
9606.ENSP00000246071 9606.ENSP00000359910 0 0 0 227 0 0 0 227 
9606.ENSP00000246071 9606.ENSP00000358554 0 0 0 312 959 900 105 997 
9606.ENSP00000246071 9606.ENSP00000314901 0 0 0 63 260 0 56 288 
9606.ENSP00000246071 9606.ENSP00000361298 0 53 0 0 64 0 124 156 
9606.ENSP00000246071 9606.ENSP00000318195 0 0 0 211 0 0 60 227 
9606.ENSP00000246071 9606.ENSP00000273286 0 0 0 63 260 0 56 288 
9606.ENSP00000246071 9606.ENSP00000362592 0 0 0 193 71 0 64 237 
9606.ENSP00000246071 9606.ENSP00000374390 0 0 0 0 263 0 57 275 
9606.ENSP00000246071 9606.ENSP00000359042 0 0 0 212 0 540 513 808 
9606.ENSP00000246071 9606.ENSP00000316042 0 0 0 246 299 900 105 946 
9606.ENSP00000246071 9606.ENSP00000392094 0 0 0 318 947 900 265 997 
9606.ENSP00000246071 9606.ENSP00000221859 0 0 0 185 0 900 0 915 
9606.ENSP00000246071 9606.ENSP00000438483 0 0 0 159 0 0 50 167 
9606.ENSP00000246071 9606.ENSP00000467423 0 0 0 371 0 0 82 397 
9606.ENSP00000246071 9606.ENSP00000343103 0 0 0 63 0 0 167 186 
9606.ENSP00000246071 9606.ENSP00000369042 0 0 0 63 50 0 127 156 
9606.ENSP00000246071 9606.ENSP00000388920 0 0 0 177 0 0 0 177 
9606.ENSP00000246071 9606.ENSP00000358716 0 0 0 65 263 0 114 336 
9606.ENSP00000246071 9606.ENSP00000359925 0 0 0 63 260 0 56 288 
9606.ENSP00000246071 9606.ENSP00000370119 0 0 0 130 373 0 225 540 
9606.ENSP00000246071 9606.ENSP00000382239 0 0 0 151 0 0 0 151 
9606.ENSP00000246071 9606.ENSP00000321997 0 0 0 62 0 0 474 485 
9606.ENSP00000246071 9606.ENSP00000261868 0 0 0 158 0 0 0 158 
9606.ENSP00000246071 9606.ENSP00000385479 0 0 0 58 178 0 57 206 
9606.ENSP00000246071 9606.ENSP00000261167 0 0 0 196 387 900 0 946 
9606.ENSP00000246071 9606.ENSP00000229238 0 0 0 175 0 0 0 175 
9606.ENSP00000246071 9606.ENSP00000262746 0 0 0 200 0 0 0 200 
9606.ENSP00000246071 9606.ENSP00000217244 0 0 0 165 0 0 0 165 
9606.ENSP00000246071 9606.ENSP00000234296 0 0 0 152 0 0 0 152 
9606.ENSP00000246071 9606.ENSP00000233146 0 0 0 158 0 0 0 158 
9606.ENSP00000246071 9606.ENSP00000352438 0 0 0 256 0 900 191 934 
9606.ENSP00000246071 9606.ENSP00000259457 0 0 0 294 0 0 0 294 
9606.ENSP00000246071 9606.ENSP00000397843 0 0 0 195 0 0 0 195 
9606.ENSP00000246071 9606.ENSP00000257789 0 0 0 203 0 0 0 203 
9606.ENSP00000246071 9606.ENSP00000363286 0 0 0 216 0 0 85 252 
9606.ENSP00000246071 9606.ENSP00000359988 0 0 0 192 0 900 0 915 
9606.ENSP00000246071 9606.ENSP00000357928 0 0 0 140 945 900 0 994 
9606.ENSP00000246071 9606.ENSP00000310670 0 0 0 210 0 0 0 210 
9606.ENSP00000246071 9606.ENSP00000318914 0 0 0 0 179 0 0 179 
9606.ENSP00000246071 9606.ENSP00000416429 0 0 0 114 0 0 131 197 
9606.ENSP00000246071 9606.ENSP00000272424 0 0 0 275 0 0 0 275 
9606.ENSP00000246071 9606.ENSP00000246548 0 0 0 234 0 0 0 234 
9606.ENSP00000246071 9606.ENSP00000269349 0 0 0 229 916 900 62 993 
9606.ENSP00000246071 9606.ENSP00000341779 0 0 0 129 0 0 96 180 
9606.ENSP00000246071 9606.ENSP00000424417 0 0 0 235 945 900 76 995 
9606.ENSP00000246071 9606.ENSP00000349428 0 0 0 501 0 900 196 956 
9606.ENSP00000246071 9606.ENSP00000422392 0 0 0 322 959 900 92 997 
9606.ENSP00000246071 9606.ENSP00000258772 0 0 0 117 263 0 50 328 
9606.ENSP00000246071 9606.ENSP00000448073 0 0 0 62 0 540 341 690 
9606.ENSP00000246071 9606.ENSP00000376276 0 0 0 323 0 900 283 947 
9606.ENSP00000246071 9606.ENSP00000242776 0 0 0 219 263 0 80 424 
9606.ENSP00000246071 9606.ENSP00000349142 0 0 0 157 0 0 0 157 
9606.ENSP00000246071 9606.ENSP00000271452 0 0 0 91 0 0 189 231 
9606.ENSP00000246071 9606.ENSP00000336752 0 0 0 133 0 900 158 920 
9606.ENSP00000246071 9606.ENSP00000219400 0 0 0 198 0 0 0 198 
9606.ENSP00000246071 9606.ENSP00000351141 0 0 0 185 0 0 511 584 
9606.ENSP00000246071 9606.ENSP00000385410 0 0 0 124 0 0 111 188 
9606.ENSP00000246071 9606.ENSP00000280326 0 0 0 339 0 0 0 339 
9606.ENSP00000246071 9606.ENSP00000221486 0 0 0 173 0 0 69 197 
9606.ENSP00000246071 9606.ENSP00000406367 0 0 0 63 260 0 56 288 
9606.ENSP00000246071 9606.ENSP00000044462 0 0 0 413 0 0 0 413 
9606.ENSP00000246071 9606.ENSP00000314441 0 0 0 157 0 0 0 157 
9606.ENSP00000246071 9606.ENSP00000334538 0 0 0 316 0 0 0 316 
9606.ENSP00000246071 9606.ENSP00000306362 0 0 0 221 0 0 0 221 
9606.ENSP00000246071 9606.ENSP00000374354 0 0 0 272 0 0 0 272 
9606.ENSP00000246071 9606.ENSP00000390932 0 0 0 63 260 0 56 288 
9606.ENSP00000246071 9606.ENSP00000339095 0 0 0 224 0 0 0 224 
9606.ENSP00000246071 9606.ENSP00000353670 0 0 0 61 125 0 69 168 
9606.ENSP00000246071 9606.ENSP00000360270 0 0 0 61 0 0 142 159 
9606.ENSP00000246071 9606.ENSP00000341483 0 0 0 103 0 0 127 183 
9606.ENSP00000246071 9606.ENSP00000422375 0 0 0 153 0 0 0 153 
9606.ENSP00000246071 9606.ENSP00000360664 0 0 0 162 0 0 0 162 
9606.ENSP00000246071 9606.ENSP00000221233 0 0 0 320 0 0 0 320 
9606.ENSP00000246071 9606.ENSP00000369127 0 0 0 202 0 0 0 202 
9606.ENSP00000246071 9606.ENSP00000355077 0 0 0 173 0 0 0 173 
9606.ENSP00000246071 9606.ENSP00000361007 0 0 0 0 0 0 164 164 
9606.ENSP00000246071 9606.ENSP00000363018 0 0 0 189 0 0 0 189 
9606.ENSP00000246071 9606.ENSP00000286835 0 0 0 175 0 0 0 175 
9606.ENSP00000246071 9606.ENSP00000338887 0 0 0 63 260 0 56 288 
9606.ENSP00000246071 9606.ENSP00000480986 0 0 0 85 373 0 69 419 
9606.ENSP00000246071 9606.ENSP00000220849 0 0 0 180 0 0 82 215 
9606.ENSP00000246071 9606.ENSP00000331310 0 0 0 144 0 0 81 179 
9606.ENSP00000246071 9606.ENSP00000479256 0 0 0 63 260 0 56 288 
9606.ENSP00000246071 9606.ENSP00000474096 0 0 0 288 0 0 0 288 
9606.ENSP00000246071 9606.ENSP00000339918 0 0 0 63 260 0 56 288 
9606.ENSP00000246071 9606.ENSP00000345985 0 0 0 63 260 0 56 288 
9606.ENSP00000246071 9606.ENSP00000377504 0 0 0 49 0 0 159 166 
9606.ENSP00000246071 9606.ENSP00000383949 0 0 0 544 944 900 352 998 
9606.ENSP00000246071 9606.ENSP00000199320 0 0 0 179 0 0 0 179 
9606.ENSP00000246071 9606.ENSP00000305230 0 0 0 210 0 0 0 210 
9606.ENSP00000246071 9606.ENSP00000485022 0 0 0 333 0 0 346 545 
9606.ENSP00000246071 9606.ENSP00000254193 0 0 0 529 993 900 960 999 
9606.ENSP00000246071 9606.ENSP00000278780 0 0 0 0 166 0 50 173 
9606.ENSP00000246071 9606.ENSP00000369328 0 0 0 63 260 0 56 288 
9606.ENSP00000246071 9606.ENSP00000435096 0 0 0 231 0 0 0 231 
9606.ENSP00000246071 9606.ENSP00000449884 0 0 0 171 0 0 0 171 
9606.ENSP00000246071 9606.ENSP00000322937 0 0 0 78 260 0 56 300 
9606.ENSP00000246071 9606.ENSP00000181839 0 0 0 82 0 0 272 303 
9606.ENSP00000246071 9606.ENSP00000262815 0 0 0 228 0 0 0 228 
9606.ENSP00000246071 9606.ENSP00000265073 0 0 0 136 0 0 179 260 
9606.ENSP00000246071 9606.ENSP00000385958 0 0 0 165 0 0 0 165 
9606.ENSP00000246071 9606.ENSP00000370222 0 0 0 273 0 0 62 289 
9606.ENSP00000246071 9606.ENSP00000344242 0 0 0 63 260 0 56 288 
9606.ENSP00000246071 9606.ENSP00000473200 0 0 0 64 378 0 48 397 
9606.ENSP00000246071 9606.ENSP00000355396 0 0 0 63 260 0 56 288 
9606.ENSP00000246071 9606.ENSP00000379372 0 0 0 391 0 0 0 391 
9606.ENSP00000246071 9606.ENSP00000360473 0 0 0 214 0 0 189 335 
9606.ENSP00000246071 9606.ENSP00000359345 0 0 0 158 0 0 0 158 
9606.ENSP00000246071 9606.ENSP00000265872 0 0 0 85 0 900 0 904 
9606.ENSP00000246071 9606.ENSP00000416951 0 0 0 188 117 0 399 531 
9606.ENSP00000246071 9606.ENSP00000328625 0 0 0 63 260 0 56 288 
9606.ENSP00000246071 9606.ENSP00000378563 0 0 0 316 0 0 66 334 
9606.ENSP00000246071 9606.ENSP00000418221 0 0 0 159 0 0 50 167 
9606.ENSP00000246071 9606.ENSP00000376188 0 0 0 0 0 0 231 231 
9606.ENSP00000246071 9606.ENSP00000229239 0 0 0 117 0 0 87 160 
9606.ENSP00000246071 9606.ENSP00000253048 0 0 0 161 0 0 0 161 
9606.ENSP00000246071 9606.ENSP00000319664 0 0 0 176 0 0 73 203 
9606.ENSP00000246071 9606.ENSP00000247271 0 0 0 63 260 0 56 288 
9606.ENSP00000246071 9606.ENSP00000403852 0 0 0 112 0 900 50 908 
9606.ENSP00000246071 9606.ENSP00000428489 0 0 0 83 0 0 114 153 
9606.ENSP00000246071 9606.ENSP00000423812 0 0 0 63 260 0 56 288 
9606.ENSP00000246071 9606.ENSP00000273541 0 0 0 166 378 0 132 510 
9606.ENSP00000246071 9606.ENSP00000318177 0 0 0 201 0 0 0 201 
9606.ENSP00000246071 9606.ENSP00000381064 0 0 0 162 0 0 0 162 
9606.ENSP00000246071 9606.ENSP00000311513 0 0 0 48 0 0 378 383 
9606.ENSP00000246071 9606.ENSP00000309334 0 0 0 154 0 0 69 179 
9606.ENSP00000246071 9606.ENSP00000317123 0 0 0 198 964 900 244 997 
9606.ENSP00000246071 9606.ENSP00000370745 0 0 0 253 263 0 50 431 
9606.ENSP00000246071 9606.ENSP00000432279 0 0 0 0 183 0 0 183 
9606.ENSP00000246071 9606.ENSP00000323872 0 0 0 0 0 0 446 446 
9606.ENSP00000246071 9606.ENSP00000359939 0 0 0 256 0 0 0 256 
9606.ENSP00000246071 9606.ENSP00000368801 0 0 0 0 825 900 836 996 
9606.ENSP00000246071 9606.ENSP00000478303 0 0 0 181 0 900 0 914 
9606.ENSP00000246071 9606.ENSP00000256151 0 0 0 397 0 0 0 397 
9606.ENSP00000246071 9606.ENSP00000356143 0 0 0 63 260 0 56 288 
9606.ENSP00000246071 9606.ENSP00000400433 0 0 0 266 0 900 67 925 
9606.ENSP00000246071 9606.ENSP00000261574 0 0 0 139 0 0 111 202 
9606.ENSP00000246071 9606.ENSP00000349508 0 0 0 211 0 0 0 211 
9606.ENSP00000246071 9606.ENSP00000276282 0 0 0 63 260 0 56 288 
9606.ENSP00000246071 9606.ENSP00000355166 0 0 0 63 260 0 56 288 
9606.ENSP00000246071 9606.ENSP00000436049 0 0 0 201 0 0 0 201 
9606.ENSP00000246071 9606.ENSP00000352400 0 0 0 246 0 0 67 267 
9606.ENSP00000246071 9606.ENSP00000265148 0 0 0 69 128 0 0 153 
9606.ENSP00000246071 9606.ENSP00000261303 0 0 0 208 0 0 0 208 
9606.ENSP00000246071 9606.ENSP00000480851 0 0 0 62 306 0 131 384 
9606.ENSP00000246071 9606.ENSP00000225296 0 0 0 72 373 0 69 410 
9606.ENSP00000246071 9606.ENSP00000251453 0 0 0 177 0 0 0 177 
9606.ENSP00000246071 9606.ENSP00000156471 0 0 0 75 912 900 0 991 
9606.ENSP00000246071 9606.ENSP00000369038 0 0 0 210 0 0 0 210 
9606.ENSP00000246071 9606.ENSP00000351147 0 0 0 0 0 540 0 540 
9606.ENSP00000246071 9606.ENSP00000349957 0 0 0 102 0 0 225 274 
9606.ENSP00000246071 9606.ENSP00000338673 0 0 0 107 0 0 127 187 
9606.ENSP00000246071 9606.ENSP00000305995 0 0 0 64 0 0 138 158 
9606.ENSP00000246071 9606.ENSP00000466718 0 0 0 181 0 0 0 181 
9606.ENSP00000246071 9606.ENSP00000481495 0 0 0 52 263 0 50 278 
9606.ENSP00000246071 9606.ENSP00000384621 0 0 0 0 269 0 69 290 
9606.ENSP00000246071 9606.ENSP00000337797 0 0 0 63 260 0 56 288 
9606.ENSP00000246071 9606.ENSP00000248342 0 0 0 93 0 0 138 184 
9606.ENSP00000246071 9606.ENSP00000355511 0 0 0 0 0 0 361 361 
9606.ENSP00000246071 9606.ENSP00000250495 0 0 0 193 0 0 0 193 
9606.ENSP00000246071 9606.ENSP00000216038 0 0 0 181 0 0 0 181 
9606.ENSP00000246071 9606.ENSP00000358616 0 0 0 105 0 900 588 959 
9606.ENSP00000246071 9606.ENSP00000262506 0 0 0 94 0 0 125 173 
9606.ENSP00000246071 9606.ENSP00000216241 0 0 0 63 260 0 56 288 
9606.ENSP00000246071 9606.ENSP00000319341 0 0 0 116 716 0 336 818 
9606.ENSP00000246071 9606.ENSP00000356520 0 0 0 309 507 900 167 967 
9606.ENSP00000246071 9606.ENSP00000349168 0 0 0 430 0 900 68 942 
9606.ENSP00000246071 9606.ENSP00000354932 0 0 0 63 260 0 56 288 
9606.ENSP00000246071 9606.ENSP00000324573 0 0 0 63 260 0 56 288 
9606.ENSP00000246071 9606.ENSP00000342889 0 0 0 205 0 900 0 917 
9606.ENSP00000246071 9606.ENSP00000249363 0 0 0 63 260 0 56 288 
9606.ENSP00000246071 9606.ENSP00000202816 0 0 0 191 0 0 0 191 
9606.ENSP00000246071 9606.ENSP00000262715 0 0 0 61 0 540 49 553 
9606.ENSP00000246071 9606.ENSP00000303754 0 0 0 151 287 0 0 369 
9606.ENSP00000246071 9606.ENSP00000230050 0 0 0 171 330 0 221 529 
9606.ENSP00000246071 9606.ENSP00000254654 0 0 0 158 0 0 50 166 
9606.ENSP00000246071 9606.ENSP00000300738 0 0 0 143 0 0 67 166 
9606.ENSP00000246071 9606.ENSP00000359098 0 0 0 180 0 0 58 194 
9606.ENSP00000246071 9606.ENSP00000249066 0 0 0 0 0 0 595 595 
9606.ENSP00000246071 9606.ENSP00000297185 0 0 0 164 0 0 0 164 
9606.ENSP00000246071 9606.ENSP00000409131 0 0 0 61 0 0 312 326 
9606.ENSP00000246071 9606.ENSP00000334375 0 0 0 63 260 0 56 288 
9606.ENSP00000246071 9606.ENSP00000359531 0 0 0 132 0 0 85 172 
9606.ENSP00000246071 9606.ENSP00000340328 0 0 0 63 260 0 56 288 
9606.ENSP00000246071 9606.ENSP00000411471 0 0 0 113 0 0 90 158 
9606.ENSP00000246071 9606.ENSP00000272348 0 0 0 717 974 900 486 999 
9606.ENSP00000246071 9606.ENSP00000219169 0 0 0 280 0 0 0 280 
9606.ENSP00000246071 9606.ENSP00000338260 0 0 0 0 0 0 167 167 
9606.ENSP00000246071 9606.ENSP00000361577 0 0 0 130 695 0 247 782 
9606.ENSP00000246071 9606.ENSP00000376732 0 0 0 226 0 0 0 226 
9606.ENSP00000246071 9606.ENSP00000443926 0 0 0 89 0 0 326 360 
9606.ENSP00000246071 9606.ENSP00000244227 0 0 0 265 0 900 157 932 
9606.ENSP00000246071 9606.ENSP00000330188 0 0 0 151 0 0 0 151 
9606.ENSP00000246071 9606.ENSP00000364119 0 0 0 202 0 0 159 301 
9606.ENSP00000246071 9606.ENSP00000348984 0 0 0 189 0 0 0 189 
9606.ENSP00000246071 9606.ENSP00000332340 0 0 0 115 263 0 50 326 
9606.ENSP00000246071 9606.ENSP00000419542 0 0 0 63 260 0 56 288 
9606.ENSP00000246071 9606.ENSP00000319739 0 0 0 251 0 0 0 251 
9606.ENSP00000246071 9606.ENSP00000477527 0 0 0 82 133 0 0 170 
9606.ENSP00000246071 9606.ENSP00000389649 0 0 0 185 0 0 0 185 
9606.ENSP00000246071 9606.ENSP00000320488 0 0 0 63 194 0 0 212 
9606.ENSP00000246071 9606.ENSP00000299238 0 0 0 154 0 0 0 154 
9606.ENSP00000246071 9606.ENSP00000429374 0 0 0 241 0 0 0 241 
9606.ENSP00000246071 9606.ENSP00000346088 0 0 0 162 0 0 0 162 
9606.ENSP00000246071 9606.ENSP00000316176 0 0 0 156 105 0 0 212 
9606.ENSP00000246071 9606.ENSP00000296490 0 0 0 281 0 0 0 281 
9606.ENSP00000246071 9606.ENSP00000405620 0 0 0 75 269 0 69 315 
9606.ENSP00000246071 9606.ENSP00000292672 0 0 0 63 0 0 367 382 
9606.ENSP00000246071 9606.ENSP00000467753 0 0 0 63 260 0 56 288 
9606.ENSP00000246071 9606.ENSP00000430128 0 0 0 61 299 0 105 359 
9606.ENSP00000246071 9606.ENSP00000386357 0 0 0 63 260 0 56 288 
9606.ENSP00000246071 9606.ENSP00000397798 0 0 0 172 0 0 0 172 
9606.ENSP00000246071 9606.ENSP00000261070 0 0 0 162 0 0 0 162 
9606.ENSP00000246071 9606.ENSP00000408617 0 0 0 62 185 0 68 225 
9606.ENSP00000246071 9606.ENSP00000333024 0 0 0 61 0 0 137 155 
9606.ENSP00000246071 9606.ENSP00000362306 0 0 0 61 0 0 151 169 
9606.ENSP00000246071 9606.ENSP00000303015 0 0 0 84 0 0 298 330 
9606.ENSP00000246071 9606.ENSP00000368984 0 0 0 269 0 0 58 282 
9606.ENSP00000246071 9606.ENSP00000345957 0 0 0 317 0 0 0 317 
9606.ENSP00000246071 9606.ENSP00000479203 0 0 0 64 299 0 105 361 
9606.ENSP00000246071 9606.ENSP00000229214 0 0 0 135 0 0 173 254 
9606.ENSP00000246071 9606.ENSP00000367292 0 0 0 63 260 0 56 288 
9606.ENSP00000246071 9606.ENSP00000439444 0 0 0 61 287 0 0 301 
9606.ENSP00000246071 9606.ENSP00000266529 0 0 0 96 299 0 521 670 
9606.ENSP00000246071 9606.ENSP00000258742 0 0 0 75 0 0 254 281 
9606.ENSP00000246071 9606.ENSP00000378350 0 0 0 178 0 0 105 233 
9606.ENSP00000246071 9606.ENSP00000449328 0 0 0 164 0 0 0 164 
9606.ENSP00000246071 9606.ENSP00000397312 0 0 0 63 260 0 56 288 
9606.ENSP00000246071 9606.ENSP00000332164 0 0 0 63 260 0 56 288 
9606.ENSP00000246071 9606.ENSP00000256545 0 0 0 190 0 0 0 190 
9606.ENSP00000246071 9606.ENSP00000326817 0 0 0 63 260 0 56 288 
9606.ENSP00000246071 9606.ENSP00000346037 0 0 0 182 0 0 167 289 
9606.ENSP00000246071 9606.ENSP00000362937 0 0 0 356 0 0 0 356 
9606.ENSP00000246071 9606.ENSP00000371155 0 0 0 106 0 0 192 248 
9606.ENSP00000246071 9606.ENSP00000376272 0 0 0 191 0 0 0 191 
9606.ENSP00000246071 9606.ENSP00000469759 0 0 0 63 260 0 56 288 
9606.ENSP00000246071 9606.ENSP00000365162 0 0 0 0 0 0 189 189 
9606.ENSP00000246071 9606.ENSP00000246194 0 0 0 171 299 0 105 434 
9606.ENSP00000246071 9606.ENSP00000281171 0 0 0 0 0 0 578 578 
9606.ENSP00000246071 9606.ENSP00000221494 0 0 0 156 980 900 354 998 
9606.ENSP00000246071 9606.ENSP00000356405 0 0 0 179 0 0 54 191 
9606.ENSP00000246071 9606.ENSP00000367815 0 0 0 63 260 0 56 288 
9606.ENSP00000246071 9606.ENSP00000217109 0 0 0 130 0 900 211 925 
9606.ENSP00000246071 9606.ENSP00000479134 0 0 0 0 0 0 290 290 
9606.ENSP00000246071 9606.ENSP00000372335 0 0 0 200 0 0 0 200 
9606.ENSP00000246071 9606.ENSP00000229314 0 0 0 240 0 0 0 240 
9606.ENSP00000246071 9606.ENSP00000412461 0 0 0 0 0 0 284 284 
9606.ENSP00000246071 9606.ENSP00000260010 0 0 0 63 260 0 56 288 
9606.ENSP00000246071 9606.ENSP00000263773 0 0 0 181 0 0 284 388 
9606.ENSP00000246071 9606.ENSP00000465075 0 0 0 0 0 0 160 160 
9606.ENSP00000246071 9606.ENSP00000316950 0 0 0 69 149 0 89 215 
9606.ENSP00000246071 9606.ENSP00000302160 0 0 0 499 959 900 117 997 
9606.ENSP00000246071 9606.ENSP00000401802 0 0 0 203 0 0 0 203 
9606.ENSP00000246071 9606.ENSP00000345175 0 0 0 63 260 0 56 288 
9606.ENSP00000246071 9606.ENSP00000384302 0 0 0 202 0 0 0 202 
9606.ENSP00000246071 9606.ENSP00000220496 0 0 0 152 0 0 0 152 
9606.ENSP00000246071 9606.ENSP00000354739 0 0 0 233 0 0 0 233 
9606.ENSP00000246071 9606.ENSP00000305556 0 0 0 281 0 900 205 937 
9606.ENSP00000246071 9606.ENSP00000312671 0 0 0 0 0 0 227 227 
9606.ENSP00000246071 9606.ENSP00000005286 0 0 0 0 0 0 267 267 
9606.ENSP00000246071 9606.ENSP00000441214 0 0 0 222 0 0 42 223 
9606.ENSP00000246071 9606.ENSP00000369391 0 0 0 175 0 0 0 175 
9606.ENSP00000246071 9606.ENSP00000400467 0 0 0 186 0 0 0 186 
9606.ENSP00000246071 9606.ENSP00000377954 0 0 0 0 167 0 0 167 
9606.ENSP00000246071 9606.ENSP00000457411 0 0 0 166 0 0 90 209 
9606.ENSP00000246071 9606.ENSP00000342778 0 0 0 152 0 0 130 231 
9606.ENSP00000246071 9606.ENSP00000465776 0 0 0 0 343 0 0 343 
9606.ENSP00000246071 9606.ENSP00000411822 0 0 0 198 378 0 132 529 
9606.ENSP00000246071 9606.ENSP00000422591 0 0 0 63 260 0 56 288 
9606.ENSP00000246071 9606.ENSP00000264606 0 0 0 62 185 0 68 225 
9606.ENSP00000246071 9606.ENSP00000415433 0 0 0 208 0 0 0 208 
9606.ENSP00000246071 9606.ENSP00000308405 0 0 0 113 124 0 173 301 
9606.ENSP00000246071 9606.ENSP00000337088 0 0 0 152 0 0 0 152 
9606.ENSP00000246071 9606.ENSP00000274255 0 0 0 62 387 0 0 400 
9606.ENSP00000246071 9606.ENSP00000368565 0 0 0 152 0 0 0 152 
9606.ENSP00000246071 9606.ENSP00000379888 0 0 0 161 0 0 57 175 
9606.ENSP00000246071 9606.ENSP00000368135 0 0 0 63 260 0 56 288 
9606.ENSP00000246071 9606.ENSP00000296215 0 0 0 138 0 0 83 176 
9606.ENSP00000246071 9606.ENSP00000319597 0 0 0 0 0 0 307 307 
9606.ENSP00000246071 9606.ENSP00000349124 0 0 0 217 133 0 0 292 
9606.ENSP00000246071 9606.ENSP00000347041 0 0 0 63 260 0 56 288 
9606.ENSP00000246071 9606.ENSP00000404121 0 0 0 341 0 0 0 341 
9606.ENSP00000246071 9606.ENSP00000285298 0 0 0 171 0 0 0 171 
9606.ENSP00000246071 9606.ENSP00000442053 0 0 0 63 0 0 228 245 
9606.ENSP00000246071 9606.ENSP00000383168 0 0 0 54 0 0 421 429 
9606.ENSP00000246071 9606.ENSP00000364700 0 0 0 63 260 0 56 288 
9606.ENSP00000246071 9606.ENSP00000234038 0 0 0 64 260 0 56 289 
9606.ENSP00000246071 9606.ENSP00000357555 0 0 0 206 0 0 0 206 
9606.ENSP00000246071 9606.ENSP00000350491 0 0 0 162 0 0 0 162 
9606.ENSP00000246071 9606.ENSP00000274711 0 0 0 63 260 0 56 288 
9606.ENSP00000246071 9606.ENSP00000370625 0 0 0 105 0 900 65 909 
9606.ENSP00000246071 9606.ENSP00000273261 0 0 0 63 260 0 56 288 
9606.ENSP00000246071 9606.ENSP00000310723 0 0 0 124 263 900 50 930 
9606.ENSP00000246071 9606.ENSP00000307940 0 0 0 188 375 0 44 472 
9606.ENSP00000246071 9606.ENSP00000363017 0 0 0 132 0 0 63 152 
9606.ENSP00000246071 9606.ENSP00000419038 0 0 0 50 375 0 43 382 
9606.ENSP00000246071 9606.ENSP00000359688 0 0 0 185 0 0 0 185 
9606.ENSP00000246071 9606.ENSP00000297540 0 0 0 113 0 0 183 245 
9606.ENSP00000246071 9606.ENSP00000311899 0 0 0 64 351 0 83 394 
9606.ENSP00000246071 9606.ENSP00000447006 0 0 0 0 0 0 157 157 
9606.ENSP00000246071 9606.ENSP00000299601 0 0 0 85 0 0 112 152 
9606.ENSP00000246071 9606.ENSP00000284690 0 0 0 0 269 0 69 290 
9606.ENSP00000246071 9606.ENSP00000332444 0 0 0 64 149 900 173 925 
9606.ENSP00000246071 9606.ENSP00000328848 0 0 0 183 0 0 59 198 
9606.ENSP00000246071 9606.ENSP00000429065 0 0 0 106 0 0 90 151 
9606.ENSP00000246071 9606.ENSP00000297591 0 0 0 100 0 0 155 206 
9606.ENSP00000246071 9606.ENSP00000035383 0 0 0 63 260 0 56 288 
9606.ENSP00000246071 9606.ENSP00000321449 0 0 0 173 0 0 0 173 
9606.ENSP00000246071 9606.ENSP00000291592 0 0 0 63 260 0 56 288 
9606.ENSP00000246071 9606.ENSP00000375863 0 0 0 126 571 900 85 961 
9606.ENSP00000246071 9606.ENSP00000218224 0 0 0 100 0 900 0 906 
9606.ENSP00000246071 9606.ENSP00000217426 0 0 0 161 0 0 0 161 
9606.ENSP00000246071 9606.ENSP00000463058 0 0 0 256 959 900 314 997 
9606.ENSP00000246071 9606.ENSP00000254605 0 0 0 173 0 0 0 173 
9606.ENSP00000246071 9606.ENSP00000379880 0 0 0 63 260 0 56 288 
9606.ENSP00000246071 9606.ENSP00000255764 0 0 0 84 0 0 119 159 
9606.ENSP00000246071 9606.ENSP00000362063 0 0 0 174 149 900 173 934 
9606.ENSP00000246071 9606.ENSP00000447942 0 0 0 387 0 0 0 387 
9606.ENSP00000246071 9606.ENSP00000257829 0 0 0 231 0 0 0 231 
9606.ENSP00000246071 9606.ENSP00000258648 0 0 0 301 0 0 0 301 
9606.ENSP00000246071 9606.ENSP00000446278 0 0 0 63 260 0 56 288 
9606.ENSP00000246071 9606.ENSP00000238256 0 0 0 65 0 0 131 153 
9606.ENSP00000246071 9606.ENSP00000326261 0 0 0 200 71 900 324 943 
9606.ENSP00000246071 9606.ENSP00000481646 0 0 0 219 0 0 0 219 
9606.ENSP00000246071 9606.ENSP00000425561 0 0 0 80 166 0 203 335 
9606.ENSP00000246071 9606.ENSP00000393845 0 0 0 61 287 0 0 301 
9606.ENSP00000246071 9606.ENSP00000385269 0 0 0 436 0 900 113 945 
9606.ENSP00000246071 9606.ENSP00000232888 0 0 0 193 0 0 317 425 
9606.ENSP00000246071 9606.ENSP00000223324 0 0 0 180 0 0 174 293 
9606.ENSP00000246071 9606.ENSP00000357679 0 0 0 273 0 0 0 273 
9606.ENSP00000246071 9606.ENSP00000350676 0 0 0 157 0 0 0 157 
9606.ENSP00000246071 9606.ENSP00000291386 0 0 0 184 0 0 289 395 
9606.ENSP00000246071 9606.ENSP00000376056 0 0 0 262 0 0 0 262 
9606.ENSP00000246071 9606.ENSP00000267750 0 0 0 179 0 0 0 179 
9606.ENSP00000246071 9606.ENSP00000310448 0 0 0 131 944 900 167 995 
9606.ENSP00000246071 9606.ENSP00000438264 0 0 0 63 260 0 56 288 
9606.ENSP00000246071 9606.ENSP00000254108 0 0 0 162 0 900 56 914 
9606.ENSP00000246071 9606.ENSP00000339250 0 0 0 0 0 0 223 223 
9606.ENSP00000246071 9606.ENSP00000438144 0 0 0 175 0 0 0 175 
9606.ENSP00000246071 9606.ENSP00000283027 0 0 0 91 0 0 109 155 
9606.ENSP00000246071 9606.ENSP00000436901 0 0 0 220 0 0 0 220 
9606.ENSP00000246071 9606.ENSP00000354554 0 0 0 0 169 0 0 169 
9606.ENSP00000246071 9606.ENSP00000317334 0 0 0 191 0 0 0 191 
9606.ENSP00000246071 9606.ENSP00000415436 0 0 0 61 0 0 164 182 
9606.ENSP00000246071 9606.ENSP00000266735 0 0 0 661 975 900 90 999 
9606.ENSP00000246071 9606.ENSP00000251871 0 0 0 183 0 0 0 183 
9606.ENSP00000246071 9606.ENSP00000370150 0 0 0 101 0 0 98 154 
9606.ENSP00000246071 9606.ENSP00000295057 0 0 0 63 260 0 56 288 
9606.ENSP00000246071 9606.ENSP00000391723 0 0 0 113 0 0 87 156 
9606.ENSP00000246071 9606.ENSP00000296930 0 0 0 213 0 0 0 213 
9606.ENSP00000246071 9606.ENSP00000359804 0 0 0 318 0 0 54 327 
9606.ENSP00000246071 9606.ENSP00000308000 0 0 0 91 81 0 135 214 
9606.ENSP00000246071 9606.ENSP00000445831 0 0 0 64 133 0 0 154 
9606.ENSP00000246071 9606.ENSP00000268835 0 0 0 74 223 0 0 250 
9606.ENSP00000246071 9606.ENSP00000437783 0 0 0 59 0 0 134 150 
9606.ENSP00000246071 9606.ENSP00000316609 0 0 0 0 0 0 211 211 
9606.ENSP00000246071 9606.ENSP00000335397 0 0 0 63 260 0 56 288 
9606.ENSP00000246071 9606.ENSP00000433919 0 0 0 212 0 0 96 257 
9606.ENSP00000246071 9606.ENSP00000387365 0 0 0 252 0 0 0 252 
9606.ENSP00000246071 9606.ENSP00000464050 0 0 0 53 263 900 50 924 
9606.ENSP00000246071 9606.ENSP00000293677 0 0 0 130 149 0 89 266 
9606.ENSP00000246071 9606.ENSP00000298124 0 0 0 63 260 0 56 288 
9606.ENSP00000246071 9606.ENSP00000485206 0 0 0 61 287 0 0 301 
9606.ENSP00000246071 9606.ENSP00000305682 0 0 0 222 0 0 0 222 
9606.ENSP00000246071 9606.ENSP00000225430 0 0 0 206 0 0 0 206 
9606.ENSP00000246071 9606.ENSP00000339090 0 0 0 64 0 540 0 551 
9606.ENSP00000246071 9606.ENSP00000297792 0 0 0 112 0 0 208 266 
9606.ENSP00000246071 9606.ENSP00000300289 0 0 0 83 118 0 62 175 
9606.ENSP00000246071 9606.ENSP00000311747 0 0 0 316 0 0 117 370 
9606.ENSP00000246071 9606.ENSP00000296503 0 0 0 141 0 0 491 544 
9606.ENSP00000246071 9606.ENSP00000448035 0 0 0 237 0 0 0 237 
9606.ENSP00000246071 9606.ENSP00000300413 0 0 0 635 947 900 578 999 
9606.ENSP00000246071 9606.ENSP00000362649 0 0 0 229 191 0 82 378 
9606.ENSP00000246071 9606.ENSP00000474823 0 0 0 73 127 0 0 156 
9606.ENSP00000246071 9606.ENSP00000282251 0 0 0 67 378 0 0 394 
9606.ENSP00000246071 9606.ENSP00000355899 0 0 0 227 0 0 0 227 
9606.ENSP00000246071 9606.ENSP00000310596 0 0 0 137 0 0 128 215 
9606.ENSP00000246071 9606.ENSP00000413035 0 0 0 0 0 0 244 244 
9606.ENSP00000246071 9606.ENSP00000225298 0 0 0 293 0 0 176 393 
9606.ENSP00000246071 9606.ENSP00000358464 0 0 0 63 260 0 56 288 
9606.ENSP00000246071 9606.ENSP00000418842 0 0 0 119 0 0 144 213 
9606.ENSP00000246071 9606.ENSP00000463784 0 0 0 187 0 0 54 198 
9606.ENSP00000246071 9606.ENSP00000262551 0 0 0 63 260 0 56 288 
9606.ENSP00000246071 9606.ENSP00000472998 0 0 0 324 763 900 700 994 
9606.ENSP00000246071 9606.ENSP00000273920 0 0 0 171 0 0 0 171 
9606.ENSP00000246071 9606.ENSP00000359518 0 0 0 169 0 0 0 169 
9606.ENSP00000246071 9606.ENSP00000359361 0 0 0 0 263 0 50 269 
9606.ENSP00000246071 9606.ENSP00000431391 0 0 0 187 0 0 58 201 
9606.ENSP00000246071 9606.ENSP00000336712 0 0 0 193 0 0 57 207 
9606.ENSP00000246071 9606.ENSP00000386134 0 0 0 233 0 0 0 233 
9606.ENSP00000246071 9606.ENSP00000310275 0 0 0 132 0 0 178 256 
9606.ENSP00000246071 9606.ENSP00000216714 0 0 0 150 0 0 42 150 
9606.ENSP00000246071 9606.ENSP00000283179 0 0 0 227 0 900 175 930 
9606.ENSP00000246071 9606.ENSP00000268206 0 0 0 62 375 0 43 389 
9606.ENSP00000246071 9606.ENSP00000295321 0 0 0 247 0 0 0 247 
9606.ENSP00000246071 9606.ENSP00000223029 0 0 0 190 0 0 0 190 
9606.ENSP00000246071 9606.ENSP00000418563 0 0 0 214 0 900 57 919 
9606.ENSP00000246071 9606.ENSP00000374447 0 0 0 80 260 0 56 301 
9606.ENSP00000246071 9606.ENSP00000351137 0 0 0 176 944 900 137 995 
9606.ENSP00000246071 9606.ENSP00000433071 0 0 0 55 0 0 226 237 
9606.ENSP00000246071 9606.ENSP00000481697 0 0 0 81 330 0 168 442 
9606.ENSP00000246071 9606.ENSP00000283195 0 0 0 122 287 0 50 353 
9606.ENSP00000246071 9606.ENSP00000369857 0 0 0 62 0 0 282 298 
9606.ENSP00000246071 9606.ENSP00000481842 0 0 0 308 0 0 57 319 
9606.ENSP00000246071 9606.ENSP00000362208 0 0 0 152 0 0 318 397 
9606.ENSP00000246071 9606.ENSP00000473172 0 0 0 260 0 0 0 260 
9606.ENSP00000246071 9606.ENSP00000337477 0 0 0 63 0 0 308 323 
9606.ENSP00000246071 9606.ENSP00000464535 0 0 0 63 260 0 56 288 
9606.ENSP00000246071 9606.ENSP00000229390 0 0 0 174 149 900 222 938 
9606.ENSP00000246071 9606.ENSP00000315791 0 0 0 183 0 900 181 927 
9606.ENSP00000246071 9606.ENSP00000263694 0 0 0 275 945 900 381 997 
9606.ENSP00000246071 9606.ENSP00000484687 0 0 0 181 0 0 284 388 
9606.ENSP00000246071 9606.ENSP00000252622 0 0 0 229 958 900 131 996 
9606.ENSP00000246071 9606.ENSP00000244520 0 0 0 541 571 900 775 994 
9606.ENSP00000246071 9606.ENSP00000369395 0 0 0 63 260 0 56 288 
9606.ENSP00000246071 9606.ENSP00000326381 0 0 0 61 263 0 50 285 
9606.ENSP00000246071 9606.ENSP00000263239 0 0 0 196 263 0 158 457 
9606.ENSP00000246071 9606.ENSP00000298288 0 0 0 87 260 0 56 306 
9606.ENSP00000246071 9606.ENSP00000476960 0 0 0 0 178 0 57 191 
9606.ENSP00000246071 9606.ENSP00000428426 0 0 0 144 0 0 60 161 
9606.ENSP00000246071 9606.ENSP00000345917 0 0 0 203 0 0 0 203 
9606.ENSP00000246071 9606.ENSP00000393324 0 0 0 64 95 0 86 158 
9606.ENSP00000246071 9606.ENSP00000327821 0 0 0 161 0 0 0 161 
9606.ENSP00000246071 9606.ENSP00000329380 0 0 0 63 260 0 56 288 
9606.ENSP00000246071 9606.ENSP00000480826 0 0 0 0 178 0 57 191 
9606.ENSP00000246071 9606.ENSP00000362674 0 0 0 62 185 0 57 216 
9606.ENSP00000246071 9606.ENSP00000469337 0 0 0 63 260 0 56 288 
9606.ENSP00000246071 9606.ENSP00000323967 0 0 0 155 0 0 120 225 
9606.ENSP00000246071 9606.ENSP00000293872 0 0 0 67 0 540 178 616 
9606.ENSP00000246071 9606.ENSP00000251636 0 0 0 48 269 0 69 295 
9606.ENSP00000246071 9606.ENSP00000399588 0 0 0 0 0 0 265 265 
9606.ENSP00000246071 9606.ENSP00000252996 0 0 0 184 104 0 0 237 
9606.ENSP00000246071 9606.ENSP00000288071 0 0 0 150 0 0 0 150 
9606.ENSP00000246071 9606.ENSP00000262043 0 0 0 87 148 0 108 245 
9606.ENSP00000246071 9606.ENSP00000445001 0 0 0 96 0 0 266 308 
9606.ENSP00000246071 9606.ENSP00000394316 0 0 0 178 0 0 102 230 
9606.ENSP00000246071 9606.ENSP00000303057 0 0 0 58 287 0 0 300 
9606.ENSP00000246071 9606.ENSP00000359483 0 0 0 63 260 0 56 288 
9606.ENSP00000246071 9606.ENSP00000337445 0 0 0 120 0 0 359 412 
9606.ENSP00000246071 9606.ENSP00000245539 0 0 0 129 0 0 85 169 
9606.ENSP00000246071 9606.ENSP00000400142 0 0 0 287 0 0 50 294 
9606.ENSP00000246071 9606.ENSP00000325091 0 0 0 63 260 0 56 288 
9606.ENSP00000246071 9606.ENSP00000354490 0 0 0 0 0 0 158 158 
9606.ENSP00000246071 9606.ENSP00000278198 0 0 0 63 260 0 56 288 
9606.ENSP00000246071 9606.ENSP00000358089 0 0 0 202 149 0 89 327 
9606.ENSP00000246071 9606.ENSP00000359645 0 0 0 353 0 900 43 932 
9606.ENSP00000246071 9606.ENSP00000370460 0 0 0 198 287 900 0 937 
9606.ENSP00000246071 9606.ENSP00000332674 0 0 0 63 260 0 56 288 
9606.ENSP00000246071 9606.ENSP00000470262 0 0 0 167 0 0 0 167 
9606.ENSP00000246071 9606.ENSP00000317232 0 0 0 200 0 0 0 200 
9606.ENSP00000246071 9606.ENSP00000328854 0 0 0 191 0 0 0 191 
9606.ENSP00000246071 9606.ENSP00000344401 0 0 0 81 102 0 67 162 
9606.ENSP00000246071 9606.ENSP00000434995 0 0 0 88 0 900 0 904 
9606.ENSP00000246071 9606.ENSP00000215793 0 0 0 266 866 900 64 989 
9606.ENSP00000246071 9606.ENSP00000007699 0 0 0 62 0 0 164 182 
9606.ENSP00000246071 9606.ENSP00000361084 0 0 0 213 0 0 0 213 
9606.ENSP00000246071 9606.ENSP00000357256 0 0 0 0 0 0 207 207 
9606.ENSP00000246071 9606.ENSP00000289371 0 0 0 111 119 0 128 257 
9606.ENSP00000246071 9606.ENSP00000252011 0 0 0 0 731 0 69 738 
9606.ENSP00000246071 9606.ENSP00000265838 0 0 0 77 0 0 167 198 
9606.ENSP00000246071 9606.ENSP00000366557 0 0 0 146 944 900 0 994 
9606.ENSP00000246071 9606.ENSP00000363043 0 0 0 128 84 0 590 644 
9606.ENSP00000246071 9606.ENSP00000364639 0 0 0 95 0 0 105 155 
9606.ENSP00000246071 9606.ENSP00000358635 0 0 0 312 0 0 101 355 
9606.ENSP00000246071 9606.ENSP00000484634 0 0 0 63 260 0 56 288 
9606.ENSP00000246071 9606.ENSP00000262432 0 0 0 163 0 0 0 163 
9606.ENSP00000246071 9606.ENSP00000233893 0 0 0 315 0 0 0 315 
9606.ENSP00000246071 9606.ENSP00000478982 0 0 0 238 600 0 64 690 
9606.ENSP00000246071 9606.ENSP00000315476 0 0 0 530 0 0 0 530 
9606.ENSP00000246071 9606.ENSP00000399441 0 0 0 63 260 0 56 288 
9606.ENSP00000246071 9606.ENSP00000438993 0 0 0 100 0 0 100 155 
9606.ENSP00000246071 9606.ENSP00000266674 0 0 0 63 260 0 56 288 
9606.ENSP00000246071 9606.ENSP00000257181 0 0 0 205 944 900 50 995 
9606.ENSP00000246071 9606.ENSP00000261245 0 0 0 206 0 0 0 206 
9606.ENSP00000246071 9606.ENSP00000334148 0 0 0 49 699 0 0 701 
9606.ENSP00000246071 9606.ENSP00000039989 0 0 0 0 0 0 272 272 
9606.ENSP00000246071 9606.ENSP00000348596 0 0 0 164 0 0 115 228 
9606.ENSP00000246071 9606.ENSP00000454748 0 0 0 63 260 0 56 288 
9606.ENSP00000246071 9606.ENSP00000263121 0 0 0 152 0 0 0 152 
9606.ENSP00000246071 9606.ENSP00000380033 0 0 0 86 263 0 275 469 
9606.ENSP00000246071 9606.ENSP00000367001 0 0 0 0 0 0 173 173 
9606.ENSP00000246071 9606.ENSP00000444688 0 0 0 0 0 0 158 158 
9606.ENSP00000246071 9606.ENSP00000319104 0 0 0 104 0 0 106 164 
9606.ENSP00000246071 9606.ENSP00000484638 0 0 0 0 178 0 57 191 
9606.ENSP00000246071 9606.ENSP00000420306 0 0 0 201 0 0 0 201 
9606.ENSP00000246071 9606.ENSP00000363787 0 0 0 121 68 0 46 150 
9606.ENSP00000246071 9606.ENSP00000380336 0 0 0 149 959 900 49 996 
9606.ENSP00000246071 9606.ENSP00000362131 0 0 0 63 0 0 184 203 
9606.ENSP00000246071 9606.ENSP00000359799 0 0 0 46 0 0 257 261 
9606.ENSP00000246071 9606.ENSP00000342188 0 0 0 63 260 0 56 288 
9606.ENSP00000246071 9606.ENSP00000319169 0 0 0 110 0 0 100 165 
9606.ENSP00000246071 9606.ENSP00000360597 0 0 0 63 260 0 56 288 
9606.ENSP00000246071 9606.ENSP00000265564 0 0 0 441 0 0 92 471 
9606.ENSP00000246071 9606.ENSP00000250237 0 0 0 152 0 0 0 152 
9606.ENSP00000246071 9606.ENSP00000405674 0 0 0 524 0 0 0 524 
9606.ENSP00000246071 9606.ENSP00000252542 0 0 0 145 0 0 82 181 
9606.ENSP00000246071 9606.ENSP00000234170 0 0 0 175 0 0 0 175 
9606.ENSP00000246071 9606.ENSP00000248450 0 0 0 67 0 0 204 226 
9606.ENSP00000246071 9606.ENSP00000300026 0 0 0 81 287 0 0 317 
9606.ENSP00000246071 9606.ENSP00000261531 0 0 0 198 950 900 0 995 
9606.ENSP00000246071 9606.ENSP00000446271 0 0 0 111 0 0 85 151 
9606.ENSP00000246071 9606.ENSP00000362962 0 0 0 63 260 0 56 288 
9606.ENSP00000246071 9606.ENSP00000477014 0 0 0 0 0 0 233 233 
9606.ENSP00000246071 9606.ENSP00000338862 0 0 0 331 0 0 0 331 
9606.ENSP00000246071 9606.ENSP00000369411 0 0 0 175 0 0 0 175 
9606.ENSP00000246071 9606.ENSP00000301072 0 0 0 131 0 0 80 166 
9606.ENSP00000246071 9606.ENSP00000304923 0 0 0 63 260 0 56 288 
9606.ENSP00000246071 9606.ENSP00000337060 0 0 0 212 0 0 0 212 
9606.ENSP00000246071 9606.ENSP00000282486 0 0 0 288 0 0 94 327 
9606.ENSP00000246071 9606.ENSP00000345412 0 0 0 184 0 900 54 916 
9606.ENSP00000246071 9606.ENSP00000223321 0 0 0 393 0 0 0 393 
9606.ENSP00000246071 9606.ENSP00000386023 0 0 0 126 945 900 166 995 
9606.ENSP00000246071 9606.ENSP00000262962 0 0 0 0 668 0 0 668 
9606.ENSP00000246071 9606.ENSP00000352738 0 0 0 107 0 0 208 263 
9606.ENSP00000246071 9606.ENSP00000364813 0 0 0 224 959 900 297 997 
9606.ENSP00000246071 9606.ENSP00000244020 0 0 0 202 149 900 124 932 
9606.ENSP00000246071 9606.ENSP00000258962 0 0 0 324 149 900 195 947 
9606.ENSP00000246071 9606.ENSP00000298532 0 0 0 62 348 0 50 368 
9606.ENSP00000246071 9606.ENSP00000470972 0 0 0 191 0 0 0 191 
9606.ENSP00000246071 9606.ENSP00000229270 0 0 0 93 0 0 179 223 
9606.ENSP00000246071 9606.ENSP00000367835 0 0 0 64 378 0 48 397 
9606.ENSP00000246071 9606.ENSP00000216727 0 0 0 274 0 900 357 949 
9606.ENSP00000246071 9606.ENSP00000417404 0 0 0 0 161 0 0 161 
9606.ENSP00000246071 9606.ENSP00000306548 0 0 0 256 0 0 51 264 
9606.ENSP00000246071 9606.ENSP00000373600 0 0 0 70 260 0 64 300 
9606.ENSP00000246071 9606.ENSP00000369424 0 0 0 251 71 0 154 360 
9606.ENSP00000246071 9606.ENSP00000301740 0 0 0 118 928 900 131 993 
9606.ENSP00000246071 9606.ENSP00000333920 0 0 0 62 348 0 50 368 
9606.ENSP00000246071 9606.ENSP00000411010 0 0 0 162 0 0 0 162 
9606.ENSP00000246071 9606.ENSP00000480158 0 0 0 105 0 900 134 915 
9606.ENSP00000246071 9606.ENSP00000463419 0 0 0 61 287 0 0 301 
9606.ENSP00000246071 9606.ENSP00000329915 0 0 0 184 0 0 0 184 
9606.ENSP00000246071 9606.ENSP00000480832 0 0 0 294 0 0 429 580 
9606.ENSP00000246071 9606.ENSP00000370193 0 0 0 248 0 0 0 248 
9606.ENSP00000246071 9606.ENSP00000261308 0 0 0 201 0 900 0 916 
9606.ENSP00000246071 9606.ENSP00000418868 0 0 0 180 0 0 0 180 
9606.ENSP00000246071 9606.ENSP00000336741 0 0 0 267 269 900 174 949 
9606.ENSP00000246071 9606.ENSP00000419851 0 0 0 184 0 0 0 184 
9606.ENSP00000246071 9606.ENSP00000416250 0 0 0 136 0 0 59 152 
9606.ENSP00000246071 9606.ENSP00000467466 0 0 0 211 0 0 0 211 
9606.ENSP00000246071 9606.ENSP00000359393 0 0 0 175 0 0 43 176 
9606.ENSP00000246071 9606.ENSP00000313829 0 0 0 289 0 0 62 305 
9606.ENSP00000246071 9606.ENSP00000420357 0 0 0 200 0 0 0 200 
9606.ENSP00000246071 9606.ENSP00000261900 0 0 0 200 0 0 51 208 
9606.ENSP00000246071 9606.ENSP00000452479 0 0 0 93 0 0 139 185 
9606.ENSP00000246071 9606.ENSP00000285928 0 0 0 63 260 0 56 288 
9606.ENSP00000246071 9606.ENSP00000350386 0 0 0 0 0 0 345 345 
9606.ENSP00000246071 9606.ENSP00000268766 0 0 0 0 0 0 278 278 
9606.ENSP00000246071 9606.ENSP00000472985 0 0 0 195 0 0 136 275 
9606.ENSP00000246071 9606.ENSP00000220166 0 0 0 0 0 0 155 155 
9606.ENSP00000246071 9606.ENSP00000270625 0 0 0 161 0 0 0 161 
9606.ENSP00000246071 9606.ENSP00000231487 0 0 0 188 0 0 0 188 
9606.ENSP00000246071 9606.ENSP00000330694 0 0 0 160 0 0 0 160 
9606.ENSP00000246071 9606.ENSP00000283875 0 0 0 218 0 0 0 218 
9606.ENSP00000246071 9606.ENSP00000323714 0 0 0 65 130 0 131 231 
9606.ENSP00000246071 9606.ENSP00000403172 0 0 0 230 0 0 0 230 
9606.ENSP00000246071 9606.ENSP00000251241 0 0 0 49 373 0 69 396 
9606.ENSP00000246071 9606.ENSP00000311083 0 0 0 175 0 0 0 175 
