9606.ENSP00000405969 9606.ENSP00000315664 0 0 0 0 0 0 246 246 
9606.ENSP00000405969 9606.ENSP00000256593 0 0 0 0 0 0 254 254 
9606.ENSP00000405969 9606.ENSP00000261600 0 0 0 0 0 0 293 293 
9606.ENSP00000405969 9606.ENSP00000370748 0 0 0 61 0 0 203 220 
9606.ENSP00000405969 9606.ENSP00000393241 0 0 0 62 0 0 146 164 
9606.ENSP00000405969 9606.ENSP00000331106 0 0 0 0 0 0 396 396 
9606.ENSP00000405969 9606.ENSP00000358894 0 0 0 55 0 0 270 280 
9606.ENSP00000405969 9606.ENSP00000348775 52 0 0 63 45 0 131 164 
9606.ENSP00000405969 9606.ENSP00000330945 0 0 0 0 0 0 261 261 
9606.ENSP00000405969 9606.ENSP00000342793 0 0 0 62 185 0 159 300 
9606.ENSP00000405969 9606.ENSP00000234488 0 0 0 0 0 0 293 293 
9606.ENSP00000405969 9606.ENSP00000449381 0 0 0 0 0 0 246 246 
9606.ENSP00000405969 9606.ENSP00000324173 0 0 0 61 157 0 62 192 
9606.ENSP00000405969 9606.ENSP00000266069 0 0 0 0 183 0 0 183 
9606.ENSP00000405969 9606.ENSP00000422607 0 0 0 62 0 0 137 155 
9606.ENSP00000405969 9606.ENSP00000290551 0 0 0 0 0 0 150 150 
9606.ENSP00000405969 9606.ENSP00000405926 0 0 0 0 0 0 252 252 
9606.ENSP00000405969 9606.ENSP00000346874 73 0 0 0 0 0 230 256 
9606.ENSP00000405969 9606.ENSP00000355964 0 0 0 63 124 0 103 199 
9606.ENSP00000405969 9606.ENSP00000355777 0 0 0 0 0 0 254 254 
9606.ENSP00000405969 9606.ENSP00000368140 0 0 0 0 174 0 66 195 
9606.ENSP00000405969 9606.ENSP00000350260 0 0 0 0 0 0 532 532 
9606.ENSP00000405969 9606.ENSP00000267615 0 0 0 0 0 0 173 173 
9606.ENSP00000405969 9606.ENSP00000283415 0 0 0 62 124 0 64 163 
9606.ENSP00000405969 9606.ENSP00000430598 0 0 0 0 185 0 63 203 
9606.ENSP00000405969 9606.ENSP00000407761 52 0 0 63 45 0 131 164 
9606.ENSP00000405969 9606.ENSP00000219789 0 0 0 0 130 0 87 171 
9606.ENSP00000405969 9606.ENSP00000246069 0 0 0 74 169 0 50 205 
9606.ENSP00000405969 9606.ENSP00000307697 52 0 0 63 45 0 135 168 
9606.ENSP00000405969 9606.ENSP00000380184 0 0 0 61 124 0 64 162 
9606.ENSP00000405969 9606.ENSP00000313869 0 0 0 0 0 0 281 281 
9606.ENSP00000405969 9606.ENSP00000276689 0 0 0 63 0 0 134 154 
9606.ENSP00000405969 9606.ENSP00000316329 0 0 0 0 57 0 178 191 
9606.ENSP00000405969 9606.ENSP00000362135 0 0 0 61 0 0 138 155 
9606.ENSP00000405969 9606.ENSP00000234160 0 0 0 0 0 0 239 239 
9606.ENSP00000405969 9606.ENSP00000292475 0 0 0 0 0 0 290 290 
9606.ENSP00000405969 9606.ENSP00000432660 0 0 0 74 169 0 50 205 
9606.ENSP00000405969 9606.ENSP00000306752 0 0 0 64 0 0 173 192 
9606.ENSP00000405969 9606.ENSP00000285667 0 0 0 61 102 0 95 170 
9606.ENSP00000405969 9606.ENSP00000478600 0 0 0 0 0 0 296 296 
9606.ENSP00000405969 9606.ENSP00000367407 0 0 0 61 232 0 67 268 
9606.ENSP00000405969 9606.ENSP00000345492 0 0 0 0 0 0 158 158 
9606.ENSP00000405969 9606.ENSP00000417175 0 0 0 61 190 0 544 623 
9606.ENSP00000405969 9606.ENSP00000360569 0 0 0 84 0 0 181 217 
9606.ENSP00000405969 9606.ENSP00000420914 0 0 0 114 0 0 82 151 
9606.ENSP00000405969 9606.ENSP00000482571 0 0 0 61 124 0 64 162 
9606.ENSP00000405969 9606.ENSP00000225573 0 0 0 0 185 0 0 185 
9606.ENSP00000405969 9606.ENSP00000265723 0 0 0 53 0 0 145 156 
9606.ENSP00000405969 9606.ENSP00000384400 0 0 0 61 0 0 132 150 
9606.ENSP00000405969 9606.ENSP00000298159 0 0 0 74 169 0 50 205 
9606.ENSP00000405969 9606.ENSP00000257604 0 0 0 0 0 0 342 342 
9606.ENSP00000405969 9606.ENSP00000278353 0 0 0 61 0 0 232 248 
9606.ENSP00000405969 9606.ENSP00000357336 0 0 0 0 0 0 446 446 
9606.ENSP00000405969 9606.ENSP00000355340 0 0 0 62 0 0 244 260 
9606.ENSP00000405969 9606.ENSP00000259632 0 0 0 0 0 0 169 169 
9606.ENSP00000405969 9606.ENSP00000378161 0 0 0 0 0 0 198 198 
9606.ENSP00000405969 9606.ENSP00000470059 0 0 0 86 0 0 111 152 
9606.ENSP00000405969 9606.ENSP00000274137 0 0 0 61 0 0 138 155 
9606.ENSP00000405969 9606.ENSP00000222547 0 0 0 0 0 0 155 155 
9606.ENSP00000405969 9606.ENSP00000395204 0 0 0 61 124 0 64 162 
9606.ENSP00000405969 9606.ENSP00000367623 0 0 0 61 102 0 95 170 
9606.ENSP00000405969 9606.ENSP00000440498 0 0 0 62 0 0 267 283 
9606.ENSP00000405969 9606.ENSP00000265689 0 0 0 61 0 0 132 150 
9606.ENSP00000405969 9606.ENSP00000381140 0 0 0 63 124 0 103 199 
9606.ENSP00000405969 9606.ENSP00000469981 0 0 0 0 174 0 112 235 
9606.ENSP00000405969 9606.ENSP00000356567 0 0 0 0 0 0 314 314 
9606.ENSP00000405969 9606.ENSP00000367453 0 0 98 0 0 0 151 201 
9606.ENSP00000405969 9606.ENSP00000254521 0 0 0 0 0 0 169 169 
9606.ENSP00000405969 9606.ENSP00000358695 0 0 0 61 0 0 261 277 
9606.ENSP00000405969 9606.ENSP00000356687 0 0 0 61 157 0 62 192 
9606.ENSP00000405969 9606.ENSP00000253792 0 0 0 63 0 0 136 155 
9606.ENSP00000405969 9606.ENSP00000216034 0 0 0 0 0 0 253 253 
9606.ENSP00000405969 9606.ENSP00000432083 0 0 0 61 102 0 95 170 
9606.ENSP00000405969 9606.ENSP00000254963 0 0 0 61 102 0 95 170 
9606.ENSP00000405969 9606.ENSP00000262764 0 0 0 64 160 0 83 216 
9606.ENSP00000405969 9606.ENSP00000268099 0 0 0 0 0 0 309 309 
9606.ENSP00000405969 9606.ENSP00000366843 0 0 0 61 0 0 167 184 
9606.ENSP00000405969 9606.ENSP00000241052 0 0 0 56 0 0 140 154 
9606.ENSP00000405969 9606.ENSP00000359045 0 0 0 65 0 0 138 159 
9606.ENSP00000405969 9606.ENSP00000418401 0 0 0 63 175 0 0 193 
9606.ENSP00000405969 9606.ENSP00000455068 0 0 0 0 0 0 307 307 
9606.ENSP00000405969 9606.ENSP00000310551 0 0 0 63 124 0 103 199 
9606.ENSP00000405969 9606.ENSP00000379568 0 0 0 0 0 0 199 199 
9606.ENSP00000405969 9606.ENSP00000293217 52 0 0 63 45 0 135 168 
9606.ENSP00000405969 9606.ENSP00000331369 0 0 0 64 0 0 167 186 
9606.ENSP00000405969 9606.ENSP00000317177 0 0 0 62 160 0 83 214 
9606.ENSP00000405969 9606.ENSP00000379500 0 0 0 62 0 0 134 152 
9606.ENSP00000405969 9606.ENSP00000314036 0 0 0 63 124 0 103 199 
9606.ENSP00000405969 9606.ENSP00000214869 0 0 0 0 0 0 265 265 
9606.ENSP00000405969 9606.ENSP00000378854 0 0 0 0 0 0 203 203 
9606.ENSP00000405969 9606.ENSP00000348429 0 0 0 62 0 0 156 174 
9606.ENSP00000405969 9606.ENSP00000329219 0 0 0 0 0 0 256 256 
9606.ENSP00000405969 9606.ENSP00000310219 0 0 0 61 102 0 95 170 
9606.ENSP00000405969 9606.ENSP00000304422 0 0 0 61 0 0 283 297 
9606.ENSP00000405969 9606.ENSP00000264005 0 0 0 61 0 0 167 184 
9606.ENSP00000405969 9606.ENSP00000303584 0 0 0 62 0 0 133 151 
9606.ENSP00000405969 9606.ENSP00000262225 0 0 0 63 0 0 275 291 
9606.ENSP00000405969 9606.ENSP00000479636 0 0 0 52 0 0 342 349 
9606.ENSP00000405969 9606.ENSP00000253407 0 0 0 61 0 0 186 202 
9606.ENSP00000405969 9606.ENSP00000282382 0 0 0 0 0 0 264 264 
9606.ENSP00000405969 9606.ENSP00000263088 0 0 0 62 185 0 159 300 
9606.ENSP00000405969 9606.ENSP00000204726 0 0 0 0 0 0 206 206 
9606.ENSP00000405969 9606.ENSP00000346437 0 0 0 61 0 0 144 161 
9606.ENSP00000405969 9606.ENSP00000355231 0 0 0 64 0 0 185 204 
9606.ENSP00000405969 9606.ENSP00000311905 0 0 0 0 0 0 252 252 
9606.ENSP00000405969 9606.ENSP00000218249 0 0 0 55 0 0 181 193 
9606.ENSP00000405969 9606.ENSP00000364805 0 0 0 61 102 0 95 170 
9606.ENSP00000405969 9606.ENSP00000358072 0 0 0 64 0 0 166 186 
9606.ENSP00000405969 9606.ENSP00000234396 0 0 0 61 0 0 214 230 
9606.ENSP00000405969 9606.ENSP00000358211 0 0 0 61 102 0 95 170 
9606.ENSP00000405969 9606.ENSP00000389913 0 0 0 0 0 0 290 290 
9606.ENSP00000405969 9606.ENSP00000292401 0 0 0 0 0 0 197 197 
9606.ENSP00000405969 9606.ENSP00000390722 0 0 0 61 0 0 265 280 
9606.ENSP00000405969 9606.ENSP00000483300 0 0 0 0 0 0 173 173 
9606.ENSP00000405969 9606.ENSP00000354461 0 0 0 0 0 0 448 448 
9606.ENSP00000405969 9606.ENSP00000342331 0 0 0 0 0 0 443 443 
9606.ENSP00000405969 9606.ENSP00000317780 0 0 0 61 0 0 150 168 
9606.ENSP00000405969 9606.ENSP00000340568 0 0 0 61 0 0 209 225 
9606.ENSP00000405969 9606.ENSP00000364802 0 0 0 61 102 0 95 170 
9606.ENSP00000405969 9606.ENSP00000367086 0 0 0 0 0 0 258 258 
9606.ENSP00000405969 9606.ENSP00000303769 0 0 0 0 0 0 359 359 
9606.ENSP00000405969 9606.ENSP00000331268 0 0 0 61 157 0 62 192 
9606.ENSP00000405969 9606.ENSP00000331532 0 0 0 0 0 0 245 245 
9606.ENSP00000405969 9606.ENSP00000317300 0 0 0 62 124 0 64 163 
9606.ENSP00000405969 9606.ENSP00000356782 0 0 0 0 0 0 263 263 
9606.ENSP00000405969 9606.ENSP00000215095 0 0 0 62 0 0 131 150 
9606.ENSP00000405969 9606.ENSP00000449795 0 0 0 159 0 0 0 159 
9606.ENSP00000405969 9606.ENSP00000285518 0 0 0 63 124 0 103 199 
9606.ENSP00000405969 9606.ENSP00000341044 0 0 0 0 0 0 173 173 
9606.ENSP00000405969 9606.ENSP00000386710 0 0 0 0 0 0 188 188 
9606.ENSP00000405969 9606.ENSP00000333942 0 0 0 61 234 0 42 250 
9606.ENSP00000405969 9606.ENSP00000425107 0 0 0 0 0 0 175 175 
9606.ENSP00000405969 9606.ENSP00000366748 0 0 0 61 124 0 64 162 
9606.ENSP00000405969 9606.ENSP00000337446 0 0 0 0 0 0 182 182 
9606.ENSP00000405969 9606.ENSP00000466134 0 0 0 0 0 0 267 267 
9606.ENSP00000405969 9606.ENSP00000417580 0 0 0 0 0 0 203 203 
9606.ENSP00000405969 9606.ENSP00000219345 0 0 0 61 0 0 167 184 
9606.ENSP00000405969 9606.ENSP00000365926 0 0 0 0 0 0 173 173 
9606.ENSP00000405969 9606.ENSP00000377446 0 0 0 86 0 0 130 170 
9606.ENSP00000405969 9606.ENSP00000257934 0 0 0 61 0 0 203 219 
9606.ENSP00000405969 9606.ENSP00000364801 0 0 0 61 102 0 95 170 
9606.ENSP00000405969 9606.ENSP00000055335 0 0 0 0 0 0 420 420 
9606.ENSP00000405969 9606.ENSP00000328412 0 0 0 0 0 0 286 286 
9606.ENSP00000405969 9606.ENSP00000355566 0 0 0 53 0 0 195 205 
9606.ENSP00000405969 9606.ENSP00000378464 0 0 0 63 0 0 160 179 
9606.ENSP00000405969 9606.ENSP00000360761 0 0 0 63 124 0 74 173 
9606.ENSP00000405969 9606.ENSP00000381109 0 0 0 0 0 0 329 329 
9606.ENSP00000405969 9606.ENSP00000363794 0 0 0 61 0 0 166 184 
9606.ENSP00000405969 9606.ENSP00000480987 0 0 0 57 0 0 165 179 
9606.ENSP00000405969 9606.ENSP00000443291 73 0 0 0 0 0 173 200 
9606.ENSP00000405969 9606.ENSP00000367888 0 0 0 0 0 0 235 235 
9606.ENSP00000405969 9606.ENSP00000308515 0 0 0 0 0 0 473 473 
9606.ENSP00000405969 9606.ENSP00000382071 120 0 0 62 0 0 100 192 
9606.ENSP00000405969 9606.ENSP00000225688 0 0 0 55 0 0 154 167 
9606.ENSP00000405969 9606.ENSP00000378199 0 0 0 61 102 0 95 170 
9606.ENSP00000405969 9606.ENSP00000238618 0 0 0 0 0 0 198 198 
9606.ENSP00000405969 9606.ENSP00000322304 0 0 0 0 0 0 296 296 
9606.ENSP00000405969 9606.ENSP00000440847 0 0 0 0 0 0 244 244 
9606.ENSP00000405969 9606.ENSP00000359305 0 0 0 0 0 0 233 233 
9606.ENSP00000405969 9606.ENSP00000458770 0 0 0 64 0 0 167 186 
9606.ENSP00000405969 9606.ENSP00000346829 0 0 0 0 0 0 212 212 
9606.ENSP00000405969 9606.ENSP00000465992 0 0 0 62 0 0 167 185 
9606.ENSP00000405969 9606.ENSP00000449784 0 0 0 49 0 0 386 391 
9606.ENSP00000405969 9606.ENSP00000378877 0 0 0 63 124 0 74 173 
9606.ENSP00000405969 9606.ENSP00000359297 0 0 0 61 0 0 253 269 
9606.ENSP00000405969 9606.ENSP00000262134 0 0 0 62 124 0 64 163 
9606.ENSP00000405969 9606.ENSP00000276390 0 0 0 61 0 0 214 230 
9606.ENSP00000405969 9606.ENSP00000284503 0 0 0 0 0 0 167 167 
9606.ENSP00000405969 9606.ENSP00000228865 0 0 0 0 0 0 403 403 
9606.ENSP00000405969 9606.ENSP00000352601 0 0 0 0 0 0 313 313 
9606.ENSP00000405969 9606.ENSP00000481593 0 0 0 114 0 0 82 151 
9606.ENSP00000405969 9606.ENSP00000418994 0 0 0 0 0 0 339 339 
9606.ENSP00000405969 9606.ENSP00000389813 0 0 0 63 0 0 139 159 
9606.ENSP00000405969 9606.ENSP00000372210 0 0 0 0 0 0 155 155 
9606.ENSP00000405969 9606.ENSP00000317721 0 0 0 0 0 0 173 173 
9606.ENSP00000405969 9606.ENSP00000403323 0 0 0 62 0 0 372 385 
9606.ENSP00000405969 9606.ENSP00000369820 0 0 0 63 0 0 159 178 
9606.ENSP00000405969 9606.ENSP00000355607 0 0 0 62 0 0 139 157 
9606.ENSP00000405969 9606.ENSP00000280701 0 0 0 62 0 0 202 219 
9606.ENSP00000405969 9606.ENSP00000453293 0 0 0 0 0 0 232 232 
9606.ENSP00000405969 9606.ENSP00000299705 0 0 0 0 0 0 232 232 
9606.ENSP00000405969 9606.ENSP00000359380 0 0 0 0 57 0 178 191 
9606.ENSP00000405969 9606.ENSP00000369461 0 0 0 64 0 0 141 161 
9606.ENSP00000405969 9606.ENSP00000331127 0 0 0 64 0 0 173 192 
9606.ENSP00000405969 9606.ENSP00000345656 0 0 0 61 131 0 175 268 
9606.ENSP00000405969 9606.ENSP00000415090 0 0 0 61 0 0 400 413 
9606.ENSP00000405969 9606.ENSP00000468424 0 0 0 61 232 0 99 293 
