9606.ENSP00000376432 9606.ENSP00000358142 0 0 0 0 0 0 156 156 
9606.ENSP00000376432 9606.ENSP00000255226 0 0 0 63 0 0 367 381 
9606.ENSP00000376432 9606.ENSP00000392411 0 0 0 78 0 0 308 335 
9606.ENSP00000376432 9606.ENSP00000218548 0 0 0 63 0 0 244 261 
9606.ENSP00000376432 9606.ENSP00000369500 0 0 0 0 0 0 164 164 
9606.ENSP00000376432 9606.ENSP00000360266 0 0 0 0 0 0 221 221 
9606.ENSP00000376432 9606.ENSP00000346667 0 0 0 0 185 0 648 701 
9606.ENSP00000376432 9606.ENSP00000297991 0 0 0 0 0 0 397 397 
9606.ENSP00000376432 9606.ENSP00000232564 0 0 0 0 323 0 0 323 
9606.ENSP00000376432 9606.ENSP00000311429 0 0 0 0 0 0 167 167 
9606.ENSP00000376432 9606.ENSP00000303830 0 0 0 0 126 0 167 241 
9606.ENSP00000376432 9606.ENSP00000350815 0 0 0 0 0 0 432 432 
9606.ENSP00000376432 9606.ENSP00000259392 0 0 0 0 0 0 171 171 
9606.ENSP00000376432 9606.ENSP00000262304 0 0 0 0 0 0 167 167 
9606.ENSP00000376432 9606.ENSP00000483721 0 0 0 0 0 0 245 245 
9606.ENSP00000376432 9606.ENSP00000356832 0 0 0 0 379 800 796 972 
9606.ENSP00000376432 9606.ENSP00000414886 0 0 0 64 0 0 222 241 
9606.ENSP00000376432 9606.ENSP00000332274 0 0 0 0 0 0 295 295 
9606.ENSP00000376432 9606.ENSP00000223023 0 0 0 0 0 0 282 282 
9606.ENSP00000376432 9606.ENSP00000304822 0 0 0 0 0 0 325 325 
9606.ENSP00000376432 9606.ENSP00000358894 0 0 0 61 0 0 247 262 
9606.ENSP00000376432 9606.ENSP00000325822 0 0 0 0 0 0 281 281 
9606.ENSP00000376432 9606.ENSP00000320246 0 0 0 0 0 0 279 279 
9606.ENSP00000376432 9606.ENSP00000378974 0 0 0 0 0 0 215 215 
9606.ENSP00000376432 9606.ENSP00000350310 0 0 0 61 0 0 161 178 
9606.ENSP00000376432 9606.ENSP00000231509 0 0 0 0 0 0 162 162 
9606.ENSP00000376432 9606.ENSP00000346981 0 0 0 512 0 0 254 620 
9606.ENSP00000376432 9606.ENSP00000401878 0 0 0 0 0 0 176 176 
9606.ENSP00000376432 9606.ENSP00000381231 0 0 0 0 0 0 291 291 
9606.ENSP00000376432 9606.ENSP00000387694 0 0 0 0 0 0 247 247 
9606.ENSP00000376432 9606.ENSP00000308122 0 0 0 0 0 0 295 295 
9606.ENSP00000376432 9606.ENSP00000364209 0 0 0 0 0 0 675 675 
9606.ENSP00000376432 9606.ENSP00000356587 0 0 0 521 0 0 334 667 
9606.ENSP00000376432 9606.ENSP00000383118 0 0 0 0 0 0 229 229 
9606.ENSP00000376432 9606.ENSP00000249776 0 0 0 0 0 0 162 162 
9606.ENSP00000376432 9606.ENSP00000234488 0 0 0 50 0 0 302 308 
9606.ENSP00000376432 9606.ENSP00000262613 0 0 0 0 301 0 391 556 
9606.ENSP00000376432 9606.ENSP00000159087 0 0 0 0 0 0 179 179 
9606.ENSP00000376432 9606.ENSP00000391490 0 0 0 62 0 0 148 166 
9606.ENSP00000376432 9606.ENSP00000262461 0 0 0 85 0 0 500 523 
9606.ENSP00000376432 9606.ENSP00000397026 0 0 0 0 0 0 284 284 
9606.ENSP00000376432 9606.ENSP00000447378 0 0 0 57 0 0 374 384 
9606.ENSP00000376432 9606.ENSP00000376807 0 0 0 0 0 0 229 229 
9606.ENSP00000376432 9606.ENSP00000356236 0 0 0 0 0 0 386 386 
9606.ENSP00000376432 9606.ENSP00000481848 0 0 0 0 0 0 279 279 
9606.ENSP00000376432 9606.ENSP00000368190 0 0 0 0 0 0 159 159 
9606.ENSP00000376432 9606.ENSP00000334650 0 0 0 0 0 0 256 256 
9606.ENSP00000376432 9606.ENSP00000318016 0 0 0 0 0 0 163 163 
9606.ENSP00000376432 9606.ENSP00000366314 0 0 0 0 0 0 210 210 
9606.ENSP00000376432 9606.ENSP00000347244 0 0 0 0 0 0 535 535 
9606.ENSP00000376432 9606.ENSP00000320239 0 0 0 0 0 0 272 272 
9606.ENSP00000376432 9606.ENSP00000356102 0 0 0 0 0 0 305 305 
9606.ENSP00000376432 9606.ENSP00000352527 0 0 0 0 0 0 185 185 
9606.ENSP00000376432 9606.ENSP00000253255 0 0 0 0 0 0 169 169 
9606.ENSP00000376432 9606.ENSP00000201586 0 0 0 0 0 0 188 188 
9606.ENSP00000376432 9606.ENSP00000331727 0 0 0 61 0 0 231 247 
9606.ENSP00000376432 9606.ENSP00000246747 0 0 0 0 0 0 165 165 
9606.ENSP00000376432 9606.ENSP00000301831 0 0 0 54 0 0 223 233 
9606.ENSP00000376432 9606.ENSP00000359729 0 0 0 0 0 0 204 204 
9606.ENSP00000376432 9606.ENSP00000373648 0 0 0 0 0 0 265 265 
9606.ENSP00000376432 9606.ENSP00000374069 0 0 0 0 0 0 393 393 
9606.ENSP00000376432 9606.ENSP00000367828 0 0 0 0 0 0 219 219 
9606.ENSP00000376432 9606.ENSP00000332413 0 0 0 54 0 0 215 225 
9606.ENSP00000376432 9606.ENSP00000358301 0 0 0 0 0 0 151 151 
9606.ENSP00000376432 9606.ENSP00000316244 0 0 0 0 0 0 229 229 
9606.ENSP00000376432 9606.ENSP00000194130 0 0 0 153 0 0 0 153 
9606.ENSP00000376432 9606.ENSP00000313391 0 0 0 0 0 0 182 182 
9606.ENSP00000376432 9606.ENSP00000305302 0 0 0 154 0 0 75 184 
9606.ENSP00000376432 9606.ENSP00000347931 0 0 0 0 0 0 156 156 
9606.ENSP00000376432 9606.ENSP00000265087 0 0 0 64 0 0 171 191 
9606.ENSP00000376432 9606.ENSP00000362680 0 0 0 0 64 0 310 326 
9606.ENSP00000376432 9606.ENSP00000333203 0 0 0 54 0 0 173 184 
9606.ENSP00000376432 9606.ENSP00000378217 0 0 0 0 379 0 0 379 
9606.ENSP00000376432 9606.ENSP00000378207 0 0 0 0 0 0 172 172 
9606.ENSP00000376432 9606.ENSP00000377140 0 0 0 48 0 0 175 181 
9606.ENSP00000376432 9606.ENSP00000379438 0 0 0 118 0 0 541 578 
9606.ENSP00000376432 9606.ENSP00000353362 0 0 0 0 75 0 200 229 
9606.ENSP00000376432 9606.ENSP00000267615 0 0 0 0 0 0 181 181 
9606.ENSP00000376432 9606.ENSP00000342222 0 0 0 0 0 0 165 165 
9606.ENSP00000376432 9606.ENSP00000003084 0 0 0 0 310 0 592 707 
9606.ENSP00000376432 9606.ENSP00000295304 0 0 0 0 0 0 220 220 
9606.ENSP00000376432 9606.ENSP00000355627 0 0 0 0 0 0 250 250 
9606.ENSP00000376432 9606.ENSP00000381234 0 0 0 0 0 0 291 291 
9606.ENSP00000376432 9606.ENSP00000259727 0 0 0 0 0 0 160 160 
9606.ENSP00000376432 9606.ENSP00000367608 0 0 0 0 0 0 160 160 
9606.ENSP00000376432 9606.ENSP00000369442 0 0 0 62 0 0 503 514 
9606.ENSP00000376432 9606.ENSP00000365016 0 0 0 0 309 0 46 312 
9606.ENSP00000376432 9606.ENSP00000321424 0 0 0 195 0 0 330 437 
9606.ENSP00000376432 9606.ENSP00000265140 0 0 0 0 50 0 228 235 
9606.ENSP00000376432 9606.ENSP00000265299 0 0 0 0 0 0 253 253 
9606.ENSP00000376432 9606.ENSP00000355192 0 0 0 0 75 0 233 260 
9606.ENSP00000376432 9606.ENSP00000420387 0 0 0 0 0 0 272 272 
9606.ENSP00000376432 9606.ENSP00000258418 0 0 0 62 0 0 181 199 
9606.ENSP00000376432 9606.ENSP00000312811 0 0 0 0 0 0 323 323 
9606.ENSP00000376432 9606.ENSP00000374234 0 0 0 141 0 0 352 420 
9606.ENSP00000376432 9606.ENSP00000176183 0 0 0 0 0 0 210 210 
9606.ENSP00000376432 9606.ENSP00000476519 0 0 0 0 0 0 325 325 
9606.ENSP00000376432 9606.ENSP00000369647 0 0 0 0 0 0 389 389 
9606.ENSP00000376432 9606.ENSP00000218176 0 0 0 0 0 0 316 316 
9606.ENSP00000376432 9606.ENSP00000295897 0 0 0 0 0 0 215 215 
9606.ENSP00000376432 9606.ENSP00000282091 0 0 0 0 0 0 347 347 
9606.ENSP00000376432 9606.ENSP00000355580 0 0 0 0 0 0 444 444 
9606.ENSP00000376432 9606.ENSP00000023064 0 0 0 87 0 0 219 256 
9606.ENSP00000376432 9606.ENSP00000439913 0 0 0 0 157 0 42 157 
9606.ENSP00000376432 9606.ENSP00000265310 0 0 0 62 0 0 690 697 
9606.ENSP00000376432 9606.ENSP00000289416 0 0 0 153 0 0 0 153 
9606.ENSP00000376432 9606.ENSP00000264335 0 0 0 0 0 0 152 152 
9606.ENSP00000376432 9606.ENSP00000236495 0 0 0 62 0 0 452 464 
9606.ENSP00000376432 9606.ENSP00000265969 0 0 0 0 0 0 298 298 
9606.ENSP00000376432 9606.ENSP00000340736 0 0 0 0 0 0 475 475 
9606.ENSP00000376432 9606.ENSP00000263816 0 0 0 62 0 0 221 238 
9606.ENSP00000376432 9606.ENSP00000305372 0 0 0 0 0 0 190 190 
9606.ENSP00000376432 9606.ENSP00000285379 0 0 0 0 0 0 173 173 
9606.ENSP00000376432 9606.ENSP00000370213 0 0 0 55 0 0 284 294 
9606.ENSP00000376432 9606.ENSP00000262623 0 0 0 62 0 0 266 282 
9606.ENSP00000376432 9606.ENSP00000382428 0 0 0 0 160 0 194 294 
9606.ENSP00000376432 9606.ENSP00000302665 0 0 0 0 0 0 171 171 
9606.ENSP00000376432 9606.ENSP00000286353 0 0 0 0 0 0 216 216 
9606.ENSP00000376432 9606.ENSP00000233969 0 0 0 0 0 0 291 291 
9606.ENSP00000376432 9606.ENSP00000261514 0 0 0 55 0 0 201 213 
9606.ENSP00000376432 9606.ENSP00000379842 0 0 0 0 0 0 229 229 
9606.ENSP00000376432 9606.ENSP00000417085 0 0 0 62 0 0 155 173 
9606.ENSP00000376432 9606.ENSP00000341292 0 0 0 0 185 0 778 811 
9606.ENSP00000376432 9606.ENSP00000432011 0 0 0 230 0 0 0 230 
9606.ENSP00000376432 9606.ENSP00000280191 0 0 0 0 0 0 222 222 
9606.ENSP00000376432 9606.ENSP00000305260 0 0 0 0 323 0 0 323 
9606.ENSP00000376432 9606.ENSP00000455169 0 0 0 0 0 0 302 302 
9606.ENSP00000376432 9606.ENSP00000265023 0 0 0 88 0 0 217 255 
9606.ENSP00000376432 9606.ENSP00000373565 0 0 0 0 0 0 336 336 
9606.ENSP00000376432 9606.ENSP00000360798 0 0 0 0 0 0 210 210 
9606.ENSP00000376432 9606.ENSP00000442397 0 0 0 62 0 0 410 423 
9606.ENSP00000376432 9606.ENSP00000399136 0 0 0 0 0 0 158 158 
9606.ENSP00000376432 9606.ENSP00000382090 0 0 0 107 0 0 423 462 
9606.ENSP00000376432 9606.ENSP00000222390 0 0 0 62 0 0 131 150 
9606.ENSP00000376432 9606.ENSP00000372720 0 0 0 60 0 0 220 236 
9606.ENSP00000376432 9606.ENSP00000330338 0 0 0 195 0 0 0 195 
9606.ENSP00000376432 9606.ENSP00000306490 0 0 0 0 0 0 213 213 
9606.ENSP00000376432 9606.ENSP00000351805 0 0 0 76 0 0 336 360 
9606.ENSP00000376432 9606.ENSP00000239440 0 0 0 0 0 0 165 165 
9606.ENSP00000376432 9606.ENSP00000345341 0 0 0 0 0 0 156 156 
9606.ENSP00000376432 9606.ENSP00000290310 0 0 0 0 0 0 470 470 
9606.ENSP00000376432 9606.ENSP00000390407 0 0 0 227 0 0 222 372 
9606.ENSP00000376432 9606.ENSP00000307879 0 0 0 0 0 0 267 267 
9606.ENSP00000376432 9606.ENSP00000339191 0 0 0 0 0 0 189 189 
9606.ENSP00000376432 9606.ENSP00000225698 0 0 0 0 190 0 0 190 
9606.ENSP00000376432 9606.ENSP00000365730 0 0 0 0 0 0 396 396 
9606.ENSP00000376432 9606.ENSP00000380432 0 0 0 0 0 0 328 328 
9606.ENSP00000376432 9606.ENSP00000403042 0 0 0 0 0 0 204 204 
9606.ENSP00000376432 9606.ENSP00000370719 0 0 0 0 0 0 711 711 
9606.ENSP00000376432 9606.ENSP00000304697 0 0 0 0 189 0 0 189 
9606.ENSP00000376432 9606.ENSP00000306070 0 0 0 0 0 0 267 267 
9606.ENSP00000376432 9606.ENSP00000465295 0 0 92 63 0 0 138 203 
9606.ENSP00000376432 9606.ENSP00000355133 0 0 0 0 0 0 204 204 
9606.ENSP00000376432 9606.ENSP00000252826 0 0 0 61 0 0 159 176 
9606.ENSP00000376432 9606.ENSP00000300900 0 0 0 0 0 0 161 161 
9606.ENSP00000376432 9606.ENSP00000355500 0 0 0 0 0 0 210 210 
9606.ENSP00000376432 9606.ENSP00000282146 0 0 0 58 0 0 223 237 
9606.ENSP00000376432 9606.ENSP00000318270 0 0 0 0 0 0 392 392 
9606.ENSP00000376432 9606.ENSP00000457241 0 0 0 0 0 0 291 291 
9606.ENSP00000376432 9606.ENSP00000295718 0 0 0 0 0 0 177 177 
9606.ENSP00000376432 9606.ENSP00000331774 0 0 0 0 0 0 313 313 
9606.ENSP00000376432 9606.ENSP00000328511 0 0 0 0 0 0 416 416 
9606.ENSP00000376432 9606.ENSP00000448059 0 0 0 0 0 0 243 243 
9606.ENSP00000376432 9606.ENSP00000254976 0 0 0 0 0 0 164 164 
9606.ENSP00000376432 9606.ENSP00000328813 0 0 0 62 0 0 146 164 
9606.ENSP00000376432 9606.ENSP00000465638 0 0 0 0 0 0 369 369 
9606.ENSP00000376432 9606.ENSP00000301488 0 0 0 0 0 0 228 228 
9606.ENSP00000376432 9606.ENSP00000279027 0 0 0 64 0 0 280 297 
9606.ENSP00000376432 9606.ENSP00000362836 0 0 0 0 0 0 166 166 
9606.ENSP00000376432 9606.ENSP00000273783 0 0 0 0 0 0 170 170 
9606.ENSP00000376432 9606.ENSP00000430276 0 0 0 0 0 0 210 210 
9606.ENSP00000376432 9606.ENSP00000286355 0 0 0 0 0 0 242 242 
9606.ENSP00000376432 9606.ENSP00000345873 0 0 0 61 0 0 221 237 
9606.ENSP00000376432 9606.ENSP00000362353 0 0 0 0 0 0 194 194 
9606.ENSP00000376432 9606.ENSP00000382770 0 0 0 0 0 0 231 231 
9606.ENSP00000376432 9606.ENSP00000367064 0 0 0 0 0 0 179 179 
9606.ENSP00000376432 9606.ENSP00000261200 0 0 0 0 64 0 342 357 
9606.ENSP00000376432 9606.ENSP00000229264 0 0 0 0 323 0 86 355 
9606.ENSP00000376432 9606.ENSP00000392553 0 0 0 0 0 0 446 446 
9606.ENSP00000376432 9606.ENSP00000355920 0 0 0 188 0 0 461 544 
9606.ENSP00000376432 9606.ENSP00000380958 0 0 0 0 0 0 254 254 
9606.ENSP00000376432 9606.ENSP00000297524 0 0 0 0 0 0 384 384 
9606.ENSP00000376432 9606.ENSP00000371503 0 0 0 217 0 0 0 217 
9606.ENSP00000376432 9606.ENSP00000375069 0 0 0 0 0 0 241 241 
9606.ENSP00000376432 9606.ENSP00000478639 0 0 0 0 0 0 160 160 
9606.ENSP00000376432 9606.ENSP00000261837 0 0 0 0 323 0 0 323 
9606.ENSP00000376432 9606.ENSP00000272223 0 0 0 0 0 0 201 201 
9606.ENSP00000376432 9606.ENSP00000252321 0 0 0 0 0 0 431 431 
9606.ENSP00000376432 9606.ENSP00000225823 0 0 0 0 0 0 193 193 
9606.ENSP00000376432 9606.ENSP00000376703 0 0 0 0 0 0 220 220 
9606.ENSP00000376432 9606.ENSP00000358903 0 0 0 0 0 0 243 243 
9606.ENSP00000376432 9606.ENSP00000295269 0 0 0 0 0 0 292 292 
9606.ENSP00000376432 9606.ENSP00000319744 0 0 0 0 0 0 261 261 
9606.ENSP00000376432 9606.ENSP00000391498 0 0 0 0 0 0 274 274 
9606.ENSP00000376432 9606.ENSP00000272317 0 0 0 0 76 0 128 159 
9606.ENSP00000376432 9606.ENSP00000244565 0 0 0 0 0 0 284 284 
9606.ENSP00000376432 9606.ENSP00000260600 0 0 0 0 0 0 192 192 
9606.ENSP00000376432 9606.ENSP00000379822 0 0 0 149 0 0 895 906 
9606.ENSP00000376432 9606.ENSP00000258229 0 0 0 0 0 0 275 275 
9606.ENSP00000376432 9606.ENSP00000264930 0 0 0 0 0 0 426 426 
9606.ENSP00000376432 9606.ENSP00000422533 0 0 0 0 0 0 422 422 
9606.ENSP00000376432 9606.ENSP00000281537 0 0 0 0 0 0 210 210 
9606.ENSP00000376432 9606.ENSP00000338345 0 0 0 49 157 0 64 184 
9606.ENSP00000376432 9606.ENSP00000310557 0 0 0 64 0 0 144 164 
9606.ENSP00000376432 9606.ENSP00000364831 0 0 0 62 0 0 868 871 
9606.ENSP00000376432 9606.ENSP00000299798 0 0 0 0 0 0 246 246 
9606.ENSP00000376432 9606.ENSP00000377411 0 0 0 0 0 0 226 226 
9606.ENSP00000376432 9606.ENSP00000339256 0 0 0 62 0 0 525 535 
9606.ENSP00000376432 9606.ENSP00000445306 0 0 0 61 0 0 277 292 
9606.ENSP00000376432 9606.ENSP00000309493 0 0 0 107 0 0 216 270 
9606.ENSP00000376432 9606.ENSP00000475489 0 0 0 0 0 0 155 155 
9606.ENSP00000376432 9606.ENSP00000353292 0 0 0 61 0 0 720 726 
9606.ENSP00000376432 9606.ENSP00000234313 0 0 0 76 0 0 187 216 
9606.ENSP00000376432 9606.ENSP00000377823 0 0 0 0 0 0 150 150 
9606.ENSP00000376432 9606.ENSP00000199280 0 0 0 60 0 0 652 659 
9606.ENSP00000376432 9606.ENSP00000321427 0 0 0 0 0 0 199 199 
9606.ENSP00000376432 9606.ENSP00000312397 0 0 0 0 0 0 553 553 
9606.ENSP00000376432 9606.ENSP00000251287 0 0 0 61 0 0 211 227 
9606.ENSP00000376432 9606.ENSP00000360822 0 0 0 0 0 0 226 226 
9606.ENSP00000376432 9606.ENSP00000368966 0 0 0 0 0 0 157 157 
9606.ENSP00000376432 9606.ENSP00000378786 0 0 0 65 0 0 128 150 
9606.ENSP00000376432 9606.ENSP00000394033 0 0 0 0 0 0 371 371 
9606.ENSP00000376432 9606.ENSP00000339867 0 0 0 0 0 0 242 242 
9606.ENSP00000376432 9606.ENSP00000265113 0 0 0 0 0 0 167 167 
9606.ENSP00000376432 9606.ENSP00000349493 0 0 0 0 0 0 242 242 
9606.ENSP00000376432 9606.ENSP00000382783 0 0 0 63 0 0 514 526 
9606.ENSP00000376432 9606.ENSP00000341083 0 0 0 0 0 0 158 158 
9606.ENSP00000376432 9606.ENSP00000337255 0 0 0 64 0 0 532 543 
9606.ENSP00000376432 9606.ENSP00000367102 0 0 0 62 0 0 173 191 
9606.ENSP00000376432 9606.ENSP00000359680 0 0 0 154 0 0 45 157 
9606.ENSP00000376432 9606.ENSP00000321259 0 0 0 0 0 0 430 430 
9606.ENSP00000376432 9606.ENSP00000380666 0 0 0 62 0 0 151 170 
9606.ENSP00000376432 9606.ENSP00000466561 0 0 0 0 0 0 200 200 
9606.ENSP00000376432 9606.ENSP00000422753 0 0 0 63 0 0 279 295 
9606.ENSP00000376432 9606.ENSP00000282561 0 0 0 0 137 0 115 203 
9606.ENSP00000376432 9606.ENSP00000419422 0 0 0 0 0 0 397 397 
9606.ENSP00000376432 9606.ENSP00000264734 0 0 0 91 0 0 567 589 
9606.ENSP00000376432 9606.ENSP00000228606 0 0 0 0 0 0 195 195 
9606.ENSP00000376432 9606.ENSP00000304783 0 0 0 144 0 0 94 191 
9606.ENSP00000376432 9606.ENSP00000251102 0 0 0 0 0 0 167 167 
9606.ENSP00000376432 9606.ENSP00000368805 0 0 0 0 0 0 295 295 
9606.ENSP00000376432 9606.ENSP00000348278 0 0 0 0 0 0 672 672 
9606.ENSP00000376432 9606.ENSP00000477829 0 0 0 0 0 0 166 166 
9606.ENSP00000376432 9606.ENSP00000268122 0 0 0 510 0 0 283 633 
9606.ENSP00000376432 9606.ENSP00000387471 0 0 0 0 0 0 201 201 
9606.ENSP00000376432 9606.ENSP00000262919 0 0 0 0 0 0 173 173 
9606.ENSP00000376432 9606.ENSP00000216075 0 0 0 0 0 0 226 226 
9606.ENSP00000376432 9606.ENSP00000240662 0 0 81 0 0 0 119 156 
9606.ENSP00000376432 9606.ENSP00000371483 0 0 0 117 0 0 186 250 
9606.ENSP00000376432 9606.ENSP00000287042 0 0 0 0 0 0 167 167 
9606.ENSP00000376432 9606.ENSP00000301420 0 0 0 0 0 0 234 234 
9606.ENSP00000376432 9606.ENSP00000304895 0 0 0 0 309 0 0 309 
9606.ENSP00000376432 9606.ENSP00000303540 0 0 0 0 75 0 164 193 
9606.ENSP00000376432 9606.ENSP00000281087 0 0 0 0 0 0 239 239 
9606.ENSP00000376432 9606.ENSP00000222256 0 0 0 0 0 0 230 230 
9606.ENSP00000376432 9606.ENSP00000352035 0 0 0 0 0 0 410 410 
9606.ENSP00000376432 9606.ENSP00000349003 0 0 0 0 0 0 150 150 
9606.ENSP00000376432 9606.ENSP00000362328 0 0 0 0 0 0 215 215 
9606.ENSP00000376432 9606.ENSP00000461007 0 0 0 0 0 0 180 180 
9606.ENSP00000376432 9606.ENSP00000368411 0 0 0 0 0 0 164 164 
9606.ENSP00000376432 9606.ENSP00000381070 0 0 0 0 0 0 230 230 
9606.ENSP00000376432 9606.ENSP00000265431 0 0 0 60 0 0 318 331 
9606.ENSP00000376432 9606.ENSP00000298596 0 0 0 0 0 0 179 179 
9606.ENSP00000376432 9606.ENSP00000386499 0 0 0 512 0 0 0 512 
9606.ENSP00000376432 9606.ENSP00000355995 0 0 0 0 0 0 448 448 
9606.ENSP00000376432 9606.ENSP00000296776 0 0 0 114 0 0 261 318 
9606.ENSP00000376432 9606.ENSP00000363988 0 0 0 0 0 0 169 169 
9606.ENSP00000376432 9606.ENSP00000331608 0 0 0 0 0 0 244 244 
9606.ENSP00000376432 9606.ENSP00000441543 0 0 0 0 189 0 0 189 
9606.ENSP00000376432 9606.ENSP00000264938 0 0 0 0 0 0 640 640 
9606.ENSP00000376432 9606.ENSP00000267549 0 0 0 0 0 0 170 170 
9606.ENSP00000376432 9606.ENSP00000361202 0 0 0 0 262 0 0 262 
9606.ENSP00000376432 9606.ENSP00000239940 0 0 0 0 0 0 236 236 
9606.ENSP00000376432 9606.ENSP00000289932 0 0 0 62 0 0 344 359 
9606.ENSP00000376432 9606.ENSP00000450838 0 0 0 61 0 0 153 170 
9606.ENSP00000376432 9606.ENSP00000257696 0 0 0 0 0 0 161 161 
9606.ENSP00000376432 9606.ENSP00000364586 0 0 0 0 75 0 192 221 
9606.ENSP00000376432 9606.ENSP00000297596 0 0 0 0 0 0 227 227 
9606.ENSP00000376432 9606.ENSP00000430676 0 0 0 0 0 0 336 336 
9606.ENSP00000376432 9606.ENSP00000352358 0 0 0 62 0 0 459 470 
9606.ENSP00000376432 9606.ENSP00000459533 0 0 0 0 0 0 176 176 
9606.ENSP00000376432 9606.ENSP00000204726 0 0 0 0 379 0 225 498 
9606.ENSP00000376432 9606.ENSP00000354006 0 0 0 0 0 0 455 455 
9606.ENSP00000376432 9606.ENSP00000309504 0 0 0 0 0 0 165 165 
9606.ENSP00000376432 9606.ENSP00000333519 0 0 0 62 0 0 132 151 
9606.ENSP00000376432 9606.ENSP00000361662 0 0 0 0 0 0 247 247 
9606.ENSP00000376432 9606.ENSP00000434045 0 0 0 0 0 0 153 153 
9606.ENSP00000376432 9606.ENSP00000379869 0 0 0 0 0 0 190 190 
9606.ENSP00000376432 9606.ENSP00000368237 0 0 0 0 0 0 159 159 
9606.ENSP00000376432 9606.ENSP00000405812 0 0 0 0 0 0 255 255 
9606.ENSP00000376432 9606.ENSP00000480916 0 0 0 0 0 0 282 282 
9606.ENSP00000376432 9606.ENSP00000286628 0 0 0 0 0 0 649 649 
9606.ENSP00000376432 9606.ENSP00000477017 0 0 0 0 0 0 269 269 
9606.ENSP00000376432 9606.ENSP00000233826 0 0 98 0 0 0 141 193 
9606.ENSP00000376432 9606.ENSP00000369699 0 0 0 111 0 0 105 171 
9606.ENSP00000376432 9606.ENSP00000371294 0 0 0 0 0 0 205 205 
9606.ENSP00000376432 9606.ENSP00000304169 0 0 0 61 0 0 164 181 
9606.ENSP00000376432 9606.ENSP00000356790 0 0 0 62 0 0 293 309 
9606.ENSP00000376432 9606.ENSP00000234396 0 0 0 64 0 0 272 290 
9606.ENSP00000376432 9606.ENSP00000371940 0 0 0 0 0 0 166 166 
9606.ENSP00000376432 9606.ENSP00000419412 0 0 0 0 0 0 150 150 
9606.ENSP00000376432 9606.ENSP00000246914 0 0 0 0 299 0 873 907 
9606.ENSP00000376432 9606.ENSP00000311713 0 0 0 0 0 0 578 578 
9606.ENSP00000376432 9606.ENSP00000185206 0 0 0 64 0 0 160 180 
9606.ENSP00000376432 9606.ENSP00000262186 0 0 0 61 0 0 524 534 
9606.ENSP00000376432 9606.ENSP00000301365 0 0 0 0 0 0 150 150 
9606.ENSP00000376432 9606.ENSP00000372654 0 0 0 0 0 0 242 242 
9606.ENSP00000376432 9606.ENSP00000237596 0 0 0 0 0 0 150 150 
9606.ENSP00000376432 9606.ENSP00000243706 0 0 0 0 0 0 275 275 
9606.ENSP00000376432 9606.ENSP00000349320 0 0 0 0 0 0 168 168 
9606.ENSP00000376432 9606.ENSP00000332771 0 0 0 62 0 0 687 694 
9606.ENSP00000376432 9606.ENSP00000333496 0 0 0 0 0 0 256 256 
9606.ENSP00000376432 9606.ENSP00000323549 0 0 0 195 0 0 144 281 
9606.ENSP00000376432 9606.ENSP00000383199 0 0 0 0 0 0 523 523 
9606.ENSP00000376432 9606.ENSP00000322937 0 0 0 0 0 0 227 227 
9606.ENSP00000376432 9606.ENSP00000266376 0 0 0 0 75 0 229 256 
9606.ENSP00000376432 9606.ENSP00000451828 0 0 0 0 64 0 133 154 
9606.ENSP00000376432 9606.ENSP00000318234 0 0 0 0 0 0 215 215 
9606.ENSP00000376432 9606.ENSP00000379282 0 0 0 0 0 0 161 161 
9606.ENSP00000376432 9606.ENSP00000371985 0 0 0 0 0 0 425 425 
9606.ENSP00000376432 9606.ENSP00000360806 0 0 0 0 0 0 458 458 
9606.ENSP00000376432 9606.ENSP00000324191 0 0 0 0 0 0 201 201 
9606.ENSP00000376432 9606.ENSP00000265715 0 0 0 85 0 0 429 455 
9606.ENSP00000376432 9606.ENSP00000420194 0 0 0 61 0 0 647 654 
9606.ENSP00000376432 9606.ENSP00000289359 0 0 0 0 0 0 241 241 
9606.ENSP00000376432 9606.ENSP00000412524 0 0 0 0 0 0 197 197 
9606.ENSP00000376432 9606.ENSP00000433109 0 0 0 0 0 0 454 454 
9606.ENSP00000376432 9606.ENSP00000427120 0 0 0 0 0 0 281 281 
9606.ENSP00000376432 9606.ENSP00000297323 0 0 0 0 0 0 253 253 
9606.ENSP00000376432 9606.ENSP00000352011 0 0 0 0 64 0 134 155 
9606.ENSP00000376432 9606.ENSP00000245312 0 0 0 153 0 0 0 153 
9606.ENSP00000376432 9606.ENSP00000360141 0 0 0 0 0 0 189 189 
9606.ENSP00000376432 9606.ENSP00000367173 0 0 0 0 0 0 320 320 
9606.ENSP00000376432 9606.ENSP00000357389 0 0 0 0 0 0 158 158 
9606.ENSP00000376432 9606.ENSP00000347213 0 0 0 61 0 0 176 193 
9606.ENSP00000376432 9606.ENSP00000292079 0 0 0 62 0 0 322 337 
9606.ENSP00000376432 9606.ENSP00000322270 0 0 0 0 0 0 166 166 
9606.ENSP00000376432 9606.ENSP00000292246 0 0 0 0 0 0 442 442 
9606.ENSP00000376432 9606.ENSP00000354721 0 0 0 85 0 0 113 154 
9606.ENSP00000376432 9606.ENSP00000262888 0 0 0 0 0 0 366 366 
9606.ENSP00000376432 9606.ENSP00000361666 0 0 0 177 0 0 112 237 
9606.ENSP00000376432 9606.ENSP00000463533 0 0 0 61 0 0 148 166 
9606.ENSP00000376432 9606.ENSP00000473001 0 0 0 0 0 0 161 161 
9606.ENSP00000376432 9606.ENSP00000435648 0 0 0 0 0 0 622 622 
9606.ENSP00000376432 9606.ENSP00000478059 0 0 0 0 0 0 163 163 
9606.ENSP00000376432 9606.ENSP00000290332 0 0 0 64 0 0 214 232 
9606.ENSP00000376432 9606.ENSP00000237837 0 0 0 0 0 0 374 374 
9606.ENSP00000376432 9606.ENSP00000334448 0 0 0 0 0 0 221 221 
9606.ENSP00000376432 9606.ENSP00000323926 0 0 0 0 0 0 159 159 
9606.ENSP00000376432 9606.ENSP00000263980 0 0 0 0 0 0 250 250 
9606.ENSP00000376432 9606.ENSP00000302719 0 0 0 0 0 0 162 162 
9606.ENSP00000376432 9606.ENSP00000303960 0 0 0 0 64 0 633 642 
9606.ENSP00000376432 9606.ENSP00000340608 0 0 0 0 0 0 155 155 
9606.ENSP00000376432 9606.ENSP00000354859 0 0 0 0 0 0 189 189 
9606.ENSP00000376432 9606.ENSP00000459962 0 0 0 0 0 0 163 163 
9606.ENSP00000376432 9606.ENSP00000363763 0 0 0 0 64 0 253 270 
9606.ENSP00000376432 9606.ENSP00000387760 0 0 0 63 0 0 225 243 
9606.ENSP00000376432 9606.ENSP00000430128 0 0 0 0 0 0 301 301 
9606.ENSP00000376432 9606.ENSP00000384264 0 0 0 61 0 0 211 228 
9606.ENSP00000376432 9606.ENSP00000395983 0 0 0 0 0 0 375 375 
9606.ENSP00000376432 9606.ENSP00000402152 0 0 0 62 0 0 803 807 
9606.ENSP00000376432 9606.ENSP00000408860 0 0 0 0 0 0 198 198 
9606.ENSP00000376432 9606.ENSP00000430846 0 0 0 0 0 0 287 287 
9606.ENSP00000376432 9606.ENSP00000441434 0 0 0 0 0 0 209 209 
9606.ENSP00000376432 9606.ENSP00000295736 0 0 0 0 0 0 274 274 
9606.ENSP00000376432 9606.ENSP00000220764 0 0 0 0 0 0 163 163 
9606.ENSP00000376432 9606.ENSP00000262839 0 0 0 0 0 0 171 171 
9606.ENSP00000376432 9606.ENSP00000297954 0 0 0 0 185 0 511 585 
9606.ENSP00000376432 9606.ENSP00000216911 0 0 0 0 0 0 221 221 
9606.ENSP00000376432 9606.ENSP00000296387 0 0 0 62 0 0 500 510 
9606.ENSP00000376432 9606.ENSP00000356857 0 0 0 0 0 0 201 201 
9606.ENSP00000376432 9606.ENSP00000221455 0 0 0 0 0 0 179 179 
9606.ENSP00000376432 9606.ENSP00000392206 0 0 0 0 0 0 171 171 
9606.ENSP00000376432 9606.ENSP00000252723 0 0 0 0 0 0 189 189 
9606.ENSP00000376432 9606.ENSP00000304192 0 0 0 0 0 0 163 163 
9606.ENSP00000376432 9606.ENSP00000351075 0 0 0 214 0 0 359 474 
9606.ENSP00000376432 9606.ENSP00000356156 0 0 0 0 0 0 163 163 
9606.ENSP00000376432 9606.ENSP00000377446 0 0 0 0 0 0 189 189 
9606.ENSP00000376432 9606.ENSP00000380131 0 0 0 0 0 0 182 182 
9606.ENSP00000376432 9606.ENSP00000263642 0 0 0 0 0 0 221 221 
9606.ENSP00000376432 9606.ENSP00000272190 0 0 0 62 0 0 556 566 
9606.ENSP00000376432 9606.ENSP00000305244 0 0 0 0 0 0 169 169 
9606.ENSP00000376432 9606.ENSP00000364295 0 0 0 0 0 0 171 171 
9606.ENSP00000376432 9606.ENSP00000356438 0 0 0 64 0 0 170 189 
9606.ENSP00000376432 9606.ENSP00000310241 0 0 0 81 0 0 198 231 
9606.ENSP00000376432 9606.ENSP00000372056 0 0 0 61 0 0 267 282 
9606.ENSP00000376432 9606.ENSP00000378920 0 0 0 263 0 0 334 488 
9606.ENSP00000376432 9606.ENSP00000324464 0 0 0 0 0 0 193 193 
9606.ENSP00000376432 9606.ENSP00000265074 0 0 0 0 0 0 161 161 
9606.ENSP00000376432 9606.ENSP00000419313 0 0 0 0 0 0 186 186 
9606.ENSP00000376432 9606.ENSP00000442053 0 0 0 0 0 0 353 353 
9606.ENSP00000376432 9606.ENSP00000410402 0 0 0 0 0 0 250 250 
9606.ENSP00000376432 9606.ENSP00000320949 0 0 0 0 0 0 202 202 
9606.ENSP00000376432 9606.ENSP00000340913 0 0 0 0 0 0 206 206 
9606.ENSP00000376432 9606.ENSP00000298912 0 0 0 0 52 0 255 264 
9606.ENSP00000376432 9606.ENSP00000381302 0 0 0 0 0 0 502 502 
9606.ENSP00000376432 9606.ENSP00000280684 0 0 0 0 0 0 211 211 
9606.ENSP00000376432 9606.ENSP00000264414 0 0 0 61 0 0 310 324 
9606.ENSP00000376432 9606.ENSP00000363023 0 0 0 0 144 0 62 162 
9606.ENSP00000376432 9606.ENSP00000283254 0 0 0 0 75 0 159 188 
9606.ENSP00000376432 9606.ENSP00000405676 0 0 0 0 0 0 165 165 
9606.ENSP00000376432 9606.ENSP00000271751 0 0 0 0 0 0 183 183 
9606.ENSP00000376432 9606.ENSP00000228468 0 0 0 0 0 0 234 234 
9606.ENSP00000376432 9606.ENSP00000392043 0 0 0 61 0 0 269 284 
9606.ENSP00000376432 9606.ENSP00000357060 0 0 0 61 0 0 229 245 
9606.ENSP00000376432 9606.ENSP00000284637 0 0 0 0 379 0 213 490 
9606.ENSP00000376432 9606.ENSP00000424827 0 0 0 0 0 0 169 169 
9606.ENSP00000376432 9606.ENSP00000371572 0 0 0 217 0 0 0 217 
9606.ENSP00000376432 9606.ENSP00000346534 0 0 0 0 75 0 134 165 
9606.ENSP00000376432 9606.ENSP00000274629 0 0 0 0 0 0 207 207 
9606.ENSP00000376432 9606.ENSP00000371348 0 0 0 0 0 0 268 268 
9606.ENSP00000376432 9606.ENSP00000400312 0 0 0 0 0 0 167 167 
9606.ENSP00000376432 9606.ENSP00000282878 0 0 0 0 0 0 158 158 
9606.ENSP00000376432 9606.ENSP00000320378 0 0 0 62 0 0 151 170 
9606.ENSP00000376432 9606.ENSP00000365256 0 0 0 63 0 0 557 567 
9606.ENSP00000376432 9606.ENSP00000441197 0 0 0 174 0 0 328 421 
9606.ENSP00000376432 9606.ENSP00000296736 0 0 0 0 0 0 171 171 
9606.ENSP00000376432 9606.ENSP00000260649 0 0 0 49 0 0 201 207 
9606.ENSP00000376432 9606.ENSP00000262418 0 0 0 0 0 0 199 199 
9606.ENSP00000376432 9606.ENSP00000364405 0 0 0 0 0 0 238 238 
9606.ENSP00000376432 9606.ENSP00000481878 0 0 0 0 323 0 219 448 
9606.ENSP00000376432 9606.ENSP00000264436 0 0 0 0 0 0 246 246 
9606.ENSP00000376432 9606.ENSP00000356825 0 0 0 0 0 0 217 217 
9606.ENSP00000376432 9606.ENSP00000366797 0 0 0 66 0 0 191 213 
9606.ENSP00000376432 9606.ENSP00000360312 0 0 0 55 0 0 805 808 
9606.ENSP00000376432 9606.ENSP00000365362 0 0 0 0 0 0 187 187 
9606.ENSP00000376432 9606.ENSP00000416418 0 0 0 0 0 0 207 207 
9606.ENSP00000376432 9606.ENSP00000155840 0 0 0 66 0 0 531 544 
9606.ENSP00000376432 9606.ENSP00000369027 0 0 0 0 0 0 167 167 
9606.ENSP00000376432 9606.ENSP00000367081 0 0 0 0 0 0 195 195 
9606.ENSP00000376432 9606.ENSP00000358786 0 0 0 0 0 0 227 227 
9606.ENSP00000376432 9606.ENSP00000464265 0 0 0 0 189 0 0 189 
9606.ENSP00000376432 9606.ENSP00000320025 0 0 0 0 0 0 218 218 
9606.ENSP00000376432 9606.ENSP00000222254 0 0 0 0 157 0 42 157 
9606.ENSP00000376432 9606.ENSP00000451406 0 0 0 0 0 0 190 190 
9606.ENSP00000376432 9606.ENSP00000288014 0 0 0 0 0 0 309 309 
9606.ENSP00000376432 9606.ENSP00000306275 0 0 0 0 0 0 368 368 
9606.ENSP00000376432 9606.ENSP00000319591 0 0 0 0 0 0 304 304 
9606.ENSP00000376432 9606.ENSP00000311165 0 0 0 0 0 0 376 376 
9606.ENSP00000376432 9606.ENSP00000410257 0 0 0 0 75 0 415 435 
9606.ENSP00000376432 9606.ENSP00000299164 0 0 0 0 0 0 161 161 
9606.ENSP00000376432 9606.ENSP00000316377 0 0 0 0 164 0 101 216 
9606.ENSP00000376432 9606.ENSP00000354490 0 0 0 61 0 0 151 169 
9606.ENSP00000376432 9606.ENSP00000286808 0 0 0 63 0 0 230 248 
9606.ENSP00000376432 9606.ENSP00000480059 0 0 0 0 156 0 0 156 
9606.ENSP00000376432 9606.ENSP00000359685 0 0 0 0 0 0 150 150 
9606.ENSP00000376432 9606.ENSP00000292427 0 0 0 0 0 0 209 209 
9606.ENSP00000376432 9606.ENSP00000419325 0 0 0 0 0 0 213 213 
9606.ENSP00000376432 9606.ENSP00000300061 0 0 0 62 0 0 456 468 
9606.ENSP00000376432 9606.ENSP00000406191 0 0 0 0 0 0 349 349 
9606.ENSP00000376432 9606.ENSP00000211998 0 0 0 0 0 0 215 215 
9606.ENSP00000376432 9606.ENSP00000329757 0 0 0 0 0 0 178 178 
9606.ENSP00000376432 9606.ENSP00000342952 0 0 0 0 0 0 233 233 
9606.ENSP00000376432 9606.ENSP00000327943 0 0 0 62 0 0 576 585 
9606.ENSP00000376432 9606.ENSP00000262916 0 0 0 0 0 0 366 366 
9606.ENSP00000376432 9606.ENSP00000309741 0 0 0 0 0 0 164 164 
9606.ENSP00000376432 9606.ENSP00000482393 0 0 0 0 0 0 227 227 
9606.ENSP00000376432 9606.ENSP00000444688 0 0 0 61 0 0 245 261 
9606.ENSP00000376432 9606.ENSP00000310305 0 0 0 0 0 0 153 153 
9606.ENSP00000376432 9606.ENSP00000266088 0 0 0 55 0 0 435 443 
9606.ENSP00000376432 9606.ENSP00000386306 0 0 0 0 75 0 214 241 
9606.ENSP00000376432 9606.ENSP00000261187 0 0 0 0 0 0 490 490 
9606.ENSP00000376432 9606.ENSP00000460236 0 0 0 0 0 0 237 237 
9606.ENSP00000376432 9606.ENSP00000337335 0 0 0 97 0 0 188 235 
9606.ENSP00000376432 9606.ENSP00000339260 0 0 0 0 0 0 256 256 
9606.ENSP00000376432 9606.ENSP00000480443 0 0 0 0 0 0 204 204 
9606.ENSP00000376432 9606.ENSP00000393776 0 0 0 0 0 0 159 159 
9606.ENSP00000376432 9606.ENSP00000267101 0 0 0 0 0 0 190 190 
9606.ENSP00000376432 9606.ENSP00000262741 0 0 0 0 157 0 42 157 
9606.ENSP00000376432 9606.ENSP00000357669 0 0 0 0 0 0 325 325 
9606.ENSP00000376432 9606.ENSP00000263277 0 0 0 0 0 0 178 178 
9606.ENSP00000376432 9606.ENSP00000360973 0 0 0 0 0 0 445 445 
9606.ENSP00000376432 9606.ENSP00000346112 0 0 0 0 0 0 339 339 
9606.ENSP00000376432 9606.ENSP00000451162 0 0 0 0 0 0 232 232 
9606.ENSP00000376432 9606.ENSP00000345751 0 0 0 0 0 0 462 462 
9606.ENSP00000376432 9606.ENSP00000428056 0 0 0 0 157 0 66 178 
9606.ENSP00000376432 9606.ENSP00000384763 0 0 0 0 0 0 386 386 
9606.ENSP00000376432 9606.ENSP00000281830 0 0 0 0 0 0 187 187 
9606.ENSP00000376432 9606.ENSP00000475068 0 0 0 0 0 0 312 312 
9606.ENSP00000376432 9606.ENSP00000479669 0 0 0 62 0 0 226 243 
9606.ENSP00000376432 9606.ENSP00000356481 0 0 0 0 0 0 227 227 
9606.ENSP00000376432 9606.ENSP00000290866 0 0 0 64 0 0 233 251 
9606.ENSP00000376432 9606.ENSP00000396320 0 0 0 62 75 0 233 276 
9606.ENSP00000376432 9606.ENSP00000393557 0 0 0 0 0 0 418 418 
9606.ENSP00000376432 9606.ENSP00000272641 0 0 0 49 0 0 154 161 
9606.ENSP00000376432 9606.ENSP00000434480 0 0 0 0 0 0 160 160 
9606.ENSP00000376432 9606.ENSP00000372193 0 0 0 50 0 0 276 283 
9606.ENSP00000376432 9606.ENSP00000358784 0 0 0 65 0 0 530 541 
9606.ENSP00000376432 9606.ENSP00000330694 0 0 0 0 0 0 448 448 
9606.ENSP00000376432 9606.ENSP00000411152 0 0 0 0 0 0 167 167 
9606.ENSP00000376432 9606.ENSP00000380553 0 0 0 0 0 0 166 166 
9606.ENSP00000376432 9606.ENSP00000358802 0 0 0 0 0 0 331 331 
9606.ENSP00000376432 9606.ENSP00000316786 0 0 0 0 0 0 250 250 
9606.ENSP00000376432 9606.ENSP00000408005 0 0 0 0 301 0 529 657 
9606.ENSP00000376432 9606.ENSP00000340465 0 0 0 0 0 0 173 173 
