9606.ENSP00000368305 9606.ENSP00000432695 0 0 0 50 264 0 0 270 
9606.ENSP00000368305 9606.ENSP00000424176 0 0 0 0 181 0 0 181 
9606.ENSP00000368305 9606.ENSP00000442318 0 0 0 0 0 0 175 175 
9606.ENSP00000368305 9606.ENSP00000392411 0 0 0 0 0 0 226 226 
9606.ENSP00000368305 9606.ENSP00000454340 0 0 0 63 0 0 173 191 
9606.ENSP00000368305 9606.ENSP00000297991 51 0 0 111 52 0 87 172 
9606.ENSP00000368305 9606.ENSP00000387318 0 0 0 61 0 0 212 228 
9606.ENSP00000368305 9606.ENSP00000369014 0 0 0 0 0 0 188 188 
9606.ENSP00000368305 9606.ENSP00000365131 0 0 0 0 0 0 441 441 
9606.ENSP00000368305 9606.ENSP00000371253 130 0 0 63 0 0 405 472 
9606.ENSP00000368305 9606.ENSP00000284116 0 0 0 0 0 0 158 158 
9606.ENSP00000368305 9606.ENSP00000310572 51 0 0 122 0 0 90 175 
9606.ENSP00000368305 9606.ENSP00000263512 0 0 0 0 0 0 371 371 
9606.ENSP00000368305 9606.ENSP00000319192 0 0 0 62 0 0 189 207 
9606.ENSP00000368305 9606.ENSP00000399457 0 0 0 64 0 0 162 182 
9606.ENSP00000368305 9606.ENSP00000373783 0 0 0 0 0 0 159 159 
9606.ENSP00000368305 9606.ENSP00000452793 0 0 0 0 0 0 323 323 
9606.ENSP00000368305 9606.ENSP00000330442 0 0 0 0 0 900 0 900 
9606.ENSP00000368305 9606.ENSP00000205890 0 0 0 0 124 0 101 178 
9606.ENSP00000368305 9606.ENSP00000285930 0 0 0 63 0 0 266 282 
9606.ENSP00000368305 9606.ENSP00000469647 0 0 0 79 0 0 181 213 
9606.ENSP00000368305 9606.ENSP00000339976 0 0 0 0 0 0 266 266 
9606.ENSP00000368305 9606.ENSP00000362110 0 0 0 0 0 0 188 188 
9606.ENSP00000368305 9606.ENSP00000378699 0 0 0 58 186 0 203 335 
9606.ENSP00000368305 9606.ENSP00000342793 68 0 0 108 0 0 383 442 
9606.ENSP00000368305 9606.ENSP00000229266 0 0 0 0 0 0 593 593 
9606.ENSP00000368305 9606.ENSP00000361982 69 0 0 0 0 0 138 163 
9606.ENSP00000368305 9606.ENSP00000444136 0 0 0 0 70 0 128 154 
9606.ENSP00000368305 9606.ENSP00000387426 0 0 0 62 185 0 0 202 
9606.ENSP00000368305 9606.ENSP00000267436 111 0 0 0 0 0 125 188 
9606.ENSP00000368305 9606.ENSP00000299413 0 0 0 0 0 0 311 311 
9606.ENSP00000368305 9606.ENSP00000375881 55 0 0 65 0 0 228 258 
9606.ENSP00000368305 9606.ENSP00000318016 0 0 0 0 0 0 445 445 
9606.ENSP00000368305 9606.ENSP00000371634 0 0 0 0 0 0 280 280 
9606.ENSP00000368305 9606.ENSP00000381266 0 0 0 0 0 0 270 270 
9606.ENSP00000368305 9606.ENSP00000388402 0 0 0 62 0 0 186 203 
9606.ENSP00000368305 9606.ENSP00000265276 0 0 0 0 0 0 225 225 
9606.ENSP00000368305 9606.ENSP00000422607 46 0 0 0 141 0 62 164 
9606.ENSP00000368305 9606.ENSP00000397566 0 0 0 0 0 0 193 193 
9606.ENSP00000368305 9606.ENSP00000383611 0 0 0 0 0 0 487 487 
9606.ENSP00000368305 9606.ENSP00000359096 51 0 0 61 157 0 67 205 
9606.ENSP00000368305 9606.ENSP00000355964 44 0 0 0 0 0 203 205 
9606.ENSP00000368305 9606.ENSP00000389588 0 0 0 0 0 0 300 300 
9606.ENSP00000368305 9606.ENSP00000330484 51 0 0 61 157 0 67 205 
9606.ENSP00000368305 9606.ENSP00000391211 51 0 0 122 0 0 90 175 
9606.ENSP00000368305 9606.ENSP00000468040 0 0 0 0 181 0 0 181 
9606.ENSP00000368305 9606.ENSP00000467141 0 0 0 0 163 0 0 163 
9606.ENSP00000368305 9606.ENSP00000462701 0 0 0 0 0 0 169 169 
9606.ENSP00000368305 9606.ENSP00000418754 0 0 0 0 163 0 0 163 
9606.ENSP00000368305 9606.ENSP00000481762 0 0 0 0 0 0 589 589 
9606.ENSP00000368305 9606.ENSP00000368140 52 0 0 0 189 0 306 419 
9606.ENSP00000368305 9606.ENSP00000372199 0 0 0 0 0 0 324 324 
9606.ENSP00000368305 9606.ENSP00000358035 0 0 0 0 185 0 0 185 
9606.ENSP00000368305 9606.ENSP00000381605 0 0 0 0 0 0 226 226 
9606.ENSP00000368305 9606.ENSP00000194130 0 0 0 0 0 0 226 226 
9606.ENSP00000368305 9606.ENSP00000394734 0 0 0 90 0 0 131 175 
9606.ENSP00000368305 9606.ENSP00000282292 0 0 0 0 0 0 403 403 
9606.ENSP00000368305 9606.ENSP00000311609 0 0 0 51 0 0 256 264 
9606.ENSP00000368305 9606.ENSP00000376872 0 0 0 0 82 0 296 326 
9606.ENSP00000368305 9606.ENSP00000282728 0 0 0 0 0 0 218 218 
9606.ENSP00000368305 9606.ENSP00000320337 0 0 0 0 0 0 511 511 
9606.ENSP00000368305 9606.ENSP00000056217 0 0 0 62 0 0 139 157 
9606.ENSP00000368305 9606.ENSP00000294724 0 0 0 64 0 0 414 428 
9606.ENSP00000368305 9606.ENSP00000435926 0 0 0 51 0 0 148 157 
9606.ENSP00000368305 9606.ENSP00000363118 0 0 0 61 0 0 151 168 
9606.ENSP00000368305 9606.ENSP00000336775 0 0 0 0 0 0 236 236 
9606.ENSP00000368305 9606.ENSP00000255389 0 0 0 0 0 0 232 232 
9606.ENSP00000368305 9606.ENSP00000265132 0 0 0 0 181 0 0 181 
9606.ENSP00000368305 9606.ENSP00000322300 0 0 0 50 0 0 313 319 
9606.ENSP00000368305 9606.ENSP00000485525 76 0 0 0 0 0 127 158 
9606.ENSP00000368305 9606.ENSP00000290765 0 0 0 64 0 0 208 227 
9606.ENSP00000368305 9606.ENSP00000370443 0 0 0 0 185 0 0 185 
9606.ENSP00000368305 9606.ENSP00000281047 0 0 0 0 0 0 236 236 
9606.ENSP00000368305 9606.ENSP00000478458 0 0 0 0 156 0 0 156 
9606.ENSP00000368305 9606.ENSP00000339787 46 0 0 0 141 0 86 185 
9606.ENSP00000368305 9606.ENSP00000367880 0 0 0 64 0 0 225 243 
9606.ENSP00000368305 9606.ENSP00000414019 0 0 0 0 0 0 356 356 
9606.ENSP00000368305 9606.ENSP00000226319 0 0 0 0 0 0 179 179 
9606.ENSP00000368305 9606.ENSP00000304286 0 0 0 0 0 0 204 204 
9606.ENSP00000368305 9606.ENSP00000200652 0 0 0 0 0 0 163 163 
9606.ENSP00000368305 9606.ENSP00000411532 0 0 0 61 0 0 160 178 
9606.ENSP00000368305 9606.ENSP00000296518 0 0 0 62 142 0 57 174 
9606.ENSP00000368305 9606.ENSP00000259711 0 0 0 63 0 0 145 165 
9606.ENSP00000368305 9606.ENSP00000364028 0 0 0 0 0 0 187 187 
9606.ENSP00000368305 9606.ENSP00000362817 0 0 0 0 0 0 165 165 
9606.ENSP00000368305 9606.ENSP00000309474 0 0 0 63 0 0 170 189 
9606.ENSP00000368305 9606.ENSP00000426638 0 0 0 0 0 0 154 154 
9606.ENSP00000368305 9606.ENSP00000397908 0 0 0 63 0 0 227 244 
9606.ENSP00000368305 9606.ENSP00000342026 0 0 0 0 189 0 115 251 
9606.ENSP00000368305 9606.ENSP00000219789 52 0 0 0 189 0 72 224 
9606.ENSP00000368305 9606.ENSP00000296452 0 0 0 0 0 0 159 159 
9606.ENSP00000368305 9606.ENSP00000369989 51 0 0 122 0 0 90 175 
9606.ENSP00000368305 9606.ENSP00000387164 0 0 0 49 0 0 240 246 
9606.ENSP00000368305 9606.ENSP00000347277 0 0 0 0 0 0 286 286 
9606.ENSP00000368305 9606.ENSP00000356191 0 0 0 0 0 0 292 292 
9606.ENSP00000368305 9606.ENSP00000289416 42 0 0 0 0 0 158 159 
9606.ENSP00000368305 9606.ENSP00000396452 120 0 0 63 0 0 153 240 
9606.ENSP00000368305 9606.ENSP00000307900 76 0 0 62 0 0 116 166 
9606.ENSP00000368305 9606.ENSP00000295463 55 0 0 65 0 0 228 258 
9606.ENSP00000368305 9606.ENSP00000338173 0 0 0 64 0 0 161 181 
9606.ENSP00000368305 9606.ENSP00000345395 0 0 0 0 268 0 0 268 
9606.ENSP00000368305 9606.ENSP00000306817 76 0 0 64 0 0 109 162 
9606.ENSP00000368305 9606.ENSP00000300107 110 0 0 63 0 0 83 168 
9606.ENSP00000368305 9606.ENSP00000297282 0 0 0 0 0 0 226 226 
9606.ENSP00000368305 9606.ENSP00000416534 0 0 0 77 0 0 235 263 
9606.ENSP00000368305 9606.ENSP00000457991 0 0 0 62 265 0 68 301 
9606.ENSP00000368305 9606.ENSP00000339992 0 0 0 61 0 0 132 150 
9606.ENSP00000368305 9606.ENSP00000362273 68 0 0 0 0 0 314 334 
9606.ENSP00000368305 9606.ENSP00000234827 0 0 0 61 0 0 385 397 
9606.ENSP00000368305 9606.ENSP00000332656 0 0 0 64 0 0 150 171 
9606.ENSP00000368305 9606.ENSP00000312286 0 0 0 0 0 0 344 344 
9606.ENSP00000368305 9606.ENSP00000343867 50 0 0 0 412 0 128 470 
9606.ENSP00000368305 9606.ENSP00000365908 0 0 0 63 0 0 253 270 
9606.ENSP00000368305 9606.ENSP00000356436 0 0 0 66 0 0 150 172 
9606.ENSP00000368305 9606.ENSP00000430269 154 0 0 61 0 0 109 230 
9606.ENSP00000368305 9606.ENSP00000368908 0 0 0 0 0 0 266 266 
9606.ENSP00000368305 9606.ENSP00000482907 0 0 0 0 0 0 225 225 
9606.ENSP00000368305 9606.ENSP00000356562 0 0 0 58 0 0 593 600 
9606.ENSP00000368305 9606.ENSP00000298910 46 0 0 96 265 0 86 343 
9606.ENSP00000368305 9606.ENSP00000257979 51 0 0 111 52 0 87 172 
9606.ENSP00000368305 9606.ENSP00000217026 0 0 0 61 0 0 132 150 
9606.ENSP00000368305 9606.ENSP00000328405 0 0 0 63 0 0 165 184 
9606.ENSP00000368305 9606.ENSP00000298545 0 0 0 51 0 0 269 276 
9606.ENSP00000368305 9606.ENSP00000361735 0 0 0 0 181 0 0 181 
9606.ENSP00000368305 9606.ENSP00000260264 0 0 0 0 0 0 426 426 
9606.ENSP00000368305 9606.ENSP00000230048 0 0 0 0 0 0 524 524 
9606.ENSP00000368305 9606.ENSP00000265351 0 0 0 77 0 0 166 197 
9606.ENSP00000368305 9606.ENSP00000353600 0 0 0 0 0 0 363 363 
9606.ENSP00000368305 9606.ENSP00000201647 0 0 0 0 167 0 0 167 
9606.ENSP00000368305 9606.ENSP00000479526 0 0 0 0 0 0 341 341 
9606.ENSP00000368305 9606.ENSP00000365950 0 0 0 0 0 0 349 349 
9606.ENSP00000368305 9606.ENSP00000370543 44 0 0 0 0 0 214 216 
9606.ENSP00000368305 9606.ENSP00000217428 0 0 0 0 181 0 0 181 
9606.ENSP00000368305 9606.ENSP00000254854 0 0 0 62 142 0 57 174 
9606.ENSP00000368305 9606.ENSP00000279058 0 0 0 0 181 0 0 181 
9606.ENSP00000368305 9606.ENSP00000370736 0 0 0 0 0 0 353 353 
9606.ENSP00000368305 9606.ENSP00000295926 0 0 0 65 0 0 181 201 
9606.ENSP00000368305 9606.ENSP00000378360 46 0 0 56 0 0 175 192 
9606.ENSP00000368305 9606.ENSP00000372410 0 0 0 0 0 0 203 203 
9606.ENSP00000368305 9606.ENSP00000310006 0 0 0 61 0 0 298 312 
9606.ENSP00000368305 9606.ENSP00000400887 0 0 0 0 0 0 225 225 
9606.ENSP00000368305 9606.ENSP00000351430 0 0 0 0 0 0 315 315 
9606.ENSP00000368305 9606.ENSP00000423665 0 0 0 58 186 0 203 335 
9606.ENSP00000368305 9606.ENSP00000317872 0 0 0 0 0 0 456 456 
9606.ENSP00000368305 9606.ENSP00000398861 0 0 0 0 0 0 203 203 
9606.ENSP00000368305 9606.ENSP00000365961 0 0 0 0 0 0 269 269 
9606.ENSP00000368305 9606.ENSP00000259486 0 0 0 64 0 0 405 419 
9606.ENSP00000368305 9606.ENSP00000367028 0 0 0 0 0 0 152 152 
9606.ENSP00000368305 9606.ENSP00000356150 0 0 0 0 0 0 176 176 
9606.ENSP00000368305 9606.ENSP00000360431 0 0 0 0 156 0 0 156 
9606.ENSP00000368305 9606.ENSP00000310205 0 0 0 0 165 0 55 177 
9606.ENSP00000368305 9606.ENSP00000267584 0 0 0 51 0 0 220 228 
9606.ENSP00000368305 9606.ENSP00000222543 0 0 0 0 181 0 0 181 
9606.ENSP00000368305 9606.ENSP00000219431 0 0 0 0 0 0 173 173 
9606.ENSP00000368305 9606.ENSP00000281543 120 0 0 63 0 0 136 225 
9606.ENSP00000368305 9606.ENSP00000434516 45 0 0 135 0 0 99 190 
9606.ENSP00000368305 9606.ENSP00000358812 59 0 0 62 0 0 127 162 
9606.ENSP00000368305 9606.ENSP00000384400 0 0 0 62 0 900 456 944 
9606.ENSP00000368305 9606.ENSP00000281474 0 0 0 0 0 0 214 214 
9606.ENSP00000368305 9606.ENSP00000360262 51 0 0 122 0 0 131 212 
9606.ENSP00000368305 9606.ENSP00000415203 0 0 0 64 0 0 225 243 
9606.ENSP00000368305 9606.ENSP00000225519 51 0 0 122 0 0 90 175 
9606.ENSP00000368305 9606.ENSP00000357047 0 0 0 0 0 0 165 165 
9606.ENSP00000368305 9606.ENSP00000320043 50 0 0 0 0 900 212 918 
9606.ENSP00000368305 9606.ENSP00000297988 51 0 0 111 52 0 87 172 
9606.ENSP00000368305 9606.ENSP00000383256 0 0 0 62 185 0 0 202 
9606.ENSP00000368305 9606.ENSP00000356381 51 0 0 122 0 0 90 175 
9606.ENSP00000368305 9606.ENSP00000322924 0 0 0 0 0 0 167 167 
9606.ENSP00000368305 9606.ENSP00000470034 0 0 0 0 0 0 208 208 
9606.ENSP00000368305 9606.ENSP00000217455 75 0 0 0 0 0 268 293 
9606.ENSP00000368305 9606.ENSP00000342098 0 0 0 0 181 0 0 181 
9606.ENSP00000368305 9606.ENSP00000381473 0 0 0 0 0 0 231 231 
9606.ENSP00000368305 9606.ENSP00000407323 0 0 0 0 0 0 197 197 
9606.ENSP00000368305 9606.ENSP00000269187 42 0 0 62 0 0 160 179 
9606.ENSP00000368305 9606.ENSP00000407509 0 0 0 64 0 900 428 941 
9606.ENSP00000368305 9606.ENSP00000367197 0 0 0 0 0 0 187 187 
9606.ENSP00000368305 9606.ENSP00000227868 45 0 0 61 0 0 130 151 
9606.ENSP00000368305 9606.ENSP00000257905 0 0 0 0 0 0 234 234 
9606.ENSP00000368305 9606.ENSP00000247665 0 0 0 0 0 0 213 213 
9606.ENSP00000368305 9606.ENSP00000387123 45 0 0 61 0 0 313 330 
9606.ENSP00000368305 9606.ENSP00000318690 0 0 0 0 0 0 218 218 
9606.ENSP00000368305 9606.ENSP00000382595 110 0 0 0 0 0 133 195 
9606.ENSP00000368305 9606.ENSP00000378743 0 0 0 51 0 0 307 315 
9606.ENSP00000368305 9606.ENSP00000264029 0 0 0 151 0 0 0 151 
9606.ENSP00000368305 9606.ENSP00000233156 0 0 0 0 181 0 0 181 
9606.ENSP00000368305 9606.ENSP00000279027 0 0 0 0 0 0 226 226 
9606.ENSP00000368305 9606.ENSP00000361140 0 0 0 63 0 0 632 640 
9606.ENSP00000368305 9606.ENSP00000302790 0 0 0 77 0 0 166 197 
9606.ENSP00000368305 9606.ENSP00000363001 0 0 0 0 0 0 173 173 
9606.ENSP00000368305 9606.ENSP00000296575 0 0 0 0 181 0 0 181 
9606.ENSP00000368305 9606.ENSP00000306991 0 0 0 61 0 0 169 186 
9606.ENSP00000368305 9606.ENSP00000286355 0 0 0 62 142 0 57 174 
9606.ENSP00000368305 9606.ENSP00000266970 0 0 0 58 186 0 203 335 
9606.ENSP00000368305 9606.ENSP00000345873 0 0 0 64 0 0 194 213 
9606.ENSP00000368305 9606.ENSP00000363046 0 0 0 0 0 0 203 203 
9606.ENSP00000368305 9606.ENSP00000272286 0 0 0 0 0 0 187 187 
9606.ENSP00000368305 9606.ENSP00000378897 0 0 0 61 0 0 151 168 
9606.ENSP00000368305 9606.ENSP00000264784 0 0 0 53 0 0 172 182 
9606.ENSP00000368305 9606.ENSP00000406472 0 0 0 58 186 0 203 335 
9606.ENSP00000368305 9606.ENSP00000433295 0 0 0 0 0 0 177 177 
9606.ENSP00000368305 9606.ENSP00000269214 0 0 0 61 0 0 187 204 
9606.ENSP00000368305 9606.ENSP00000355920 0 0 0 0 0 0 168 168 
9606.ENSP00000368305 9606.ENSP00000401720 51 0 0 122 0 0 90 175 
9606.ENSP00000368305 9606.ENSP00000357345 0 0 0 67 0 0 131 154 
9606.ENSP00000368305 9606.ENSP00000315569 60 0 0 61 0 0 198 230 
9606.ENSP00000368305 9606.ENSP00000294016 0 0 0 62 142 0 57 174 
9606.ENSP00000368305 9606.ENSP00000265689 0 0 0 62 0 900 612 960 
9606.ENSP00000368305 9606.ENSP00000367747 0 0 0 0 156 0 0 156 
9606.ENSP00000368305 9606.ENSP00000381140 44 0 0 0 0 0 203 205 
9606.ENSP00000368305 9606.ENSP00000287394 51 0 0 122 0 0 90 175 
9606.ENSP00000368305 9606.ENSP00000288955 0 0 0 0 0 0 282 282 
9606.ENSP00000368305 9606.ENSP00000381053 0 0 0 0 0 0 187 187 
9606.ENSP00000368305 9606.ENSP00000407726 0 0 0 0 0 0 261 261 
9606.ENSP00000368305 9606.ENSP00000301244 0 0 0 0 181 0 0 181 
9606.ENSP00000368305 9606.ENSP00000329471 0 0 0 0 0 0 197 197 
9606.ENSP00000368305 9606.ENSP00000357048 0 0 0 0 185 0 56 197 
9606.ENSP00000368305 9606.ENSP00000260600 0 0 0 62 142 0 57 174 
9606.ENSP00000368305 9606.ENSP00000257904 0 0 0 58 186 0 203 335 
9606.ENSP00000368305 9606.ENSP00000469836 0 0 0 63 0 0 173 191 
9606.ENSP00000368305 9606.ENSP00000396704 0 0 0 61 0 0 140 157 
9606.ENSP00000368305 9606.ENSP00000318646 0 0 0 0 0 0 167 167 
9606.ENSP00000368305 9606.ENSP00000229729 0 0 0 0 0 0 155 155 
9606.ENSP00000368305 9606.ENSP00000323047 0 0 0 0 52 0 155 164 
9606.ENSP00000368305 9606.ENSP00000293599 51 0 0 111 52 0 87 172 
9606.ENSP00000368305 9606.ENSP00000430000 0 0 0 0 0 0 341 341 
9606.ENSP00000368305 9606.ENSP00000381034 0 0 0 0 0 0 173 173 
9606.ENSP00000368305 9606.ENSP00000361562 0 0 0 49 0 0 148 155 
9606.ENSP00000368305 9606.ENSP00000451998 0 0 0 0 0 0 167 167 
9606.ENSP00000368305 9606.ENSP00000302938 0 0 0 0 181 0 0 181 
9606.ENSP00000368305 9606.ENSP00000219660 51 0 0 111 52 0 87 172 
9606.ENSP00000368305 9606.ENSP00000199280 51 0 0 111 52 0 87 172 
9606.ENSP00000368305 9606.ENSP00000363638 50 0 0 0 0 900 244 921 
9606.ENSP00000368305 9606.ENSP00000351644 111 0 0 105 0 0 50 178 
9606.ENSP00000368305 9606.ENSP00000351706 51 0 0 122 0 0 90 175 
9606.ENSP00000368305 9606.ENSP00000339435 59 0 0 0 0 0 134 150 
9606.ENSP00000368305 9606.ENSP00000485357 0 0 0 0 262 0 0 262 
9606.ENSP00000368305 9606.ENSP00000368100 0 0 0 63 0 0 154 173 
9606.ENSP00000368305 9606.ENSP00000360149 0 0 0 62 0 0 350 365 
9606.ENSP00000368305 9606.ENSP00000308236 0 0 0 0 0 0 161 161 
9606.ENSP00000368305 9606.ENSP00000286070 0 0 0 62 0 0 202 219 
9606.ENSP00000368305 9606.ENSP00000334330 0 0 0 0 0 0 250 250 
9606.ENSP00000368305 9606.ENSP00000262764 68 0 0 64 0 0 122 167 
9606.ENSP00000368305 9606.ENSP00000085219 0 0 0 0 163 0 0 163 
9606.ENSP00000368305 9606.ENSP00000339867 44 0 0 61 0 0 182 201 
9606.ENSP00000368305 9606.ENSP00000429633 0 0 0 61 0 0 132 150 
9606.ENSP00000368305 9606.ENSP00000341083 0 0 0 62 142 0 57 174 
9606.ENSP00000368305 9606.ENSP00000384863 0 0 0 77 0 0 166 197 
9606.ENSP00000368305 9606.ENSP00000473233 0 0 0 62 0 0 132 151 
9606.ENSP00000368305 9606.ENSP00000406220 0 0 0 0 0 0 226 226 
9606.ENSP00000368305 9606.ENSP00000301464 0 0 0 0 0 0 156 156 
9606.ENSP00000368305 9606.ENSP00000337972 0 0 0 0 0 0 691 691 
9606.ENSP00000368305 9606.ENSP00000481920 0 0 0 0 0 0 187 187 
9606.ENSP00000368305 9606.ENSP00000438284 0 0 0 0 0 0 153 153 
9606.ENSP00000368305 9606.ENSP00000409738 0 0 0 64 0 0 279 296 
9606.ENSP00000368305 9606.ENSP00000410561 0 0 0 58 186 0 203 335 
9606.ENSP00000368305 9606.ENSP00000203001 0 0 0 0 0 0 226 226 
9606.ENSP00000368305 9606.ENSP00000321259 111 0 0 62 0 0 167 244 
9606.ENSP00000368305 9606.ENSP00000262719 0 0 0 62 265 0 57 293 
9606.ENSP00000368305 9606.ENSP00000368566 46 0 0 0 141 0 62 164 
9606.ENSP00000368305 9606.ENSP00000322457 0 0 0 64 261 0 0 278 
9606.ENSP00000368305 9606.ENSP00000261170 0 0 0 62 142 0 57 174 
9606.ENSP00000368305 9606.ENSP00000310551 44 0 0 0 0 0 203 205 
9606.ENSP00000368305 9606.ENSP00000251775 0 0 0 0 0 0 197 197 
9606.ENSP00000368305 9606.ENSP00000276052 0 0 0 58 186 0 203 335 
9606.ENSP00000368305 9606.ENSP00000369162 0 0 0 0 0 0 308 308 
9606.ENSP00000368305 9606.ENSP00000417748 0 0 0 0 165 0 55 177 
9606.ENSP00000368305 9606.ENSP00000368646 0 0 0 61 189 0 0 205 
9606.ENSP00000368305 9606.ENSP00000317177 68 0 0 64 0 0 122 167 
9606.ENSP00000368305 9606.ENSP00000362463 44 0 0 98 0 0 106 161 
9606.ENSP00000368305 9606.ENSP00000242719 0 0 0 55 0 0 164 176 
9606.ENSP00000368305 9606.ENSP00000314036 44 0 0 0 0 0 203 205 
9606.ENSP00000368305 9606.ENSP00000301522 0 0 0 62 189 0 0 206 
9606.ENSP00000368305 9606.ENSP00000369921 0 0 0 0 185 0 0 185 
9606.ENSP00000368305 9606.ENSP00000258873 46 0 0 0 141 0 62 164 
9606.ENSP00000368305 9606.ENSP00000264047 44 0 0 0 0 0 347 349 
9606.ENSP00000368305 9606.ENSP00000350012 46 0 0 0 141 0 86 185 
9606.ENSP00000368305 9606.ENSP00000367123 51 0 0 61 157 0 67 205 
9606.ENSP00000368305 9606.ENSP00000301329 44 0 0 98 0 0 106 161 
9606.ENSP00000368305 9606.ENSP00000348429 46 0 0 0 141 0 62 164 
9606.ENSP00000368305 9606.ENSP00000296679 0 0 0 0 0 0 267 267 
9606.ENSP00000368305 9606.ENSP00000421280 0 0 0 0 124 0 116 193 
9606.ENSP00000368305 9606.ENSP00000341141 0 0 0 0 163 0 0 163 
9606.ENSP00000368305 9606.ENSP00000275227 0 0 0 0 0 0 311 311 
9606.ENSP00000368305 9606.ENSP00000337746 0 0 0 63 0 0 141 160 
9606.ENSP00000368305 9606.ENSP00000371936 0 0 0 0 0 0 158 158 
9606.ENSP00000368305 9606.ENSP00000369383 0 0 0 63 0 0 173 191 
9606.ENSP00000368305 9606.ENSP00000243903 0 0 0 0 0 0 223 223 
9606.ENSP00000368305 9606.ENSP00000335281 0 0 0 0 0 0 250 250 
9606.ENSP00000368305 9606.ENSP00000352673 0 0 0 0 0 0 266 266 
9606.ENSP00000368305 9606.ENSP00000430344 0 0 0 0 156 0 0 156 
9606.ENSP00000368305 9606.ENSP00000345633 0 0 0 0 59 0 173 188 
9606.ENSP00000368305 9606.ENSP00000347484 0 0 0 0 185 0 0 185 
9606.ENSP00000368305 9606.ENSP00000312126 0 0 0 62 142 0 57 174 
9606.ENSP00000368305 9606.ENSP00000238789 81 0 0 132 0 0 95 215 
9606.ENSP00000368305 9606.ENSP00000358590 0 0 0 0 0 0 223 223 
9606.ENSP00000368305 9606.ENSP00000383234 0 0 0 61 0 0 138 156 
9606.ENSP00000368305 9606.ENSP00000389289 0 0 0 63 0 0 266 282 
9606.ENSP00000368305 9606.ENSP00000479636 0 0 0 0 156 0 0 156 
9606.ENSP00000368305 9606.ENSP00000409924 0 0 0 0 0 0 349 349 
9606.ENSP00000368305 9606.ENSP00000230036 0 0 0 0 0 0 187 187 
9606.ENSP00000368305 9606.ENSP00000357425 0 0 0 0 0 0 173 173 
9606.ENSP00000368305 9606.ENSP00000261386 0 0 0 0 0 0 579 579 
9606.ENSP00000368305 9606.ENSP00000400057 0 0 0 0 0 0 186 186 
9606.ENSP00000368305 9606.ENSP00000263088 68 0 0 108 0 0 511 558 
9606.ENSP00000368305 9606.ENSP00000264917 0 0 0 0 0 0 189 189 
9606.ENSP00000368305 9606.ENSP00000384363 0 0 0 0 0 0 158 158 
9606.ENSP00000368305 9606.ENSP00000255688 0 0 0 0 0 0 158 158 
9606.ENSP00000368305 9606.ENSP00000417901 117 0 0 0 0 0 369 419 
9606.ENSP00000368305 9606.ENSP00000296741 0 0 0 64 0 0 338 354 
9606.ENSP00000368305 9606.ENSP00000262746 0 0 0 62 189 0 0 206 
9606.ENSP00000368305 9606.ENSP00000368164 0 0 0 52 0 0 170 179 
9606.ENSP00000368305 9606.ENSP00000320217 0 0 0 64 0 0 159 179 
9606.ENSP00000368305 9606.ENSP00000335677 0 0 0 61 0 0 164 181 
9606.ENSP00000368305 9606.ENSP00000286628 0 0 0 0 0 0 200 200 
9606.ENSP00000368305 9606.ENSP00000379669 0 0 0 63 0 0 173 191 
9606.ENSP00000368305 9606.ENSP00000302805 0 0 0 0 165 0 55 177 
9606.ENSP00000368305 9606.ENSP00000406046 0 0 0 62 0 0 132 151 
9606.ENSP00000368305 9606.ENSP00000261596 0 0 0 63 0 0 227 244 
9606.ENSP00000368305 9606.ENSP00000273814 0 0 0 63 0 0 194 212 
9606.ENSP00000368305 9606.ENSP00000359691 76 0 0 62 0 0 116 166 
9606.ENSP00000368305 9606.ENSP00000418001 51 0 0 122 0 0 90 175 
9606.ENSP00000368305 9606.ENSP00000372654 51 0 0 111 52 0 87 172 
9606.ENSP00000368305 9606.ENSP00000367355 0 0 0 62 0 0 139 157 
9606.ENSP00000368305 9606.ENSP00000266517 0 0 0 62 0 900 164 914 
9606.ENSP00000368305 9606.ENSP00000381429 0 0 0 61 0 0 277 292 
9606.ENSP00000368305 9606.ENSP00000344829 0 0 0 0 0 0 163 163 
9606.ENSP00000368305 9606.ENSP00000309515 0 0 0 0 0 0 201 201 
9606.ENSP00000368305 9606.ENSP00000341963 0 0 0 0 165 0 55 177 
9606.ENSP00000368305 9606.ENSP00000477688 51 0 0 111 52 0 87 172 
9606.ENSP00000368305 9606.ENSP00000361064 0 0 0 64 129 0 329 405 
9606.ENSP00000368305 9606.ENSP00000344095 0 0 0 0 0 0 508 508 
9606.ENSP00000368305 9606.ENSP00000270747 0 0 0 62 0 0 268 284 
9606.ENSP00000368305 9606.ENSP00000361949 0 0 0 61 0 0 142 160 
9606.ENSP00000368305 9606.ENSP00000436767 0 0 0 0 52 0 155 164 
9606.ENSP00000368305 9606.ENSP00000427108 0 0 0 0 0 0 266 266 
9606.ENSP00000368305 9606.ENSP00000419361 0 0 0 62 142 0 57 174 
9606.ENSP00000368305 9606.ENSP00000298510 0 0 0 62 189 0 0 206 
9606.ENSP00000368305 9606.ENSP00000361755 0 0 0 0 181 0 0 181 
9606.ENSP00000368305 9606.ENSP00000263038 0 0 0 0 0 0 201 201 
9606.ENSP00000368305 9606.ENSP00000435585 0 0 0 0 185 0 0 185 
9606.ENSP00000368305 9606.ENSP00000377284 0 0 0 0 0 0 208 208 
9606.ENSP00000368305 9606.ENSP00000369390 0 0 0 58 186 0 203 335 
9606.ENSP00000368305 9606.ENSP00000376188 0 0 0 0 0 0 310 310 
9606.ENSP00000368305 9606.ENSP00000337501 0 0 0 0 165 0 55 177 
9606.ENSP00000368305 9606.ENSP00000274382 0 0 0 0 0 0 249 249 
9606.ENSP00000368305 9606.ENSP00000337103 0 0 0 62 0 900 64 904 
9606.ENSP00000368305 9606.ENSP00000303211 0 0 0 0 0 900 63 902 
9606.ENSP00000368305 9606.ENSP00000361883 0 0 0 0 300 0 0 300 
9606.ENSP00000368305 9606.ENSP00000297323 0 0 0 62 142 0 57 174 
9606.ENSP00000368305 9606.ENSP00000367631 0 0 0 61 0 0 546 556 
9606.ENSP00000368305 9606.ENSP00000218006 0 0 0 62 142 0 57 174 
9606.ENSP00000368305 9606.ENSP00000353030 0 0 0 62 0 0 135 154 
9606.ENSP00000368305 9606.ENSP00000328720 0 0 0 61 0 0 164 181 
9606.ENSP00000368305 9606.ENSP00000263955 0 0 0 82 0 0 158 194 
9606.ENSP00000368305 9606.ENSP00000257770 78 0 0 49 0 0 176 214 
9606.ENSP00000368305 9606.ENSP00000421315 51 0 0 111 52 0 87 172 
9606.ENSP00000368305 9606.ENSP00000362354 0 0 0 63 0 0 227 244 
9606.ENSP00000368305 9606.ENSP00000353826 0 0 0 0 50 0 186 193 
9606.ENSP00000368305 9606.ENSP00000251119 0 0 0 64 0 0 205 224 
9606.ENSP00000368305 9606.ENSP00000311184 0 0 0 0 185 0 0 185 
9606.ENSP00000368305 9606.ENSP00000264424 0 0 0 62 142 0 57 174 
9606.ENSP00000368305 9606.ENSP00000261303 51 0 0 122 0 0 90 175 
9606.ENSP00000368305 9606.ENSP00000428612 0 0 0 0 0 0 603 603 
9606.ENSP00000368305 9606.ENSP00000282388 0 0 0 62 0 0 181 198 
9606.ENSP00000368305 9606.ENSP00000217270 0 0 0 0 0 0 155 155 
9606.ENSP00000368305 9606.ENSP00000255695 0 0 0 0 0 0 204 204 
9606.ENSP00000368305 9606.ENSP00000364840 0 0 0 0 163 0 0 163 
9606.ENSP00000368305 9606.ENSP00000265734 0 0 0 58 186 0 203 335 
9606.ENSP00000368305 9606.ENSP00000402861 0 0 0 0 156 0 0 156 
9606.ENSP00000368305 9606.ENSP00000371230 0 0 0 51 0 0 338 345 
9606.ENSP00000368305 9606.ENSP00000281631 0 0 0 0 0 0 425 425 
9606.ENSP00000368305 9606.ENSP00000272425 0 0 0 0 0 0 515 515 
9606.ENSP00000368305 9606.ENSP00000199448 0 0 0 0 0 0 240 240 
9606.ENSP00000368305 9606.ENSP00000439534 51 0 0 111 52 0 87 172 
9606.ENSP00000368305 9606.ENSP00000228347 0 0 0 0 126 0 128 205 
9606.ENSP00000368305 9606.ENSP00000301149 0 0 0 94 0 0 102 151 
9606.ENSP00000368305 9606.ENSP00000292823 72 0 0 62 0 0 552 576 
9606.ENSP00000368305 9606.ENSP00000483453 0 0 0 0 0 0 261 261 
9606.ENSP00000368305 9606.ENSP00000280346 45 0 0 61 0 0 130 151 
9606.ENSP00000368305 9606.ENSP00000285518 44 0 0 0 0 0 203 205 
9606.ENSP00000368305 9606.ENSP00000238651 52 0 0 62 0 0 257 281 
9606.ENSP00000368305 9606.ENSP00000266659 0 0 0 0 0 0 323 323 
9606.ENSP00000368305 9606.ENSP00000363852 0 0 0 0 0 0 229 229 
9606.ENSP00000368305 9606.ENSP00000400088 0 0 0 58 186 0 203 335 
9606.ENSP00000368305 9606.ENSP00000261211 0 0 0 58 186 0 203 335 
9606.ENSP00000368305 9606.ENSP00000363973 55 0 0 65 0 0 228 258 
9606.ENSP00000368305 9606.ENSP00000286621 76 0 0 64 0 0 133 184 
9606.ENSP00000368305 9606.ENSP00000219919 51 0 0 131 52 0 87 191 
9606.ENSP00000368305 9606.ENSP00000377015 0 0 0 62 0 0 150 169 
9606.ENSP00000368305 9606.ENSP00000407112 0 0 0 62 0 0 202 219 
9606.ENSP00000368305 9606.ENSP00000441858 0 0 0 63 0 0 163 182 
9606.ENSP00000368305 9606.ENSP00000471299 0 0 0 0 0 0 542 542 
9606.ENSP00000368305 9606.ENSP00000256545 0 0 0 0 0 0 173 173 
9606.ENSP00000368305 9606.ENSP00000346921 0 0 0 51 0 0 220 228 
9606.ENSP00000368305 9606.ENSP00000219345 0 0 0 0 0 900 44 900 
9606.ENSP00000368305 9606.ENSP00000219833 0 0 0 0 0 0 223 223 
9606.ENSP00000368305 9606.ENSP00000482732 0 0 0 61 0 0 186 203 
9606.ENSP00000368305 9606.ENSP00000397673 0 0 0 61 264 0 0 279 
9606.ENSP00000368305 9606.ENSP00000347839 0 0 0 0 0 0 186 186 
9606.ENSP00000368305 9606.ENSP00000376776 0 0 0 63 0 0 146 165 
9606.ENSP00000368305 9606.ENSP00000401802 0 0 0 61 0 0 176 193 
9606.ENSP00000368305 9606.ENSP00000478384 0 0 0 0 0 0 204 204 
9606.ENSP00000368305 9606.ENSP00000359100 51 0 0 61 157 0 67 205 
9606.ENSP00000368305 9606.ENSP00000368439 72 0 0 62 0 0 665 682 
9606.ENSP00000368305 9606.ENSP00000311405 0 0 0 62 142 0 57 174 
9606.ENSP00000368305 9606.ENSP00000465589 46 0 0 0 141 0 62 164 
9606.ENSP00000368305 9606.ENSP00000265074 0 0 0 62 142 0 57 174 
9606.ENSP00000368305 9606.ENSP00000417656 0 0 0 0 0 0 167 167 
9606.ENSP00000368305 9606.ENSP00000483276 0 0 0 0 0 0 335 335 
9606.ENSP00000368305 9606.ENSP00000370625 0 0 0 0 70 0 128 154 
9606.ENSP00000368305 9606.ENSP00000352584 0 0 0 63 0 0 266 282 
9606.ENSP00000368305 9606.ENSP00000271227 0 0 0 0 0 0 178 178 
9606.ENSP00000368305 9606.ENSP00000450436 0 0 0 0 0 0 201 201 
9606.ENSP00000368305 9606.ENSP00000275428 0 0 0 0 0 0 167 167 
9606.ENSP00000368305 9606.ENSP00000245121 51 0 0 122 0 0 90 175 
9606.ENSP00000368305 9606.ENSP00000410186 0 0 0 51 0 0 269 276 
9606.ENSP00000368305 9606.ENSP00000256969 0 0 0 0 0 0 502 502 
9606.ENSP00000368305 9606.ENSP00000456348 0 0 0 0 0 0 154 154 
9606.ENSP00000368305 9606.ENSP00000239367 0 0 0 0 0 0 256 256 
9606.ENSP00000368305 9606.ENSP00000340409 0 0 0 0 0 0 240 240 
9606.ENSP00000368305 9606.ENSP00000295453 55 0 0 65 0 0 228 258 
9606.ENSP00000368305 9606.ENSP00000378505 0 0 0 67 0 0 131 154 
9606.ENSP00000368305 9606.ENSP00000282541 0 0 0 94 0 0 102 151 
9606.ENSP00000368305 9606.ENSP00000441980 0 0 0 0 0 0 540 540 
9606.ENSP00000368305 9606.ENSP00000331103 0 0 0 0 0 0 203 203 
9606.ENSP00000368305 9606.ENSP00000360761 44 0 0 0 0 0 309 311 
9606.ENSP00000368305 9606.ENSP00000334379 0 0 0 0 0 0 276 276 
9606.ENSP00000368305 9606.ENSP00000474487 0 0 0 0 0 0 441 441 
9606.ENSP00000368305 9606.ENSP00000316948 0 0 0 67 0 0 276 296 
9606.ENSP00000368305 9606.ENSP00000384610 0 0 0 64 0 900 428 941 
9606.ENSP00000368305 9606.ENSP00000220669 0 0 0 61 0 0 577 586 
9606.ENSP00000368305 9606.ENSP00000358820 0 0 0 0 167 0 0 167 
9606.ENSP00000368305 9606.ENSP00000378570 0 0 0 0 0 0 203 203 
9606.ENSP00000368305 9606.ENSP00000378187 0 0 0 62 142 0 57 174 
9606.ENSP00000368305 9606.ENSP00000281172 0 0 0 0 185 0 0 185 
9606.ENSP00000368305 9606.ENSP00000333813 0 0 0 0 0 0 262 262 
9606.ENSP00000368305 9606.ENSP00000317331 0 0 0 0 0 0 223 223 
9606.ENSP00000368305 9606.ENSP00000302177 0 0 0 0 0 0 273 273 
9606.ENSP00000368305 9606.ENSP00000469240 0 0 0 62 0 0 131 150 
9606.ENSP00000368305 9606.ENSP00000481450 51 0 0 61 157 0 67 205 
9606.ENSP00000368305 9606.ENSP00000260649 51 0 0 61 157 0 67 205 
9606.ENSP00000368305 9606.ENSP00000368496 0 0 0 0 0 0 179 179 
9606.ENSP00000368305 9606.ENSP00000356825 0 0 0 62 142 0 57 174 
9606.ENSP00000368305 9606.ENSP00000306123 0 0 0 101 0 0 103 159 
9606.ENSP00000368305 9606.ENSP00000272542 0 0 0 63 0 0 352 366 
9606.ENSP00000368305 9606.ENSP00000482032 0 0 0 0 0 0 203 203 
9606.ENSP00000368305 9606.ENSP00000260045 0 0 0 0 0 0 264 264 
9606.ENSP00000368305 9606.ENSP00000333591 0 0 0 0 692 0 0 692 
9606.ENSP00000368305 9606.ENSP00000386277 0 0 0 0 296 0 522 649 
9606.ENSP00000368305 9606.ENSP00000247153 0 0 0 0 163 0 0 163 
9606.ENSP00000368305 9606.ENSP00000265052 110 0 0 63 0 0 123 204 
9606.ENSP00000368305 9606.ENSP00000345988 0 0 0 0 156 0 0 156 
9606.ENSP00000368305 9606.ENSP00000333266 53 0 0 65 0 0 138 170 
9606.ENSP00000368305 9606.ENSP00000308610 120 0 0 129 52 0 173 318 
9606.ENSP00000368305 9606.ENSP00000400870 0 0 0 0 0 0 328 328 
9606.ENSP00000368305 9606.ENSP00000378877 44 0 0 0 0 0 309 311 
9606.ENSP00000368305 9606.ENSP00000299106 0 0 0 0 0 0 195 195 
9606.ENSP00000368305 9606.ENSP00000430325 0 0 0 0 0 0 676 676 
9606.ENSP00000368305 9606.ENSP00000324763 0 0 0 0 185 0 0 185 
9606.ENSP00000368305 9606.ENSP00000271588 0 0 0 0 163 0 0 163 
9606.ENSP00000368305 9606.ENSP00000311165 51 0 0 111 52 0 87 172 
9606.ENSP00000368305 9606.ENSP00000376141 0 0 0 0 0 0 300 300 
9606.ENSP00000368305 9606.ENSP00000456868 51 0 0 111 52 0 87 172 
9606.ENSP00000368305 9606.ENSP00000354677 0 0 0 117 0 0 93 165 
9606.ENSP00000368305 9606.ENSP00000235310 0 0 0 0 0 0 165 165 
9606.ENSP00000368305 9606.ENSP00000389813 163 0 0 61 0 0 58 194 
9606.ENSP00000368305 9606.ENSP00000302599 0 0 0 61 0 0 213 229 
9606.ENSP00000368305 9606.ENSP00000321271 0 0 0 63 0 0 173 191 
9606.ENSP00000368305 9606.ENSP00000295802 0 0 0 0 0 0 167 167 
9606.ENSP00000368305 9606.ENSP00000429190 59 0 0 0 0 0 197 212 
9606.ENSP00000368305 9606.ENSP00000360215 0 0 0 0 0 0 213 213 
9606.ENSP00000368305 9606.ENSP00000240328 0 0 0 0 0 0 180 180 
9606.ENSP00000368305 9606.ENSP00000342952 0 0 0 62 142 0 57 174 
9606.ENSP00000368305 9606.ENSP00000361746 0 0 0 0 181 0 0 181 
9606.ENSP00000368305 9606.ENSP00000369820 50 0 0 64 0 0 175 202 
9606.ENSP00000368305 9606.ENSP00000319501 53 0 0 63 0 0 168 197 
9606.ENSP00000368305 9606.ENSP00000376048 0 0 0 0 163 0 0 163 
9606.ENSP00000368305 9606.ENSP00000349156 0 0 0 64 261 0 0 278 
9606.ENSP00000368305 9606.ENSP00000299847 0 0 0 0 0 0 212 212 
9606.ENSP00000368305 9606.ENSP00000388631 0 0 0 0 156 0 0 156 
9606.ENSP00000368305 9606.ENSP00000244217 44 0 0 98 0 0 106 161 
9606.ENSP00000368305 9606.ENSP00000271764 0 0 0 0 0 0 173 173 
9606.ENSP00000368305 9606.ENSP00000357669 0 0 0 62 142 0 57 174 
9606.ENSP00000368305 9606.ENSP00000318355 51 0 0 111 52 0 87 172 
9606.ENSP00000368305 9606.ENSP00000282486 0 0 0 61 0 0 211 227 
9606.ENSP00000368305 9606.ENSP00000322316 0 0 0 0 0 0 157 157 
9606.ENSP00000368305 9606.ENSP00000406909 0 0 0 64 0 900 103 908 
9606.ENSP00000368305 9606.ENSP00000229270 0 0 0 62 0 0 174 192 
9606.ENSP00000368305 9606.ENSP00000266505 0 0 0 0 156 0 0 156 
9606.ENSP00000368305 9606.ENSP00000476535 76 0 0 0 0 0 127 158 
9606.ENSP00000368305 9606.ENSP00000282249 0 0 0 62 142 0 57 174 
9606.ENSP00000368305 9606.ENSP00000301030 0 0 0 0 0 0 181 181 
9606.ENSP00000368305 9606.ENSP00000354610 51 0 0 61 157 0 67 205 
9606.ENSP00000368305 9606.ENSP00000356169 0 0 0 62 0 900 138 912 
9606.ENSP00000368305 9606.ENSP00000416583 45 0 0 64 0 0 161 184 
9606.ENSP00000368305 9606.ENSP00000225609 0 0 0 0 0 0 213 213 
9606.ENSP00000368305 9606.ENSP00000340465 0 0 0 63 0 0 352 366 
9606.ENSP00000368305 9606.ENSP00000229922 0 0 0 0 300 0 0 300 
