9606.ENSP00000399797 9606.ENSP00000294053 85 0 0 62 128 0 42 187 
9606.ENSP00000399797 9606.ENSP00000363458 0 0 0 61 0 0 135 153 
9606.ENSP00000399797 9606.ENSP00000418915 0 0 0 63 92 900 90 912 
9606.ENSP00000399797 9606.ENSP00000327801 0 0 0 67 0 0 128 152 
9606.ENSP00000399797 9606.ENSP00000345571 0 0 0 56 0 900 0 901 
9606.ENSP00000399797 9606.ENSP00000350698 0 0 0 61 124 0 62 161 
9606.ENSP00000399797 9606.ENSP00000478017 0 0 0 0 163 0 69 187 
9606.ENSP00000399797 9606.ENSP00000429089 0 0 0 61 185 0 0 201 
9606.ENSP00000399797 9606.ENSP00000367498 49 0 0 60 0 0 446 461 
9606.ENSP00000399797 9606.ENSP00000368455 0 0 0 0 124 0 70 150 
9606.ENSP00000399797 9606.ENSP00000351035 0 0 0 96 0 0 144 193 
9606.ENSP00000399797 9606.ENSP00000265094 0 0 0 61 119 0 93 184 
9606.ENSP00000399797 9606.ENSP00000329374 0 0 0 0 0 0 161 161 
9606.ENSP00000399797 9606.ENSP00000433999 0 0 0 62 0 0 150 169 
9606.ENSP00000399797 9606.ENSP00000484261 0 0 0 0 61 900 42 902 
9606.ENSP00000399797 9606.ENSP00000355094 0 0 0 65 132 0 230 320 
9606.ENSP00000399797 9606.ENSP00000262879 0 0 0 0 0 0 196 196 
9606.ENSP00000399797 9606.ENSP00000306117 0 0 0 62 0 0 170 188 
9606.ENSP00000399797 9606.ENSP00000416673 0 0 0 61 133 0 85 190 
9606.ENSP00000399797 9606.ENSP00000314792 0 0 0 63 163 0 62 200 
9606.ENSP00000399797 9606.ENSP00000360525 0 0 0 0 0 0 346 346 
9606.ENSP00000399797 9606.ENSP00000387246 0 0 0 63 126 0 50 154 
9606.ENSP00000399797 9606.ENSP00000466897 0 0 0 0 163 0 62 181 
9606.ENSP00000399797 9606.ENSP00000355388 0 0 0 62 92 0 92 159 
9606.ENSP00000399797 9606.ENSP00000260210 0 0 0 63 132 0 50 159 
9606.ENSP00000399797 9606.ENSP00000361626 0 0 0 51 156 0 307 397 
9606.ENSP00000399797 9606.ENSP00000264350 0 0 0 82 0 0 141 177 
9606.ENSP00000399797 9606.ENSP00000314348 0 0 0 61 124 0 405 467 
9606.ENSP00000399797 9606.ENSP00000355599 0 0 0 0 0 0 210 210 
9606.ENSP00000399797 9606.ENSP00000371634 0 0 0 63 0 0 180 198 
9606.ENSP00000399797 9606.ENSP00000365858 0 0 0 0 64 900 42 902 
9606.ENSP00000399797 9606.ENSP00000428263 0 0 0 0 0 0 232 232 
9606.ENSP00000399797 9606.ENSP00000356416 0 0 0 63 0 0 221 239 
9606.ENSP00000399797 9606.ENSP00000301831 0 0 0 0 0 0 297 297 
9606.ENSP00000399797 9606.ENSP00000242351 0 0 0 93 122 0 504 570 
9606.ENSP00000399797 9606.ENSP00000364289 0 0 0 61 157 0 314 410 
9606.ENSP00000399797 9606.ENSP00000481762 0 0 0 49 0 0 275 282 
9606.ENSP00000399797 9606.ENSP00000388001 0 0 0 61 0 0 144 162 
9606.ENSP00000399797 9606.ENSP00000349351 0 0 0 0 156 0 0 156 
9606.ENSP00000399797 9606.ENSP00000358335 0 0 0 0 50 900 49 901 
9606.ENSP00000399797 9606.ENSP00000378063 0 0 0 0 0 0 430 430 
9606.ENSP00000399797 9606.ENSP00000359506 0 0 0 0 71 0 600 613 
9606.ENSP00000399797 9606.ENSP00000308622 0 0 0 62 0 0 192 209 
9606.ENSP00000399797 9606.ENSP00000484645 0 0 0 63 132 0 50 159 
9606.ENSP00000399797 9606.ENSP00000373657 0 0 0 0 0 0 222 222 
9606.ENSP00000399797 9606.ENSP00000426909 0 0 0 61 63 0 469 492 
9606.ENSP00000399797 9606.ENSP00000316357 0 0 0 81 80 0 192 257 
9606.ENSP00000399797 9606.ENSP00000362680 0 0 0 0 50 900 49 901 
9606.ENSP00000399797 9606.ENSP00000377470 0 0 0 0 0 0 505 505 
9606.ENSP00000399797 9606.ENSP00000435926 0 0 0 0 0 0 266 266 
9606.ENSP00000399797 9606.ENSP00000263857 0 0 0 63 127 0 95 195 
9606.ENSP00000399797 9606.ENSP00000431962 0 0 0 61 0 0 145 163 
9606.ENSP00000399797 9606.ENSP00000330460 0 0 0 61 124 0 62 161 
9606.ENSP00000399797 9606.ENSP00000458075 0 0 0 97 132 0 68 205 
9606.ENSP00000399797 9606.ENSP00000382091 0 0 0 61 0 0 209 226 
9606.ENSP00000399797 9606.ENSP00000276925 0 0 0 63 92 900 84 911 
9606.ENSP00000399797 9606.ENSP00000364912 0 0 0 55 129 0 147 237 
9606.ENSP00000399797 9606.ENSP00000304592 0 0 0 0 0 0 421 421 
9606.ENSP00000399797 9606.ENSP00000265140 0 0 0 64 92 0 104 171 
9606.ENSP00000399797 9606.ENSP00000297071 0 0 0 0 297 0 62 312 
9606.ENSP00000399797 9606.ENSP00000254250 0 0 0 61 80 0 227 273 
9606.ENSP00000399797 9606.ENSP00000262519 0 0 0 62 50 900 53 904 
9606.ENSP00000399797 9606.ENSP00000366135 0 0 0 144 163 0 127 319 
9606.ENSP00000399797 9606.ENSP00000300305 0 0 0 0 0 900 69 902 
9606.ENSP00000399797 9606.ENSP00000411532 0 0 0 110 0 0 124 187 
9606.ENSP00000399797 9606.ENSP00000412178 0 0 0 0 0 0 284 284 
9606.ENSP00000399797 9606.ENSP00000358151 0 0 0 0 52 900 63 903 
9606.ENSP00000399797 9606.ENSP00000417401 0 0 0 110 110 0 53 185 
9606.ENSP00000399797 9606.ENSP00000385616 0 0 0 62 0 0 154 172 
9606.ENSP00000399797 9606.ENSP00000181796 0 0 0 42 0 0 312 312 
9606.ENSP00000399797 9606.ENSP00000258418 0 0 0 0 0 0 411 411 
9606.ENSP00000399797 9606.ENSP00000361990 0 0 0 66 0 0 238 258 
9606.ENSP00000399797 9606.ENSP00000434435 0 0 0 0 0 0 187 187 
9606.ENSP00000399797 9606.ENSP00000344431 0 0 0 0 0 0 174 174 
9606.ENSP00000399797 9606.ENSP00000363745 0 0 0 63 160 0 199 315 
9606.ENSP00000399797 9606.ENSP00000318977 51 0 0 63 183 0 95 254 
9606.ENSP00000399797 9606.ENSP00000406490 0 0 0 63 123 0 57 157 
9606.ENSP00000399797 9606.ENSP00000298746 60 0 0 61 56 0 101 150 
9606.ENSP00000399797 9606.ENSP00000305161 0 0 0 0 80 0 186 219 
9606.ENSP00000399797 9606.ENSP00000247003 0 0 0 61 124 0 87 183 
9606.ENSP00000399797 9606.ENSP00000334840 0 0 0 0 0 0 301 301 
9606.ENSP00000399797 9606.ENSP00000377681 0 0 0 50 133 0 358 425 
9606.ENSP00000399797 9606.ENSP00000221086 0 0 0 145 0 0 68 169 
9606.ENSP00000399797 9606.ENSP00000426964 58 0 0 64 124 0 68 183 
9606.ENSP00000399797 9606.ENSP00000482063 0 0 0 49 358 0 466 645 
9606.ENSP00000399797 9606.ENSP00000316329 0 0 0 51 0 0 216 224 
9606.ENSP00000399797 9606.ENSP00000319240 0 0 0 0 0 0 347 347 
9606.ENSP00000399797 9606.ENSP00000470252 0 0 0 63 62 0 131 170 
9606.ENSP00000399797 9606.ENSP00000379475 0 0 0 61 124 0 292 367 
9606.ENSP00000399797 9606.ENSP00000416534 0 0 0 61 157 0 96 221 
9606.ENSP00000399797 9606.ENSP00000368667 0 0 0 63 124 0 62 162 
9606.ENSP00000399797 9606.ENSP00000481622 0 0 0 0 52 900 50 902 
9606.ENSP00000399797 9606.ENSP00000343924 0 0 0 50 67 0 130 162 
9606.ENSP00000399797 9606.ENSP00000354335 0 0 0 153 0 0 0 153 
9606.ENSP00000399797 9606.ENSP00000262415 0 0 0 97 160 0 410 513 
9606.ENSP00000399797 9606.ENSP00000345793 0 0 0 0 0 0 290 290 
9606.ENSP00000399797 9606.ENSP00000304593 0 0 0 0 159 0 0 159 
9606.ENSP00000399797 9606.ENSP00000382428 0 0 0 49 0 0 165 171 
9606.ENSP00000399797 9606.ENSP00000313350 0 0 0 58 0 0 135 150 
9606.ENSP00000399797 9606.ENSP00000375978 0 0 0 53 0 0 164 175 
9606.ENSP00000399797 9606.ENSP00000306752 0 0 0 97 132 0 77 213 
9606.ENSP00000399797 9606.ENSP00000300571 0 0 0 0 0 0 182 182 
9606.ENSP00000399797 9606.ENSP00000346762 44 0 0 62 104 0 205 276 
9606.ENSP00000399797 9606.ENSP00000378917 0 0 0 69 185 0 433 533 
9606.ENSP00000399797 9606.ENSP00000268616 0 0 0 62 123 0 119 211 
9606.ENSP00000399797 9606.ENSP00000221419 0 0 0 0 0 0 674 674 
9606.ENSP00000399797 9606.ENSP00000392936 0 0 0 0 80 0 249 279 
9606.ENSP00000399797 9606.ENSP00000483495 0 0 0 63 124 0 62 162 
9606.ENSP00000399797 9606.ENSP00000259239 0 0 0 64 142 0 0 162 
9606.ENSP00000399797 9606.ENSP00000302801 0 0 0 62 0 0 211 228 
9606.ENSP00000399797 9606.ENSP00000365174 0 0 0 0 124 0 70 150 
9606.ENSP00000399797 9606.ENSP00000265351 0 0 0 62 0 0 365 379 
9606.ENSP00000399797 9606.ENSP00000378868 0 0 0 63 148 0 66 190 
9606.ENSP00000399797 9606.ENSP00000361927 0 0 0 62 137 0 0 156 
9606.ENSP00000399797 9606.ENSP00000457723 0 0 0 62 0 0 177 195 
9606.ENSP00000399797 9606.ENSP00000322570 0 0 0 64 175 0 64 214 
9606.ENSP00000399797 9606.ENSP00000276201 0 0 0 56 145 0 409 482 
9606.ENSP00000399797 9606.ENSP00000263360 0 0 0 62 84 900 101 912 
9606.ENSP00000399797 9606.ENSP00000285013 0 0 0 0 0 0 223 223 
9606.ENSP00000399797 9606.ENSP00000256079 0 0 0 91 120 0 396 474 
9606.ENSP00000399797 9606.ENSP00000365950 0 0 0 0 245 0 62 262 
9606.ENSP00000399797 9606.ENSP00000373715 0 0 0 0 124 0 573 610 
9606.ENSP00000399797 9606.ENSP00000313007 0 0 0 74 52 0 477 501 
9606.ENSP00000399797 9606.ENSP00000454699 0 0 0 62 0 0 233 249 
9606.ENSP00000399797 9606.ENSP00000296417 0 0 0 49 61 900 67 905 
9606.ENSP00000399797 9606.ENSP00000476136 0 0 0 0 52 900 63 903 
9606.ENSP00000399797 9606.ENSP00000398837 0 0 0 62 50 900 53 904 
9606.ENSP00000399797 9606.ENSP00000401946 0 0 0 62 0 900 905 990 
9606.ENSP00000399797 9606.ENSP00000318094 0 0 0 61 0 0 167 185 
9606.ENSP00000399797 9606.ENSP00000379051 0 0 0 55 0 0 280 291 
9606.ENSP00000399797 9606.ENSP00000269385 0 0 0 0 358 900 467 962 
9606.ENSP00000399797 9606.ENSP00000416739 0 0 0 62 132 0 229 318 
9606.ENSP00000399797 9606.ENSP00000312379 0 0 0 61 54 900 0 903 
9606.ENSP00000399797 9606.ENSP00000265970 0 0 0 97 132 0 68 205 
9606.ENSP00000399797 9606.ENSP00000228928 0 0 0 61 0 0 219 236 
9606.ENSP00000399797 9606.ENSP00000365439 0 0 0 0 110 0 170 229 
9606.ENSP00000399797 9606.ENSP00000360922 0 0 0 0 118 0 388 437 
9606.ENSP00000399797 9606.ENSP00000386717 0 0 0 55 223 0 0 234 
9606.ENSP00000399797 9606.ENSP00000387462 0 0 0 61 80 0 245 291 
9606.ENSP00000399797 9606.ENSP00000365895 0 0 0 0 0 0 157 157 
9606.ENSP00000399797 9606.ENSP00000346065 44 0 0 62 104 0 204 275 
9606.ENSP00000399797 9606.ENSP00000482826 0 0 0 62 0 0 536 546 
9606.ENSP00000399797 9606.ENSP00000329357 0 0 0 61 80 900 41 906 
9606.ENSP00000399797 9606.ENSP00000438209 0 0 0 61 80 0 96 151 
9606.ENSP00000399797 9606.ENSP00000267884 0 0 0 0 0 0 179 179 
9606.ENSP00000399797 9606.ENSP00000296839 0 0 0 0 263 0 0 263 
9606.ENSP00000399797 9606.ENSP00000378402 0 0 0 79 0 900 67 906 
9606.ENSP00000399797 9606.ENSP00000263382 0 0 0 84 50 0 136 183 
9606.ENSP00000399797 9606.ENSP00000260323 0 0 0 0 0 0 255 255 
9606.ENSP00000399797 9606.ENSP00000263576 0 0 0 62 0 0 157 176 
9606.ENSP00000399797 9606.ENSP00000387303 0 0 0 100 160 0 530 614 
9606.ENSP00000399797 9606.ENSP00000350170 0 0 0 0 71 0 278 300 
9606.ENSP00000399797 9606.ENSP00000281474 0 0 0 0 156 0 0 156 
9606.ENSP00000399797 9606.ENSP00000343535 0 0 0 81 80 0 221 284 
9606.ENSP00000399797 9606.ENSP00000380432 0 0 0 0 0 0 224 224 
9606.ENSP00000399797 9606.ENSP00000354720 52 0 0 63 105 0 58 150 
9606.ENSP00000399797 9606.ENSP00000281156 0 0 0 65 273 0 62 307 
9606.ENSP00000399797 9606.ENSP00000419628 0 0 0 0 124 0 70 150 
9606.ENSP00000399797 9606.ENSP00000355890 0 0 0 0 0 0 250 250 
9606.ENSP00000399797 9606.ENSP00000463287 0 0 0 61 80 0 158 209 
9606.ENSP00000399797 9606.ENSP00000320043 0 0 0 0 0 0 557 557 
9606.ENSP00000399797 9606.ENSP00000357218 58 0 0 64 124 0 68 183 
9606.ENSP00000399797 9606.ENSP00000268482 0 0 0 97 160 0 68 231 
9606.ENSP00000399797 9606.ENSP00000420418 0 0 0 61 80 0 139 191 
9606.ENSP00000399797 9606.ENSP00000346453 0 0 0 165 0 0 0 165 
9606.ENSP00000399797 9606.ENSP00000317636 0 0 0 62 132 0 102 205 
9606.ENSP00000399797 9606.ENSP00000257604 0 0 0 61 0 0 140 158 
9606.ENSP00000399797 9606.ENSP00000230588 0 0 0 0 0 0 155 155 
9606.ENSP00000399797 9606.ENSP00000337623 0 0 0 61 0 0 449 460 
9606.ENSP00000399797 9606.ENSP00000417686 0 0 0 63 0 0 168 187 
9606.ENSP00000399797 9606.ENSP00000006777 0 0 0 0 386 0 0 386 
9606.ENSP00000399797 9606.ENSP00000326630 0 0 0 61 80 900 0 906 
9606.ENSP00000399797 9606.ENSP00000442336 0 0 0 61 78 0 132 183 
9606.ENSP00000399797 9606.ENSP00000356846 0 0 0 64 0 0 361 377 
9606.ENSP00000399797 9606.ENSP00000227868 0 0 0 0 0 0 337 337 
9606.ENSP00000399797 9606.ENSP00000364448 0 0 0 56 145 0 355 434 
9606.ENSP00000399797 9606.ENSP00000377344 54 0 0 114 120 0 355 460 
9606.ENSP00000399797 9606.ENSP00000355340 0 0 0 0 0 0 227 227 
9606.ENSP00000399797 9606.ENSP00000310561 0 0 0 63 0 0 186 205 
9606.ENSP00000399797 9606.ENSP00000257118 0 0 0 62 0 900 78 906 
9606.ENSP00000399797 9606.ENSP00000344782 0 0 0 61 80 0 184 234 
9606.ENSP00000399797 9606.ENSP00000374273 0 0 0 0 0 0 282 282 
9606.ENSP00000399797 9606.ENSP00000268712 0 0 0 148 0 0 82 184 
9606.ENSP00000399797 9606.ENSP00000395535 0 0 0 55 0 0 208 219 
9606.ENSP00000399797 9606.ENSP00000405330 0 0 0 0 0 900 48 900 
9606.ENSP00000399797 9606.ENSP00000353793 0 0 0 93 313 0 91 384 
9606.ENSP00000399797 9606.ENSP00000357812 0 0 0 62 0 0 135 154 
9606.ENSP00000399797 9606.ENSP00000252593 0 0 0 63 0 0 400 413 
9606.ENSP00000399797 9606.ENSP00000438040 0 0 0 0 0 0 150 150 
9606.ENSP00000399797 9606.ENSP00000245414 0 0 0 80 0 0 170 204 
9606.ENSP00000399797 9606.ENSP00000289153 0 0 0 97 132 0 68 205 
9606.ENSP00000399797 9606.ENSP00000369373 0 0 0 0 80 0 297 325 
9606.ENSP00000399797 9606.ENSP00000391101 0 0 0 0 0 0 244 244 
9606.ENSP00000399797 9606.ENSP00000362936 0 0 0 0 163 0 127 238 
9606.ENSP00000399797 9606.ENSP00000438748 0 0 0 60 0 0 330 343 
9606.ENSP00000399797 9606.ENSP00000429473 0 0 0 0 0 0 258 258 
9606.ENSP00000399797 9606.ENSP00000479910 0 0 0 97 0 0 217 263 
9606.ENSP00000399797 9606.ENSP00000336606 43 0 0 62 82 0 101 160 
9606.ENSP00000399797 9606.ENSP00000209728 60 0 0 83 80 0 55 150 
9606.ENSP00000399797 9606.ENSP00000262030 45 0 0 62 64 0 365 397 
9606.ENSP00000399797 9606.ENSP00000366604 0 0 0 65 132 0 62 172 
9606.ENSP00000399797 9606.ENSP00000348206 0 0 0 0 0 0 616 616 
9606.ENSP00000399797 9606.ENSP00000263967 0 0 0 97 132 0 68 205 
9606.ENSP00000399797 9606.ENSP00000355261 0 0 0 56 261 0 401 545 
9606.ENSP00000399797 9606.ENSP00000315569 0 0 0 64 110 0 69 156 
9606.ENSP00000399797 9606.ENSP00000252037 0 0 0 63 51 0 167 194 
9606.ENSP00000399797 9606.ENSP00000478639 0 0 0 0 0 0 168 168 
9606.ENSP00000399797 9606.ENSP00000378275 0 0 0 0 0 0 160 160 
9606.ENSP00000399797 9606.ENSP00000436786 0 0 0 62 50 900 53 904 
9606.ENSP00000399797 9606.ENSP00000482128 0 0 0 0 0 0 167 167 
9606.ENSP00000399797 9606.ENSP00000451223 0 0 0 0 0 0 258 258 
9606.ENSP00000399797 9606.ENSP00000356912 0 0 0 0 0 0 171 171 
9606.ENSP00000399797 9606.ENSP00000367787 0 0 0 62 172 0 90 231 
9606.ENSP00000399797 9606.ENSP00000379412 0 0 0 154 0 0 126 229 
9606.ENSP00000399797 9606.ENSP00000369131 0 0 0 79 0 900 0 903 
9606.ENSP00000399797 9606.ENSP00000216286 0 0 0 61 0 0 157 174 
9606.ENSP00000399797 9606.ENSP00000354522 0 0 0 62 0 0 214 231 
9606.ENSP00000399797 9606.ENSP00000401371 0 0 0 67 87 0 439 481 
9606.ENSP00000399797 9606.ENSP00000359497 0 0 0 152 0 0 0 152 
9606.ENSP00000399797 9606.ENSP00000396704 0 0 0 90 0 0 124 168 
9606.ENSP00000399797 9606.ENSP00000318646 0 0 0 52 229 0 52 246 
9606.ENSP00000399797 9606.ENSP00000345837 0 0 0 0 0 900 0 900 
9606.ENSP00000399797 9606.ENSP00000316578 0 0 0 62 0 900 112 909 
9606.ENSP00000399797 9606.ENSP00000480186 0 0 0 62 161 0 50 187 
9606.ENSP00000399797 9606.ENSP00000372088 0 0 0 63 162 0 94 227 
9606.ENSP00000399797 9606.ENSP00000356807 0 0 0 0 0 0 305 305 
9606.ENSP00000399797 9606.ENSP00000262352 0 0 0 0 0 0 228 228 
9606.ENSP00000399797 9606.ENSP00000413098 0 0 0 54 182 0 107 248 
9606.ENSP00000399797 9606.ENSP00000426978 0 0 0 63 132 0 65 173 
9606.ENSP00000399797 9606.ENSP00000366396 0 0 0 55 171 0 297 401 
9606.ENSP00000399797 9606.ENSP00000333657 45 0 0 228 0 0 254 402 
9606.ENSP00000399797 9606.ENSP00000395007 0 0 0 61 153 0 0 171 
9606.ENSP00000399797 9606.ENSP00000259030 0 0 0 64 0 0 255 273 
9606.ENSP00000399797 9606.ENSP00000435777 0 0 0 50 253 0 179 367 
9606.ENSP00000399797 9606.ENSP00000336701 0 0 0 63 162 0 88 221 
9606.ENSP00000399797 9606.ENSP00000484288 0 0 0 64 172 0 90 233 
9606.ENSP00000399797 9606.ENSP00000464087 0 0 0 108 0 0 94 158 
9606.ENSP00000399797 9606.ENSP00000485450 0 0 0 0 163 0 69 187 
9606.ENSP00000399797 9606.ENSP00000402515 0 0 0 97 132 0 268 376 
9606.ENSP00000399797 9606.ENSP00000323858 0 0 0 61 124 0 62 161 
9606.ENSP00000399797 9606.ENSP00000381773 0 0 0 80 78 0 127 195 
9606.ENSP00000399797 9606.ENSP00000390625 0 0 0 0 0 0 345 345 
9606.ENSP00000399797 9606.ENSP00000476955 0 0 0 61 189 0 93 248 
9606.ENSP00000399797 9606.ENSP00000341826 0 0 0 0 281 0 244 434 
9606.ENSP00000399797 9606.ENSP00000368100 85 0 0 93 162 0 84 277 
9606.ENSP00000399797 9606.ENSP00000221801 0 0 0 52 114 0 68 150 
9606.ENSP00000399797 9606.ENSP00000371471 0 0 0 84 0 0 263 296 
9606.ENSP00000399797 9606.ENSP00000369299 0 0 0 0 80 0 136 172 
9606.ENSP00000399797 9606.ENSP00000311135 0 0 0 97 160 0 68 231 
9606.ENSP00000399797 9606.ENSP00000384863 0 0 0 62 0 0 189 207 
9606.ENSP00000399797 9606.ENSP00000473233 0 0 0 64 175 0 64 214 
9606.ENSP00000399797 9606.ENSP00000379042 52 0 0 0 0 0 215 224 
9606.ENSP00000399797 9606.ENSP00000200181 0 0 0 52 0 0 254 262 
9606.ENSP00000399797 9606.ENSP00000358064 0 0 0 84 55 0 100 153 
9606.ENSP00000399797 9606.ENSP00000357869 0 0 0 120 132 0 68 226 
9606.ENSP00000399797 9606.ENSP00000262510 0 0 0 154 0 0 53 164 
9606.ENSP00000399797 9606.ENSP00000381490 0 0 0 76 165 0 75 225 
9606.ENSP00000399797 9606.ENSP00000366997 0 0 0 64 110 0 191 267 
9606.ENSP00000399797 9606.ENSP00000380479 0 0 0 62 119 0 130 218 
9606.ENSP00000399797 9606.ENSP00000359049 0 0 0 61 0 0 225 241 
9606.ENSP00000399797 9606.ENSP00000263629 69 0 0 63 0 0 142 186 
9606.ENSP00000399797 9606.ENSP00000254719 0 0 0 62 199 0 92 258 
9606.ENSP00000399797 9606.ENSP00000247843 0 0 0 0 185 0 50 192 
9606.ENSP00000399797 9606.ENSP00000355013 0 0 0 61 50 0 161 186 
9606.ENSP00000399797 9606.ENSP00000321706 0 0 0 0 0 0 393 393 
9606.ENSP00000399797 9606.ENSP00000364163 0 0 0 0 0 900 0 900 
9606.ENSP00000399797 9606.ENSP00000251642 0 0 0 266 82 0 108 347 
9606.ENSP00000399797 9606.ENSP00000474182 0 0 0 132 133 0 0 215 
9606.ENSP00000399797 9606.ENSP00000452123 0 0 0 0 253 0 92 293 
9606.ENSP00000399797 9606.ENSP00000356448 0 0 0 132 133 0 0 215 
9606.ENSP00000399797 9606.ENSP00000478121 0 0 0 0 0 0 224 224 
9606.ENSP00000399797 9606.ENSP00000229795 0 0 0 42 0 900 0 900 
9606.ENSP00000399797 9606.ENSP00000369335 81 0 0 62 157 0 104 261 
9606.ENSP00000399797 9606.ENSP00000317177 60 0 0 62 0 0 316 344 
9606.ENSP00000399797 9606.ENSP00000362687 0 0 0 61 124 0 73 171 
9606.ENSP00000399797 9606.ENSP00000221265 0 0 0 61 185 0 0 201 
9606.ENSP00000399797 9606.ENSP00000421180 0 0 0 0 0 900 101 906 
9606.ENSP00000399797 9606.ENSP00000379226 0 0 0 61 0 0 228 244 
9606.ENSP00000399797 9606.ENSP00000301329 0 0 0 0 0 0 362 362 
9606.ENSP00000399797 9606.ENSP00000376899 0 0 0 0 0 0 173 173 
9606.ENSP00000399797 9606.ENSP00000326806 0 0 0 61 189 0 230 362 
9606.ENSP00000399797 9606.ENSP00000420294 0 0 0 62 0 900 0 902 
9606.ENSP00000399797 9606.ENSP00000276603 0 0 0 56 145 0 86 197 
9606.ENSP00000399797 9606.ENSP00000412698 0 0 0 84 162 0 85 236 
9606.ENSP00000399797 9606.ENSP00000216139 0 0 0 0 0 0 202 202 
9606.ENSP00000399797 9606.ENSP00000414517 0 0 0 0 0 900 112 907 
9606.ENSP00000399797 9606.ENSP00000404092 52 0 0 63 105 0 58 150 
9606.ENSP00000399797 9606.ENSP00000415034 0 0 0 81 117 0 0 154 
9606.ENSP00000399797 9606.ENSP00000351108 0 0 0 0 163 0 146 255 
9606.ENSP00000399797 9606.ENSP00000262710 0 0 0 134 0 0 113 199 
9606.ENSP00000399797 9606.ENSP00000362153 0 0 0 63 52 0 241 267 
9606.ENSP00000399797 9606.ENSP00000441543 0 0 0 63 0 900 0 902 
9606.ENSP00000399797 9606.ENSP00000352673 0 0 0 0 0 900 0 900 
9606.ENSP00000399797 9606.ENSP00000440190 0 0 0 62 186 0 220 352 
9606.ENSP00000399797 9606.ENSP00000424838 0 0 0 64 124 0 127 222 
9606.ENSP00000399797 9606.ENSP00000276480 0 0 0 0 0 0 167 167 
9606.ENSP00000399797 9606.ENSP00000362352 0 0 0 62 61 0 234 266 
9606.ENSP00000399797 9606.ENSP00000428756 0 0 0 47 0 0 211 215 
9606.ENSP00000399797 9606.ENSP00000382800 0 0 0 0 0 0 243 243 
9606.ENSP00000399797 9606.ENSP00000328484 0 0 0 0 61 900 42 902 
9606.ENSP00000399797 9606.ENSP00000379032 0 0 0 0 0 0 159 159 
9606.ENSP00000399797 9606.ENSP00000429615 0 0 0 0 93 0 170 215 
9606.ENSP00000399797 9606.ENSP00000445366 0 0 0 63 87 0 296 345 
9606.ENSP00000399797 9606.ENSP00000365851 0 0 0 49 358 0 73 384 
9606.ENSP00000399797 9606.ENSP00000216024 0 0 0 63 162 0 88 221 
9606.ENSP00000399797 9606.ENSP00000362592 0 0 0 61 0 900 235 921 
9606.ENSP00000399797 9606.ENSP00000374390 0 0 0 61 124 0 62 161 
9606.ENSP00000399797 9606.ENSP00000316042 0 0 0 0 163 0 62 181 
9606.ENSP00000399797 9606.ENSP00000369042 0 0 0 91 120 0 172 280 
9606.ENSP00000399797 9606.ENSP00000356155 0 0 0 97 132 0 68 205 
9606.ENSP00000399797 9606.ENSP00000260184 54 0 0 114 120 0 206 336 
9606.ENSP00000399797 9606.ENSP00000278616 0 0 0 61 162 0 113 241 
9606.ENSP00000399797 9606.ENSP00000352438 0 0 0 53 54 0 181 203 
9606.ENSP00000399797 9606.ENSP00000259457 0 0 0 0 0 0 179 179 
9606.ENSP00000399797 9606.ENSP00000269349 0 0 0 61 124 0 402 465 
9606.ENSP00000399797 9606.ENSP00000325863 85 0 0 88 163 0 121 304 
9606.ENSP00000399797 9606.ENSP00000263274 0 0 0 80 172 0 90 246 
9606.ENSP00000399797 9606.ENSP00000339958 0 0 0 0 0 0 210 210 
9606.ENSP00000399797 9606.ENSP00000265462 0 0 0 0 161 0 0 161 
9606.ENSP00000399797 9606.ENSP00000242776 0 0 0 61 124 0 259 338 
9606.ENSP00000399797 9606.ENSP00000263384 0 0 0 49 0 0 218 225 
9606.ENSP00000399797 9606.ENSP00000385410 0 0 0 61 0 0 197 213 
9606.ENSP00000399797 9606.ENSP00000216099 0 0 0 57 119 0 272 342 
9606.ENSP00000399797 9606.ENSP00000013807 0 0 0 59 0 0 222 236 
9606.ENSP00000399797 9606.ENSP00000270172 0 0 0 56 0 0 228 240 
9606.ENSP00000399797 9606.ENSP00000266987 0 0 0 61 0 0 378 391 
9606.ENSP00000399797 9606.ENSP00000286835 0 0 0 54 182 0 107 248 
9606.ENSP00000399797 9606.ENSP00000384211 0 0 0 62 0 0 153 172 
9606.ENSP00000399797 9606.ENSP00000480986 0 0 0 97 160 0 68 231 
9606.ENSP00000399797 9606.ENSP00000362296 0 0 0 0 52 0 218 227 
9606.ENSP00000399797 9606.ENSP00000328992 0 0 0 0 0 0 255 255 
9606.ENSP00000399797 9606.ENSP00000305230 0 0 0 0 0 0 305 305 
9606.ENSP00000399797 9606.ENSP00000361949 0 0 0 53 52 0 286 303 
9606.ENSP00000399797 9606.ENSP00000398880 0 0 0 64 156 0 59 191 
9606.ENSP00000399797 9606.ENSP00000473200 0 0 0 0 157 0 59 172 
9606.ENSP00000399797 9606.ENSP00000355506 51 0 0 64 183 0 222 360 
9606.ENSP00000399797 9606.ENSP00000264346 0 0 0 82 0 0 205 239 
9606.ENSP00000399797 9606.ENSP00000247815 72 0 0 62 188 0 117 292 
9606.ENSP00000399797 9606.ENSP00000347444 44 0 0 62 104 0 106 186 
9606.ENSP00000399797 9606.ENSP00000392709 0 0 0 52 0 0 189 198 
9606.ENSP00000399797 9606.ENSP00000359321 0 0 0 111 0 0 93 159 
9606.ENSP00000399797 9606.ENSP00000430823 0 0 0 48 0 0 156 162 
9606.ENSP00000399797 9606.ENSP00000257552 0 0 0 0 124 0 86 165 
9606.ENSP00000399797 9606.ENSP00000437635 0 0 0 0 0 0 307 307 
9606.ENSP00000399797 9606.ENSP00000370745 0 0 0 61 124 0 312 384 
9606.ENSP00000399797 9606.ENSP00000311816 0 0 0 61 80 0 101 155 
9606.ENSP00000399797 9606.ENSP00000358799 0 0 0 61 185 0 74 230 
9606.ENSP00000399797 9606.ENSP00000339245 0 0 0 62 0 0 257 273 
9606.ENSP00000399797 9606.ENSP00000473384 51 0 0 64 183 0 95 255 
9606.ENSP00000399797 9606.ENSP00000380251 0 0 0 0 124 0 70 150 
9606.ENSP00000399797 9606.ENSP00000270066 0 0 0 53 0 0 329 337 
9606.ENSP00000399797 9606.ENSP00000342278 0 0 0 61 0 0 159 176 
9606.ENSP00000399797 9606.ENSP00000338352 0 0 0 0 124 0 70 150 
9606.ENSP00000399797 9606.ENSP00000305995 45 0 0 52 133 0 50 154 
9606.ENSP00000399797 9606.ENSP00000481495 0 0 0 61 124 0 268 345 
9606.ENSP00000399797 9606.ENSP00000337797 0 0 0 50 150 0 50 165 
9606.ENSP00000399797 9606.ENSP00000216038 0 0 0 0 0 0 359 359 
9606.ENSP00000399797 9606.ENSP00000349168 0 0 0 62 134 0 55 166 
9606.ENSP00000399797 9606.ENSP00000378504 0 0 0 63 132 0 50 159 
9606.ENSP00000399797 9606.ENSP00000377793 0 0 0 63 0 0 159 178 
9606.ENSP00000399797 9606.ENSP00000382976 0 0 0 61 0 0 144 161 
9606.ENSP00000399797 9606.ENSP00000313171 0 0 0 64 134 0 57 168 
9606.ENSP00000399797 9606.ENSP00000238609 0 0 0 83 0 0 115 154 
9606.ENSP00000399797 9606.ENSP00000484056 0 0 0 61 64 0 471 495 
9606.ENSP00000399797 9606.ENSP00000379873 0 0 0 0 348 0 58 359 
9606.ENSP00000399797 9606.ENSP00000378067 0 0 0 0 0 0 228 228 
9606.ENSP00000399797 9606.ENSP00000371475 0 0 0 62 161 0 92 223 
9606.ENSP00000399797 9606.ENSP00000365160 0 0 0 0 124 0 70 150 
9606.ENSP00000399797 9606.ENSP00000341289 0 0 0 0 0 0 169 169 
9606.ENSP00000399797 9606.ENSP00000261875 0 0 0 49 0 0 279 285 
9606.ENSP00000399797 9606.ENSP00000362306 0 0 0 63 170 900 417 948 
9606.ENSP00000399797 9606.ENSP00000333024 0 0 0 62 50 0 163 189 
9606.ENSP00000399797 9606.ENSP00000321711 0 0 0 64 110 0 76 163 
9606.ENSP00000399797 9606.ENSP00000360526 0 0 0 81 80 900 0 908 
9606.ENSP00000399797 9606.ENSP00000246194 0 0 0 0 163 0 62 181 
9606.ENSP00000399797 9606.ENSP00000264634 0 0 0 0 0 0 401 401 
9606.ENSP00000399797 9606.ENSP00000381577 0 0 0 81 80 0 78 152 
9606.ENSP00000399797 9606.ENSP00000273047 0 0 0 0 387 0 56 396 
9606.ENSP00000399797 9606.ENSP00000440005 0 0 0 0 53 0 230 239 
9606.ENSP00000399797 9606.ENSP00000452549 58 0 0 64 124 0 68 183 
9606.ENSP00000399797 9606.ENSP00000353344 0 0 0 0 0 900 0 900 
9606.ENSP00000399797 9606.ENSP00000302160 0 0 0 55 179 0 73 217 
9606.ENSP00000399797 9606.ENSP00000262643 0 0 0 61 185 0 46 206 
9606.ENSP00000399797 9606.ENSP00000263642 0 0 0 127 82 0 238 337 
9606.ENSP00000399797 9606.ENSP00000400467 0 0 0 55 221 0 0 232 
9606.ENSP00000399797 9606.ENSP00000457411 0 0 0 68 182 0 0 205 
9606.ENSP00000399797 9606.ENSP00000342513 0 0 0 61 0 0 186 203 
9606.ENSP00000399797 9606.ENSP00000320503 58 0 0 64 124 0 507 568 
9606.ENSP00000399797 9606.ENSP00000369473 0 0 0 0 0 0 173 173 
9606.ENSP00000399797 9606.ENSP00000368565 0 0 0 64 0 0 188 207 
9606.ENSP00000399797 9606.ENSP00000321348 0 0 0 0 0 0 208 208 
9606.ENSP00000399797 9606.ENSP00000356331 0 0 0 0 0 900 44 900 
9606.ENSP00000399797 9606.ENSP00000212015 0 0 0 0 104 0 92 151 
9606.ENSP00000399797 9606.ENSP00000404121 0 0 0 0 288 0 224 424 
9606.ENSP00000399797 9606.ENSP00000320949 0 0 0 91 0 0 138 183 
9606.ENSP00000399797 9606.ENSP00000264705 0 0 0 84 99 0 57 154 
9606.ENSP00000399797 9606.ENSP00000364212 0 0 0 0 0 0 219 219 
9606.ENSP00000399797 9606.ENSP00000332454 70 0 0 55 105 0 62 163 
9606.ENSP00000399797 9606.ENSP00000363017 0 0 0 61 193 0 74 237 
9606.ENSP00000399797 9606.ENSP00000359688 0 0 0 64 142 0 0 162 
9606.ENSP00000399797 9606.ENSP00000284690 0 0 0 97 165 0 68 235 
9606.ENSP00000399797 9606.ENSP00000466399 0 0 0 63 162 0 88 221 
9606.ENSP00000399797 9606.ENSP00000390941 0 0 0 63 0 0 393 407 
9606.ENSP00000399797 9606.ENSP00000446485 0 0 0 62 0 0 235 251 
9606.ENSP00000399797 9606.ENSP00000314029 0 0 0 61 788 0 45 794 
9606.ENSP00000399797 9606.ENSP00000463058 0 0 0 0 0 0 372 372 
9606.ENSP00000399797 9606.ENSP00000349022 0 0 0 0 0 0 167 167 
9606.ENSP00000399797 9606.ENSP00000388107 0 0 0 61 0 900 0 902 
9606.ENSP00000399797 9606.ENSP00000481646 0 0 0 55 813 0 191 845 
9606.ENSP00000399797 9606.ENSP00000382707 0 0 0 62 0 0 266 282 
9606.ENSP00000399797 9606.ENSP00000347883 0 0 0 82 118 0 0 155 
9606.ENSP00000399797 9606.ENSP00000385269 0 0 0 62 0 0 474 486 
9606.ENSP00000399797 9606.ENSP00000294383 0 0 0 81 80 0 78 152 
9606.ENSP00000399797 9606.ENSP00000356530 70 0 0 0 105 0 364 424 
9606.ENSP00000399797 9606.ENSP00000257177 0 0 0 79 0 0 151 185 
9606.ENSP00000399797 9606.ENSP00000340329 0 0 0 67 0 0 400 416 
9606.ENSP00000399797 9606.ENSP00000253024 0 0 0 59 80 0 249 293 
9606.ENSP00000399797 9606.ENSP00000398131 0 0 0 46 112 0 143 210 
9606.ENSP00000399797 9606.ENSP00000323421 52 0 0 64 105 0 58 151 
9606.ENSP00000399797 9606.ENSP00000370150 0 0 0 55 125 0 105 195 
9606.ENSP00000399797 9606.ENSP00000219240 45 0 0 0 157 0 0 160 
9606.ENSP00000399797 9606.ENSP00000479618 0 0 0 63 0 900 187 917 
9606.ENSP00000399797 9606.ENSP00000394720 0 0 0 0 0 0 158 158 
9606.ENSP00000399797 9606.ENSP00000355613 0 0 0 0 0 0 173 173 
9606.ENSP00000399797 9606.ENSP00000379203 0 0 0 0 386 0 0 386 
9606.ENSP00000399797 9606.ENSP00000379838 0 0 0 51 84 0 203 246 
9606.ENSP00000399797 9606.ENSP00000245255 0 0 0 62 157 0 504 574 
9606.ENSP00000399797 9606.ENSP00000362649 0 0 0 75 95 900 65 911 
9606.ENSP00000399797 9606.ENSP00000369075 0 0 0 63 182 0 159 299 
9606.ENSP00000399797 9606.ENSP00000343064 0 0 0 0 0 0 212 212 
9606.ENSP00000399797 9606.ENSP00000354957 52 0 0 63 105 0 58 150 
9606.ENSP00000399797 9606.ENSP00000359518 0 0 0 62 157 0 50 183 
9606.ENSP00000399797 9606.ENSP00000359361 0 0 0 63 124 0 62 162 
9606.ENSP00000399797 9606.ENSP00000329466 0 0 0 61 175 0 68 215 
9606.ENSP00000399797 9606.ENSP00000402653 0 0 0 49 0 0 182 189 
9606.ENSP00000399797 9606.ENSP00000299001 0 0 0 62 157 0 504 574 
9606.ENSP00000399797 9606.ENSP00000473172 0 0 0 61 68 0 528 550 
9606.ENSP00000399797 9606.ENSP00000351947 0 0 0 66 80 0 112 171 
9606.ENSP00000399797 9606.ENSP00000354109 0 0 0 0 0 0 279 279 
9606.ENSP00000399797 9606.ENSP00000263354 0 0 0 62 0 0 626 634 
9606.ENSP00000399797 9606.ENSP00000326381 0 0 0 61 124 0 181 267 
9606.ENSP00000399797 9606.ENSP00000401980 0 0 0 61 0 0 201 218 
9606.ENSP00000399797 9606.ENSP00000416125 0 0 0 0 0 0 225 225 
9606.ENSP00000399797 9606.ENSP00000273179 0 0 0 145 0 0 56 158 
9606.ENSP00000399797 9606.ENSP00000301067 0 0 0 63 50 900 53 904 
9606.ENSP00000399797 9606.ENSP00000307853 0 0 0 0 131 0 90 175 
9606.ENSP00000399797 9606.ENSP00000360918 0 0 0 61 0 0 290 305 
9606.ENSP00000399797 9606.ENSP00000288071 0 0 0 62 0 0 204 222 
9606.ENSP00000399797 9606.ENSP00000400142 0 0 0 0 0 0 215 215 
9606.ENSP00000399797 9606.ENSP00000309749 0 0 0 57 0 0 396 407 
9606.ENSP00000399797 9606.ENSP00000255324 44 0 0 78 104 0 220 302 
9606.ENSP00000399797 9606.ENSP00000384018 0 0 0 148 0 0 82 184 
9606.ENSP00000399797 9606.ENSP00000339063 0 0 0 61 112 0 188 264 
9606.ENSP00000399797 9606.ENSP00000255040 0 0 0 0 0 0 220 220 
9606.ENSP00000399797 9606.ENSP00000360860 0 0 0 64 50 0 206 232 
9606.ENSP00000399797 9606.ENSP00000358635 0 0 0 63 160 0 211 325 
9606.ENSP00000399797 9606.ENSP00000366618 0 0 0 0 52 900 160 913 
9606.ENSP00000399797 9606.ENSP00000264951 0 0 0 61 171 0 496 573 
9606.ENSP00000399797 9606.ENSP00000419945 0 0 0 0 0 0 215 215 
9606.ENSP00000399797 9606.ENSP00000231121 0 0 0 0 0 0 442 442 
9606.ENSP00000399797 9606.ENSP00000380033 0 0 0 61 126 0 328 400 
9606.ENSP00000399797 9606.ENSP00000347232 0 0 0 62 132 0 89 193 
9606.ENSP00000399797 9606.ENSP00000310520 0 0 0 0 131 0 109 193 
9606.ENSP00000399797 9606.ENSP00000262039 0 0 0 97 132 0 68 205 
9606.ENSP00000399797 9606.ENSP00000446271 0 0 0 63 0 0 523 533 
9606.ENSP00000399797 9606.ENSP00000484105 0 0 0 81 0 0 117 154 
9606.ENSP00000399797 9606.ENSP00000342626 0 0 0 0 0 0 203 203 
9606.ENSP00000399797 9606.ENSP00000362300 0 0 0 63 236 900 597 967 
9606.ENSP00000399797 9606.ENSP00000317224 0 0 0 62 82 0 228 277 
9606.ENSP00000399797 9606.ENSP00000250559 0 0 0 0 821 0 203 851 
9606.ENSP00000399797 9606.ENSP00000386049 0 0 0 62 0 0 162 180 
9606.ENSP00000399797 9606.ENSP00000346839 0 0 0 0 0 0 206 206 
9606.ENSP00000399797 9606.ENSP00000352738 0 0 0 53 58 0 287 309 
9606.ENSP00000399797 9606.ENSP00000244020 0 0 0 0 87 0 127 169 
9606.ENSP00000399797 9606.ENSP00000258962 0 0 0 61 87 0 259 309 
9606.ENSP00000399797 9606.ENSP00000367835 0 0 0 0 157 0 59 172 
9606.ENSP00000399797 9606.ENSP00000301587 0 0 0 0 0 0 467 467 
9606.ENSP00000399797 9606.ENSP00000336741 0 0 0 97 262 0 99 347 
9606.ENSP00000399797 9606.ENSP00000253110 0 0 0 0 0 0 597 597 
9606.ENSP00000399797 9606.ENSP00000331127 0 0 0 97 132 0 77 213 
9606.ENSP00000399797 9606.ENSP00000294117 0 0 0 0 0 0 209 209 
9606.ENSP00000399797 9606.ENSP00000451974 0 0 0 63 162 0 88 221 
9606.ENSP00000399797 9606.ENSP00000370968 0 0 0 81 0 0 132 168 
9606.ENSP00000399797 9606.ENSP00000365883 0 0 0 0 124 0 70 150 
9606.ENSP00000399797 9606.ENSP00000262441 0 0 0 0 0 0 238 238 
9606.ENSP00000399797 9606.ENSP00000482504 0 0 0 0 0 0 402 402 
9606.ENSP00000399797 9606.ENSP00000251241 0 0 0 97 160 0 68 231 
9606.ENSP00000399797 9606.ENSP00000359095 0 0 0 60 0 900 0 901 
9606.ENSP00000399797 9606.ENSP00000414237 0 0 0 0 0 0 225 225 
9606.ENSP00000399797 9606.ENSP00000385057 0 0 0 61 0 0 599 607 
9606.ENSP00000399797 9606.ENSP00000360266 0 0 0 0 127 900 55 910 
9606.ENSP00000399797 9606.ENSP00000382863 43 0 0 65 82 0 135 195 
9606.ENSP00000399797 9606.ENSP00000377036 0 0 0 0 0 0 228 228 
9606.ENSP00000399797 9606.ENSP00000454836 0 0 0 160 50 0 0 167 
9606.ENSP00000399797 9606.ENSP00000250113 0 0 0 0 71 0 276 299 
9606.ENSP00000399797 9606.ENSP00000336721 0 0 0 61 260 0 296 468 
9606.ENSP00000399797 9606.ENSP00000278412 0 0 0 61 162 0 56 192 
9606.ENSP00000399797 9606.ENSP00000437256 0 0 0 62 131 0 579 627 
9606.ENSP00000399797 9606.ENSP00000263063 0 0 0 79 0 0 178 210 
9606.ENSP00000399797 9606.ENSP00000384490 0 0 0 0 358 900 127 939 
9606.ENSP00000399797 9606.ENSP00000205890 0 0 0 61 64 0 217 252 
9606.ENSP00000399797 9606.ENSP00000341247 0 0 0 0 187 0 91 230 
9606.ENSP00000399797 9606.ENSP00000415151 0 0 0 46 0 900 0 900 
9606.ENSP00000399797 9606.ENSP00000359621 0 0 0 61 0 0 132 150 
9606.ENSP00000399797 9606.ENSP00000053468 0 0 0 52 798 0 0 800 
9606.ENSP00000399797 9606.ENSP00000483254 0 0 0 0 163 0 211 312 
9606.ENSP00000399797 9606.ENSP00000225792 0 0 0 61 126 0 330 402 
9606.ENSP00000399797 9606.ENSP00000269586 0 0 0 0 53 0 397 405 
9606.ENSP00000399797 9606.ENSP00000358458 0 0 0 62 0 0 313 328 
9606.ENSP00000399797 9606.ENSP00000280358 0 0 0 0 0 0 155 155 
9606.ENSP00000399797 9606.ENSP00000417038 0 0 0 55 57 0 219 243 
9606.ENSP00000399797 9606.ENSP00000367022 0 0 0 0 61 900 42 902 
9606.ENSP00000399797 9606.ENSP00000264515 0 0 0 0 50 900 57 902 
9606.ENSP00000399797 9606.ENSP00000362217 0 0 0 0 0 0 225 225 
9606.ENSP00000399797 9606.ENSP00000359485 0 0 0 152 0 0 0 152 
9606.ENSP00000399797 9606.ENSP00000472847 0 0 0 0 0 0 519 519 
9606.ENSP00000399797 9606.ENSP00000442699 0 0 0 0 0 0 188 188 
9606.ENSP00000399797 9606.ENSP00000370896 0 0 0 0 0 900 50 900 
9606.ENSP00000399797 9606.ENSP00000386226 0 0 0 0 163 0 62 181 
9606.ENSP00000399797 9606.ENSP00000348108 0 0 0 65 179 0 200 333 
9606.ENSP00000399797 9606.ENSP00000255882 0 0 0 97 132 0 68 205 
9606.ENSP00000399797 9606.ENSP00000361982 60 0 0 61 56 0 101 150 
9606.ENSP00000399797 9606.ENSP00000347978 51 0 0 64 183 0 116 273 
9606.ENSP00000399797 9606.ENSP00000331907 0 0 0 97 160 0 434 533 
9606.ENSP00000399797 9606.ENSP00000224140 0 0 0 78 0 0 278 306 
9606.ENSP00000399797 9606.ENSP00000265276 0 0 0 0 0 0 225 225 
9606.ENSP00000399797 9606.ENSP00000454545 0 0 0 61 185 0 43 203 
9606.ENSP00000399797 9606.ENSP00000354451 0 0 0 51 0 0 209 217 
9606.ENSP00000399797 9606.ENSP00000352925 0 0 0 97 132 0 68 205 
9606.ENSP00000399797 9606.ENSP00000289316 0 0 0 0 52 900 63 903 
9606.ENSP00000399797 9606.ENSP00000360623 60 0 0 102 80 0 55 168 
9606.ENSP00000399797 9606.ENSP00000367422 0 0 0 0 0 0 161 161 
9606.ENSP00000399797 9606.ENSP00000353741 0 0 0 55 132 0 127 221 
9606.ENSP00000399797 9606.ENSP00000417078 0 0 0 101 160 0 236 373 
9606.ENSP00000399797 9606.ENSP00000382423 0 0 0 63 126 0 50 154 
9606.ENSP00000399797 9606.ENSP00000351811 0 0 0 62 0 0 299 315 
9606.ENSP00000399797 9606.ENSP00000434024 0 0 0 0 61 900 42 902 
9606.ENSP00000399797 9606.ENSP00000384198 0 0 0 63 0 0 270 287 
9606.ENSP00000399797 9606.ENSP00000369213 0 0 0 127 82 0 284 376 
9606.ENSP00000399797 9606.ENSP00000269499 0 0 0 62 123 0 132 224 
9606.ENSP00000399797 9606.ENSP00000357122 0 0 0 0 0 0 151 151 
9606.ENSP00000399797 9606.ENSP00000351284 0 0 0 53 186 0 104 248 
9606.ENSP00000399797 9606.ENSP00000265018 0 0 0 49 0 0 281 287 
9606.ENSP00000399797 9606.ENSP00000341094 0 0 0 0 61 900 42 902 
9606.ENSP00000399797 9606.ENSP00000310657 0 0 0 0 0 0 266 266 
9606.ENSP00000399797 9606.ENSP00000240361 0 0 0 49 0 0 160 167 
9606.ENSP00000399797 9606.ENSP00000477907 0 0 0 0 52 900 0 901 
9606.ENSP00000399797 9606.ENSP00000360874 0 0 0 64 50 0 203 229 
9606.ENSP00000399797 9606.ENSP00000362287 0 0 0 63 170 900 453 951 
9606.ENSP00000399797 9606.ENSP00000247970 0 0 0 0 157 0 62 175 
9606.ENSP00000399797 9606.ENSP00000307208 0 0 0 190 85 0 56 239 
9606.ENSP00000399797 9606.ENSP00000322396 0 0 0 61 138 0 0 156 
9606.ENSP00000399797 9606.ENSP00000323856 0 0 0 55 128 0 66 163 
9606.ENSP00000399797 9606.ENSP00000302144 0 0 0 0 0 0 605 605 
9606.ENSP00000399797 9606.ENSP00000466834 0 0 0 63 162 0 88 221 
9606.ENSP00000399797 9606.ENSP00000268533 0 0 0 0 124 0 70 150 
9606.ENSP00000399797 9606.ENSP00000362082 0 0 0 0 0 900 0 900 
9606.ENSP00000399797 9606.ENSP00000400168 0 0 0 0 169 0 64 188 
9606.ENSP00000399797 9606.ENSP00000358159 0 0 0 63 0 0 262 279 
9606.ENSP00000399797 9606.ENSP00000482657 0 0 0 63 126 0 271 351 
9606.ENSP00000399797 9606.ENSP00000371212 0 0 0 63 148 0 53 178 
9606.ENSP00000399797 9606.ENSP00000267430 0 0 0 84 185 0 163 320 
9606.ENSP00000399797 9606.ENSP00000309714 0 0 0 97 132 0 68 205 
9606.ENSP00000399797 9606.ENSP00000255030 0 0 0 0 0 0 405 405 
9606.ENSP00000399797 9606.ENSP00000351446 0 0 0 62 45 900 50 903 
9606.ENSP00000399797 9606.ENSP00000281513 0 0 0 62 0 0 296 312 
9606.ENSP00000399797 9606.ENSP00000350090 0 0 0 0 163 0 62 181 
9606.ENSP00000399797 9606.ENSP00000263681 0 0 0 62 165 0 75 212 
9606.ENSP00000399797 9606.ENSP00000352257 0 0 0 61 132 0 187 279 
9606.ENSP00000399797 9606.ENSP00000255120 0 0 0 88 0 0 138 181 
9606.ENSP00000399797 9606.ENSP00000357981 0 0 0 362 0 0 0 362 
9606.ENSP00000399797 9606.ENSP00000349208 0 0 0 62 157 0 325 420 
9606.ENSP00000399797 9606.ENSP00000377218 0 0 0 0 0 0 182 182 
9606.ENSP00000399797 9606.ENSP00000281722 0 0 0 63 148 0 42 168 
9606.ENSP00000399797 9606.ENSP00000461930 0 0 0 0 386 0 0 386 
9606.ENSP00000399797 9606.ENSP00000288490 0 0 0 0 0 0 346 346 
9606.ENSP00000399797 9606.ENSP00000363574 0 0 0 55 0 0 733 737 
9606.ENSP00000399797 9606.ENSP00000413436 0 0 0 0 713 0 0 713 
9606.ENSP00000399797 9606.ENSP00000269305 0 0 0 0 306 900 110 932 
9606.ENSP00000399797 9606.ENSP00000301727 0 0 0 61 154 0 0 172 
9606.ENSP00000399797 9606.ENSP00000338173 0 0 0 63 50 0 444 462 
9606.ENSP00000399797 9606.ENSP00000354927 0 0 0 63 126 0 50 154 
9606.ENSP00000399797 9606.ENSP00000340474 0 0 0 61 0 0 164 181 
9606.ENSP00000399797 9606.ENSP00000325377 0 0 0 61 0 0 227 243 
9606.ENSP00000399797 9606.ENSP00000390778 0 0 0 62 171 0 92 232 
9606.ENSP00000399797 9606.ENSP00000380659 0 0 0 49 0 0 284 290 
9606.ENSP00000399797 9606.ENSP00000300146 0 0 0 61 133 0 178 273 
9606.ENSP00000399797 9606.ENSP00000347852 0 0 0 0 0 0 242 242 
9606.ENSP00000399797 9606.ENSP00000469689 0 0 0 55 92 0 103 164 
9606.ENSP00000399797 9606.ENSP00000406052 44 0 0 64 104 0 332 392 
9606.ENSP00000399797 9606.ENSP00000436679 0 0 0 63 132 0 82 188 
9606.ENSP00000399797 9606.ENSP00000483903 0 0 0 0 52 900 57 902 
9606.ENSP00000399797 9606.ENSP00000305974 0 0 0 0 0 0 152 152 
9606.ENSP00000399797 9606.ENSP00000332194 0 0 0 0 61 900 42 902 
9606.ENSP00000399797 9606.ENSP00000361021 0 0 0 49 0 900 83 905 
9606.ENSP00000399797 9606.ENSP00000294671 0 0 0 152 0 0 0 152 
9606.ENSP00000399797 9606.ENSP00000296795 0 0 0 154 67 0 64 196 
9606.ENSP00000399797 9606.ENSP00000375836 0 0 0 61 182 0 0 199 
9606.ENSP00000399797 9606.ENSP00000418112 0 0 0 0 0 0 173 173 
9606.ENSP00000399797 9606.ENSP00000249071 0 0 0 76 130 0 0 161 
9606.ENSP00000399797 9606.ENSP00000307863 0 0 0 49 128 0 156 239 
9606.ENSP00000399797 9606.ENSP00000230640 0 0 0 91 120 0 82 202 
9606.ENSP00000399797 9606.ENSP00000262238 0 0 0 61 80 0 122 175 
9606.ENSP00000399797 9606.ENSP00000386187 0 0 0 62 0 0 167 185 
9606.ENSP00000399797 9606.ENSP00000395538 0 0 0 63 0 0 322 338 
9606.ENSP00000399797 9606.ENSP00000382328 0 0 0 0 0 0 173 173 
9606.ENSP00000399797 9606.ENSP00000348708 0 0 0 101 370 0 428 648 
9606.ENSP00000399797 9606.ENSP00000296577 0 0 0 62 52 0 244 269 
9606.ENSP00000399797 9606.ENSP00000327459 0 0 0 79 0 0 478 499 
9606.ENSP00000399797 9606.ENSP00000395590 0 0 0 85 0 0 138 177 
9606.ENSP00000399797 9606.ENSP00000472465 0 0 0 0 0 0 508 508 
9606.ENSP00000399797 9606.ENSP00000308193 0 0 0 0 0 0 211 211 
9606.ENSP00000399797 9606.ENSP00000262794 0 0 0 0 0 0 156 156 
9606.ENSP00000399797 9606.ENSP00000250863 0 0 0 62 163 0 62 199 
9606.ENSP00000399797 9606.ENSP00000368699 0 0 0 64 0 0 221 240 
9606.ENSP00000399797 9606.ENSP00000255977 0 0 0 0 0 0 166 166 
9606.ENSP00000399797 9606.ENSP00000485664 0 0 0 56 0 0 202 214 
9606.ENSP00000399797 9606.ENSP00000356150 0 0 0 0 0 900 0 900 
9606.ENSP00000399797 9606.ENSP00000364519 0 0 0 61 0 900 69 904 
9606.ENSP00000399797 9606.ENSP00000354125 0 0 0 67 93 0 101 173 
9606.ENSP00000399797 9606.ENSP00000385787 0 0 0 78 742 0 62 757 
9606.ENSP00000399797 9606.ENSP00000313199 0 0 0 0 163 0 155 263 
9606.ENSP00000399797 9606.ENSP00000381216 0 0 0 62 0 0 230 246 
9606.ENSP00000399797 9606.ENSP00000352121 0 0 0 97 132 0 68 205 
9606.ENSP00000399797 9606.ENSP00000419471 0 0 0 63 162 0 88 221 
9606.ENSP00000399797 9606.ENSP00000476119 0 0 0 0 124 0 70 150 
9606.ENSP00000399797 9606.ENSP00000358812 0 0 0 63 62 0 218 252 
9606.ENSP00000399797 9606.ENSP00000305702 0 0 0 61 124 0 228 309 
9606.ENSP00000399797 9606.ENSP00000438553 0 0 0 0 61 900 42 902 
9606.ENSP00000399797 9606.ENSP00000265753 0 0 0 0 163 0 90 206 
9606.ENSP00000399797 9606.ENSP00000373272 0 0 0 0 281 0 230 423 
9606.ENSP00000399797 9606.ENSP00000224950 0 0 0 61 165 0 74 210 
9606.ENSP00000399797 9606.ENSP00000356811 0 0 0 0 112 0 91 158 
9606.ENSP00000399797 9606.ENSP00000228251 0 0 0 51 84 0 155 201 
9606.ENSP00000399797 9606.ENSP00000304697 0 0 0 63 0 900 0 902 
9606.ENSP00000399797 9606.ENSP00000323046 0 0 0 64 0 0 215 234 
9606.ENSP00000399797 9606.ENSP00000300030 0 0 0 49 157 0 50 171 
9606.ENSP00000399797 9606.ENSP00000335321 0 0 0 141 0 0 68 165 
9606.ENSP00000399797 9606.ENSP00000292599 0 0 0 0 0 900 58 901 
9606.ENSP00000399797 9606.ENSP00000362465 0 0 0 0 0 0 152 152 
9606.ENSP00000399797 9606.ENSP00000336783 0 0 0 62 0 900 599 959 
9606.ENSP00000399797 9606.ENSP00000161863 0 0 0 109 160 0 112 277 
9606.ENSP00000399797 9606.ENSP00000450607 0 0 0 90 80 0 72 155 
9606.ENSP00000399797 9606.ENSP00000263635 0 0 0 55 92 0 164 220 
9606.ENSP00000399797 9606.ENSP00000217182 0 0 0 0 112 0 91 158 
9606.ENSP00000399797 9606.ENSP00000260324 0 0 0 49 387 0 43 393 
9606.ENSP00000399797 9606.ENSP00000265350 0 0 0 0 0 0 186 186 
9606.ENSP00000399797 9606.ENSP00000302456 0 0 0 61 80 0 162 213 
9606.ENSP00000399797 9606.ENSP00000472308 0 0 0 61 0 0 132 150 
9606.ENSP00000399797 9606.ENSP00000329210 0 0 0 0 0 0 309 309 
9606.ENSP00000399797 9606.ENSP00000339001 0 0 0 0 0 0 248 248 
9606.ENSP00000399797 9606.ENSP00000323867 44 0 0 61 0 0 147 167 
9606.ENSP00000399797 9606.ENSP00000384359 0 0 0 57 0 0 389 399 
9606.ENSP00000399797 9606.ENSP00000266556 0 0 0 163 0 0 0 163 
9606.ENSP00000399797 9606.ENSP00000355249 0 0 0 56 0 900 49 902 
9606.ENSP00000399797 9606.ENSP00000362773 0 0 0 0 157 0 62 175 
9606.ENSP00000399797 9606.ENSP00000479169 0 0 0 0 52 900 56 902 
9606.ENSP00000399797 9606.ENSP00000428572 0 0 0 0 0 0 231 231 
9606.ENSP00000399797 9606.ENSP00000316476 0 0 0 0 0 0 543 543 
9606.ENSP00000399797 9606.ENSP00000305480 51 0 0 63 183 0 95 254 
9606.ENSP00000399797 9606.ENSP00000368349 0 0 0 69 175 0 64 219 
9606.ENSP00000399797 9606.ENSP00000302961 0 0 0 0 80 0 161 196 
9606.ENSP00000399797 9606.ENSP00000277541 0 0 0 45 0 900 64 902 
9606.ENSP00000399797 9606.ENSP00000346067 0 0 0 61 0 0 142 160 
9606.ENSP00000399797 9606.ENSP00000262367 0 0 0 77 85 900 46 908 
9606.ENSP00000399797 9606.ENSP00000256722 0 0 0 129 0 0 179 254 
9606.ENSP00000399797 9606.ENSP00000353920 0 0 0 62 0 0 268 284 
9606.ENSP00000399797 9606.ENSP00000390621 0 0 0 61 124 0 131 222 
9606.ENSP00000399797 9606.ENSP00000425133 0 0 0 56 261 0 398 543 
9606.ENSP00000399797 9606.ENSP00000396467 0 0 0 0 0 900 0 900 
9606.ENSP00000399797 9606.ENSP00000261435 0 0 0 0 0 0 173 173 
9606.ENSP00000399797 9606.ENSP00000335153 0 0 0 49 64 0 218 244 
9606.ENSP00000399797 9606.ENSP00000470059 0 0 0 0 0 0 521 521 
9606.ENSP00000399797 9606.ENSP00000361232 0 0 0 62 124 0 406 469 
9606.ENSP00000399797 9606.ENSP00000478754 0 0 0 63 124 0 725 755 
9606.ENSP00000399797 9606.ENSP00000332706 0 0 0 62 0 0 309 324 
9606.ENSP00000399797 9606.ENSP00000365433 0 0 0 0 0 0 171 171 
9606.ENSP00000399797 9606.ENSP00000414302 0 0 0 0 163 0 62 181 
9606.ENSP00000399797 9606.ENSP00000361066 0 0 0 57 0 900 0 901 
9606.ENSP00000399797 9606.ENSP00000387593 0 0 0 55 92 0 117 176 
9606.ENSP00000399797 9606.ENSP00000405726 0 0 0 114 50 0 96 173 
9606.ENSP00000399797 9606.ENSP00000346997 0 0 0 61 50 0 165 190 
9606.ENSP00000399797 9606.ENSP00000242067 0 0 0 49 0 0 201 208 
9606.ENSP00000399797 9606.ENSP00000434552 0 0 0 0 0 900 79 903 
9606.ENSP00000399797 9606.ENSP00000457733 0 0 0 61 0 0 138 155 
9606.ENSP00000399797 9606.ENSP00000262878 0 0 0 61 0 0 496 506 
9606.ENSP00000399797 9606.ENSP00000244573 0 0 0 0 198 0 0 198 
9606.ENSP00000399797 9606.ENSP00000296318 0 0 0 0 0 0 201 201 
9606.ENSP00000399797 9606.ENSP00000261254 0 0 0 0 0 900 45 900 
9606.ENSP00000399797 9606.ENSP00000414321 0 0 0 55 234 0 0 245 
9606.ENSP00000399797 9606.ENSP00000346120 0 0 0 61 124 0 249 328 
9606.ENSP00000399797 9606.ENSP00000272317 0 0 0 61 0 900 0 902 
9606.ENSP00000399797 9606.ENSP00000257904 0 0 0 62 63 900 63 906 
9606.ENSP00000399797 9606.ENSP00000232603 0 0 0 62 0 0 131 150 
9606.ENSP00000399797 9606.ENSP00000450909 0 0 0 0 163 0 62 181 
9606.ENSP00000399797 9606.ENSP00000363314 0 0 0 51 260 0 470 595 
9606.ENSP00000399797 9606.ENSP00000369757 0 0 0 62 132 0 57 165 
9606.ENSP00000399797 9606.ENSP00000354346 0 0 0 0 0 0 298 298 
9606.ENSP00000399797 9606.ENSP00000365625 0 0 0 97 160 0 68 231 
9606.ENSP00000399797 9606.ENSP00000281589 0 0 0 53 52 0 258 275 
9606.ENSP00000399797 9606.ENSP00000350734 0 0 0 62 0 0 168 186 
9606.ENSP00000399797 9606.ENSP00000480884 0 0 0 0 0 0 215 215 
9606.ENSP00000399797 9606.ENSP00000379144 0 0 0 64 0 900 625 961 
9606.ENSP00000399797 9606.ENSP00000359339 0 0 0 0 0 0 330 330 
9606.ENSP00000399797 9606.ENSP00000425979 0 0 0 62 131 0 440 503 
9606.ENSP00000399797 9606.ENSP00000298283 0 0 0 0 217 0 0 217 
9606.ENSP00000399797 9606.ENSP00000263073 0 0 0 73 261 0 325 498 
9606.ENSP00000399797 9606.ENSP00000349594 0 0 0 62 0 0 159 177 
9606.ENSP00000399797 9606.ENSP00000216133 0 0 0 57 358 0 543 699 
9606.ENSP00000399797 9606.ENSP00000449960 0 0 0 0 0 0 164 164 
9606.ENSP00000399797 9606.ENSP00000384625 0 0 0 61 0 900 0 902 
9606.ENSP00000399797 9606.ENSP00000381601 45 0 0 228 0 0 205 362 
9606.ENSP00000399797 9606.ENSP00000321427 0 0 0 0 0 0 202 202 
9606.ENSP00000399797 9606.ENSP00000264645 0 0 0 0 262 0 284 449 
9606.ENSP00000399797 9606.ENSP00000479365 0 0 0 0 163 0 210 311 
9606.ENSP00000399797 9606.ENSP00000355541 0 0 0 201 0 0 0 201 
9606.ENSP00000399797 9606.ENSP00000382840 0 0 0 62 124 0 547 595 
9606.ENSP00000399797 9606.ENSP00000385824 0 0 0 0 0 900 0 900 
9606.ENSP00000399797 9606.ENSP00000355011 0 0 0 58 241 0 170 354 
9606.ENSP00000399797 9606.ENSP00000354040 0 0 0 143 0 0 90 186 
9606.ENSP00000399797 9606.ENSP00000359490 0 0 0 160 0 0 0 160 
9606.ENSP00000399797 9606.ENSP00000367263 0 0 0 0 0 0 168 168 
9606.ENSP00000399797 9606.ENSP00000288235 0 0 0 85 411 0 0 438 
9606.ENSP00000399797 9606.ENSP00000368458 54 0 0 61 132 0 59 177 
9606.ENSP00000399797 9606.ENSP00000364543 0 0 0 91 120 0 313 402 
9606.ENSP00000399797 9606.ENSP00000240185 0 0 0 0 117 0 88 160 
9606.ENSP00000399797 9606.ENSP00000262189 0 0 0 63 50 900 53 904 
9606.ENSP00000399797 9606.ENSP00000349430 0 0 0 0 52 900 50 902 
9606.ENSP00000399797 9606.ENSP00000376309 0 0 0 0 163 0 62 181 
9606.ENSP00000399797 9606.ENSP00000227507 0 0 0 0 0 900 41 900 
9606.ENSP00000399797 9606.ENSP00000470142 0 0 0 0 777 0 335 846 
9606.ENSP00000399797 9606.ENSP00000349961 52 0 0 66 105 0 58 154 
9606.ENSP00000399797 9606.ENSP00000340896 0 0 0 63 0 900 50 903 
9606.ENSP00000399797 9606.ENSP00000380241 0 0 0 0 124 0 70 150 
9606.ENSP00000399797 9606.ENSP00000254508 0 0 0 62 0 0 202 219 
9606.ENSP00000399797 9606.ENSP00000366843 0 0 0 63 182 0 241 367 
9606.ENSP00000399797 9606.ENSP00000355185 0 0 0 62 0 0 394 407 
9606.ENSP00000399797 9606.ENSP00000477715 0 0 0 0 0 0 198 198 
9606.ENSP00000399797 9606.ENSP00000483667 43 0 0 62 82 900 118 914 
9606.ENSP00000399797 9606.ENSP00000304783 0 0 0 0 0 0 153 153 
9606.ENSP00000399797 9606.ENSP00000420195 0 0 0 0 163 0 62 181 
9606.ENSP00000399797 9606.ENSP00000469468 0 0 0 0 0 0 283 283 
9606.ENSP00000399797 9606.ENSP00000351697 0 0 0 64 175 0 64 214 
9606.ENSP00000399797 9606.ENSP00000332887 0 0 0 0 386 0 0 386 
9606.ENSP00000399797 9606.ENSP00000475027 0 0 0 55 188 0 135 278 
9606.ENSP00000399797 9606.ENSP00000265465 0 0 0 71 50 0 130 166 
9606.ENSP00000399797 9606.ENSP00000358563 60 0 0 61 56 0 101 150 
9606.ENSP00000399797 9606.ENSP00000264279 0 0 0 62 55 0 162 193 
9606.ENSP00000399797 9606.ENSP00000373312 0 0 0 0 0 0 198 198 
9606.ENSP00000399797 9606.ENSP00000351015 0 0 0 63 0 0 163 182 
9606.ENSP00000399797 9606.ENSP00000359211 45 0 0 0 157 0 0 160 
9606.ENSP00000399797 9606.ENSP00000238146 0 0 0 61 124 0 619 659 
9606.ENSP00000399797 9606.ENSP00000233242 0 0 0 61 0 0 232 248 
9606.ENSP00000399797 9606.ENSP00000387471 0 0 0 49 157 0 50 171 
9606.ENSP00000399797 9606.ENSP00000286398 52 0 0 66 105 0 58 154 
9606.ENSP00000399797 9606.ENSP00000330031 0 0 0 62 132 0 153 250 
9606.ENSP00000399797 9606.ENSP00000446184 0 0 0 146 62 0 0 164 
9606.ENSP00000399797 9606.ENSP00000407497 0 0 0 0 0 0 250 250 
9606.ENSP00000399797 9606.ENSP00000308750 0 0 0 58 0 900 167 914 
9606.ENSP00000399797 9606.ENSP00000346694 0 0 0 0 163 0 156 264 
9606.ENSP00000399797 9606.ENSP00000266679 0 0 0 64 0 0 182 202 
9606.ENSP00000399797 9606.ENSP00000380495 0 0 0 61 124 0 62 161 
9606.ENSP00000399797 9606.ENSP00000428480 0 0 0 0 50 0 320 326 
9606.ENSP00000399797 9606.ENSP00000405111 0 0 0 97 160 0 89 248 
9606.ENSP00000399797 9606.ENSP00000353863 0 0 0 61 80 0 230 277 
9606.ENSP00000399797 9606.ENSP00000353444 0 0 0 0 386 0 0 386 
9606.ENSP00000399797 9606.ENSP00000344208 0 0 0 62 0 0 270 286 
9606.ENSP00000399797 9606.ENSP00000262904 0 0 0 62 0 900 45 902 
9606.ENSP00000399797 9606.ENSP00000376349 0 0 0 0 124 0 70 150 
9606.ENSP00000399797 9606.ENSP00000233057 0 0 0 67 125 0 334 409 
9606.ENSP00000399797 9606.ENSP00000220592 0 0 0 63 171 900 757 978 
9606.ENSP00000399797 9606.ENSP00000318297 0 0 0 50 68 0 362 386 
9606.ENSP00000399797 9606.ENSP00000342002 0 0 0 61 80 0 126 179 
9606.ENSP00000399797 9606.ENSP00000354558 0 0 0 97 132 0 68 205 
9606.ENSP00000399797 9606.ENSP00000219782 0 0 0 61 80 0 123 176 
9606.ENSP00000399797 9606.ENSP00000451291 0 0 0 0 163 0 287 378 
9606.ENSP00000399797 9606.ENSP00000359640 0 0 0 61 0 0 301 315 
9606.ENSP00000399797 9606.ENSP00000360966 0 0 0 109 129 0 0 190 
9606.ENSP00000399797 9606.ENSP00000416959 0 0 0 0 163 0 62 181 
9606.ENSP00000399797 9606.ENSP00000362643 0 0 0 0 0 0 291 291 
9606.ENSP00000399797 9606.ENSP00000375067 0 0 0 62 0 0 213 230 
9606.ENSP00000399797 9606.ENSP00000357459 0 0 0 64 0 0 498 510 
9606.ENSP00000399797 9606.ENSP00000472286 0 0 0 0 387 0 43 388 
9606.ENSP00000399797 9606.ENSP00000248975 0 0 0 0 0 0 195 195 
9606.ENSP00000399797 9606.ENSP00000323696 0 0 0 0 0 0 185 185 
9606.ENSP00000399797 9606.ENSP00000482313 0 0 0 86 132 0 130 250 
9606.ENSP00000399797 9606.ENSP00000293831 0 0 0 61 124 0 206 290 
9606.ENSP00000399797 9606.ENSP00000355251 0 0 0 0 0 0 185 185 
9606.ENSP00000399797 9606.ENSP00000356669 0 0 0 63 0 0 185 204 
9606.ENSP00000399797 9606.ENSP00000388806 0 0 0 0 163 0 176 280 
9606.ENSP00000399797 9606.ENSP00000416255 0 0 0 89 0 0 303 339 
9606.ENSP00000399797 9606.ENSP00000380697 0 0 0 189 0 0 110 248 
9606.ENSP00000399797 9606.ENSP00000336740 0 0 0 62 50 0 404 423 
9606.ENSP00000399797 9606.ENSP00000263253 0 0 0 77 85 900 57 909 
9606.ENSP00000399797 9606.ENSP00000262374 0 0 0 62 0 0 158 176 
9606.ENSP00000399797 9606.ENSP00000357268 0 0 0 0 0 0 213 213 
9606.ENSP00000399797 9606.ENSP00000318195 0 0 0 0 52 0 147 157 
9606.ENSP00000399797 9606.ENSP00000438483 0 0 0 63 55 900 105 910 
9606.ENSP00000399797 9606.ENSP00000384262 0 0 0 63 0 0 189 207 
9606.ENSP00000399797 9606.ENSP00000333685 0 0 0 0 0 900 0 900 
9606.ENSP00000399797 9606.ENSP00000358716 0 0 0 61 124 0 364 432 
9606.ENSP00000399797 9606.ENSP00000261636 0 0 0 0 53 0 452 458 
9606.ENSP00000399797 9606.ENSP00000321997 0 0 0 61 260 0 105 324 
9606.ENSP00000399797 9606.ENSP00000262315 0 0 0 90 52 0 153 205 
9606.ENSP00000399797 9606.ENSP00000352834 0 0 0 83 64 0 113 173 
9606.ENSP00000399797 9606.ENSP00000231524 0 0 0 0 185 0 0 185 
9606.ENSP00000399797 9606.ENSP00000357928 0 0 0 54 157 0 85 206 
9606.ENSP00000399797 9606.ENSP00000296443 45 0 0 61 0 0 224 243 
9606.ENSP00000399797 9606.ENSP00000290341 0 0 0 63 358 0 421 621 
9606.ENSP00000399797 9606.ENSP00000349428 0 0 0 87 0 0 269 304 
9606.ENSP00000399797 9606.ENSP00000258772 0 0 0 61 124 0 259 337 
9606.ENSP00000399797 9606.ENSP00000361446 0 0 0 63 127 0 95 195 
9606.ENSP00000399797 9606.ENSP00000349142 59 0 0 0 0 0 475 485 
9606.ENSP00000399797 9606.ENSP00000336752 0 0 0 61 0 0 171 188 
9606.ENSP00000399797 9606.ENSP00000400252 0 0 0 0 0 0 199 199 
9606.ENSP00000399797 9606.ENSP00000406046 0 0 0 91 175 0 64 237 
9606.ENSP00000399797 9606.ENSP00000333836 46 0 0 56 0 0 264 279 
9606.ENSP00000399797 9606.ENSP00000221486 0 0 0 63 50 0 466 483 
9606.ENSP00000399797 9606.ENSP00000422375 0 0 0 0 0 0 156 156 
9606.ENSP00000399797 9606.ENSP00000359787 0 0 0 61 0 0 191 207 
9606.ENSP00000399797 9606.ENSP00000356480 0 0 0 63 358 900 48 935 
9606.ENSP00000399797 9606.ENSP00000372023 0 0 0 65 185 0 132 281 
9606.ENSP00000399797 9606.ENSP00000181839 0 0 0 64 156 0 59 191 
9606.ENSP00000399797 9606.ENSP00000257570 0 0 0 229 0 0 219 372 
9606.ENSP00000399797 9606.ENSP00000251038 0 0 0 79 131 0 48 171 
9606.ENSP00000399797 9606.ENSP00000274764 0 0 0 0 52 900 0 901 
9606.ENSP00000399797 9606.ENSP00000377224 0 0 0 55 92 900 45 907 
9606.ENSP00000399797 9606.ENSP00000229239 0 0 0 0 0 0 184 184 
9606.ENSP00000399797 9606.ENSP00000385741 0 0 0 0 0 0 171 171 
9606.ENSP00000399797 9606.ENSP00000258149 0 0 0 0 0 900 73 903 
9606.ENSP00000399797 9606.ENSP00000256646 0 0 0 0 0 900 0 900 
9606.ENSP00000399797 9606.ENSP00000376436 0 0 0 0 0 900 0 900 
9606.ENSP00000399797 9606.ENSP00000295756 0 0 0 0 0 0 167 167 
9606.ENSP00000399797 9606.ENSP00000381956 0 0 0 0 0 0 225 225 
9606.ENSP00000399797 9606.ENSP00000307126 0 0 0 0 0 0 315 315 
9606.ENSP00000399797 9606.ENSP00000360310 0 0 0 62 0 0 136 154 
9606.ENSP00000399797 9606.ENSP00000255136 0 0 0 80 52 0 125 171 
9606.ENSP00000399797 9606.ENSP00000377047 0 0 0 0 0 0 173 173 
9606.ENSP00000399797 9606.ENSP00000365782 0 0 0 62 0 0 302 317 
9606.ENSP00000399797 9606.ENSP00000258729 0 0 0 63 0 0 178 196 
9606.ENSP00000399797 9606.ENSP00000381461 0 0 0 0 0 0 621 621 
9606.ENSP00000399797 9606.ENSP00000209884 0 0 0 0 0 0 150 150 
9606.ENSP00000399797 9606.ENSP00000398516 0 0 0 61 0 0 144 161 
9606.ENSP00000399797 9606.ENSP00000225296 0 0 0 97 160 0 73 236 
9606.ENSP00000399797 9606.ENSP00000265016 0 0 0 0 0 0 203 203 
9606.ENSP00000399797 9606.ENSP00000466718 0 0 0 0 0 0 351 351 
9606.ENSP00000399797 9606.ENSP00000384621 0 0 0 97 165 0 68 235 
9606.ENSP00000399797 9606.ENSP00000263549 0 0 0 88 0 0 135 177 
9606.ENSP00000399797 9606.ENSP00000356520 0 0 0 97 160 0 562 639 
9606.ENSP00000399797 9606.ENSP00000355114 0 0 0 61 141 0 0 158 
9606.ENSP00000399797 9606.ENSP00000348215 0 0 0 97 132 0 68 205 
9606.ENSP00000399797 9606.ENSP00000265734 0 0 0 62 63 900 63 906 
9606.ENSP00000399797 9606.ENSP00000251864 44 0 0 62 104 0 296 358 
9606.ENSP00000399797 9606.ENSP00000273062 0 0 0 145 0 0 134 228 
9606.ENSP00000399797 9606.ENSP00000379818 0 0 0 0 0 0 174 174 
9606.ENSP00000399797 9606.ENSP00000370984 0 0 0 0 0 0 222 222 
9606.ENSP00000399797 9606.ENSP00000332340 0 0 0 61 124 0 62 161 
9606.ENSP00000399797 9606.ENSP00000477527 0 0 0 0 52 900 56 902 
9606.ENSP00000399797 9606.ENSP00000383303 0 0 0 0 0 0 193 193 
9606.ENSP00000399797 9606.ENSP00000229304 0 0 0 0 0 0 180 180 
9606.ENSP00000399797 9606.ENSP00000405620 0 0 0 97 160 0 510 596 
9606.ENSP00000399797 9606.ENSP00000292478 0 0 0 0 169 0 64 188 
9606.ENSP00000399797 9606.ENSP00000284629 0 0 0 64 92 0 386 433 
9606.ENSP00000399797 9606.ENSP00000430128 0 0 0 0 163 0 62 181 
9606.ENSP00000399797 9606.ENSP00000366563 0 0 0 97 132 0 68 205 
9606.ENSP00000399797 9606.ENSP00000343741 0 0 0 97 185 0 86 268 
9606.ENSP00000399797 9606.ENSP00000364220 49 0 0 0 0 0 377 383 
9606.ENSP00000399797 9606.ENSP00000479203 0 0 0 0 163 0 69 187 
9606.ENSP00000399797 9606.ENSP00000318176 0 0 0 61 0 0 253 269 
9606.ENSP00000399797 9606.ENSP00000266529 0 0 0 0 163 0 62 181 
9606.ENSP00000399797 9606.ENSP00000365201 0 0 0 68 0 0 164 188 
9606.ENSP00000399797 9606.ENSP00000254846 72 0 0 62 71 900 43 908 
9606.ENSP00000399797 9606.ENSP00000313420 0 0 0 97 132 0 68 205 
9606.ENSP00000399797 9606.ENSP00000362413 45 0 0 52 133 0 50 154 
9606.ENSP00000399797 9606.ENSP00000306565 45 0 0 61 0 0 207 226 
9606.ENSP00000399797 9606.ENSP00000225916 0 0 0 64 85 900 47 907 
9606.ENSP00000399797 9606.ENSP00000407552 0 0 0 88 0 0 135 177 
9606.ENSP00000399797 9606.ENSP00000323889 0 0 0 104 80 0 188 273 
9606.ENSP00000399797 9606.ENSP00000222388 0 0 0 95 0 0 152 200 
9606.ENSP00000399797 9606.ENSP00000317039 0 0 0 62 159 0 105 232 
9606.ENSP00000399797 9606.ENSP00000265038 0 0 0 0 0 0 166 166 
9606.ENSP00000399797 9606.ENSP00000199389 0 0 0 64 140 0 0 160 
9606.ENSP00000399797 9606.ENSP00000415433 0 0 0 111 0 0 196 255 
9606.ENSP00000399797 9606.ENSP00000308405 0 0 0 49 61 900 67 905 
9606.ENSP00000399797 9606.ENSP00000370713 0 0 0 62 0 0 133 152 
9606.ENSP00000399797 9606.ENSP00000350491 0 0 0 64 0 0 255 273 
9606.ENSP00000399797 9606.ENSP00000263388 0 0 0 0 0 900 0 900 
9606.ENSP00000399797 9606.ENSP00000296328 0 0 0 63 127 0 127 223 
9606.ENSP00000399797 9606.ENSP00000476046 0 0 0 62 187 0 471 562 
9606.ENSP00000399797 9606.ENSP00000359504 0 0 0 152 0 0 0 152 
9606.ENSP00000399797 9606.ENSP00000371321 0 0 0 64 134 0 80 189 
9606.ENSP00000399797 9606.ENSP00000361043 43 0 0 85 82 0 136 213 
9606.ENSP00000399797 9606.ENSP00000310723 0 0 0 61 124 0 62 161 
9606.ENSP00000399797 9606.ENSP00000307940 0 0 0 61 0 0 170 187 
9606.ENSP00000399797 9606.ENSP00000215794 0 0 0 83 80 0 96 170 
9606.ENSP00000399797 9606.ENSP00000328174 72 0 0 62 188 0 154 322 
9606.ENSP00000399797 9606.ENSP00000485586 0 0 0 63 202 0 50 228 
9606.ENSP00000399797 9606.ENSP00000262662 0 0 0 55 92 900 45 907 
9606.ENSP00000399797 9606.ENSP00000257829 0 0 0 144 0 0 56 157 
9606.ENSP00000399797 9606.ENSP00000360883 0 0 0 61 50 0 148 174 
9606.ENSP00000399797 9606.ENSP00000238256 0 0 0 151 51 0 0 159 
9606.ENSP00000399797 9606.ENSP00000425561 0 0 0 0 0 0 298 298 
9606.ENSP00000399797 9606.ENSP00000357679 0 0 0 0 286 0 0 286 
9606.ENSP00000399797 9606.ENSP00000365005 0 0 0 63 126 0 50 154 
9606.ENSP00000399797 9606.ENSP00000280665 0 0 0 62 187 0 109 261 
9606.ENSP00000399797 9606.ENSP00000254108 0 0 0 0 0 0 322 322 
9606.ENSP00000399797 9606.ENSP00000385205 0 0 0 0 0 0 469 469 
9606.ENSP00000399797 9606.ENSP00000285398 85 0 0 87 0 0 91 174 
9606.ENSP00000399797 9606.ENSP00000391723 0 0 0 63 50 0 240 264 
9606.ENSP00000399797 9606.ENSP00000313603 0 0 0 76 0 0 160 191 
9606.ENSP00000399797 9606.ENSP00000304283 0 0 0 76 130 0 0 161 
9606.ENSP00000399797 9606.ENSP00000464050 0 0 0 61 124 0 62 161 
9606.ENSP00000399797 9606.ENSP00000361664 0 0 0 61 80 0 272 316 
9606.ENSP00000399797 9606.ENSP00000263209 0 0 0 62 119 0 382 445 
9606.ENSP00000399797 9606.ENSP00000419004 0 0 0 64 163 0 59 198 
9606.ENSP00000399797 9606.ENSP00000253107 0 0 0 81 119 0 66 177 
9606.ENSP00000399797 9606.ENSP00000310596 0 0 0 42 168 0 466 537 
9606.ENSP00000399797 9606.ENSP00000363193 0 0 0 64 0 0 174 193 
9606.ENSP00000399797 9606.ENSP00000473383 0 0 0 52 58 0 369 387 
9606.ENSP00000399797 9606.ENSP00000338283 0 0 0 57 0 0 150 164 
9606.ENSP00000399797 9606.ENSP00000258383 0 0 0 55 131 0 108 203 
9606.ENSP00000399797 9606.ENSP00000283179 0 0 0 44 0 0 271 273 
9606.ENSP00000399797 9606.ENSP00000263754 0 0 0 63 85 900 49 907 
9606.ENSP00000399797 9606.ENSP00000346829 0 0 0 0 0 0 213 213 
9606.ENSP00000399797 9606.ENSP00000442924 0 0 0 62 50 900 53 904 
9606.ENSP00000399797 9606.ENSP00000345179 42 0 0 0 0 0 210 211 
9606.ENSP00000399797 9606.ENSP00000353343 0 0 0 0 0 0 309 309 
9606.ENSP00000399797 9606.ENSP00000263239 0 0 0 61 124 0 613 653 
9606.ENSP00000399797 9606.ENSP00000476960 0 0 0 0 82 0 134 171 
9606.ENSP00000399797 9606.ENSP00000320147 0 0 0 80 50 900 148 915 
9606.ENSP00000399797 9606.ENSP00000362674 0 0 0 50 95 0 133 189 
9606.ENSP00000399797 9606.ENSP00000348849 0 0 0 55 255 0 62 282 
9606.ENSP00000399797 9606.ENSP00000251636 0 0 0 116 160 0 117 288 
9606.ENSP00000399797 9606.ENSP00000482674 0 0 0 0 52 900 57 902 
9606.ENSP00000399797 9606.ENSP00000269397 0 0 0 0 118 900 86 912 
9606.ENSP00000399797 9606.ENSP00000374332 0 0 0 0 0 0 239 239 
9606.ENSP00000399797 9606.ENSP00000334294 0 0 0 0 0 0 156 156 
9606.ENSP00000399797 9606.ENSP00000270257 0 0 0 0 0 0 292 292 
9606.ENSP00000399797 9606.ENSP00000268058 0 0 0 64 80 900 49 907 
9606.ENSP00000399797 9606.ENSP00000358089 0 0 0 62 87 0 440 478 
9606.ENSP00000399797 9606.ENSP00000361965 0 0 0 61 0 0 164 181 
9606.ENSP00000399797 9606.ENSP00000406162 0 0 0 60 0 900 0 901 
9606.ENSP00000399797 9606.ENSP00000350036 52 0 0 64 105 0 58 151 
9606.ENSP00000399797 9606.ENSP00000252011 0 0 0 97 160 0 114 269 
9606.ENSP00000399797 9606.ENSP00000446335 0 0 0 61 80 0 107 161 
9606.ENSP00000399797 9606.ENSP00000358723 0 0 0 0 53 0 215 225 
9606.ENSP00000399797 9606.ENSP00000334148 0 0 0 54 157 0 85 206 
9606.ENSP00000399797 9606.ENSP00000363787 0 0 0 63 358 900 79 937 
9606.ENSP00000399797 9606.ENSP00000380336 0 0 0 62 0 0 203 220 
9606.ENSP00000399797 9606.ENSP00000362131 0 0 0 61 165 0 74 210 
9606.ENSP00000399797 9606.ENSP00000319169 0 0 0 63 0 0 378 392 
9606.ENSP00000399797 9606.ENSP00000338648 0 0 0 0 0 0 344 344 
9606.ENSP00000399797 9606.ENSP00000339004 0 0 0 0 223 0 0 223 
9606.ENSP00000399797 9606.ENSP00000261531 0 0 0 62 0 900 170 915 
9606.ENSP00000399797 9606.ENSP00000357065 0 0 0 0 0 0 155 155 
9606.ENSP00000399797 9606.ENSP00000440674 0 0 0 0 0 900 0 900 
9606.ENSP00000399797 9606.ENSP00000343746 0 0 0 61 0 0 274 289 
9606.ENSP00000399797 9606.ENSP00000216487 0 0 0 153 0 0 0 153 
9606.ENSP00000399797 9606.ENSP00000445381 0 0 0 97 132 0 188 308 
9606.ENSP00000399797 9606.ENSP00000264670 0 0 0 63 53 0 124 154 
9606.ENSP00000399797 9606.ENSP00000216727 0 0 0 62 0 0 137 156 
9606.ENSP00000399797 9606.ENSP00000369424 0 0 0 61 0 900 176 915 
9606.ENSP00000399797 9606.ENSP00000338030 0 0 0 0 0 0 258 258 
9606.ENSP00000399797 9606.ENSP00000480158 0 0 0 63 127 0 127 223 
9606.ENSP00000399797 9606.ENSP00000479669 0 0 0 0 0 0 177 177 
9606.ENSP00000399797 9606.ENSP00000345206 0 0 0 0 59 900 0 901 
9606.ENSP00000399797 9606.ENSP00000384376 44 0 0 62 104 0 106 185 
9606.ENSP00000399797 9606.ENSP00000359512 0 0 0 152 0 0 0 152 
9606.ENSP00000399797 9606.ENSP00000228825 0 0 0 0 0 0 157 157 
9606.ENSP00000399797 9606.ENSP00000305653 0 0 0 54 0 0 184 195 
9606.ENSP00000399797 9606.ENSP00000368318 0 0 0 55 0 0 137 150 
9606.ENSP00000399797 9606.ENSP00000313829 0 0 0 65 132 0 102 207 
9606.ENSP00000399797 9606.ENSP00000420256 0 0 0 0 0 0 250 250 
9606.ENSP00000399797 9606.ENSP00000298139 0 0 0 64 132 0 135 236 
9606.ENSP00000399797 9606.ENSP00000267460 0 0 0 0 0 0 299 299 
9606.ENSP00000399797 9606.ENSP00000283875 0 0 0 152 0 0 0 152 
9606.ENSP00000399797 9606.ENSP00000403172 0 0 0 49 213 0 0 219 
