9606.ENSP00000219479 9606.ENSP00000345571 0 0 0 77 0 0 151 183 
9606.ENSP00000219479 9606.ENSP00000232564 0 0 0 0 303 0 0 303 
9606.ENSP00000219479 9606.ENSP00000371253 60 0 0 64 0 0 345 373 
9606.ENSP00000219479 9606.ENSP00000368455 0 0 0 0 0 900 61 902 
9606.ENSP00000219479 9606.ENSP00000362576 175 0 0 81 0 0 0 209 
9606.ENSP00000219479 9606.ENSP00000445806 0 0 0 63 187 0 53 215 
9606.ENSP00000219479 9606.ENSP00000249269 0 0 0 62 187 0 67 226 
9606.ENSP00000219479 9606.ENSP00000383365 44 0 0 114 65 0 99 190 
9606.ENSP00000219479 9606.ENSP00000420384 0 0 0 0 0 0 177 177 
9606.ENSP00000219479 9606.ENSP00000369456 76 0 0 99 69 900 95 917 
9606.ENSP00000219479 9606.ENSP00000352458 0 0 0 167 0 0 0 167 
9606.ENSP00000219479 9606.ENSP00000362744 0 0 0 190 0 0 135 269 
9606.ENSP00000219479 9606.ENSP00000329374 0 0 0 129 0 0 76 160 
9606.ENSP00000219479 9606.ENSP00000484261 0 0 0 61 0 0 170 187 
9606.ENSP00000219479 9606.ENSP00000219252 45 0 0 79 0 650 284 750 
9606.ENSP00000219479 9606.ENSP00000361238 0 0 0 109 0 0 97 161 
9606.ENSP00000219479 9606.ENSP00000334051 0 0 0 0 156 0 0 156 
9606.ENSP00000219479 9606.ENSP00000234488 0 0 0 0 53 0 145 155 
9606.ENSP00000219479 9606.ENSP00000444136 70 0 0 63 261 650 87 756 
9606.ENSP00000219479 9606.ENSP00000346046 0 0 0 172 0 0 0 172 
9606.ENSP00000219479 9606.ENSP00000263413 0 0 0 512 0 0 0 512 
9606.ENSP00000219479 9606.ENSP00000341206 0 0 0 153 0 0 0 153 
9606.ENSP00000219479 9606.ENSP00000472469 110 0 0 133 0 0 0 195 
9606.ENSP00000219479 9606.ENSP00000402756 0 0 0 122 0 0 104 179 
9606.ENSP00000219479 9606.ENSP00000350409 0 0 0 0 0 0 235 235 
9606.ENSP00000219479 9606.ENSP00000360782 0 0 0 63 187 0 44 208 
9606.ENSP00000219479 9606.ENSP00000297283 49 0 0 63 50 0 148 182 
9606.ENSP00000219479 9606.ENSP00000278572 0 0 0 190 0 0 0 190 
9606.ENSP00000219479 9606.ENSP00000307786 0 0 0 62 187 0 211 345 
9606.ENSP00000219479 9606.ENSP00000378408 51 0 0 64 0 0 159 187 
9606.ENSP00000219479 9606.ENSP00000420237 0 0 0 106 141 0 0 199 
9606.ENSP00000219479 9606.ENSP00000242576 53 0 0 91 315 0 136 423 
9606.ENSP00000219479 9606.ENSP00000215659 0 0 0 61 129 0 62 165 
9606.ENSP00000219479 9606.ENSP00000222247 0 0 0 219 0 0 56 231 
9606.ENSP00000219479 9606.ENSP00000388502 0 0 0 0 59 0 356 368 
9606.ENSP00000219479 9606.ENSP00000222726 0 0 0 0 0 0 223 223 
9606.ENSP00000219479 9606.ENSP00000362481 85 0 0 61 0 0 128 185 
9606.ENSP00000219479 9606.ENSP00000376889 0 0 65 97 387 800 79 887 
9606.ENSP00000219479 9606.ENSP00000283871 0 0 0 509 0 0 0 509 
9606.ENSP00000219479 9606.ENSP00000477602 0 0 0 51 0 0 175 183 
9606.ENSP00000219479 9606.ENSP00000264972 0 0 0 0 157 0 57 171 
9606.ENSP00000219479 9606.ENSP00000482743 0 0 0 0 0 0 187 187 
9606.ENSP00000219479 9606.ENSP00000345494 0 0 0 61 0 0 222 238 
9606.ENSP00000219479 9606.ENSP00000326031 0 0 0 69 126 0 0 152 
9606.ENSP00000219479 9606.ENSP00000325958 0 0 0 63 0 0 179 198 
9606.ENSP00000219479 9606.ENSP00000261692 0 0 0 78 0 0 117 151 
9606.ENSP00000219479 9606.ENSP00000230771 68 0 0 62 0 0 164 206 
9606.ENSP00000219479 9606.ENSP00000315931 60 0 0 86 0 0 182 235 
9606.ENSP00000219479 9606.ENSP00000040584 0 0 0 0 0 0 235 235 
9606.ENSP00000219479 9606.ENSP00000263857 68 0 0 63 0 650 78 680 
9606.ENSP00000219479 9606.ENSP00000478253 74 0 0 82 0 0 132 197 
9606.ENSP00000219479 9606.ENSP00000421725 0 0 0 512 0 0 465 727 
9606.ENSP00000219479 9606.ENSP00000168148 0 0 0 512 0 0 0 512 
9606.ENSP00000219479 9606.ENSP00000308897 0 0 0 253 0 0 0 253 
9606.ENSP00000219479 9606.ENSP00000292614 0 0 0 138 0 650 50 688 
9606.ENSP00000219479 9606.ENSP00000331111 0 0 0 50 58 650 0 659 
9606.ENSP00000219479 9606.ENSP00000218516 0 0 0 71 0 0 128 155 
9606.ENSP00000219479 9606.ENSP00000296518 0 0 0 0 0 650 57 655 
9606.ENSP00000219479 9606.ENSP00000356988 45 0 0 48 187 0 0 196 
9606.ENSP00000219479 9606.ENSP00000293879 0 0 0 62 0 0 356 370 
9606.ENSP00000219479 9606.ENSP00000382058 0 0 0 61 0 650 49 660 
9606.ENSP00000219479 9606.ENSP00000246337 0 0 0 176 0 0 42 177 
9606.ENSP00000219479 9606.ENSP00000215531 0 0 0 0 0 0 160 160 
9606.ENSP00000219479 9606.ENSP00000261195 43 0 0 427 0 0 58 438 
9606.ENSP00000219479 9606.ENSP00000356382 0 0 0 511 0 0 0 511 
9606.ENSP00000219479 9606.ENSP00000346001 0 0 0 128 0 0 76 160 
9606.ENSP00000219479 9606.ENSP00000356969 0 0 0 0 0 0 209 209 
9606.ENSP00000219479 9606.ENSP00000264093 0 0 0 0 0 0 648 648 
9606.ENSP00000219479 9606.ENSP00000406229 0 0 0 0 0 0 163 163 
9606.ENSP00000219479 9606.ENSP00000362329 45 0 0 110 0 0 85 154 
9606.ENSP00000219479 9606.ENSP00000307900 50 0 0 0 83 0 113 159 
9606.ENSP00000219479 9606.ENSP00000355308 0 0 0 64 0 0 133 153 
9606.ENSP00000219479 9606.ENSP00000300107 110 0 0 0 0 0 129 191 
9606.ENSP00000219479 9606.ENSP00000317482 0 0 0 0 0 0 165 165 
9606.ENSP00000219479 9606.ENSP00000337691 0 0 0 61 129 0 62 165 
9606.ENSP00000219479 9606.ENSP00000354532 74 0 0 63 0 0 132 181 
9606.ENSP00000219479 9606.ENSP00000453704 0 0 0 0 0 0 246 246 
9606.ENSP00000219479 9606.ENSP00000333551 78 0 0 65 187 0 0 238 
9606.ENSP00000219479 9606.ENSP00000286548 0 0 0 0 156 0 0 156 
9606.ENSP00000219479 9606.ENSP00000298545 0 0 0 64 0 650 391 783 
9606.ENSP00000219479 9606.ENSP00000302801 45 0 0 0 203 0 0 206 
9606.ENSP00000219479 9606.ENSP00000308938 0 0 0 167 0 0 0 167 
9606.ENSP00000219479 9606.ENSP00000305260 0 0 0 0 303 0 0 303 
9606.ENSP00000219479 9606.ENSP00000378868 0 0 0 508 0 0 0 508 
9606.ENSP00000219479 9606.ENSP00000250018 0 0 0 167 0 0 0 167 
9606.ENSP00000219479 9606.ENSP00000321584 0 0 0 89 0 0 111 155 
9606.ENSP00000219479 9606.ENSP00000322570 0 0 0 103 0 650 87 688 
9606.ENSP00000219479 9606.ENSP00000468367 0 0 0 61 123 0 56 154 
9606.ENSP00000219479 9606.ENSP00000379434 0 0 0 0 0 0 170 170 
9606.ENSP00000219479 9606.ENSP00000399136 0 0 0 509 0 0 0 509 
9606.ENSP00000219479 9606.ENSP00000254854 0 0 0 0 0 650 56 655 
9606.ENSP00000219479 9606.ENSP00000243997 0 0 0 62 187 0 0 204 
9606.ENSP00000219479 9606.ENSP00000376886 0 0 58 51 442 800 71 890 
9606.ENSP00000219479 9606.ENSP00000012443 0 0 0 0 188 0 72 214 
9606.ENSP00000219479 9606.ENSP00000379386 52 0 0 111 50 0 91 174 
9606.ENSP00000219479 9606.ENSP00000416683 0 0 0 241 0 0 0 241 
9606.ENSP00000219479 9606.ENSP00000247020 0 0 0 62 0 0 158 176 
9606.ENSP00000219479 9606.ENSP00000267584 0 0 0 64 0 650 165 702 
9606.ENSP00000219479 9606.ENSP00000361170 0 0 0 62 187 0 96 250 
9606.ENSP00000219479 9606.ENSP00000447149 0 0 0 509 0 0 0 509 
9606.ENSP00000219479 9606.ENSP00000254816 0 0 0 0 0 0 309 309 
9606.ENSP00000219479 9606.ENSP00000385312 0 0 0 61 0 0 147 164 
9606.ENSP00000219479 9606.ENSP00000251810 0 0 0 99 0 900 327 934 
9606.ENSP00000219479 9606.ENSP00000462667 0 0 0 0 159 0 0 159 
9606.ENSP00000219479 9606.ENSP00000434516 86 0 0 132 65 0 173 304 
9606.ENSP00000219479 9606.ENSP00000360398 0 0 0 64 187 0 0 206 
9606.ENSP00000219479 9606.ENSP00000339328 0 0 0 0 0 0 161 161 
9606.ENSP00000219479 9606.ENSP00000454380 44 0 0 62 0 0 472 485 
9606.ENSP00000219479 9606.ENSP00000254227 0 0 0 243 0 0 0 243 
9606.ENSP00000219479 9606.ENSP00000355890 127 0 0 97 0 0 92 221 
9606.ENSP00000219479 9606.ENSP00000244537 0 0 0 0 159 0 0 159 
9606.ENSP00000219479 9606.ENSP00000327070 52 0 0 147 52 0 114 230 
9606.ENSP00000219479 9606.ENSP00000365840 0 0 0 62 0 650 56 663 
9606.ENSP00000219479 9606.ENSP00000379108 71 0 0 0 0 0 132 159 
9606.ENSP00000219479 9606.ENSP00000211287 0 0 0 61 129 0 62 165 
9606.ENSP00000219479 9606.ENSP00000282397 0 0 0 0 85 0 116 156 
9606.ENSP00000219479 9606.ENSP00000279024 0 0 0 0 50 0 199 206 
9606.ENSP00000219479 9606.ENSP00000262305 0 0 0 0 0 0 189 189 
9606.ENSP00000219479 9606.ENSP00000394936 0 0 0 362 0 0 132 422 
9606.ENSP00000219479 9606.ENSP00000302564 0 0 0 49 0 0 149 156 
9606.ENSP00000219479 9606.ENSP00000323929 0 0 0 116 0 0 107 176 
9606.ENSP00000219479 9606.ENSP00000448059 0 0 0 512 0 0 0 512 
9606.ENSP00000219479 9606.ENSP00000247665 0 0 0 79 0 0 304 332 
9606.ENSP00000219479 9606.ENSP00000368523 0 0 0 0 91 0 104 151 
9606.ENSP00000219479 9606.ENSP00000321334 0 0 0 167 0 0 0 167 
9606.ENSP00000219479 9606.ENSP00000370377 0 0 0 62 187 0 52 213 
9606.ENSP00000219479 9606.ENSP00000221130 44 0 0 136 65 0 99 211 
9606.ENSP00000219479 9606.ENSP00000309132 0 0 0 121 0 0 164 233 
9606.ENSP00000219479 9606.ENSP00000261479 0 0 0 63 53 0 139 169 
9606.ENSP00000219479 9606.ENSP00000428223 0 0 0 158 0 0 0 158 
9606.ENSP00000219479 9606.ENSP00000325312 0 0 0 61 0 0 156 174 
9606.ENSP00000219479 9606.ENSP00000435370 0 0 0 135 63 0 0 155 
9606.ENSP00000219479 9606.ENSP00000277903 0 0 0 511 0 0 0 511 
9606.ENSP00000219479 9606.ENSP00000226253 0 0 0 63 50 0 127 155 
9606.ENSP00000219479 9606.ENSP00000311368 0 0 0 0 0 650 0 650 
9606.ENSP00000219479 9606.ENSP00000262030 0 0 0 94 52 0 122 180 
9606.ENSP00000219479 9606.ENSP00000261208 0 0 0 188 0 0 65 208 
9606.ENSP00000219479 9606.ENSP00000367029 0 0 0 68 0 650 0 660 
9606.ENSP00000219479 9606.ENSP00000324422 0 0 0 62 0 0 193 211 
9606.ENSP00000219479 9606.ENSP00000222800 0 0 0 52 187 0 0 196 
9606.ENSP00000219479 9606.ENSP00000358247 0 0 0 0 0 0 179 179 
9606.ENSP00000219479 9606.ENSP00000470478 0 0 0 192 0 0 100 241 
9606.ENSP00000219479 9606.ENSP00000311430 0 0 0 138 0 0 135 222 
9606.ENSP00000219479 9606.ENSP00000228495 0 0 0 0 183 0 0 183 
9606.ENSP00000219479 9606.ENSP00000238561 0 0 0 0 187 0 0 187 
9606.ENSP00000219479 9606.ENSP00000377664 0 0 0 0 0 0 223 223 
9606.ENSP00000219479 9606.ENSP00000250111 0 0 0 0 0 0 158 158 
9606.ENSP00000219479 9606.ENSP00000232461 0 0 0 0 183 0 0 183 
9606.ENSP00000219479 9606.ENSP00000260600 0 0 0 0 0 650 64 658 
9606.ENSP00000219479 9606.ENSP00000292596 0 0 0 225 0 0 0 225 
9606.ENSP00000219479 9606.ENSP00000370201 0 0 0 61 0 650 364 772 
9606.ENSP00000219479 9606.ENSP00000354238 0 0 0 62 0 650 0 657 
9606.ENSP00000219479 9606.ENSP00000347345 0 0 0 62 0 650 0 657 
9606.ENSP00000219479 9606.ENSP00000345837 0 0 0 63 0 0 179 197 
9606.ENSP00000219479 9606.ENSP00000218388 0 0 0 65 0 0 187 207 
9606.ENSP00000219479 9606.ENSP00000480186 0 0 0 111 0 650 43 676 
9606.ENSP00000219479 9606.ENSP00000419503 0 0 0 64 0 0 226 244 
9606.ENSP00000219479 9606.ENSP00000415769 0 0 0 512 0 0 0 512 
9606.ENSP00000219479 9606.ENSP00000300896 0 0 0 63 190 0 50 217 
9606.ENSP00000219479 9606.ENSP00000441269 0 0 0 169 0 0 0 169 
9606.ENSP00000219479 9606.ENSP00000253792 71 0 0 110 81 0 148 266 
9606.ENSP00000219479 9606.ENSP00000293889 0 0 0 0 0 0 243 243 
9606.ENSP00000219479 9606.ENSP00000356602 0 0 0 0 186 0 0 186 
9606.ENSP00000219479 9606.ENSP00000393887 0 0 0 512 0 0 0 512 
9606.ENSP00000219479 9606.ENSP00000356953 45 0 0 189 0 0 45 195 
9606.ENSP00000219479 9606.ENSP00000401338 0 0 0 89 0 0 141 184 
9606.ENSP00000219479 9606.ENSP00000333657 0 0 0 0 131 0 69 156 
9606.ENSP00000219479 9606.ENSP00000216367 0 0 0 63 0 650 0 658 
9606.ENSP00000219479 9606.ENSP00000248958 0 0 0 62 0 0 468 480 
9606.ENSP00000219479 9606.ENSP00000417480 0 0 0 63 50 0 154 181 
9606.ENSP00000219479 9606.ENSP00000364133 0 0 0 0 85 0 144 183 
9606.ENSP00000219479 9606.ENSP00000435777 72 0 0 131 0 0 97 208 
9606.ENSP00000219479 9606.ENSP00000366828 0 0 0 0 0 650 0 650 
9606.ENSP00000219479 9606.ENSP00000464342 0 0 0 173 0 0 175 288 
9606.ENSP00000219479 9606.ENSP00000297784 0 0 0 0 187 0 0 187 
9606.ENSP00000219479 9606.ENSP00000360939 0 0 0 64 0 900 685 967 
9606.ENSP00000219479 9606.ENSP00000262126 0 0 0 0 0 0 211 211 
9606.ENSP00000219479 9606.ENSP00000341083 0 0 0 0 0 650 56 655 
9606.ENSP00000219479 9606.ENSP00000053867 0 0 0 69 0 0 134 159 
9606.ENSP00000219479 9606.ENSP00000260953 0 0 0 0 163 0 0 163 
9606.ENSP00000219479 9606.ENSP00000420176 0 0 0 59 0 650 0 656 
9606.ENSP00000219479 9606.ENSP00000360107 0 0 0 81 0 0 271 301 
9606.ENSP00000219479 9606.ENSP00000265333 0 0 0 110 0 0 175 234 
9606.ENSP00000219479 9606.ENSP00000415536 0 0 0 61 0 650 181 707 
9606.ENSP00000219479 9606.ENSP00000237014 0 0 0 286 0 0 0 286 
9606.ENSP00000219479 9606.ENSP00000253496 0 0 0 429 0 0 0 429 
9606.ENSP00000219479 9606.ENSP00000241052 0 0 0 0 192 0 213 337 
9606.ENSP00000219479 9606.ENSP00000441283 0 0 0 151 0 0 0 151 
9606.ENSP00000219479 9606.ENSP00000418082 0 0 0 155 0 0 46 159 
9606.ENSP00000219479 9606.ENSP00000318258 0 0 0 0 0 0 284 284 
9606.ENSP00000219479 9606.ENSP00000364320 0 0 0 164 0 0 115 228 
9606.ENSP00000219479 9606.ENSP00000331369 0 0 0 62 187 0 91 246 
9606.ENSP00000219479 9606.ENSP00000358867 0 0 0 0 183 0 0 183 
9606.ENSP00000219479 9606.ENSP00000235329 0 0 0 0 131 0 85 171 
9606.ENSP00000219479 9606.ENSP00000229795 0 0 0 61 129 0 62 165 
9606.ENSP00000219479 9606.ENSP00000372667 0 0 169 0 84 0 275 400 
9606.ENSP00000219479 9606.ENSP00000479488 0 0 0 88 0 0 258 295 
9606.ENSP00000219479 9606.ENSP00000345282 51 0 0 64 0 0 159 187 
9606.ENSP00000219479 9606.ENSP00000006275 0 0 0 0 0 0 186 186 
9606.ENSP00000219479 9606.ENSP00000294973 0 0 0 461 0 0 0 461 
9606.ENSP00000219479 9606.ENSP00000296674 0 0 0 165 0 0 83 201 
9606.ENSP00000219479 9606.ENSP00000378812 0 0 0 0 187 0 54 198 
9606.ENSP00000219479 9606.ENSP00000417240 0 0 0 109 0 0 192 249 
9606.ENSP00000219479 9606.ENSP00000363988 0 0 0 72 50 0 127 163 
9606.ENSP00000219479 9606.ENSP00000348300 0 0 0 0 0 0 156 156 
9606.ENSP00000219479 9606.ENSP00000385746 59 0 0 82 0 0 105 159 
9606.ENSP00000219479 9606.ENSP00000389841 0 0 0 0 59 0 282 295 
9606.ENSP00000219479 9606.ENSP00000322524 0 0 0 76 0 900 0 903 
9606.ENSP00000219479 9606.ENSP00000301634 52 0 0 77 0 0 217 255 
9606.ENSP00000219479 9606.ENSP00000355672 0 0 0 0 187 0 0 187 
9606.ENSP00000219479 9606.ENSP00000265191 0 0 148 0 0 0 226 313 
9606.ENSP00000219479 9606.ENSP00000360777 0 0 0 0 187 0 0 187 
9606.ENSP00000219479 9606.ENSP00000291670 0 0 0 512 0 0 0 512 
9606.ENSP00000219479 9606.ENSP00000329093 0 0 0 167 0 0 0 167 
9606.ENSP00000219479 9606.ENSP00000361635 0 0 0 110 0 0 129 191 
9606.ENSP00000219479 9606.ENSP00000306099 0 0 0 155 0 0 51 163 
9606.ENSP00000219479 9606.ENSP00000278823 0 0 0 0 0 0 171 171 
9606.ENSP00000219479 9606.ENSP00000423563 0 0 0 62 0 0 137 156 
9606.ENSP00000219479 9606.ENSP00000416658 0 0 155 61 0 800 275 869 
9606.ENSP00000219479 9606.ENSP00000256474 0 0 0 0 157 0 78 189 
9606.ENSP00000219479 9606.ENSP00000312599 0 0 0 0 0 0 188 188 
9606.ENSP00000219479 9606.ENSP00000359691 50 0 0 0 83 0 113 159 
9606.ENSP00000219479 9606.ENSP00000358414 0 0 0 224 0 0 0 224 
9606.ENSP00000219479 9606.ENSP00000360270 75 0 0 0 0 0 272 298 
9606.ENSP00000219479 9606.ENSP00000384957 0 0 0 429 0 0 0 429 
9606.ENSP00000219479 9606.ENSP00000475924 0 0 0 0 187 0 0 187 
9606.ENSP00000219479 9606.ENSP00000416066 0 0 0 129 0 0 76 160 
9606.ENSP00000219479 9606.ENSP00000261336 0 0 0 116 0 0 92 163 
9606.ENSP00000219479 9606.ENSP00000351492 0 0 0 167 81 0 0 202 
9606.ENSP00000219479 9606.ENSP00000369154 0 0 0 0 0 0 163 163 
9606.ENSP00000219479 9606.ENSP00000408295 43 0 0 144 0 0 57 160 
9606.ENSP00000219479 9606.ENSP00000366387 0 0 0 0 0 0 186 186 
9606.ENSP00000219479 9606.ENSP00000254799 0 0 0 0 225 0 0 225 
9606.ENSP00000219479 9606.ENSP00000361423 0 0 0 65 85 0 110 172 
9606.ENSP00000219479 9606.ENSP00000435096 0 0 0 177 0 0 0 177 
9606.ENSP00000219479 9606.ENSP00000419361 0 0 0 61 0 650 64 665 
9606.ENSP00000219479 9606.ENSP00000285968 0 0 0 61 0 0 468 479 
9606.ENSP00000219479 9606.ENSP00000218340 0 0 0 0 0 0 320 320 
9606.ENSP00000219479 9606.ENSP00000085068 0 0 0 101 187 0 64 256 
9606.ENSP00000219479 9606.ENSP00000351190 0 0 0 482 0 0 0 482 
9606.ENSP00000219479 9606.ENSP00000295834 0 0 0 197 50 0 83 239 
9606.ENSP00000219479 9606.ENSP00000359345 0 0 0 147 0 0 74 176 
9606.ENSP00000219479 9606.ENSP00000321971 0 0 0 63 0 0 162 181 
9606.ENSP00000219479 9606.ENSP00000216832 0 0 0 0 0 0 217 217 
9606.ENSP00000219479 9606.ENSP00000380514 53 0 0 0 0 0 146 157 
9606.ENSP00000219479 9606.ENSP00000351686 0 0 0 0 59 0 214 228 
9606.ENSP00000219479 9606.ENSP00000296277 0 0 0 64 0 0 264 281 
9606.ENSP00000219479 9606.ENSP00000384719 0 0 0 61 60 0 127 162 
9606.ENSP00000219479 9606.ENSP00000297323 0 0 0 0 0 650 64 658 
9606.ENSP00000219479 9606.ENSP00000218006 0 0 0 0 0 650 56 655 
9606.ENSP00000219479 9606.ENSP00000455771 0 0 0 0 0 0 173 173 
9606.ENSP00000219479 9606.ENSP00000478303 0 0 0 102 0 650 65 680 
9606.ENSP00000219479 9606.ENSP00000360141 0 0 0 0 156 0 0 156 
9606.ENSP00000219479 9606.ENSP00000283249 0 0 0 61 50 0 131 157 
9606.ENSP00000219479 9606.ENSP00000386302 0 0 0 159 0 0 0 159 
9606.ENSP00000219479 9606.ENSP00000257770 46 0 0 0 0 0 156 160 
9606.ENSP00000219479 9606.ENSP00000166345 0 0 0 74 109 0 56 153 
9606.ENSP00000219479 9606.ENSP00000347213 0 0 0 81 0 900 108 910 
9606.ENSP00000219479 9606.ENSP00000394168 0 0 0 169 0 0 0 169 
9606.ENSP00000219479 9606.ENSP00000251453 0 0 0 148 0 0 54 159 
9606.ENSP00000219479 9606.ENSP00000373153 0 0 0 64 0 0 133 153 
9606.ENSP00000219479 9606.ENSP00000305995 0 0 0 85 50 0 120 168 
9606.ENSP00000219479 9606.ENSP00000239144 0 0 0 0 0 0 245 245 
9606.ENSP00000219479 9606.ENSP00000356671 0 0 0 543 0 0 49 546 
9606.ENSP00000219479 9606.ENSP00000385025 0 0 0 0 0 0 193 193 
9606.ENSP00000219479 9606.ENSP00000371230 0 0 0 64 0 900 745 974 
9606.ENSP00000219479 9606.ENSP00000199448 0 0 0 0 0 0 293 293 
9606.ENSP00000219479 9606.ENSP00000346509 0 0 0 61 0 0 162 179 
9606.ENSP00000219479 9606.ENSP00000449795 0 0 0 62 0 0 185 203 
9606.ENSP00000219479 9606.ENSP00000481301 0 0 0 79 0 0 127 161 
9606.ENSP00000219479 9606.ENSP00000228347 70 0 0 63 161 650 87 723 
9606.ENSP00000219479 9606.ENSP00000385763 0 0 0 61 0 0 293 308 
9606.ENSP00000219479 9606.ENSP00000336702 0 0 0 128 51 0 86 178 
9606.ENSP00000219479 9606.ENSP00000304802 0 0 0 133 0 900 585 960 
9606.ENSP00000219479 9606.ENSP00000372005 0 0 0 0 91 0 206 248 
9606.ENSP00000219479 9606.ENSP00000261875 0 0 0 64 0 0 134 154 
9606.ENSP00000219479 9606.ENSP00000286621 57 0 0 55 0 0 205 229 
9606.ENSP00000219479 9606.ENSP00000271620 0 0 0 51 0 0 266 274 
9606.ENSP00000219479 9606.ENSP00000280706 52 0 0 111 50 0 91 174 
9606.ENSP00000219479 9606.ENSP00000449328 0 0 0 195 0 0 115 257 
9606.ENSP00000219479 9606.ENSP00000420132 0 0 0 61 0 0 242 258 
9606.ENSP00000219479 9606.ENSP00000346921 0 0 0 64 0 650 577 849 
9606.ENSP00000219479 9606.ENSP00000471730 0 0 0 0 188 0 62 205 
9606.ENSP00000219479 9606.ENSP00000356705 0 0 0 0 131 0 69 156 
9606.ENSP00000219479 9606.ENSP00000334564 0 0 0 0 0 650 0 650 
9606.ENSP00000219479 9606.ENSP00000377446 110 0 0 109 84 0 301 424 
9606.ENSP00000219479 9606.ENSP00000400467 0 0 0 163 0 0 0 163 
9606.ENSP00000219479 9606.ENSP00000265986 0 0 0 0 187 0 0 187 
9606.ENSP00000219479 9606.ENSP00000438547 0 0 0 61 0 0 501 511 
9606.ENSP00000219479 9606.ENSP00000372482 0 0 0 96 0 0 216 261 
9606.ENSP00000219479 9606.ENSP00000364145 52 0 0 0 0 0 254 262 
9606.ENSP00000219479 9606.ENSP00000310241 0 0 0 191 0 0 0 191 
9606.ENSP00000219479 9606.ENSP00000368565 0 0 0 0 187 0 0 187 
9606.ENSP00000219479 9606.ENSP00000254051 0 0 0 0 183 0 0 183 
9606.ENSP00000219479 9606.ENSP00000212015 52 0 0 0 0 0 480 486 
9606.ENSP00000219479 9606.ENSP00000355512 0 0 0 0 0 0 237 237 
9606.ENSP00000219479 9606.ENSP00000264170 0 0 0 292 0 0 42 293 
9606.ENSP00000219479 9606.ENSP00000421169 0 0 0 0 0 0 216 216 
9606.ENSP00000219479 9606.ENSP00000370625 70 0 0 63 161 650 87 723 
9606.ENSP00000219479 9606.ENSP00000222481 0 0 0 106 159 0 0 216 
9606.ENSP00000219479 9606.ENSP00000348395 75 0 0 62 83 0 106 194 
9606.ENSP00000219479 9606.ENSP00000354580 109 0 0 142 0 0 0 202 
9606.ENSP00000219479 9606.ENSP00000401264 58 0 0 61 0 900 131 912 
9606.ENSP00000219479 9606.ENSP00000217426 60 0 0 140 0 0 154 256 
9606.ENSP00000219479 9606.ENSP00000388107 0 0 0 168 0 0 133 248 
9606.ENSP00000219479 9606.ENSP00000447001 0 0 0 200 0 0 138 280 
9606.ENSP00000219479 9606.ENSP00000355689 0 0 0 62 52 900 205 919 
9606.ENSP00000219479 9606.ENSP00000483814 0 0 0 0 0 0 573 573 
9606.ENSP00000219479 9606.ENSP00000438264 0 0 0 0 0 0 552 552 
9606.ENSP00000219479 9606.ENSP00000438144 52 0 0 111 50 0 91 174 
9606.ENSP00000219479 9606.ENSP00000376793 0 0 0 129 0 0 76 160 
9606.ENSP00000219479 9606.ENSP00000219240 0 0 0 75 0 0 223 250 
9606.ENSP00000219479 9606.ENSP00000479618 0 0 0 65 0 0 139 160 
9606.ENSP00000219479 9606.ENSP00000467494 0 0 0 179 0 0 0 179 
9606.ENSP00000219479 9606.ENSP00000261893 0 0 0 0 187 0 0 187 
9606.ENSP00000219479 9606.ENSP00000229379 0 0 0 64 187 0 58 220 
9606.ENSP00000219479 9606.ENSP00000360281 0 0 0 531 0 0 0 531 
9606.ENSP00000219479 9606.ENSP00000265029 0 0 0 512 0 0 0 512 
9606.ENSP00000219479 9606.ENSP00000378669 0 0 0 86 50 0 127 176 
9606.ENSP00000219479 9606.ENSP00000458770 110 0 0 80 0 0 71 172 
9606.ENSP00000219479 9606.ENSP00000320171 0 0 0 63 0 800 99 816 
9606.ENSP00000219479 9606.ENSP00000379057 0 0 0 0 0 0 163 163 
9606.ENSP00000219479 9606.ENSP00000366974 0 0 0 0 159 0 0 159 
9606.ENSP00000219479 9606.ENSP00000363079 0 0 0 461 64 0 0 473 
9606.ENSP00000219479 9606.ENSP00000273320 0 0 0 0 59 0 418 429 
9606.ENSP00000219479 9606.ENSP00000362268 0 0 0 55 0 0 138 150 
9606.ENSP00000219479 9606.ENSP00000306275 0 0 0 49 0 0 267 273 
9606.ENSP00000219479 9606.ENSP00000421801 0 0 0 429 0 0 0 429 
9606.ENSP00000219479 9606.ENSP00000359297 0 0 0 61 0 0 150 167 
9606.ENSP00000219479 9606.ENSP00000381736 0 0 0 64 0 0 135 155 
9606.ENSP00000219479 9606.ENSP00000331901 0 0 0 107 0 0 132 192 
9606.ENSP00000219479 9606.ENSP00000367013 0 0 0 0 0 0 255 255 
9606.ENSP00000219479 9606.ENSP00000376840 49 0 0 63 50 0 231 262 
9606.ENSP00000219479 9606.ENSP00000303147 75 0 0 62 0 0 111 161 
9606.ENSP00000219479 9606.ENSP00000339063 0 0 0 82 0 0 117 155 
9606.ENSP00000219479 9606.ENSP00000419325 71 0 0 110 81 0 244 349 
9606.ENSP00000219479 9606.ENSP00000373073 0 0 0 210 0 0 66 230 
9606.ENSP00000219479 9606.ENSP00000465759 0 0 0 0 0 0 189 189 
9606.ENSP00000219479 9606.ENSP00000360170 0 0 0 512 0 0 259 623 
9606.ENSP00000219479 9606.ENSP00000274242 0 0 0 175 0 0 0 175 
9606.ENSP00000219479 9606.ENSP00000333633 0 0 0 69 0 0 169 193 
9606.ENSP00000219479 9606.ENSP00000300283 0 0 0 61 0 0 759 764 
9606.ENSP00000219479 9606.ENSP00000262316 0 0 0 84 0 0 321 351 
9606.ENSP00000219479 9606.ENSP00000215832 0 0 0 61 129 0 131 227 
9606.ENSP00000219479 9606.ENSP00000328570 0 0 0 63 187 0 54 216 
9606.ENSP00000219479 9606.ENSP00000361405 0 0 0 0 0 0 160 160 
9606.ENSP00000219479 9606.ENSP00000280701 110 0 0 63 0 0 85 170 
9606.ENSP00000219479 9606.ENSP00000484105 0 0 0 90 0 650 59 674 
9606.ENSP00000219479 9606.ENSP00000219066 43 0 0 89 0 0 173 216 
9606.ENSP00000219479 9606.ENSP00000337060 0 0 63 85 747 800 75 952 
9606.ENSP00000219479 9606.ENSP00000472749 0 0 0 68 0 0 167 190 
9606.ENSP00000219479 9606.ENSP00000302478 0 0 0 61 0 650 0 657 
9606.ENSP00000219479 9606.ENSP00000264220 43 0 0 62 0 0 152 172 
9606.ENSP00000219479 9606.ENSP00000226225 0 0 0 0 183 0 0 183 
9606.ENSP00000219479 9606.ENSP00000377814 71 0 0 0 0 900 43 903 
9606.ENSP00000219479 9606.ENSP00000282249 0 0 0 0 0 650 57 655 
9606.ENSP00000219479 9606.ENSP00000216605 74 0 0 0 0 0 132 161 
9606.ENSP00000219479 9606.ENSP00000366109 0 0 0 0 0 0 170 170 
9606.ENSP00000219479 9606.ENSP00000463574 0 0 0 0 187 0 0 187 
9606.ENSP00000219479 9606.ENSP00000472985 0 0 0 154 0 0 0 154 
9606.ENSP00000219479 9606.ENSP00000365883 0 0 0 169 187 0 61 310 
9606.ENSP00000219479 9606.ENSP00000341662 0 0 0 153 0 0 0 153 
9606.ENSP00000219479 9606.ENSP00000262441 0 0 0 169 0 0 0 169 
9606.ENSP00000219479 9606.ENSP00000357838 91 0 0 108 0 0 86 194 
9606.ENSP00000219479 9606.ENSP00000420617 0 0 0 0 131 0 203 278 
9606.ENSP00000219479 9606.ENSP00000364907 0 0 0 0 157 0 113 220 
9606.ENSP00000219479 9606.ENSP00000380904 0 0 0 60 0 650 226 723 
9606.ENSP00000219479 9606.ENSP00000364815 186 0 0 97 0 0 71 257 
9606.ENSP00000219479 9606.ENSP00000199447 0 0 0 0 84 0 158 195 
9606.ENSP00000219479 9606.ENSP00000296456 0 0 0 87 0 0 126 168 
9606.ENSP00000219479 9606.ENSP00000293860 0 0 0 0 58 650 217 719 
9606.ENSP00000219479 9606.ENSP00000359991 49 0 0 63 50 0 126 161 
9606.ENSP00000219479 9606.ENSP00000393241 46 0 0 215 0 0 86 255 
9606.ENSP00000219479 9606.ENSP00000317971 0 0 0 0 0 0 205 205 
9606.ENSP00000219479 9606.ENSP00000330898 0 0 0 61 0 650 50 660 
9606.ENSP00000219479 9606.ENSP00000318480 68 0 0 66 0 0 188 232 
9606.ENSP00000219479 9606.ENSP00000053468 0 0 0 134 0 0 62 152 
9606.ENSP00000219479 9606.ENSP00000307889 0 0 0 152 0 0 0 152 
9606.ENSP00000219479 9606.ENSP00000307640 0 0 0 153 0 0 0 153 
9606.ENSP00000219479 9606.ENSP00000301788 0 0 0 61 0 650 0 657 
9606.ENSP00000219479 9606.ENSP00000301825 0 0 0 81 0 650 267 743 
9606.ENSP00000219479 9606.ENSP00000410294 0 0 0 0 85 0 135 175 
9606.ENSP00000219479 9606.ENSP00000262494 0 0 0 0 183 0 0 183 
9606.ENSP00000219479 9606.ENSP00000266085 0 0 0 0 0 0 176 176 
9606.ENSP00000219479 9606.ENSP00000221418 0 0 0 0 187 0 0 187 
9606.ENSP00000219479 9606.ENSP00000390011 110 0 0 106 0 0 0 170 
9606.ENSP00000219479 9606.ENSP00000264036 0 0 0 0 0 0 273 273 
9606.ENSP00000219479 9606.ENSP00000379038 0 0 0 63 0 0 272 288 
9606.ENSP00000219479 9606.ENSP00000368140 0 0 0 0 0 0 252 252 
9606.ENSP00000219479 9606.ENSP00000366156 59 0 0 145 0 0 105 217 
9606.ENSP00000219479 9606.ENSP00000372724 0 0 0 0 0 0 183 183 
9606.ENSP00000219479 9606.ENSP00000323568 0 0 0 509 0 0 0 509 
9606.ENSP00000219479 9606.ENSP00000304604 0 0 0 50 52 0 167 184 
9606.ENSP00000219479 9606.ENSP00000338703 0 0 0 55 0 0 203 214 
9606.ENSP00000219479 9606.ENSP00000264596 0 0 0 56 0 0 173 185 
9606.ENSP00000219479 9606.ENSP00000483507 0 0 0 154 0 0 50 161 
9606.ENSP00000219479 9606.ENSP00000404203 0 0 0 61 0 0 535 545 
9606.ENSP00000219479 9606.ENSP00000315644 75 0 0 127 0 0 200 297 
9606.ENSP00000219479 9606.ENSP00000361704 58 0 0 88 0 900 131 915 
9606.ENSP00000219479 9606.ENSP00000298556 0 0 0 63 0 0 130 150 
9606.ENSP00000219479 9606.ENSP00000247970 68 0 0 108 0 0 91 178 
9606.ENSP00000219479 9606.ENSP00000462355 0 0 0 0 159 0 0 159 
9606.ENSP00000219479 9606.ENSP00000312999 0 0 0 0 183 0 0 183 
9606.ENSP00000219479 9606.ENSP00000413720 0 0 0 0 0 0 414 414 
9606.ENSP00000219479 9606.ENSP00000253122 0 0 0 87 0 0 624 642 
9606.ENSP00000219479 9606.ENSP00000384886 0 0 0 181 0 0 0 181 
9606.ENSP00000219479 9606.ENSP00000346050 0 0 0 165 0 0 0 165 
9606.ENSP00000219479 9606.ENSP00000371212 0 0 0 173 0 0 0 173 
9606.ENSP00000219479 9606.ENSP00000445175 52 0 0 111 50 0 105 187 
9606.ENSP00000219479 9606.ENSP00000363676 0 0 0 163 0 0 87 203 
9606.ENSP00000219479 9606.ENSP00000262958 0 0 0 0 156 0 0 156 
9606.ENSP00000219479 9606.ENSP00000263681 0 0 0 0 0 650 50 653 
9606.ENSP00000219479 9606.ENSP00000232003 0 0 0 512 0 0 78 530 
9606.ENSP00000219479 9606.ENSP00000342026 58 0 0 108 0 0 75 155 
9606.ENSP00000219479 9606.ENSP00000302620 107 0 0 244 0 0 49 301 
9606.ENSP00000219479 9606.ENSP00000355893 0 0 0 171 0 0 0 171 
9606.ENSP00000219479 9606.ENSP00000296327 0 0 0 238 0 0 0 238 
9606.ENSP00000219479 9606.ENSP00000301585 0 0 0 62 118 0 62 156 
9606.ENSP00000219479 9606.ENSP00000281722 0 0 0 163 0 0 0 163 
9606.ENSP00000219479 9606.ENSP00000370376 42 0 0 108 0 900 173 919 
9606.ENSP00000219479 9606.ENSP00000269305 0 0 0 61 101 0 188 254 
9606.ENSP00000219479 9606.ENSP00000363533 52 0 0 111 50 0 91 174 
9606.ENSP00000219479 9606.ENSP00000040663 0 0 0 53 0 0 268 277 
9606.ENSP00000219479 9606.ENSP00000389243 0 0 0 0 59 0 282 295 
9606.ENSP00000219479 9606.ENSP00000274306 0 0 0 0 0 0 224 224 
9606.ENSP00000219479 9606.ENSP00000285379 0 0 0 0 0 0 179 179 
9606.ENSP00000219479 9606.ENSP00000390111 0 0 0 61 0 0 144 161 
9606.ENSP00000219479 9606.ENSP00000336762 0 0 0 491 0 0 0 491 
9606.ENSP00000219479 9606.ENSP00000345096 0 0 0 62 0 0 140 158 
9606.ENSP00000219479 9606.ENSP00000430269 0 0 0 0 61 0 405 417 
9606.ENSP00000219479 9606.ENSP00000354876 0 0 0 145 0 0 76 176 
9606.ENSP00000219479 9606.ENSP00000406261 0 0 0 62 0 650 0 657 
9606.ENSP00000219479 9606.ENSP00000350418 0 0 0 0 59 0 353 365 
9606.ENSP00000219479 9606.ENSP00000347933 0 0 0 167 0 0 0 167 
9606.ENSP00000219479 9606.ENSP00000356967 0 0 0 49 126 0 173 252 
9606.ENSP00000219479 9606.ENSP00000353770 0 0 0 121 0 900 128 916 
9606.ENSP00000219479 9606.ENSP00000483375 44 0 0 0 0 0 151 153 
9606.ENSP00000219479 9606.ENSP00000357917 0 0 0 0 0 0 167 167 
9606.ENSP00000219479 9606.ENSP00000265070 0 0 0 0 187 0 0 187 
9606.ENSP00000219479 9606.ENSP00000379350 0 0 0 63 50 0 131 158 
9606.ENSP00000219479 9606.ENSP00000361980 0 0 0 0 0 0 224 224 
9606.ENSP00000219479 9606.ENSP00000322804 0 0 0 0 0 0 209 209 
9606.ENSP00000219479 9606.ENSP00000266041 0 0 0 169 0 0 0 169 
9606.ENSP00000219479 9606.ENSP00000367923 71 0 0 110 81 0 246 350 
9606.ENSP00000219479 9606.ENSP00000469958 0 0 0 0 59 0 475 485 
9606.ENSP00000219479 9606.ENSP00000265605 0 0 0 335 0 0 57 346 
9606.ENSP00000219479 9606.ENSP00000361287 75 0 0 62 0 0 111 161 
9606.ENSP00000219479 9606.ENSP00000254695 0 0 0 0 0 0 175 175 
9606.ENSP00000219479 9606.ENSP00000382250 0 0 0 116 0 0 113 182 
9606.ENSP00000219479 9606.ENSP00000317904 43 0 0 427 0 0 58 438 
9606.ENSP00000219479 9606.ENSP00000329614 69 0 0 0 125 0 0 150 
9606.ENSP00000219479 9606.ENSP00000333837 0 0 0 130 0 0 66 153 
9606.ENSP00000219479 9606.ENSP00000256958 0 0 0 169 0 0 0 169 
9606.ENSP00000219479 9606.ENSP00000261196 0 0 0 169 0 0 0 169 
9606.ENSP00000219479 9606.ENSP00000324124 0 0 0 106 0 650 57 679 
9606.ENSP00000219479 9606.ENSP00000234071 0 0 0 509 0 0 0 509 
9606.ENSP00000219479 9606.ENSP00000373620 0 0 0 64 110 0 89 175 
9606.ENSP00000219479 9606.ENSP00000225698 0 0 0 74 187 0 0 215 
9606.ENSP00000219479 9606.ENSP00000358812 102 0 0 64 0 0 108 184 
9606.ENSP00000219479 9606.ENSP00000483328 0 0 0 61 0 650 50 660 
9606.ENSP00000219479 9606.ENSP00000272645 0 0 0 61 0 650 118 685 
9606.ENSP00000219479 9606.ENSP00000315949 0 0 0 0 0 0 224 224 
9606.ENSP00000219479 9606.ENSP00000384849 0 0 0 0 0 0 271 271 
9606.ENSP00000219479 9606.ENSP00000308541 0 0 0 82 0 0 171 206 
9606.ENSP00000219479 9606.ENSP00000261845 0 0 0 61 129 0 62 165 
9606.ENSP00000219479 9606.ENSP00000464258 0 0 0 0 157 0 78 189 
9606.ENSP00000219479 9606.ENSP00000404232 0 0 0 81 0 0 164 198 
9606.ENSP00000219479 9606.ENSP00000278353 49 0 0 62 0 0 135 160 
9606.ENSP00000219479 9606.ENSP00000373905 0 0 0 0 131 0 177 254 
9606.ENSP00000219479 9606.ENSP00000362773 68 0 0 91 0 0 91 162 
9606.ENSP00000219479 9606.ENSP00000222567 0 0 0 61 0 650 0 657 
9606.ENSP00000219479 9606.ENSP00000368349 0 0 0 97 0 650 58 676 
9606.ENSP00000219479 9606.ENSP00000225969 103 0 0 109 0 0 0 166 
9606.ENSP00000219479 9606.ENSP00000346067 0 0 0 134 0 0 218 294 
9606.ENSP00000219479 9606.ENSP00000378743 0 0 0 64 0 650 744 908 
9606.ENSP00000219479 9606.ENSP00000256722 0 0 0 62 0 900 616 960 
9606.ENSP00000219479 9606.ENSP00000346577 0 0 0 64 0 900 305 929 
9606.ENSP00000219479 9606.ENSP00000479794 0 0 0 0 159 0 0 159 
9606.ENSP00000219479 9606.ENSP00000260356 0 0 0 0 0 0 165 165 
9606.ENSP00000219479 9606.ENSP00000350425 0 0 0 512 0 0 0 512 
9606.ENSP00000219479 9606.ENSP00000410339 0 0 0 49 126 0 173 252 
9606.ENSP00000219479 9606.ENSP00000286355 0 0 0 0 0 650 64 658 
9606.ENSP00000219479 9606.ENSP00000362353 0 0 0 179 0 0 61 196 
9606.ENSP00000219479 9606.ENSP00000346015 0 0 0 158 0 0 0 158 
9606.ENSP00000219479 9606.ENSP00000379367 0 0 0 0 187 0 0 187 
9606.ENSP00000219479 9606.ENSP00000354458 0 0 0 512 0 0 0 512 
9606.ENSP00000219479 9606.ENSP00000444149 0 0 0 169 0 0 0 169 
9606.ENSP00000219479 9606.ENSP00000259396 0 0 0 362 0 0 51 368 
9606.ENSP00000219479 9606.ENSP00000360561 0 0 0 113 0 650 43 676 
9606.ENSP00000219479 9606.ENSP00000229264 0 0 0 0 303 0 0 303 
9606.ENSP00000219479 9606.ENSP00000383558 0 0 0 179 0 0 0 179 
9606.ENSP00000219479 9606.ENSP00000312457 0 0 0 0 0 0 181 181 
9606.ENSP00000219479 9606.ENSP00000218099 0 0 0 512 0 0 68 525 
9606.ENSP00000219479 9606.ENSP00000294016 0 0 0 0 0 650 56 655 
9606.ENSP00000219479 9606.ENSP00000299732 0 0 0 0 0 0 209 209 
9606.ENSP00000219479 9606.ENSP00000261837 0 0 0 0 303 0 0 303 
9606.ENSP00000219479 9606.ENSP00000346890 0 0 0 0 187 0 0 187 
9606.ENSP00000219479 9606.ENSP00000371211 0 0 0 512 0 0 0 512 
9606.ENSP00000219479 9606.ENSP00000295269 0 0 0 0 0 0 169 169 
9606.ENSP00000219479 9606.ENSP00000264690 0 0 0 429 0 0 0 429 
9606.ENSP00000219479 9606.ENSP00000352463 0 0 0 62 0 0 245 262 
9606.ENSP00000219479 9606.ENSP00000288937 52 0 0 167 0 0 0 176 
9606.ENSP00000219479 9606.ENSP00000259469 0 0 0 200 0 0 0 200 
9606.ENSP00000219479 9606.ENSP00000262584 0 0 0 176 0 0 0 176 
9606.ENSP00000219479 9606.ENSP00000420311 0 0 0 205 0 0 0 205 
9606.ENSP00000219479 9606.ENSP00000291577 0 0 0 55 187 0 43 200 
9606.ENSP00000219479 9606.ENSP00000369757 110 0 0 133 66 0 0 216 
9606.ENSP00000219479 9606.ENSP00000313877 0 0 0 108 187 0 62 261 
9606.ENSP00000219479 9606.ENSP00000367686 0 0 0 0 187 0 0 187 
9606.ENSP00000219479 9606.ENSP00000262394 0 0 0 60 0 0 138 155 
9606.ENSP00000219479 9606.ENSP00000398596 0 0 0 0 0 0 227 227 
9606.ENSP00000219479 9606.ENSP00000307674 0 0 0 0 0 650 59 656 
9606.ENSP00000219479 9606.ENSP00000389843 0 0 0 142 0 0 67 165 
9606.ENSP00000219479 9606.ENSP00000299198 0 0 0 61 0 0 648 656 
9606.ENSP00000219479 9606.ENSP00000396052 0 0 0 0 0 0 255 255 
9606.ENSP00000219479 9606.ENSP00000381601 0 0 0 0 131 0 69 156 
9606.ENSP00000219479 9606.ENSP00000273359 0 0 0 0 177 0 0 177 
9606.ENSP00000219479 9606.ENSP00000351520 0 0 0 62 0 650 0 657 
9606.ENSP00000219479 9606.ENSP00000336829 0 0 0 512 0 0 52 517 
9606.ENSP00000219479 9606.ENSP00000306361 0 0 0 512 0 0 54 518 
9606.ENSP00000219479 9606.ENSP00000251337 0 0 0 0 183 0 0 183 
9606.ENSP00000219479 9606.ENSP00000368458 0 0 0 137 62 0 112 218 
9606.ENSP00000219479 9606.ENSP00000343885 45 0 0 110 0 0 85 154 
9606.ENSP00000219479 9606.ENSP00000200457 0 0 0 208 0 0 0 208 
9606.ENSP00000219479 9606.ENSP00000296218 0 0 0 64 0 0 133 153 
9606.ENSP00000219479 9606.ENSP00000281182 0 0 0 62 0 0 153 172 
9606.ENSP00000219479 9606.ENSP00000359680 0 0 0 0 187 0 0 187 
9606.ENSP00000219479 9606.ENSP00000321259 0 0 0 67 59 0 132 173 
9606.ENSP00000219479 9606.ENSP00000364731 0 0 0 509 0 0 0 509 
9606.ENSP00000219479 9606.ENSP00000380666 0 0 0 61 0 0 181 198 
9606.ENSP00000219479 9606.ENSP00000338967 0 0 0 0 0 0 163 163 
9606.ENSP00000219479 9606.ENSP00000302393 52 0 0 111 50 0 91 174 
9606.ENSP00000219479 9606.ENSP00000347168 0 0 0 0 159 0 0 159 
9606.ENSP00000219479 9606.ENSP00000354681 0 0 0 0 131 0 306 371 
9606.ENSP00000219479 9606.ENSP00000361087 0 0 0 0 0 0 226 226 
9606.ENSP00000219479 9606.ENSP00000261170 0 0 0 0 0 650 56 655 
9606.ENSP00000219479 9606.ENSP00000414066 0 0 0 0 187 0 0 187 
9606.ENSP00000219479 9606.ENSP00000370808 0 0 0 90 128 0 0 172 
9606.ENSP00000219479 9606.ENSP00000265465 0 0 0 100 0 650 0 671 
9606.ENSP00000219479 9606.ENSP00000302114 0 0 0 84 0 0 244 278 
9606.ENSP00000219479 9606.ENSP00000386239 0 0 0 91 0 0 184 227 
9606.ENSP00000219479 9606.ENSP00000351015 0 0 0 62 0 0 294 309 
9606.ENSP00000219479 9606.ENSP00000233242 0 0 0 230 0 0 100 277 
9606.ENSP00000219479 9606.ENSP00000384952 0 0 0 144 0 0 83 181 
9606.ENSP00000219479 9606.ENSP00000262027 158 0 0 64 0 0 66 199 
9606.ENSP00000219479 9606.ENSP00000368646 58 0 0 119 0 0 75 165 
9606.ENSP00000219479 9606.ENSP00000379500 52 0 0 111 50 0 91 174 
9606.ENSP00000219479 9606.ENSP00000430774 0 0 0 93 126 0 56 186 
9606.ENSP00000219479 9606.ENSP00000351475 0 0 0 61 157 0 0 174 
9606.ENSP00000219479 9606.ENSP00000324856 0 0 0 61 85 0 173 227 
9606.ENSP00000219479 9606.ENSP00000419117 0 0 0 156 0 0 0 156 
9606.ENSP00000219479 9606.ENSP00000362271 0 0 0 64 0 650 344 766 
9606.ENSP00000219479 9606.ENSP00000337746 0 0 0 241 0 0 0 241 
9606.ENSP00000219479 9606.ENSP00000339933 0 0 0 63 0 800 99 816 
9606.ENSP00000219479 9606.ENSP00000342109 0 0 0 129 0 0 76 160 
9606.ENSP00000219479 9606.ENSP00000369050 0 0 0 190 0 0 0 190 
9606.ENSP00000219479 9606.ENSP00000369383 0 0 0 61 0 0 242 258 
9606.ENSP00000219479 9606.ENSP00000443017 0 0 0 0 159 0 0 159 
9606.ENSP00000219479 9606.ENSP00000296474 0 0 0 0 85 0 117 157 
9606.ENSP00000219479 9606.ENSP00000312126 0 0 0 0 0 650 64 658 
9606.ENSP00000219479 9606.ENSP00000238789 0 0 0 80 0 0 117 153 
9606.ENSP00000219479 9606.ENSP00000383234 0 0 0 61 129 0 62 165 
9606.ENSP00000219479 9606.ENSP00000473036 45 0 0 105 0 0 168 226 
9606.ENSP00000219479 9606.ENSP00000358814 60 0 0 86 0 0 120 177 
9606.ENSP00000219479 9606.ENSP00000450838 0 0 0 129 0 0 76 160 
9606.ENSP00000219479 9606.ENSP00000381339 0 0 0 0 183 0 0 183 
9606.ENSP00000219479 9606.ENSP00000386444 0 0 0 0 0 0 173 173 
9606.ENSP00000219479 9606.ENSP00000337804 0 0 0 62 0 0 313 328 
9606.ENSP00000219479 9606.ENSP00000336740 0 0 0 174 85 0 0 211 
9606.ENSP00000219479 9606.ENSP00000226230 0 0 0 62 0 0 146 164 
9606.ENSP00000219479 9606.ENSP00000384363 0 0 0 76 0 0 236 264 
9606.ENSP00000219479 9606.ENSP00000344458 0 0 0 512 0 0 0 512 
9606.ENSP00000219479 9606.ENSP00000481486 0 0 0 0 159 0 0 159 
9606.ENSP00000219479 9606.ENSP00000265165 0 0 0 0 0 0 295 295 
9606.ENSP00000219479 9606.ENSP00000221859 0 0 0 73 58 650 0 667 
9606.ENSP00000219479 9606.ENSP00000450540 0 0 0 129 0 0 76 160 
9606.ENSP00000219479 9606.ENSP00000367841 0 0 0 63 50 0 334 356 
9606.ENSP00000219479 9606.ENSP00000333685 0 0 0 61 129 0 62 165 
9606.ENSP00000219479 9606.ENSP00000226299 75 0 0 62 83 0 106 193 
9606.ENSP00000219479 9606.ENSP00000333019 73 0 0 88 0 0 132 202 
9606.ENSP00000219479 9606.ENSP00000265983 0 0 0 189 0 0 69 212 
9606.ENSP00000219479 9606.ENSP00000363286 0 0 0 67 0 650 0 659 
9606.ENSP00000219479 9606.ENSP00000287814 0 0 0 0 0 0 151 151 
9606.ENSP00000219479 9606.ENSP00000416429 0 0 0 196 0 0 0 196 
9606.ENSP00000219479 9606.ENSP00000222286 45 0 0 105 0 0 168 226 
9606.ENSP00000219479 9606.ENSP00000287078 0 0 0 65 0 0 150 171 
9606.ENSP00000219479 9606.ENSP00000361446 68 0 0 63 0 650 78 680 
9606.ENSP00000219479 9606.ENSP00000349142 0 0 0 129 0 0 169 246 
9606.ENSP00000219479 9606.ENSP00000406046 0 0 0 96 0 650 56 675 
9606.ENSP00000219479 9606.ENSP00000277865 0 0 0 63 0 0 167 186 
9606.ENSP00000219479 9606.ENSP00000355731 0 0 0 0 85 0 114 154 
9606.ENSP00000219479 9606.ENSP00000339095 0 0 0 163 0 0 50 171 
9606.ENSP00000219479 9606.ENSP00000422375 0 0 0 59 0 900 0 901 
9606.ENSP00000219479 9606.ENSP00000361914 0 0 0 0 187 0 104 240 
9606.ENSP00000219479 9606.ENSP00000363018 0 0 0 172 0 0 42 173 
9606.ENSP00000219479 9606.ENSP00000370882 0 0 0 0 187 0 0 187 
9606.ENSP00000219479 9606.ENSP00000356785 0 0 130 0 74 800 173 849 
9606.ENSP00000219479 9606.ENSP00000419045 110 0 0 63 142 800 0 837 
9606.ENSP00000219479 9606.ENSP00000275364 0 0 0 0 183 0 0 183 
9606.ENSP00000219479 9606.ENSP00000341108 0 0 0 0 0 0 175 175 
9606.ENSP00000219479 9606.ENSP00000451828 0 0 0 0 85 0 109 150 
9606.ENSP00000219479 9606.ENSP00000480960 0 0 0 0 159 0 0 159 
9606.ENSP00000219479 9606.ENSP00000385958 45 0 0 133 0 0 100 189 
9606.ENSP00000219479 9606.ENSP00000360671 0 0 0 81 128 0 0 164 
9606.ENSP00000219479 9606.ENSP00000248150 0 0 0 0 0 0 205 205 
9606.ENSP00000219479 9606.ENSP00000362344 110 0 0 85 0 0 74 180 
9606.ENSP00000219479 9606.ENSP00000229239 45 0 0 137 0 0 240 320 
9606.ENSP00000219479 9606.ENSP00000403852 0 0 0 62 84 650 163 714 
9606.ENSP00000219479 9606.ENSP00000377617 71 0 0 0 0 0 132 159 
9606.ENSP00000219479 9606.ENSP00000443432 0 0 0 512 0 0 0 512 
9606.ENSP00000219479 9606.ENSP00000309334 0 0 0 171 0 0 0 171 
9606.ENSP00000219479 9606.ENSP00000313490 71 0 0 84 0 0 142 206 
9606.ENSP00000219479 9606.ENSP00000265433 0 0 0 0 275 0 0 275 
9606.ENSP00000219479 9606.ENSP00000205402 44 0 0 114 85 0 99 208 
9606.ENSP00000219479 9606.ENSP00000267814 0 0 0 50 124 0 138 219 
9606.ENSP00000219479 9606.ENSP00000373674 0 0 0 0 0 0 710 710 
9606.ENSP00000219479 9606.ENSP00000406933 0 0 0 152 187 0 44 283 
9606.ENSP00000219479 9606.ENSP00000264424 0 0 0 0 0 650 154 691 
9606.ENSP00000219479 9606.ENSP00000222573 0 0 0 0 511 0 158 571 
9606.ENSP00000219479 9606.ENSP00000217456 70 0 0 62 0 0 131 175 
9606.ENSP00000219479 9606.ENSP00000305852 0 0 0 512 0 0 0 512 
9606.ENSP00000219479 9606.ENSP00000360268 257 0 0 65 0 0 0 275 
9606.ENSP00000219479 9606.ENSP00000342889 0 0 0 61 0 650 0 657 
9606.ENSP00000219479 9606.ENSP00000347665 0 0 0 94 0 0 216 260 
9606.ENSP00000219479 9606.ENSP00000300738 0 0 0 77 0 900 167 916 
9606.ENSP00000219479 9606.ENSP00000355493 73 0 0 88 0 0 132 202 
9606.ENSP00000219479 9606.ENSP00000334375 0 0 0 0 0 0 284 284 
9606.ENSP00000219479 9606.ENSP00000221476 0 0 0 61 0 0 321 335 
9606.ENSP00000219479 9606.ENSP00000332646 0 0 0 59 0 0 320 333 
9606.ENSP00000219479 9606.ENSP00000216807 0 0 0 0 0 0 182 182 
9606.ENSP00000219479 9606.ENSP00000380333 0 0 0 169 0 0 0 169 
9606.ENSP00000219479 9606.ENSP00000363463 0 0 0 0 0 0 513 513 
9606.ENSP00000219479 9606.ENSP00000226951 0 0 0 0 183 0 0 183 
9606.ENSP00000219479 9606.ENSP00000400646 70 0 0 62 0 900 131 914 
9606.ENSP00000219479 9606.ENSP00000429374 0 0 0 155 0 0 96 204 
9606.ENSP00000219479 9606.ENSP00000261994 0 0 0 512 0 0 158 571 
9606.ENSP00000219479 9606.ENSP00000263579 0 0 0 61 0 0 154 171 
9606.ENSP00000219479 9606.ENSP00000355587 0 0 0 0 0 900 0 900 
9606.ENSP00000219479 9606.ENSP00000406577 0 0 0 61 0 0 760 765 
9606.ENSP00000219479 9606.ENSP00000256578 0 0 0 62 50 0 178 203 
9606.ENSP00000219479 9606.ENSP00000474534 0 0 0 64 113 0 116 201 
9606.ENSP00000219479 9606.ENSP00000344666 0 0 0 80 50 0 144 186 
9606.ENSP00000219479 9606.ENSP00000345957 0 0 0 117 53 0 75 160 
9606.ENSP00000219479 9606.ENSP00000333667 0 0 0 98 187 0 226 382 
9606.ENSP00000219479 9606.ENSP00000362413 0 0 0 85 50 0 120 168 
9606.ENSP00000219479 9606.ENSP00000360147 0 0 0 153 0 0 0 153 
9606.ENSP00000219479 9606.ENSP00000196371 0 0 0 0 0 0 272 272 
9606.ENSP00000219479 9606.ENSP00000440288 0 0 0 50 0 0 155 162 
9606.ENSP00000219479 9606.ENSP00000449089 0 0 0 0 131 0 114 197 
9606.ENSP00000219479 9606.ENSP00000369318 0 0 0 0 0 0 230 230 
9606.ENSP00000219479 9606.ENSP00000263025 0 0 0 61 129 0 92 192 
9606.ENSP00000219479 9606.ENSP00000354739 0 0 0 329 0 0 0 329 
9606.ENSP00000219479 9606.ENSP00000455785 0 0 0 0 183 0 0 183 
9606.ENSP00000219479 9606.ENSP00000298299 0 0 0 0 59 0 240 254 
9606.ENSP00000219479 9606.ENSP00000232607 0 0 0 62 0 0 169 187 
9606.ENSP00000219479 9606.ENSP00000311405 0 0 0 61 0 650 64 665 
9606.ENSP00000219479 9606.ENSP00000363232 0 0 0 63 0 0 225 242 
9606.ENSP00000219479 9606.ENSP00000268125 0 0 0 63 57 0 204 235 
9606.ENSP00000219479 9606.ENSP00000407422 0 0 0 0 0 0 203 203 
9606.ENSP00000219479 9606.ENSP00000400717 0 0 0 0 183 0 0 183 
9606.ENSP00000219479 9606.ENSP00000350491 0 0 0 77 0 650 0 663 
9606.ENSP00000219479 9606.ENSP00000307940 0 0 0 85 57 0 105 161 
9606.ENSP00000219479 9606.ENSP00000322439 0 0 0 175 0 0 128 250 
9606.ENSP00000219479 9606.ENSP00000410186 0 0 0 64 0 800 504 899 
9606.ENSP00000219479 9606.ENSP00000348163 0 0 0 0 0 0 246 246 
9606.ENSP00000219479 9606.ENSP00000375730 0 0 0 194 0 0 50 201 
9606.ENSP00000219479 9606.ENSP00000479106 0 0 0 0 159 0 0 159 
9606.ENSP00000219479 9606.ENSP00000258975 78 0 0 62 0 0 101 154 
9606.ENSP00000219479 9606.ENSP00000367034 0 0 0 0 159 0 0 159 
9606.ENSP00000219479 9606.ENSP00000362282 0 0 0 0 0 800 0 800 
9606.ENSP00000219479 9606.ENSP00000361465 45 0 0 79 71 650 127 704 
9606.ENSP00000219479 9606.ENSP00000464814 74 0 0 82 0 0 189 251 
9606.ENSP00000219479 9606.ENSP00000327589 0 0 0 63 0 0 167 186 
9606.ENSP00000219479 9606.ENSP00000378187 0 0 0 0 0 650 64 658 
9606.ENSP00000219479 9606.ENSP00000356162 0 0 0 0 0 0 213 213 
9606.ENSP00000219479 9606.ENSP00000216185 0 0 0 0 169 0 67 191 
9606.ENSP00000219479 9606.ENSP00000437783 52 0 0 111 50 0 91 174 
9606.ENSP00000219479 9606.ENSP00000358831 0 0 0 61 0 0 167 184 
9606.ENSP00000219479 9606.ENSP00000260649 0 0 0 0 0 0 168 168 
9606.ENSP00000219479 9606.ENSP00000360250 0 0 0 89 0 650 102 688 
9606.ENSP00000219479 9606.ENSP00000382071 70 0 0 0 0 0 173 198 
9606.ENSP00000219479 9606.ENSP00000481878 0 0 0 0 303 0 0 303 
9606.ENSP00000219479 9606.ENSP00000225430 0 0 0 167 0 0 0 167 
9606.ENSP00000219479 9606.ENSP00000356825 0 0 0 0 0 650 56 655 
9606.ENSP00000219479 9606.ENSP00000319412 0 0 0 63 0 0 394 409 
9606.ENSP00000219479 9606.ENSP00000484789 0 0 0 0 159 0 0 159 
9606.ENSP00000219479 9606.ENSP00000412189 49 0 0 63 50 0 126 161 
9606.ENSP00000219479 9606.ENSP00000343190 0 0 0 62 0 0 158 176 
9606.ENSP00000219479 9606.ENSP00000299853 0 0 0 59 0 650 0 656 
9606.ENSP00000219479 9606.ENSP00000428845 0 0 0 110 0 0 129 191 
9606.ENSP00000219479 9606.ENSP00000181383 0 0 0 627 0 0 0 627 
9606.ENSP00000219479 9606.ENSP00000242159 0 0 0 0 0 0 191 191 
9606.ENSP00000219479 9606.ENSP00000402301 0 0 0 76 0 0 145 176 
9606.ENSP00000219479 9606.ENSP00000479461 0 0 0 0 159 0 0 159 
9606.ENSP00000219479 9606.ENSP00000441875 0 0 0 87 0 0 177 217 
9606.ENSP00000219479 9606.ENSP00000477870 0 0 0 0 159 0 0 159 
9606.ENSP00000219479 9606.ENSP00000478892 0 0 0 0 183 0 0 183 
9606.ENSP00000219479 9606.ENSP00000078429 0 0 0 0 156 0 0 156 
9606.ENSP00000219479 9606.ENSP00000303398 0 0 0 0 0 0 150 150 
9606.ENSP00000219479 9606.ENSP00000358320 0 0 0 0 0 650 0 650 
9606.ENSP00000219479 9606.ENSP00000318868 0 0 0 64 0 0 336 351 
9606.ENSP00000219479 9606.ENSP00000355517 0 0 0 232 0 0 0 232 
9606.ENSP00000219479 9606.ENSP00000342952 0 0 0 0 0 650 64 658 
9606.ENSP00000219479 9606.ENSP00000296181 0 0 0 69 50 0 147 180 
9606.ENSP00000219479 9606.ENSP00000348234 51 0 0 511 0 0 242 617 
9606.ENSP00000219479 9606.ENSP00000261245 0 0 0 59 0 0 141 157 
9606.ENSP00000219479 9606.ENSP00000362014 0 0 0 0 131 0 114 197 
9606.ENSP00000219479 9606.ENSP00000371607 0 0 0 98 187 0 0 235 
9606.ENSP00000219479 9606.ENSP00000423602 0 0 0 0 0 0 488 488 
9606.ENSP00000219479 9606.ENSP00000430075 0 0 0 62 50 0 139 165 
9606.ENSP00000219479 9606.ENSP00000262301 0 0 0 0 0 0 199 199 
9606.ENSP00000219479 9606.ENSP00000343027 0 0 0 0 183 0 0 183 
9606.ENSP00000219479 9606.ENSP00000219302 0 0 59 82 187 800 80 847 
9606.ENSP00000219479 9606.ENSP00000360538 0 0 0 210 0 0 0 210 
9606.ENSP00000219479 9606.ENSP00000342019 0 0 0 0 59 0 265 278 
9606.ENSP00000219479 9606.ENSP00000357669 0 0 0 0 0 650 56 655 
9606.ENSP00000219479 9606.ENSP00000327124 0 0 0 0 0 0 163 163 
9606.ENSP00000219479 9606.ENSP00000335246 0 0 0 62 0 650 56 663 
9606.ENSP00000219479 9606.ENSP00000306003 0 0 0 90 0 0 146 189 
9606.ENSP00000219479 9606.ENSP00000229270 96 0 0 82 0 0 219 295 
9606.ENSP00000219479 9606.ENSP00000366956 0 0 0 0 159 0 0 159 
9606.ENSP00000219479 9606.ENSP00000306548 0 0 0 169 0 0 0 169 
9606.ENSP00000219479 9606.ENSP00000480158 68 0 0 63 0 650 78 680 
9606.ENSP00000219479 9606.ENSP00000367615 110 0 0 77 0 0 331 403 
9606.ENSP00000219479 9606.ENSP00000299427 0 0 0 0 187 0 0 187 
9606.ENSP00000219479 9606.ENSP00000410059 0 0 0 81 50 0 124 168 
9606.ENSP00000219479 9606.ENSP00000418868 0 0 0 176 0 0 50 183 
9606.ENSP00000219479 9606.ENSP00000419851 51 0 0 61 0 0 183 209 
9606.ENSP00000219479 9606.ENSP00000467466 0 0 0 218 0 0 0 218 
9606.ENSP00000219479 9606.ENSP00000311005 0 0 0 61 129 0 62 165 
9606.ENSP00000219479 9606.ENSP00000270625 0 0 0 172 0 0 54 183 
9606.ENSP00000219479 9606.ENSP00000219406 0 0 0 0 84 0 189 225 
9606.ENSP00000219479 9606.ENSP00000379802 0 0 0 62 50 0 139 165 
9606.ENSP00000219479 9606.ENSP00000234256 0 0 0 183 0 0 44 185 
9606.ENSP00000219479 9606.ENSP00000365807 0 0 0 0 156 0 0 156 
