9606.ENSP00000392204 9606.ENSP00000406293 0 0 0 0 0 0 156 156 
9606.ENSP00000392204 9606.ENSP00000285071 0 0 0 0 0 0 729 729 
9606.ENSP00000392204 9606.ENSP00000380872 0 0 0 213 0 0 0 213 
9606.ENSP00000392204 9606.ENSP00000418915 0 0 0 0 0 0 194 194 
9606.ENSP00000392204 9606.ENSP00000370990 0 0 0 335 0 0 0 335 
9606.ENSP00000392204 9606.ENSP00000278060 0 0 0 0 0 0 163 163 
9606.ENSP00000392204 9606.ENSP00000385494 0 0 0 0 0 0 152 152 
9606.ENSP00000392204 9606.ENSP00000403683 0 0 0 151 0 0 0 151 
9606.ENSP00000392204 9606.ENSP00000360994 0 0 0 0 0 0 206 206 
9606.ENSP00000392204 9606.ENSP00000361007 0 0 0 0 0 0 290 290 
9606.ENSP00000392204 9606.ENSP00000356746 0 0 0 151 0 0 0 151 
9606.ENSP00000392204 9606.ENSP00000263967 0 0 0 0 0 0 347 347 
9606.ENSP00000392204 9606.ENSP00000334910 0 0 0 0 0 0 210 210 
9606.ENSP00000392204 9606.ENSP00000465992 0 0 0 0 0 0 607 607 
9606.ENSP00000392204 9606.ENSP00000362268 0 0 0 155 0 0 0 155 
9606.ENSP00000392204 9606.ENSP00000317992 0 0 0 0 0 0 183 183 
9606.ENSP00000392204 9606.ENSP00000386135 0 0 0 0 0 0 214 214 
9606.ENSP00000392204 9606.ENSP00000273853 0 0 0 0 0 0 211 211 
9606.ENSP00000392204 9606.ENSP00000344609 0 0 0 0 0 0 167 167 
9606.ENSP00000392204 9606.ENSP00000329797 0 0 0 0 0 0 223 223 
9606.ENSP00000392204 9606.ENSP00000452793 0 0 0 406 0 0 0 406 
9606.ENSP00000392204 9606.ENSP00000314151 0 0 0 0 0 0 150 150 
9606.ENSP00000392204 9606.ENSP00000451828 0 0 0 0 0 0 218 218 
9606.ENSP00000392204 9606.ENSP00000426033 0 0 0 0 0 0 171 171 
9606.ENSP00000392204 9606.ENSP00000418960 0 0 0 0 0 0 243 243 
9606.ENSP00000392204 9606.ENSP00000335201 0 0 0 213 0 0 0 213 
9606.ENSP00000392204 9606.ENSP00000363822 0 0 0 0 0 0 228 228 
9606.ENSP00000392204 9606.ENSP00000434516 0 0 0 0 0 0 231 231 
9606.ENSP00000392204 9606.ENSP00000333725 0 0 0 215 0 0 0 215 
9606.ENSP00000392204 9606.ENSP00000356410 0 0 0 0 0 0 231 231 
9606.ENSP00000392204 9606.ENSP00000482674 0 0 0 0 0 0 211 211 
9606.ENSP00000392204 9606.ENSP00000288912 0 0 0 298 0 0 0 298 
9606.ENSP00000392204 9606.ENSP00000364699 0 0 0 0 0 0 412 412 
9606.ENSP00000392204 9606.ENSP00000339017 0 0 0 0 0 0 284 284 
9606.ENSP00000392204 9606.ENSP00000312284 0 0 0 0 0 0 269 269 
9606.ENSP00000392204 9606.ENSP00000314080 0 0 0 0 0 0 286 286 
9606.ENSP00000392204 9606.ENSP00000228843 0 0 0 0 0 0 161 161 
9606.ENSP00000392204 9606.ENSP00000384849 0 0 0 0 0 0 400 400 
9606.ENSP00000392204 9606.ENSP00000354812 0 0 0 0 0 0 243 243 
9606.ENSP00000392204 9606.ENSP00000263734 0 0 0 0 0 0 196 196 
9606.ENSP00000392204 9606.ENSP00000339495 0 0 0 0 0 0 631 631 
9606.ENSP00000392204 9606.ENSP00000265068 0 0 0 83 0 0 223 257 
9606.ENSP00000392204 9606.ENSP00000392395 0 0 0 0 0 0 296 296 
9606.ENSP00000392204 9606.ENSP00000269305 0 0 0 0 0 0 386 386 
9606.ENSP00000392204 9606.ENSP00000228872 0 0 0 0 0 0 197 197 
9606.ENSP00000392204 9606.ENSP00000014914 0 0 0 0 0 0 165 165 
9606.ENSP00000392204 9606.ENSP00000360998 0 0 0 0 0 0 228 228 
9606.ENSP00000392204 9606.ENSP00000414670 0 0 0 151 0 0 0 151 
9606.ENSP00000392204 9606.ENSP00000292530 0 0 0 151 0 0 0 151 
9606.ENSP00000392204 9606.ENSP00000484403 0 0 0 0 0 0 248 248 
9606.ENSP00000392204 9606.ENSP00000263181 0 0 0 0 0 0 219 219 
9606.ENSP00000392204 9606.ENSP00000307833 0 0 0 0 0 0 266 266 
9606.ENSP00000392204 9606.ENSP00000397050 0 0 0 332 0 0 0 332 
9606.ENSP00000392204 9606.ENSP00000400803 0 0 0 332 0 0 0 332 
9606.ENSP00000392204 9606.ENSP00000367545 0 0 0 0 0 0 384 384 
9606.ENSP00000392204 9606.ENSP00000356953 0 0 0 0 0 0 163 163 
9606.ENSP00000392204 9606.ENSP00000478755 0 0 0 0 0 0 197 197 
9606.ENSP00000392204 9606.ENSP00000417480 0 0 0 0 0 0 266 266 
9606.ENSP00000392204 9606.ENSP00000171887 0 0 0 0 0 0 355 355 
9606.ENSP00000392204 9606.ENSP00000379880 0 0 0 0 0 0 356 356 
9606.ENSP00000392204 9606.ENSP00000325564 0 0 0 0 0 0 196 196 
9606.ENSP00000392204 9606.ENSP00000331698 0 0 0 153 0 0 0 153 
9606.ENSP00000392204 9606.ENSP00000408205 0 0 0 207 0 0 0 207 
9606.ENSP00000392204 9606.ENSP00000309649 0 0 0 214 0 0 0 214 
9606.ENSP00000392204 9606.ENSP00000307234 0 0 0 262 0 0 0 262 
9606.ENSP00000392204 9606.ENSP00000418751 0 0 0 213 0 0 0 213 
9606.ENSP00000392204 9606.ENSP00000386444 0 0 0 335 0 0 0 335 
9606.ENSP00000392204 9606.ENSP00000401508 0 0 0 0 0 0 212 212 
9606.ENSP00000392204 9606.ENSP00000360855 0 0 0 0 0 0 227 227 
9606.ENSP00000392204 9606.ENSP00000234453 0 0 0 151 0 0 0 151 
9606.ENSP00000392204 9606.ENSP00000385706 0 0 0 151 0 0 0 151 
9606.ENSP00000392204 9606.ENSP00000332530 0 0 0 0 0 0 224 224 
9606.ENSP00000392204 9606.ENSP00000410007 0 0 0 0 0 0 163 163 
9606.ENSP00000392204 9606.ENSP00000364649 0 0 0 0 0 0 474 474 
9606.ENSP00000392204 9606.ENSP00000273286 0 0 0 151 0 0 0 151 
9606.ENSP00000392204 9606.ENSP00000383901 0 0 0 0 0 0 282 282 
9606.ENSP00000392204 9606.ENSP00000253754 0 0 0 0 0 0 210 210 
9606.ENSP00000392204 9606.ENSP00000301072 0 0 0 0 0 0 150 150 
9606.ENSP00000392204 9606.ENSP00000377900 0 0 0 0 0 0 212 212 
9606.ENSP00000392204 9606.ENSP00000370981 0 0 0 0 0 0 243 243 
9606.ENSP00000392204 9606.ENSP00000361021 0 0 0 62 0 0 541 551 
9606.ENSP00000392204 9606.ENSP00000445052 0 0 0 0 0 0 154 154 
9606.ENSP00000392204 9606.ENSP00000280191 0 0 0 151 0 0 0 151 
9606.ENSP00000392204 9606.ENSP00000346809 0 0 0 0 0 0 633 633 
9606.ENSP00000392204 9606.ENSP00000237837 0 0 0 381 0 0 0 381 
9606.ENSP00000392204 9606.ENSP00000332296 0 0 0 0 0 0 189 189 
9606.ENSP00000392204 9606.ENSP00000363596 0 0 0 183 0 0 0 183 
9606.ENSP00000392204 9606.ENSP00000278616 0 0 0 0 0 0 213 213 
9606.ENSP00000392204 9606.ENSP00000369314 0 0 0 0 0 0 638 638 
9606.ENSP00000392204 9606.ENSP00000268613 0 0 0 0 0 0 169 169 
9606.ENSP00000392204 9606.ENSP00000233146 0 0 0 0 0 0 150 150 
9606.ENSP00000392204 9606.ENSP00000359224 0 0 0 153 0 0 0 153 
9606.ENSP00000392204 9606.ENSP00000383900 0 0 0 0 0 0 294 294 
9606.ENSP00000392204 9606.ENSP00000349547 0 0 0 0 0 0 296 296 
9606.ENSP00000392204 9606.ENSP00000307214 0 0 0 177 0 0 0 177 
9606.ENSP00000392204 9606.ENSP00000374566 0 0 0 0 0 0 201 201 
9606.ENSP00000392204 9606.ENSP00000444896 0 0 0 0 0 0 231 231 
9606.ENSP00000392204 9606.ENSP00000292641 0 0 0 0 0 0 171 171 
9606.ENSP00000392204 9606.ENSP00000383923 0 0 0 0 0 0 163 163 
9606.ENSP00000392204 9606.ENSP00000337976 0 0 0 0 0 0 163 163 
9606.ENSP00000392204 9606.ENSP00000360793 0 0 0 0 0 0 189 189 
9606.ENSP00000392204 9606.ENSP00000360874 0 0 0 0 0 0 235 235 
9606.ENSP00000392204 9606.ENSP00000381607 0 0 0 0 0 0 159 159 
9606.ENSP00000392204 9606.ENSP00000369497 0 0 0 0 0 0 165 165 
9606.ENSP00000392204 9606.ENSP00000251643 0 0 0 0 0 0 165 165 
9606.ENSP00000392204 9606.ENSP00000359378 0 0 0 299 0 0 0 299 
9606.ENSP00000392204 9606.ENSP00000312675 0 0 0 214 0 0 0 214 
9606.ENSP00000392204 9606.ENSP00000485185 0 0 0 0 0 0 167 167 
9606.ENSP00000392204 9606.ENSP00000406157 0 0 0 0 0 0 161 161 
9606.ENSP00000392204 9606.ENSP00000398568 0 0 0 0 0 0 453 453 
9606.ENSP00000392204 9606.ENSP00000290691 0 0 0 0 0 0 355 355 
9606.ENSP00000392204 9606.ENSP00000223459 0 0 0 163 0 0 0 163 
