9606.ENSP00000361499 9606.ENSP00000466298 0 0 0 110 71 0 87 179 
9606.ENSP00000361499 9606.ENSP00000232564 0 0 0 63 0 0 162 181 
9606.ENSP00000361499 9606.ENSP00000352264 0 0 0 0 0 0 407 407 
9606.ENSP00000361499 9606.ENSP00000239462 0 0 0 0 0 0 205 205 
9606.ENSP00000361499 9606.ENSP00000478533 0 0 0 0 0 0 286 286 
9606.ENSP00000361499 9606.ENSP00000242839 0 0 0 0 0 0 224 224 
9606.ENSP00000361499 9606.ENSP00000261349 0 0 0 0 0 0 199 199 
9606.ENSP00000361499 9606.ENSP00000072644 0 0 0 64 0 0 831 835 
9606.ENSP00000361499 9606.ENSP00000356587 0 0 0 0 0 0 246 246 
9606.ENSP00000361499 9606.ENSP00000391826 0 0 0 0 0 0 222 222 
9606.ENSP00000361499 9606.ENSP00000480132 0 0 0 0 0 0 313 313 
9606.ENSP00000361499 9606.ENSP00000368190 0 0 0 0 0 0 547 547 
9606.ENSP00000361499 9606.ENSP00000443824 0 0 0 0 50 0 445 450 
9606.ENSP00000361499 9606.ENSP00000334922 0 0 0 0 237 0 0 237 
9606.ENSP00000361499 9606.ENSP00000361918 0 0 0 0 0 0 216 216 
9606.ENSP00000361499 9606.ENSP00000233468 0 0 0 0 0 0 154 154 
9606.ENSP00000361499 9606.ENSP00000296098 0 0 0 0 0 0 246 246 
9606.ENSP00000361499 9606.ENSP00000251047 0 0 0 0 305 0 0 305 
9606.ENSP00000361499 9606.ENSP00000352565 0 0 0 0 0 0 267 267 
9606.ENSP00000361499 9606.ENSP00000376615 0 0 0 0 0 0 400 400 
9606.ENSP00000361499 9606.ENSP00000375921 0 0 0 0 0 0 300 300 
9606.ENSP00000361499 9606.ENSP00000268129 0 0 0 62 281 0 57 308 
9606.ENSP00000361499 9606.ENSP00000302657 0 0 0 62 281 0 57 308 
9606.ENSP00000361499 9606.ENSP00000245479 0 0 0 0 0 0 292 292 
9606.ENSP00000361499 9606.ENSP00000432561 0 0 0 0 0 0 217 217 
9606.ENSP00000361499 9606.ENSP00000314615 0 0 0 61 104 0 73 151 
9606.ENSP00000361499 9606.ENSP00000473091 0 0 0 0 0 0 377 377 
9606.ENSP00000361499 9606.ENSP00000338624 0 0 0 0 0 0 213 213 
9606.ENSP00000361499 9606.ENSP00000363809 0 0 0 62 0 0 482 493 
9606.ENSP00000361499 9606.ENSP00000383333 0 0 0 0 0 0 187 187 
9606.ENSP00000361499 9606.ENSP00000351244 0 0 0 0 0 0 165 165 
9606.ENSP00000361499 9606.ENSP00000247461 0 0 0 0 305 0 0 305 
9606.ENSP00000361499 9606.ENSP00000342222 0 0 0 0 0 0 199 199 
9606.ENSP00000361499 9606.ENSP00000343054 0 0 0 0 0 0 275 275 
9606.ENSP00000361499 9606.ENSP00000413720 0 0 0 0 0 0 210 210 
9606.ENSP00000361499 9606.ENSP00000302898 0 0 0 0 0 0 206 206 
9606.ENSP00000361499 9606.ENSP00000445175 0 0 0 0 0 0 230 230 
9606.ENSP00000361499 9606.ENSP00000363676 0 0 0 0 0 0 405 405 
9606.ENSP00000361499 9606.ENSP00000297151 0 0 0 0 0 0 165 165 
9606.ENSP00000361499 9606.ENSP00000250416 0 0 0 0 0 0 169 169 
9606.ENSP00000361499 9606.ENSP00000379894 0 0 0 0 0 0 254 254 
9606.ENSP00000361499 9606.ENSP00000246337 0 0 0 0 0 0 161 161 
9606.ENSP00000361499 9606.ENSP00000319781 0 0 0 96 86 0 94 186 
9606.ENSP00000361499 9606.ENSP00000282091 0 0 0 0 0 0 190 190 
9606.ENSP00000361499 9606.ENSP00000428417 0 0 0 0 0 0 152 152 
9606.ENSP00000361499 9606.ENSP00000326491 0 0 0 62 281 0 57 308 
9606.ENSP00000361499 9606.ENSP00000349970 0 0 0 223 119 0 0 286 
9606.ENSP00000361499 9606.ENSP00000227471 0 0 0 0 186 0 0 186 
9606.ENSP00000361499 9606.ENSP00000313869 0 0 0 0 305 0 50 311 
9606.ENSP00000361499 9606.ENSP00000310226 0 0 0 96 86 0 94 186 
9606.ENSP00000361499 9606.ENSP00000269305 0 0 0 0 0 0 185 185 
9606.ENSP00000361499 9606.ENSP00000354415 0 0 0 0 0 0 282 282 
9606.ENSP00000361499 9606.ENSP00000262455 0 0 0 0 0 0 493 493 
9606.ENSP00000361499 9606.ENSP00000461382 0 0 0 0 189 0 0 189 
9606.ENSP00000361499 9606.ENSP00000454646 0 0 0 62 0 0 692 699 
9606.ENSP00000361499 9606.ENSP00000308583 0 0 0 0 0 0 331 331 
9606.ENSP00000361499 9606.ENSP00000360183 0 0 0 68 83 0 158 218 
9606.ENSP00000361499 9606.ENSP00000434602 0 0 0 0 0 0 373 373 
9606.ENSP00000361499 9606.ENSP00000288680 0 0 0 78 119 0 0 152 
9606.ENSP00000361499 9606.ENSP00000305260 0 0 0 82 0 0 162 197 
9606.ENSP00000361499 9606.ENSP00000253031 0 0 0 64 0 0 927 928 
9606.ENSP00000361499 9606.ENSP00000359319 0 0 0 0 0 0 539 539 
9606.ENSP00000361499 9606.ENSP00000283303 0 0 0 0 0 0 353 353 
9606.ENSP00000361499 9606.ENSP00000479526 0 0 0 0 0 0 197 197 
9606.ENSP00000361499 9606.ENSP00000327758 0 0 0 0 0 0 216 216 
9606.ENSP00000361499 9606.ENSP00000377836 0 0 0 0 0 0 228 228 
9606.ENSP00000361499 9606.ENSP00000302100 0 0 0 0 0 0 258 258 
9606.ENSP00000361499 9606.ENSP00000318804 0 0 0 0 0 0 628 628 
9606.ENSP00000361499 9606.ENSP00000369497 0 0 0 0 0 0 193 193 
9606.ENSP00000361499 9606.ENSP00000287934 0 0 0 0 0 0 150 150 
9606.ENSP00000361499 9606.ENSP00000338990 0 0 0 161 0 0 0 161 
9606.ENSP00000361499 9606.ENSP00000258301 0 0 0 114 71 0 87 183 
9606.ENSP00000361499 9606.ENSP00000412292 0 0 0 0 0 0 279 279 
9606.ENSP00000361499 9606.ENSP00000345728 0 0 0 0 0 0 224 224 
9606.ENSP00000361499 9606.ENSP00000279873 0 0 0 0 0 0 189 189 
9606.ENSP00000361499 9606.ENSP00000325381 0 0 0 0 0 0 473 473 
9606.ENSP00000361499 9606.ENSP00000329357 0 0 0 72 0 0 349 370 
9606.ENSP00000361499 9606.ENSP00000325546 0 0 0 0 0 0 260 260 
9606.ENSP00000361499 9606.ENSP00000292782 0 0 0 72 0 0 167 194 
9606.ENSP00000361499 9606.ENSP00000295082 0 0 0 0 0 0 211 211 
9606.ENSP00000361499 9606.ENSP00000380432 0 0 0 0 0 0 185 185 
9606.ENSP00000361499 9606.ENSP00000437940 0 0 0 0 0 0 298 298 
9606.ENSP00000361499 9606.ENSP00000238831 0 0 0 171 660 0 761 927 
9606.ENSP00000361499 9606.ENSP00000261332 0 0 0 0 0 0 171 171 
9606.ENSP00000361499 9606.ENSP00000384849 0 0 0 0 0 0 187 187 
9606.ENSP00000361499 9606.ENSP00000244050 0 0 0 0 0 0 349 349 
9606.ENSP00000361499 9606.ENSP00000276414 0 0 0 0 0 0 189 189 
9606.ENSP00000361499 9606.ENSP00000296292 0 0 0 230 0 0 0 230 
9606.ENSP00000361499 9606.ENSP00000251250 0 354 0 61 0 0 0 368 
9606.ENSP00000361499 9606.ENSP00000328813 0 0 0 0 0 0 228 228 
9606.ENSP00000361499 9606.ENSP00000326063 0 0 0 0 0 0 447 447 
9606.ENSP00000361499 9606.ENSP00000468980 0 0 0 0 0 0 287 287 
9606.ENSP00000361499 9606.ENSP00000261769 0 0 0 0 0 0 238 238 
9606.ENSP00000361499 9606.ENSP00000319673 0 0 0 84 123 0 0 162 
9606.ENSP00000361499 9606.ENSP00000273968 0 0 0 0 0 0 292 292 
9606.ENSP00000361499 9606.ENSP00000370224 0 0 0 0 0 0 194 194 
9606.ENSP00000361499 9606.ENSP00000383931 0 0 0 0 0 0 258 258 
9606.ENSP00000361499 9606.ENSP00000355759 0 0 0 0 0 0 189 189 
9606.ENSP00000361499 9606.ENSP00000216252 0 0 0 0 0 0 163 163 
9606.ENSP00000361499 9606.ENSP00000200135 0 0 0 0 0 0 208 208 
9606.ENSP00000361499 9606.ENSP00000261208 0 0 0 0 0 0 221 221 
9606.ENSP00000361499 9606.ENSP00000393987 0 0 0 0 0 0 267 267 
9606.ENSP00000361499 9606.ENSP00000329137 0 0 0 0 0 0 366 366 
9606.ENSP00000361499 9606.ENSP00000329117 0 0 0 0 0 0 343 343 
9606.ENSP00000361499 9606.ENSP00000217260 0 0 0 62 0 0 173 191 
9606.ENSP00000361499 9606.ENSP00000248089 0 0 0 63 0 0 513 524 
9606.ENSP00000361499 9606.ENSP00000444412 0 0 0 0 0 0 217 217 
9606.ENSP00000361499 9606.ENSP00000257904 0 0 0 0 0 0 173 173 
9606.ENSP00000361499 9606.ENSP00000281537 0 0 0 0 0 0 469 469 
9606.ENSP00000361499 9606.ENSP00000317379 0 0 0 0 0 0 156 156 
9606.ENSP00000361499 9606.ENSP00000216225 0 0 0 66 0 0 274 294 
9606.ENSP00000361499 9606.ENSP00000362690 0 0 0 0 0 0 293 293 
9606.ENSP00000361499 9606.ENSP00000356687 0 0 0 0 56 0 138 151 
9606.ENSP00000361499 9606.ENSP00000265069 0 0 0 0 0 0 260 260 
9606.ENSP00000361499 9606.ENSP00000278317 0 0 0 0 0 0 271 271 
9606.ENSP00000361499 9606.ENSP00000335147 0 0 0 0 0 0 222 222 
9606.ENSP00000361499 9606.ENSP00000289119 0 0 0 62 281 0 57 308 
9606.ENSP00000361499 9606.ENSP00000482202 0 0 0 0 123 0 113 188 
9606.ENSP00000361499 9606.ENSP00000249923 0 0 0 0 0 0 165 165 
9606.ENSP00000361499 9606.ENSP00000332772 0 0 0 86 373 0 495 685 
9606.ENSP00000361499 9606.ENSP00000242480 0 0 0 0 0 0 221 221 
9606.ENSP00000361499 9606.ENSP00000378165 0 0 0 0 0 0 333 333 
9606.ENSP00000361499 9606.ENSP00000470560 0 0 0 0 0 0 299 299 
9606.ENSP00000361499 9606.ENSP00000371297 0 0 0 0 0 0 156 156 
9606.ENSP00000361499 9606.ENSP00000331327 0 0 0 0 0 0 570 570 
9606.ENSP00000361499 9606.ENSP00000329419 0 0 0 66 0 0 277 296 
9606.ENSP00000361499 9606.ENSP00000478941 0 0 0 0 0 0 209 209 
9606.ENSP00000361499 9606.ENSP00000416097 0 0 0 42 305 0 64 322 
9606.ENSP00000361499 9606.ENSP00000241052 0 0 0 0 0 0 215 215 
9606.ENSP00000361499 9606.ENSP00000313881 0 0 0 0 0 0 571 571 
9606.ENSP00000361499 9606.ENSP00000264027 0 0 0 0 228 0 41 228 
9606.ENSP00000361499 9606.ENSP00000373312 0 0 0 86 0 0 135 176 
9606.ENSP00000361499 9606.ENSP00000404100 0 0 0 0 0 0 292 292 
9606.ENSP00000361499 9606.ENSP00000303709 0 0 0 58 0 0 537 545 
9606.ENSP00000361499 9606.ENSP00000369921 0 0 0 0 0 0 167 167 
9606.ENSP00000361499 9606.ENSP00000264613 0 0 0 0 0 0 173 173 
9606.ENSP00000361499 9606.ENSP00000331746 0 0 0 0 0 0 216 216 
9606.ENSP00000361499 9606.ENSP00000362271 0 0 0 53 0 0 168 178 
9606.ENSP00000361499 9606.ENSP00000461007 0 0 0 0 0 0 181 181 
9606.ENSP00000361499 9606.ENSP00000431443 0 0 0 0 169 0 0 169 
9606.ENSP00000361499 9606.ENSP00000402935 0 0 0 0 0 0 231 231 
9606.ENSP00000361499 9606.ENSP00000359848 0 0 0 114 80 0 0 150 
9606.ENSP00000361499 9606.ENSP00000407586 0 0 0 49 58 0 185 206 
9606.ENSP00000361499 9606.ENSP00000387286 0 0 0 96 86 0 130 219 
9606.ENSP00000361499 9606.ENSP00000276480 0 0 0 0 0 0 476 476 
9606.ENSP00000361499 9606.ENSP00000259750 0 0 0 0 0 0 284 284 
9606.ENSP00000361499 9606.ENSP00000304422 0 0 0 63 0 0 130 150 
9606.ENSP00000361499 9606.ENSP00000338290 0 0 0 0 0 0 245 245 
9606.ENSP00000361499 9606.ENSP00000262225 0 0 0 62 267 0 67 302 
9606.ENSP00000361499 9606.ENSP00000353734 0 0 0 0 0 0 202 202 
9606.ENSP00000361499 9606.ENSP00000352358 0 0 0 0 0 0 184 184 
9606.ENSP00000361499 9606.ENSP00000246117 0 0 0 0 0 0 258 258 
9606.ENSP00000361499 9606.ENSP00000314153 0 0 0 0 0 0 217 217 
9606.ENSP00000361499 9606.ENSP00000343435 0 0 0 64 0 0 175 195 
9606.ENSP00000361499 9606.ENSP00000320563 0 0 0 0 0 0 190 190 
9606.ENSP00000361499 9606.ENSP00000230381 0 0 0 0 0 0 161 161 
9606.ENSP00000361499 9606.ENSP00000274496 0 0 0 86 373 0 733 834 
9606.ENSP00000361499 9606.ENSP00000366098 0 0 0 118 0 0 561 597 
9606.ENSP00000361499 9606.ENSP00000238647 0 0 0 0 0 0 220 220 
9606.ENSP00000361499 9606.ENSP00000377001 0 0 0 0 0 0 187 187 
9606.ENSP00000361499 9606.ENSP00000265983 0 0 0 0 0 0 192 192 
9606.ENSP00000361499 9606.ENSP00000331614 0 0 0 0 0 0 281 281 
9606.ENSP00000361499 9606.ENSP00000408695 0 0 0 0 0 0 288 288 
9606.ENSP00000361499 9606.ENSP00000480297 0 0 0 0 0 0 261 261 
9606.ENSP00000361499 9606.ENSP00000320508 0 0 0 61 0 0 135 153 
9606.ENSP00000361499 9606.ENSP00000377789 0 0 0 0 0 0 646 646 
9606.ENSP00000361499 9606.ENSP00000299866 0 0 0 94 186 0 131 303 
9606.ENSP00000361499 9606.ENSP00000376276 0 0 0 0 0 0 222 222 
9606.ENSP00000361499 9606.ENSP00000356357 0 0 0 0 0 0 469 469 
9606.ENSP00000361499 9606.ENSP00000376035 0 0 0 0 0 0 244 244 
9606.ENSP00000361499 9606.ENSP00000351141 0 0 0 0 0 0 297 297 
9606.ENSP00000361499 9606.ENSP00000302579 0 0 0 0 0 0 713 713 
9606.ENSP00000361499 9606.ENSP00000301365 0 0 0 0 0 0 319 319 
9606.ENSP00000361499 9606.ENSP00000345985 0 0 0 0 0 0 258 258 
9606.ENSP00000361499 9606.ENSP00000235372 0 0 0 0 0 0 256 256 
9606.ENSP00000361499 9606.ENSP00000265073 0 0 0 0 0 0 235 235 
9606.ENSP00000361499 9606.ENSP00000384004 0 0 0 0 0 0 311 311 
9606.ENSP00000361499 9606.ENSP00000402346 0 0 0 62 0 0 184 201 
9606.ENSP00000361499 9606.ENSP00000337618 0 0 0 0 181 0 0 181 
9606.ENSP00000361499 9606.ENSP00000324302 0 0 0 0 0 0 171 171 
9606.ENSP00000361499 9606.ENSP00000351605 0 0 0 0 0 0 299 299 
9606.ENSP00000361499 9606.ENSP00000325002 0 0 0 62 0 0 203 221 
9606.ENSP00000361499 9606.ENSP00000303909 0 0 0 42 0 0 225 225 
9606.ENSP00000361499 9606.ENSP00000306496 0 0 0 96 86 0 94 186 
9606.ENSP00000361499 9606.ENSP00000430690 0 0 0 0 0 0 154 154 
9606.ENSP00000361499 9606.ENSP00000230658 0 0 0 0 0 0 229 229 
9606.ENSP00000361499 9606.ENSP00000349508 0 0 0 0 0 0 171 171 
9606.ENSP00000361499 9606.ENSP00000257017 0 0 0 96 86 0 94 186 
9606.ENSP00000361499 9606.ENSP00000436152 0 0 0 0 181 0 0 181 
9606.ENSP00000361499 9606.ENSP00000322339 0 0 0 0 0 0 163 163 
9606.ENSP00000361499 9606.ENSP00000344544 0 0 0 0 0 0 242 242 
9606.ENSP00000361499 9606.ENSP00000225576 0 0 0 94 186 0 131 303 
9606.ENSP00000361499 9606.ENSP00000302719 0 0 0 0 0 0 225 225 
9606.ENSP00000361499 9606.ENSP00000416606 0 0 0 0 0 0 222 222 
9606.ENSP00000361499 9606.ENSP00000429865 0 0 0 94 186 0 131 303 
9606.ENSP00000361499 9606.ENSP00000459962 0 0 0 0 0 0 181 181 
9606.ENSP00000361499 9606.ENSP00000306372 0 0 0 0 0 0 328 328 
9606.ENSP00000361499 9606.ENSP00000310447 0 0 0 0 0 0 268 268 
9606.ENSP00000361499 9606.ENSP00000252699 0 0 0 62 0 0 557 566 
9606.ENSP00000361499 9606.ENSP00000262640 0 0 0 147 0 0 47 152 
9606.ENSP00000361499 9606.ENSP00000466134 0 0 0 161 0 0 0 161 
9606.ENSP00000361499 9606.ENSP00000310036 0 0 0 0 0 0 250 250 
9606.ENSP00000361499 9606.ENSP00000229314 0 0 0 52 0 0 244 252 
9606.ENSP00000361499 9606.ENSP00000281321 0 0 0 0 0 0 522 522 
9606.ENSP00000361499 9606.ENSP00000370532 0 0 0 0 0 0 585 585 
9606.ENSP00000361499 9606.ENSP00000363822 0 0 0 0 0 0 188 188 
9606.ENSP00000361499 9606.ENSP00000243776 0 0 0 0 0 0 159 159 
9606.ENSP00000361499 9606.ENSP00000272190 0 0 0 0 0 0 388 388 
9606.ENSP00000361499 9606.ENSP00000232607 0 0 0 0 0 0 157 157 
9606.ENSP00000361499 9606.ENSP00000368253 0 0 0 0 0 0 355 355 
9606.ENSP00000361499 9606.ENSP00000222008 0 0 0 103 0 0 331 374 
9606.ENSP00000361499 9606.ENSP00000262430 0 0 0 61 0 0 132 150 
9606.ENSP00000361499 9606.ENSP00000377840 0 0 0 0 0 0 269 269 
9606.ENSP00000361499 9606.ENSP00000332208 0 0 0 0 0 0 150 150 
9606.ENSP00000361499 9606.ENSP00000375730 0 0 0 0 0 0 222 222 
9606.ENSP00000361499 9606.ENSP00000250457 0 0 0 0 0 0 181 181 
9606.ENSP00000361499 9606.ENSP00000360727 0 0 0 96 86 0 94 186 
9606.ENSP00000361499 9606.ENSP00000386788 0 0 0 58 0 0 200 214 
9606.ENSP00000361499 9606.ENSP00000332287 0 0 0 0 189 0 0 189 
9606.ENSP00000361499 9606.ENSP00000349087 0 0 0 87 125 0 0 166 
9606.ENSP00000361499 9606.ENSP00000260128 0 0 0 0 0 0 643 643 
9606.ENSP00000361499 9606.ENSP00000356162 0 0 0 0 0 0 187 187 
9606.ENSP00000361499 9606.ENSP00000310856 0 0 0 0 0 0 165 165 
9606.ENSP00000361499 9606.ENSP00000239938 0 0 0 0 0 0 440 440 
9606.ENSP00000361499 9606.ENSP00000361664 0 0 0 0 0 0 264 264 
9606.ENSP00000361499 9606.ENSP00000481878 0 0 0 63 0 0 326 341 
9606.ENSP00000361499 9606.ENSP00000256433 0 0 0 67 0 0 418 434 
9606.ENSP00000361499 9606.ENSP00000347206 0 0 0 100 119 0 0 173 
9606.ENSP00000361499 9606.ENSP00000430620 0 0 0 0 0 0 173 173 
9606.ENSP00000361499 9606.ENSP00000440945 0 0 0 53 0 0 280 289 
9606.ENSP00000361499 9606.ENSP00000371398 0 0 0 0 0 0 198 198 
9606.ENSP00000361499 9606.ENSP00000355028 0 0 0 0 50 0 189 196 
9606.ENSP00000361499 9606.ENSP00000257981 0 0 0 0 0 0 232 232 
9606.ENSP00000361499 9606.ENSP00000321546 0 0 0 58 0 0 176 190 
9606.ENSP00000361499 9606.ENSP00000463069 0 0 0 0 50 0 213 220 
9606.ENSP00000361499 9606.ENSP00000367817 0 0 0 0 0 0 470 470 
9606.ENSP00000361499 9606.ENSP00000273320 0 0 0 0 0 0 497 497 
9606.ENSP00000361499 9606.ENSP00000273179 0 0 0 50 0 0 241 248 
9606.ENSP00000361499 9606.ENSP00000323967 0 0 0 0 0 0 439 439 
9606.ENSP00000361499 9606.ENSP00000246229 0 0 0 0 0 0 299 299 
9606.ENSP00000361499 9606.ENSP00000457704 0 0 0 0 0 0 250 250 
9606.ENSP00000361499 9606.ENSP00000228865 0 0 0 0 0 0 175 175 
9606.ENSP00000361499 9606.ENSP00000400142 0 0 0 0 0 0 222 222 
9606.ENSP00000361499 9606.ENSP00000335384 0 0 0 0 0 0 319 319 
9606.ENSP00000361499 9606.ENSP00000305255 0 0 0 109 71 0 87 178 
9606.ENSP00000361499 9606.ENSP00000366288 0 0 0 0 0 0 179 179 
9606.ENSP00000361499 9606.ENSP00000361965 0 0 0 0 0 0 239 239 
9606.ENSP00000361499 9606.ENSP00000406191 0 0 0 0 0 0 195 195 
9606.ENSP00000361499 9606.ENSP00000224356 0 0 0 62 0 0 646 653 
9606.ENSP00000361499 9606.ENSP00000266087 0 0 0 0 0 0 161 161 
9606.ENSP00000361499 9606.ENSP00000313699 0 0 0 0 0 0 445 445 
9606.ENSP00000361499 9606.ENSP00000226760 0 0 0 0 133 0 61 151 
9606.ENSP00000361499 9606.ENSP00000417573 0 0 0 145 733 0 731 933 
9606.ENSP00000361499 9606.ENSP00000314023 0 0 0 0 119 0 131 201 
9606.ENSP00000361499 9606.ENSP00000392028 0 0 0 0 0 0 165 165 
9606.ENSP00000361499 9606.ENSP00000305654 0 0 0 94 186 0 131 303 
9606.ENSP00000361499 9606.ENSP00000282486 0 0 0 0 0 0 175 175 
9606.ENSP00000361499 9606.ENSP00000362650 0 0 0 0 0 0 233 233 
9606.ENSP00000361499 9606.ENSP00000333994 0 0 0 0 0 0 216 216 
9606.ENSP00000361499 9606.ENSP00000358126 0 0 0 99 0 0 173 223 
9606.ENSP00000361499 9606.ENSP00000379931 0 0 0 58 0 0 200 214 
9606.ENSP00000361499 9606.ENSP00000440167 0 0 0 96 86 0 94 186 
9606.ENSP00000361499 9606.ENSP00000303507 0 0 0 0 0 0 467 467 
