9606.ENSP00000215904 9606.ENSP00000254759 45 0 0 142 0 0 72 173 
9606.ENSP00000215904 9606.ENSP00000362576 96 0 0 83 126 0 61 229 
9606.ENSP00000215904 9606.ENSP00000309539 0 0 0 62 0 0 273 289 
9606.ENSP00000215904 9606.ENSP00000383063 0 0 0 0 0 0 167 167 
9606.ENSP00000215904 9606.ENSP00000424571 0 0 0 55 0 0 256 266 
9606.ENSP00000215904 9606.ENSP00000278715 43 0 0 63 0 0 331 348 
9606.ENSP00000215904 9606.ENSP00000383118 0 0 0 0 0 0 282 282 
9606.ENSP00000215904 9606.ENSP00000291442 0 0 0 70 48 0 127 159 
9606.ENSP00000215904 9606.ENSP00000346046 0 0 0 167 0 0 0 167 
9606.ENSP00000215904 9606.ENSP00000246062 55 0 0 63 186 0 0 216 
9606.ENSP00000215904 9606.ENSP00000447378 0 0 0 0 0 0 353 353 
9606.ENSP00000215904 9606.ENSP00000482835 0 0 0 94 0 0 101 150 
9606.ENSP00000215904 9606.ENSP00000334650 0 0 0 0 0 0 381 381 
9606.ENSP00000215904 9606.ENSP00000375881 0 0 0 0 0 0 223 223 
9606.ENSP00000215904 9606.ENSP00000315713 0 0 0 0 0 0 665 665 
9606.ENSP00000215904 9606.ENSP00000313432 144 0 0 89 0 0 374 469 
9606.ENSP00000215904 9606.ENSP00000307786 0 0 0 69 0 0 149 175 
9606.ENSP00000215904 9606.ENSP00000378408 0 0 0 63 0 0 158 177 
9606.ENSP00000215904 9606.ENSP00000371824 0 0 0 0 0 0 231 231 
9606.ENSP00000215904 9606.ENSP00000340820 0 0 0 59 0 0 162 177 
9606.ENSP00000215904 9606.ENSP00000382684 0 0 0 0 0 0 157 157 
9606.ENSP00000215904 9606.ENSP00000391481 42 0 0 86 0 0 128 169 
9606.ENSP00000215904 9606.ENSP00000367024 0 0 0 0 0 0 440 440 
9606.ENSP00000215904 9606.ENSP00000381220 0 0 0 0 0 0 390 390 
9606.ENSP00000215904 9606.ENSP00000326031 46 0 0 45 0 0 500 504 
9606.ENSP00000215904 9606.ENSP00000331210 0 0 0 111 0 0 92 159 
9606.ENSP00000215904 9606.ENSP00000362680 0 0 0 61 0 0 190 206 
9606.ENSP00000215904 9606.ENSP00000275230 0 0 0 63 187 0 42 206 
9606.ENSP00000215904 9606.ENSP00000315931 0 0 0 0 0 0 222 222 
9606.ENSP00000215904 9606.ENSP00000479667 0 0 0 0 57 0 143 157 
9606.ENSP00000215904 9606.ENSP00000478253 0 0 0 0 260 0 0 260 
9606.ENSP00000215904 9606.ENSP00000256190 0 0 0 0 0 0 173 173 
9606.ENSP00000215904 9606.ENSP00000403077 55 0 0 63 186 0 0 216 
9606.ENSP00000215904 9606.ENSP00000381234 0 0 0 60 0 0 163 179 
9606.ENSP00000215904 9606.ENSP00000262519 0 0 0 66 63 0 234 271 
9606.ENSP00000215904 9606.ENSP00000360871 0 0 0 0 260 0 43 261 
9606.ENSP00000215904 9606.ENSP00000473370 0 0 0 0 0 0 171 171 
9606.ENSP00000215904 9606.ENSP00000344220 0 0 0 63 261 0 0 277 
9606.ENSP00000215904 9606.ENSP00000364699 0 0 0 73 0 0 130 159 
9606.ENSP00000215904 9606.ENSP00000295897 0 0 0 0 0 0 286 286 
9606.ENSP00000215904 9606.ENSP00000282091 0 0 0 0 0 0 208 208 
9606.ENSP00000215904 9606.ENSP00000362329 0 0 0 61 0 0 158 176 
9606.ENSP00000215904 9606.ENSP00000307900 88 0 0 85 0 0 85 169 
9606.ENSP00000215904 9606.ENSP00000306817 69 0 0 62 50 0 108 161 
9606.ENSP00000215904 9606.ENSP00000300107 0 0 0 50 0 0 157 165 
9606.ENSP00000215904 9606.ENSP00000470252 0 0 0 0 0 0 185 185 
9606.ENSP00000215904 9606.ENSP00000382428 0 0 0 108 0 0 113 175 
9606.ENSP00000215904 9606.ENSP00000432660 0 0 0 69 0 0 802 808 
9606.ENSP00000215904 9606.ENSP00000311684 0 0 0 63 0 0 150 169 
9606.ENSP00000215904 9606.ENSP00000333551 127 0 0 67 0 0 0 151 
9606.ENSP00000215904 9606.ENSP00000302967 0 0 0 0 0 0 156 156 
9606.ENSP00000215904 9606.ENSP00000356354 71 0 0 63 0 0 131 177 
9606.ENSP00000215904 9606.ENSP00000263233 0 0 0 73 0 0 183 210 
9606.ENSP00000215904 9606.ENSP00000256366 0 0 0 0 0 0 213 213 
9606.ENSP00000215904 9606.ENSP00000321951 0 0 0 91 0 0 139 183 
9606.ENSP00000215904 9606.ENSP00000222968 0 0 0 44 0 0 151 153 
9606.ENSP00000215904 9606.ENSP00000379386 44 0 0 77 0 0 158 192 
9606.ENSP00000215904 9606.ENSP00000354499 0 0 0 49 0 0 204 210 
9606.ENSP00000215904 9606.ENSP00000244571 0 0 0 89 0 0 132 175 
9606.ENSP00000215904 9606.ENSP00000326519 0 0 0 0 0 0 150 150 
9606.ENSP00000215904 9606.ENSP00000287641 0 0 0 63 0 0 134 154 
9606.ENSP00000215904 9606.ENSP00000281543 143 0 0 121 0 0 0 214 
9606.ENSP00000215904 9606.ENSP00000370196 0 0 0 76 0 0 267 293 
9606.ENSP00000215904 9606.ENSP00000380432 0 0 0 0 0 0 224 224 
9606.ENSP00000215904 9606.ENSP00000264775 43 0 0 0 0 0 223 224 
9606.ENSP00000215904 9606.ENSP00000298159 0 0 0 0 0 0 390 390 
9606.ENSP00000215904 9606.ENSP00000327070 44 0 0 111 0 0 82 151 
9606.ENSP00000215904 9606.ENSP00000365773 143 0 0 65 0 0 84 201 
9606.ENSP00000215904 9606.ENSP00000216962 0 0 0 82 0 0 115 153 
9606.ENSP00000215904 9606.ENSP00000361512 45 0 0 68 77 0 93 155 
9606.ENSP00000215904 9606.ENSP00000430432 0 0 0 0 0 0 156 156 
9606.ENSP00000215904 9606.ENSP00000405330 0 0 0 0 48 0 258 263 
9606.ENSP00000215904 9606.ENSP00000382327 0 0 0 161 0 0 0 161 
9606.ENSP00000215904 9606.ENSP00000325548 51 0 0 61 0 0 151 177 
9606.ENSP00000215904 9606.ENSP00000411821 0 0 0 57 0 0 413 423 
9606.ENSP00000215904 9606.ENSP00000361140 0 0 0 63 0 0 169 188 
9606.ENSP00000215904 9606.ENSP00000200676 0 0 0 0 0 0 240 240 
9606.ENSP00000215904 9606.ENSP00000226253 0 0 0 145 0 0 93 191 
9606.ENSP00000215904 9606.ENSP00000481358 0 0 0 0 0 0 407 407 
9606.ENSP00000215904 9606.ENSP00000318585 0 0 0 49 0 0 167 173 
9606.ENSP00000215904 9606.ENSP00000367029 0 0 0 0 0 0 155 155 
9606.ENSP00000215904 9606.ENSP00000300605 0 0 162 46 0 0 118 234 
9606.ENSP00000215904 9606.ENSP00000349396 0 0 0 64 0 0 136 156 
9606.ENSP00000215904 9606.ENSP00000362469 0 0 0 63 187 0 59 220 
9606.ENSP00000215904 9606.ENSP00000437402 46 0 0 88 0 0 108 156 
9606.ENSP00000215904 9606.ENSP00000308546 0 0 0 61 0 0 203 219 
9606.ENSP00000215904 9606.ENSP00000401371 0 0 0 63 0 0 384 398 
9606.ENSP00000215904 9606.ENSP00000386857 0 0 0 54 79 0 111 157 
9606.ENSP00000215904 9606.ENSP00000317379 0 0 0 0 0 0 160 160 
9606.ENSP00000215904 9606.ENSP00000361413 0 0 0 0 397 0 43 398 
9606.ENSP00000215904 9606.ENSP00000352216 0 0 0 63 187 0 42 206 
9606.ENSP00000215904 9606.ENSP00000339916 0 0 0 62 0 0 487 499 
9606.ENSP00000215904 9606.ENSP00000484288 0 0 0 56 0 0 136 150 
9606.ENSP00000215904 9606.ENSP00000345968 0 0 0 0 0 0 165 165 
9606.ENSP00000215904 9606.ENSP00000382241 0 0 0 0 0 0 160 160 
9606.ENSP00000215904 9606.ENSP00000360939 0 0 0 98 0 0 191 239 
9606.ENSP00000215904 9606.ENSP00000345774 0 0 0 57 0 0 145 159 
9606.ENSP00000215904 9606.ENSP00000258091 55 0 0 63 186 0 0 216 
9606.ENSP00000215904 9606.ENSP00000391788 0 0 0 0 0 0 217 217 
9606.ENSP00000215904 9606.ENSP00000053867 0 0 0 0 0 0 153 153 
9606.ENSP00000215904 9606.ENSP00000308430 0 0 0 80 0 0 156 190 
9606.ENSP00000215904 9606.ENSP00000275603 55 0 0 63 186 0 0 216 
9606.ENSP00000215904 9606.ENSP00000280605 42 0 0 86 0 0 128 169 
9606.ENSP00000215904 9606.ENSP00000407685 0 0 0 0 260 0 43 261 
9606.ENSP00000215904 9606.ENSP00000357835 0 0 143 69 0 0 82 204 
9606.ENSP00000215904 9606.ENSP00000261772 0 0 0 86 0 0 132 173 
9606.ENSP00000215904 9606.ENSP00000381657 0 0 0 49 0 0 362 367 
9606.ENSP00000215904 9606.ENSP00000175506 70 0 0 55 50 0 136 182 
9606.ENSP00000215904 9606.ENSP00000332325 0 0 0 0 0 0 154 154 
9606.ENSP00000215904 9606.ENSP00000371347 0 0 0 0 260 0 43 261 
9606.ENSP00000215904 9606.ENSP00000418082 0 0 0 154 0 0 65 175 
9606.ENSP00000215904 9606.ENSP00000296130 0 0 0 62 0 0 165 183 
9606.ENSP00000215904 9606.ENSP00000404100 0 0 0 0 50 0 142 150 
9606.ENSP00000215904 9606.ENSP00000315130 0 0 0 0 0 0 312 312 
9606.ENSP00000215904 9606.ENSP00000317578 0 0 0 0 0 0 207 207 
9606.ENSP00000215904 9606.ENSP00000391311 0 0 0 88 0 0 139 181 
9606.ENSP00000215904 9606.ENSP00000301329 0 0 0 63 158 0 0 177 
9606.ENSP00000215904 9606.ENSP00000335614 0 0 0 142 0 0 57 156 
9606.ENSP00000215904 9606.ENSP00000344241 0 0 0 62 0 0 136 155 
9606.ENSP00000215904 9606.ENSP00000301634 0 0 0 0 0 0 274 274 
9606.ENSP00000215904 9606.ENSP00000389289 0 0 0 63 0 0 168 187 
9606.ENSP00000215904 9606.ENSP00000378089 0 0 0 0 0 0 173 173 
9606.ENSP00000215904 9606.ENSP00000339626 0 0 0 64 0 0 164 184 
9606.ENSP00000215904 9606.ENSP00000246117 0 0 0 155 0 0 0 155 
9606.ENSP00000215904 9606.ENSP00000352424 0 0 0 0 0 0 187 187 
9606.ENSP00000215904 9606.ENSP00000308057 0 0 0 154 0 0 0 154 
9606.ENSP00000215904 9606.ENSP00000295225 0 0 0 95 0 0 121 171 
9606.ENSP00000215904 9606.ENSP00000420612 0 0 0 0 0 0 203 203 
9606.ENSP00000215904 9606.ENSP00000354481 0 0 0 78 0 0 186 217 
9606.ENSP00000215904 9606.ENSP00000306099 0 0 0 0 260 0 164 354 
9606.ENSP00000215904 9606.ENSP00000368066 0 0 0 108 0 0 203 258 
9606.ENSP00000215904 9606.ENSP00000329318 0 0 0 65 0 0 131 153 
9606.ENSP00000215904 9606.ENSP00000370737 0 0 0 109 0 0 108 172 
9606.ENSP00000215904 9606.ENSP00000380315 0 0 0 0 50 0 144 152 
9606.ENSP00000215904 9606.ENSP00000288050 45 0 0 117 0 0 95 170 
9606.ENSP00000215904 9606.ENSP00000359691 88 0 0 85 0 0 85 169 
9606.ENSP00000215904 9606.ENSP00000404042 0 0 0 132 0 0 67 155 
9606.ENSP00000215904 9606.ENSP00000386759 0 0 0 45 63 0 189 211 
9606.ENSP00000215904 9606.ENSP00000258052 0 0 0 0 0 0 181 181 
9606.ENSP00000215904 9606.ENSP00000319531 0 0 0 168 0 0 57 181 
9606.ENSP00000215904 9606.ENSP00000361064 0 0 0 0 0 0 388 388 
9606.ENSP00000215904 9606.ENSP00000354152 0 0 0 83 0 0 177 213 
9606.ENSP00000215904 9606.ENSP00000262366 0 0 0 0 50 0 428 433 
9606.ENSP00000215904 9606.ENSP00000435585 0 0 0 48 0 0 174 181 
9606.ENSP00000215904 9606.ENSP00000223364 0 0 0 0 0 0 202 202 
9606.ENSP00000215904 9606.ENSP00000352021 0 0 0 0 0 0 195 195 
9606.ENSP00000215904 9606.ENSP00000257770 154 0 0 0 0 0 129 231 
9606.ENSP00000215904 9606.ENSP00000473990 0 0 0 57 0 0 145 159 
9606.ENSP00000215904 9606.ENSP00000436049 0 0 0 175 0 0 0 175 
9606.ENSP00000215904 9606.ENSP00000256398 0 0 0 70 0 0 317 337 
9606.ENSP00000215904 9606.ENSP00000251453 0 0 0 64 0 0 139 159 
9606.ENSP00000215904 9606.ENSP00000366015 0 0 0 0 260 0 43 261 
9606.ENSP00000215904 9606.ENSP00000305995 0 0 0 140 0 0 82 176 
9606.ENSP00000215904 9606.ENSP00000361158 0 0 0 0 0 0 456 456 
9606.ENSP00000215904 9606.ENSP00000464275 0 0 0 102 0 0 145 199 
9606.ENSP00000215904 9606.ENSP00000444743 0 0 0 0 0 0 518 518 
9606.ENSP00000215904 9606.ENSP00000263980 0 0 0 0 0 0 150 150 
9606.ENSP00000215904 9606.ENSP00000358417 73 0 0 118 0 0 204 293 
9606.ENSP00000215904 9606.ENSP00000336984 0 0 0 0 0 0 169 169 
9606.ENSP00000215904 9606.ENSP00000249396 45 0 0 0 0 0 283 285 
9606.ENSP00000215904 9606.ENSP00000386710 0 0 0 65 0 0 148 169 
9606.ENSP00000215904 9606.ENSP00000286621 69 0 0 64 53 0 103 160 
9606.ENSP00000215904 9606.ENSP00000329697 43 0 0 0 0 0 268 269 
9606.ENSP00000215904 9606.ENSP00000446242 0 0 0 111 0 0 104 170 
9606.ENSP00000215904 9606.ENSP00000280706 44 0 0 77 0 0 428 451 
9606.ENSP00000215904 9606.ENSP00000312081 0 0 0 48 0 0 538 541 
9606.ENSP00000215904 9606.ENSP00000264932 151 0 0 68 0 0 56 188 
9606.ENSP00000215904 9606.ENSP00000256545 0 0 0 70 0 0 223 246 
9606.ENSP00000215904 9606.ENSP00000401802 0 0 0 143 0 0 169 257 
9606.ENSP00000215904 9606.ENSP00000476774 0 0 0 64 0 0 151 171 
9606.ENSP00000215904 9606.ENSP00000320236 0 0 0 223 0 0 0 223 
9606.ENSP00000215904 9606.ENSP00000333568 0 0 0 0 0 0 167 167 
9606.ENSP00000215904 9606.ENSP00000376572 0 0 0 167 0 0 0 167 
9606.ENSP00000215904 9606.ENSP00000216121 0 141 0 61 0 0 0 159 
9606.ENSP00000215904 9606.ENSP00000212015 45 0 0 0 0 0 220 223 
9606.ENSP00000215904 9606.ENSP00000346255 0 0 0 94 0 0 187 231 
9606.ENSP00000215904 9606.ENSP00000389948 0 0 0 0 0 0 173 173 
9606.ENSP00000215904 9606.ENSP00000270879 0 0 0 0 260 0 43 261 
9606.ENSP00000215904 9606.ENSP00000217426 0 0 0 63 0 0 200 219 
9606.ENSP00000215904 9606.ENSP00000385814 0 0 0 0 0 0 161 161 
9606.ENSP00000215904 9606.ENSP00000259407 44 0 0 0 0 0 416 418 
9606.ENSP00000215904 9606.ENSP00000481646 0 0 0 154 0 0 0 154 
9606.ENSP00000215904 9606.ENSP00000358931 42 0 0 86 0 0 125 166 
9606.ENSP00000215904 9606.ENSP00000355689 0 0 0 91 0 0 111 157 
9606.ENSP00000215904 9606.ENSP00000332287 0 0 0 88 0 0 216 254 
9606.ENSP00000215904 9606.ENSP00000344456 0 0 0 79 0 0 260 290 
9606.ENSP00000215904 9606.ENSP00000438144 44 0 0 215 0 0 82 251 
9606.ENSP00000215904 9606.ENSP00000482841 0 0 0 54 0 0 261 271 
9606.ENSP00000215904 9606.ENSP00000219240 93 0 0 55 0 0 127 186 
9606.ENSP00000215904 9606.ENSP00000479618 0 0 0 0 0 0 188 188 
9606.ENSP00000215904 9606.ENSP00000427866 0 0 0 71 0 0 137 164 
9606.ENSP00000215904 9606.ENSP00000362649 0 0 0 0 0 0 156 156 
9606.ENSP00000215904 9606.ENSP00000378669 0 0 0 90 0 0 104 150 
9606.ENSP00000215904 9606.ENSP00000320171 0 0 0 81 0 0 129 165 
9606.ENSP00000215904 9606.ENSP00000313050 0 137 0 59 0 0 0 153 
9606.ENSP00000215904 9606.ENSP00000308610 148 0 0 61 0 0 112 227 
9606.ENSP00000215904 9606.ENSP00000327191 55 0 0 63 186 0 0 216 
9606.ENSP00000215904 9606.ENSP00000483486 0 0 0 0 313 0 0 313 
9606.ENSP00000215904 9606.ENSP00000476228 45 0 0 53 0 0 143 157 
9606.ENSP00000215904 9606.ENSP00000377357 0 0 0 61 0 0 224 240 
9606.ENSP00000215904 9606.ENSP00000389813 70 0 0 70 0 0 158 208 
9606.ENSP00000215904 9606.ENSP00000339063 0 0 0 167 97 0 74 242 
9606.ENSP00000215904 9606.ENSP00000479861 0 0 0 46 0 0 151 155 
9606.ENSP00000215904 9606.ENSP00000360170 0 0 0 0 260 0 43 261 
9606.ENSP00000215904 9606.ENSP00000420306 0 0 0 0 0 0 247 247 
9606.ENSP00000215904 9606.ENSP00000361650 0 0 0 49 0 0 143 150 
9606.ENSP00000215904 9606.ENSP00000367890 154 0 0 0 0 0 173 270 
9606.ENSP00000215904 9606.ENSP00000287820 0 0 0 0 48 0 209 214 
9606.ENSP00000215904 9606.ENSP00000441000 59 0 0 145 0 0 0 161 
9606.ENSP00000215904 9606.ENSP00000470972 0 0 0 222 0 0 0 222 
9606.ENSP00000215904 9606.ENSP00000290921 73 0 0 96 0 0 101 180 
9606.ENSP00000215904 9606.ENSP00000370607 0 0 0 0 0 0 396 396 
9606.ENSP00000215904 9606.ENSP00000216605 0 0 0 0 260 0 0 260 
9606.ENSP00000215904 9606.ENSP00000427687 0 0 0 0 0 0 211 211 
9606.ENSP00000215904 9606.ENSP00000413064 0 0 0 156 0 0 0 156 
9606.ENSP00000215904 9606.ENSP00000356646 0 0 0 0 260 0 43 261 
9606.ENSP00000215904 9606.ENSP00000295688 55 0 0 63 186 0 0 216 
9606.ENSP00000215904 9606.ENSP00000218548 0 0 0 48 0 0 175 181 
9606.ENSP00000215904 9606.ENSP00000364815 64 0 0 130 0 0 42 152 
9606.ENSP00000215904 9606.ENSP00000377036 0 0 0 0 0 0 386 386 
9606.ENSP00000215904 9606.ENSP00000261600 0 0 0 0 0 0 173 173 
9606.ENSP00000215904 9606.ENSP00000039007 0 0 0 0 0 0 192 192 
9606.ENSP00000215904 9606.ENSP00000469413 0 0 0 0 0 0 171 171 
9606.ENSP00000215904 9606.ENSP00000184956 0 0 0 0 0 0 475 475 
9606.ENSP00000215904 9606.ENSP00000239462 0 0 0 0 260 0 43 261 
9606.ENSP00000215904 9606.ENSP00000365891 0 0 0 0 0 0 159 159 
9606.ENSP00000215904 9606.ENSP00000265131 0 0 0 0 260 0 43 261 
9606.ENSP00000215904 9606.ENSP00000463653 0 0 0 64 0 0 172 191 
9606.ENSP00000215904 9606.ENSP00000317971 0 0 0 0 0 0 193 193 
9606.ENSP00000215904 9606.ENSP00000377769 0 0 0 0 282 0 0 282 
9606.ENSP00000215904 9606.ENSP00000223023 0 0 0 0 0 0 186 186 
9606.ENSP00000215904 9606.ENSP00000285930 0 0 0 63 0 0 168 187 
9606.ENSP00000215904 9606.ENSP00000225665 0 0 0 110 0 0 104 169 
9606.ENSP00000215904 9606.ENSP00000377532 0 0 0 77 0 0 175 205 
9606.ENSP00000215904 9606.ENSP00000381231 0 0 0 0 0 0 163 163 
9606.ENSP00000215904 9606.ENSP00000461324 0 0 0 145 0 0 104 201 
9606.ENSP00000215904 9606.ENSP00000342793 0 0 0 0 0 0 216 216 
9606.ENSP00000215904 9606.ENSP00000255882 0 0 0 67 0 0 233 254 
9606.ENSP00000215904 9606.ENSP00000381133 0 0 0 0 260 0 43 261 
9606.ENSP00000215904 9606.ENSP00000346879 0 0 0 0 0 0 150 150 
9606.ENSP00000215904 9606.ENSP00000377471 0 0 0 52 0 0 224 232 
9606.ENSP00000215904 9606.ENSP00000469474 0 0 0 70 0 0 206 230 
9606.ENSP00000215904 9606.ENSP00000391583 0 0 0 0 0 0 237 237 
9606.ENSP00000215904 9606.ENSP00000361918 0 0 0 157 86 0 0 196 
9606.ENSP00000215904 9606.ENSP00000368244 0 0 0 62 0 0 222 239 
9606.ENSP00000215904 9606.ENSP00000317159 0 0 0 146 0 0 57 160 
9606.ENSP00000215904 9606.ENSP00000366156 0 0 0 103 0 0 109 167 
9606.ENSP00000215904 9606.ENSP00000338703 0 0 0 0 0 0 173 173 
9606.ENSP00000215904 9606.ENSP00000483507 0 0 0 108 0 0 203 258 
9606.ENSP00000215904 9606.ENSP00000315644 70 0 0 0 0 0 250 272 
9606.ENSP00000215904 9606.ENSP00000293362 0 0 0 0 0 0 648 648 
9606.ENSP00000215904 9606.ENSP00000323856 0 0 0 165 0 0 43 167 
9606.ENSP00000215904 9606.ENSP00000445175 44 0 0 77 0 0 180 214 
9606.ENSP00000215904 9606.ENSP00000358737 0 0 0 69 0 0 178 202 
9606.ENSP00000215904 9606.ENSP00000377958 55 0 0 63 186 0 73 242 
9606.ENSP00000215904 9606.ENSP00000426638 0 0 0 91 0 0 133 178 
9606.ENSP00000215904 9606.ENSP00000302620 0 0 0 64 0 0 135 155 
9606.ENSP00000215904 9606.ENSP00000246069 0 0 0 64 0 0 324 341 
9606.ENSP00000215904 9606.ENSP00000280871 0 0 0 63 323 0 42 339 
9606.ENSP00000215904 9606.ENSP00000305613 0 0 0 132 0 0 69 157 
9606.ENSP00000215904 9606.ENSP00000370376 0 0 0 68 0 0 243 264 
9606.ENSP00000215904 9606.ENSP00000269305 0 0 0 0 0 0 169 169 
9606.ENSP00000215904 9606.ENSP00000264255 0 0 0 0 0 0 251 251 
9606.ENSP00000215904 9606.ENSP00000286175 0 0 0 63 260 0 0 276 
9606.ENSP00000215904 9606.ENSP00000396452 0 0 0 120 0 0 145 215 
9606.ENSP00000215904 9606.ENSP00000295463 0 0 0 0 0 0 223 223 
9606.ENSP00000215904 9606.ENSP00000360296 43 0 0 0 0 0 213 214 
9606.ENSP00000215904 9606.ENSP00000265969 0 0 0 123 0 0 78 157 
9606.ENSP00000215904 9606.ENSP00000363533 44 0 0 189 0 0 82 226 
9606.ENSP00000215904 9606.ENSP00000362135 0 0 0 47 0 0 222 226 
9606.ENSP00000215904 9606.ENSP00000358042 0 0 0 80 0 0 222 254 
9606.ENSP00000215904 9606.ENSP00000303525 0 0 0 79 0 0 140 174 
9606.ENSP00000215904 9606.ENSP00000248121 0 0 0 132 0 0 85 171 
9606.ENSP00000215904 9606.ENSP00000430269 0 0 0 64 0 0 140 160 
9606.ENSP00000215904 9606.ENSP00000317842 0 0 0 0 0 0 177 177 
9606.ENSP00000215904 9606.ENSP00000356272 0 0 0 62 0 0 151 169 
9606.ENSP00000215904 9606.ENSP00000481056 0 0 0 61 0 0 152 170 
9606.ENSP00000215904 9606.ENSP00000334657 0 0 0 88 0 0 116 159 
9606.ENSP00000215904 9606.ENSP00000278568 0 0 0 61 0 0 167 184 
9606.ENSP00000215904 9606.ENSP00000350263 0 0 0 62 0 0 152 170 
9606.ENSP00000215904 9606.ENSP00000369497 0 0 0 0 0 0 309 309 
9606.ENSP00000215904 9606.ENSP00000291744 0 0 0 0 260 0 43 261 
9606.ENSP00000215904 9606.ENSP00000378360 142 0 0 79 0 0 58 190 
9606.ENSP00000215904 9606.ENSP00000284440 0 0 0 86 0 0 124 165 
9606.ENSP00000215904 9606.ENSP00000376946 55 0 0 63 186 0 0 216 
9606.ENSP00000215904 9606.ENSP00000473348 165 0 0 123 0 0 240 394 
9606.ENSP00000215904 9606.ENSP00000358777 0 0 0 0 0 0 237 237 
9606.ENSP00000215904 9606.ENSP00000372955 153 0 0 0 0 0 0 153 
9606.ENSP00000215904 9606.ENSP00000216200 0 0 0 76 0 0 151 181 
9606.ENSP00000215904 9606.ENSP00000400175 0 0 0 0 0 0 222 222 
9606.ENSP00000215904 9606.ENSP00000481045 0 0 0 65 0 0 550 561 
9606.ENSP00000215904 9606.ENSP00000373620 55 0 0 63 186 0 100 264 
9606.ENSP00000215904 9606.ENSP00000225573 0 0 0 55 0 900 440 942 
9606.ENSP00000215904 9606.ENSP00000297770 0 0 0 0 0 0 354 354 
9606.ENSP00000215904 9606.ENSP00000299300 55 0 0 103 186 0 0 249 
9606.ENSP00000215904 9606.ENSP00000318406 0 0 0 0 0 0 159 159 
9606.ENSP00000215904 9606.ENSP00000357047 0 0 0 45 387 0 0 389 
9606.ENSP00000215904 9606.ENSP00000283268 0 0 0 85 50 0 128 176 
9606.ENSP00000215904 9606.ENSP00000217182 0 0 0 219 97 0 41 265 
9606.ENSP00000215904 9606.ENSP00000262942 0 0 0 0 0 0 211 211 
9606.ENSP00000215904 9606.ENSP00000455459 153 0 0 0 0 0 0 153 
9606.ENSP00000215904 9606.ENSP00000297508 0 0 0 49 0 0 162 168 
9606.ENSP00000215904 9606.ENSP00000418661 150 0 0 68 64 0 0 194 
9606.ENSP00000215904 9606.ENSP00000261769 0 0 0 0 0 0 290 290 
9606.ENSP00000215904 9606.ENSP00000249700 0 0 0 0 0 0 163 163 
9606.ENSP00000215904 9606.ENSP00000371472 0 0 0 0 0 0 470 470 
9606.ENSP00000215904 9606.ENSP00000454919 0 0 0 132 0 0 108 193 
9606.ENSP00000215904 9606.ENSP00000362524 0 0 0 0 260 0 43 261 
9606.ENSP00000215904 9606.ENSP00000335153 0 0 0 0 0 0 512 512 
9606.ENSP00000215904 9606.ENSP00000361066 0 0 0 0 0 0 416 416 
9606.ENSP00000215904 9606.ENSP00000265171 0 0 0 0 0 0 242 242 
9606.ENSP00000215904 9606.ENSP00000370750 0 0 0 61 0 0 140 158 
9606.ENSP00000215904 9606.ENSP00000264451 72 0 0 64 0 0 108 157 
9606.ENSP00000215904 9606.ENSP00000349960 0 0 0 54 79 0 172 215 
9606.ENSP00000215904 9606.ENSP00000306397 0 0 0 104 0 0 228 278 
9606.ENSP00000215904 9606.ENSP00000403636 0 0 0 63 0 0 220 238 
9606.ENSP00000215904 9606.ENSP00000352401 51 0 0 82 0 0 223 263 
9606.ENSP00000215904 9606.ENSP00000217420 0 0 0 115 0 0 86 157 
9606.ENSP00000215904 9606.ENSP00000369757 0 0 0 0 0 0 158 158 
9606.ENSP00000215904 9606.ENSP00000363832 0 0 0 0 0 900 56 901 
9606.ENSP00000215904 9606.ENSP00000484415 0 0 0 0 0 0 173 173 
9606.ENSP00000215904 9606.ENSP00000349078 0 0 0 61 0 0 154 171 
9606.ENSP00000215904 9606.ENSP00000363638 0 0 0 98 0 0 98 151 
9606.ENSP00000215904 9606.ENSP00000336829 0 0 0 0 260 0 98 303 
9606.ENSP00000215904 9606.ENSP00000476672 51 0 0 82 0 0 223 263 
9606.ENSP00000215904 9606.ENSP00000306361 0 0 0 0 260 0 164 354 
9606.ENSP00000215904 9606.ENSP00000301455 0 0 0 0 260 0 43 261 
9606.ENSP00000215904 9606.ENSP00000227507 0 0 0 0 0 0 210 210 
9606.ENSP00000215904 9606.ENSP00000321259 145 0 0 61 149 0 336 485 
9606.ENSP00000215904 9606.ENSP00000302393 44 0 0 77 0 0 402 426 
9606.ENSP00000215904 9606.ENSP00000216780 0 0 0 0 0 0 152 152 
9606.ENSP00000215904 9606.ENSP00000314897 0 0 0 0 260 0 43 261 
9606.ENSP00000215904 9606.ENSP00000361602 0 0 0 0 0 0 154 154 
9606.ENSP00000215904 9606.ENSP00000475027 51 0 0 185 0 0 0 193 
9606.ENSP00000215904 9606.ENSP00000311825 73 0 0 96 0 0 101 180 
9606.ENSP00000215904 9606.ENSP00000378957 0 0 0 0 260 0 43 261 
9606.ENSP00000215904 9606.ENSP00000379500 44 0 0 95 0 0 103 156 
9606.ENSP00000215904 9606.ENSP00000377494 0 0 0 77 0 0 167 198 
9606.ENSP00000215904 9606.ENSP00000292385 0 0 0 61 0 0 132 150 
9606.ENSP00000215904 9606.ENSP00000335201 0 0 0 0 0 0 161 161 
9606.ENSP00000215904 9606.ENSP00000482472 0 0 0 53 0 0 296 304 
9606.ENSP00000215904 9606.ENSP00000339933 0 0 0 81 0 0 129 165 
9606.ENSP00000215904 9606.ENSP00000401678 0 0 0 0 0 0 468 468 
9606.ENSP00000215904 9606.ENSP00000360966 0 0 0 63 187 0 42 206 
9606.ENSP00000215904 9606.ENSP00000355467 0 0 0 0 191 0 0 191 
9606.ENSP00000215904 9606.ENSP00000363899 0 0 0 0 0 0 325 325 
9606.ENSP00000215904 9606.ENSP00000386444 0 0 0 0 0 0 209 209 
9606.ENSP00000215904 9606.ENSP00000336740 0 0 0 62 0 0 714 721 
9606.ENSP00000215904 9606.ENSP00000263253 0 0 0 53 0 0 207 217 
9606.ENSP00000215904 9606.ENSP00000378323 46 0 0 0 0 0 348 351 
9606.ENSP00000215904 9606.ENSP00000344458 0 0 0 0 0 0 659 659 
9606.ENSP00000215904 9606.ENSP00000253109 0 0 0 0 260 0 43 261 
9606.ENSP00000215904 9606.ENSP00000442050 0 0 0 77 0 0 174 205 
9606.ENSP00000215904 9606.ENSP00000262746 0 0 0 80 0 0 150 185 
9606.ENSP00000215904 9606.ENSP00000291565 0 0 0 68 0 900 400 939 
9606.ENSP00000215904 9606.ENSP00000258955 154 0 0 108 0 0 0 213 
9606.ENSP00000215904 9606.ENSP00000300051 0 0 0 0 0 0 208 208 
9606.ENSP00000215904 9606.ENSP00000280326 55 0 0 63 186 0 0 216 
9606.ENSP00000215904 9606.ENSP00000366006 0 0 0 188 0 0 0 188 
9606.ENSP00000215904 9606.ENSP00000355731 0 0 0 0 0 0 187 187 
9606.ENSP00000215904 9606.ENSP00000235332 0 0 0 0 0 0 317 317 
9606.ENSP00000215904 9606.ENSP00000350018 0 226 0 0 0 0 0 226 
9606.ENSP00000215904 9606.ENSP00000301458 0 0 0 0 0 0 195 195 
9606.ENSP00000215904 9606.ENSP00000451828 0 0 0 0 0 0 225 225 
9606.ENSP00000215904 9606.ENSP00000283646 0 0 0 125 0 0 230 297 
9606.ENSP00000215904 9606.ENSP00000362924 0 0 0 0 0 0 267 267 
9606.ENSP00000215904 9606.ENSP00000345436 0 0 0 108 0 0 168 226 
9606.ENSP00000215904 9606.ENSP00000229239 0 0 0 105 0 0 300 347 
9606.ENSP00000215904 9606.ENSP00000269571 0 0 0 0 0 0 209 209 
9606.ENSP00000215904 9606.ENSP00000348461 0 0 0 0 0 0 165 165 
9606.ENSP00000215904 9606.ENSP00000230658 0 0 0 0 0 0 168 168 
9606.ENSP00000215904 9606.ENSP00000267814 0 0 0 67 0 0 308 327 
9606.ENSP00000215904 9606.ENSP00000335255 0 0 0 0 260 0 43 261 
9606.ENSP00000215904 9606.ENSP00000428340 0 0 0 0 260 0 43 261 
9606.ENSP00000215904 9606.ENSP00000284981 0 0 0 0 0 0 210 210 
9606.ENSP00000215904 9606.ENSP00000427514 0 0 0 0 0 0 220 220 
9606.ENSP00000215904 9606.ENSP00000337358 0 0 0 62 0 0 428 440 
9606.ENSP00000215904 9606.ENSP00000454786 0 0 0 167 0 0 0 167 
9606.ENSP00000215904 9606.ENSP00000360268 317 0 0 0 0 0 0 317 
9606.ENSP00000215904 9606.ENSP00000481046 0 0 0 55 0 800 0 802 
9606.ENSP00000215904 9606.ENSP00000310873 141 0 0 65 0 0 0 162 
9606.ENSP00000215904 9606.ENSP00000234816 0 0 0 0 260 0 43 261 
9606.ENSP00000215904 9606.ENSP00000376297 0 0 0 49 0 0 170 176 
9606.ENSP00000215904 9606.ENSP00000363973 0 0 0 0 0 0 241 241 
9606.ENSP00000215904 9606.ENSP00000408617 0 0 0 61 0 0 138 156 
9606.ENSP00000215904 9606.ENSP00000220764 0 0 0 0 0 0 154 154 
9606.ENSP00000215904 9606.ENSP00000372191 45 0 0 73 0 0 283 309 
9606.ENSP00000215904 9606.ENSP00000333667 0 0 0 64 0 0 268 285 
9606.ENSP00000215904 9606.ENSP00000458162 0 0 0 54 79 0 138 183 
9606.ENSP00000215904 9606.ENSP00000377700 0 0 0 42 0 0 172 172 
9606.ENSP00000215904 9606.ENSP00000362413 0 0 0 144 0 0 82 181 
9606.ENSP00000215904 9606.ENSP00000248598 0 0 0 0 260 0 43 261 
9606.ENSP00000215904 9606.ENSP00000420161 0 0 0 0 0 0 219 219 
9606.ENSP00000215904 9606.ENSP00000207870 114 0 0 69 0 0 442 499 
9606.ENSP00000215904 9606.ENSP00000417580 0 0 0 79 0 0 122 157 
9606.ENSP00000215904 9606.ENSP00000254878 154 0 0 63 0 0 41 173 
9606.ENSP00000215904 9606.ENSP00000365926 154 0 0 111 0 0 137 294 
9606.ENSP00000215904 9606.ENSP00000318318 0 0 0 94 0 0 309 347 
9606.ENSP00000215904 9606.ENSP00000252603 60 0 0 61 0 0 179 212 
9606.ENSP00000215904 9606.ENSP00000263025 0 0 0 55 0 0 138 150 
9606.ENSP00000215904 9606.ENSP00000418960 0 0 0 0 0 0 256 256 
9606.ENSP00000215904 9606.ENSP00000258042 0 0 0 0 0 0 215 215 
9606.ENSP00000215904 9606.ENSP00000335082 0 0 0 59 0 0 187 202 
9606.ENSP00000215904 9606.ENSP00000385720 0 0 0 65 0 0 132 154 
9606.ENSP00000215904 9606.ENSP00000272190 0 0 0 49 0 0 168 174 
9606.ENSP00000215904 9606.ENSP00000232607 151 0 0 0 0 0 86 190 
9606.ENSP00000215904 9606.ENSP00000267012 0 0 0 0 0 0 175 175 
9606.ENSP00000215904 9606.ENSP00000378769 46 0 0 53 0 0 468 477 
9606.ENSP00000215904 9606.ENSP00000341625 0 0 0 93 0 0 156 202 
9606.ENSP00000215904 9606.ENSP00000236959 0 0 0 0 262 0 71 285 
9606.ENSP00000215904 9606.ENSP00000352584 0 0 0 63 0 0 168 187 
9606.ENSP00000215904 9606.ENSP00000384515 0 0 0 0 0 0 192 192 
9606.ENSP00000215904 9606.ENSP00000375730 0 0 0 177 0 0 0 177 
9606.ENSP00000215904 9606.ENSP00000326261 0 0 0 0 0 0 229 229 
9606.ENSP00000215904 9606.ENSP00000295453 0 0 0 0 0 0 223 223 
9606.ENSP00000215904 9606.ENSP00000364649 153 0 0 79 0 0 57 200 
9606.ENSP00000215904 9606.ENSP00000317334 55 0 0 63 186 0 0 216 
9606.ENSP00000215904 9606.ENSP00000363929 0 0 0 0 0 0 252 252 
9606.ENSP00000215904 9606.ENSP00000304283 0 0 0 111 0 0 95 161 
9606.ENSP00000215904 9606.ENSP00000273588 45 0 0 161 0 0 321 408 
9606.ENSP00000215904 9606.ENSP00000296486 0 0 0 84 0 0 125 164 
9606.ENSP00000215904 9606.ENSP00000272542 0 0 0 148 0 0 49 155 
9606.ENSP00000215904 9606.ENSP00000346158 0 0 0 62 0 0 136 155 
9606.ENSP00000215904 9606.ENSP00000442924 0 0 0 45 63 0 234 254 
9606.ENSP00000215904 9606.ENSP00000468500 0 0 0 89 0 0 126 170 
9606.ENSP00000215904 9606.ENSP00000315791 154 0 0 49 0 0 0 161 
9606.ENSP00000215904 9606.ENSP00000367220 0 0 0 0 61 0 211 227 
9606.ENSP00000215904 9606.ENSP00000476767 0 0 0 95 0 0 111 161 
9606.ENSP00000215904 9606.ENSP00000333896 0 0 0 66 57 0 172 207 
9606.ENSP00000215904 9606.ENSP00000403701 0 0 0 61 0 0 162 179 
9606.ENSP00000215904 9606.ENSP00000253023 0 0 0 208 0 0 0 208 
9606.ENSP00000215904 9606.ENSP00000216267 0 0 0 63 0 0 152 172 
9606.ENSP00000215904 9606.ENSP00000478892 0 0 0 76 0 0 226 254 
9606.ENSP00000215904 9606.ENSP00000358089 0 0 0 63 0 0 390 404 
9606.ENSP00000215904 9606.ENSP00000318868 0 0 0 64 0 0 268 285 
9606.ENSP00000215904 9606.ENSP00000409581 0 0 0 0 320 0 210 439 
9606.ENSP00000215904 9606.ENSP00000377854 0 0 0 65 0 0 236 255 
9606.ENSP00000215904 9606.ENSP00000219368 47 0 0 90 0 0 127 177 
9606.ENSP00000215904 9606.ENSP00000244217 0 0 0 87 85 0 64 150 
9606.ENSP00000215904 9606.ENSP00000365745 0 0 0 0 0 0 242 242 
9606.ENSP00000215904 9606.ENSP00000343746 0 0 0 52 0 0 197 206 
9606.ENSP00000215904 9606.ENSP00000229270 0 0 0 98 0 0 127 179 
9606.ENSP00000215904 9606.ENSP00000245816 0 0 0 68 0 0 176 200 
9606.ENSP00000215904 9606.ENSP00000270625 0 0 0 323 0 0 0 323 
9606.ENSP00000215904 9606.ENSP00000382697 0 0 0 0 0 0 248 248 
9606.ENSP00000215904 9606.ENSP00000340465 0 0 0 148 0 0 49 155 
