9606.ENSP00000360190 9606.ENSP00000310405 0 0 0 0 0 0 153 153 
9606.ENSP00000360190 9606.ENSP00000342082 0 0 0 0 0 0 169 169 
9606.ENSP00000360190 9606.ENSP00000424176 0 0 0 75 0 0 141 171 
9606.ENSP00000360190 9606.ENSP00000343521 0 0 0 0 0 0 768 768 
9606.ENSP00000360190 9606.ENSP00000228606 0 0 0 0 0 0 161 161 
9606.ENSP00000360190 9606.ENSP00000435010 0 0 0 60 0 900 0 901 
9606.ENSP00000360190 9606.ENSP00000297436 0 0 0 0 0 0 194 194 
9606.ENSP00000360190 9606.ENSP00000297435 0 0 0 0 0 900 188 915 
9606.ENSP00000360190 9606.ENSP00000416066 0 0 0 0 0 0 214 214 
9606.ENSP00000360190 9606.ENSP00000371644 0 0 0 65 0 900 449 943 
9606.ENSP00000360190 9606.ENSP00000277526 0 0 0 0 0 0 284 284 
9606.ENSP00000360190 9606.ENSP00000363079 0 0 0 0 0 0 163 163 
9606.ENSP00000360190 9606.ENSP00000451107 0 0 0 175 0 0 0 175 
9606.ENSP00000360190 9606.ENSP00000364709 0 0 0 0 0 0 385 385 
9606.ENSP00000360190 9606.ENSP00000366208 0 0 0 88 0 0 212 251 
9606.ENSP00000360190 9606.ENSP00000378130 0 0 0 0 0 0 249 249 
9606.ENSP00000360190 9606.ENSP00000392568 0 0 0 158 0 0 128 235 
9606.ENSP00000360190 9606.ENSP00000309376 0 0 0 0 0 0 222 222 
9606.ENSP00000360190 9606.ENSP00000232003 0 0 0 0 0 0 214 214 
9606.ENSP00000360190 9606.ENSP00000228740 0 0 0 0 0 0 285 285 
9606.ENSP00000360190 9606.ENSP00000385035 0 0 0 0 0 0 197 197 
9606.ENSP00000360190 9606.ENSP00000349459 0 0 0 0 0 0 268 268 
9606.ENSP00000360190 9606.ENSP00000372286 0 0 0 151 0 0 0 151 
9606.ENSP00000360190 9606.ENSP00000334364 0 0 0 346 0 0 441 618 
9606.ENSP00000360190 9606.ENSP00000451859 0 0 0 151 0 0 0 151 
9606.ENSP00000360190 9606.ENSP00000256953 0 0 0 0 0 0 182 182 
9606.ENSP00000360190 9606.ENSP00000285599 0 0 0 0 0 0 171 171 
9606.ENSP00000360190 9606.ENSP00000231009 0 0 0 0 0 0 252 252 
9606.ENSP00000360190 9606.ENSP00000335575 0 0 0 0 0 0 332 332 
9606.ENSP00000360190 9606.ENSP00000296980 0 0 0 0 0 0 242 242 
9606.ENSP00000360190 9606.ENSP00000450580 0 0 0 213 0 0 53 222 
9606.ENSP00000360190 9606.ENSP00000312702 0 0 0 214 0 900 452 953 
9606.ENSP00000360190 9606.ENSP00000361761 0 0 0 0 0 0 153 153 
9606.ENSP00000360190 9606.ENSP00000371835 0 0 0 78 0 900 522 952 
9606.ENSP00000360190 9606.ENSP00000347345 0 0 0 0 0 0 197 197 
9606.ENSP00000360190 9606.ENSP00000410732 0 0 0 0 0 0 270 270 
9606.ENSP00000360190 9606.ENSP00000441497 0 0 0 0 0 0 269 269 
9606.ENSP00000360190 9606.ENSP00000320951 0 0 0 0 0 0 327 327 
9606.ENSP00000360190 9606.ENSP00000372281 0 0 0 214 0 0 0 214 
9606.ENSP00000360190 9606.ENSP00000255040 0 0 0 0 0 0 167 167 
9606.ENSP00000360190 9606.ENSP00000297439 0 0 0 0 0 900 368 934 
9606.ENSP00000360190 9606.ENSP00000314810 0 0 0 95 0 0 320 358 
9606.ENSP00000360190 9606.ENSP00000417128 0 0 0 333 0 900 735 980 
9606.ENSP00000360190 9606.ENSP00000365486 0 0 0 142 0 900 356 939 
9606.ENSP00000360190 9606.ENSP00000217420 0 0 0 0 0 0 284 284 
9606.ENSP00000360190 9606.ENSP00000319126 0 0 0 97 0 900 0 905 
9606.ENSP00000360190 9606.ENSP00000335538 0 0 0 71 0 900 0 903 
9606.ENSP00000360190 9606.ENSP00000335382 0 0 0 299 0 900 406 954 
9606.ENSP00000360190 9606.ENSP00000335281 0 0 0 108 0 0 432 472 
9606.ENSP00000360190 9606.ENSP00000326309 0 0 0 0 0 900 127 908 
9606.ENSP00000360190 9606.ENSP00000253381 0 0 0 152 0 900 0 911 
9606.ENSP00000360190 9606.ENSP00000361746 0 0 0 0 0 0 151 151 
9606.ENSP00000360190 9606.ENSP00000320532 0 0 0 140 0 0 413 473 
9606.ENSP00000360190 9606.ENSP00000396615 0 0 0 0 0 0 284 284 
9606.ENSP00000360190 9606.ENSP00000333234 0 0 0 0 0 900 0 900 
9606.ENSP00000360190 9606.ENSP00000483879 0 0 0 0 0 0 406 406 
9606.ENSP00000360190 9606.ENSP00000372136 0 0 0 0 0 0 333 333 
9606.ENSP00000360190 9606.ENSP00000372139 0 0 0 0 0 0 323 323 
9606.ENSP00000360190 9606.ENSP00000381480 0 0 0 61 0 0 494 504 
9606.ENSP00000360190 9606.ENSP00000276282 0 0 0 0 0 0 161 161 
9606.ENSP00000360190 9606.ENSP00000451207 0 0 0 151 0 0 0 151 
9606.ENSP00000360190 9606.ENSP00000480750 0 0 0 0 0 0 219 219 
9606.ENSP00000360190 9606.ENSP00000242819 0 0 0 0 0 0 290 290 
9606.ENSP00000360190 9606.ENSP00000365492 0 0 0 136 0 900 0 909 
9606.ENSP00000360190 9606.ENSP00000376390 0 0 0 0 0 0 288 288 
9606.ENSP00000360190 9606.ENSP00000290219 0 0 0 0 0 0 163 163 
9606.ENSP00000360190 9606.ENSP00000371643 0 0 0 97 0 900 495 950 
9606.ENSP00000360190 9606.ENSP00000335307 0 0 0 152 0 0 441 505 
9606.ENSP00000360190 9606.ENSP00000335503 0 0 0 211 0 0 0 211 
9606.ENSP00000360190 9606.ENSP00000324633 0 0 0 0 0 0 327 327 
9606.ENSP00000360190 9606.ENSP00000343445 0 0 0 0 0 0 269 269 
9606.ENSP00000360190 9606.ENSP00000385470 0 0 0 0 0 0 198 198 
9606.ENSP00000360190 9606.ENSP00000485031 0 0 0 140 0 900 0 910 
9606.ENSP00000360190 9606.ENSP00000320813 0 0 0 298 0 0 145 374 
9606.ENSP00000360190 9606.ENSP00000347810 0 0 0 96 0 0 510 538 
9606.ENSP00000360190 9606.ENSP00000335358 0 0 0 175 0 0 0 175 
9606.ENSP00000360190 9606.ENSP00000246105 0 0 0 158 0 900 613 964 
9606.ENSP00000360190 9606.ENSP00000371847 0 0 0 98 0 900 0 905 
9606.ENSP00000360190 9606.ENSP00000054950 0 0 0 0 0 0 157 157 
9606.ENSP00000360190 9606.ENSP00000381703 0 0 0 289 0 900 787 983 
9606.ENSP00000360190 9606.ENSP00000371825 0 0 0 197 0 900 0 916 
9606.ENSP00000360190 9606.ENSP00000338276 0 0 0 88 0 0 407 436 
9606.ENSP00000360190 9606.ENSP00000376793 0 0 0 0 0 0 170 170 
9606.ENSP00000360190 9606.ENSP00000329890 0 0 0 0 0 900 131 909 
9606.ENSP00000360190 9606.ENSP00000315098 0 0 0 95 0 0 320 358 
9606.ENSP00000360190 9606.ENSP00000334801 0 0 0 0 0 0 170 170 
9606.ENSP00000360190 9606.ENSP00000334330 0 0 0 121 0 0 432 480 
9606.ENSP00000360190 9606.ENSP00000280191 0 0 0 0 0 0 159 159 
9606.ENSP00000360190 9606.ENSP00000450540 0 0 0 0 0 0 170 170 
9606.ENSP00000360190 9606.ENSP00000319673 0 0 0 0 0 0 165 165 
9606.ENSP00000360190 9606.ENSP00000265295 0 0 0 0 0 0 297 297 
9606.ENSP00000360190 9606.ENSP00000326219 0 0 0 0 0 0 164 164 
9606.ENSP00000360190 9606.ENSP00000346809 0 0 0 0 0 0 325 325 
9606.ENSP00000360190 9606.ENSP00000225842 0 0 0 0 0 0 203 203 
9606.ENSP00000360190 9606.ENSP00000424598 0 0 0 0 0 0 364 364 
9606.ENSP00000360190 9606.ENSP00000371813 0 0 0 0 0 900 0 900 
9606.ENSP00000360190 9606.ENSP00000392398 0 0 0 76 0 0 141 172 
9606.ENSP00000360190 9606.ENSP00000247470 0 0 0 0 0 0 155 155 
9606.ENSP00000360190 9606.ENSP00000313833 0 0 0 0 0 0 200 200 
9606.ENSP00000360190 9606.ENSP00000383396 0 0 0 139 0 900 0 910 
9606.ENSP00000360190 9606.ENSP00000322191 0 0 0 123 0 0 145 218 
9606.ENSP00000360190 9606.ENSP00000339621 0 0 0 0 0 0 210 210 
9606.ENSP00000360190 9606.ENSP00000333358 0 0 0 0 0 0 245 245 
9606.ENSP00000360190 9606.ENSP00000341819 0 0 0 0 0 0 384 384 
9606.ENSP00000360190 9606.ENSP00000416753 0 0 0 0 0 0 161 161 
9606.ENSP00000360190 9606.ENSP00000296326 0 0 0 0 0 0 211 211 
9606.ENSP00000360190 9606.ENSP00000412209 0 0 0 0 0 0 193 193 
9606.ENSP00000360190 9606.ENSP00000358233 0 0 0 0 0 0 161 161 
9606.ENSP00000360190 9606.ENSP00000366233 0 0 0 0 0 0 173 173 
9606.ENSP00000360190 9606.ENSP00000334681 0 0 0 172 0 0 517 582 
9606.ENSP00000360190 9606.ENSP00000262865 0 0 0 0 0 0 212 212 
9606.ENSP00000360190 9606.ENSP00000323853 0 0 0 213 0 0 0 213 
9606.ENSP00000360190 9606.ENSP00000328359 0 0 0 0 0 900 131 909 
9606.ENSP00000360190 9606.ENSP00000361726 0 0 0 0 0 0 330 330 
9606.ENSP00000360190 9606.ENSP00000360753 0 0 0 0 0 0 167 167 
9606.ENSP00000360190 9606.ENSP00000484056 0 0 0 0 0 0 345 345 
9606.ENSP00000360190 9606.ENSP00000458585 0 0 0 0 0 0 206 206 
9606.ENSP00000360190 9606.ENSP00000311313 0 0 0 0 0 0 280 280 
9606.ENSP00000360190 9606.ENSP00000008391 0 0 0 0 0 0 345 345 
9606.ENSP00000360190 9606.ENSP00000303532 0 0 0 0 0 0 420 420 
9606.ENSP00000360190 9606.ENSP00000259455 0 0 0 0 0 0 173 173 
9606.ENSP00000360190 9606.ENSP00000383398 0 0 0 98 0 900 0 905 
9606.ENSP00000360190 9606.ENSP00000356536 0 0 0 0 0 0 403 403 
