9606.ENSP00000341658 9606.ENSP00000255226 0 0 0 0 0 0 157 157 
9606.ENSP00000341658 9606.ENSP00000272298 0 0 0 0 157 0 48 163 
9606.ENSP00000341658 9606.ENSP00000467266 0 0 0 0 0 0 224 224 
9606.ENSP00000341658 9606.ENSP00000310572 0 0 0 61 141 0 44 161 
9606.ENSP00000341658 9606.ENSP00000363680 0 0 0 0 132 0 82 169 
9606.ENSP00000341658 9606.ENSP00000414886 0 0 0 77 157 0 44 191 
9606.ENSP00000341658 9606.ENSP00000228841 0 0 0 0 157 0 44 159 
9606.ENSP00000341658 9606.ENSP00000403210 0 0 0 0 0 0 218 218 
9606.ENSP00000341658 9606.ENSP00000219252 0 0 0 63 129 0 57 163 
9606.ENSP00000341658 9606.ENSP00000387246 0 0 0 0 169 0 84 206 
9606.ENSP00000341658 9606.ENSP00000378699 0 0 0 61 164 0 62 199 
9606.ENSP00000341658 9606.ENSP00000369784 0 0 0 55 153 0 49 172 
9606.ENSP00000341658 9606.ENSP00000355388 0 0 0 62 126 0 49 152 
9606.ENSP00000341658 9606.ENSP00000310649 0 0 0 119 125 0 50 204 
9606.ENSP00000341658 9606.ENSP00000385571 0 0 0 63 143 0 50 170 
9606.ENSP00000341658 9606.ENSP00000229812 0 0 0 55 157 0 64 189 
9606.ENSP00000341658 9606.ENSP00000403459 0 0 0 0 0 0 161 161 
9606.ENSP00000341658 9606.ENSP00000279387 0 0 0 0 105 0 168 223 
9606.ENSP00000341658 9606.ENSP00000259818 0 0 0 109 129 0 85 228 
9606.ENSP00000341658 9606.ENSP00000265849 0 0 0 64 150 0 0 170 
9606.ENSP00000341658 9606.ENSP00000379256 0 0 0 0 157 0 44 159 
9606.ENSP00000341658 9606.ENSP00000215659 0 0 0 0 284 0 80 313 
9606.ENSP00000341658 9606.ENSP00000418754 0 0 0 61 183 0 44 203 
9606.ENSP00000341658 9606.ENSP00000373648 0 0 0 62 0 0 195 213 
9606.ENSP00000341658 9606.ENSP00000478725 0 0 0 0 0 0 315 315 
9606.ENSP00000341658 9606.ENSP00000264110 0 0 0 63 111 0 166 244 
9606.ENSP00000341658 9606.ENSP00000394734 0 0 0 62 262 0 50 284 
9606.ENSP00000341658 9606.ENSP00000326031 0 0 0 0 105 0 117 175 
9606.ENSP00000341658 9606.ENSP00000362680 0 0 0 0 196 0 44 198 
9606.ENSP00000341658 9606.ENSP00000378217 0 0 0 61 124 0 57 156 
9606.ENSP00000341658 9606.ENSP00000417196 0 0 0 76 180 0 50 217 
9606.ENSP00000341658 9606.ENSP00000482630 0 0 0 61 134 0 0 152 
9606.ENSP00000341658 9606.ENSP00000256190 0 0 0 62 0 0 133 152 
9606.ENSP00000341658 9606.ENSP00000458075 0 0 0 0 157 0 50 164 
9606.ENSP00000341658 9606.ENSP00000363054 0 0 0 0 175 0 0 175 
9606.ENSP00000341658 9606.ENSP00000293879 0 0 0 60 124 0 59 157 
9606.ENSP00000341658 9606.ENSP00000402033 0 0 0 0 157 0 50 164 
9606.ENSP00000341658 9606.ENSP00000483786 0 0 0 0 157 0 44 159 
9606.ENSP00000341658 9606.ENSP00000259206 0 0 0 0 0 0 202 202 
9606.ENSP00000341658 9606.ENSP00000365227 0 0 0 0 157 0 48 163 
9606.ENSP00000341658 9606.ENSP00000482345 0 0 0 61 134 0 0 152 
9606.ENSP00000341658 9606.ENSP00000406490 0 0 0 64 150 0 0 170 
9606.ENSP00000341658 9606.ENSP00000247003 0 0 0 131 92 0 0 177 
9606.ENSP00000341658 9606.ENSP00000372155 0 0 0 61 0 0 256 271 
9606.ENSP00000341658 9606.ENSP00000301037 0 0 0 61 188 0 99 253 
9606.ENSP00000341658 9606.ENSP00000406229 0 0 0 0 0 0 180 180 
9606.ENSP00000341658 9606.ENSP00000420849 0 0 0 51 182 0 57 204 
9606.ENSP00000341658 9606.ENSP00000216144 0 0 0 0 157 0 48 163 
9606.ENSP00000341658 9606.ENSP00000356581 0 0 0 62 0 0 193 211 
9606.ENSP00000341658 9606.ENSP00000221086 0 0 0 58 64 0 159 193 
9606.ENSP00000341658 9606.ENSP00000280362 0 0 0 0 0 0 326 326 
9606.ENSP00000341658 9606.ENSP00000260443 0 0 0 98 63 0 126 196 
9606.ENSP00000341658 9606.ENSP00000361475 0 0 0 66 157 0 44 181 
9606.ENSP00000341658 9606.ENSP00000354566 0 0 0 0 0 0 198 198 
9606.ENSP00000341658 9606.ENSP00000289013 0 0 0 76 125 0 0 156 
9606.ENSP00000341658 9606.ENSP00000357726 0 0 0 0 0 0 170 170 
9606.ENSP00000341658 9606.ENSP00000403932 0 0 0 0 157 0 48 163 
9606.ENSP00000341658 9606.ENSP00000383212 0 0 0 63 134 0 0 153 
9606.ENSP00000341658 9606.ENSP00000356918 0 0 0 0 175 0 0 175 
9606.ENSP00000341658 9606.ENSP00000432660 0 0 0 55 167 0 57 192 
9606.ENSP00000341658 9606.ENSP00000337691 0 0 0 65 284 0 80 330 
9606.ENSP00000341658 9606.ENSP00000298910 0 0 0 0 187 0 94 231 
9606.ENSP00000341658 9606.ENSP00000306752 0 0 0 0 157 0 51 165 
9606.ENSP00000341658 9606.ENSP00000357087 0 0 0 0 50 0 706 708 
9606.ENSP00000341658 9606.ENSP00000471502 0 0 0 145 102 0 0 200 
9606.ENSP00000341658 9606.ENSP00000360183 0 0 0 0 175 0 0 175 
9606.ENSP00000341658 9606.ENSP00000366487 0 0 0 61 129 0 49 154 
9606.ENSP00000341658 9606.ENSP00000379842 0 0 0 61 79 0 144 195 
9606.ENSP00000341658 9606.ENSP00000384869 0 0 0 62 267 0 50 289 
9606.ENSP00000341658 9606.ENSP00000000233 0 0 0 61 129 0 49 154 
9606.ENSP00000341658 9606.ENSP00000285667 0 0 0 0 192 0 0 192 
9606.ENSP00000341658 9606.ENSP00000298545 0 0 0 69 0 0 128 153 
9606.ENSP00000341658 9606.ENSP00000302486 0 0 0 0 185 0 78 216 
9606.ENSP00000341658 9606.ENSP00000259874 0 0 0 55 0 0 159 171 
9606.ENSP00000341658 9606.ENSP00000324806 0 0 0 62 170 0 44 190 
9606.ENSP00000341658 9606.ENSP00000364864 0 0 0 61 124 0 304 377 
9606.ENSP00000341658 9606.ENSP00000451263 0 0 0 0 131 0 84 169 
9606.ENSP00000341658 9606.ENSP00000262259 0 0 0 0 73 0 295 318 
9606.ENSP00000341658 9606.ENSP00000307549 0 0 0 0 0 0 169 169 
9606.ENSP00000341658 9606.ENSP00000394794 0 0 0 46 97 0 224 273 
9606.ENSP00000341658 9606.ENSP00000262726 0 0 0 0 157 0 48 163 
9606.ENSP00000341658 9606.ENSP00000217233 0 0 0 51 182 0 57 204 
9606.ENSP00000341658 9606.ENSP00000423665 0 0 0 89 164 0 62 223 
9606.ENSP00000341658 9606.ENSP00000325836 0 0 0 119 129 0 49 207 
9606.ENSP00000341658 9606.ENSP00000012443 0 0 0 62 105 0 128 204 
9606.ENSP00000341658 9606.ENSP00000265970 0 0 0 49 157 0 50 171 
9606.ENSP00000341658 9606.ENSP00000314649 0 0 0 61 50 0 302 323 
9606.ENSP00000341658 9606.ENSP00000290583 0 0 0 95 0 0 314 352 
9606.ENSP00000341658 9606.ENSP00000291906 0 0 0 61 124 0 57 156 
9606.ENSP00000341658 9606.ENSP00000376306 0 0 0 61 131 0 44 151 
9606.ENSP00000341658 9606.ENSP00000291823 0 0 0 63 143 0 50 170 
9606.ENSP00000341658 9606.ENSP00000329127 0 0 0 61 124 0 57 156 
9606.ENSP00000341658 9606.ENSP00000334879 0 0 0 0 0 0 159 159 
9606.ENSP00000341658 9606.ENSP00000365730 0 0 0 55 185 0 56 209 
9606.ENSP00000341658 9606.ENSP00000294964 0 0 0 76 131 0 44 165 
9606.ENSP00000341658 9606.ENSP00000343535 0 0 0 63 60 0 127 164 
9606.ENSP00000341658 9606.ENSP00000322628 0 0 0 61 129 0 49 154 
9606.ENSP00000341658 9606.ENSP00000298159 0 0 0 55 167 0 57 192 
9606.ENSP00000341658 9606.ENSP00000251157 0 0 0 61 0 0 231 247 
9606.ENSP00000341658 9606.ENSP00000351338 0 0 0 85 0 0 197 234 
9606.ENSP00000341658 9606.ENSP00000272217 0 0 0 61 129 0 118 216 
9606.ENSP00000341658 9606.ENSP00000453872 0 0 0 62 0 0 326 340 
9606.ENSP00000341658 9606.ENSP00000478426 0 0 0 61 134 0 0 152 
9606.ENSP00000341658 9606.ENSP00000363668 0 0 0 61 126 0 49 151 
9606.ENSP00000341658 9606.ENSP00000262426 0 0 0 0 93 0 345 381 
9606.ENSP00000341658 9606.ENSP00000211287 0 0 0 0 284 0 80 313 
9606.ENSP00000341658 9606.ENSP00000402154 0 0 0 0 121 0 89 164 
9606.ENSP00000341658 9606.ENSP00000249344 0 0 0 0 0 0 382 382 
9606.ENSP00000341658 9606.ENSP00000321826 0 0 0 65 162 0 50 190 
9606.ENSP00000341658 9606.ENSP00000466248 0 0 0 91 186 0 64 247 
9606.ENSP00000341658 9606.ENSP00000295757 0 0 0 96 100 0 55 165 
9606.ENSP00000341658 9606.ENSP00000278319 0 0 0 0 73 0 407 427 
9606.ENSP00000341658 9606.ENSP00000295718 0 0 0 86 97 0 55 152 
9606.ENSP00000341658 9606.ENSP00000443551 0 0 0 0 0 0 195 195 
9606.ENSP00000341658 9606.ENSP00000361512 0 0 0 64 185 0 0 204 
9606.ENSP00000341658 9606.ENSP00000404247 0 0 0 61 129 0 49 154 
9606.ENSP00000341658 9606.ENSP00000232975 0 0 0 0 157 0 48 163 
9606.ENSP00000341658 9606.ENSP00000306330 0 0 0 50 157 0 59 180 
9606.ENSP00000341658 9606.ENSP00000264712 0 0 0 64 124 0 57 159 
9606.ENSP00000341658 9606.ENSP00000358309 0 0 0 72 131 0 89 202 
9606.ENSP00000341658 9606.ENSP00000359866 0 0 0 0 73 0 177 205 
9606.ENSP00000341658 9606.ENSP00000482546 0 0 0 63 173 0 66 213 
9606.ENSP00000341658 9606.ENSP00000357804 0 0 0 0 0 0 313 313 
9606.ENSP00000341658 9606.ENSP00000289153 0 0 0 52 157 0 50 174 
9606.ENSP00000341658 9606.ENSP00000452414 0 0 0 46 97 0 225 274 
9606.ENSP00000341658 9606.ENSP00000345752 0 0 0 0 0 0 155 155 
9606.ENSP00000341658 9606.ENSP00000351497 0 0 0 0 0 0 182 182 
9606.ENSP00000341658 9606.ENSP00000209728 0 0 0 62 161 0 68 202 
9606.ENSP00000341658 9606.ENSP00000380958 0 0 0 62 0 0 163 181 
9606.ENSP00000341658 9606.ENSP00000381198 0 0 0 0 126 0 90 170 
9606.ENSP00000341658 9606.ENSP00000357345 0 0 0 62 262 0 50 284 
9606.ENSP00000341658 9606.ENSP00000263967 0 0 0 52 157 0 50 174 
9606.ENSP00000341658 9606.ENSP00000367029 0 0 0 130 157 0 0 235 
9606.ENSP00000341658 9606.ENSP00000378306 0 0 0 0 170 0 104 224 
9606.ENSP00000341658 9606.ENSP00000418086 0 0 0 0 0 0 173 173 
9606.ENSP00000341658 9606.ENSP00000166244 0 0 0 76 131 0 44 165 
9606.ENSP00000341658 9606.ENSP00000378260 0 0 0 55 0 0 267 277 
9606.ENSP00000341658 9606.ENSP00000477059 0 0 0 89 0 0 626 645 
9606.ENSP00000341658 9606.ENSP00000296464 0 0 0 0 192 0 45 195 
9606.ENSP00000341658 9606.ENSP00000342105 0 0 0 63 143 0 50 170 
9606.ENSP00000341658 9606.ENSP00000269051 0 0 0 109 157 0 48 223 
9606.ENSP00000341658 9606.ENSP00000339973 0 0 0 61 134 0 0 152 
9606.ENSP00000341658 9606.ENSP00000356687 0 0 0 62 192 0 44 212 
9606.ENSP00000341658 9606.ENSP00000300896 0 0 0 62 157 0 44 178 
9606.ENSP00000341658 9606.ENSP00000339179 0 0 0 51 182 0 57 204 
9606.ENSP00000341658 9606.ENSP00000426255 0 0 0 61 0 0 482 493 
9606.ENSP00000341658 9606.ENSP00000216367 0 0 0 81 127 0 0 163 
9606.ENSP00000341658 9606.ENSP00000315299 0 0 0 0 157 0 48 163 
9606.ENSP00000341658 9606.ENSP00000254963 0 0 0 66 192 0 0 213 
9606.ENSP00000341658 9606.ENSP00000365243 0 0 0 61 0 0 207 223 
9606.ENSP00000341658 9606.ENSP00000402515 0 0 0 0 157 0 50 164 
9606.ENSP00000341658 9606.ENSP00000268035 0 0 0 0 183 0 44 186 
9606.ENSP00000341658 9606.ENSP00000391592 0 0 0 46 97 0 166 219 
9606.ENSP00000341658 9606.ENSP00000318197 0 0 0 55 153 0 49 172 
9606.ENSP00000341658 9606.ENSP00000357452 0 0 0 0 0 0 254 254 
9606.ENSP00000341658 9606.ENSP00000270112 0 0 0 51 182 0 57 204 
9606.ENSP00000341658 9606.ENSP00000363939 0 0 0 0 186 0 64 205 
9606.ENSP00000341658 9606.ENSP00000310668 0 0 0 63 158 0 0 177 
9606.ENSP00000341658 9606.ENSP00000395772 0 0 0 134 83 0 105 227 
9606.ENSP00000341658 9606.ENSP00000355237 0 0 0 60 131 0 44 150 
9606.ENSP00000341658 9606.ENSP00000473233 0 0 0 64 85 0 98 160 
9606.ENSP00000341658 9606.ENSP00000400010 0 0 0 46 97 0 197 248 
9606.ENSP00000341658 9606.ENSP00000363250 0 0 0 63 129 0 49 156 
9606.ENSP00000341658 9606.ENSP00000357869 0 0 0 63 157 0 50 184 
9606.ENSP00000341658 9606.ENSP00000180173 0 0 0 58 64 0 301 330 
9606.ENSP00000341658 9606.ENSP00000483484 0 0 0 133 63 0 135 235 
9606.ENSP00000341658 9606.ENSP00000415536 0 0 0 62 144 0 0 162 
9606.ENSP00000341658 9606.ENSP00000377784 0 0 0 0 157 0 44 159 
9606.ENSP00000341658 9606.ENSP00000361636 0 0 0 0 157 0 48 163 
9606.ENSP00000341658 9606.ENSP00000348020 0 0 0 63 150 0 0 169 
9606.ENSP00000341658 9606.ENSP00000380675 0 0 0 62 185 0 67 224 
9606.ENSP00000341658 9606.ENSP00000379210 0 0 0 0 157 0 44 159 
9606.ENSP00000341658 9606.ENSP00000349458 0 0 0 61 0 0 161 178 
9606.ENSP00000341658 9606.ENSP00000364320 0 0 0 114 91 0 128 236 
9606.ENSP00000341658 9606.ENSP00000360316 0 0 0 0 0 0 180 180 
9606.ENSP00000341658 9606.ENSP00000229795 0 0 0 0 284 0 122 344 
9606.ENSP00000341658 9606.ENSP00000357106 0 0 0 96 0 0 127 178 
9606.ENSP00000341658 9606.ENSP00000443292 0 0 0 76 0 0 551 568 
9606.ENSP00000341658 9606.ENSP00000419081 0 0 0 0 157 0 48 163 
9606.ENSP00000341658 9606.ENSP00000279488 0 0 0 0 0 0 179 179 
9606.ENSP00000341658 9606.ENSP00000273666 0 0 0 65 162 0 50 190 
9606.ENSP00000341658 9606.ENSP00000321537 0 0 0 65 162 0 50 190 
9606.ENSP00000341658 9606.ENSP00000333326 0 0 0 55 153 0 49 172 
9606.ENSP00000341658 9606.ENSP00000365528 0 0 0 46 97 0 98 155 
9606.ENSP00000341658 9606.ENSP00000335029 0 0 0 63 0 0 211 229 
9606.ENSP00000341658 9606.ENSP00000271555 0 0 0 0 121 0 89 164 
9606.ENSP00000341658 9606.ENSP00000402537 0 0 0 58 64 0 142 177 
9606.ENSP00000341658 9606.ENSP00000265431 0 0 0 64 157 0 48 183 
9606.ENSP00000341658 9606.ENSP00000452746 0 0 0 0 146 0 50 154 
9606.ENSP00000341658 9606.ENSP00000344909 0 0 0 63 0 0 134 154 
9606.ENSP00000341658 9606.ENSP00000340874 0 0 0 0 121 0 89 164 
9606.ENSP00000341658 9606.ENSP00000356319 0 0 0 0 124 0 81 161 
9606.ENSP00000341658 9606.ENSP00000394560 0 0 0 61 320 0 91 369 
9606.ENSP00000341658 9606.ENSP00000324960 0 0 0 0 157 0 48 163 
9606.ENSP00000341658 9606.ENSP00000414517 0 0 0 61 0 0 138 156 
9606.ENSP00000341658 9606.ENSP00000362153 0 0 0 105 83 0 52 154 
9606.ENSP00000341658 9606.ENSP00000222330 0 0 0 62 170 0 44 190 
9606.ENSP00000341658 9606.ENSP00000484403 0 0 0 0 0 0 272 272 
9606.ENSP00000341658 9606.ENSP00000310219 0 0 0 0 192 0 0 192 
9606.ENSP00000341658 9606.ENSP00000477980 0 0 0 0 186 0 64 205 
9606.ENSP00000341658 9606.ENSP00000220062 0 0 0 70 129 0 49 162 
9606.ENSP00000341658 9606.ENSP00000304376 0 0 0 0 87 0 182 222 
9606.ENSP00000341658 9606.ENSP00000293441 0 0 0 0 175 0 0 175 
9606.ENSP00000341658 9606.ENSP00000354468 0 0 0 0 50 0 187 195 
9606.ENSP00000341658 9606.ENSP00000364586 0 0 0 64 50 0 136 165 
9606.ENSP00000341658 9606.ENSP00000373684 0 0 0 55 157 0 64 189 
9606.ENSP00000341658 9606.ENSP00000466174 0 0 0 63 111 0 62 150 
9606.ENSP00000341658 9606.ENSP00000365806 0 0 0 64 157 0 67 199 
9606.ENSP00000341658 9606.ENSP00000484181 0 0 0 61 134 0 0 152 
9606.ENSP00000341658 9606.ENSP00000469863 0 0 0 63 143 0 50 170 
9606.ENSP00000341658 9606.ENSP00000355231 0 0 0 61 132 0 68 174 
9606.ENSP00000341658 9606.ENSP00000275560 0 0 0 0 0 0 167 167 
9606.ENSP00000341658 9606.ENSP00000380878 0 0 0 0 170 0 104 224 
9606.ENSP00000341658 9606.ENSP00000262300 0 0 0 62 185 0 67 224 
9606.ENSP00000341658 9606.ENSP00000356155 0 0 0 49 157 0 50 171 
9606.ENSP00000341658 9606.ENSP00000295225 0 0 0 88 157 0 44 200 
9606.ENSP00000341658 9606.ENSP00000312411 0 0 0 84 144 0 102 234 
9606.ENSP00000341658 9606.ENSP00000352438 0 0 0 0 180 0 50 187 
9606.ENSP00000341658 9606.ENSP00000221138 0 0 0 0 105 0 98 158 
9606.ENSP00000341658 9606.ENSP00000363459 0 0 0 46 97 0 175 227 
9606.ENSP00000341658 9606.ENSP00000309431 0 0 0 62 129 0 85 187 
9606.ENSP00000341658 9606.ENSP00000358211 0 0 0 76 192 0 0 221 
9606.ENSP00000341658 9606.ENSP00000482885 0 0 0 46 130 0 364 426 
9606.ENSP00000341658 9606.ENSP00000360683 0 0 0 46 97 0 280 325 
9606.ENSP00000341658 9606.ENSP00000274026 0 0 0 63 112 0 92 178 
9606.ENSP00000341658 9606.ENSP00000378958 0 0 0 62 129 0 49 155 
9606.ENSP00000341658 9606.ENSP00000009105 0 0 0 79 51 0 107 152 
9606.ENSP00000341658 9606.ENSP00000470087 0 0 0 62 170 0 44 190 
9606.ENSP00000341658 9606.ENSP00000223167 0 0 0 0 157 0 44 159 
9606.ENSP00000341658 9606.ENSP00000361423 0 0 0 0 188 0 44 191 
9606.ENSP00000341658 9606.ENSP00000354152 0 0 0 0 0 0 311 311 
9606.ENSP00000341658 9606.ENSP00000380093 0 0 0 102 71 0 171 248 
9606.ENSP00000341658 9606.ENSP00000223364 0 0 0 0 157 0 44 159 
9606.ENSP00000341658 9606.ENSP00000248594 0 0 0 46 97 0 160 213 
9606.ENSP00000341658 9606.ENSP00000369390 0 0 0 61 164 0 62 199 
9606.ENSP00000341658 9606.ENSP00000392660 0 0 0 0 262 0 0 262 
9606.ENSP00000341658 9606.ENSP00000178640 0 0 0 0 185 0 78 216 
9606.ENSP00000341658 9606.ENSP00000373539 0 0 0 62 0 0 203 220 
9606.ENSP00000341658 9606.ENSP00000307280 0 0 0 0 157 0 44 159 
9606.ENSP00000341658 9606.ENSP00000431165 0 0 0 61 124 0 57 156 
9606.ENSP00000341658 9606.ENSP00000384719 0 0 0 0 157 0 44 159 
9606.ENSP00000341658 9606.ENSP00000337722 0 0 0 61 129 0 49 154 
9606.ENSP00000341658 9606.ENSP00000381097 0 0 0 64 131 0 44 154 
9606.ENSP00000341658 9606.ENSP00000364802 0 0 0 0 192 0 0 192 
9606.ENSP00000341658 9606.ENSP00000332118 0 0 0 72 131 0 44 162 
9606.ENSP00000341658 9606.ENSP00000469332 0 0 0 0 0 0 271 271 
9606.ENSP00000341658 9606.ENSP00000406873 0 0 0 55 147 0 50 167 
9606.ENSP00000341658 9606.ENSP00000346148 0 0 0 51 182 0 57 204 
9606.ENSP00000341658 9606.ENSP00000442600 0 0 0 0 0 0 198 198 
9606.ENSP00000341658 9606.ENSP00000331268 0 0 0 62 192 0 44 212 
9606.ENSP00000341658 9606.ENSP00000263212 0 0 0 61 144 0 102 215 
9606.ENSP00000341658 9606.ENSP00000248846 0 0 0 63 138 0 0 157 
9606.ENSP00000341658 9606.ENSP00000337797 0 0 0 0 163 0 92 208 
9606.ENSP00000341658 9606.ENSP00000434241 0 0 0 95 0 0 213 258 
9606.ENSP00000341658 9606.ENSP00000442982 0 0 0 64 0 0 276 293 
9606.ENSP00000341658 9606.ENSP00000255465 0 0 0 63 112 0 64 153 
9606.ENSP00000341658 9606.ENSP00000262139 0 0 0 0 186 0 0 186 
9606.ENSP00000341658 9606.ENSP00000473001 0 0 0 0 146 0 50 154 
9606.ENSP00000341658 9606.ENSP00000262219 0 0 0 0 0 0 443 443 
9606.ENSP00000341658 9606.ENSP00000483965 0 0 0 61 134 0 0 152 
9606.ENSP00000341658 9606.ENSP00000352833 0 0 0 46 97 0 179 231 
9606.ENSP00000341658 9606.ENSP00000377793 0 0 0 64 162 0 80 215 
9606.ENSP00000341658 9606.ENSP00000358081 0 0 0 57 159 0 54 184 
9606.ENSP00000341658 9606.ENSP00000356076 0 0 0 63 143 0 50 170 
9606.ENSP00000341658 9606.ENSP00000359417 0 0 0 0 0 0 166 166 
9606.ENSP00000341658 9606.ENSP00000348349 0 0 0 62 127 0 49 153 
9606.ENSP00000341658 9606.ENSP00000386710 0 0 0 91 126 0 0 171 
9606.ENSP00000341658 9606.ENSP00000400088 0 0 0 61 164 0 62 199 
9606.ENSP00000341658 9606.ENSP00000261211 0 0 0 61 164 0 62 199 
9606.ENSP00000341658 9606.ENSP00000341289 0 0 0 62 129 0 85 187 
9606.ENSP00000341658 9606.ENSP00000323847 0 0 0 61 129 0 49 154 
9606.ENSP00000341658 9606.ENSP00000230449 0 0 0 0 0 0 259 259 
9606.ENSP00000341658 9606.ENSP00000355217 0 0 0 0 0 0 245 245 
9606.ENSP00000341658 9606.ENSP00000339754 0 0 0 61 129 0 49 154 
9606.ENSP00000341658 9606.ENSP00000263269 0 0 0 155 72 0 0 182 
9606.ENSP00000341658 9606.ENSP00000274364 0 0 0 0 167 0 57 180 
9606.ENSP00000341658 9606.ENSP00000449770 0 0 0 102 79 0 110 199 
9606.ENSP00000341658 9606.ENSP00000281171 0 0 0 64 97 0 273 332 
9606.ENSP00000341658 9606.ENSP00000216911 0 0 0 61 133 0 57 165 
9606.ENSP00000341658 9606.ENSP00000384651 0 0 0 0 0 0 152 152 
9606.ENSP00000341658 9606.ENSP00000441927 0 0 0 0 82 0 243 275 
9606.ENSP00000341658 9606.ENSP00000262659 0 0 0 77 0 0 549 566 
9606.ENSP00000341658 9606.ENSP00000471730 0 0 0 62 105 0 128 204 
9606.ENSP00000341658 9606.ENSP00000482732 0 0 0 46 97 0 238 286 
9606.ENSP00000341658 9606.ENSP00000440005 0 0 0 61 129 0 49 154 
9606.ENSP00000341658 9606.ENSP00000260010 0 0 0 0 102 0 97 154 
9606.ENSP00000341658 9606.ENSP00000332111 0 0 0 0 157 0 48 163 
9606.ENSP00000341658 9606.ENSP00000474135 0 0 0 0 0 0 315 315 
9606.ENSP00000341658 9606.ENSP00000256682 0 0 0 61 129 0 49 154 
9606.ENSP00000341658 9606.ENSP00000422591 0 0 0 0 102 0 146 201 
9606.ENSP00000341658 9606.ENSP00000346255 0 0 0 62 90 0 173 232 
9606.ENSP00000341658 9606.ENSP00000326267 0 0 0 0 157 0 48 163 
9606.ENSP00000341658 9606.ENSP00000332454 0 0 0 0 183 0 57 196 
9606.ENSP00000341658 9606.ENSP00000456861 0 0 0 61 134 0 0 152 
9606.ENSP00000341658 9606.ENSP00000233668 0 0 0 0 101 0 96 152 
9606.ENSP00000341658 9606.ENSP00000441755 0 0 0 63 143 0 50 170 
9606.ENSP00000341658 9606.ENSP00000482590 0 0 0 61 134 0 0 152 
9606.ENSP00000341658 9606.ENSP00000245960 0 0 0 56 159 0 94 217 
9606.ENSP00000341658 9606.ENSP00000337478 0 0 0 61 129 0 49 154 
9606.ENSP00000341658 9606.ENSP00000355480 0 0 0 0 157 0 48 163 
9606.ENSP00000341658 9606.ENSP00000311344 0 0 0 0 126 0 90 170 
9606.ENSP00000341658 9606.ENSP00000401633 0 0 0 0 94 0 275 315 
9606.ENSP00000341658 9606.ENSP00000325748 0 0 0 55 185 0 56 209 
9606.ENSP00000341658 9606.ENSP00000356530 0 0 0 0 183 0 57 196 
9606.ENSP00000341658 9606.ENSP00000288861 0 0 0 0 186 0 64 205 
9606.ENSP00000341658 9606.ENSP00000316948 0 0 0 62 262 0 50 284 
9606.ENSP00000341658 9606.ENSP00000263125 0 0 0 61 124 0 57 156 
9606.ENSP00000341658 9606.ENSP00000337332 0 0 0 59 130 0 51 155 
9606.ENSP00000341658 9606.ENSP00000376793 0 0 0 0 0 0 169 169 
9606.ENSP00000341658 9606.ENSP00000312506 0 0 0 69 0 0 139 164 
9606.ENSP00000341658 9606.ENSP00000371614 0 0 0 108 125 0 50 194 
9606.ENSP00000341658 9606.ENSP00000309116 0 0 0 46 97 0 364 405 
9606.ENSP00000341658 9606.ENSP00000391668 0 0 0 58 64 0 125 161 
9606.ENSP00000341658 9606.ENSP00000479618 0 0 0 57 139 0 0 153 
9606.ENSP00000341658 9606.ENSP00000261965 0 0 0 63 138 0 0 157 
9606.ENSP00000341658 9606.ENSP00000262903 0 0 0 62 166 0 49 191 
9606.ENSP00000341658 9606.ENSP00000309548 0 0 0 54 90 0 129 184 
9606.ENSP00000341658 9606.ENSP00000471457 0 0 0 62 127 0 49 153 
9606.ENSP00000341658 9606.ENSP00000225688 0 0 0 65 129 0 49 157 
9606.ENSP00000341658 9606.ENSP00000365692 0 0 0 51 182 0 57 204 
9606.ENSP00000341658 9606.ENSP00000359552 0 0 0 61 124 0 57 156 
9606.ENSP00000341658 9606.ENSP00000355583 0 0 0 0 131 0 84 169 
9606.ENSP00000341658 9606.ENSP00000358548 0 0 0 0 129 0 79 164 
9606.ENSP00000341658 9606.ENSP00000378199 0 0 0 0 192 0 0 192 
9606.ENSP00000341658 9606.ENSP00000341032 0 0 0 49 78 0 116 157 
9606.ENSP00000341658 9606.ENSP00000359361 0 0 0 61 92 0 85 152 
9606.ENSP00000341658 9606.ENSP00000329466 0 0 0 59 130 0 51 155 
9606.ENSP00000341658 9606.ENSP00000383402 0 0 0 0 126 0 90 170 
9606.ENSP00000341658 9606.ENSP00000265896 0 0 0 54 157 0 86 207 
9606.ENSP00000341658 9606.ENSP00000349932 0 0 0 64 97 0 168 236 
9606.ENSP00000341658 9606.ENSP00000248600 0 0 0 0 0 0 226 226 
9606.ENSP00000341658 9606.ENSP00000346389 0 0 0 0 121 0 89 164 
9606.ENSP00000341658 9606.ENSP00000362222 0 0 0 51 182 0 57 204 
9606.ENSP00000341658 9606.ENSP00000250056 0 0 0 0 0 0 569 569 
9606.ENSP00000341658 9606.ENSP00000379369 0 0 0 174 93 0 49 225 
9606.ENSP00000341658 9606.ENSP00000246554 0 0 0 0 0 0 408 408 
9606.ENSP00000341658 9606.ENSP00000367125 0 0 0 153 0 0 0 153 
9606.ENSP00000341658 9606.ENSP00000353864 0 0 0 55 147 0 50 167 
9606.ENSP00000341658 9606.ENSP00000365210 0 0 0 55 112 0 71 153 
9606.ENSP00000341658 9606.ENSP00000250092 0 0 0 63 55 0 131 163 
9606.ENSP00000341658 9606.ENSP00000438388 0 0 0 88 124 0 0 166 
9606.ENSP00000341658 9606.ENSP00000325239 0 0 0 0 157 0 44 159 
9606.ENSP00000341658 9606.ENSP00000262432 0 0 0 0 0 0 424 424 
9606.ENSP00000341658 9606.ENSP00000479243 0 0 0 0 0 0 562 562 
9606.ENSP00000341658 9606.ENSP00000388241 0 0 0 69 124 0 136 234 
9606.ENSP00000341658 9606.ENSP00000353452 0 0 0 0 0 0 217 217 
9606.ENSP00000341658 9606.ENSP00000277575 0 0 0 61 134 0 0 152 
9606.ENSP00000341658 9606.ENSP00000364902 0 0 0 0 0 0 351 351 
9606.ENSP00000341658 9606.ENSP00000262103 0 0 0 0 157 0 44 159 
9606.ENSP00000341658 9606.ENSP00000263826 0 0 0 56 131 0 81 180 
9606.ENSP00000341658 9606.ENSP00000215832 0 0 0 0 284 0 135 354 
9606.ENSP00000341658 9606.ENSP00000265245 0 0 0 64 157 0 67 199 
9606.ENSP00000341658 9606.ENSP00000375081 0 0 0 51 182 0 57 204 
9606.ENSP00000341658 9606.ENSP00000345853 0 0 0 69 0 0 149 174 
9606.ENSP00000341658 9606.ENSP00000393776 0 0 0 0 146 0 50 154 
9606.ENSP00000341658 9606.ENSP00000361467 0 0 0 0 157 0 50 164 
9606.ENSP00000341658 9606.ENSP00000262741 0 0 0 0 83 0 174 210 
9606.ENSP00000341658 9606.ENSP00000262039 0 0 0 0 157 0 50 164 
9606.ENSP00000341658 9606.ENSP00000301072 0 0 0 55 153 0 49 172 
9606.ENSP00000341658 9606.ENSP00000335632 0 0 0 0 186 0 64 205 
9606.ENSP00000341658 9606.ENSP00000399465 0 0 0 63 111 0 78 165 
9606.ENSP00000341658 9606.ENSP00000307305 0 0 0 0 0 0 152 152 
9606.ENSP00000341658 9606.ENSP00000373600 0 0 0 0 187 0 62 204 
9606.ENSP00000341658 9606.ENSP00000231790 0 0 0 62 150 0 0 168 
9606.ENSP00000341658 9606.ENSP00000252463 0 0 0 155 73 0 0 183 
9606.ENSP00000341658 9606.ENSP00000331127 0 0 0 0 157 0 51 165 
9606.ENSP00000341658 9606.ENSP00000268989 0 0 0 63 134 0 0 153 
9606.ENSP00000341658 9606.ENSP00000434343 0 0 0 0 50 0 227 234 
9606.ENSP00000341658 9606.ENSP00000441158 0 0 0 62 267 0 50 289 
9606.ENSP00000341658 9606.ENSP00000415090 0 0 0 62 94 0 107 175 
9606.ENSP00000341658 9606.ENSP00000312150 0 0 0 51 182 0 57 204 
9606.ENSP00000341658 9606.ENSP00000226193 0 0 0 0 157 0 44 159 
9606.ENSP00000341658 9606.ENSP00000358149 0 0 0 0 0 0 205 205 
9606.ENSP00000341658 9606.ENSP00000354376 0 0 0 62 129 0 49 155 
9606.ENSP00000341658 9606.ENSP00000360266 0 0 0 0 125 0 100 179 
9606.ENSP00000341658 9606.ENSP00000381932 0 0 0 63 143 0 50 170 
9606.ENSP00000341658 9606.ENSP00000309610 0 0 0 0 0 0 506 506 
9606.ENSP00000341658 9606.ENSP00000278612 0 0 0 0 0 0 227 227 
9606.ENSP00000341658 9606.ENSP00000469413 0 0 0 55 147 0 50 167 
9606.ENSP00000341658 9606.ENSP00000251472 0 0 0 63 303 0 64 335 
9606.ENSP00000341658 9606.ENSP00000300113 0 0 0 0 186 0 64 205 
9606.ENSP00000341658 9606.ENSP00000367879 0 0 0 0 0 0 245 245 
9606.ENSP00000341658 9606.ENSP00000311857 0 0 0 46 97 0 154 208 
9606.ENSP00000341658 9606.ENSP00000402084 0 0 0 62 185 0 67 224 
9606.ENSP00000341658 9606.ENSP00000377769 0 0 0 61 129 0 49 154 
9606.ENSP00000341658 9606.ENSP00000357131 0 0 0 0 262 0 0 262 
9606.ENSP00000341658 9606.ENSP00000417659 0 0 0 61 144 0 102 215 
9606.ENSP00000341658 9606.ENSP00000268182 0 0 0 0 167 0 57 180 
9606.ENSP00000341658 9606.ENSP00000378974 0 0 0 63 320 0 127 395 
9606.ENSP00000341658 9606.ENSP00000269586 0 0 0 61 129 0 49 154 
9606.ENSP00000341658 9606.ENSP00000371267 0 0 0 50 157 0 59 180 
9606.ENSP00000341658 9606.ENSP00000255882 0 0 0 49 157 0 50 171 
9606.ENSP00000341658 9606.ENSP00000326272 0 0 0 0 93 0 310 348 
9606.ENSP00000341658 9606.ENSP00000363746 0 0 0 64 133 0 0 153 
9606.ENSP00000341658 9606.ENSP00000446205 0 0 0 98 0 0 273 316 
9606.ENSP00000341658 9606.ENSP00000311257 0 0 0 61 0 0 212 229 
9606.ENSP00000341658 9606.ENSP00000446093 0 0 0 64 157 0 50 184 
9606.ENSP00000341658 9606.ENSP00000324173 0 0 0 62 192 0 44 212 
9606.ENSP00000341658 9606.ENSP00000302886 0 0 0 102 79 0 110 199 
9606.ENSP00000341658 9606.ENSP00000333547 0 0 0 62 129 0 49 155 
9606.ENSP00000341658 9606.ENSP00000354451 0 0 0 0 167 0 57 180 
9606.ENSP00000341658 9606.ENSP00000352925 0 0 0 61 157 0 50 182 
9606.ENSP00000341658 9606.ENSP00000479860 0 0 0 0 186 0 64 205 
9606.ENSP00000341658 9606.ENSP00000343325 0 0 0 61 124 0 57 156 
9606.ENSP00000341658 9606.ENSP00000360623 0 0 0 62 161 0 58 193 
9606.ENSP00000341658 9606.ENSP00000433427 0 0 0 58 129 0 49 151 
9606.ENSP00000341658 9606.ENSP00000306010 0 0 0 61 129 0 49 154 
9606.ENSP00000341658 9606.ENSP00000382423 0 0 0 0 169 0 88 210 
9606.ENSP00000341658 9606.ENSP00000374069 0 0 0 64 97 0 96 169 
9606.ENSP00000341658 9606.ENSP00000278865 0 0 0 0 0 0 154 154 
9606.ENSP00000341658 9606.ENSP00000448689 0 0 0 63 0 0 136 156 
9606.ENSP00000341658 9606.ENSP00000309597 0 0 0 0 131 0 233 305 
9606.ENSP00000341658 9606.ENSP00000376872 0 0 0 62 129 0 49 155 
9606.ENSP00000341658 9606.ENSP00000369286 0 0 0 0 0 0 251 251 
9606.ENSP00000341658 9606.ENSP00000262948 0 0 0 0 185 0 78 216 
9606.ENSP00000341658 9606.ENSP00000378338 0 0 0 0 0 0 162 162 
9606.ENSP00000341658 9606.ENSP00000359300 0 0 0 0 157 0 44 159 
9606.ENSP00000341658 9606.ENSP00000333640 0 0 0 65 0 0 155 177 
9606.ENSP00000341658 9606.ENSP00000261047 0 0 0 0 157 0 44 159 
9606.ENSP00000341658 9606.ENSP00000302898 0 0 0 61 133 0 57 165 
9606.ENSP00000341658 9606.ENSP00000373702 0 0 0 61 144 0 102 215 
9606.ENSP00000341658 9606.ENSP00000334329 0 0 0 63 0 0 199 218 
9606.ENSP00000341658 9606.ENSP00000371587 0 0 0 0 157 0 44 159 
9606.ENSP00000341658 9606.ENSP00000453858 0 0 0 55 147 0 50 167 
9606.ENSP00000341658 9606.ENSP00000298048 0 0 0 51 182 0 57 204 
9606.ENSP00000341658 9606.ENSP00000351342 0 0 0 86 183 0 322 450 
9606.ENSP00000341658 9606.ENSP00000482657 0 0 0 0 169 0 84 206 
9606.ENSP00000341658 9606.ENSP00000357196 0 0 0 46 97 0 105 161 
9606.ENSP00000341658 9606.ENSP00000309714 0 0 0 49 157 0 50 171 
9606.ENSP00000341658 9606.ENSP00000313950 0 0 0 61 133 0 57 165 
9606.ENSP00000341658 9606.ENSP00000374205 0 0 0 61 92 0 139 202 
9606.ENSP00000341658 9606.ENSP00000365145 0 0 0 184 93 0 480 581 
9606.ENSP00000341658 9606.ENSP00000338573 0 0 0 134 83 0 105 227 
9606.ENSP00000341658 9606.ENSP00000309474 0 0 0 0 153 0 0 153 
9606.ENSP00000341658 9606.ENSP00000298316 0 0 0 58 129 0 49 151 
9606.ENSP00000341658 9606.ENSP00000357178 0 0 0 62 131 0 55 162 
9606.ENSP00000341658 9606.ENSP00000365694 0 0 0 61 0 0 289 304 
9606.ENSP00000341658 9606.ENSP00000355923 0 0 0 46 97 0 110 166 
9606.ENSP00000341658 9606.ENSP00000357981 0 0 0 0 0 0 219 219 
9606.ENSP00000341658 9606.ENSP00000246069 0 0 0 55 167 0 57 192 
9606.ENSP00000341658 9606.ENSP00000369703 0 0 0 64 129 0 131 230 
9606.ENSP00000341658 9606.ENSP00000261890 0 0 0 62 129 0 49 155 
9606.ENSP00000341658 9606.ENSP00000363574 0 0 0 64 81 0 135 190 
9606.ENSP00000341658 9606.ENSP00000264335 0 0 0 50 157 0 59 180 
9606.ENSP00000341658 9606.ENSP00000421736 0 0 0 0 0 0 320 320 
9606.ENSP00000341658 9606.ENSP00000354927 0 0 0 0 169 0 84 206 
9606.ENSP00000341658 9606.ENSP00000307508 0 0 0 63 157 0 48 182 
9606.ENSP00000341658 9606.ENSP00000452401 0 0 0 61 124 0 57 156 
9606.ENSP00000341658 9606.ENSP00000430269 0 0 0 49 0 0 155 162 
9606.ENSP00000341658 9606.ENSP00000469689 0 0 0 0 175 0 0 175 
9606.ENSP00000341658 9606.ENSP00000335612 0 0 0 0 157 0 48 163 
9606.ENSP00000341658 9606.ENSP00000379503 0 0 0 54 90 0 129 184 
9606.ENSP00000341658 9606.ENSP00000379287 0 0 0 50 157 0 59 180 
9606.ENSP00000341658 9606.ENSP00000376333 0 0 0 65 162 0 50 190 
9606.ENSP00000341658 9606.ENSP00000363727 0 0 0 0 262 0 0 262 
9606.ENSP00000341658 9606.ENSP00000383023 0 0 0 0 157 0 44 159 
9606.ENSP00000341658 9606.ENSP00000344724 0 0 0 61 0 0 135 153 
9606.ENSP00000341658 9606.ENSP00000279263 0 0 0 0 0 0 271 271 
9606.ENSP00000341658 9606.ENSP00000418112 0 0 0 63 97 0 123 194 
9606.ENSP00000341658 9606.ENSP00000345895 0 0 0 61 0 0 187 204 
9606.ENSP00000341658 9606.ENSP00000278568 0 0 0 55 147 0 50 167 
9606.ENSP00000341658 9606.ENSP00000339404 0 0 0 57 111 0 90 170 
9606.ENSP00000341658 9606.ENSP00000377867 0 0 0 55 185 0 56 209 
9606.ENSP00000341658 9606.ENSP00000385852 0 0 0 0 125 0 81 162 
9606.ENSP00000341658 9606.ENSP00000003100 0 0 0 0 0 0 162 162 
9606.ENSP00000341658 9606.ENSP00000420008 0 0 0 0 180 0 50 187 
9606.ENSP00000341658 9606.ENSP00000269878 0 0 0 0 157 0 59 172 
9606.ENSP00000341658 9606.ENSP00000330284 0 0 0 153 0 0 0 153 
9606.ENSP00000341658 9606.ENSP00000216127 0 0 0 74 129 0 49 165 
9606.ENSP00000341658 9606.ENSP00000344140 0 0 0 0 0 0 556 556 
9606.ENSP00000341658 9606.ENSP00000295087 0 0 0 61 129 0 49 154 
9606.ENSP00000341658 9606.ENSP00000397351 0 0 0 81 157 0 86 230 
9606.ENSP00000341658 9606.ENSP00000362751 0 0 0 61 134 0 0 152 
9606.ENSP00000341658 9606.ENSP00000353824 0 0 0 51 182 0 57 204 
9606.ENSP00000341658 9606.ENSP00000280377 0 0 0 62 0 0 134 152 
9606.ENSP00000341658 9606.ENSP00000356905 0 0 0 0 0 0 230 230 
9606.ENSP00000341658 9606.ENSP00000392147 0 0 0 62 105 0 202 271 
9606.ENSP00000341658 9606.ENSP00000258930 0 0 0 69 157 0 59 196 
9606.ENSP00000341658 9606.ENSP00000478683 0 0 0 61 134 0 0 152 
9606.ENSP00000341658 9606.ENSP00000239223 0 0 0 0 0 0 157 157 
9606.ENSP00000341658 9606.ENSP00000280098 0 0 0 61 126 0 65 165 
9606.ENSP00000341658 9606.ENSP00000305924 0 0 0 0 126 0 90 170 
9606.ENSP00000341658 9606.ENSP00000216200 0 0 0 0 157 0 48 163 
9606.ENSP00000341658 9606.ENSP00000324124 0 0 0 62 157 0 0 175 
9606.ENSP00000341658 9606.ENSP00000352121 0 0 0 52 157 0 50 174 
9606.ENSP00000341658 9606.ENSP00000307041 0 0 0 0 0 0 247 247 
9606.ENSP00000341658 9606.ENSP00000341565 0 0 0 0 0 0 428 428 
9606.ENSP00000341658 9606.ENSP00000216160 0 0 0 61 144 0 143 251 
9606.ENSP00000341658 9606.ENSP00000326042 0 0 0 55 153 0 49 172 
9606.ENSP00000341658 9606.ENSP00000358812 0 0 0 64 53 0 340 364 
9606.ENSP00000341658 9606.ENSP00000358813 0 0 0 78 125 0 0 158 
9606.ENSP00000341658 9606.ENSP00000422769 0 0 0 0 0 0 448 448 
9606.ENSP00000341658 9606.ENSP00000336783 0 0 0 61 0 0 355 369 
9606.ENSP00000341658 9606.ENSP00000261845 0 0 0 0 284 0 80 313 
9606.ENSP00000341658 9606.ENSP00000226004 0 0 0 0 0 0 168 168 
9606.ENSP00000341658 9606.ENSP00000338785 0 0 0 0 262 0 0 262 
9606.ENSP00000341658 9606.ENSP00000361471 0 0 0 0 0 0 220 220 
9606.ENSP00000341658 9606.ENSP00000339001 0 0 0 62 129 0 175 267 
9606.ENSP00000341658 9606.ENSP00000463559 0 0 0 0 157 0 44 159 
9606.ENSP00000341658 9606.ENSP00000367197 0 0 0 0 157 0 48 163 
9606.ENSP00000341658 9606.ENSP00000216802 0 0 0 61 0 0 208 224 
9606.ENSP00000341658 9606.ENSP00000334785 0 0 0 0 186 0 64 205 
9606.ENSP00000341658 9606.ENSP00000460380 0 0 0 63 134 0 0 153 
9606.ENSP00000341658 9606.ENSP00000420321 0 0 0 0 0 0 172 172 
9606.ENSP00000341658 9606.ENSP00000296509 0 0 0 0 179 0 69 202 
9606.ENSP00000341658 9606.ENSP00000318867 0 0 0 0 0 0 156 156 
9606.ENSP00000341658 9606.ENSP00000322775 0 0 0 63 0 0 348 363 
9606.ENSP00000341658 9606.ENSP00000222567 0 0 0 64 183 0 0 202 
9606.ENSP00000341658 9606.ENSP00000302961 0 0 0 0 192 0 80 225 
9606.ENSP00000341658 9606.ENSP00000361935 0 0 0 65 157 0 44 180 
9606.ENSP00000341658 9606.ENSP00000360129 0 0 0 0 157 0 48 163 
9606.ENSP00000341658 9606.ENSP00000248706 0 0 0 59 129 0 49 152 
9606.ENSP00000341658 9606.ENSP00000361232 0 0 0 114 92 0 0 161 
9606.ENSP00000341658 9606.ENSP00000318687 0 0 0 0 192 0 45 195 
9606.ENSP00000341658 9606.ENSP00000434034 0 0 0 55 0 0 149 162 
9606.ENSP00000341658 9606.ENSP00000262120 0 0 0 0 0 0 356 356 
9606.ENSP00000341658 9606.ENSP00000266970 0 0 0 61 164 0 62 199 
9606.ENSP00000341658 9606.ENSP00000220940 0 0 0 0 0 0 257 257 
9606.ENSP00000341658 9606.ENSP00000362442 0 0 0 0 262 0 0 262 
9606.ENSP00000341658 9606.ENSP00000270115 0 0 0 0 102 0 325 368 
9606.ENSP00000341658 9606.ENSP00000282020 0 0 0 61 55 0 120 151 
9606.ENSP00000341658 9606.ENSP00000219313 0 0 0 62 171 0 0 190 
9606.ENSP00000341658 9606.ENSP00000406472 0 0 0 61 164 0 62 199 
9606.ENSP00000341658 9606.ENSP00000387128 0 0 0 61 0 0 349 362 
9606.ENSP00000341658 9606.ENSP00000360200 0 0 0 0 157 0 50 164 
9606.ENSP00000341658 9606.ENSP00000367623 0 0 0 0 192 0 0 192 
9606.ENSP00000341658 9606.ENSP00000370194 0 0 0 0 0 0 249 249 
9606.ENSP00000341658 9606.ENSP00000337194 0 0 0 63 143 0 0 162 
9606.ENSP00000341658 9606.ENSP00000301286 0 0 0 0 0 0 233 233 
9606.ENSP00000341658 9606.ENSP00000309794 0 0 0 65 134 0 0 155 
9606.ENSP00000341658 9606.ENSP00000360076 0 0 0 0 146 0 50 154 
9606.ENSP00000341658 9606.ENSP00000362566 0 0 0 69 157 0 44 184 
9606.ENSP00000341658 9606.ENSP00000313967 0 0 0 0 0 0 195 195 
9606.ENSP00000341658 9606.ENSP00000363985 0 0 0 58 64 0 140 176 
9606.ENSP00000341658 9606.ENSP00000257904 0 0 0 61 164 0 62 199 
9606.ENSP00000341658 9606.ENSP00000320295 0 0 0 64 129 0 59 165 
9606.ENSP00000341658 9606.ENSP00000344967 0 0 0 0 0 0 196 196 
9606.ENSP00000341658 9606.ENSP00000383089 0 0 0 0 0 0 306 306 
9606.ENSP00000341658 9606.ENSP00000371715 0 0 0 0 0 0 495 495 
9606.ENSP00000341658 9606.ENSP00000245919 0 0 0 63 111 0 93 178 
9606.ENSP00000341658 9606.ENSP00000446955 0 0 0 0 157 0 44 159 
9606.ENSP00000341658 9606.ENSP00000294288 0 0 0 0 157 0 48 163 
9606.ENSP00000341658 9606.ENSP00000361930 0 0 0 50 157 0 59 180 
9606.ENSP00000341658 9606.ENSP00000420040 0 0 0 65 157 0 44 180 
9606.ENSP00000341658 9606.ENSP00000294507 0 0 0 0 0 0 258 258 
9606.ENSP00000341658 9606.ENSP00000367686 0 0 0 55 147 0 50 167 
9606.ENSP00000341658 9606.ENSP00000432083 0 0 0 0 192 0 0 192 
9606.ENSP00000341658 9606.ENSP00000334941 0 0 0 73 97 0 269 335 
9606.ENSP00000341658 9606.ENSP00000361785 0 0 0 0 0 0 199 199 
9606.ENSP00000341658 9606.ENSP00000349078 0 0 0 0 0 0 171 171 
9606.ENSP00000341658 9606.ENSP00000300093 0 0 0 63 186 0 64 223 
9606.ENSP00000341658 9606.ENSP00000432770 0 0 0 0 0 0 185 185 
9606.ENSP00000341658 9606.ENSP00000248437 0 0 0 55 153 0 49 172 
9606.ENSP00000341658 9606.ENSP00000354040 0 0 0 88 0 0 304 338 
9606.ENSP00000341658 9606.ENSP00000331748 0 0 0 0 158 0 56 171 
9606.ENSP00000341658 9606.ENSP00000303706 0 0 0 56 159 0 94 217 
9606.ENSP00000341658 9606.ENSP00000230361 0 0 0 0 157 0 262 351 
9606.ENSP00000341658 9606.ENSP00000272444 0 0 0 61 0 0 213 229 
9606.ENSP00000341658 9606.ENSP00000257627 0 0 0 0 157 0 48 163 
9606.ENSP00000341658 9606.ENSP00000410561 0 0 0 61 164 0 62 199 
9606.ENSP00000341658 9606.ENSP00000335500 0 0 0 0 0 0 546 546 
9606.ENSP00000341658 9606.ENSP00000306682 0 0 0 61 144 0 102 215 
9606.ENSP00000341658 9606.ENSP00000328818 0 0 0 0 0 0 167 167 
9606.ENSP00000341658 9606.ENSP00000264071 0 0 0 97 129 0 85 217 
9606.ENSP00000341658 9606.ENSP00000276052 0 0 0 61 164 0 62 199 
9606.ENSP00000341658 9606.ENSP00000418447 0 0 0 0 105 0 98 158 
9606.ENSP00000341658 9606.ENSP00000155926 0 0 0 51 182 0 57 204 
9606.ENSP00000341658 9606.ENSP00000303540 0 0 0 61 50 0 144 170 
9606.ENSP00000341658 9606.ENSP00000430774 0 0 0 62 141 0 100 211 
9606.ENSP00000341658 9606.ENSP00000351475 0 0 0 51 268 0 67 295 
9606.ENSP00000341658 9606.ENSP00000324856 0 0 0 51 182 0 57 204 
9606.ENSP00000341658 9606.ENSP00000260731 0 0 0 78 124 0 0 157 
9606.ENSP00000341658 9606.ENSP00000468837 0 0 0 62 186 0 64 222 
9606.ENSP00000341658 9606.ENSP00000361275 0 0 0 63 186 0 64 223 
9606.ENSP00000341658 9606.ENSP00000353210 0 0 0 61 129 0 49 154 
9606.ENSP00000341658 9606.ENSP00000283228 0 0 0 63 97 0 332 385 
9606.ENSP00000341658 9606.ENSP00000268638 0 25 0 0 0 0 212 212 
9606.ENSP00000341658 9606.ENSP00000278836 0 0 0 62 0 0 205 222 
9606.ENSP00000341658 9606.ENSP00000402935 0 0 0 63 134 0 0 153 
9606.ENSP00000341658 9606.ENSP00000282026 0 0 0 61 129 0 49 154 
9606.ENSP00000341658 9606.ENSP00000381247 0 0 0 0 157 0 48 163 
9606.ENSP00000341658 9606.ENSP00000379898 0 0 0 61 129 0 49 154 
9606.ENSP00000341658 9606.ENSP00000354558 0 0 0 0 157 0 50 164 
9606.ENSP00000341658 9606.ENSP00000360966 0 0 0 0 125 0 79 160 
9606.ENSP00000341658 9606.ENSP00000317310 0 0 0 0 157 0 48 163 
9606.ENSP00000341658 9606.ENSP00000347451 0 0 0 111 102 0 210 314 
9606.ENSP00000341658 9606.ENSP00000259750 0 0 0 107 84 0 49 154 
9606.ENSP00000341658 9606.ENSP00000361202 0 0 0 60 133 0 56 163 
9606.ENSP00000341658 9606.ENSP00000336799 0 0 0 55 153 0 49 172 
9606.ENSP00000341658 9606.ENSP00000241463 0 0 0 0 129 0 492 538 
9606.ENSP00000341658 9606.ENSP00000277120 0 0 0 76 131 0 44 165 
9606.ENSP00000341658 9606.ENSP00000248975 0 0 0 50 157 0 59 180 
9606.ENSP00000341658 9606.ENSP00000358596 0 0 0 0 0 0 154 154 
9606.ENSP00000341658 9606.ENSP00000383234 0 0 0 89 284 0 80 347 
9606.ENSP00000341658 9606.ENSP00000362688 0 0 0 61 133 0 0 151 
9606.ENSP00000341658 9606.ENSP00000352157 0 0 0 64 320 0 73 358 
9606.ENSP00000341658 9606.ENSP00000246792 0 0 0 0 129 0 65 150 
9606.ENSP00000341658 9606.ENSP00000378323 0 0 0 0 170 0 104 224 
9606.ENSP00000341658 9606.ENSP00000262811 0 0 0 63 185 0 0 203 
9606.ENSP00000341658 9606.ENSP00000251507 0 0 0 61 134 0 0 152 
9606.ENSP00000341658 9606.ENSP00000450540 0 0 0 69 0 0 169 194 
9606.ENSP00000341658 9606.ENSP00000381504 0 0 0 64 185 0 0 204 
9606.ENSP00000341658 9606.ENSP00000333685 0 0 0 88 284 0 80 346 
9606.ENSP00000341658 9606.ENSP00000366098 0 0 0 49 0 0 171 178 
9606.ENSP00000341658 9606.ENSP00000333946 0 0 0 61 157 0 42 175 
9606.ENSP00000341658 9606.ENSP00000361383 0 0 0 76 157 0 48 193 
9606.ENSP00000341658 9606.ENSP00000295951 0 0 0 60 138 0 67 177 
9606.ENSP00000341658 9606.ENSP00000261726 0 0 0 49 64 0 168 195 
9606.ENSP00000341658 9606.ENSP00000377001 0 0 0 61 126 0 65 165 
9606.ENSP00000341658 9606.ENSP00000364805 0 0 0 0 192 0 0 192 
9606.ENSP00000341658 9606.ENSP00000425093 0 0 0 0 0 0 288 288 
9606.ENSP00000341658 9606.ENSP00000231524 0 0 0 61 129 0 56 160 
9606.ENSP00000341658 9606.ENSP00000262629 0 0 0 0 0 0 183 183 
9606.ENSP00000341658 9606.ENSP00000341779 0 0 0 0 105 0 117 175 
9606.ENSP00000341658 9606.ENSP00000382982 0 0 0 55 153 0 49 172 
9606.ENSP00000341658 9606.ENSP00000319052 0 0 0 0 157 0 44 159 
9606.ENSP00000341658 9606.ENSP00000363384 0 0 0 82 0 0 138 174 
9606.ENSP00000341658 9606.ENSP00000279022 0 0 0 0 157 0 44 159 
9606.ENSP00000341658 9606.ENSP00000450385 0 0 0 0 157 0 44 159 
9606.ENSP00000341658 9606.ENSP00000303437 0 0 0 0 175 0 0 175 
9606.ENSP00000341658 9606.ENSP00000466477 0 0 0 51 182 0 57 204 
9606.ENSP00000341658 9606.ENSP00000456206 0 0 0 62 129 0 85 187 
9606.ENSP00000341658 9606.ENSP00000372023 0 0 0 0 170 0 43 171 
9606.ENSP00000341658 9606.ENSP00000316454 0 0 0 62 0 0 149 168 
9606.ENSP00000341658 9606.ENSP00000428259 0 0 0 0 157 0 44 159 
9606.ENSP00000341658 9606.ENSP00000443189 0 0 0 61 129 0 49 154 
9606.ENSP00000341658 9606.ENSP00000175756 0 0 0 46 97 0 324 367 
9606.ENSP00000341658 9606.ENSP00000358571 0 0 0 63 143 0 50 170 
9606.ENSP00000341658 9606.ENSP00000265562 0 0 0 46 185 0 121 257 
9606.ENSP00000341658 9606.ENSP00000462799 0 0 0 61 134 0 0 152 
9606.ENSP00000341658 9606.ENSP00000354483 0 0 0 0 0 0 176 176 
9606.ENSP00000341658 9606.ENSP00000347055 0 0 0 0 157 0 44 159 
9606.ENSP00000341658 9606.ENSP00000451828 0 0 0 56 131 0 68 169 
9606.ENSP00000341658 9606.ENSP00000378690 0 0 0 0 157 0 48 163 
9606.ENSP00000341658 9606.ENSP00000324302 0 0 0 65 162 0 50 190 
9606.ENSP00000341658 9606.ENSP00000301332 0 0 0 76 124 0 0 155 
9606.ENSP00000341658 9606.ENSP00000371846 0 0 0 0 137 0 76 169 
9606.ENSP00000341658 9606.ENSP00000345436 0 0 0 139 80 0 0 174 
9606.ENSP00000341658 9606.ENSP00000324804 0 0 0 0 126 0 90 170 
9606.ENSP00000341658 9606.ENSP00000353030 0 0 0 46 97 0 141 195 
9606.ENSP00000341658 9606.ENSP00000234310 0 0 0 0 186 0 64 205 
9606.ENSP00000341658 9606.ENSP00000377047 0 0 0 64 97 0 116 188 
9606.ENSP00000341658 9606.ENSP00000340989 0 0 0 50 157 0 59 180 
9606.ENSP00000341658 9606.ENSP00000217652 0 0 0 0 157 0 44 159 
9606.ENSP00000341658 9606.ENSP00000363317 0 0 0 46 167 0 55 183 
9606.ENSP00000341658 9606.ENSP00000410111 0 0 0 61 134 0 0 152 
9606.ENSP00000341658 9606.ENSP00000306124 0 0 0 61 124 0 57 156 
9606.ENSP00000341658 9606.ENSP00000348215 0 0 0 49 157 0 50 171 
9606.ENSP00000341658 9606.ENSP00000265734 0 0 0 61 164 0 62 199 
9606.ENSP00000341658 9606.ENSP00000254654 0 0 0 61 144 0 102 215 
9606.ENSP00000341658 9606.ENSP00000297185 0 0 0 62 192 0 56 222 
9606.ENSP00000341658 9606.ENSP00000371221 0 0 0 58 64 0 166 200 
9606.ENSP00000341658 9606.ENSP00000479606 0 0 0 62 267 0 50 289 
9606.ENSP00000341658 9606.ENSP00000375892 0 0 0 56 131 0 50 152 
9606.ENSP00000341658 9606.ENSP00000253457 0 0 0 0 0 0 367 367 
9606.ENSP00000341658 9606.ENSP00000369689 0 0 0 0 157 0 48 163 
9606.ENSP00000341658 9606.ENSP00000438507 0 0 0 61 129 0 49 154 
9606.ENSP00000341658 9606.ENSP00000340608 0 0 0 60 79 0 244 289 
9606.ENSP00000341658 9606.ENSP00000362103 0 0 0 87 0 0 143 184 
9606.ENSP00000341658 9606.ENSP00000274289 0 0 0 63 186 0 64 223 
9606.ENSP00000341658 9606.ENSP00000370593 0 0 0 69 97 0 258 322 
9606.ENSP00000341658 9606.ENSP00000369756 0 0 0 46 97 0 222 271 
9606.ENSP00000341658 9606.ENSP00000362634 0 0 0 51 182 0 57 204 
9606.ENSP00000341658 9606.ENSP00000366563 0 0 0 52 157 0 50 174 
9606.ENSP00000341658 9606.ENSP00000343741 0 0 0 55 157 0 50 177 
9606.ENSP00000341658 9606.ENSP00000425394 0 0 0 0 0 0 371 371 
9606.ENSP00000341658 9606.ENSP00000220764 0 0 0 0 0 0 173 173 
9606.ENSP00000341658 9606.ENSP00000477341 0 0 0 61 144 0 102 215 
9606.ENSP00000341658 9606.ENSP00000380837 0 0 0 0 0 0 205 205 
9606.ENSP00000341658 9606.ENSP00000313420 0 0 0 0 157 0 50 164 
9606.ENSP00000341658 9606.ENSP00000365162 0 0 0 61 51 0 308 329 
9606.ENSP00000341658 9606.ENSP00000362608 0 0 0 51 182 0 57 204 
9606.ENSP00000341658 9606.ENSP00000263025 0 0 0 0 284 0 107 333 
9606.ENSP00000341658 9606.ENSP00000407552 0 0 0 57 194 0 56 219 
9606.ENSP00000341658 9606.ENSP00000326371 0 0 0 0 93 0 292 330 
9606.ENSP00000341658 9606.ENSP00000305556 0 0 0 0 180 0 50 187 
9606.ENSP00000341658 9606.ENSP00000342778 0 0 0 0 90 0 164 206 
9606.ENSP00000341658 9606.ENSP00000457788 0 0 0 61 157 0 0 174 
9606.ENSP00000341658 9606.ENSP00000390762 0 0 0 0 121 0 89 164 
9606.ENSP00000341658 9606.ENSP00000370256 0 0 0 0 93 0 261 301 
9606.ENSP00000341658 9606.ENSP00000354671 0 0 0 63 185 0 0 203 
9606.ENSP00000341658 9606.ENSP00000432768 0 0 0 0 183 0 59 198 
9606.ENSP00000341658 9606.ENSP00000378769 0 0 0 0 105 0 117 175 
9606.ENSP00000341658 9606.ENSP00000301071 0 0 0 55 153 0 49 172 
9606.ENSP00000341658 9606.ENSP00000367096 0 0 0 62 0 0 267 283 
9606.ENSP00000341658 9606.ENSP00000383168 0 0 0 0 180 0 50 187 
9606.ENSP00000341658 9606.ENSP00000234038 0 0 0 0 102 0 94 151 
9606.ENSP00000341658 9606.ENSP00000364801 0 0 0 0 192 0 0 192 
9606.ENSP00000341658 9606.ENSP00000346725 0 0 0 97 91 0 63 163 
9606.ENSP00000341658 9606.ENSP00000293255 0 0 0 0 157 0 48 163 
9606.ENSP00000341658 9606.ENSP00000304643 0 0 0 0 157 0 48 163 
9606.ENSP00000341658 9606.ENSP00000378505 0 0 0 62 262 0 50 284 
9606.ENSP00000341658 9606.ENSP00000314067 0 0 0 55 147 0 50 167 
9606.ENSP00000341658 9606.ENSP00000382544 0 0 0 51 182 0 57 204 
9606.ENSP00000341658 9606.ENSP00000276297 0 0 0 0 262 0 0 262 
9606.ENSP00000341658 9606.ENSP00000172229 0 0 0 88 0 0 122 165 
9606.ENSP00000341658 9606.ENSP00000321656 0 0 0 56 159 0 94 217 
9606.ENSP00000341658 9606.ENSP00000365005 0 0 0 0 169 0 84 206 
9606.ENSP00000341658 9606.ENSP00000484556 0 0 0 61 134 0 0 152 
9606.ENSP00000341658 9606.ENSP00000480150 0 0 0 0 192 0 0 192 
9606.ENSP00000341658 9606.ENSP00000361465 0 0 0 90 129 0 0 173 
9606.ENSP00000341658 9606.ENSP00000256261 0 0 0 96 0 0 99 151 
9606.ENSP00000341658 9606.ENSP00000295057 0 0 0 98 102 0 0 155 
9606.ENSP00000341658 9606.ENSP00000304283 0 0 0 78 129 0 49 169 
9606.ENSP00000341658 9606.ENSP00000259806 0 0 0 0 93 0 331 367 
9606.ENSP00000341658 9606.ENSP00000385727 0 0 0 63 185 0 0 203 
9606.ENSP00000341658 9606.ENSP00000419004 0 0 0 143 84 0 111 241 
9606.ENSP00000341658 9606.ENSP00000451560 0 0 0 64 129 0 59 165 
9606.ENSP00000341658 9606.ENSP00000357836 0 0 0 0 0 0 238 238 
9606.ENSP00000341658 9606.ENSP00000481508 0 0 0 61 134 0 0 152 
9606.ENSP00000341658 9606.ENSP00000473383 0 0 0 109 128 0 0 190 
9606.ENSP00000341658 9606.ENSP00000272542 0 0 0 0 0 0 203 203 
9606.ENSP00000341658 9606.ENSP00000298032 0 0 0 0 0 0 531 531 
9606.ENSP00000341658 9606.ENSP00000481258 0 0 0 61 134 0 0 152 
9606.ENSP00000341658 9606.ENSP00000349467 0 0 0 0 157 0 48 163 
9606.ENSP00000341658 9606.ENSP00000346671 0 0 0 0 188 0 48 194 
9606.ENSP00000341658 9606.ENSP00000364919 0 0 0 63 129 0 49 156 
9606.ENSP00000341658 9606.ENSP00000263056 0 0 0 55 185 0 56 209 
9606.ENSP00000341658 9606.ENSP00000256496 0 0 0 61 129 0 68 171 
9606.ENSP00000341658 9606.ENSP00000457513 0 0 0 61 0 0 350 363 
9606.ENSP00000341658 9606.ENSP00000437041 0 0 0 0 50 0 227 234 
9606.ENSP00000341658 9606.ENSP00000356489 0 0 0 0 0 0 193 193 
9606.ENSP00000341658 9606.ENSP00000359685 0 0 0 63 0 0 196 214 
9606.ENSP00000341658 9606.ENSP00000323516 0 0 0 317 0 0 0 317 
9606.ENSP00000341658 9606.ENSP00000386414 0 0 0 63 173 0 66 213 
9606.ENSP00000341658 9606.ENSP00000355517 0 0 0 62 195 0 42 213 
9606.ENSP00000341658 9606.ENSP00000297338 0 0 0 63 173 0 66 213 
9606.ENSP00000341658 9606.ENSP00000340609 0 0 0 0 0 0 178 178 
9606.ENSP00000341658 9606.ENSP00000291295 0 0 0 0 157 0 48 163 
9606.ENSP00000341658 9606.ENSP00000387261 0 0 0 0 146 0 50 154 
9606.ENSP00000341658 9606.ENSP00000253055 0 0 0 60 131 0 84 186 
9606.ENSP00000341658 9606.ENSP00000385808 0 0 0 61 124 0 57 156 
9606.ENSP00000341658 9606.ENSP00000362578 0 0 0 60 138 0 67 177 
9606.ENSP00000341658 9606.ENSP00000365107 0 0 0 63 185 0 0 203 
9606.ENSP00000341658 9606.ENSP00000360290 0 0 0 51 182 0 57 204 
9606.ENSP00000341658 9606.ENSP00000270861 0 0 0 63 186 0 64 223 
9606.ENSP00000341658 9606.ENSP00000259400 0 0 0 0 175 0 0 175 
9606.ENSP00000341658 9606.ENSP00000355082 0 0 0 0 0 0 341 341 
9606.ENSP00000341658 9606.ENSP00000428056 0 0 0 0 143 0 67 166 
9606.ENSP00000341658 9606.ENSP00000445381 0 0 0 49 157 0 50 171 
9606.ENSP00000341658 9606.ENSP00000371577 0 0 0 58 64 0 118 155 
9606.ENSP00000341658 9606.ENSP00000242104 0 0 0 0 157 0 48 163 
9606.ENSP00000341658 9606.ENSP00000311005 0 0 0 0 284 0 85 317 
9606.ENSP00000341658 9606.ENSP00000424595 0 0 0 64 185 0 0 204 
9606.ENSP00000341658 9606.ENSP00000296003 0 0 0 63 0 0 151 170 
9606.ENSP00000341658 9606.ENSP00000304226 0 0 0 63 143 0 50 170 
9606.ENSP00000341658 9606.ENSP00000288828 0 0 0 0 186 0 0 186 
