9606.ENSP00000300061 9606.ENSP00000310928 0 0 0 0 50 0 254 261 
9606.ENSP00000300061 9606.ENSP00000255226 0 0 0 0 0 0 403 403 
9606.ENSP00000300061 9606.ENSP00000300060 0 0 0 62 0 0 222 239 
9606.ENSP00000300061 9606.ENSP00000401445 0 0 0 0 53 0 203 212 
9606.ENSP00000300061 9606.ENSP00000218548 0 0 0 61 0 0 156 173 
9606.ENSP00000300061 9606.ENSP00000346667 0 0 0 0 0 900 410 938 
9606.ENSP00000300061 9606.ENSP00000297991 0 0 0 62 0 0 461 473 
9606.ENSP00000300061 9606.ENSP00000386845 0 0 0 0 0 0 240 240 
9606.ENSP00000300061 9606.ENSP00000348886 0 0 0 0 64 0 534 545 
9606.ENSP00000300061 9606.ENSP00000216039 0 0 0 0 0 0 201 201 
9606.ENSP00000300061 9606.ENSP00000435954 0 0 0 0 0 0 234 234 
9606.ENSP00000300061 9606.ENSP00000345659 0 0 0 56 0 0 320 331 
9606.ENSP00000300061 9606.ENSP00000385905 0 0 0 0 0 0 212 212 
9606.ENSP00000300061 9606.ENSP00000350815 0 0 0 0 50 0 729 732 
9606.ENSP00000300061 9606.ENSP00000325296 0 0 0 0 0 0 640 640 
9606.ENSP00000300061 9606.ENSP00000245206 0 0 0 0 0 0 347 347 
9606.ENSP00000300061 9606.ENSP00000419378 0 0 0 0 0 0 150 150 
9606.ENSP00000300061 9606.ENSP00000222982 0 0 0 0 0 0 153 153 
9606.ENSP00000300061 9606.ENSP00000305675 0 0 0 0 0 0 196 196 
9606.ENSP00000300061 9606.ENSP00000356729 0 0 0 0 0 0 169 169 
9606.ENSP00000300061 9606.ENSP00000356832 0 0 0 0 0 900 734 972 
9606.ENSP00000300061 9606.ENSP00000361850 0 0 0 0 0 0 159 159 
9606.ENSP00000300061 9606.ENSP00000383063 0 0 0 0 0 0 230 230 
9606.ENSP00000300061 9606.ENSP00000326981 0 0 0 0 265 0 0 265 
9606.ENSP00000300061 9606.ENSP00000352458 0 0 0 53 0 0 248 257 
9606.ENSP00000300061 9606.ENSP00000263713 0 0 0 0 0 0 447 447 
9606.ENSP00000300061 9606.ENSP00000230732 0 0 0 61 0 0 206 222 
9606.ENSP00000300061 9606.ENSP00000318770 0 0 0 0 0 0 199 199 
9606.ENSP00000300061 9606.ENSP00000325822 0 0 0 0 0 0 446 446 
9606.ENSP00000300061 9606.ENSP00000320246 0 0 0 0 0 0 311 311 
9606.ENSP00000300061 9606.ENSP00000256495 0 0 0 0 0 0 230 230 
9606.ENSP00000300061 9606.ENSP00000386796 0 0 0 0 0 360 128 418 
9606.ENSP00000300061 9606.ENSP00000231509 0 0 0 0 50 0 258 265 
9606.ENSP00000300061 9606.ENSP00000398481 0 0 0 55 0 0 173 185 
9606.ENSP00000300061 9606.ENSP00000360025 0 0 0 0 0 0 229 229 
9606.ENSP00000300061 9606.ENSP00000334051 0 0 0 0 0 0 150 150 
9606.ENSP00000300061 9606.ENSP00000265593 0 0 0 0 0 0 405 405 
9606.ENSP00000300061 9606.ENSP00000349446 0 0 0 0 0 0 442 442 
9606.ENSP00000300061 9606.ENSP00000221930 0 0 0 50 0 0 237 244 
9606.ENSP00000300061 9606.ENSP00000262613 0 0 0 61 59 0 269 297 
9606.ENSP00000300061 9606.ENSP00000438248 0 0 0 0 0 0 269 269 
9606.ENSP00000300061 9606.ENSP00000397026 0 0 0 0 0 360 76 383 
9606.ENSP00000300061 9606.ENSP00000262461 0 0 0 63 0 0 454 467 
9606.ENSP00000300061 9606.ENSP00000447378 0 0 0 0 0 0 199 199 
9606.ENSP00000300061 9606.ENSP00000173229 0 0 0 55 50 0 175 194 
9606.ENSP00000300061 9606.ENSP00000357068 0 0 0 0 0 0 209 209 
9606.ENSP00000300061 9606.ENSP00000263413 0 0 0 49 0 0 148 155 
9606.ENSP00000300061 9606.ENSP00000250535 0 0 0 0 0 0 256 256 
9606.ENSP00000300061 9606.ENSP00000444198 0 0 0 0 0 0 221 221 
9606.ENSP00000300061 9606.ENSP00000320239 0 0 0 53 0 0 158 168 
9606.ENSP00000300061 9606.ENSP00000356102 0 0 0 0 0 0 248 248 
9606.ENSP00000300061 9606.ENSP00000309124 0 0 0 0 0 0 288 288 
9606.ENSP00000300061 9606.ENSP00000236671 0 0 0 50 379 0 94 418 
9606.ENSP00000300061 9606.ENSP00000422607 0 0 0 0 0 0 150 150 
9606.ENSP00000300061 9606.ENSP00000427793 0 0 0 0 266 900 85 926 
9606.ENSP00000300061 9606.ENSP00000348959 0 0 0 0 0 0 289 289 
9606.ENSP00000300061 9606.ENSP00000307786 0 0 0 0 0 0 212 212 
9606.ENSP00000300061 9606.ENSP00000420714 0 0 0 0 265 0 0 265 
9606.ENSP00000300061 9606.ENSP00000345195 0 0 0 0 186 0 0 186 
9606.ENSP00000300061 9606.ENSP00000368887 0 0 0 0 0 0 301 301 
9606.ENSP00000300061 9606.ENSP00000226730 0 0 0 0 0 0 154 154 
9606.ENSP00000300061 9606.ENSP00000305355 0 0 0 0 0 0 386 386 
9606.ENSP00000300061 9606.ENSP00000359729 0 0 0 0 0 0 269 269 
9606.ENSP00000300061 9606.ENSP00000357905 0 0 0 0 0 0 167 167 
9606.ENSP00000300061 9606.ENSP00000363868 0 0 0 0 0 0 241 241 
9606.ENSP00000300061 9606.ENSP00000426909 0 0 0 0 309 0 0 309 
9606.ENSP00000300061 9606.ENSP00000263339 0 0 0 0 0 0 222 222 
9606.ENSP00000300061 9606.ENSP00000330049 0 0 0 0 0 0 171 171 
9606.ENSP00000300061 9606.ENSP00000298556 0 0 0 0 0 0 188 188 
9606.ENSP00000300061 9606.ENSP00000377303 0 0 0 0 0 0 181 181 
9606.ENSP00000300061 9606.ENSP00000377140 0 0 0 53 0 0 148 159 
9606.ENSP00000300061 9606.ENSP00000379438 0 0 0 62 0 0 216 233 
9606.ENSP00000300061 9606.ENSP00000350686 0 0 0 0 0 0 167 167 
9606.ENSP00000300061 9606.ENSP00000342222 0 0 0 0 0 0 177 177 
9606.ENSP00000300061 9606.ENSP00000003084 0 0 0 60 0 0 792 796 
9606.ENSP00000300061 9606.ENSP00000386655 0 0 0 0 293 0 0 293 
9606.ENSP00000300061 9606.ENSP00000263334 0 0 0 0 0 0 210 210 
9606.ENSP00000300061 9606.ENSP00000355627 0 0 0 0 0 0 612 612 
9606.ENSP00000300061 9606.ENSP00000350708 0 0 0 0 186 0 0 186 
9606.ENSP00000300061 9606.ENSP00000301732 0 0 0 0 0 0 158 158 
9606.ENSP00000300061 9606.ENSP00000297767 0 0 0 0 0 0 438 438 
9606.ENSP00000300061 9606.ENSP00000321424 0 0 0 62 0 0 368 381 
9606.ENSP00000300061 9606.ENSP00000255030 0 0 0 0 0 0 230 230 
9606.ENSP00000300061 9606.ENSP00000261374 0 0 0 0 0 0 273 273 
9606.ENSP00000300061 9606.ENSP00000398698 0 0 0 0 0 0 326 326 
9606.ENSP00000300061 9606.ENSP00000162749 0 0 0 0 0 0 220 220 
9606.ENSP00000300061 9606.ENSP00000467024 0 0 0 0 186 0 0 186 
9606.ENSP00000300061 9606.ENSP00000300087 0 0 0 0 0 0 422 422 
9606.ENSP00000300061 9606.ENSP00000298316 0 0 0 0 0 0 236 236 
9606.ENSP00000300061 9606.ENSP00000219789 0 0 0 0 0 0 389 389 
9606.ENSP00000300061 9606.ENSP00000378401 0 0 0 0 0 0 231 231 
9606.ENSP00000300061 9606.ENSP00000352413 0 0 0 49 0 0 231 237 
9606.ENSP00000300061 9606.ENSP00000369647 0 0 0 63 0 0 410 424 
9606.ENSP00000300061 9606.ENSP00000251968 0 0 0 0 266 0 0 266 
9606.ENSP00000300061 9606.ENSP00000295897 0 0 0 0 0 0 339 339 
9606.ENSP00000300061 9606.ENSP00000357292 0 0 0 0 186 0 0 186 
9606.ENSP00000300061 9606.ENSP00000345359 0 0 0 51 0 0 165 173 
9606.ENSP00000300061 9606.ENSP00000356382 0 0 0 59 0 0 222 236 
9606.ENSP00000300061 9606.ENSP00000265310 0 0 0 62 0 0 313 328 
9606.ENSP00000300061 9606.ENSP00000269202 0 0 0 62 0 0 266 282 
9606.ENSP00000300061 9606.ENSP00000428417 0 0 0 0 0 0 158 158 
9606.ENSP00000300061 9606.ENSP00000355877 0 0 0 0 0 0 299 299 
9606.ENSP00000300061 9606.ENSP00000346298 0 0 0 0 0 0 201 201 
9606.ENSP00000300061 9606.ENSP00000337040 0 0 0 0 0 0 330 330 
9606.ENSP00000300061 9606.ENSP00000262291 0 0 0 0 0 0 150 150 
9606.ENSP00000300061 9606.ENSP00000420849 0 0 0 0 0 0 236 236 
9606.ENSP00000300061 9606.ENSP00000261584 0 0 0 0 0 0 210 210 
9606.ENSP00000300061 9606.ENSP00000409378 0 0 0 0 0 0 223 223 
9606.ENSP00000300061 9606.ENSP00000411593 0 0 0 0 0 0 220 220 
9606.ENSP00000300061 9606.ENSP00000304767 0 0 0 0 0 0 363 363 
9606.ENSP00000300061 9606.ENSP00000441765 0 0 0 0 0 0 204 204 
9606.ENSP00000300061 9606.ENSP00000222812 0 0 0 0 379 0 167 460 
9606.ENSP00000300061 9606.ENSP00000387699 0 0 0 0 0 0 185 185 
9606.ENSP00000300061 9606.ENSP00000305372 0 0 0 0 0 0 171 171 
9606.ENSP00000300061 9606.ENSP00000358674 0 0 0 0 186 0 0 186 
9606.ENSP00000300061 9606.ENSP00000285379 0 0 0 56 0 0 195 207 
9606.ENSP00000300061 9606.ENSP00000371927 0 0 0 0 0 0 173 173 
9606.ENSP00000300061 9606.ENSP00000373215 0 0 0 55 0 0 360 369 
9606.ENSP00000300061 9606.ENSP00000262623 0 0 0 61 0 0 216 232 
9606.ENSP00000300061 9606.ENSP00000345096 0 0 0 0 0 0 215 215 
9606.ENSP00000300061 9606.ENSP00000262848 0 0 0 0 0 0 283 283 
9606.ENSP00000300061 9606.ENSP00000264758 0 0 0 0 0 0 313 313 
9606.ENSP00000300061 9606.ENSP00000478962 0 0 0 0 0 0 173 173 
9606.ENSP00000300061 9606.ENSP00000233969 0 0 0 0 0 0 266 266 
9606.ENSP00000300061 9606.ENSP00000354689 0 0 0 0 0 0 232 232 
9606.ENSP00000300061 9606.ENSP00000155858 0 0 0 0 0 0 503 503 
9606.ENSP00000300061 9606.ENSP00000284674 0 0 0 0 0 0 366 366 
9606.ENSP00000300061 9606.ENSP00000379842 0 0 0 0 0 0 315 315 
9606.ENSP00000300061 9606.ENSP00000347933 0 0 0 53 0 0 248 257 
9606.ENSP00000300061 9606.ENSP00000341292 0 0 0 0 0 900 599 958 
9606.ENSP00000300061 9606.ENSP00000361076 0 0 0 0 199 0 56 211 
9606.ENSP00000300061 9606.ENSP00000386280 0 0 0 0 0 0 216 216 
9606.ENSP00000300061 9606.ENSP00000308938 0 0 0 53 0 0 248 257 
9606.ENSP00000300061 9606.ENSP00000326627 0 0 0 61 0 0 280 295 
9606.ENSP00000300061 9606.ENSP00000282466 0 0 0 0 0 0 246 246 
9606.ENSP00000300061 9606.ENSP00000231721 0 0 0 0 0 0 169 169 
9606.ENSP00000300061 9606.ENSP00000361021 0 0 0 0 0 0 321 321 
9606.ENSP00000300061 9606.ENSP00000320935 0 0 0 0 0 0 187 187 
9606.ENSP00000300061 9606.ENSP00000302967 0 0 0 0 0 0 254 254 
9606.ENSP00000300061 9606.ENSP00000480499 0 0 0 0 145 0 85 184 
9606.ENSP00000300061 9606.ENSP00000353496 0 0 0 52 0 0 272 280 
9606.ENSP00000300061 9606.ENSP00000321584 0 0 0 0 0 0 225 225 
9606.ENSP00000300061 9606.ENSP00000348982 0 0 0 0 0 0 165 165 
9606.ENSP00000300061 9606.ENSP00000339883 0 0 0 0 0 0 398 398 
9606.ENSP00000300061 9606.ENSP00000367407 0 0 0 0 0 0 150 150 
9606.ENSP00000300061 9606.ENSP00000271450 0 0 0 0 0 0 189 189 
9606.ENSP00000300061 9606.ENSP00000198767 0 0 0 0 0 0 256 256 
9606.ENSP00000300061 9606.ENSP00000412388 0 0 0 49 0 0 213 219 
9606.ENSP00000300061 9606.ENSP00000263341 0 0 0 0 0 0 194 194 
9606.ENSP00000300061 9606.ENSP00000361855 0 0 0 0 0 0 173 173 
9606.ENSP00000300061 9606.ENSP00000363817 0 0 0 0 50 0 282 288 
9606.ENSP00000300061 9606.ENSP00000363500 0 0 0 0 0 0 209 209 
9606.ENSP00000300061 9606.ENSP00000317872 0 0 0 0 0 0 290 290 
9606.ENSP00000300061 9606.ENSP00000311962 0 0 0 0 0 0 216 216 
9606.ENSP00000300061 9606.ENSP00000308720 0 0 0 0 0 0 155 155 
9606.ENSP00000300061 9606.ENSP00000376432 0 0 0 62 0 0 456 468 
9606.ENSP00000300061 9606.ENSP00000362751 0 0 0 0 0 0 230 230 
9606.ENSP00000300061 9606.ENSP00000356545 0 0 0 0 0 0 199 199 
9606.ENSP00000300061 9606.ENSP00000368699 0 0 0 0 186 0 0 186 
9606.ENSP00000300061 9606.ENSP00000354499 0 0 0 0 0 0 242 242 
9606.ENSP00000300061 9606.ENSP00000333181 0 0 0 0 0 0 194 194 
9606.ENSP00000300061 9606.ENSP00000351805 0 0 0 0 0 0 568 568 
9606.ENSP00000300061 9606.ENSP00000454071 0 0 0 0 0 0 222 222 
9606.ENSP00000300061 9606.ENSP00000264661 0 0 0 0 63 0 173 191 
9606.ENSP00000300061 9606.ENSP00000309338 0 0 0 0 0 0 186 186 
9606.ENSP00000300061 9606.ENSP00000426296 0 0 0 0 0 0 312 312 
9606.ENSP00000300061 9606.ENSP00000369695 0 0 0 0 0 0 261 261 
9606.ENSP00000300061 9606.ENSP00000297512 0 0 0 0 0 0 194 194 
9606.ENSP00000300061 9606.ENSP00000307041 0 0 0 0 0 0 226 226 
9606.ENSP00000300061 9606.ENSP00000260187 0 0 0 0 379 0 266 525 
9606.ENSP00000300061 9606.ENSP00000261731 0 0 0 0 0 0 207 207 
9606.ENSP00000300061 9606.ENSP00000262209 0 0 0 0 0 0 525 525 
9606.ENSP00000300061 9606.ENSP00000339484 0 0 0 0 186 0 0 186 
9606.ENSP00000300061 9606.ENSP00000347997 0 0 0 0 186 0 0 186 
9606.ENSP00000300061 9606.ENSP00000444948 0 0 0 0 0 0 201 201 
9606.ENSP00000300061 9606.ENSP00000317376 0 0 0 0 265 0 0 265 
9606.ENSP00000300061 9606.ENSP00000380432 0 0 0 0 0 0 221 221 
9606.ENSP00000300061 9606.ENSP00000223095 0 0 0 0 0 0 189 189 
9606.ENSP00000300061 9606.ENSP00000260102 0 0 0 0 265 0 0 265 
9606.ENSP00000300061 9606.ENSP00000264775 0 0 0 0 0 0 190 190 
9606.ENSP00000300061 9606.ENSP00000370719 0 0 0 0 0 0 284 284 
9606.ENSP00000300061 9606.ENSP00000304697 0 0 0 0 267 900 42 923 
9606.ENSP00000300061 9606.ENSP00000379678 0 0 0 0 0 0 301 301 
9606.ENSP00000300061 9606.ENSP00000465295 0 0 0 61 0 0 180 197 
9606.ENSP00000300061 9606.ENSP00000235382 0 0 0 0 0 0 165 165 
9606.ENSP00000300061 9606.ENSP00000252826 0 0 0 0 0 720 308 797 
9606.ENSP00000300061 9606.ENSP00000300900 0 0 0 61 0 0 212 228 
9606.ENSP00000300061 9606.ENSP00000332973 0 0 0 0 0 0 222 222 
9606.ENSP00000300061 9606.ENSP00000305442 0 0 0 0 0 0 291 291 
9606.ENSP00000300061 9606.ENSP00000354280 0 0 0 0 0 0 155 155 
9606.ENSP00000300061 9606.ENSP00000297679 0 0 0 0 0 0 150 150 
9606.ENSP00000300061 9606.ENSP00000381129 0 0 0 61 106 0 375 429 
9606.ENSP00000300061 9606.ENSP00000286713 0 0 0 0 64 0 448 461 
9606.ENSP00000300061 9606.ENSP00000262160 0 0 0 0 0 0 222 222 
9606.ENSP00000300061 9606.ENSP00000230588 0 0 0 61 0 0 262 277 
9606.ENSP00000300061 9606.ENSP00000323867 0 0 0 0 0 0 259 259 
9606.ENSP00000300061 9606.ENSP00000346012 0 0 0 0 293 0 47 297 
9606.ENSP00000300061 9606.ENSP00000381768 0 0 0 0 0 0 202 202 
9606.ENSP00000300061 9606.ENSP00000389326 0 0 0 64 0 0 135 155 
9606.ENSP00000300061 9606.ENSP00000384092 0 0 0 0 0 0 217 217 
9606.ENSP00000300061 9606.ENSP00000323606 0 0 0 0 0 0 187 187 
9606.ENSP00000300061 9606.ENSP00000256797 0 0 0 0 53 0 389 396 
9606.ENSP00000300061 9606.ENSP00000404854 0 0 0 61 0 0 158 175 
9606.ENSP00000300061 9606.ENSP00000256104 0 0 0 0 0 0 282 282 
9606.ENSP00000300061 9606.ENSP00000328813 0 0 0 0 63 0 265 282 
9606.ENSP00000300061 9606.ENSP00000005995 0 0 0 0 0 0 246 246 
9606.ENSP00000300061 9606.ENSP00000229135 0 0 0 0 0 0 189 189 
9606.ENSP00000300061 9606.ENSP00000406209 0 0 0 0 313 0 0 313 
9606.ENSP00000300061 9606.ENSP00000369531 0 0 0 0 186 0 0 186 
9606.ENSP00000300061 9606.ENSP00000321334 0 0 0 53 0 0 248 257 
9606.ENSP00000300061 9606.ENSP00000268712 0 0 0 0 0 0 222 222 
9606.ENSP00000300061 9606.ENSP00000262367 0 0 0 0 0 0 220 220 
9606.ENSP00000300061 9606.ENSP00000376523 0 0 0 62 0 720 42 726 
9606.ENSP00000300061 9606.ENSP00000263026 0 0 0 0 0 0 267 267 
9606.ENSP00000300061 9606.ENSP00000379339 0 0 0 0 343 0 0 343 
9606.ENSP00000300061 9606.ENSP00000354525 0 0 0 0 262 0 0 262 
9606.ENSP00000300061 9606.ENSP00000345873 0 0 0 0 0 0 186 186 
9606.ENSP00000300061 9606.ENSP00000250003 0 0 0 0 0 0 222 222 
9606.ENSP00000300061 9606.ENSP00000428223 0 0 0 0 309 0 0 309 
9606.ENSP00000300061 9606.ENSP00000332773 0 0 0 0 0 0 347 347 
9606.ENSP00000300061 9606.ENSP00000354621 0 0 0 0 129 0 85 168 
9606.ENSP00000300061 9606.ENSP00000346015 0 0 0 0 343 0 0 343 
9606.ENSP00000300061 9606.ENSP00000265171 0 0 0 0 0 0 339 339 
9606.ENSP00000300061 9606.ENSP00000300557 0 0 0 60 0 0 349 362 
9606.ENSP00000300061 9606.ENSP00000480798 0 0 0 0 0 0 219 219 
9606.ENSP00000300061 9606.ENSP00000435370 0 0 0 0 186 0 0 186 
9606.ENSP00000300061 9606.ENSP00000231449 0 0 0 0 0 0 185 185 
9606.ENSP00000300061 9606.ENSP00000229264 0 0 0 0 0 0 321 321 
9606.ENSP00000300061 9606.ENSP00000433295 0 0 0 0 0 0 179 179 
9606.ENSP00000300061 9606.ENSP00000379721 0 0 0 0 379 0 85 407 
9606.ENSP00000300061 9606.ENSP00000282903 0 0 0 0 0 0 150 150 
9606.ENSP00000300061 9606.ENSP00000348453 0 0 0 0 0 0 283 283 
9606.ENSP00000300061 9606.ENSP00000367398 0 0 0 0 0 0 203 203 
9606.ENSP00000300061 9606.ENSP00000257863 0 0 0 0 53 0 173 183 
9606.ENSP00000300061 9606.ENSP00000318585 0 0 0 0 0 0 186 186 
9606.ENSP00000300061 9606.ENSP00000320866 0 0 0 0 0 0 363 363 
9606.ENSP00000300061 9606.ENSP00000274606 0 0 0 0 199 0 0 199 
9606.ENSP00000300061 9606.ENSP00000306512 0 0 0 0 0 0 216 216 
9606.ENSP00000300061 9606.ENSP00000360958 0 0 0 0 0 0 158 158 
9606.ENSP00000300061 9606.ENSP00000327513 0 0 0 0 0 0 481 481 
9606.ENSP00000300061 9606.ENSP00000316152 0 0 0 63 0 0 220 238 
9606.ENSP00000300061 9606.ENSP00000345344 0 0 0 0 0 0 231 231 
9606.ENSP00000300061 9606.ENSP00000477707 0 0 0 0 50 0 250 257 
9606.ENSP00000300061 9606.ENSP00000312631 0 0 0 0 0 0 183 183 
9606.ENSP00000300061 9606.ENSP00000272223 0 0 0 0 0 0 154 154 
9606.ENSP00000300061 9606.ENSP00000225823 0 0 0 0 0 0 238 238 
9606.ENSP00000300061 9606.ENSP00000339850 0 0 0 0 0 0 171 171 
9606.ENSP00000300061 9606.ENSP00000405095 0 0 0 0 0 0 214 214 
9606.ENSP00000300061 9606.ENSP00000400906 0 0 0 0 0 0 235 235 
9606.ENSP00000300061 9606.ENSP00000412237 0 0 0 0 0 0 211 211 
9606.ENSP00000300061 9606.ENSP00000367453 0 0 0 0 0 0 382 382 
9606.ENSP00000300061 9606.ENSP00000358903 0 0 0 0 0 0 205 205 
9606.ENSP00000300061 9606.ENSP00000457703 0 0 0 0 186 0 0 186 
9606.ENSP00000300061 9606.ENSP00000350332 0 0 0 0 0 0 227 227 
9606.ENSP00000300061 9606.ENSP00000295269 0 0 0 61 0 0 179 197 
9606.ENSP00000300061 9606.ENSP00000368464 0 0 0 0 0 0 236 236 
9606.ENSP00000300061 9606.ENSP00000272317 0 0 0 0 343 900 0 931 
9606.ENSP00000300061 9606.ENSP00000383456 0 0 0 0 0 0 377 377 
9606.ENSP00000300061 9606.ENSP00000367787 0 0 0 0 0 0 190 190 
9606.ENSP00000300061 9606.ENSP00000431482 0 0 0 0 186 0 0 186 
9606.ENSP00000300061 9606.ENSP00000379822 0 0 0 81 0 0 772 781 
9606.ENSP00000300061 9606.ENSP00000385523 0 0 0 0 50 0 239 246 
9606.ENSP00000300061 9606.ENSP00000296422 0 0 0 0 0 0 738 738 
9606.ENSP00000300061 9606.ENSP00000319814 0 0 0 0 0 0 294 294 
9606.ENSP00000300061 9606.ENSP00000464040 0 0 0 0 0 0 210 210 
9606.ENSP00000300061 9606.ENSP00000318646 0 0 0 0 309 0 0 309 
9606.ENSP00000300061 9606.ENSP00000264930 0 0 0 0 0 0 193 193 
9606.ENSP00000300061 9606.ENSP00000281537 0 0 0 0 0 0 189 189 
9606.ENSP00000300061 9606.ENSP00000420311 0 0 0 0 343 0 0 343 
9606.ENSP00000300061 9606.ENSP00000345837 0 0 0 0 0 0 167 167 
9606.ENSP00000300061 9606.ENSP00000364831 0 0 0 62 0 0 174 192 
9606.ENSP00000300061 9606.ENSP00000330221 0 0 0 0 0 0 296 296 
9606.ENSP00000300061 9606.ENSP00000299798 0 0 0 0 0 0 178 178 
9606.ENSP00000300061 9606.ENSP00000264867 0 0 0 0 0 0 222 222 
9606.ENSP00000300061 9606.ENSP00000445306 0 0 0 61 0 0 471 482 
9606.ENSP00000300061 9606.ENSP00000331019 0 0 0 0 309 0 0 309 
9606.ENSP00000300061 9606.ENSP00000293599 0 0 0 62 0 0 445 457 
9606.ENSP00000300061 9606.ENSP00000198801 0 0 0 0 0 0 280 280 
9606.ENSP00000300061 9606.ENSP00000247879 0 0 0 0 0 0 218 218 
9606.ENSP00000300061 9606.ENSP00000300093 0 0 0 0 0 0 186 186 
9606.ENSP00000300061 9606.ENSP00000353292 0 0 0 64 432 900 164 949 
9606.ENSP00000300061 9606.ENSP00000345968 0 0 0 49 0 0 218 225 
9606.ENSP00000300061 9606.ENSP00000322020 0 0 0 0 0 0 167 167 
9606.ENSP00000300061 9606.ENSP00000368632 0 0 0 0 0 0 230 230 
9606.ENSP00000300061 9606.ENSP00000297494 0 0 0 0 0 0 174 174 
9606.ENSP00000300061 9606.ENSP00000391592 0 0 0 0 0 0 188 188 
9606.ENSP00000300061 9606.ENSP00000219660 0 0 0 0 0 0 250 250 
9606.ENSP00000300061 9606.ENSP00000199280 0 0 0 61 0 0 691 697 
9606.ENSP00000300061 9606.ENSP00000351310 0 0 0 0 0 0 534 534 
9606.ENSP00000300061 9606.ENSP00000318197 0 0 0 0 0 0 272 272 
9606.ENSP00000300061 9606.ENSP00000393066 0 0 0 0 0 0 203 203 
9606.ENSP00000300061 9606.ENSP00000263314 0 0 0 0 0 0 232 232 
9606.ENSP00000300061 9606.ENSP00000297784 0 0 0 49 0 0 231 237 
9606.ENSP00000300061 9606.ENSP00000384477 0 0 0 0 0 0 402 402 
9606.ENSP00000300061 9606.ENSP00000312397 0 0 0 0 0 0 386 386 
9606.ENSP00000300061 9606.ENSP00000329033 0 0 0 0 0 0 294 294 
9606.ENSP00000300061 9606.ENSP00000308236 0 0 0 0 379 0 228 500 
9606.ENSP00000300061 9606.ENSP00000302896 0 0 0 0 343 0 0 343 
9606.ENSP00000300061 9606.ENSP00000394033 0 0 0 0 0 0 227 227 
9606.ENSP00000300061 9606.ENSP00000382783 0 0 0 65 0 0 237 256 
9606.ENSP00000300061 9606.ENSP00000221459 0 0 0 0 0 0 164 164 
9606.ENSP00000300061 9606.ENSP00000455426 0 0 0 0 0 0 345 345 
9606.ENSP00000300061 9606.ENSP00000384863 0 0 0 0 0 0 230 230 
9606.ENSP00000300061 9606.ENSP00000386647 0 0 0 0 0 0 232 232 
9606.ENSP00000300061 9606.ENSP00000306497 0 0 0 0 0 0 158 158 
9606.ENSP00000300061 9606.ENSP00000343405 0 0 0 0 0 0 183 183 
9606.ENSP00000300061 9606.ENSP00000404179 0 0 0 0 199 0 56 211 
9606.ENSP00000300061 9606.ENSP00000337128 0 0 0 61 0 0 134 152 
9606.ENSP00000300061 9606.ENSP00000288139 0 0 0 0 0 0 179 179 
9606.ENSP00000300061 9606.ENSP00000386022 0 0 0 0 0 0 207 207 
9606.ENSP00000300061 9606.ENSP00000227507 0 0 0 0 0 0 218 218 
9606.ENSP00000300061 9606.ENSP00000266058 0 0 0 61 0 0 149 167 
9606.ENSP00000300061 9606.ENSP00000337255 0 0 0 61 0 0 195 211 
9606.ENSP00000300061 9606.ENSP00000249647 0 0 0 0 0 0 161 161 
9606.ENSP00000300061 9606.ENSP00000262231 0 0 0 0 0 0 357 357 
9606.ENSP00000300061 9606.ENSP00000371932 0 0 0 0 0 0 274 274 
9606.ENSP00000300061 9606.ENSP00000470801 0 0 0 0 0 0 294 294 
9606.ENSP00000300061 9606.ENSP00000216780 0 0 0 0 0 0 254 254 
9606.ENSP00000300061 9606.ENSP00000419422 0 0 0 0 0 0 283 283 
9606.ENSP00000300061 9606.ENSP00000361458 0 0 0 0 82 900 196 919 
9606.ENSP00000300061 9606.ENSP00000361769 0 0 0 0 0 0 303 303 
9606.ENSP00000300061 9606.ENSP00000304783 0 0 0 63 0 0 359 374 
9606.ENSP00000300061 9606.ENSP00000441283 0 0 0 49 0 0 177 183 
9606.ENSP00000300061 9606.ENSP00000418082 0 0 0 0 343 0 0 343 
9606.ENSP00000300061 9606.ENSP00000348278 0 0 0 0 0 0 547 547 
9606.ENSP00000300061 9606.ENSP00000364609 0 0 0 0 0 0 163 163 
9606.ENSP00000300061 9606.ENSP00000370808 0 0 0 0 0 0 159 159 
9606.ENSP00000300061 9606.ENSP00000477829 0 0 0 0 0 0 207 207 
9606.ENSP00000300061 9606.ENSP00000384952 0 0 0 0 265 0 0 265 
9606.ENSP00000300061 9606.ENSP00000229795 0 0 0 0 80 0 116 151 
9606.ENSP00000300061 9606.ENSP00000311196 0 0 0 61 0 0 166 183 
9606.ENSP00000300061 9606.ENSP00000369335 0 0 0 0 0 0 244 244 
9606.ENSP00000300061 9606.ENSP00000240662 0 0 0 0 0 0 162 162 
9606.ENSP00000300061 9606.ENSP00000371483 0 0 0 85 0 0 203 240 
9606.ENSP00000300061 9606.ENSP00000361366 0 0 0 63 0 0 246 263 
9606.ENSP00000300061 9606.ENSP00000317578 0 0 0 61 106 0 116 193 
9606.ENSP00000300061 9606.ENSP00000013222 0 0 0 0 0 0 192 192 
9606.ENSP00000300061 9606.ENSP00000304895 0 0 0 0 0 0 229 229 
9606.ENSP00000300061 9606.ENSP00000243389 0 0 0 0 0 0 202 202 
9606.ENSP00000300061 9606.ENSP00000303540 0 0 0 0 0 360 62 374 
9606.ENSP00000300061 9606.ENSP00000330199 0 0 0 0 0 0 233 233 
9606.ENSP00000300061 9606.ENSP00000321537 0 0 0 0 0 0 163 163 
9606.ENSP00000300061 9606.ENSP00000311538 0 0 0 0 0 0 203 203 
9606.ENSP00000300061 9606.ENSP00000242257 0 0 0 0 0 0 248 248 
9606.ENSP00000300061 9606.ENSP00000263665 0 0 0 51 0 0 321 328 
9606.ENSP00000300061 9606.ENSP00000461007 0 0 0 57 0 0 366 376 
9606.ENSP00000300061 9606.ENSP00000368411 0 0 0 61 379 900 178 945 
9606.ENSP00000300061 9606.ENSP00000395220 0 0 0 0 0 0 169 169 
9606.ENSP00000300061 9606.ENSP00000262904 0 0 0 0 0 0 250 250 
9606.ENSP00000300061 9606.ENSP00000296674 0 0 0 0 343 0 0 343 
9606.ENSP00000300061 9606.ENSP00000280551 0 0 0 0 0 0 203 203 
9606.ENSP00000300061 9606.ENSP00000355995 0 0 0 0 0 0 194 194 
9606.ENSP00000300061 9606.ENSP00000433560 0 0 0 0 0 0 187 187 
9606.ENSP00000300061 9606.ENSP00000381588 0 0 0 62 0 0 216 233 
9606.ENSP00000300061 9606.ENSP00000359340 0 0 0 0 0 0 295 295 
9606.ENSP00000300061 9606.ENSP00000441543 0 0 0 0 267 900 42 923 
9606.ENSP00000300061 9606.ENSP00000290472 0 0 0 0 0 0 318 318 
9606.ENSP00000300061 9606.ENSP00000444810 0 0 0 0 0 0 178 178 
9606.ENSP00000300061 9606.ENSP00000407586 0 0 0 0 0 0 185 185 
9606.ENSP00000300061 9606.ENSP00000222381 0 0 0 56 0 0 221 233 
9606.ENSP00000300061 9606.ENSP00000269919 0 0 0 0 0 0 161 161 
9606.ENSP00000300061 9606.ENSP00000264938 0 0 0 0 0 0 734 734 
9606.ENSP00000300061 9606.ENSP00000304903 0 0 0 0 0 0 171 171 
9606.ENSP00000300061 9606.ENSP00000250244 0 0 0 0 379 0 0 379 
9606.ENSP00000300061 9606.ENSP00000390600 0 0 0 0 0 720 141 749 
9606.ENSP00000300061 9606.ENSP00000477949 0 0 0 62 0 0 350 365 
9606.ENSP00000300061 9606.ENSP00000429022 0 0 0 0 0 0 315 315 
9606.ENSP00000300061 9606.ENSP00000257696 0 0 0 0 0 0 190 190 
9606.ENSP00000300061 9606.ENSP00000364586 0 0 0 0 0 720 94 735 
9606.ENSP00000300061 9606.ENSP00000454746 0 0 0 0 309 0 0 309 
9606.ENSP00000300061 9606.ENSP00000430676 0 0 0 0 0 0 229 229 
9606.ENSP00000300061 9606.ENSP00000352358 0 0 0 56 0 0 300 311 
9606.ENSP00000300061 9606.ENSP00000404375 0 0 0 0 293 0 46 296 
9606.ENSP00000300061 9606.ENSP00000263253 0 0 0 0 0 0 211 211 
9606.ENSP00000300061 9606.ENSP00000364935 0 0 0 0 0 0 174 174 
9606.ENSP00000300061 9606.ENSP00000354006 0 0 0 61 0 0 268 283 
9606.ENSP00000300061 9606.ENSP00000396915 0 0 0 0 0 720 0 720 
9606.ENSP00000300061 9606.ENSP00000304127 0 0 0 0 0 0 209 209 
9606.ENSP00000300061 9606.ENSP00000361662 0 0 0 51 0 0 162 170 
9606.ENSP00000300061 9606.ENSP00000385216 0 0 0 0 0 0 189 189 
9606.ENSP00000300061 9606.ENSP00000480090 0 0 0 0 0 0 625 625 
9606.ENSP00000300061 9606.ENSP00000244745 0 0 0 0 382 0 0 382 
9606.ENSP00000300061 9606.ENSP00000333685 0 0 0 0 80 0 116 151 
9606.ENSP00000300061 9606.ENSP00000295550 0 0 0 0 0 0 424 424 
9606.ENSP00000300061 9606.ENSP00000368683 0 0 0 0 0 0 310 310 
9606.ENSP00000300061 9606.ENSP00000480916 0 0 0 0 0 0 167 167 
9606.ENSP00000300061 9606.ENSP00000419692 0 0 0 0 50 0 231 238 
9606.ENSP00000300061 9606.ENSP00000420076 0 0 0 53 305 0 0 313 
9606.ENSP00000300061 9606.ENSP00000286628 0 0 0 0 0 0 303 303 
9606.ENSP00000300061 9606.ENSP00000485133 0 0 0 0 0 0 235 235 
9606.ENSP00000300061 9606.ENSP00000413575 0 0 0 0 0 0 153 153 
9606.ENSP00000300061 9606.ENSP00000233826 0 0 0 0 0 0 185 185 
9606.ENSP00000300061 9606.ENSP00000322460 0 0 0 0 0 900 89 905 
9606.ENSP00000300061 9606.ENSP00000251849 0 0 0 0 61 900 50 903 
9606.ENSP00000300061 9606.ENSP00000356790 0 0 0 0 0 0 383 383 
9606.ENSP00000300061 9606.ENSP00000319730 0 0 0 63 0 0 671 679 
9606.ENSP00000300061 9606.ENSP00000442477 0 0 0 0 0 0 216 216 
9606.ENSP00000300061 9606.ENSP00000234396 0 0 0 62 0 0 257 273 
9606.ENSP00000300061 9606.ENSP00000318684 0 0 0 0 0 0 319 319 
9606.ENSP00000300061 9606.ENSP00000246914 0 0 0 0 0 900 683 967 
9606.ENSP00000300061 9606.ENSP00000405899 0 0 0 0 0 0 338 338 
9606.ENSP00000300061 9606.ENSP00000358414 0 0 0 0 0 0 195 195 
9606.ENSP00000300061 9606.ENSP00000311713 0 0 0 0 0 0 329 329 
9606.ENSP00000300061 9606.ENSP00000303424 0 0 0 0 0 0 282 282 
9606.ENSP00000300061 9606.ENSP00000416066 0 0 0 0 0 0 249 249 
9606.ENSP00000300061 9606.ENSP00000321106 0 0 0 49 0 0 316 321 
9606.ENSP00000300061 9606.ENSP00000372654 0 0 0 0 0 0 186 186 
9606.ENSP00000300061 9606.ENSP00000343925 0 0 0 0 50 0 628 632 
9606.ENSP00000300061 9606.ENSP00000237596 0 0 0 0 0 0 384 384 
9606.ENSP00000300061 9606.ENSP00000352447 0 0 0 0 0 0 295 295 
9606.ENSP00000300061 9606.ENSP00000292401 0 0 0 49 0 0 155 162 
9606.ENSP00000300061 9606.ENSP00000332771 0 0 0 62 0 0 329 344 
9606.ENSP00000300061 9606.ENSP00000477688 0 0 0 0 0 0 220 220 
9606.ENSP00000300061 9606.ENSP00000383949 0 0 0 0 199 0 93 242 
9606.ENSP00000300061 9606.ENSP00000435096 0 0 0 0 343 0 0 343 
9606.ENSP00000300061 9606.ENSP00000314151 0 0 0 0 0 0 246 246 
9606.ENSP00000300061 9606.ENSP00000402414 0 0 0 0 0 0 242 242 
9606.ENSP00000300061 9606.ENSP00000383199 0 0 0 0 454 900 849 991 
9606.ENSP00000300061 9606.ENSP00000257570 0 0 0 0 186 0 0 186 
9606.ENSP00000300061 9606.ENSP00000451828 0 0 0 0 53 0 267 276 
9606.ENSP00000300061 9606.ENSP00000385958 0 0 0 0 343 0 0 343 
9606.ENSP00000300061 9606.ENSP00000365576 0 0 0 0 186 0 0 186 
9606.ENSP00000300061 9606.ENSP00000217133 0 0 0 0 0 0 690 690 
9606.ENSP00000300061 9606.ENSP00000395086 0 0 0 0 0 0 212 212 
9606.ENSP00000300061 9606.ENSP00000261783 0 0 0 0 0 0 582 582 
9606.ENSP00000300061 9606.ENSP00000265715 0 0 0 59 0 0 666 673 
9606.ENSP00000300061 9606.ENSP00000420194 0 0 0 0 0 0 168 168 
9606.ENSP00000300061 9606.ENSP00000363068 0 0 0 0 0 0 202 202 
9606.ENSP00000300061 9606.ENSP00000477999 0 0 0 0 0 0 194 194 
9606.ENSP00000300061 9606.ENSP00000278505 0 0 0 0 0 0 279 279 
9606.ENSP00000300061 9606.ENSP00000355944 0 0 0 0 0 0 223 223 
9606.ENSP00000300061 9606.ENSP00000286298 0 0 0 55 0 0 255 266 
9606.ENSP00000300061 9606.ENSP00000370047 0 0 0 0 0 0 226 226 
9606.ENSP00000300061 9606.ENSP00000300651 0 0 0 0 0 0 254 254 
9606.ENSP00000300061 9606.ENSP00000248150 0 0 0 0 0 0 412 412 
9606.ENSP00000300061 9606.ENSP00000421377 0 0 0 0 129 0 269 336 
9606.ENSP00000300061 9606.ENSP00000389814 0 0 0 0 0 0 243 243 
9606.ENSP00000300061 9606.ENSP00000306253 0 0 0 0 0 0 170 170 
9606.ENSP00000300061 9606.ENSP00000437635 0 0 0 0 0 0 150 150 
9606.ENSP00000300061 9606.ENSP00000361883 0 0 0 0 0 0 203 203 
9606.ENSP00000300061 9606.ENSP00000252015 0 0 0 0 0 0 300 300 
9606.ENSP00000300061 9606.ENSP00000371067 0 0 0 0 53 0 185 195 
9606.ENSP00000300061 9606.ENSP00000378292 0 0 0 61 0 0 221 237 
9606.ENSP00000300061 9606.ENSP00000364520 0 0 0 0 0 0 306 306 
9606.ENSP00000300061 9606.ENSP00000469315 0 0 0 0 0 0 200 200 
9606.ENSP00000300061 9606.ENSP00000363092 0 0 0 0 0 0 159 159 
9606.ENSP00000300061 9606.ENSP00000386264 0 0 0 0 0 0 153 153 
9606.ENSP00000300061 9606.ENSP00000421315 0 0 0 61 0 0 159 176 
9606.ENSP00000300061 9606.ENSP00000338157 0 0 0 0 0 0 180 180 
9606.ENSP00000300061 9606.ENSP00000252486 0 0 0 77 0 0 215 244 
9606.ENSP00000300061 9606.ENSP00000339182 0 0 0 0 0 0 327 327 
9606.ENSP00000300061 9606.ENSP00000334044 0 0 0 0 186 0 0 186 
9606.ENSP00000300061 9606.ENSP00000312778 0 0 0 58 0 0 179 193 
9606.ENSP00000300061 9606.ENSP00000358107 0 0 0 56 0 0 144 157 
9606.ENSP00000300061 9606.ENSP00000292079 0 0 0 61 0 0 265 280 
9606.ENSP00000300061 9606.ENSP00000427514 0 0 0 0 0 0 222 222 
9606.ENSP00000300061 9606.ENSP00000419782 0 0 0 0 0 0 230 230 
9606.ENSP00000300061 9606.ENSP00000306523 0 0 0 0 0 0 183 183 
9606.ENSP00000300061 9606.ENSP00000250495 0 0 0 0 186 0 0 186 
9606.ENSP00000300061 9606.ENSP00000262888 0 0 0 61 0 0 182 199 
9606.ENSP00000300061 9606.ENSP00000435648 0 0 0 0 0 360 0 360 
9606.ENSP00000300061 9606.ENSP00000230050 0 0 0 0 309 0 0 309 
9606.ENSP00000300061 9606.ENSP00000381775 0 0 0 0 0 0 185 185 
9606.ENSP00000300061 9606.ENSP00000290332 0 0 0 61 0 0 301 316 
9606.ENSP00000300061 9606.ENSP00000449500 0 0 0 0 0 0 297 297 
9606.ENSP00000300061 9606.ENSP00000312262 0 0 0 61 106 0 160 233 
9606.ENSP00000300061 9606.ENSP00000323926 0 0 0 0 0 0 307 307 
9606.ENSP00000300061 9606.ENSP00000263980 0 0 0 0 0 0 397 397 
9606.ENSP00000300061 9606.ENSP00000281030 0 0 0 0 0 0 159 159 
9606.ENSP00000300061 9606.ENSP00000340608 0 0 0 0 0 900 227 919 
9606.ENSP00000300061 9606.ENSP00000366331 0 0 0 0 0 0 187 187 
9606.ENSP00000300061 9606.ENSP00000299977 0 0 0 0 0 0 161 161 
9606.ENSP00000300061 9606.ENSP00000442478 0 0 0 61 64 0 227 261 
9606.ENSP00000300061 9606.ENSP00000459962 0 0 0 57 0 0 366 376 
9606.ENSP00000300061 9606.ENSP00000301149 0 0 0 0 0 0 261 261 
9606.ENSP00000300061 9606.ENSP00000366413 0 0 0 61 0 0 206 222 
9606.ENSP00000300061 9606.ENSP00000327832 0 0 0 53 0 0 173 183 
9606.ENSP00000300061 9606.ENSP00000261994 0 0 0 0 0 0 175 175 
9606.ENSP00000300061 9606.ENSP00000361400 0 0 0 83 0 0 301 332 
9606.ENSP00000300061 9606.ENSP00000355880 0 0 0 0 0 0 161 161 
9606.ENSP00000300061 9606.ENSP00000387760 0 0 0 0 0 0 335 335 
9606.ENSP00000300061 9606.ENSP00000478874 0 0 0 0 0 0 156 156 
9606.ENSP00000300061 9606.ENSP00000384264 0 0 0 53 0 0 163 174 
9606.ENSP00000300061 9606.ENSP00000395983 0 0 0 0 0 0 205 205 
9606.ENSP00000300061 9606.ENSP00000386346 0 0 0 61 0 0 185 202 
9606.ENSP00000300061 9606.ENSP00000402152 0 0 0 0 0 0 539 539 
9606.ENSP00000300061 9606.ENSP00000309757 0 0 0 0 0 0 237 237 
9606.ENSP00000300061 9606.ENSP00000408860 0 0 0 77 0 0 291 317 
9606.ENSP00000300061 9606.ENSP00000295736 0 0 0 0 0 0 393 393 
9606.ENSP00000300061 9606.ENSP00000367292 0 0 0 0 0 0 186 186 
9606.ENSP00000300061 9606.ENSP00000384273 0 0 0 0 0 0 254 254 
9606.ENSP00000300061 9606.ENSP00000363308 0 0 0 0 309 0 0 309 
9606.ENSP00000300061 9606.ENSP00000254301 0 0 0 0 0 0 194 194 
9606.ENSP00000300061 9606.ENSP00000305422 0 0 0 0 0 0 230 230 
9606.ENSP00000300061 9606.ENSP00000297954 0 0 0 0 0 900 165 913 
9606.ENSP00000300061 9606.ENSP00000420269 0 0 0 0 0 0 164 164 
9606.ENSP00000300061 9606.ENSP00000353072 0 0 0 0 0 0 189 189 
9606.ENSP00000300061 9606.ENSP00000344411 0 0 0 0 0 0 356 356 
9606.ENSP00000300061 9606.ENSP00000281321 0 0 0 61 0 0 206 222 
9606.ENSP00000300061 9606.ENSP00000260010 0 0 0 0 0 0 220 220 
9606.ENSP00000300061 9606.ENSP00000227525 0 0 0 0 0 0 277 277 
9606.ENSP00000300061 9606.ENSP00000323670 0 0 0 0 0 0 232 232 
9606.ENSP00000300061 9606.ENSP00000433511 0 0 0 61 106 0 133 208 
9606.ENSP00000300061 9606.ENSP00000263025 0 0 0 0 89 0 180 221 
9606.ENSP00000300061 9606.ENSP00000397082 0 0 0 63 0 0 350 365 
9606.ENSP00000300061 9606.ENSP00000368952 0 0 0 0 64 0 313 329 
9606.ENSP00000300061 9606.ENSP00000352069 0 0 0 0 398 0 85 425 
9606.ENSP00000300061 9606.ENSP00000363643 0 0 0 0 0 0 173 173 
9606.ENSP00000300061 9606.ENSP00000457411 0 0 0 0 294 0 62 309 
9606.ENSP00000300061 9606.ENSP00000272190 0 0 0 0 0 0 676 676 
9606.ENSP00000300061 9606.ENSP00000364145 0 0 0 0 0 0 241 241 
9606.ENSP00000300061 9606.ENSP00000483552 0 0 0 0 0 0 488 488 
9606.ENSP00000300061 9606.ENSP00000364620 0 0 0 0 0 0 286 286 
9606.ENSP00000300061 9606.ENSP00000212015 0 0 0 0 0 0 222 222 
9606.ENSP00000300061 9606.ENSP00000338413 0 0 0 0 0 0 243 243 
9606.ENSP00000300061 9606.ENSP00000355512 0 0 0 0 0 0 167 167 
9606.ENSP00000300061 9606.ENSP00000378920 0 0 0 63 0 0 222 239 
9606.ENSP00000300061 9606.ENSP00000265512 0 0 0 0 0 0 159 159 
9606.ENSP00000300061 9606.ENSP00000269321 0 0 0 0 0 0 217 217 
9606.ENSP00000300061 9606.ENSP00000410833 0 0 0 0 0 0 201 201 
9606.ENSP00000300061 9606.ENSP00000442053 0 0 0 0 0 0 226 226 
9606.ENSP00000300061 9606.ENSP00000357555 0 0 0 0 309 0 0 309 
9606.ENSP00000300061 9606.ENSP00000331867 0 0 0 0 0 0 389 389 
9606.ENSP00000300061 9606.ENSP00000375951 0 0 0 0 0 0 165 165 
9606.ENSP00000300061 9606.ENSP00000478570 0 0 0 0 0 0 185 185 
9606.ENSP00000300061 9606.ENSP00000364490 0 0 0 0 0 0 234 234 
9606.ENSP00000300061 9606.ENSP00000359688 0 0 0 0 313 0 0 313 
9606.ENSP00000300061 9606.ENSP00000340913 0 0 0 0 0 0 173 173 
9606.ENSP00000300061 9606.ENSP00000427661 0 0 0 64 0 0 213 232 
9606.ENSP00000300061 9606.ENSP00000296871 0 0 0 0 0 0 222 222 
9606.ENSP00000300061 9606.ENSP00000264414 0 0 0 0 0 0 189 189 
9606.ENSP00000300061 9606.ENSP00000249284 0 0 0 0 0 0 204 204 
9606.ENSP00000300061 9606.ENSP00000354995 0 0 0 0 0 0 258 258 
9606.ENSP00000300061 9606.ENSP00000283254 0 0 0 0 0 360 62 374 
9606.ENSP00000300061 9606.ENSP00000228468 0 0 0 0 0 0 322 322 
9606.ENSP00000300061 9606.ENSP00000392043 0 0 0 0 0 0 159 159 
9606.ENSP00000300061 9606.ENSP00000448219 0 0 0 0 0 0 301 301 
9606.ENSP00000300061 9606.ENSP00000409544 0 0 0 62 0 0 293 308 
9606.ENSP00000300061 9606.ENSP00000357060 0 0 0 0 0 0 390 390 
9606.ENSP00000300061 9606.ENSP00000388107 0 0 0 0 343 900 0 931 
9606.ENSP00000300061 9606.ENSP00000331698 0 0 0 62 0 0 176 194 
9606.ENSP00000300061 9606.ENSP00000379531 0 0 0 0 0 0 286 286 
9606.ENSP00000300061 9606.ENSP00000424827 0 0 0 0 472 0 694 831 
9606.ENSP00000300061 9606.ENSP00000307599 0 0 0 0 0 360 0 360 
9606.ENSP00000300061 9606.ENSP00000246070 0 0 0 0 0 0 150 150 
9606.ENSP00000300061 9606.ENSP00000346534 0 0 0 0 0 720 147 750 
9606.ENSP00000300061 9606.ENSP00000344456 0 0 0 0 51 0 185 193 
9606.ENSP00000300061 9606.ENSP00000385205 0 0 0 0 128 0 85 168 
9606.ENSP00000300061 9606.ENSP00000274629 0 0 0 0 0 0 292 292 
9606.ENSP00000300061 9606.ENSP00000312029 0 0 0 0 0 0 237 237 
9606.ENSP00000300061 9606.ENSP00000363929 0 0 0 0 0 0 282 282 
9606.ENSP00000300061 9606.ENSP00000340507 0 0 0 0 0 0 195 195 
9606.ENSP00000300061 9606.ENSP00000482957 0 0 0 0 0 0 247 247 
9606.ENSP00000300061 9606.ENSP00000357073 0 0 0 0 0 0 289 289 
9606.ENSP00000300061 9606.ENSP00000365256 0 0 0 55 0 0 311 321 
9606.ENSP00000300061 9606.ENSP00000262435 0 0 0 0 129 0 85 168 
9606.ENSP00000300061 9606.ENSP00000262895 0 0 0 0 0 360 0 360 
9606.ENSP00000300061 9606.ENSP00000239938 0 0 0 0 0 0 189 189 
9606.ENSP00000300061 9606.ENSP00000352900 0 0 0 0 50 0 295 301 
9606.ENSP00000300061 9606.ENSP00000262418 0 0 0 0 0 0 181 181 
9606.ENSP00000300061 9606.ENSP00000278947 0 0 0 43 0 720 0 720 
9606.ENSP00000300061 9606.ENSP00000385675 0 0 0 0 0 0 212 212 
9606.ENSP00000300061 9606.ENSP00000225430 0 0 0 0 343 0 0 343 
9606.ENSP00000300061 9606.ENSP00000353032 0 0 0 49 0 0 213 220 
9606.ENSP00000300061 9606.ENSP00000360312 0 0 0 63 0 0 424 437 
9606.ENSP00000300061 9606.ENSP00000334042 0 0 0 0 0 0 177 177 
9606.ENSP00000300061 9606.ENSP00000376609 0 0 0 61 106 0 133 208 
9606.ENSP00000300061 9606.ENSP00000463784 0 0 0 0 309 0 0 309 
9606.ENSP00000300061 9606.ENSP00000397925 0 0 0 0 0 0 224 224 
9606.ENSP00000300061 9606.ENSP00000296522 0 0 0 0 0 0 341 341 
9606.ENSP00000300061 9606.ENSP00000416418 0 0 0 0 0 0 227 227 
9606.ENSP00000300061 9606.ENSP00000155840 0 0 0 61 0 0 337 350 
9606.ENSP00000300061 9606.ENSP00000291532 0 0 0 0 0 0 367 367 
9606.ENSP00000300061 9606.ENSP00000343339 0 0 0 50 0 0 240 247 
9606.ENSP00000300061 9606.ENSP00000366249 0 0 0 0 186 0 0 186 
9606.ENSP00000300061 9606.ENSP00000268379 0 0 0 0 0 0 282 282 
9606.ENSP00000300061 9606.ENSP00000369027 0 0 0 0 0 0 179 179 
9606.ENSP00000300061 9606.ENSP00000395629 0 0 0 0 0 0 266 266 
9606.ENSP00000300061 9606.ENSP00000458770 0 0 0 0 0 0 164 164 
9606.ENSP00000300061 9606.ENSP00000481697 0 0 0 0 309 0 0 309 
9606.ENSP00000300061 9606.ENSP00000464265 0 0 0 0 267 0 42 267 
9606.ENSP00000300061 9606.ENSP00000347454 0 0 0 0 0 0 420 420 
9606.ENSP00000300061 9606.ENSP00000421326 0 0 0 0 0 0 167 167 
9606.ENSP00000300061 9606.ENSP00000268383 0 0 0 0 0 0 156 156 
9606.ENSP00000300061 9606.ENSP00000329926 0 0 0 61 0 0 671 678 
9606.ENSP00000300061 9606.ENSP00000363079 0 0 0 0 0 0 220 220 
9606.ENSP00000300061 9606.ENSP00000339826 0 0 0 0 0 0 174 174 
9606.ENSP00000300061 9606.ENSP00000264852 0 0 0 0 0 0 225 225 
9606.ENSP00000300061 9606.ENSP00000437955 0 0 0 0 0 0 221 221 
9606.ENSP00000300061 9606.ENSP00000253719 0 0 0 61 0 0 138 156 
9606.ENSP00000300061 9606.ENSP00000311165 0 0 0 61 0 0 342 356 
9606.ENSP00000300061 9606.ENSP00000410257 0 0 0 0 0 720 197 765 
9606.ENSP00000300061 9606.ENSP00000385080 0 0 0 0 0 0 204 204 
9606.ENSP00000300061 9606.ENSP00000354490 0 0 0 0 0 0 248 248 
9606.ENSP00000300061 9606.ENSP00000292427 0 0 0 0 0 0 427 427 
9606.ENSP00000300061 9606.ENSP00000384018 0 0 0 0 0 0 230 230 
9606.ENSP00000300061 9606.ENSP00000363694 0 0 0 0 0 0 720 720 
9606.ENSP00000300061 9606.ENSP00000406191 0 0 0 62 0 0 422 434 
9606.ENSP00000300061 9606.ENSP00000297268 0 0 0 0 0 0 189 189 
9606.ENSP00000300061 9606.ENSP00000211998 0 0 0 0 0 0 195 195 
9606.ENSP00000300061 9606.ENSP00000251768 0 0 0 0 0 0 362 362 
9606.ENSP00000300061 9606.ENSP00000395196 0 0 0 0 0 0 354 354 
9606.ENSP00000300061 9606.ENSP00000342952 0 0 0 0 0 0 174 174 
9606.ENSP00000300061 9606.ENSP00000478982 0 0 0 0 199 0 0 199 
9606.ENSP00000300061 9606.ENSP00000315476 0 0 0 0 0 0 212 212 
9606.ENSP00000300061 9606.ENSP00000327943 0 0 0 62 0 0 285 300 
9606.ENSP00000300061 9606.ENSP00000262916 0 0 0 0 0 0 239 239 
9606.ENSP00000300061 9606.ENSP00000306390 0 0 0 63 0 0 188 207 
9606.ENSP00000300061 9606.ENSP00000277575 0 0 0 0 0 0 180 180 
9606.ENSP00000300061 9606.ENSP00000311095 0 0 0 0 0 0 163 163 
9606.ENSP00000300061 9606.ENSP00000295872 0 0 0 0 0 0 230 230 
9606.ENSP00000300061 9606.ENSP00000005284 0 0 0 0 0 0 490 490 
9606.ENSP00000300061 9606.ENSP00000444688 0 0 0 0 0 0 262 262 
9606.ENSP00000300061 9606.ENSP00000310305 0 0 0 0 0 0 315 315 
9606.ENSP00000300061 9606.ENSP00000266088 0 0 0 64 0 0 348 364 
9606.ENSP00000300061 9606.ENSP00000215832 0 0 0 0 432 0 126 483 
9606.ENSP00000300061 9606.ENSP00000386306 0 0 0 0 0 360 128 418 
9606.ENSP00000300061 9606.ENSP00000337335 0 0 0 0 0 0 168 168 
9606.ENSP00000300061 9606.ENSP00000368686 0 0 0 0 0 0 237 237 
9606.ENSP00000300061 9606.ENSP00000240333 0 0 0 0 0 0 167 167 
9606.ENSP00000300061 9606.ENSP00000287820 0 0 0 0 50 0 274 280 
9606.ENSP00000300061 9606.ENSP00000312652 0 0 0 0 0 0 250 250 
9606.ENSP00000300061 9606.ENSP00000360973 0 0 0 0 0 0 158 158 
9606.ENSP00000300061 9606.ENSP00000365663 0 0 0 0 0 0 214 214 
9606.ENSP00000300061 9606.ENSP00000485444 0 0 0 0 0 0 155 155 
9606.ENSP00000300061 9606.ENSP00000345751 0 0 0 221 432 900 160 957 
9606.ENSP00000300061 9606.ENSP00000384763 0 0 0 0 0 0 226 226 
9606.ENSP00000300061 9606.ENSP00000264552 0 0 0 0 0 0 294 294 
9606.ENSP00000300061 9606.ENSP00000300404 0 0 0 0 0 0 212 212 
9606.ENSP00000300061 9606.ENSP00000261427 0 0 0 0 0 0 251 251 
9606.ENSP00000300061 9606.ENSP00000345681 0 0 0 0 0 0 231 231 
9606.ENSP00000300061 9606.ENSP00000290866 0 0 0 0 0 0 390 390 
9606.ENSP00000300061 9606.ENSP00000301015 0 0 0 0 129 0 360 418 
9606.ENSP00000300061 9606.ENSP00000398637 0 0 0 0 0 0 150 150 
9606.ENSP00000300061 9606.ENSP00000236166 0 0 0 0 0 0 161 161 
9606.ENSP00000300061 9606.ENSP00000396320 0 0 0 0 0 360 62 374 
9606.ENSP00000300061 9606.ENSP00000393557 0 0 0 0 0 0 449 449 
9606.ENSP00000300061 9606.ENSP00000467466 0 0 0 0 343 0 0 343 
9606.ENSP00000300061 9606.ENSP00000360793 0 0 0 0 0 0 184 184 
9606.ENSP00000300061 9606.ENSP00000327724 0 0 0 0 0 0 298 298 
9606.ENSP00000300061 9606.ENSP00000297258 0 0 0 0 0 0 161 161 
9606.ENSP00000300061 9606.ENSP00000483791 0 0 0 62 0 0 263 279 
9606.ENSP00000300061 9606.ENSP00000384894 0 0 0 0 0 0 335 335 
9606.ENSP00000300061 9606.ENSP00000393161 0 0 0 0 0 0 463 463 
9606.ENSP00000300061 9606.ENSP00000360991 0 0 0 62 0 0 139 158 
9606.ENSP00000300061 9606.ENSP00000379802 0 0 0 0 0 0 206 206 
9606.ENSP00000300061 9606.ENSP00000316786 0 0 0 62 0 0 462 474 
9606.ENSP00000300061 9606.ENSP00000408005 0 0 0 0 59 0 265 279 
