9606.ENSP00000426503 9606.ENSP00000380178 0 0 0 89 164 900 64 919 
9606.ENSP00000426503 9606.ENSP00000351185 0 0 0 63 0 0 215 233 
9606.ENSP00000426503 9606.ENSP00000478474 0 0 0 52 0 900 55 902 
9606.ENSP00000426503 9606.ENSP00000381932 0 0 0 0 0 0 213 213 
9606.ENSP00000426503 9606.ENSP00000478320 0 0 0 61 0 0 211 227 
9606.ENSP00000426503 9606.ENSP00000360994 0 0 0 0 0 0 552 552 
9606.ENSP00000426503 9606.ENSP00000358807 0 0 0 0 156 0 0 156 
9606.ENSP00000426503 9606.ENSP00000263182 0 0 0 0 0 0 297 297 
9606.ENSP00000426503 9606.ENSP00000373347 0 0 0 0 0 0 187 187 
9606.ENSP00000426503 9606.ENSP00000307288 0 0 0 63 0 0 224 242 
9606.ENSP00000426503 9606.ENSP00000369217 0 0 0 63 0 0 266 283 
9606.ENSP00000426503 9606.ENSP00000281708 0 0 0 62 0 900 116 909 
9606.ENSP00000426503 9606.ENSP00000263925 0 0 0 0 0 900 0 900 
9606.ENSP00000426503 9606.ENSP00000271234 0 0 0 0 0 0 158 158 
9606.ENSP00000426503 9606.ENSP00000265094 0 0 0 0 0 900 0 900 
9606.ENSP00000426503 9606.ENSP00000371805 0 0 0 0 0 900 0 900 
9606.ENSP00000426503 9606.ENSP00000331487 0 0 0 144 0 0 459 517 
9606.ENSP00000426503 9606.ENSP00000284551 0 2 0 61 0 900 0 902 
9606.ENSP00000426503 9606.ENSP00000264926 0 0 0 55 0 0 431 439 
9606.ENSP00000426503 9606.ENSP00000378974 0 0 0 109 0 0 94 158 
9606.ENSP00000426503 9606.ENSP00000350331 0 0 0 0 0 900 0 900 
9606.ENSP00000426503 9606.ENSP00000283006 0 0 0 0 0 0 177 177 
9606.ENSP00000426503 9606.ENSP00000401878 0 0 0 62 0 900 0 902 
9606.ENSP00000426503 9606.ENSP00000323348 0 0 0 62 0 900 0 902 
9606.ENSP00000426503 9606.ENSP00000340648 0 0 0 50 0 900 141 911 
9606.ENSP00000426503 9606.ENSP00000378699 0 0 0 0 0 0 213 213 
9606.ENSP00000426503 9606.ENSP00000349298 0 0 0 0 0 900 197 916 
9606.ENSP00000426503 9606.ENSP00000362555 0 0 0 63 0 900 123 910 
9606.ENSP00000426503 9606.ENSP00000331682 0 0 0 62 0 900 0 902 
9606.ENSP00000426503 9606.ENSP00000352408 0 0 0 0 0 900 127 908 
9606.ENSP00000426503 9606.ENSP00000337393 0 0 0 0 0 0 222 222 
9606.ENSP00000426503 9606.ENSP00000444029 0 0 0 139 0 0 474 528 
9606.ENSP00000426503 9606.ENSP00000283109 0 0 0 0 0 0 363 363 
9606.ENSP00000426503 9606.ENSP00000401566 0 0 0 0 262 0 0 262 
9606.ENSP00000426503 9606.ENSP00000377197 0 0 0 63 0 0 373 387 
9606.ENSP00000426503 9606.ENSP00000264350 0 0 0 62 0 900 0 902 
9606.ENSP00000426503 9606.ENSP00000357297 0 0 0 0 0 0 428 428 
9606.ENSP00000426503 9606.ENSP00000368332 0 0 0 0 156 0 0 156 
9606.ENSP00000426503 9606.ENSP00000301788 0 0 0 0 0 0 191 191 
9606.ENSP00000426503 9606.ENSP00000346240 0 0 0 0 0 900 0 900 
9606.ENSP00000426503 9606.ENSP00000332744 0 0 0 0 157 0 64 177 
9606.ENSP00000426503 9606.ENSP00000347684 0 0 0 0 156 0 0 156 
9606.ENSP00000426503 9606.ENSP00000379612 0 0 0 0 0 0 343 343 
9606.ENSP00000426503 9606.ENSP00000353794 0 0 0 64 0 900 0 902 
9606.ENSP00000426503 9606.ENSP00000385571 0 0 0 0 0 0 738 738 
9606.ENSP00000426503 9606.ENSP00000381992 0 0 0 108 0 0 158 217 
9606.ENSP00000426503 9606.ENSP00000371634 0 0 0 63 0 0 136 156 
9606.ENSP00000426503 9606.ENSP00000369855 0 0 0 0 0 900 122 908 
9606.ENSP00000426503 9606.ENSP00000388402 0 0 0 0 0 0 339 339 
9606.ENSP00000426503 9606.ENSP00000384629 0 0 0 84 0 0 110 150 
9606.ENSP00000426503 9606.ENSP00000363254 0 0 0 0 156 0 0 156 
9606.ENSP00000426503 9606.ENSP00000427793 0 0 0 50 0 900 92 906 
9606.ENSP00000426503 9606.ENSP00000428205 0 0 0 0 0 900 0 900 
9606.ENSP00000426503 9606.ENSP00000263095 0 0 0 52 110 0 285 344 
9606.ENSP00000426503 9606.ENSP00000289316 0 0 0 0 127 900 0 908 
9606.ENSP00000426503 9606.ENSP00000361245 0 0 0 50 0 900 56 902 
9606.ENSP00000426503 9606.ENSP00000348714 0 0 0 50 0 900 56 902 
9606.ENSP00000426503 9606.ENSP00000308944 0 0 0 0 0 0 334 334 
9606.ENSP00000426503 9606.ENSP00000318635 0 0 0 0 567 0 601 820 
9606.ENSP00000426503 9606.ENSP00000339109 0 0 0 0 0 900 0 900 
9606.ENSP00000426503 9606.ENSP00000365858 0 0 0 0 85 0 356 385 
9606.ENSP00000426503 9606.ENSP00000434024 0 0 0 61 112 900 348 938 
9606.ENSP00000426503 9606.ENSP00000345195 0 0 0 62 213 0 119 293 
9606.ENSP00000426503 9606.ENSP00000349722 0 0 0 62 442 900 339 960 
9606.ENSP00000426503 9606.ENSP00000226730 0 0 0 0 0 0 173 173 
9606.ENSP00000426503 9606.ENSP00000380746 0 0 0 64 0 900 0 902 
9606.ENSP00000426503 9606.ENSP00000440440 0 0 0 0 0 0 222 222 
9606.ENSP00000426503 9606.ENSP00000358335 0 0 0 51 294 0 0 301 
9606.ENSP00000426503 9606.ENSP00000372199 0 0 0 0 0 0 578 578 
9606.ENSP00000426503 9606.ENSP00000347188 0 0 0 0 0 900 0 900 
9606.ENSP00000426503 9606.ENSP00000452398 0 0 0 0 156 0 0 156 
9606.ENSP00000426503 9606.ENSP00000362760 0 0 0 52 161 0 0 170 
9606.ENSP00000426503 9606.ENSP00000262525 0 0 0 52 110 0 89 164 
9606.ENSP00000426503 9606.ENSP00000351284 0 0 0 0 0 0 556 556 
9606.ENSP00000426503 9606.ENSP00000356702 0 0 0 0 0 0 154 154 
9606.ENSP00000426503 9606.ENSP00000325618 0 0 0 0 0 0 212 212 
9606.ENSP00000426503 9606.ENSP00000380252 0 0 0 0 379 0 46 382 
9606.ENSP00000426503 9606.ENSP00000373772 0 0 0 0 0 0 254 254 
9606.ENSP00000426503 9606.ENSP00000311609 0 0 0 0 0 900 0 900 
9606.ENSP00000426503 9606.ENSP00000477907 0 0 0 0 127 900 0 908 
9606.ENSP00000426503 9606.ENSP00000345230 0 0 0 77 414 0 51 441 
9606.ENSP00000426503 9606.ENSP00000369666 0 0 0 85 0 900 0 904 
9606.ENSP00000426503 9606.ENSP00000317686 0 0 0 52 165 0 0 175 
9606.ENSP00000426503 9606.ENSP00000356234 0 0 0 0 0 0 330 330 
9606.ENSP00000426503 9606.ENSP00000377080 0 0 0 52 110 0 111 184 
9606.ENSP00000426503 9606.ENSP00000418910 0 0 0 261 0 0 0 261 
9606.ENSP00000426503 9606.ENSP00000462355 0 0 0 49 125 0 142 223 
9606.ENSP00000426503 9606.ENSP00000275230 0 0 0 63 185 0 0 203 
9606.ENSP00000426503 9606.ENSP00000421491 0 0 0 0 0 0 224 224 
9606.ENSP00000426503 9606.ENSP00000471000 0 0 0 52 110 0 207 272 
9606.ENSP00000426503 9606.ENSP00000017003 0 0 0 0 0 0 204 204 
9606.ENSP00000426503 9606.ENSP00000003084 0 0 0 0 0 0 173 173 
9606.ENSP00000426503 9606.ENSP00000358739 0 0 0 0 442 0 0 442 
9606.ENSP00000426503 9606.ENSP00000386655 0 0 0 0 173 0 0 173 
9606.ENSP00000426503 9606.ENSP00000431962 0 0 0 61 0 0 132 150 
9606.ENSP00000426503 9606.ENSP00000003302 0 0 0 0 0 0 188 188 
9606.ENSP00000426503 9606.ENSP00000312995 0 0 0 63 0 0 415 428 
9606.ENSP00000426503 9606.ENSP00000302898 0 0 0 63 144 0 82 199 
9606.ENSP00000426503 9606.ENSP00000403802 0 0 0 84 0 900 0 904 
9606.ENSP00000426503 9606.ENSP00000433623 0 0 0 0 0 0 171 171 
9606.ENSP00000426503 9606.ENSP00000350708 0 0 0 62 194 0 81 245 
9606.ENSP00000426503 9606.ENSP00000345849 0 0 0 0 0 0 322 322 
9606.ENSP00000426503 9606.ENSP00000253108 0 0 0 0 0 0 335 335 
9606.ENSP00000426503 9606.ENSP00000391806 0 0 0 0 0 0 151 151 
9606.ENSP00000426503 9606.ENSP00000296525 0 0 0 0 0 900 0 900 
9606.ENSP00000426503 9606.ENSP00000216297 0 0 0 77 0 0 145 177 
9606.ENSP00000426503 9606.ENSP00000267430 0 0 0 49 0 0 214 221 
9606.ENSP00000426503 9606.ENSP00000374240 0 0 0 0 156 0 0 156 
9606.ENSP00000426503 9606.ENSP00000365380 0 0 0 0 0 0 173 173 
9606.ENSP00000426503 9606.ENSP00000367542 0 0 0 77 414 0 0 435 
9606.ENSP00000426503 9606.ENSP00000364034 0 0 0 0 0 0 151 151 
9606.ENSP00000426503 9606.ENSP00000254250 0 0 0 52 148 0 0 158 
9606.ENSP00000426503 9606.ENSP00000313950 0 0 0 63 144 0 220 319 
9606.ENSP00000426503 9606.ENSP00000303356 0 0 0 0 0 0 178 178 
9606.ENSP00000426503 9606.ENSP00000467024 0 0 0 62 194 0 187 331 
9606.ENSP00000426503 9606.ENSP00000376765 0 0 0 61 0 0 448 459 
9606.ENSP00000426503 9606.ENSP00000354361 0 0 0 63 0 0 194 213 
9606.ENSP00000426503 9606.ENSP00000260810 0 0 0 62 0 0 243 259 
9606.ENSP00000426503 9606.ENSP00000348565 0 0 0 0 0 900 58 901 
9606.ENSP00000426503 9606.ENSP00000358151 0 0 0 0 127 900 246 928 
9606.ENSP00000426503 9606.ENSP00000351022 0 0 0 77 414 0 0 435 
9606.ENSP00000426503 9606.ENSP00000277458 0 0 0 0 0 900 145 910 
9606.ENSP00000426503 9606.ENSP00000263464 0 0 0 64 0 0 140 161 
9606.ENSP00000426503 9606.ENSP00000261597 0 0 0 0 0 0 403 403 
9606.ENSP00000426503 9606.ENSP00000361990 0 0 0 0 0 900 189 915 
9606.ENSP00000426503 9606.ENSP00000297977 0 0 0 0 0 0 173 173 
9606.ENSP00000426503 9606.ENSP00000352257 0 0 0 61 0 0 272 288 
9606.ENSP00000426503 9606.ENSP00000381698 0 0 0 63 0 0 148 168 
9606.ENSP00000426503 9606.ENSP00000342197 0 0 0 61 0 0 146 163 
9606.ENSP00000426503 9606.ENSP00000435210 0 0 0 0 0 0 253 253 
9606.ENSP00000426503 9606.ENSP00000357292 0 0 0 62 194 0 50 219 
9606.ENSP00000426503 9606.ENSP00000382628 0 0 0 0 0 0 347 347 
9606.ENSP00000426503 9606.ENSP00000280871 0 0 0 63 185 0 0 203 
9606.ENSP00000426503 9606.ENSP00000451575 0 0 0 0 0 900 0 900 
9606.ENSP00000426503 9606.ENSP00000376808 0 0 0 63 0 900 169 915 
9606.ENSP00000426503 9606.ENSP00000340305 0 0 0 61 68 900 398 940 
9606.ENSP00000426503 9606.ENSP00000325738 0 0 0 0 0 0 161 161 
9606.ENSP00000426503 9606.ENSP00000259605 0 0 0 61 0 0 306 320 
9606.ENSP00000426503 9606.ENSP00000355658 0 1 0 61 0 0 358 371 
9606.ENSP00000426503 9606.ENSP00000300784 0 0 0 62 0 0 252 268 
9606.ENSP00000426503 9606.ENSP00000261584 0 0 0 0 0 0 171 171 
9606.ENSP00000426503 9606.ENSP00000388723 0 0 0 62 0 900 0 902 
9606.ENSP00000426503 9606.ENSP00000269305 0 0 0 58 0 0 323 335 
9606.ENSP00000426503 9606.ENSP00000384048 0 0 0 55 0 0 168 180 
9606.ENSP00000426503 9606.ENSP00000301727 0 0 0 52 110 0 81 156 
9606.ENSP00000426503 9606.ENSP00000328203 0 0 0 62 122 900 75 913 
9606.ENSP00000426503 9606.ENSP00000296257 0 0 0 63 0 0 170 189 
9606.ENSP00000426503 9606.ENSP00000307833 0 0 0 0 0 900 0 900 
9606.ENSP00000426503 9606.ENSP00000472836 0 0 0 0 737 0 0 737 
9606.ENSP00000426503 9606.ENSP00000311360 0 0 0 50 0 0 166 173 
9606.ENSP00000426503 9606.ENSP00000328181 0 0 0 0 0 0 173 173 
9606.ENSP00000426503 9606.ENSP00000365682 0 0 0 55 157 0 106 226 
9606.ENSP00000426503 9606.ENSP00000264033 0 0 0 0 0 0 167 167 
9606.ENSP00000426503 9606.ENSP00000481622 0 0 0 0 127 900 0 908 
9606.ENSP00000426503 9606.ENSP00000362018 0 0 0 53 0 0 357 365 
9606.ENSP00000426503 9606.ENSP00000358674 0 0 0 52 262 0 0 270 
9606.ENSP00000426503 9606.ENSP00000375942 0 0 0 89 379 0 80 434 
9606.ENSP00000426503 9606.ENSP00000356425 0 0 0 0 0 0 252 252 
9606.ENSP00000426503 9606.ENSP00000475814 0 0 0 61 112 0 290 356 
9606.ENSP00000426503 9606.ENSP00000324587 0 0 0 62 0 0 249 265 
9606.ENSP00000426503 9606.ENSP00000485401 0 0 0 0 0 0 222 222 
9606.ENSP00000426503 9606.ENSP00000373450 0 0 0 55 0 0 563 569 
9606.ENSP00000426503 9606.ENSP00000375978 0 0 0 0 0 0 256 256 
9606.ENSP00000426503 9606.ENSP00000358474 0 0 0 0 0 900 357 933 
9606.ENSP00000426503 9606.ENSP00000376952 0 0 0 0 0 0 227 227 
9606.ENSP00000426503 9606.ENSP00000483903 0 0 0 0 127 900 0 908 
9606.ENSP00000426503 9606.ENSP00000361669 0 0 0 0 156 0 0 156 
9606.ENSP00000426503 9606.ENSP00000426103 0 0 0 0 0 900 44 900 
9606.ENSP00000426503 9606.ENSP00000386532 0 0 0 0 0 900 0 900 
9606.ENSP00000426503 9606.ENSP00000357879 0 0 0 0 0 0 189 189 
9606.ENSP00000426503 9606.ENSP00000409666 0 0 0 0 567 0 563 802 
9606.ENSP00000426503 9606.ENSP00000332194 0 0 0 61 112 0 291 357 
9606.ENSP00000426503 9606.ENSP00000405965 0 0 0 0 719 900 811 994 
9606.ENSP00000426503 9606.ENSP00000285199 0 0 0 63 0 0 275 291 
9606.ENSP00000426503 9606.ENSP00000302967 0 0 0 63 0 0 151 170 
9606.ENSP00000426503 9606.ENSP00000401470 0 0 0 0 0 0 481 481 
9606.ENSP00000426503 9606.ENSP00000265070 0 0 0 188 0 0 0 188 
9606.ENSP00000426503 9606.ENSP00000362441 0 0 0 0 0 0 224 224 
9606.ENSP00000426503 9606.ENSP00000480499 0 0 0 50 0 900 45 901 
9606.ENSP00000426503 9606.ENSP00000357612 0 0 0 0 0 0 186 186 
9606.ENSP00000426503 9606.ENSP00000353132 0 0 0 0 156 0 0 156 
9606.ENSP00000426503 9606.ENSP00000367407 0 0 0 61 0 0 226 242 
9606.ENSP00000426503 9606.ENSP00000271640 0 0 0 63 0 0 278 294 
9606.ENSP00000426503 9606.ENSP00000198767 0 0 0 64 0 0 157 177 
9606.ENSP00000426503 9606.ENSP00000296417 0 0 0 64 88 0 144 205 
9606.ENSP00000426503 9606.ENSP00000476136 0 0 0 0 127 900 0 908 
9606.ENSP00000426503 9606.ENSP00000251303 0 0 0 0 0 0 256 256 
9606.ENSP00000426503 9606.ENSP00000369497 0 0 0 0 0 0 302 302 
9606.ENSP00000426503 9606.ENSP00000355865 0 0 0 0 0 900 69 902 
9606.ENSP00000426503 9606.ENSP00000335091 0 0 0 0 0 900 87 904 
9606.ENSP00000426503 9606.ENSP00000465676 0 0 0 61 0 0 633 640 
9606.ENSP00000426503 9606.ENSP00000315112 0 0 0 61 0 0 243 258 
9606.ENSP00000426503 9606.ENSP00000363322 0 0 0 0 0 900 0 900 
9606.ENSP00000426503 9606.ENSP00000325677 0 0 0 0 0 0 242 242 
9606.ENSP00000426503 9606.ENSP00000317872 0 0 0 0 0 900 57 901 
9606.ENSP00000426503 9606.ENSP00000359271 0 0 0 52 163 0 0 173 
9606.ENSP00000426503 9606.ENSP00000350512 0 0 0 0 0 0 184 184 
9606.ENSP00000426503 9606.ENSP00000416739 0 0 0 0 0 0 161 161 
9606.ENSP00000426503 9606.ENSP00000265560 0 0 0 63 0 0 157 176 
9606.ENSP00000426503 9606.ENSP00000250863 0 0 0 0 0 0 243 243 
9606.ENSP00000426503 9606.ENSP00000302222 0 0 0 52 110 0 160 229 
9606.ENSP00000426503 9606.ENSP00000365961 0 0 0 0 0 900 0 900 
9606.ENSP00000426503 9606.ENSP00000368699 0 0 0 52 262 0 188 382 
9606.ENSP00000426503 9606.ENSP00000255977 0 0 0 0 0 900 64 902 
9606.ENSP00000426503 9606.ENSP00000401023 0 0 0 62 0 900 0 902 
9606.ENSP00000426503 9606.ENSP00000370990 0 0 0 0 156 0 0 156 
9606.ENSP00000426503 9606.ENSP00000356150 0 0 0 62 0 0 238 254 
9606.ENSP00000426503 9606.ENSP00000353458 0 0 0 61 0 0 146 163 
9606.ENSP00000426503 9606.ENSP00000365439 0 0 0 110 64 0 69 157 
9606.ENSP00000426503 9606.ENSP00000238558 0 0 0 0 156 0 0 156 
9606.ENSP00000426503 9606.ENSP00000274140 0 0 0 63 0 0 336 351 
9606.ENSP00000426503 9606.ENSP00000313582 0 0 0 52 110 0 88 163 
9606.ENSP00000426503 9606.ENSP00000338207 0 0 0 0 156 0 0 156 
9606.ENSP00000426503 9606.ENSP00000329357 0 0 0 52 423 0 225 539 
9606.ENSP00000426503 9606.ENSP00000317992 0 0 0 0 0 0 261 261 
9606.ENSP00000426503 9606.ENSP00000347548 0 0 0 0 0 900 0 900 
9606.ENSP00000426503 9606.ENSP00000263202 0 0 0 64 0 0 514 526 
9606.ENSP00000426503 9606.ENSP00000260187 0 0 0 0 0 0 202 202 
9606.ENSP00000426503 9606.ENSP00000291823 0 0 0 0 0 0 183 183 
9606.ENSP00000426503 9606.ENSP00000462667 0 0 0 49 125 0 142 223 
9606.ENSP00000426503 9606.ENSP00000383719 0 0 0 0 0 900 97 905 
9606.ENSP00000426503 9606.ENSP00000261731 0 0 0 0 156 0 0 156 
9606.ENSP00000426503 9606.ENSP00000339484 0 0 0 52 262 0 0 270 
9606.ENSP00000426503 9606.ENSP00000294008 0 0 0 0 0 0 416 416 
9606.ENSP00000426503 9606.ENSP00000219204 0 0 0 0 0 0 153 153 
9606.ENSP00000426503 9606.ENSP00000347997 0 0 0 62 194 0 50 219 
9606.ENSP00000426503 9606.ENSP00000244061 0 0 0 63 0 900 174 915 
9606.ENSP00000426503 9606.ENSP00000261819 0 0 0 62 0 900 49 903 
9606.ENSP00000426503 9606.ENSP00000354775 0 0 0 61 0 900 62 904 
9606.ENSP00000426503 9606.ENSP00000225573 0 0 0 0 0 0 214 214 
9606.ENSP00000426503 9606.ENSP00000358154 0 0 0 61 310 0 97 364 
9606.ENSP00000426503 9606.ENSP00000385610 0 0 0 61 0 900 0 902 
9606.ENSP00000426503 9606.ENSP00000369681 0 0 0 61 0 0 215 231 
9606.ENSP00000426503 9606.ENSP00000376077 0 0 0 0 719 900 785 993 
9606.ENSP00000426503 9606.ENSP00000365312 0 0 0 0 0 0 221 221 
9606.ENSP00000426503 9606.ENSP00000359740 0 0 0 52 110 0 354 407 
9606.ENSP00000426503 9606.ENSP00000373272 0 0 0 61 0 900 0 902 
9606.ENSP00000426503 9606.ENSP00000343535 0 0 0 0 0 0 373 373 
9606.ENSP00000426503 9606.ENSP00000415203 0 0 0 63 0 0 137 157 
9606.ENSP00000426503 9606.ENSP00000322845 0 0 0 0 0 0 160 160 
9606.ENSP00000426503 9606.ENSP00000238831 0 0 0 64 0 0 314 330 
9606.ENSP00000426503 9606.ENSP00000298159 0 0 0 109 101 0 59 180 
9606.ENSP00000426503 9606.ENSP00000381717 0 0 0 62 442 900 484 969 
9606.ENSP00000426503 9606.ENSP00000354720 0 0 0 0 105 0 95 155 
9606.ENSP00000426503 9606.ENSP00000304697 0 0 0 52 262 900 56 925 
9606.ENSP00000426503 9606.ENSP00000348216 0 0 0 61 0 900 0 902 
9606.ENSP00000426503 9606.ENSP00000428646 0 0 0 0 0 900 0 900 
9606.ENSP00000426503 9606.ENSP00000264010 0 0 0 98 110 0 0 163 
9606.ENSP00000426503 9606.ENSP00000244537 0 0 0 49 125 0 142 223 
9606.ENSP00000426503 9606.ENSP00000392395 0 0 0 62 0 0 210 227 
9606.ENSP00000426503 9606.ENSP00000281623 0 0 0 0 0 900 56 901 
9606.ENSP00000426503 9606.ENSP00000353549 0 0 0 0 0 900 0 900 
9606.ENSP00000426503 9606.ENSP00000349687 0 0 0 0 0 0 200 200 
9606.ENSP00000426503 9606.ENSP00000453872 0 0 0 61 0 900 661 965 
9606.ENSP00000426503 9606.ENSP00000161863 0 0 0 63 0 0 342 357 
9606.ENSP00000426503 9606.ENSP00000261609 0 0 0 61 0 900 0 902 
9606.ENSP00000426503 9606.ENSP00000363668 0 0 0 63 79 0 501 532 
9606.ENSP00000426503 9606.ENSP00000343412 0 0 0 0 0 900 0 900 
9606.ENSP00000426503 9606.ENSP00000290759 0 0 0 0 156 0 0 156 
9606.ENSP00000426503 9606.ENSP00000317636 0 0 0 0 0 0 162 162 
9606.ENSP00000426503 9606.ENSP00000086933 0 0 0 0 454 0 144 512 
9606.ENSP00000426503 9606.ENSP00000346012 0 0 0 0 173 0 0 173 
9606.ENSP00000426503 9606.ENSP00000282369 0 0 0 61 0 900 93 907 
9606.ENSP00000426503 9606.ENSP00000328023 0 0 0 0 0 0 225 225 
9606.ENSP00000426503 9606.ENSP00000417686 0 0 0 172 0 0 0 172 
9606.ENSP00000426503 9606.ENSP00000452871 0 0 0 55 157 0 80 203 
9606.ENSP00000426503 9606.ENSP00000356243 0 0 0 62 210 0 328 459 
9606.ENSP00000426503 9606.ENSP00000379654 0 0 0 0 0 0 256 256 
9606.ENSP00000426503 9606.ENSP00000344504 0 0 0 49 0 0 168 174 
9606.ENSP00000426503 9606.ENSP00000442336 0 0 0 0 0 0 236 236 
9606.ENSP00000426503 9606.ENSP00000253039 0 0 0 0 0 0 198 198 
9606.ENSP00000426503 9606.ENSP00000311579 0 0 0 62 0 0 146 164 
9606.ENSP00000426503 9606.ENSP00000326804 0 0 0 64 0 900 210 919 
9606.ENSP00000426503 9606.ENSP00000479169 0 0 0 0 127 900 0 908 
9606.ENSP00000426503 9606.ENSP00000466542 0 0 0 55 157 0 80 203 
9606.ENSP00000426503 9606.ENSP00000444503 0 0 0 0 156 0 0 156 
9606.ENSP00000426503 9606.ENSP00000343001 0 0 0 61 0 0 136 154 
9606.ENSP00000426503 9606.ENSP00000314480 0 0 0 0 156 0 0 156 
9606.ENSP00000426503 9606.ENSP00000349596 0 2 0 61 81 0 116 170 
9606.ENSP00000426503 9606.ENSP00000302961 0 0 0 62 0 0 175 193 
9606.ENSP00000426503 9606.ENSP00000312987 0 0 0 0 379 0 0 379 
9606.ENSP00000426503 9606.ENSP00000277541 0 0 0 57 80 0 135 184 
9606.ENSP00000426503 9606.ENSP00000369531 0 0 0 62 194 0 50 219 
9606.ENSP00000426503 9606.ENSP00000394791 0 0 0 63 0 0 611 620 
9606.ENSP00000426503 9606.ENSP00000268712 0 0 0 0 0 0 297 297 
9606.ENSP00000426503 9606.ENSP00000408342 0 0 0 0 0 0 349 349 
9606.ENSP00000426503 9606.ENSP00000262367 0 0 0 0 0 0 150 150 
9606.ENSP00000426503 9606.ENSP00000479794 0 0 0 49 125 0 142 223 
9606.ENSP00000426503 9606.ENSP00000399259 0 0 0 0 0 0 158 158 
9606.ENSP00000426503 9606.ENSP00000395535 0 0 0 0 379 0 116 427 
9606.ENSP00000426503 9606.ENSP00000405330 0 0 0 0 400 0 164 477 
9606.ENSP00000426503 9606.ENSP00000288774 0 0 0 0 184 0 449 531 
9606.ENSP00000426503 9606.ENSP00000356475 0 0 0 0 0 0 286 286 
9606.ENSP00000426503 9606.ENSP00000355759 0 0 0 0 354 0 189 454 
9606.ENSP00000426503 9606.ENSP00000335153 0 0 0 58 84 0 145 197 
9606.ENSP00000426503 9606.ENSP00000275532 0 0 0 0 0 900 0 900 
9606.ENSP00000426503 9606.ENSP00000263228 0 0 0 0 164 900 95 917 
9606.ENSP00000426503 9606.ENSP00000479904 0 0 0 0 0 0 280 280 
9606.ENSP00000426503 9606.ENSP00000424198 0 0 0 62 0 900 63 904 
9606.ENSP00000426503 9606.ENSP00000260363 0 0 0 64 0 0 188 208 
9606.ENSP00000426503 9606.ENSP00000243644 0 0 0 52 110 0 93 167 
9606.ENSP00000426503 9606.ENSP00000476369 0 0 0 62 0 900 0 902 
9606.ENSP00000426503 9606.ENSP00000354201 0 0 0 60 164 900 161 925 
9606.ENSP00000426503 9606.ENSP00000368797 0 0 0 0 0 900 0 900 
9606.ENSP00000426503 9606.ENSP00000369373 0 0 0 61 0 0 141 158 
9606.ENSP00000426503 9606.ENSP00000367721 0 0 0 62 0 0 238 254 
9606.ENSP00000426503 9606.ENSP00000283131 0 0 0 63 0 0 131 151 
9606.ENSP00000426503 9606.ENSP00000355014 0 0 0 61 0 900 66 904 
9606.ENSP00000426503 9606.ENSP00000257749 0 0 0 0 0 0 539 539 
9606.ENSP00000426503 9606.ENSP00000358155 0 0 0 61 112 0 290 356 
9606.ENSP00000426503 9606.ENSP00000354621 0 0 0 50 0 900 0 900 
9606.ENSP00000426503 9606.ENSP00000478501 0 0 0 0 0 900 0 900 
9606.ENSP00000426503 9606.ENSP00000270225 0 0 0 0 0 0 655 655 
9606.ENSP00000426503 9606.ENSP00000378529 0 0 0 84 0 900 0 904 
9606.ENSP00000426503 9606.ENSP00000435370 0 0 0 52 262 0 88 306 
9606.ENSP00000426503 9606.ENSP00000336606 0 0 0 59 0 0 143 159 
9606.ENSP00000426503 9606.ENSP00000260947 0 0 0 0 0 900 443 941 
9606.ENSP00000426503 9606.ENSP00000386722 0 0 0 0 0 0 158 158 
9606.ENSP00000426503 9606.ENSP00000423897 0 0 0 62 0 900 0 902 
9606.ENSP00000426503 9606.ENSP00000361894 0 0 0 0 0 0 360 360 
9606.ENSP00000426503 9606.ENSP00000244769 0 0 0 0 313 0 171 406 
9606.ENSP00000426503 9606.ENSP00000365720 0 0 0 55 157 0 80 203 
9606.ENSP00000426503 9606.ENSP00000379721 0 0 0 0 0 0 182 182 
9606.ENSP00000426503 9606.ENSP00000357345 0 0 0 0 0 0 188 188 
9606.ENSP00000426503 9606.ENSP00000477792 0 0 0 58 0 900 0 901 
9606.ENSP00000426503 9606.ENSP00000318944 0 0 0 62 0 900 41 902 
9606.ENSP00000426503 9606.ENSP00000287647 0 0 0 61 0 0 434 446 
9606.ENSP00000426503 9606.ENSP00000346206 0 0 0 0 0 0 471 471 
9606.ENSP00000426503 9606.ENSP00000265056 0 0 0 61 0 0 145 163 
9606.ENSP00000426503 9606.ENSP00000311032 0 0 0 61 127 0 47 150 
9606.ENSP00000426503 9606.ENSP00000327994 0 3 0 61 0 900 0 902 
9606.ENSP00000426503 9606.ENSP00000358247 0 0 0 64 0 900 0 902 
9606.ENSP00000426503 9606.ENSP00000287437 0 0 0 0 0 0 705 705 
9606.ENSP00000426503 9606.ENSP00000357283 0 0 0 63 0 0 175 194 
9606.ENSP00000426503 9606.ENSP00000383710 0 0 0 0 0 0 295 295 
9606.ENSP00000426503 9606.ENSP00000262294 0 0 0 61 0 900 64 904 
9606.ENSP00000426503 9606.ENSP00000202967 0 0 0 0 0 0 218 218 
9606.ENSP00000426503 9606.ENSP00000400906 0 0 0 61 164 0 363 456 
9606.ENSP00000426503 9606.ENSP00000457703 0 0 0 62 194 0 50 219 
9606.ENSP00000426503 9606.ENSP00000358019 0 0 0 50 0 0 240 247 
9606.ENSP00000426503 9606.ENSP00000272317 0 0 0 52 194 900 47 917 
9606.ENSP00000426503 9606.ENSP00000352463 0 0 0 61 379 0 249 523 
9606.ENSP00000426503 9606.ENSP00000431482 0 0 0 52 194 0 0 203 
9606.ENSP00000426503 9606.ENSP00000399888 0 0 0 0 379 0 0 379 
9606.ENSP00000426503 9606.ENSP00000365838 0 0 0 0 156 0 0 156 
9606.ENSP00000426503 9606.ENSP00000354522 0 0 0 0 0 0 269 269 
9606.ENSP00000426503 9606.ENSP00000316032 0 0 0 61 0 0 410 422 
9606.ENSP00000426503 9606.ENSP00000362469 0 0 0 63 185 0 0 203 
9606.ENSP00000426503 9606.ENSP00000342105 0 0 0 0 0 0 213 213 
9606.ENSP00000426503 9606.ENSP00000255304 0 0 0 0 0 0 290 290 
9606.ENSP00000426503 9606.ENSP00000368856 0 0 0 61 0 0 135 153 
9606.ENSP00000426503 9606.ENSP00000354812 0 0 0 0 0 0 159 159 
9606.ENSP00000426503 9606.ENSP00000342755 0 0 0 0 0 900 70 903 
9606.ENSP00000426503 9606.ENSP00000342075 0 0 0 0 0 0 441 441 
9606.ENSP00000426503 9606.ENSP00000216225 0 0 0 0 0 900 253 922 
9606.ENSP00000426503 9606.ENSP00000359385 0 0 0 0 0 900 0 900 
9606.ENSP00000426503 9606.ENSP00000330221 0 0 0 0 0 900 0 900 
9606.ENSP00000426503 9606.ENSP00000343526 0 0 0 61 0 0 297 311 
9606.ENSP00000426503 9606.ENSP00000352216 0 0 0 63 185 0 0 203 
9606.ENSP00000426503 9606.ENSP00000372088 0 0 0 61 0 0 460 471 
9606.ENSP00000426503 9606.ENSP00000297504 0 0 0 0 0 0 151 151 
9606.ENSP00000426503 9606.ENSP00000303028 0 0 0 0 0 0 159 159 
9606.ENSP00000426503 9606.ENSP00000262394 0 0 0 63 0 900 0 902 
9606.ENSP00000426503 9606.ENSP00000359575 0 0 0 0 156 0 0 156 
9606.ENSP00000426503 9606.ENSP00000222033 0 0 0 0 0 0 806 806 
9606.ENSP00000426503 9606.ENSP00000425979 0 0 0 61 0 0 173 190 
9606.ENSP00000426503 9606.ENSP00000222402 0 0 0 62 407 900 64 940 
9606.ENSP00000426503 9606.ENSP00000336701 0 0 0 61 0 0 154 171 
9606.ENSP00000426503 9606.ENSP00000264122 0 0 0 0 0 900 111 907 
9606.ENSP00000426503 9606.ENSP00000426654 0 0 0 55 0 900 0 901 
9606.ENSP00000426503 9606.ENSP00000369774 0 0 0 52 110 0 88 163 
9606.ENSP00000426503 9606.ENSP00000295934 0 0 0 0 156 0 0 156 
9606.ENSP00000426503 9606.ENSP00000348838 0 0 0 63 164 900 125 922 
9606.ENSP00000426503 9606.ENSP00000300093 0 0 0 62 0 0 151 169 
9606.ENSP00000426503 9606.ENSP00000378624 0 0 0 62 0 900 0 902 
9606.ENSP00000426503 9606.ENSP00000464087 0 0 0 61 0 900 0 902 
9606.ENSP00000426503 9606.ENSP00000247977 0 0 0 64 0 900 125 910 
9606.ENSP00000426503 9606.ENSP00000265085 0 0 0 0 0 0 165 165 
9606.ENSP00000426503 9606.ENSP00000293805 0 0 0 52 110 0 116 189 
9606.ENSP00000426503 9606.ENSP00000328940 0 0 0 0 0 0 256 256 
9606.ENSP00000426503 9606.ENSP00000360613 0 0 0 61 401 900 261 952 
9606.ENSP00000426503 9606.ENSP00000312397 0 0 0 62 0 900 89 907 
9606.ENSP00000426503 9606.ENSP00000321927 0 0 0 64 0 900 0 902 
9606.ENSP00000426503 9606.ENSP00000323687 0 0 0 60 164 900 213 929 
9606.ENSP00000426503 9606.ENSP00000368100 0 0 0 0 0 900 0 900 
9606.ENSP00000426503 9606.ENSP00000257818 0 0 0 0 156 0 0 156 
9606.ENSP00000426503 9606.ENSP00000293414 0 0 0 0 0 900 0 900 
9606.ENSP00000426503 9606.ENSP00000428968 0 0 0 63 0 900 43 902 
9606.ENSP00000426503 9606.ENSP00000394394 0 0 0 0 0 900 0 900 
9606.ENSP00000426503 9606.ENSP00000355657 0 0 0 61 64 900 97 910 
9606.ENSP00000426503 9606.ENSP00000240185 0 0 0 0 313 0 55 323 
9606.ENSP00000426503 9606.ENSP00000477613 0 0 0 64 0 0 157 177 
9606.ENSP00000426503 9606.ENSP00000313454 0 0 0 0 0 900 219 918 
9606.ENSP00000426503 9606.ENSP00000349430 0 0 0 0 127 900 0 908 
9606.ENSP00000426503 9606.ENSP00000391249 0 0 0 64 0 0 139 159 
9606.ENSP00000426503 9606.ENSP00000294638 0 0 0 0 156 0 0 156 
9606.ENSP00000426503 9606.ENSP00000295851 0 0 0 0 0 0 247 247 
9606.ENSP00000426503 9606.ENSP00000470142 0 0 0 0 0 0 254 254 
9606.ENSP00000426503 9606.ENSP00000349961 0 0 0 63 105 0 77 158 
9606.ENSP00000426503 9606.ENSP00000299563 0 0 0 63 225 0 205 372 
9606.ENSP00000426503 9606.ENSP00000258499 0 0 0 61 0 0 186 202 
9606.ENSP00000426503 9606.ENSP00000330341 0 0 0 0 0 900 50 900 
9606.ENSP00000426503 9606.ENSP00000483825 0 0 0 61 108 0 205 275 
9606.ENSP00000426503 9606.ENSP00000386541 0 0 0 0 0 0 243 243 
9606.ENSP00000426503 9606.ENSP00000344855 0 0 0 64 0 900 0 902 
9606.ENSP00000426503 9606.ENSP00000370671 0 0 0 62 0 900 0 902 
9606.ENSP00000426503 9606.ENSP00000254719 0 0 0 0 379 0 250 514 
9606.ENSP00000426503 9606.ENSP00000340330 0 0 0 0 0 900 212 917 
9606.ENSP00000426503 9606.ENSP00000305651 0 0 0 0 0 0 173 173 
9606.ENSP00000426503 9606.ENSP00000347168 0 0 0 49 125 0 142 223 
9606.ENSP00000426503 9606.ENSP00000443191 0 0 0 62 0 900 0 902 
9606.ENSP00000426503 9606.ENSP00000322457 0 0 0 0 0 900 325 929 
9606.ENSP00000426503 9606.ENSP00000359045 0 0 0 0 0 0 158 158 
9606.ENSP00000426503 9606.ENSP00000217169 0 0 0 64 0 0 460 473 
9606.ENSP00000426503 9606.ENSP00000397453 0 0 0 55 407 900 359 959 
9606.ENSP00000426503 9606.ENSP00000259939 0 0 0 63 0 900 43 902 
9606.ENSP00000426503 9606.ENSP00000477829 0 0 0 0 156 0 0 156 
9606.ENSP00000426503 9606.ENSP00000438788 0 0 0 61 0 900 74 905 
9606.ENSP00000426503 9606.ENSP00000359206 0 0 0 0 0 900 0 900 
9606.ENSP00000426503 9606.ENSP00000373312 0 0 0 0 0 0 539 539 
9606.ENSP00000426503 9606.ENSP00000296161 0 0 0 61 0 900 81 906 
9606.ENSP00000426503 9606.ENSP00000315417 0 0 0 0 156 0 0 156 
9606.ENSP00000426503 9606.ENSP00000478121 0 0 0 0 0 900 89 905 
9606.ENSP00000426503 9606.ENSP00000303709 0 0 0 62 394 900 205 948 
9606.ENSP00000426503 9606.ENSP00000379258 0 0 0 52 110 0 211 276 
9606.ENSP00000426503 9606.ENSP00000369335 0 0 0 49 0 0 144 151 
9606.ENSP00000426503 9606.ENSP00000430237 0 0 0 61 0 900 62 904 
9606.ENSP00000426503 9606.ENSP00000379065 0 0 0 0 407 0 326 583 
9606.ENSP00000426503 9606.ENSP00000265981 0 0 0 0 0 0 198 198 
9606.ENSP00000426503 9606.ENSP00000360116 0 0 0 61 164 900 79 918 
9606.ENSP00000426503 9606.ENSP00000463650 0 0 0 61 0 900 122 910 
9606.ENSP00000426503 9606.ENSP00000215574 0 0 0 0 164 900 323 938 
9606.ENSP00000426503 9606.ENSP00000428209 0 0 0 61 0 900 464 945 
9606.ENSP00000426503 9606.ENSP00000381293 0 0 0 110 0 0 105 169 
9606.ENSP00000426503 9606.ENSP00000377633 0 0 0 0 0 0 412 412 
9606.ENSP00000426503 9606.ENSP00000324792 0 0 0 0 719 0 751 927 
9606.ENSP00000426503 9606.ENSP00000229179 0 0 0 79 0 0 668 681 
9606.ENSP00000426503 9606.ENSP00000354850 0 0 0 198 0 0 0 198 
9606.ENSP00000426503 9606.ENSP00000290649 0 0 0 62 0 0 138 156 
9606.ENSP00000426503 9606.ENSP00000481626 0 0 0 0 101 0 199 249 
9606.ENSP00000426503 9606.ENSP00000219235 0 0 0 0 0 0 173 173 
9606.ENSP00000426503 9606.ENSP00000320893 0 0 0 0 0 900 0 900 
9606.ENSP00000426503 9606.ENSP00000328059 0 0 0 61 0 900 73 905 
9606.ENSP00000426503 9606.ENSP00000363071 0 0 0 63 67 0 188 228 
9606.ENSP00000426503 9606.ENSP00000219782 0 0 0 52 110 0 626 656 
9606.ENSP00000426503 9606.ENSP00000404092 0 0 0 0 185 0 248 361 
9606.ENSP00000426503 9606.ENSP00000323879 0 0 0 0 0 900 59 901 
9606.ENSP00000426503 9606.ENSP00000385021 0 0 0 0 0 0 293 293 
9606.ENSP00000426503 9606.ENSP00000360966 0 0 0 63 185 0 0 203 
9606.ENSP00000426503 9606.ENSP00000441543 0 0 0 52 522 900 292 963 
9606.ENSP00000426503 9606.ENSP00000443017 0 0 0 49 125 0 142 223 
9606.ENSP00000426503 9606.ENSP00000359149 0 0 0 0 0 900 0 900 
9606.ENSP00000426503 9606.ENSP00000310686 0 0 0 62 0 900 0 902 
9606.ENSP00000426503 9606.ENSP00000336868 0 0 0 61 64 0 149 187 
9606.ENSP00000426503 9606.ENSP00000225941 0 0 0 0 0 0 221 221 
9606.ENSP00000426503 9606.ENSP00000408292 0 0 0 61 0 900 286 927 
9606.ENSP00000426503 9606.ENSP00000377262 0 0 0 55 442 0 53 457 
9606.ENSP00000426503 9606.ENSP00000292211 0 0 0 0 0 900 69 902 
9606.ENSP00000426503 9606.ENSP00000249636 0 0 0 61 0 0 716 722 
9606.ENSP00000426503 9606.ENSP00000338348 0 0 0 62 0 900 207 919 
9606.ENSP00000426503 9606.ENSP00000273480 0 0 0 0 0 900 161 912 
9606.ENSP00000426503 9606.ENSP00000415243 0 0 0 0 69 0 284 304 
9606.ENSP00000426503 9606.ENSP00000482313 0 0 0 55 0 0 226 237 
9606.ENSP00000426503 9606.ENSP00000328187 0 0 0 0 0 900 0 900 
9606.ENSP00000426503 9606.ENSP00000343023 0 0 0 61 0 0 445 456 
9606.ENSP00000426503 9606.ENSP00000360242 0 0 0 64 0 0 142 162 
9606.ENSP00000426503 9606.ENSP00000423390 0 0 0 0 0 0 218 218 
9606.ENSP00000426503 9606.ENSP00000262225 0 0 0 236 0 0 0 236 
9606.ENSP00000426503 9606.ENSP00000365851 0 0 0 0 0 0 242 242 
9606.ENSP00000426503 9606.ENSP00000404375 0 0 0 0 173 0 0 173 
9606.ENSP00000426503 9606.ENSP00000263253 0 0 0 0 0 0 197 197 
9606.ENSP00000426503 9606.ENSP00000444357 0 0 0 0 0 0 230 230 
9606.ENSP00000426503 9606.ENSP00000346437 0 0 0 0 0 900 76 903 
9606.ENSP00000426503 9606.ENSP00000335261 0 0 0 0 0 0 167 167 
9606.ENSP00000426503 9606.ENSP00000481486 0 0 0 49 125 0 142 223 
9606.ENSP00000426503 9606.ENSP00000244426 0 0 0 0 0 900 0 900 
9606.ENSP00000426503 9606.ENSP00000469863 0 0 0 0 0 0 213 213 
9606.ENSP00000426503 9606.ENSP00000371000 0 0 0 61 0 900 188 917 
9606.ENSP00000426503 9606.ENSP00000420465 0 0 0 61 0 900 0 902 
9606.ENSP00000426503 9606.ENSP00000295050 0 0 0 63 0 0 525 536 
9606.ENSP00000426503 9606.ENSP00000467423 0 0 0 0 0 0 160 160 
9606.ENSP00000426503 9606.ENSP00000373696 0 0 0 50 0 900 343 932 
9606.ENSP00000426503 9606.ENSP00000402527 0 0 0 62 0 0 665 672 
9606.ENSP00000426503 9606.ENSP00000393596 0 0 0 64 164 0 137 265 
9606.ENSP00000426503 9606.ENSP00000385216 0 0 0 0 379 0 50 384 
9606.ENSP00000426503 9606.ENSP00000217999 0 0 0 0 156 0 0 156 
9606.ENSP00000426503 9606.ENSP00000393154 0 0 0 0 0 900 0 900 
9606.ENSP00000426503 9606.ENSP00000347834 0 0 0 64 0 900 0 902 
9606.ENSP00000426503 9606.ENSP00000267291 0 0 0 0 0 0 212 212 
9606.ENSP00000426503 9606.ENSP00000363390 0 0 0 61 0 900 0 902 
9606.ENSP00000426503 9606.ENSP00000361540 0 0 0 84 0 900 116 911 
9606.ENSP00000426503 9606.ENSP00000278616 0 0 0 0 0 900 410 938 
9606.ENSP00000426503 9606.ENSP00000262315 0 0 0 55 0 0 138 151 
9606.ENSP00000426503 9606.ENSP00000258200 0 0 0 0 0 900 0 900 
9606.ENSP00000426503 9606.ENSP00000368970 0 0 0 63 0 0 137 156 
9606.ENSP00000426503 9606.ENSP00000485133 0 0 0 61 164 0 363 456 
9606.ENSP00000426503 9606.ENSP00000331614 0 0 0 52 135 0 146 239 
9606.ENSP00000426503 9606.ENSP00000423563 0 0 0 63 112 0 102 187 
9606.ENSP00000426503 9606.ENSP00000303427 0 0 0 63 0 0 171 190 
9606.ENSP00000426503 9606.ENSP00000471896 0 0 0 0 0 0 213 213 
9606.ENSP00000426503 9606.ENSP00000320508 0 0 0 0 149 0 180 272 
9606.ENSP00000426503 9606.ENSP00000480297 0 0 0 52 110 0 91 166 
9606.ENSP00000426503 9606.ENSP00000246548 0 0 0 63 0 0 544 555 
9606.ENSP00000426503 9606.ENSP00000290341 0 0 0 63 0 0 131 150 
9606.ENSP00000426503 9606.ENSP00000325863 0 0 0 64 0 900 0 902 
9606.ENSP00000426503 9606.ENSP00000442786 0 0 0 0 156 0 0 156 
9606.ENSP00000426503 9606.ENSP00000242776 0 0 0 0 177 0 0 177 
9606.ENSP00000426503 9606.ENSP00000256474 0 0 0 0 0 900 0 900 
9606.ENSP00000426503 9606.ENSP00000356357 0 0 0 0 156 0 0 156 
9606.ENSP00000426503 9606.ENSP00000376317 0 0 0 66 0 0 138 160 
9606.ENSP00000426503 9606.ENSP00000376035 0 0 0 52 110 0 93 167 
9606.ENSP00000426503 9606.ENSP00000288050 0 0 0 0 0 0 204 204 
9606.ENSP00000426503 9606.ENSP00000290399 0 0 0 0 0 0 330 330 
9606.ENSP00000426503 9606.ENSP00000329418 0 0 0 0 0 900 50 900 
9606.ENSP00000426503 9606.ENSP00000274026 0 0 0 62 0 0 152 170 
9606.ENSP00000426503 9606.ENSP00000013807 0 0 0 0 0 0 163 163 
9606.ENSP00000426503 9606.ENSP00000215812 0 0 0 62 0 0 150 168 
9606.ENSP00000426503 9606.ENSP00000328327 0 0 0 62 0 900 0 902 
9606.ENSP00000426503 9606.ENSP00000355637 0 0 0 0 0 0 151 151 
9606.ENSP00000426503 9606.ENSP00000264607 0 0 0 0 0 900 49 900 
9606.ENSP00000426503 9606.ENSP00000356480 0 0 0 63 0 0 401 414 
9606.ENSP00000426503 9606.ENSP00000355077 0 0 0 61 0 0 133 151 
9606.ENSP00000426503 9606.ENSP00000296438 0 0 0 0 0 900 0 900 
9606.ENSP00000426503 9606.ENSP00000372023 0 0 0 126 0 0 327 387 
9606.ENSP00000426503 9606.ENSP00000397655 0 0 0 0 0 900 0 900 
9606.ENSP00000426503 9606.ENSP00000480986 0 0 0 0 114 0 92 161 
9606.ENSP00000426503 9606.ENSP00000260983 0 0 0 50 0 900 0 900 
9606.ENSP00000426503 9606.ENSP00000358571 0 0 0 0 0 0 426 426 
9606.ENSP00000426503 9606.ENSP00000413625 0 0 0 0 0 0 158 158 
9606.ENSP00000426503 9606.ENSP00000261396 0 0 0 0 0 0 648 648 
9606.ENSP00000426503 9606.ENSP00000322915 0 0 0 0 0 0 228 228 
9606.ENSP00000426503 9606.ENSP00000348056 0 0 0 0 323 0 830 880 
9606.ENSP00000426503 9606.ENSP00000383199 0 0 0 50 0 900 212 918 
9606.ENSP00000426503 9606.ENSP00000322937 0 0 0 0 0 900 48 900 
9606.ENSP00000426503 9606.ENSP00000257570 0 0 0 52 262 0 0 270 
9606.ENSP00000426503 9606.ENSP00000376945 0 0 0 62 0 900 0 902 
9606.ENSP00000426503 9606.ENSP00000480960 0 0 0 49 125 0 142 223 
9606.ENSP00000426503 9606.ENSP00000274764 0 0 0 0 127 900 0 908 
9606.ENSP00000426503 9606.ENSP00000365576 0 0 0 62 213 0 124 297 
9606.ENSP00000426503 9606.ENSP00000355506 0 0 0 62 0 0 193 210 
9606.ENSP00000426503 9606.ENSP00000365844 0 3 0 61 0 900 98 907 
9606.ENSP00000426503 9606.ENSP00000351933 0 0 0 62 0 900 0 902 
9606.ENSP00000426503 9606.ENSP00000433352 0 0 0 0 0 900 0 900 
9606.ENSP00000426503 9606.ENSP00000264990 0 0 0 0 0 0 190 190 
9606.ENSP00000426503 9606.ENSP00000476795 0 0 0 62 0 900 0 902 
9606.ENSP00000426503 9606.ENSP00000264346 0 0 0 62 0 900 0 902 
9606.ENSP00000426503 9606.ENSP00000372351 0 0 0 64 0 900 0 902 
9606.ENSP00000426503 9606.ENSP00000473391 0 0 0 0 0 0 238 238 
9606.ENSP00000426503 9606.ENSP00000320898 0 0 0 63 0 900 543 953 
9606.ENSP00000426503 9606.ENSP00000348419 0 0 0 52 110 0 88 163 
9606.ENSP00000426503 9606.ENSP00000229239 0 0 0 0 0 0 175 175 
9606.ENSP00000426503 9606.ENSP00000258149 0 0 0 62 0 0 314 329 
9606.ENSP00000426503 9606.ENSP00000365944 0 0 0 0 0 900 58 901 
9606.ENSP00000426503 9606.ENSP00000403852 0 0 0 0 0 0 201 201 
9606.ENSP00000426503 9606.ENSP00000262306 0 0 0 0 0 900 75 903 
9606.ENSP00000426503 9606.ENSP00000351686 0 0 0 52 110 0 82 157 
9606.ENSP00000426503 9606.ENSP00000421842 0 0 0 0 0 900 45 900 
9606.ENSP00000426503 9606.ENSP00000382269 0 0 0 61 0 900 0 902 
9606.ENSP00000426503 9606.ENSP00000334813 0 0 0 0 156 0 0 156 
9606.ENSP00000426503 9606.ENSP00000328287 0 0 0 61 0 900 0 902 
9606.ENSP00000426503 9606.ENSP00000217173 0 0 0 61 0 900 51 903 
9606.ENSP00000426503 9606.ENSP00000329295 0 0 0 0 0 0 150 150 
9606.ENSP00000426503 9606.ENSP00000463201 0 0 0 0 449 0 0 449 
9606.ENSP00000426503 9606.ENSP00000295756 0 0 0 0 0 0 340 340 
9606.ENSP00000426503 9606.ENSP00000265433 0 0 0 63 0 900 0 902 
9606.ENSP00000426503 9606.ENSP00000360938 0 0 0 0 0 0 247 247 
9606.ENSP00000426503 9606.ENSP00000230658 0 0 0 0 156 0 0 156 
9606.ENSP00000426503 9606.ENSP00000320117 0 0 0 0 0 0 158 158 
9606.ENSP00000426503 9606.ENSP00000434614 0 0 0 87 0 900 97 910 
9606.ENSP00000426503 9606.ENSP00000338157 0 0 0 52 110 900 89 912 
9606.ENSP00000426503 9606.ENSP00000246112 0 0 0 55 157 0 80 203 
9606.ENSP00000426503 9606.ENSP00000258729 0 0 0 63 0 0 131 150 
9606.ENSP00000426503 9606.ENSP00000334044 0 0 0 52 262 0 0 270 
9606.ENSP00000426503 9606.ENSP00000263256 0 0 0 63 64 0 348 378 
9606.ENSP00000426503 9606.ENSP00000284142 0 0 0 0 0 900 0 900 
9606.ENSP00000426503 9606.ENSP00000258399 0 0 0 0 0 0 199 199 
9606.ENSP00000426503 9606.ENSP00000445359 0 0 0 50 0 0 540 544 
9606.ENSP00000426503 9606.ENSP00000352400 0 0 0 0 0 0 416 416 
9606.ENSP00000426503 9606.ENSP00000265148 0 0 0 62 0 0 190 207 
9606.ENSP00000426503 9606.ENSP00000209884 0 0 0 62 0 900 430 941 
9606.ENSP00000426503 9606.ENSP00000398516 0 0 0 61 0 0 378 391 
9606.ENSP00000426503 9606.ENSP00000366157 0 0 0 64 0 0 129 150 
9606.ENSP00000426503 9606.ENSP00000224862 0 0 0 64 0 900 0 902 
9606.ENSP00000426503 9606.ENSP00000401197 0 0 0 63 0 0 161 180 
9606.ENSP00000426503 9606.ENSP00000349957 0 0 0 0 0 900 164 912 
9606.ENSP00000426503 9606.ENSP00000379025 0 0 0 62 0 900 0 902 
9606.ENSP00000426503 9606.ENSP00000309565 0 0 0 0 0 0 222 222 
9606.ENSP00000426503 9606.ENSP00000336800 0 0 0 62 0 900 0 902 
9606.ENSP00000426503 9606.ENSP00000360441 0 0 0 0 177 0 0 177 
9606.ENSP00000426503 9606.ENSP00000260118 0 0 0 0 0 0 165 165 
9606.ENSP00000426503 9606.ENSP00000250495 0 0 0 52 194 0 418 516 
9606.ENSP00000426503 9606.ENSP00000218348 0 0 0 63 379 0 458 657 
9606.ENSP00000426503 9606.ENSP00000428698 0 0 0 63 0 900 43 902 
9606.ENSP00000426503 9606.ENSP00000393183 0 0 0 0 0 900 118 908 
9606.ENSP00000426503 9606.ENSP00000265339 0 0 0 61 401 900 326 957 
9606.ENSP00000426503 9606.ENSP00000386520 0 0 0 0 0 0 154 154 
9606.ENSP00000426503 9606.ENSP00000254436 0 2 0 61 0 900 116 909 
9606.ENSP00000426503 9606.ENSP00000426191 0 0 0 62 0 0 161 179 
9606.ENSP00000426503 9606.ENSP00000368215 0 0 0 0 294 0 111 345 
9606.ENSP00000426503 9606.ENSP00000405068 0 0 0 63 0 0 132 151 
9606.ENSP00000426503 9606.ENSP00000310841 0 0 0 0 0 900 0 900 
9606.ENSP00000426503 9606.ENSP00000299575 0 0 0 52 110 0 91 166 
9606.ENSP00000426503 9606.ENSP00000368799 0 0 0 0 0 900 0 900 
9606.ENSP00000426503 9606.ENSP00000359531 0 0 0 0 0 0 165 165 
9606.ENSP00000426503 9606.ENSP00000269373 0 0 0 62 0 0 366 380 
9606.ENSP00000426503 9606.ENSP00000356076 0 0 0 0 0 0 213 213 
9606.ENSP00000426503 9606.ENSP00000382976 0 0 0 61 0 0 132 150 
9606.ENSP00000426503 9606.ENSP00000388648 0 0 0 0 0 0 261 261 
9606.ENSP00000426503 9606.ENSP00000253457 0 0 0 0 0 0 206 206 
9606.ENSP00000426503 9606.ENSP00000358210 0 0 0 0 0 0 250 250 
9606.ENSP00000426503 9606.ENSP00000331172 0 0 0 0 0 0 627 627 
9606.ENSP00000426503 9606.ENSP00000438507 0 0 0 62 0 0 180 197 
9606.ENSP00000426503 9606.ENSP00000337353 0 0 0 0 0 0 288 288 
9606.ENSP00000426503 9606.ENSP00000262971 0 0 0 61 0 900 683 967 
9606.ENSP00000426503 9606.ENSP00000364403 0 0 0 0 0 900 64 902 
9606.ENSP00000426503 9606.ENSP00000477527 0 0 0 0 127 900 0 908 
9606.ENSP00000426503 9606.ENSP00000171111 0 0 0 62 0 900 138 912 
9606.ENSP00000426503 9606.ENSP00000325120 0 0 0 0 318 0 75 342 
9606.ENSP00000426503 9606.ENSP00000313171 0 0 0 61 0 0 306 320 
9606.ENSP00000426503 9606.ENSP00000357516 0 0 0 77 414 0 0 435 
9606.ENSP00000426503 9606.ENSP00000316176 0 0 0 62 458 900 541 973 
9606.ENSP00000426503 9606.ENSP00000249396 0 0 0 0 0 0 176 176 
9606.ENSP00000426503 9606.ENSP00000261593 0 0 0 62 0 900 357 934 
9606.ENSP00000426503 9606.ENSP00000453177 0 48 0 61 0 900 46 903 
9606.ENSP00000426503 9606.ENSP00000363391 0 0 0 0 0 0 163 163 
9606.ENSP00000426503 9606.ENSP00000371475 0 0 0 64 0 900 571 956 
9606.ENSP00000426503 9606.ENSP00000312634 0 0 0 0 0 0 165 165 
9606.ENSP00000426503 9606.ENSP00000377655 0 0 0 62 0 0 589 598 
9606.ENSP00000426503 9606.ENSP00000351777 0 0 0 62 0 0 344 358 
9606.ENSP00000426503 9606.ENSP00000343741 0 0 0 0 0 0 562 562 
9606.ENSP00000426503 9606.ENSP00000484855 0 0 0 160 0 0 58 174 
9606.ENSP00000426503 9606.ENSP00000385684 0 0 0 62 0 900 0 902 
9606.ENSP00000426503 9606.ENSP00000348769 0 0 0 61 0 900 212 919 
9606.ENSP00000426503 9606.ENSP00000237281 0 0 0 0 0 900 0 900 
9606.ENSP00000426503 9606.ENSP00000477776 0 0 0 0 0 0 167 167 
9606.ENSP00000426503 9606.ENSP00000384273 0 0 0 0 0 0 234 234 
9606.ENSP00000426503 9606.ENSP00000378350 0 0 0 0 0 900 0 900 
9606.ENSP00000426503 9606.ENSP00000327197 0 0 0 63 0 0 482 494 
9606.ENSP00000426503 9606.ENSP00000232165 0 0 0 62 0 900 358 934 
9606.ENSP00000426503 9606.ENSP00000219548 0 0 0 0 0 900 294 926 
9606.ENSP00000426503 9606.ENSP00000325017 0 0 0 0 0 0 167 167 
9606.ENSP00000426503 9606.ENSP00000264658 0 0 0 0 0 900 0 900 
9606.ENSP00000426503 9606.ENSP00000313420 0 0 0 0 0 0 266 266 
9606.ENSP00000426503 9606.ENSP00000365588 0 0 0 55 313 900 600 970 
9606.ENSP00000426503 9606.ENSP00000216911 0 0 0 63 144 0 114 227 
9606.ENSP00000426503 9606.ENSP00000423630 0 0 0 64 0 900 0 902 
9606.ENSP00000426503 9606.ENSP00000267938 0 0 0 0 0 900 123 908 
9606.ENSP00000426503 9606.ENSP00000440288 0 0 0 0 0 0 151 151 
9606.ENSP00000426503 9606.ENSP00000373952 0 0 0 61 379 0 281 544 
9606.ENSP00000426503 9606.ENSP00000320869 0 0 0 61 0 900 0 902 
9606.ENSP00000426503 9606.ENSP00000418960 0 0 0 0 0 900 473 945 
9606.ENSP00000426503 9606.ENSP00000313034 0 0 0 0 0 900 0 900 
9606.ENSP00000426503 9606.ENSP00000323889 0 0 0 61 0 0 166 183 
9606.ENSP00000426503 9606.ENSP00000363822 0 0 0 0 400 0 294 558 
9606.ENSP00000426503 9606.ENSP00000317039 0 0 0 62 0 0 235 252 
9606.ENSP00000426503 9606.ENSP00000457411 0 0 0 53 0 0 208 217 
9606.ENSP00000426503 9606.ENSP00000395654 0 0 0 66 0 0 167 188 
9606.ENSP00000426503 9606.ENSP00000256682 0 0 0 62 0 0 180 197 
9606.ENSP00000426503 9606.ENSP00000311778 0 0 0 61 0 0 180 197 
9606.ENSP00000426503 9606.ENSP00000264606 0 0 0 63 0 0 144 163 
9606.ENSP00000426503 9606.ENSP00000308405 0 0 0 64 88 0 109 172 
9606.ENSP00000426503 9606.ENSP00000274255 0 0 0 62 0 900 88 906 
9606.ENSP00000426503 9606.ENSP00000287156 0 0 0 61 210 900 241 936 
9606.ENSP00000426503 9606.ENSP00000212015 0 0 0 0 0 0 236 236 
9606.ENSP00000426503 9606.ENSP00000338413 0 0 0 0 68 900 449 944 
9606.ENSP00000426503 9606.ENSP00000296215 0 0 0 61 0 0 197 213 
9606.ENSP00000426503 9606.ENSP00000419457 0 0 0 0 156 0 0 156 
9606.ENSP00000426503 9606.ENSP00000390158 0 0 0 61 0 900 0 902 
9606.ENSP00000426503 9606.ENSP00000358283 0 0 0 0 0 900 0 900 
9606.ENSP00000426503 9606.ENSP00000296328 0 0 0 0 0 0 257 257 
9606.ENSP00000426503 9606.ENSP00000356426 0 0 0 0 294 0 88 328 
9606.ENSP00000426503 9606.ENSP00000361547 0 0 0 0 156 0 0 156 
9606.ENSP00000426503 9606.ENSP00000379310 0 0 0 63 0 0 139 159 
9606.ENSP00000426503 9606.ENSP00000441755 0 0 0 0 0 0 213 213 
9606.ENSP00000426503 9606.ENSP00000264414 0 0 0 64 0 900 326 931 
9606.ENSP00000426503 9606.ENSP00000341082 0 0 0 0 0 0 226 226 
9606.ENSP00000426503 9606.ENSP00000359221 0 0 0 0 0 0 242 242 
9606.ENSP00000426503 9606.ENSP00000299871 0 0 0 52 110 0 189 255 
9606.ENSP00000426503 9606.ENSP00000314029 0 0 0 63 0 0 508 519 
9606.ENSP00000426503 9606.ENSP00000298355 0 0 0 0 0 900 0 900 
9606.ENSP00000426503 9606.ENSP00000360455 0 0 0 0 156 0 0 156 
9606.ENSP00000426503 9606.ENSP00000311492 0 0 0 0 156 0 0 156 
9606.ENSP00000426503 9606.ENSP00000354340 0 0 0 62 0 900 69 905 
9606.ENSP00000426503 9606.ENSP00000302814 0 0 0 0 156 0 0 156 
9606.ENSP00000426503 9606.ENSP00000388107 0 0 0 0 635 900 156 966 
9606.ENSP00000426503 9606.ENSP00000284637 0 0 0 61 0 900 0 902 
9606.ENSP00000426503 9606.ENSP00000386788 0 0 0 62 394 900 140 944 
9606.ENSP00000426503 9606.ENSP00000479106 0 0 0 49 125 0 142 223 
9606.ENSP00000426503 9606.ENSP00000459615 0 0 0 0 0 0 200 200 
9606.ENSP00000426503 9606.ENSP00000367034 0 0 0 49 125 0 142 223 
9606.ENSP00000426503 9606.ENSP00000424827 0 0 0 50 0 900 74 904 
9606.ENSP00000426503 9606.ENSP00000292853 0 0 0 0 0 900 0 900 
9606.ENSP00000426503 9606.ENSP00000376337 0 0 0 0 0 900 0 900 
9606.ENSP00000426503 9606.ENSP00000276893 0 0 0 0 0 0 152 152 
9606.ENSP00000426503 9606.ENSP00000340329 0 0 0 260 0 0 0 260 
9606.ENSP00000426503 9606.ENSP00000450456 0 0 0 0 156 0 0 156 
9606.ENSP00000426503 9606.ENSP00000253024 0 0 0 61 379 0 266 534 
9606.ENSP00000426503 9606.ENSP00000479284 0 0 0 0 127 0 134 211 
9606.ENSP00000426503 9606.ENSP00000307491 0 0 0 61 0 0 288 303 
9606.ENSP00000426503 9606.ENSP00000344456 0 0 0 0 379 0 41 379 
9606.ENSP00000426503 9606.ENSP00000310448 0 0 0 54 225 0 89 273 
9606.ENSP00000426503 9606.ENSP00000318900 0 0 0 0 0 0 358 358 
9606.ENSP00000426503 9606.ENSP00000479618 0 0 0 0 379 0 297 544 
9606.ENSP00000426503 9606.ENSP00000334474 0 0 0 61 0 0 184 201 
9606.ENSP00000426503 9606.ENSP00000374213 0 0 0 0 0 0 168 168 
9606.ENSP00000426503 9606.ENSP00000262435 0 0 0 50 0 900 46 901 
9606.ENSP00000426503 9606.ENSP00000262903 0 0 0 62 0 900 57 903 
9606.ENSP00000426503 9606.ENSP00000355195 0 0 0 0 0 900 0 900 
9606.ENSP00000426503 9606.ENSP00000384537 0 0 0 0 0 0 167 167 
9606.ENSP00000426503 9606.ENSP00000435619 0 0 0 50 0 0 219 226 
9606.ENSP00000426503 9606.ENSP00000252244 0 0 0 0 0 0 204 204 
9606.ENSP00000426503 9606.ENSP00000478783 0 0 0 0 0 900 136 909 
9606.ENSP00000426503 9606.ENSP00000310842 0 0 0 0 0 0 529 529 
9606.ENSP00000426503 9606.ENSP00000364235 0 0 0 0 149 0 254 338 
9606.ENSP00000426503 9606.ENSP00000340596 0 0 0 50 0 900 0 900 
9606.ENSP00000426503 9606.ENSP00000306528 0 0 0 63 0 0 218 235 
9606.ENSP00000426503 9606.ENSP00000484789 0 0 0 49 125 0 142 223 
9606.ENSP00000426503 9606.ENSP00000419199 0 0 0 0 0 900 0 900 
9606.ENSP00000426503 9606.ENSP00000325018 0 0 0 52 110 0 87 162 
9606.ENSP00000426503 9606.ENSP00000362649 0 0 0 63 0 0 171 190 
9606.ENSP00000426503 9606.ENSP00000261366 0 0 0 63 0 0 132 151 
9606.ENSP00000426503 9606.ENSP00000229268 0 0 0 0 0 0 151 151 
9606.ENSP00000426503 9606.ENSP00000295704 0 0 0 0 0 900 320 929 
9606.ENSP00000426503 9606.ENSP00000362717 0 0 0 0 156 0 0 156 
9606.ENSP00000426503 9606.ENSP00000340226 0 0 0 0 156 0 0 156 
9606.ENSP00000426503 9606.ENSP00000384371 0 0 0 52 110 0 82 157 
9606.ENSP00000426503 9606.ENSP00000358762 0 0 0 0 0 900 0 900 
9606.ENSP00000426503 9606.ENSP00000354957 0 0 0 63 185 0 545 622 
9606.ENSP00000426503 9606.ENSP00000383044 0 0 0 0 0 0 205 205 
9606.ENSP00000426503 9606.ENSP00000428338 0 0 0 0 0 900 0 900 
9606.ENSP00000426503 9606.ENSP00000292363 0 0 0 61 0 900 105 908 
9606.ENSP00000426503 9606.ENSP00000386134 0 0 0 0 0 0 203 203 
9606.ENSP00000426503 9606.ENSP00000216714 0 0 0 63 379 0 127 447 
9606.ENSP00000426503 9606.ENSP00000366249 0 0 0 52 262 0 375 524 
9606.ENSP00000426503 9606.ENSP00000325290 0 0 0 0 0 0 246 246 
9606.ENSP00000426503 9606.ENSP00000482632 0 0 0 52 110 0 89 164 
9606.ENSP00000426503 9606.ENSP00000360821 0 0 0 0 0 900 0 900 
9606.ENSP00000426503 9606.ENSP00000355028 0 0 0 61 0 900 197 918 
9606.ENSP00000426503 9606.ENSP00000309198 0 0 0 58 0 900 116 909 
9606.ENSP00000426503 9606.ENSP00000387362 0 0 0 61 0 900 127 910 
9606.ENSP00000426503 9606.ENSP00000361473 0 0 0 0 0 0 171 171 
9606.ENSP00000426503 9606.ENSP00000464265 0 0 0 52 262 0 0 270 
9606.ENSP00000426503 9606.ENSP00000283195 0 0 0 0 0 0 491 491 
9606.ENSP00000426503 9606.ENSP00000348299 0 0 0 61 0 0 224 240 
9606.ENSP00000426503 9606.ENSP00000369857 0 0 0 0 0 900 174 913 
9606.ENSP00000426503 9606.ENSP00000366974 0 0 0 49 125 0 142 223 
9606.ENSP00000426503 9606.ENSP00000347836 0 0 0 62 72 900 92 910 
9606.ENSP00000426503 9606.ENSP00000313811 0 0 0 63 0 0 358 373 
9606.ENSP00000426503 9606.ENSP00000366886 0 0 0 62 0 900 0 902 
9606.ENSP00000426503 9606.ENSP00000333266 0 0 0 0 0 900 266 923 
9606.ENSP00000426503 9606.ENSP00000418268 0 0 0 64 0 0 223 241 
9606.ENSP00000426503 9606.ENSP00000463069 0 0 0 61 0 0 182 199 
9606.ENSP00000426503 9606.ENSP00000298288 0 0 0 0 0 900 48 900 
9606.ENSP00000426503 9606.ENSP00000479461 0 0 0 49 125 0 142 223 
9606.ENSP00000426503 9606.ENSP00000478290 0 0 0 0 0 0 167 167 
9606.ENSP00000426503 9606.ENSP00000314608 0 0 0 62 0 900 0 902 
9606.ENSP00000426503 9606.ENSP00000476960 0 0 0 61 64 0 289 320 
9606.ENSP00000426503 9606.ENSP00000386559 0 0 0 0 0 0 282 282 
9606.ENSP00000426503 9606.ENSP00000265990 0 0 0 64 0 0 728 734 
9606.ENSP00000426503 9606.ENSP00000391137 0 0 0 0 0 900 0 900 
9606.ENSP00000426503 9606.ENSP00000485663 0 0 0 165 0 0 0 165 
9606.ENSP00000426503 9606.ENSP00000307853 0 0 0 62 0 0 316 331 
9606.ENSP00000426503 9606.ENSP00000254066 0 0 0 0 74 0 421 440 
9606.ENSP00000426503 9606.ENSP00000253023 0 0 0 52 0 900 116 908 
9606.ENSP00000426503 9606.ENSP00000265773 0 0 0 66 0 0 134 156 
9606.ENSP00000426503 9606.ENSP00000482674 0 0 0 0 127 900 0 908 
9606.ENSP00000426503 9606.ENSP00000269397 0 0 0 0 0 0 347 347 
9606.ENSP00000426503 9606.ENSP00000301396 0 0 0 0 0 0 153 153 
9606.ENSP00000426503 9606.ENSP00000363019 0 0 0 62 458 900 553 974 
9606.ENSP00000426503 9606.ENSP00000309790 0 0 0 0 379 0 111 424 
9606.ENSP00000426503 9606.ENSP00000321388 0 0 0 0 0 900 0 900 
9606.ENSP00000426503 9606.ENSP00000400142 0 0 0 49 0 0 234 240 
9606.ENSP00000426503 9606.ENSP00000376258 0 0 0 0 0 900 83 904 
9606.ENSP00000426503 9606.ENSP00000269439 0 0 0 61 0 0 362 375 
9606.ENSP00000426503 9606.ENSP00000344866 0 0 0 0 0 900 0 900 
9606.ENSP00000426503 9606.ENSP00000268058 0 0 0 61 379 0 585 736 
9606.ENSP00000426503 9606.ENSP00000418734 0 0 0 0 0 0 156 156 
9606.ENSP00000426503 9606.ENSP00000347198 0 0 0 0 0 0 158 158 
9606.ENSP00000426503 9606.ENSP00000381298 0 0 0 63 0 900 42 902 
9606.ENSP00000426503 9606.ENSP00000225927 0 0 0 0 0 0 173 173 
9606.ENSP00000426503 9606.ENSP00000366434 0 0 0 0 0 900 584 956 
9606.ENSP00000426503 9606.ENSP00000280357 0 0 0 0 0 0 173 173 
9606.ENSP00000426503 9606.ENSP00000239461 0 0 0 0 157 0 55 169 
9606.ENSP00000426503 9606.ENSP00000321239 0 0 0 0 0 900 198 916 
9606.ENSP00000426503 9606.ENSP00000317721 0 0 0 0 0 0 345 345 
9606.ENSP00000426503 9606.ENSP00000370214 0 0 0 0 0 0 194 194 
9606.ENSP00000426503 9606.ENSP00000348632 0 0 0 63 0 900 92 907 
9606.ENSP00000426503 9606.ENSP00000366618 0 0 0 0 127 900 0 908 
9606.ENSP00000426503 9606.ENSP00000266087 0 0 0 0 0 900 0 900 
9606.ENSP00000426503 9606.ENSP00000353735 0 0 0 61 0 0 253 269 
9606.ENSP00000426503 9606.ENSP00000319501 0 0 0 0 0 0 167 167 
9606.ENSP00000426503 9606.ENSP00000266269 0 0 0 52 423 0 624 776 
9606.ENSP00000426503 9606.ENSP00000369716 0 0 0 61 0 0 177 194 
9606.ENSP00000426503 9606.ENSP00000349156 0 0 0 0 0 900 285 925 
9606.ENSP00000426503 9606.ENSP00000384823 0 0 0 84 0 900 46 904 
9606.ENSP00000426503 9606.ENSP00000276914 0 0 0 0 0 0 153 153 
9606.ENSP00000426503 9606.ENSP00000311290 0 0 0 0 177 0 0 177 
9606.ENSP00000426503 9606.ENSP00000362763 0 0 0 52 177 0 0 187 
9606.ENSP00000426503 9606.ENSP00000377854 0 0 0 0 156 0 0 156 
9606.ENSP00000426503 9606.ENSP00000363787 0 0 0 63 0 0 296 312 
9606.ENSP00000426503 9606.ENSP00000450527 0 0 0 0 156 0 0 156 
9606.ENSP00000426503 9606.ENSP00000347232 0 0 0 55 0 0 278 288 
9606.ENSP00000426503 9606.ENSP00000349929 0 0 0 188 0 0 0 188 
9606.ENSP00000426503 9606.ENSP00000378028 0 0 0 63 0 900 163 914 
9606.ENSP00000426503 9606.ENSP00000314004 0 0 0 62 0 900 0 902 
9606.ENSP00000426503 9606.ENSP00000256996 0 0 0 0 0 0 167 167 
9606.ENSP00000426503 9606.ENSP00000479617 0 0 0 0 225 0 187 342 
9606.ENSP00000426503 9606.ENSP00000271732 0 0 0 188 0 0 0 188 
9606.ENSP00000426503 9606.ENSP00000254942 0 0 0 0 294 0 0 294 
9606.ENSP00000426503 9606.ENSP00000284669 0 0 0 62 0 900 0 902 
9606.ENSP00000426503 9606.ENSP00000252542 0 0 0 0 0 0 226 226 
9606.ENSP00000426503 9606.ENSP00000362578 0 0 0 0 0 900 586 956 
9606.ENSP00000426503 9606.ENSP00000301712 0 0 0 80 0 900 0 904 
9606.ENSP00000426503 9606.ENSP00000287482 0 0 0 0 281 0 0 281 
9606.ENSP00000426503 9606.ENSP00000290650 0 0 0 0 0 900 230 919 
9606.ENSP00000426503 9606.ENSP00000337510 0 0 0 0 0 900 0 900 
9606.ENSP00000426503 9606.ENSP00000456340 0 0 0 63 0 900 0 902 
9606.ENSP00000426503 9606.ENSP00000444856 0 0 0 63 0 900 146 912 
9606.ENSP00000426503 9606.ENSP00000417914 0 0 0 0 0 900 0 900 
9606.ENSP00000426503 9606.ENSP00000292852 0 0 0 0 0 900 0 900 
9606.ENSP00000426503 9606.ENSP00000255189 0 0 0 0 0 0 204 204 
9606.ENSP00000426503 9606.ENSP00000429084 0 0 0 50 0 0 201 209 
9606.ENSP00000426503 9606.ENSP00000264552 0 0 0 0 164 900 273 933 
9606.ENSP00000426503 9606.ENSP00000216336 0 0 0 0 0 0 260 260 
9606.ENSP00000426503 9606.ENSP00000266505 0 0 0 0 0 0 259 259 
9606.ENSP00000426503 9606.ENSP00000366956 0 0 0 49 125 0 142 223 
9606.ENSP00000426503 9606.ENSP00000261427 0 0 0 82 196 900 325 943 
9606.ENSP00000426503 9606.ENSP00000221561 0 0 0 55 157 0 80 203 
9606.ENSP00000426503 9606.ENSP00000480158 0 0 0 0 0 0 160 160 
9606.ENSP00000426503 9606.ENSP00000451261 0 0 0 0 164 900 69 915 
9606.ENSP00000426503 9606.ENSP00000376611 0 0 0 63 379 0 326 573 
9606.ENSP00000426503 9606.ENSP00000365924 0 0 0 61 0 0 328 342 
9606.ENSP00000426503 9606.ENSP00000298139 0 0 0 55 0 0 306 316 
9606.ENSP00000426503 9606.ENSP00000379931 0 0 0 62 394 900 157 945 
9606.ENSP00000426503 9606.ENSP00000451974 0 0 0 61 0 0 243 259 
9606.ENSP00000426503 9606.ENSP00000380256 0 0 0 62 0 900 50 903 
9606.ENSP00000426503 9606.ENSP00000231487 0 0 0 49 0 900 248 922 
9606.ENSP00000426503 9606.ENSP00000330694 0 0 0 61 0 0 317 331 
9606.ENSP00000426503 9606.ENSP00000304226 0 0 0 0 0 0 398 398 
9606.ENSP00000426503 9606.ENSP00000323099 0 0 0 0 0 0 160 160 
9606.ENSP00000426503 9606.ENSP00000261721 0 0 0 76 100 900 0 909 
9606.ENSP00000426503 9606.ENSP00000262370 0 0 0 0 0 900 0 900 
9606.ENSP00000426503 9606.ENSP00000468424 0 0 0 61 0 0 226 242 
